0 0 0 0 1 0 0
-1.5708 -1.5708 0 1 4 0 0
-2.35619 -2.35619 0 2 2 0 2
-2.74889 -2.74889 0 3 0 0 0
-2.74889 -1.9635 0 3 0 0 0
-1.9635 -2.74889 0 3 0 0 0
-1.9635 -1.9635 0 3 0 0 0
-2.35619 -0.785398 0 2 3 0 2
-2.74889 -1.1781 0 3 0 0 0
-2.74889 -0.392699 0 3 0 0 0
-1.9635 -1.1781 0 3 0 0 0
-1.9635 -0.392699 0 3 0 0 0
-0.785398 -2.35619 0 2 4 0 0
-1.1781 -2.74889 0 3 2 0 2
-1.37445 -2.94524 0 4 0 0 0
-1.37445 -2.55254 0 4 0 0 0
-0.981748 -2.94524 0 4 0 0 0
-0.981748 -2.55254 0 4 0 0 0
-1.1781 -1.9635 0 3 3 0 2
-1.37445 -2.15984 0 4 0 0 0
-1.37445 -1.76715 0 4 0 0 0
-0.981748 -2.15984 0 4 0 0 0
-0.981748 -1.76715 0 4 0 0 0
-0.392699 -2.74889 0 3 4 0 0
-0.589049 -2.94524 0 4 2 0 2
-0.687223 -3.04342 0 5 0 0 0
-0.687223 -2.84707 0 5 0 0 0
-0.490874 -3.04342 0 5 0 0 0
-0.490874 -2.84707 0 5 0 0 0
-0.589049 -2.55254 0 4 3 0 2
-0.687223 -2.65072 0 5 0 0 0
-0.687223 -2.45437 0 5 0 0 0
-0.490874 -2.65072 0 5 0 0 0
-0.490874 -2.45437 0 5 0 0 0
-0.19635 -2.94524 0 4 4 0 0
-0.294524 -3.04342 0 5 2 0 2
-0.343612 -3.09251 0 6 0 0 0
-0.343612 -2.99433 0 6 0 0 0
-0.245437 -3.09251 0 6 0 0 0
-0.245437 -2.99433 0 6 0 0 0
-0.294524 -2.84707 0 5 3 0 2
-0.343612 -2.89616 0 6 0 0 0
-0.343612 -2.79798 0 6 0 0 0
-0.245437 -2.89616 0 6 0 0 0
-0.245437 -2.79798 0 6 0 0 0
-0.0981748 -3.04342 0 5 4 0 0
-0.147262 -3.09251 0 6 2 0 2
-0.171806 -3.11705 0 7 0 0 0
-0.171806 -3.06796 0 7 0 0 0
-0.122718 -3.11705 0 7 0 0 0
-0.122718 -3.06796 0 7 0 0 0
-0.147262 -2.99433 0 6 3 0 2
-0.171806 -3.01887 0 7 0 0 0
-0.171806 -2.96979 0 7 0 0 0
-0.122718 -3.01887 0 7 0 0 0
-0.122718 -2.96979 0 7 0 0 0
-0.0490874 -3.09251 0 6 4 0 0
-0.0736311 -3.11705 0 7 2 0 2
-0.0859029 -3.12932 0 8 0 0 0
-0.0859029 -3.10478 0 8 0 0 0
-0.0613592 -3.12932 0 8 0 0 0
-0.0613592 -3.10478 0 8 0 0 0
-0.0736311 -3.06796 0 7 3 0 2
-0.0859029 -3.08023 0 8 0 0 0
-0.0859029 -3.05569 0 8 0 0 0
-0.0613592 -3.08023 0 8 0 0 0
-0.0613592 -3.05569 0 8 0 0 0
-0.0245437 -3.11705 0 7 4 0 0
-0.0368155 -3.12932 0 8 0 0 2
-0.0368155 -3.10478 0 8 0 0 2
-0.0122718 -3.12932 0 8 0 0 2
-0.0122718 -3.10478 0 8 0 0 2
-0.0245437 -3.06796 0 7 6 0 0
-0.0368155 -3.08023 0 8 0 0 2
-0.0368155 -3.05569 0 8 0 0 2
-0.0122718 -3.08023 0 8 0 0 2
-0.0122718 -3.05569 0 8 0 0 2
-0.0490874 -2.99433 0 6 6 0 0
-0.0736311 -3.01887 0 7 3 0 2
-0.0859029 -3.03115 0 8 0 0 0
-0.0859029 -3.0066 0 8 0 0 0
-0.0613592 -3.03115 0 8 0 0 0
-0.0613592 -3.0066 0 8 0 0 0
-0.0736311 -2.96979 0 7 3 0 2
-0.0859029 -2.98206 0 8 0 0 0
-0.0859029 -2.95751 0 8 0 0 0
-0.0613592 -2.98206 0 8 0 0 0
-0.0613592 -2.95751 0 8 0 0 0
-0.0245437 -3.01887 0 7 6 0 0
-0.0368155 -3.03115 0 8 0 0 2
-0.0368155 -3.0066 0 8 0 0 2
-0.0122718 -3.03115 0 8 0 0 2
-0.0122718 -3.0066 0 8 0 0 2
-0.0245437 -2.96979 0 7 6 0 0
-0.0368155 -2.98206 0 8 0 0 2
-0.0368155 -2.95751 0 8 0 0 2
-0.0122718 -2.98206 0 8 0 0 2
-0.0122718 -2.95751 0 8 0 0 2
-0.0981748 -2.84707 0 5 6 0 0
-0.147262 -2.89616 0 6 3 0 2
-0.171806 -2.9207 0 7 0 0 0
-0.171806 -2.87161 0 7 0 0 0
-0.122718 -2.9207 0 7 0 0 0
-0.122718 -2.87161 0 7 0 0 0
-0.147262 -2.79798 0 6 3 0 2
-0.171806 -2.82252 0 7 0 0 0
-0.171806 -2.77344 0 7 0 0 0
-0.122718 -2.82252 0 7 0 0 0
-0.122718 -2.77344 0 7 0 0 0
-0.0490874 -2.89616 0 6 6 0 0
-0.0736311 -2.9207 0 7 3 0 2
-0.0859029 -2.93297 0 8 0 0 0
-0.0859029 -2.90843 0 8 0 0 0
-0.0613592 -2.93297 0 8 0 0 0
-0.0613592 -2.90843 0 8 0 0 0
-0.0736311 -2.87161 0 7 3 0 2
-0.0859029 -2.88388 0 8 0 0 0
-0.0859029 -2.85934 0 8 0 0 0
-0.0613592 -2.88388 0 8 0 0 0
-0.0613592 -2.85934 0 8 0 0 0
-0.0245437 -2.9207 0 7 6 0 0
-0.0368155 -2.93297 0 8 0 0 2
-0.0368155 -2.90843 0 8 0 0 2
-0.0122718 -2.93297 0 8 0 0 2
-0.0122718 -2.90843 0 8 0 0 2
-0.0245437 -2.87161 0 7 6 0 0
-0.0368155 -2.88388 0 8 0 0 2
-0.0368155 -2.85934 0 8 0 0 2
-0.0122718 -2.88388 0 8 0 0 2
-0.0122718 -2.85934 0 8 0 0 2
-0.0490874 -2.79798 0 6 6 0 0
-0.0736311 -2.82252 0 7 3 0 2
-0.0859029 -2.8348 0 8 0 0 0
-0.0859029 -2.81025 0 8 0 0 0
-0.0613592 -2.8348 0 8 0 0 0
-0.0613592 -2.81025 0 8 0 0 0
-0.0736311 -2.77344 0 7 3 0 2
-0.0859029 -2.78571 0 8 0 0 0
-0.0859029 -2.76117 0 8 0 0 0
-0.0613592 -2.78571 0 8 0 0 0
-0.0613592 -2.76117 0 8 0 0 0
-0.0245437 -2.82252 0 7 6 0 0
-0.0368155 -2.8348 0 8 0 0 2
-0.0368155 -2.81025 0 8 0 0 2
-0.0122718 -2.8348 0 8 0 0 2
-0.0122718 -2.81025 0 8 0 0 2
-0.0245437 -2.77344 0 7 6 0 0
-0.0368155 -2.78571 0 8 0 0 2
-0.0368155 -2.76117 0 8 0 0 2
-0.0122718 -2.78571 0 8 0 0 2
-0.0122718 -2.76117 0 8 0 0 2
-0.19635 -2.55254 0 4 6 0 0
-0.294524 -2.65072 0 5 3 0 2
-0.343612 -2.69981 0 6 0 0 0
-0.343612 -2.60163 0 6 0 0 0
-0.245437 -2.69981 0 6 0 0 0
-0.245437 -2.60163 0 6 0 0 0
-0.294524 -2.45437 0 5 3 0 2
-0.343612 -2.50346 0 6 0 0 0
-0.343612 -2.40528 0 6 0 0 0
-0.245437 -2.50346 0 6 0 0 0
-0.245437 -2.40528 0 6 0 0 0
-0.0981748 -2.65072 0 5 6 0 0
-0.147262 -2.69981 0 6 3 0 2
-0.171806 -2.72435 0 7 0 0 0
-0.171806 -2.67526 0 7 0 0 0
-0.122718 -2.72435 0 7 0 0 0
-0.122718 -2.67526 0 7 0 0 0
-0.147262 -2.60163 0 6 3 0 2
-0.171806 -2.62618 0 7 0 0 0
-0.171806 -2.57709 0 7 0 0 0
-0.122718 -2.62618 0 7 0 0 0
-0.122718 -2.57709 0 7 0 0 0
-0.0490874 -2.69981 0 6 6 0 0
-0.0736311 -2.72435 0 7 3 0 2
-0.0859029 -2.73662 0 8 0 0 0
-0.0859029 -2.71208 0 8 0 0 0
-0.0613592 -2.73662 0 8 0 0 0
-0.0613592 -2.71208 0 8 0 0 0
-0.0736311 -2.67526 0 7 3 0 2
-0.0859029 -2.68753 0 8 0 0 0
-0.0859029 -2.66299 0 8 0 0 0
-0.0613592 -2.68753 0 8 0 0 0
-0.0613592 -2.66299 0 8 0 0 0
-0.0245437 -2.72435 0 7 6 0 0
-0.0368155 -2.73662 0 8 0 0 2
-0.0368155 -2.71208 0 8 0 0 2
-0.0122718 -2.73662 0 8 0 0 2
-0.0122718 -2.71208 0 8 0 0 2
-0.0245437 -2.67526 0 7 6 0 0
-0.0368155 -2.68753 0 8 0 0 2
-0.0368155 -2.66299 0 8 0 0 2
-0.0122718 -2.68753 0 8 0 0 2
-0.0122718 -2.66299 0 8 0 0 2
-0.0490874 -2.60163 0 6 6 0 0
-0.0736311 -2.62618 0 7 3 0 2
-0.0859029 -2.63845 0 8 0 0 0
-0.0859029 -2.6139 0 8 0 0 0
-0.0613592 -2.63845 0 8 0 0 0
-0.0613592 -2.6139 0 8 0 0 0
-0.0736311 -2.57709 0 7 3 0 2
-0.0859029 -2.58936 0 8 0 0 0
-0.0859029 -2.56482 0 8 0 0 0
-0.0613592 -2.58936 0 8 0 0 0
-0.0613592 -2.56482 0 8 0 0 0
-0.0245437 -2.62618 0 7 6 0 0
-0.0368155 -2.63845 0 8 0 0 2
-0.0368155 -2.6139 0 8 0 0 2
-0.0122718 -2.63845 0 8 0 0 2
-0.0122718 -2.6139 0 8 0 0 2
-0.0245437 -2.57709 0 7 6 0 0
-0.0368155 -2.58936 0 8 0 0 2
-0.0368155 -2.56482 0 8 0 0 2
-0.0122718 -2.58936 0 8 0 0 2
-0.0122718 -2.56482 0 8 0 0 2
-0.0981748 -2.45437 0 5 6 0 0
-0.147262 -2.50346 0 6 3 0 2
-0.171806 -2.528 0 7 0 0 0
-0.171806 -2.47891 0 7 0 0 0
-0.122718 -2.528 0 7 0 0 0
-0.122718 -2.47891 0 7 0 0 0
-0.147262 -2.40528 0 6 3 0 2
-0.171806 -2.42983 0 7 0 0 0
-0.171806 -2.38074 0 7 0 0 0
-0.122718 -2.42983 0 7 0 0 0
-0.122718 -2.38074 0 7 0 0 0
-0.0490874 -2.50346 0 6 6 0 0
-0.0736311 -2.528 0 7 3 0 2
-0.0859029 -2.54027 0 8 0 0 0
-0.0859029 -2.51573 0 8 0 0 0
-0.0613592 -2.54027 0 8 0 0 0
-0.0613592 -2.51573 0 8 0 0 0
-0.0736311 -2.47891 0 7 3 0 2
-0.0859029 -2.49118 0 8 0 0 0
-0.0859029 -2.46664 0 8 0 0 0
-0.0613592 -2.49118 0 8 0 0 0
-0.0613592 -2.46664 0 8 0 0 0
-0.0245437 -2.528 0 7 6 0 0
-0.0368155 -2.54027 0 8 0 0 2
-0.0368155 -2.51573 0 8 0 0 2
-0.0122718 -2.54027 0 8 0 0 2
-0.0122718 -2.51573 0 8 0 0 2
-0.0245437 -2.47891 0 7 6 0 0
-0.0368155 -2.49118 0 8 0 0 2
-0.0368155 -2.46664 0 8 0 0 2
-0.0122718 -2.49118 0 8 0 0 2
-0.0122718 -2.46664 0 8 0 0 2
-0.0490874 -2.40528 0 6 6 0 0
-0.0736311 -2.42983 0 7 3 0 2
-0.0859029 -2.4421 0 8 0 0 0
-0.0859029 -2.41755 0 8 0 0 0
-0.0613592 -2.4421 0 8 0 0 0
-0.0613592 -2.41755 0 8 0 0 0
-0.0736311 -2.38074 0 7 3 0 2
-0.0859029 -2.39301 0 8 0 0 0
-0.0859029 -2.36847 0 8 0 0 0
-0.0613592 -2.39301 0 8 0 0 0
-0.0613592 -2.36847 0 8 0 0 0
-0.0245437 -2.42983 0 7 6 0 0
-0.0368155 -2.4421 0 8 0 0 2
-0.0368155 -2.41755 0 8 0 0 2
-0.0122718 -2.4421 0 8 0 0 2
-0.0122718 -2.41755 0 8 0 0 2
-0.0245437 -2.38074 0 7 6 0 0
-0.0368155 -2.39301 0 8 0 0 2
-0.0368155 -2.36847 0 8 0 0 2
-0.0122718 -2.39301 0 8 0 0 2
-0.0122718 -2.36847 0 8 0 0 2
-0.392699 -1.9635 0 3 6 0 0
-0.589049 -2.15984 0 4 3 0 2
-0.687223 -2.25802 0 5 0 0 0
-0.687223 -2.06167 0 5 0 0 0
-0.490874 -2.25802 0 5 0 0 0
-0.490874 -2.06167 0 5 0 0 0
-0.589049 -1.76715 0 4 3 0 2
-0.687223 -1.86532 0 5 0 0 0
-0.687223 -1.66897 0 5 0 0 0
-0.490874 -1.86532 0 5 0 0 0
-0.490874 -1.66897 0 5 0 0 0
-0.19635 -2.15984 0 4 6 0 0
-0.294524 -2.25802 0 5 3 0 2
-0.343612 -2.30711 0 6 0 0 0
-0.343612 -2.20893 0 6 0 0 0
-0.245437 -2.30711 0 6 0 0 0
-0.245437 -2.20893 0 6 0 0 0
-0.294524 -2.06167 0 5 3 0 2
-0.343612 -2.11076 0 6 0 0 0
-0.343612 -2.01258 0 6 0 0 0
-0.245437 -2.11076 0 6 0 0 0
-0.245437 -2.01258 0 6 0 0 0
-0.0981748 -2.25802 0 5 6 0 0
-0.147262 -2.30711 0 6 3 0 2
-0.171806 -2.33165 0 7 0 0 0
-0.171806 -2.28256 0 7 0 0 0
-0.122718 -2.33165 0 7 0 0 0
-0.122718 -2.28256 0 7 0 0 0
-0.147262 -2.20893 0 6 3 0 2
-0.171806 -2.23348 0 7 0 0 0
-0.171806 -2.18439 0 7 0 0 0
-0.122718 -2.23348 0 7 0 0 0
-0.122718 -2.18439 0 7 0 0 0
-0.0490874 -2.30711 0 6 6 0 0
-0.0736311 -2.33165 0 7 3 0 2
-0.0859029 -2.34392 0 8 0 0 0
-0.0859029 -2.31938 0 8 0 0 0
-0.0613592 -2.34392 0 8 0 0 0
-0.0613592 -2.31938 0 8 0 0 0
-0.0736311 -2.28256 0 7 3 0 2
-0.0859029 -2.29484 0 8 0 0 0
-0.0859029 -2.27029 0 8 0 0 0
-0.0613592 -2.29484 0 8 0 0 0
-0.0613592 -2.27029 0 8 0 0 0
-0.0245437 -2.33165 0 7 6 0 0
-0.0368155 -2.34392 0 8 0 0 2
-0.0368155 -2.31938 0 8 0 0 2
-0.0122718 -2.34392 0 8 0 0 2
-0.0122718 -2.31938 0 8 0 0 2
-0.0245437 -2.28256 0 7 6 0 0
-0.0368155 -2.29484 0 8 0 0 2
-0.0368155 -2.27029 0 8 0 0 2
-0.0122718 -2.29484 0 8 0 0 2
-0.0122718 -2.27029 0 8 0 0 2
-0.0490874 -2.20893 0 6 6 0 0
-0.0736311 -2.23348 0 7 3 0 2
-0.0859029 -2.24575 0 8 0 0 0
-0.0859029 -2.2212 0 8 0 0 0
-0.0613592 -2.24575 0 8 0 0 0
-0.0613592 -2.2212 0 8 0 0 0
-0.0736311 -2.18439 0 7 3 0 2
-0.0859029 -2.19666 0 8 0 0 0
-0.0859029 -2.17212 0 8 0 0 0
-0.0613592 -2.19666 0 8 0 0 0
-0.0613592 -2.17212 0 8 0 0 0
-0.0245437 -2.23348 0 7 6 0 0
-0.0368155 -2.24575 0 8 0 0 2
-0.0368155 -2.2212 0 8 0 0 2
-0.0122718 -2.24575 0 8 0 0 2
-0.0122718 -2.2212 0 8 0 0 2
-0.0245437 -2.18439 0 7 6 0 0
-0.0368155 -2.19666 0 8 0 0 2
-0.0368155 -2.17212 0 8 0 0 2
-0.0122718 -2.19666 0 8 0 0 2
-0.0122718 -2.17212 0 8 0 0 2
-0.0981748 -2.06167 0 5 6 0 0
-0.147262 -2.11076 0 6 3 0 2
-0.171806 -2.1353 0 7 0 0 0
-0.171806 -2.08621 0 7 0 0 0
-0.122718 -2.1353 0 7 0 0 0
-0.122718 -2.08621 0 7 0 0 0
-0.147262 -2.01258 0 6 3 0 2
-0.171806 -2.03713 0 7 0 0 0
-0.171806 -1.98804 0 7 0 0 0
-0.122718 -2.03713 0 7 0 0 0
-0.122718 -1.98804 0 7 0 0 0
-0.0490874 -2.11076 0 6 6 0 0
-0.0736311 -2.1353 0 7 3 0 2
-0.0859029 -2.14757 0 8 0 0 0
-0.0859029 -2.12303 0 8 0 0 0
-0.0613592 -2.14757 0 8 0 0 0
-0.0613592 -2.12303 0 8 0 0 0
-0.0736311 -2.08621 0 7 3 0 2
-0.0859029 -2.09849 0 8 0 0 0
-0.0859029 -2.07394 0 8 0 0 0
-0.0613592 -2.09849 0 8 0 0 0
-0.0613592 -2.07394 0 8 0 0 0
-0.0245437 -2.1353 0 7 6 0 0
-0.0368155 -2.14757 0 8 0 0 2
-0.0368155 -2.12303 0 8 0 0 2
-0.0122718 -2.14757 0 8 0 0 2
-0.0122718 -2.12303 0 8 0 0 2
-0.0245437 -2.08621 0 7 6 0 0
-0.0368155 -2.09849 0 8 0 0 2
-0.0368155 -2.07394 0 8 0 0 2
-0.0122718 -2.09849 0 8 0 0 2
-0.0122718 -2.07394 0 8 0 0 2
-0.0490874 -2.01258 0 6 6 0 0
-0.0736311 -2.03713 0 7 3 0 2
-0.0859029 -2.0494 0 8 0 0 0
-0.0859029 -2.02485 0 8 0 0 0
-0.0613592 -2.0494 0 8 0 0 0
-0.0613592 -2.02485 0 8 0 0 0
-0.0736311 -1.98804 0 7 3 0 2
-0.0859029 -2.00031 0 8 0 0 0
-0.0859029 -1.97577 0 8 0 0 0
-0.0613592 -2.00031 0 8 0 0 0
-0.0613592 -1.97577 0 8 0 0 0
-0.0245437 -2.03713 0 7 6 0 0
-0.0368155 -2.0494 0 8 0 0 2
-0.0368155 -2.02485 0 8 0 0 2
-0.0122718 -2.0494 0 8 0 0 2
-0.0122718 -2.02485 0 8 0 0 2
-0.0245437 -1.98804 0 7 6 0 0
-0.0368155 -2.00031 0 8 0 0 2
-0.0368155 -1.97577 0 8 0 0 2
-0.0122718 -2.00031 0 8 0 0 2
-0.0122718 -1.97577 0 8 0 0 2
-0.19635 -1.76715 0 4 6 0 0
-0.294524 -1.86532 0 5 3 0 2
-0.343612 -1.91441 0 6 0 0 0
-0.343612 -1.81623 0 6 0 0 0
-0.245437 -1.91441 0 6 0 0 0
-0.245437 -1.81623 0 6 0 0 0
-0.294524 -1.66897 0 5 3 0 2
-0.343612 -1.71806 0 6 0 0 0
-0.343612 -1.61988 0 6 0 0 0
-0.245437 -1.71806 0 6 0 0 0
-0.245437 -1.61988 0 6 0 0 0
-0.0981748 -1.86532 0 5 6 0 0
-0.147262 -1.91441 0 6 3 0 2
-0.171806 -1.93895 0 7 0 0 0
-0.171806 -1.88986 0 7 0 0 0
-0.122718 -1.93895 0 7 0 0 0
-0.122718 -1.88986 0 7 0 0 0
-0.147262 -1.81623 0 6 3 0 2
-0.171806 -1.84078 0 7 0 0 0
-0.171806 -1.79169 0 7 0 0 0
-0.122718 -1.84078 0 7 0 0 0
-0.122718 -1.79169 0 7 0 0 0
-0.0490874 -1.91441 0 6 6 0 0
-0.0736311 -1.93895 0 7 3 0 2
-0.0859029 -1.95122 0 8 0 0 0
-0.0859029 -1.92668 0 8 0 0 0
-0.0613592 -1.95122 0 8 0 0 0
-0.0613592 -1.92668 0 8 0 0 0
-0.0736311 -1.88986 0 7 3 0 2
-0.0859029 -1.90214 0 8 0 0 0
-0.0859029 -1.87759 0 8 0 0 0
-0.0613592 -1.90214 0 8 0 0 0
-0.0613592 -1.87759 0 8 0 0 0
-0.0245437 -1.93895 0 7 6 0 0
-0.0368155 -1.95122 0 8 0 0 2
-0.0368155 -1.92668 0 8 0 0 2
-0.0122718 -1.95122 0 8 0 0 2
-0.0122718 -1.92668 0 8 0 0 2
-0.0245437 -1.88986 0 7 6 0 0
-0.0368155 -1.90214 0 8 0 0 2
-0.0368155 -1.87759 0 8 0 0 2
-0.0122718 -1.90214 0 8 0 0 2
-0.0122718 -1.87759 0 8 0 0 2
-0.0490874 -1.81623 0 6 6 0 0
-0.0736311 -1.84078 0 7 3 0 2
-0.0859029 -1.85305 0 8 0 0 0
-0.0859029 -1.82851 0 8 0 0 0
-0.0613592 -1.85305 0 8 0 0 0
-0.0613592 -1.82851 0 8 0 0 0
-0.0736311 -1.79169 0 7 3 0 2
-0.0859029 -1.80396 0 8 0 0 0
-0.0859029 -1.77942 0 8 0 0 0
-0.0613592 -1.80396 0 8 0 0 0
-0.0613592 -1.77942 0 8 0 0 0
-0.0245437 -1.84078 0 7 6 0 0
-0.0368155 -1.85305 0 8 0 0 2
-0.0368155 -1.82851 0 8 0 0 2
-0.0122718 -1.85305 0 8 0 0 2
-0.0122718 -1.82851 0 8 0 0 2
-0.0245437 -1.79169 0 7 6 0 0
-0.0368155 -1.80396 0 8 0 0 2
-0.0368155 -1.77942 0 8 0 0 2
-0.0122718 -1.80396 0 8 0 0 2
-0.0122718 -1.77942 0 8 0 0 2
-0.0981748 -1.66897 0 5 6 0 0
-0.147262 -1.71806 0 6 3 0 2
-0.171806 -1.7426 0 7 0 0 0
-0.171806 -1.69351 0 7 0 0 0
-0.122718 -1.7426 0 7 0 0 0
-0.122718 -1.69351 0 7 0 0 0
-0.147262 -1.61988 0 6 3 0 2
-0.171806 -1.64443 0 7 0 0 0
-0.171806 -1.59534 0 7 0 0 0
-0.122718 -1.64443 0 7 0 0 0
-0.122718 -1.59534 0 7 0 0 0
-0.0490874 -1.71806 0 6 6 0 0
-0.0736311 -1.7426 0 7 3 0 2
-0.0859029 -1.75487 0 8 0 0 0
-0.0859029 -1.73033 0 8 0 0 0
-0.0613592 -1.75487 0 8 0 0 0
-0.0613592 -1.73033 0 8 0 0 0
-0.0736311 -1.69351 0 7 3 0 2
-0.0859029 -1.70579 0 8 0 0 0
-0.0859029 -1.68124 0 8 0 0 0
-0.0613592 -1.70579 0 8 0 0 0
-0.0613592 -1.68124 0 8 0 0 0
-0.0245437 -1.7426 0 7 6 0 0
-0.0368155 -1.75487 0 8 0 0 2
-0.0368155 -1.73033 0 8 0 0 2
-0.0122718 -1.75487 0 8 0 0 2
-0.0122718 -1.73033 0 8 0 0 2
-0.0245437 -1.69351 0 7 6 0 0
-0.0368155 -1.70579 0 8 0 0 2
-0.0368155 -1.68124 0 8 0 0 2
-0.0122718 -1.70579 0 8 0 0 2
-0.0122718 -1.68124 0 8 0 0 2
-0.0490874 -1.61988 0 6 6 0 0
-0.0736311 -1.64443 0 7 3 0 2
-0.0859029 -1.6567 0 8 0 0 0
-0.0859029 -1.63216 0 8 0 0 0
-0.0613592 -1.6567 0 8 0 0 0
-0.0613592 -1.63216 0 8 0 0 0
-0.0736311 -1.59534 0 7 3 0 2
-0.0859029 -1.60761 0 8 0 0 0
-0.0859029 -1.58307 0 8 0 0 0
-0.0613592 -1.60761 0 8 0 0 0
-0.0613592 -1.58307 0 8 0 0 0
-0.0245437 -1.64443 0 7 6 0 0
-0.0368155 -1.6567 0 8 0 0 2
-0.0368155 -1.63216 0 8 0 0 2
-0.0122718 -1.6567 0 8 0 0 2
-0.0122718 -1.63216 0 8 0 0 2
-0.0245437 -1.59534 0 7 6 0 0
-0.0368155 -1.60761 0 8 0 0 2
-0.0368155 -1.58307 0 8 0 0 2
-0.0122718 -1.60761 0 8 0 0 2
-0.0122718 -1.58307 0 8 0 0 2
-0.785398 -0.785398 0 2 6 0 0
-1.1781 -1.1781 0 3 3 0 2
-1.37445 -1.37445 0 4 0 0 0
-1.37445 -0.981748 0 4 0 0 0
-0.981748 -1.37445 0 4 0 0 0
-0.981748 -0.981748 0 4 0 0 0
-1.1781 -0.392699 0 3 3 0 2
-1.37445 -0.589049 0 4 0 0 0
-1.37445 -0.19635 0 4 0 0 0
-0.981748 -0.589049 0 4 0 0 0
-0.981748 -0.19635 0 4 0 0 0
-0.392699 -1.1781 0 3 6 0 0
-0.589049 -1.37445 0 4 3 0 2
-0.687223 -1.47262 0 5 0 0 0
-0.687223 -1.27627 0 5 0 0 0
-0.490874 -1.47262 0 5 0 0 0
-0.490874 -1.27627 0 5 0 0 0
-0.589049 -0.981748 0 4 3 0 2
-0.687223 -1.07992 0 5 0 0 0
-0.687223 -0.883573 0 5 0 0 0
-0.490874 -1.07992 0 5 0 0 0
-0.490874 -0.883573 0 5 0 0 0
-0.19635 -1.37445 0 4 6 0 0
-0.294524 -1.47262 0 5 3 0 2
-0.343612 -1.52171 0 6 0 0 0
-0.343612 -1.42353 0 6 0 0 0
-0.245437 -1.52171 0 6 0 0 0
-0.245437 -1.42353 0 6 0 0 0
-0.294524 -1.27627 0 5 3 0 2
-0.343612 -1.32536 0 6 0 0 0
-0.343612 -1.22718 0 6 0 0 0
-0.245437 -1.32536 0 6 0 0 0
-0.245437 -1.22718 0 6 0 0 0
-0.0981748 -1.47262 0 5 6 0 0
-0.147262 -1.52171 0 6 3 0 2
-0.171806 -1.54625 0 7 0 0 0
-0.171806 -1.49717 0 7 0 0 0
-0.122718 -1.54625 0 7 0 0 0
-0.122718 -1.49717 0 7 0 0 0
-0.147262 -1.42353 0 6 3 0 2
-0.171806 -1.44808 0 7 0 0 0
-0.171806 -1.39899 0 7 0 0 0
-0.122718 -1.44808 0 7 0 0 0
-0.122718 -1.39899 0 7 0 0 0
-0.0490874 -1.52171 0 6 6 0 0
-0.0736311 -1.54625 0 7 3 0 2
-0.0859029 -1.55852 0 8 0 0 0
-0.0859029 -1.53398 0 8 0 0 0
-0.0613592 -1.55852 0 8 0 0 0
-0.0613592 -1.53398 0 8 0 0 0
-0.0736311 -1.49717 0 7 3 0 2
-0.0859029 -1.50944 0 8 0 0 0
-0.0859029 -1.48489 0 8 0 0 0
-0.0613592 -1.50944 0 8 0 0 0
-0.0613592 -1.48489 0 8 0 0 0
-0.0245437 -1.54625 0 7 6 0 0
-0.0368155 -1.55852 0 8 0 0 2
-0.0368155 -1.53398 0 8 0 0 2
-0.0122718 -1.55852 0 8 0 0 2
-0.0122718 -1.53398 0 8 0 0 2
-0.0245437 -1.49717 0 7 6 0 0
-0.0368155 -1.50944 0 8 0 0 2
-0.0368155 -1.48489 0 8 0 0 2
-0.0122718 -1.50944 0 8 0 0 2
-0.0122718 -1.48489 0 8 0 0 2
-0.0490874 -1.42353 0 6 6 0 0
-0.0736311 -1.44808 0 7 3 0 2
-0.0859029 -1.46035 0 8 0 0 0
-0.0859029 -1.43581 0 8 0 0 0
-0.0613592 -1.46035 0 8 0 0 0
-0.0613592 -1.43581 0 8 0 0 0
-0.0736311 -1.39899 0 7 3 0 2
-0.0859029 -1.41126 0 8 0 0 0
-0.0859029 -1.38672 0 8 0 0 0
-0.0613592 -1.41126 0 8 0 0 0
-0.0613592 -1.38672 0 8 0 0 0
-0.0245437 -1.44808 0 7 6 0 0
-0.0368155 -1.46035 0 8 0 0 2
-0.0368155 -1.43581 0 8 0 0 2
-0.0122718 -1.46035 0 8 0 0 2
-0.0122718 -1.43581 0 8 0 0 2
-0.0245437 -1.39899 0 7 6 0 0
-0.0368155 -1.41126 0 8 0 0 2
-0.0368155 -1.38672 0 8 0 0 2
-0.0122718 -1.41126 0 8 0 0 2
-0.0122718 -1.38672 0 8 0 0 2
-0.0981748 -1.27627 0 5 6 0 0
-0.147262 -1.32536 0 6 3 0 2
-0.171806 -1.3499 0 7 0 0 0
-0.171806 -1.30082 0 7 0 0 0
-0.122718 -1.3499 0 7 0 0 0
-0.122718 -1.30082 0 7 0 0 0
-0.147262 -1.22718 0 6 3 0 2
-0.171806 -1.25173 0 7 0 0 0
-0.171806 -1.20264 0 7 0 0 0
-0.122718 -1.25173 0 7 0 0 0
-0.122718 -1.20264 0 7 0 0 0
-0.0490874 -1.32536 0 6 6 0 0
-0.0736311 -1.3499 0 7 3 0 2
-0.0859029 -1.36217 0 8 0 0 0
-0.0859029 -1.33763 0 8 0 0 0
-0.0613592 -1.36217 0 8 0 0 0
-0.0613592 -1.33763 0 8 0 0 0
-0.0736311 -1.30082 0 7 3 0 2
-0.0859029 -1.31309 0 8 0 0 0
-0.0859029 -1.28854 0 8 0 0 0
-0.0613592 -1.31309 0 8 0 0 0
-0.0613592 -1.28854 0 8 0 0 0
-0.0245437 -1.3499 0 7 6 0 0
-0.0368155 -1.36217 0 8 0 0 2
-0.0368155 -1.33763 0 8 0 0 2
-0.0122718 -1.36217 0 8 0 0 2
-0.0122718 -1.33763 0 8 0 0 2
-0.0245437 -1.30082 0 7 6 0 0
-0.0368155 -1.31309 0 8 0 0 2
-0.0368155 -1.28854 0 8 0 0 2
-0.0122718 -1.31309 0 8 0 0 2
-0.0122718 -1.28854 0 8 0 0 2
-0.0490874 -1.22718 0 6 6 0 0
-0.0736311 -1.25173 0 7 3 0 2
-0.0859029 -1.264 0 8 0 0 0
-0.0859029 -1.23946 0 8 0 0 0
-0.0613592 -1.264 0 8 0 0 0
-0.0613592 -1.23946 0 8 0 0 0
-0.0736311 -1.20264 0 7 3 0 2
-0.0859029 -1.21491 0 8 0 0 0
-0.0859029 -1.19037 0 8 0 0 0
-0.0613592 -1.21491 0 8 0 0 0
-0.0613592 -1.19037 0 8 0 0 0
-0.0245437 -1.25173 0 7 6 0 0
-0.0368155 -1.264 0 8 0 0 2
-0.0368155 -1.23946 0 8 0 0 2
-0.0122718 -1.264 0 8 0 0 2
-0.0122718 -1.23946 0 8 0 0 2
-0.0245437 -1.20264 0 7 6 0 0
-0.0368155 -1.21491 0 8 0 0 2
-0.0368155 -1.19037 0 8 0 0 2
-0.0122718 -1.21491 0 8 0 0 2
-0.0122718 -1.19037 0 8 0 0 2
-0.19635 -0.981748 0 4 6 0 0
-0.294524 -1.07992 0 5 3 0 2
-0.343612 -1.12901 0 6 0 0 0
-0.343612 -1.03084 0 6 0 0 0
-0.245437 -1.12901 0 6 0 0 0
-0.245437 -1.03084 0 6 0 0 0
-0.294524 -0.883573 0 5 3 0 2
-0.343612 -0.93266 0 6 0 0 0
-0.343612 -0.834486 0 6 0 0 0
-0.245437 -0.93266 0 6 0 0 0
-0.245437 -0.834486 0 6 0 0 0
-0.0981748 -1.07992 0 5 6 0 0
-0.147262 -1.12901 0 6 3 0 2
-0.171806 -1.15355 0 7 0 0 0
-0.171806 -1.10447 0 7 0 0 0
-0.122718 -1.15355 0 7 0 0 0
-0.122718 -1.10447 0 7 0 0 0
-0.147262 -1.03084 0 6 3 0 2
-0.171806 -1.05538 0 7 0 0 0
-0.171806 -1.00629 0 7 0 0 0
-0.122718 -1.05538 0 7 0 0 0
-0.122718 -1.00629 0 7 0 0 0
-0.0490874 -1.12901 0 6 6 0 0
-0.0736311 -1.15355 0 7 3 0 2
-0.0859029 -1.16583 0 8 0 0 0
-0.0859029 -1.14128 0 8 0 0 0
-0.0613592 -1.16583 0 8 0 0 0
-0.0613592 -1.14128 0 8 0 0 0
-0.0736311 -1.10447 0 7 3 0 2
-0.0859029 -1.11674 0 8 0 0 0
-0.0859029 -1.09219 0 8 0 0 0
-0.0613592 -1.11674 0 8 0 0 0
-0.0613592 -1.09219 0 8 0 0 0
-0.0245437 -1.15355 0 7 6 0 0
-0.0368155 -1.16583 0 8 0 0 2
-0.0368155 -1.14128 0 8 0 0 2
-0.0122718 -1.16583 0 8 0 0 2
-0.0122718 -1.14128 0 8 0 0 2
-0.0245437 -1.10447 0 7 6 0 0
-0.0368155 -1.11674 0 8 0 0 2
-0.0368155 -1.09219 0 8 0 0 2
-0.0122718 -1.11674 0 8 0 0 2
-0.0122718 -1.09219 0 8 0 0 2
-0.0490874 -1.03084 0 6 6 0 0
-0.0736311 -1.05538 0 7 3 0 2
-0.0859029 -1.06765 0 8 0 0 0
-0.0859029 -1.04311 0 8 0 0 0
-0.0613592 -1.06765 0 8 0 0 0
-0.0613592 -1.04311 0 8 0 0 0
-0.0736311 -1.00629 0 7 3 0 2
-0.0859029 -1.01856 0 8 0 0 0
-0.0859029 -0.99402 0 8 0 0 0
-0.0613592 -1.01856 0 8 0 0 0
-0.0613592 -0.99402 0 8 0 0 0
-0.0245437 -1.05538 0 7 6 0 0
-0.0368155 -1.06765 0 8 0 0 2
-0.0368155 -1.04311 0 8 0 0 2
-0.0122718 -1.06765 0 8 0 0 2
-0.0122718 -1.04311 0 8 0 0 2
-0.0245437 -1.00629 0 7 6 0 0
-0.0368155 -1.01856 0 8 0 0 2
-0.0368155 -0.99402 0 8 0 0 2
-0.0122718 -1.01856 0 8 0 0 2
-0.0122718 -0.99402 0 8 0 0 2
-0.0981748 -0.883573 0 5 6 0 0
-0.147262 -0.93266 0 6 3 0 2
-0.171806 -0.957204 0 7 0 0 0
-0.171806 -0.908117 0 7 0 0 0
-0.122718 -0.957204 0 7 0 0 0
-0.122718 -0.908117 0 7 0 0 0
-0.147262 -0.834486 0 6 3 0 2
-0.171806 -0.859029 0 7 0 0 0
-0.171806 -0.809942 0 7 0 0 0
-0.122718 -0.859029 0 7 0 0 0
-0.122718 -0.809942 0 7 0 0 0
-0.0490874 -0.93266 0 6 6 0 0
-0.0736311 -0.957204 0 7 3 0 2
-0.0859029 -0.969476 0 8 0 0 0
-0.0859029 -0.944932 0 8 0 0 0
-0.0613592 -0.969476 0 8 0 0 0
-0.0613592 -0.944932 0 8 0 0 0
-0.0736311 -0.908117 0 7 3 0 2
-0.0859029 -0.920388 0 8 0 0 0
-0.0859029 -0.895845 0 8 0 0 0
-0.0613592 -0.920388 0 8 0 0 0
-0.0613592 -0.895845 0 8 0 0 0
-0.0245437 -0.957204 0 7 6 0 0
-0.0368155 -0.969476 0 8 0 0 2
-0.0368155 -0.944932 0 8 0 0 2
-0.0122718 -0.969476 0 8 0 0 2
-0.0122718 -0.944932 0 8 0 0 2
-0.0245437 -0.908117 0 7 6 0 0
-0.0368155 -0.920388 0 8 0 0 2
-0.0368155 -0.895845 0 8 0 0 2
-0.0122718 -0.920388 0 8 0 0 2
-0.0122718 -0.895845 0 8 0 0 2
-0.0490874 -0.834486 0 6 6 0 0
-0.0736311 -0.859029 0 7 3 0 2
-0.0859029 -0.871301 0 8 0 0 0
-0.0859029 -0.846757 0 8 0 0 0
-0.0613592 -0.871301 0 8 0 0 0
-0.0613592 -0.846757 0 8 0 0 0
-0.0736311 -0.809942 0 7 3 0 2
-0.0859029 -0.822214 0 8 0 0 0
-0.0859029 -0.79767 0 8 0 0 0
-0.0613592 -0.822214 0 8 0 0 0
-0.0613592 -0.79767 0 8 0 0 0
-0.0245437 -0.859029 0 7 6 0 0
-0.0368155 -0.871301 0 8 0 0 2
-0.0368155 -0.846757 0 8 0 0 2
-0.0122718 -0.871301 0 8 0 0 2
-0.0122718 -0.846757 0 8 0 0 2
-0.0245437 -0.809942 0 7 6 0 0
-0.0368155 -0.822214 0 8 0 0 2
-0.0368155 -0.79767 0 8 0 0 2
-0.0122718 -0.822214 0 8 0 0 2
-0.0122718 -0.79767 0 8 0 0 2
-0.392699 -0.392699 0 3 6 0 0
-0.589049 -0.589049 0 4 3 0 2
-0.687223 -0.687223 0 5 0 0 0
-0.687223 -0.490874 0 5 0 0 0
-0.490874 -0.687223 0 5 0 0 0
-0.490874 -0.490874 0 5 0 0 0
-0.589049 -0.19635 0 4 3 0 2
-0.687223 -0.294524 0 5 0 0 0
-0.687223 -0.0981748 0 5 0 0 0
-0.490874 -0.294524 0 5 0 0 0
-0.490874 -0.0981748 0 5 0 0 0
-0.19635 -0.589049 0 4 6 0 0
-0.294524 -0.687223 0 5 3 0 2
-0.343612 -0.736311 0 6 0 0 0
-0.343612 -0.638136 0 6 0 0 0
-0.245437 -0.736311 0 6 0 0 0
-0.245437 -0.638136 0 6 0 0 0
-0.294524 -0.490874 0 5 3 0 2
-0.343612 -0.539961 0 6 0 0 0
-0.343612 -0.441786 0 6 0 0 0
-0.245437 -0.539961 0 6 0 0 0
-0.245437 -0.441786 0 6 0 0 0
-0.0981748 -0.687223 0 5 6 0 0
-0.147262 -0.736311 0 6 3 0 2
-0.171806 -0.760854 0 7 0 0 0
-0.171806 -0.711767 0 7 0 0 0
-0.122718 -0.760854 0 7 0 0 0
-0.122718 -0.711767 0 7 0 0 0
-0.147262 -0.638136 0 6 3 0 2
-0.171806 -0.66268 0 7 0 0 0
-0.171806 -0.613592 0 7 0 0 0
-0.122718 -0.66268 0 7 0 0 0
-0.122718 -0.613592 0 7 0 0 0
-0.0490874 -0.736311 0 6 6 0 0
-0.0736311 -0.760854 0 7 3 0 2
-0.0859029 -0.773126 0 8 0 0 0
-0.0859029 -0.748583 0 8 0 0 0
-0.0613592 -0.773126 0 8 0 0 0
-0.0613592 -0.748583 0 8 0 0 0
-0.0736311 -0.711767 0 7 3 0 2
-0.0859029 -0.724039 0 8 0 0 0
-0.0859029 -0.699495 0 8 0 0 0
-0.0613592 -0.724039 0 8 0 0 0
-0.0613592 -0.699495 0 8 0 0 0
-0.0245437 -0.760854 0 7 6 0 0
-0.0368155 -0.773126 0 8 0 0 2
-0.0368155 -0.748583 0 8 0 0 2
-0.0122718 -0.773126 0 8 0 0 2
-0.0122718 -0.748583 0 8 0 0 2
-0.0245437 -0.711767 0 7 6 0 0
-0.0368155 -0.724039 0 8 0 0 2
-0.0368155 -0.699495 0 8 0 0 2
-0.0122718 -0.724039 0 8 0 0 2
-0.0122718 -0.699495 0 8 0 0 2
-0.0490874 -0.638136 0 6 6 0 0
-0.0736311 -0.66268 0 7 3 0 2
-0.0859029 -0.674952 0 8 0 0 0
-0.0859029 -0.650408 0 8 0 0 0
-0.0613592 -0.674952 0 8 0 0 0
-0.0613592 -0.650408 0 8 0 0 0
-0.0736311 -0.613592 0 7 3 0 2
-0.0859029 -0.625864 0 8 0 0 0
-0.0859029 -0.60132 0 8 0 0 0
-0.0613592 -0.625864 0 8 0 0 0
-0.0613592 -0.60132 0 8 0 0 0
-0.0245437 -0.66268 0 7 6 0 0
-0.0368155 -0.674952 0 8 0 0 2
-0.0368155 -0.650408 0 8 0 0 2
-0.0122718 -0.674952 0 8 0 0 2
-0.0122718 -0.650408 0 8 0 0 2
-0.0245437 -0.613592 0 7 6 0 0
-0.0368155 -0.625864 0 8 0 0 2
-0.0368155 -0.60132 0 8 0 0 2
-0.0122718 -0.625864 0 8 0 0 2
-0.0122718 -0.60132 0 8 0 0 2
-0.0981748 -0.490874 0 5 6 0 0
-0.147262 -0.539961 0 6 3 0 2
-0.171806 -0.564505 0 7 0 0 0
-0.171806 -0.515418 0 7 0 0 0
-0.122718 -0.564505 0 7 0 0 0
-0.122718 -0.515418 0 7 0 0 0
-0.147262 -0.441786 0 6 3 0 2
-0.171806 -0.46633 0 7 0 0 0
-0.171806 -0.417243 0 7 0 0 0
-0.122718 -0.46633 0 7 0 0 0
-0.122718 -0.417243 0 7 0 0 0
-0.0490874 -0.539961 0 6 6 0 0
-0.0736311 -0.564505 0 7 3 0 2
-0.0859029 -0.576777 0 8 0 0 0
-0.0859029 -0.552233 0 8 0 0 0
-0.0613592 -0.576777 0 8 0 0 0
-0.0613592 -0.552233 0 8 0 0 0
-0.0736311 -0.515418 0 7 3 0 2
-0.0859029 -0.527689 0 8 0 0 0
-0.0859029 -0.503146 0 8 0 0 0
-0.0613592 -0.527689 0 8 0 0 0
-0.0613592 -0.503146 0 8 0 0 0
-0.0245437 -0.564505 0 7 6 0 0
-0.0368155 -0.576777 0 8 0 0 2
-0.0368155 -0.552233 0 8 0 0 2
-0.0122718 -0.576777 0 8 0 0 2
-0.0122718 -0.552233 0 8 0 0 2
-0.0245437 -0.515418 0 7 6 0 0
-0.0368155 -0.527689 0 8 0 0 2
-0.0368155 -0.503146 0 8 0 0 2
-0.0122718 -0.527689 0 8 0 0 2
-0.0122718 -0.503146 0 8 0 0 2
-0.0490874 -0.441786 0 6 6 0 0
-0.0736311 -0.46633 0 7 3 0 2
-0.0859029 -0.478602 0 8 0 0 0
-0.0859029 -0.454058 0 8 0 0 0
-0.0613592 -0.478602 0 8 0 0 0
-0.0613592 -0.454058 0 8 0 0 0
-0.0736311 -0.417243 0 7 3 0 2
-0.0859029 -0.429515 0 8 0 0 0
-0.0859029 -0.404971 0 8 0 0 0
-0.0613592 -0.429515 0 8 0 0 0
-0.0613592 -0.404971 0 8 0 0 0
-0.0245437 -0.46633 0 7 6 0 0
-0.0368155 -0.478602 0 8 0 0 2
-0.0368155 -0.454058 0 8 0 0 2
-0.0122718 -0.478602 0 8 0 0 2
-0.0122718 -0.454058 0 8 0 0 2
-0.0245437 -0.417243 0 7 6 0 0
-0.0368155 -0.429515 0 8 0 0 2
-0.0368155 -0.404971 0 8 0 0 2
-0.0122718 -0.429515 0 8 0 0 2
-0.0122718 -0.404971 0 8 0 0 2
-0.19635 -0.19635 0 4 6 0 0
-0.294524 -0.294524 0 5 3 0 2
-0.343612 -0.343612 0 6 0 0 0
-0.343612 -0.245437 0 6 0 0 0
-0.245437 -0.343612 0 6 0 0 0
-0.245437 -0.245437 0 6 0 0 0
-0.294524 -0.0981748 0 5 3 0 2
-0.343612 -0.147262 0 6 0 0 0
-0.343612 -0.0490874 0 6 0 0 0
-0.245437 -0.147262 0 6 0 0 0
-0.245437 -0.0490874 0 6 0 0 0
-0.0981748 -0.294524 0 5 6 0 0
-0.147262 -0.343612 0 6 3 0 2
-0.171806 -0.368155 0 7 0 0 0
-0.171806 -0.319068 0 7 0 0 0
-0.122718 -0.368155 0 7 0 0 0
-0.122718 -0.319068 0 7 0 0 0
-0.147262 -0.245437 0 6 3 0 2
-0.171806 -0.269981 0 7 0 0 0
-0.171806 -0.220893 0 7 0 0 0
-0.122718 -0.269981 0 7 0 0 0
-0.122718 -0.220893 0 7 0 0 0
-0.0490874 -0.343612 0 6 6 0 0
-0.0736311 -0.368155 0 7 3 0 2
-0.0859029 -0.380427 0 8 0 0 0
-0.0859029 -0.355884 0 8 0 0 0
-0.0613592 -0.380427 0 8 0 0 0
-0.0613592 -0.355884 0 8 0 0 0
-0.0736311 -0.319068 0 7 3 0 2
-0.0859029 -0.33134 0 8 0 0 0
-0.0859029 -0.306796 0 8 0 0 0
-0.0613592 -0.33134 0 8 0 0 0
-0.0613592 -0.306796 0 8 0 0 0
-0.0245437 -0.368155 0 7 6 0 0
-0.0368155 -0.380427 0 8 0 0 2
-0.0368155 -0.355884 0 8 0 0 2
-0.0122718 -0.380427 0 8 0 0 2
-0.0122718 -0.355884 0 8 0 0 2
-0.0245437 -0.319068 0 7 6 0 0
-0.0368155 -0.33134 0 8 0 0 2
-0.0368155 -0.306796 0 8 0 0 2
-0.0122718 -0.33134 0 8 0 0 2
-0.0122718 -0.306796 0 8 0 0 2
-0.0490874 -0.245437 0 6 6 0 0
-0.0736311 -0.269981 0 7 3 0 2
-0.0859029 -0.282252 0 8 0 0 0
-0.0859029 -0.257709 0 8 0 0 0
-0.0613592 -0.282252 0 8 0 0 0
-0.0613592 -0.257709 0 8 0 0 0
-0.0736311 -0.220893 0 7 3 0 2
-0.0859029 -0.233165 0 8 0 0 0
-0.0859029 -0.208621 0 8 0 0 0
-0.0613592 -0.233165 0 8 0 0 0
-0.0613592 -0.208621 0 8 0 0 0
-0.0245437 -0.269981 0 7 6 0 0
-0.0368155 -0.282252 0 8 0 0 2
-0.0368155 -0.257709 0 8 0 0 2
-0.0122718 -0.282252 0 8 0 0 2
-0.0122718 -0.257709 0 8 0 0 2
-0.0245437 -0.220893 0 7 6 0 0
-0.0368155 -0.233165 0 8 0 0 2
-0.0368155 -0.208621 0 8 0 0 2
-0.0122718 -0.233165 0 8 0 0 2
-0.0122718 -0.208621 0 8 0 0 2
-0.0981748 -0.0981748 0 5 6 0 0
-0.147262 -0.147262 0 6 3 0 2
-0.171806 -0.171806 0 7 0 0 0
-0.171806 -0.122718 0 7 0 0 0
-0.122718 -0.171806 0 7 0 0 0
-0.122718 -0.122718 0 7 0 0 0
-0.147262 -0.0490874 0 6 3 0 2
-0.171806 -0.0736311 0 7 0 0 0
-0.171806 -0.0245437 0 7 0 0 0
-0.122718 -0.0736311 0 7 0 0 0
-0.122718 -0.0245437 0 7 0 0 0
-0.0490874 -0.147262 0 6 6 0 0
-0.0736311 -0.171806 0 7 3 0 2
-0.0859029 -0.184078 0 8 0 0 0
-0.0859029 -0.159534 0 8 0 0 0
-0.0613592 -0.184078 0 8 0 0 0
-0.0613592 -0.159534 0 8 0 0 0
-0.0736311 -0.122718 0 7 3 0 2
-0.0859029 -0.13499 0 8 0 0 0
-0.0859029 -0.110447 0 8 0 0 0
-0.0613592 -0.13499 0 8 0 0 0
-0.0613592 -0.110447 0 8 0 0 0
-0.0245437 -0.171806 0 7 6 0 0
-0.0368155 -0.184078 0 8 0 0 2
-0.0368155 -0.159534 0 8 0 0 2
-0.0122718 -0.184078 0 8 0 0 2
-0.0122718 -0.159534 0 8 0 0 2
-0.0245437 -0.122718 0 7 6 0 0
-0.0368155 -0.13499 0 8 0 0 2
-0.0368155 -0.110447 0 8 0 0 2
-0.0122718 -0.13499 0 8 0 0 2
-0.0122718 -0.110447 0 8 0 0 2
-0.0490874 -0.0490874 0 6 6 0 0
-0.0736311 -0.0736311 0 7 3 0 2
-0.0859029 -0.0859029 0 8 0 0 0
-0.0859029 -0.0613592 0 8 0 0 0
-0.0613592 -0.0859029 0 8 0 0 0
-0.0613592 -0.0613592 0 8 0 0 0
-0.0736311 -0.0245437 0 7 3 0 2
-0.0859029 -0.0368155 0 8 0 0 0
-0.0859029 -0.0122718 0 8 0 0 0
-0.0613592 -0.0368155 0 8 0 0 0
-0.0613592 -0.0122718 0 8 0 0 0
-0.0245437 -0.0736311 0 7 6 0 0
-0.0368155 -0.0859029 0 8 0 0 2
-0.0368155 -0.0613592 0 8 0 0 2
-0.0122718 -0.0859029 0 8 0 0 2
-0.0122718 -0.0613592 0 8 0 0 2
-0.0245437 -0.0245437 0 7 6 0 0
-0.0368155 -0.0368155 0 8 0 0 2
-0.0368155 -0.0122718 0 8 0 0 2
-0.0122718 -0.0368155 0 8 0 0 2
-0.0122718 -0.0122718 0 8 0 0 2
-1.5708 1.5708 0 1 4 0 0
-2.35619 0.785398 0 2 3 0 2
-2.74889 0.392699 0 3 0 0 0
-2.74889 1.1781 0 3 0 0 0
-1.9635 0.392699 0 3 0 0 0
-1.9635 1.1781 0 3 0 0 0
-2.35619 2.35619 0 2 2 0 2
-2.74889 1.9635 0 3 0 0 0
-2.74889 2.74889 0 3 0 0 0
-1.9635 1.9635 0 3 0 0 0
-1.9635 2.74889 0 3 0 0 0
-0.785398 0.785398 0 2 6 0 0
-1.1781 0.392699 0 3 3 0 2
-1.37445 0.19635 0 4 0 0 0
-1.37445 0.589049 0 4 0 0 0
-0.981748 0.19635 0 4 0 0 0
-0.981748 0.589049 0 4 0 0 0
-1.1781 1.1781 0 3 3 0 2
-1.37445 0.981748 0 4 0 0 0
-1.37445 1.37445 0 4 0 0 0
-0.981748 0.981748 0 4 0 0 0
-0.981748 1.37445 0 4 0 0 0
-0.392699 0.392699 0 3 6 0 0
-0.589049 0.19635 0 4 3 0 2
-0.687223 0.0981748 0 5 0 0 0
-0.687223 0.294524 0 5 0 0 0
-0.490874 0.0981748 0 5 0 0 0
-0.490874 0.294524 0 5 0 0 0
-0.589049 0.589049 0 4 3 0 2
-0.687223 0.490874 0 5 0 0 0
-0.687223 0.687223 0 5 0 0 0
-0.490874 0.490874 0 5 0 0 0
-0.490874 0.687223 0 5 0 0 0
-0.19635 0.19635 0 4 6 0 0
-0.294524 0.0981748 0 5 3 0 2
-0.343612 0.0490874 0 6 0 0 0
-0.343612 0.147262 0 6 0 0 0
-0.245437 0.0490874 0 6 0 0 0
-0.245437 0.147262 0 6 0 0 0
-0.294524 0.294524 0 5 3 0 2
-0.343612 0.245437 0 6 0 0 0
-0.343612 0.343612 0 6 0 0 0
-0.245437 0.245437 0 6 0 0 0
-0.245437 0.343612 0 6 0 0 0
-0.0981748 0.0981748 0 5 6 0 0
-0.147262 0.0490874 0 6 3 0 2
-0.171806 0.0245437 0 7 0 0 0
-0.171806 0.0736311 0 7 0 0 0
-0.122718 0.0245437 0 7 0 0 0
-0.122718 0.0736311 0 7 0 0 0
-0.147262 0.147262 0 6 3 0 2
-0.171806 0.122718 0 7 0 0 0
-0.171806 0.171806 0 7 0 0 0
-0.122718 0.122718 0 7 0 0 0
-0.122718 0.171806 0 7 0 0 0
-0.0490874 0.0490874 0 6 6 0 0
-0.0736311 0.0245437 0 7 3 0 2
-0.0859029 0.0122718 0 8 0 0 0
-0.0859029 0.0368155 0 8 0 0 0
-0.0613592 0.0122718 0 8 0 0 0
-0.0613592 0.0368155 0 8 0 0 0
-0.0736311 0.0736311 0 7 3 0 2
-0.0859029 0.0613592 0 8 0 0 0
-0.0859029 0.0859029 0 8 0 0 0
-0.0613592 0.0613592 0 8 0 0 0
-0.0613592 0.0859029 0 8 0 0 0
-0.0245437 0.0245437 0 7 6 0 0
-0.0368155 0.0122718 0 8 0 0 2
-0.0368155 0.0368155 0 8 0 0 2
-0.0122718 0.0122718 0 8 0 0 2
-0.0122718 0.0368155 0 8 0 0 2
-0.0245437 0.0736311 0 7 6 0 0
-0.0368155 0.0613592 0 8 0 0 2
-0.0368155 0.0859029 0 8 0 0 2
-0.0122718 0.0613592 0 8 0 0 2
-0.0122718 0.0859029 0 8 0 0 2
-0.0490874 0.147262 0 6 6 0 0
-0.0736311 0.122718 0 7 3 0 2
-0.0859029 0.110447 0 8 0 0 0
-0.0859029 0.13499 0 8 0 0 0
-0.0613592 0.110447 0 8 0 0 0
-0.0613592 0.13499 0 8 0 0 0
-0.0736311 0.171806 0 7 3 0 2
-0.0859029 0.159534 0 8 0 0 0
-0.0859029 0.184078 0 8 0 0 0
-0.0613592 0.159534 0 8 0 0 0
-0.0613592 0.184078 0 8 0 0 0
-0.0245437 0.122718 0 7 6 0 0
-0.0368155 0.110447 0 8 0 0 2
-0.0368155 0.13499 0 8 0 0 2
-0.0122718 0.110447 0 8 0 0 2
-0.0122718 0.13499 0 8 0 0 2
-0.0245437 0.171806 0 7 6 0 0
-0.0368155 0.159534 0 8 0 0 2
-0.0368155 0.184078 0 8 0 0 2
-0.0122718 0.159534 0 8 0 0 2
-0.0122718 0.184078 0 8 0 0 2
-0.0981748 0.294524 0 5 6 0 0
-0.147262 0.245437 0 6 3 0 2
-0.171806 0.220893 0 7 0 0 0
-0.171806 0.269981 0 7 0 0 0
-0.122718 0.220893 0 7 0 0 0
-0.122718 0.269981 0 7 0 0 0
-0.147262 0.343612 0 6 3 0 2
-0.171806 0.319068 0 7 0 0 0
-0.171806 0.368155 0 7 0 0 0
-0.122718 0.319068 0 7 0 0 0
-0.122718 0.368155 0 7 0 0 0
-0.0490874 0.245437 0 6 6 0 0
-0.0736311 0.220893 0 7 3 0 2
-0.0859029 0.208621 0 8 0 0 0
-0.0859029 0.233165 0 8 0 0 0
-0.0613592 0.208621 0 8 0 0 0
-0.0613592 0.233165 0 8 0 0 0
-0.0736311 0.269981 0 7 3 0 2
-0.0859029 0.257709 0 8 0 0 0
-0.0859029 0.282252 0 8 0 0 0
-0.0613592 0.257709 0 8 0 0 0
-0.0613592 0.282252 0 8 0 0 0
-0.0245437 0.220893 0 7 6 0 0
-0.0368155 0.208621 0 8 0 0 2
-0.0368155 0.233165 0 8 0 0 2
-0.0122718 0.208621 0 8 0 0 2
-0.0122718 0.233165 0 8 0 0 2
-0.0245437 0.269981 0 7 6 0 0
-0.0368155 0.257709 0 8 0 0 2
-0.0368155 0.282252 0 8 0 0 2
-0.0122718 0.257709 0 8 0 0 2
-0.0122718 0.282252 0 8 0 0 2
-0.0490874 0.343612 0 6 6 0 0
-0.0736311 0.319068 0 7 3 0 2
-0.0859029 0.306796 0 8 0 0 0
-0.0859029 0.33134 0 8 0 0 0
-0.0613592 0.306796 0 8 0 0 0
-0.0613592 0.33134 0 8 0 0 0
-0.0736311 0.368155 0 7 3 0 2
-0.0859029 0.355884 0 8 0 0 0
-0.0859029 0.380427 0 8 0 0 0
-0.0613592 0.355884 0 8 0 0 0
-0.0613592 0.380427 0 8 0 0 0
-0.0245437 0.319068 0 7 6 0 0
-0.0368155 0.306796 0 8 0 0 2
-0.0368155 0.33134 0 8 0 0 2
-0.0122718 0.306796 0 8 0 0 2
-0.0122718 0.33134 0 8 0 0 2
-0.0245437 0.368155 0 7 6 0 0
-0.0368155 0.355884 0 8 0 0 2
-0.0368155 0.380427 0 8 0 0 2
-0.0122718 0.355884 0 8 0 0 2
-0.0122718 0.380427 0 8 0 0 2
-0.19635 0.589049 0 4 6 0 0
-0.294524 0.490874 0 5 3 0 2
-0.343612 0.441786 0 6 0 0 0
-0.343612 0.539961 0 6 0 0 0
-0.245437 0.441786 0 6 0 0 0
-0.245437 0.539961 0 6 0 0 0
-0.294524 0.687223 0 5 3 0 2
-0.343612 0.638136 0 6 0 0 0
-0.343612 0.736311 0 6 0 0 0
-0.245437 0.638136 0 6 0 0 0
-0.245437 0.736311 0 6 0 0 0
-0.0981748 0.490874 0 5 6 0 0
-0.147262 0.441786 0 6 3 0 2
-0.171806 0.417243 0 7 0 0 0
-0.171806 0.46633 0 7 0 0 0
-0.122718 0.417243 0 7 0 0 0
-0.122718 0.46633 0 7 0 0 0
-0.147262 0.539961 0 6 3 0 2
-0.171806 0.515418 0 7 0 0 0
-0.171806 0.564505 0 7 0 0 0
-0.122718 0.515418 0 7 0 0 0
-0.122718 0.564505 0 7 0 0 0
-0.0490874 0.441786 0 6 6 0 0
-0.0736311 0.417243 0 7 3 0 2
-0.0859029 0.404971 0 8 0 0 0
-0.0859029 0.429515 0 8 0 0 0
-0.0613592 0.404971 0 8 0 0 0
-0.0613592 0.429515 0 8 0 0 0
-0.0736311 0.46633 0 7 3 0 2
-0.0859029 0.454058 0 8 0 0 0
-0.0859029 0.478602 0 8 0 0 0
-0.0613592 0.454058 0 8 0 0 0
-0.0613592 0.478602 0 8 0 0 0
-0.0245437 0.417243 0 7 6 0 0
-0.0368155 0.404971 0 8 0 0 2
-0.0368155 0.429515 0 8 0 0 2
-0.0122718 0.404971 0 8 0 0 2
-0.0122718 0.429515 0 8 0 0 2
-0.0245437 0.46633 0 7 6 0 0
-0.0368155 0.454058 0 8 0 0 2
-0.0368155 0.478602 0 8 0 0 2
-0.0122718 0.454058 0 8 0 0 2
-0.0122718 0.478602 0 8 0 0 2
-0.0490874 0.539961 0 6 6 0 0
-0.0736311 0.515418 0 7 3 0 2
-0.0859029 0.503146 0 8 0 0 0
-0.0859029 0.527689 0 8 0 0 0
-0.0613592 0.503146 0 8 0 0 0
-0.0613592 0.527689 0 8 0 0 0
-0.0736311 0.564505 0 7 3 0 2
-0.0859029 0.552233 0 8 0 0 0
-0.0859029 0.576777 0 8 0 0 0
-0.0613592 0.552233 0 8 0 0 0
-0.0613592 0.576777 0 8 0 0 0
-0.0245437 0.515418 0 7 6 0 0
-0.0368155 0.503146 0 8 0 0 2
-0.0368155 0.527689 0 8 0 0 2
-0.0122718 0.503146 0 8 0 0 2
-0.0122718 0.527689 0 8 0 0 2
-0.0245437 0.564505 0 7 6 0 0
-0.0368155 0.552233 0 8 0 0 2
-0.0368155 0.576777 0 8 0 0 2
-0.0122718 0.552233 0 8 0 0 2
-0.0122718 0.576777 0 8 0 0 2
-0.0981748 0.687223 0 5 6 0 0
-0.147262 0.638136 0 6 3 0 2
-0.171806 0.613592 0 7 0 0 0
-0.171806 0.66268 0 7 0 0 0
-0.122718 0.613592 0 7 0 0 0
-0.122718 0.66268 0 7 0 0 0
-0.147262 0.736311 0 6 3 0 2
-0.171806 0.711767 0 7 0 0 0
-0.171806 0.760854 0 7 0 0 0
-0.122718 0.711767 0 7 0 0 0
-0.122718 0.760854 0 7 0 0 0
-0.0490874 0.638136 0 6 6 0 0
-0.0736311 0.613592 0 7 3 0 2
-0.0859029 0.60132 0 8 0 0 0
-0.0859029 0.625864 0 8 0 0 0
-0.0613592 0.60132 0 8 0 0 0
-0.0613592 0.625864 0 8 0 0 0
-0.0736311 0.66268 0 7 3 0 2
-0.0859029 0.650408 0 8 0 0 0
-0.0859029 0.674952 0 8 0 0 0
-0.0613592 0.650408 0 8 0 0 0
-0.0613592 0.674952 0 8 0 0 0
-0.0245437 0.613592 0 7 6 0 0
-0.0368155 0.60132 0 8 0 0 2
-0.0368155 0.625864 0 8 0 0 2
-0.0122718 0.60132 0 8 0 0 2
-0.0122718 0.625864 0 8 0 0 2
-0.0245437 0.66268 0 7 6 0 0
-0.0368155 0.650408 0 8 0 0 2
-0.0368155 0.674952 0 8 0 0 2
-0.0122718 0.650408 0 8 0 0 2
-0.0122718 0.674952 0 8 0 0 2
-0.0490874 0.736311 0 6 6 0 0
-0.0736311 0.711767 0 7 3 0 2
-0.0859029 0.699495 0 8 0 0 0
-0.0859029 0.724039 0 8 0 0 0
-0.0613592 0.699495 0 8 0 0 0
-0.0613592 0.724039 0 8 0 0 0
-0.0736311 0.760854 0 7 3 0 2
-0.0859029 0.748583 0 8 0 0 0
-0.0859029 0.773126 0 8 0 0 0
-0.0613592 0.748583 0 8 0 0 0
-0.0613592 0.773126 0 8 0 0 0
-0.0245437 0.711767 0 7 6 0 0
-0.0368155 0.699495 0 8 0 0 2
-0.0368155 0.724039 0 8 0 0 2
-0.0122718 0.699495 0 8 0 0 2
-0.0122718 0.724039 0 8 0 0 2
-0.0245437 0.760854 0 7 6 0 0
-0.0368155 0.748583 0 8 0 0 2
-0.0368155 0.773126 0 8 0 0 2
-0.0122718 0.748583 0 8 0 0 2
-0.0122718 0.773126 0 8 0 0 2
-0.392699 1.1781 0 3 6 0 0
-0.589049 0.981748 0 4 3 0 2
-0.687223 0.883573 0 5 0 0 0
-0.687223 1.07992 0 5 0 0 0
-0.490874 0.883573 0 5 0 0 0
-0.490874 1.07992 0 5 0 0 0
-0.589049 1.37445 0 4 3 0 2
-0.687223 1.27627 0 5 0 0 0
-0.687223 1.47262 0 5 0 0 0
-0.490874 1.27627 0 5 0 0 0
-0.490874 1.47262 0 5 0 0 0
-0.19635 0.981748 0 4 6 0 0
-0.294524 0.883573 0 5 3 0 2
-0.343612 0.834486 0 6 0 0 0
-0.343612 0.93266 0 6 0 0 0
-0.245437 0.834486 0 6 0 0 0
-0.245437 0.93266 0 6 0 0 0
-0.294524 1.07992 0 5 3 0 2
-0.343612 1.03084 0 6 0 0 0
-0.343612 1.12901 0 6 0 0 0
-0.245437 1.03084 0 6 0 0 0
-0.245437 1.12901 0 6 0 0 0
-0.0981748 0.883573 0 5 6 0 0
-0.147262 0.834486 0 6 3 0 2
-0.171806 0.809942 0 7 0 0 0
-0.171806 0.859029 0 7 0 0 0
-0.122718 0.809942 0 7 0 0 0
-0.122718 0.859029 0 7 0 0 0
-0.147262 0.93266 0 6 3 0 2
-0.171806 0.908117 0 7 0 0 0
-0.171806 0.957204 0 7 0 0 0
-0.122718 0.908117 0 7 0 0 0
-0.122718 0.957204 0 7 0 0 0
-0.0490874 0.834486 0 6 6 0 0
-0.0736311 0.809942 0 7 3 0 2
-0.0859029 0.79767 0 8 0 0 0
-0.0859029 0.822214 0 8 0 0 0
-0.0613592 0.79767 0 8 0 0 0
-0.0613592 0.822214 0 8 0 0 0
-0.0736311 0.859029 0 7 3 0 2
-0.0859029 0.846757 0 8 0 0 0
-0.0859029 0.871301 0 8 0 0 0
-0.0613592 0.846757 0 8 0 0 0
-0.0613592 0.871301 0 8 0 0 0
-0.0245437 0.809942 0 7 6 0 0
-0.0368155 0.79767 0 8 0 0 2
-0.0368155 0.822214 0 8 0 0 2
-0.0122718 0.79767 0 8 0 0 2
-0.0122718 0.822214 0 8 0 0 2
-0.0245437 0.859029 0 7 6 0 0
-0.0368155 0.846757 0 8 0 0 2
-0.0368155 0.871301 0 8 0 0 2
-0.0122718 0.846757 0 8 0 0 2
-0.0122718 0.871301 0 8 0 0 2
-0.0490874 0.93266 0 6 6 0 0
-0.0736311 0.908117 0 7 3 0 2
-0.0859029 0.895845 0 8 0 0 0
-0.0859029 0.920388 0 8 0 0 0
-0.0613592 0.895845 0 8 0 0 0
-0.0613592 0.920388 0 8 0 0 0
-0.0736311 0.957204 0 7 3 0 2
-0.0859029 0.944932 0 8 0 0 0
-0.0859029 0.969476 0 8 0 0 0
-0.0613592 0.944932 0 8 0 0 0
-0.0613592 0.969476 0 8 0 0 0
-0.0245437 0.908117 0 7 6 0 0
-0.0368155 0.895845 0 8 0 0 2
-0.0368155 0.920388 0 8 0 0 2
-0.0122718 0.895845 0 8 0 0 2
-0.0122718 0.920388 0 8 0 0 2
-0.0245437 0.957204 0 7 6 0 0
-0.0368155 0.944932 0 8 0 0 2
-0.0368155 0.969476 0 8 0 0 2
-0.0122718 0.944932 0 8 0 0 2
-0.0122718 0.969476 0 8 0 0 2
-0.0981748 1.07992 0 5 6 0 0
-0.147262 1.03084 0 6 3 0 2
-0.171806 1.00629 0 7 0 0 0
-0.171806 1.05538 0 7 0 0 0
-0.122718 1.00629 0 7 0 0 0
-0.122718 1.05538 0 7 0 0 0
-0.147262 1.12901 0 6 3 0 2
-0.171806 1.10447 0 7 0 0 0
-0.171806 1.15355 0 7 0 0 0
-0.122718 1.10447 0 7 0 0 0
-0.122718 1.15355 0 7 0 0 0
-0.0490874 1.03084 0 6 6 0 0
-0.0736311 1.00629 0 7 3 0 2
-0.0859029 0.99402 0 8 0 0 0
-0.0859029 1.01856 0 8 0 0 0
-0.0613592 0.99402 0 8 0 0 0
-0.0613592 1.01856 0 8 0 0 0
-0.0736311 1.05538 0 7 3 0 2
-0.0859029 1.04311 0 8 0 0 0
-0.0859029 1.06765 0 8 0 0 0
-0.0613592 1.04311 0 8 0 0 0
-0.0613592 1.06765 0 8 0 0 0
-0.0245437 1.00629 0 7 6 0 0
-0.0368155 0.99402 0 8 0 0 2
-0.0368155 1.01856 0 8 0 0 2
-0.0122718 0.99402 0 8 0 0 2
-0.0122718 1.01856 0 8 0 0 2
-0.0245437 1.05538 0 7 6 0 0
-0.0368155 1.04311 0 8 0 0 2
-0.0368155 1.06765 0 8 0 0 2
-0.0122718 1.04311 0 8 0 0 2
-0.0122718 1.06765 0 8 0 0 2
-0.0490874 1.12901 0 6 6 0 0
-0.0736311 1.10447 0 7 3 0 2
-0.0859029 1.09219 0 8 0 0 0
-0.0859029 1.11674 0 8 0 0 0
-0.0613592 1.09219 0 8 0 0 0
-0.0613592 1.11674 0 8 0 0 0
-0.0736311 1.15355 0 7 3 0 2
-0.0859029 1.14128 0 8 0 0 0
-0.0859029 1.16583 0 8 0 0 0
-0.0613592 1.14128 0 8 0 0 0
-0.0613592 1.16583 0 8 0 0 0
-0.0245437 1.10447 0 7 6 0 0
-0.0368155 1.09219 0 8 0 0 2
-0.0368155 1.11674 0 8 0 0 2
-0.0122718 1.09219 0 8 0 0 2
-0.0122718 1.11674 0 8 0 0 2
-0.0245437 1.15355 0 7 6 0 0
-0.0368155 1.14128 0 8 0 0 2
-0.0368155 1.16583 0 8 0 0 2
-0.0122718 1.14128 0 8 0 0 2
-0.0122718 1.16583 0 8 0 0 2
-0.19635 1.37445 0 4 6 0 0
-0.294524 1.27627 0 5 3 0 2
-0.343612 1.22718 0 6 0 0 0
-0.343612 1.32536 0 6 0 0 0
-0.245437 1.22718 0 6 0 0 0
-0.245437 1.32536 0 6 0 0 0
-0.294524 1.47262 0 5 3 0 2
-0.343612 1.42353 0 6 0 0 0
-0.343612 1.52171 0 6 0 0 0
-0.245437 1.42353 0 6 0 0 0
-0.245437 1.52171 0 6 0 0 0
-0.0981748 1.27627 0 5 6 0 0
-0.147262 1.22718 0 6 3 0 2
-0.171806 1.20264 0 7 0 0 0
-0.171806 1.25173 0 7 0 0 0
-0.122718 1.20264 0 7 0 0 0
-0.122718 1.25173 0 7 0 0 0
-0.147262 1.32536 0 6 3 0 2
-0.171806 1.30082 0 7 0 0 0
-0.171806 1.3499 0 7 0 0 0
-0.122718 1.30082 0 7 0 0 0
-0.122718 1.3499 0 7 0 0 0
-0.0490874 1.22718 0 6 6 0 0
-0.0736311 1.20264 0 7 3 0 2
-0.0859029 1.19037 0 8 0 0 0
-0.0859029 1.21491 0 8 0 0 0
-0.0613592 1.19037 0 8 0 0 0
-0.0613592 1.21491 0 8 0 0 0
-0.0736311 1.25173 0 7 3 0 2
-0.0859029 1.23946 0 8 0 0 0
-0.0859029 1.264 0 8 0 0 0
-0.0613592 1.23946 0 8 0 0 0
-0.0613592 1.264 0 8 0 0 0
-0.0245437 1.20264 0 7 6 0 0
-0.0368155 1.19037 0 8 0 0 2
-0.0368155 1.21491 0 8 0 0 2
-0.0122718 1.19037 0 8 0 0 2
-0.0122718 1.21491 0 8 0 0 2
-0.0245437 1.25173 0 7 6 0 0
-0.0368155 1.23946 0 8 0 0 2
-0.0368155 1.264 0 8 0 0 2
-0.0122718 1.23946 0 8 0 0 2
-0.0122718 1.264 0 8 0 0 2
-0.0490874 1.32536 0 6 6 0 0
-0.0736311 1.30082 0 7 3 0 2
-0.0859029 1.28854 0 8 0 0 0
-0.0859029 1.31309 0 8 0 0 0
-0.0613592 1.28854 0 8 0 0 0
-0.0613592 1.31309 0 8 0 0 0
-0.0736311 1.3499 0 7 3 0 2
-0.0859029 1.33763 0 8 0 0 0
-0.0859029 1.36217 0 8 0 0 0
-0.0613592 1.33763 0 8 0 0 0
-0.0613592 1.36217 0 8 0 0 0
-0.0245437 1.30082 0 7 6 0 0
-0.0368155 1.28854 0 8 0 0 2
-0.0368155 1.31309 0 8 0 0 2
-0.0122718 1.28854 0 8 0 0 2
-0.0122718 1.31309 0 8 0 0 2
-0.0245437 1.3499 0 7 6 0 0
-0.0368155 1.33763 0 8 0 0 2
-0.0368155 1.36217 0 8 0 0 2
-0.0122718 1.33763 0 8 0 0 2
-0.0122718 1.36217 0 8 0 0 2
-0.0981748 1.47262 0 5 6 0 0
-0.147262 1.42353 0 6 3 0 2
-0.171806 1.39899 0 7 0 0 0
-0.171806 1.44808 0 7 0 0 0
-0.122718 1.39899 0 7 0 0 0
-0.122718 1.44808 0 7 0 0 0
-0.147262 1.52171 0 6 3 0 2
-0.171806 1.49717 0 7 0 0 0
-0.171806 1.54625 0 7 0 0 0
-0.122718 1.49717 0 7 0 0 0
-0.122718 1.54625 0 7 0 0 0
-0.0490874 1.42353 0 6 6 0 0
-0.0736311 1.39899 0 7 3 0 2
-0.0859029 1.38672 0 8 0 0 0
-0.0859029 1.41126 0 8 0 0 0
-0.0613592 1.38672 0 8 0 0 0
-0.0613592 1.41126 0 8 0 0 0
-0.0736311 1.44808 0 7 3 0 2
-0.0859029 1.43581 0 8 0 0 0
-0.0859029 1.46035 0 8 0 0 0
-0.0613592 1.43581 0 8 0 0 0
-0.0613592 1.46035 0 8 0 0 0
-0.0245437 1.39899 0 7 6 0 0
-0.0368155 1.38672 0 8 0 0 2
-0.0368155 1.41126 0 8 0 0 2
-0.0122718 1.38672 0 8 0 0 2
-0.0122718 1.41126 0 8 0 0 2
-0.0245437 1.44808 0 7 6 0 0
-0.0368155 1.43581 0 8 0 0 2
-0.0368155 1.46035 0 8 0 0 2
-0.0122718 1.43581 0 8 0 0 2
-0.0122718 1.46035 0 8 0 0 2
-0.0490874 1.52171 0 6 6 0 0
-0.0736311 1.49717 0 7 3 0 2
-0.0859029 1.48489 0 8 0 0 0
-0.0859029 1.50944 0 8 0 0 0
-0.0613592 1.48489 0 8 0 0 0
-0.0613592 1.50944 0 8 0 0 0
-0.0736311 1.54625 0 7 3 0 2
-0.0859029 1.53398 0 8 0 0 0
-0.0859029 1.55852 0 8 0 0 0
-0.0613592 1.53398 0 8 0 0 0
-0.0613592 1.55852 0 8 0 0 0
-0.0245437 1.49717 0 7 6 0 0
-0.0368155 1.48489 0 8 0 0 2
-0.0368155 1.50944 0 8 0 0 2
-0.0122718 1.48489 0 8 0 0 2
-0.0122718 1.50944 0 8 0 0 2
-0.0245437 1.54625 0 7 6 0 0
-0.0368155 1.53398 0 8 0 0 2
-0.0368155 1.55852 0 8 0 0 2
-0.0122718 1.53398 0 8 0 0 2
-0.0122718 1.55852 0 8 0 0 2
-0.785398 2.35619 0 2 4 0 0
-1.1781 1.9635 0 3 3 0 2
-1.37445 1.76715 0 4 0 0 0
-1.37445 2.15984 0 4 0 0 0
-0.981748 1.76715 0 4 0 0 0
-0.981748 2.15984 0 4 0 0 0
-1.1781 2.74889 0 3 2 0 2
-1.37445 2.55254 0 4 0 0 0
-1.37445 2.94524 0 4 0 0 0
-0.981748 2.55254 0 4 0 0 0
-0.981748 2.94524 0 4 0 0 0
-0.392699 1.9635 0 3 6 0 0
-0.589049 1.76715 0 4 3 0 2
-0.687223 1.66897 0 5 0 0 0
-0.687223 1.86532 0 5 0 0 0
-0.490874 1.66897 0 5 0 0 0
-0.490874 1.86532 0 5 0 0 0
-0.589049 2.15984 0 4 3 0 2
-0.687223 2.06167 0 5 0 0 0
-0.687223 2.25802 0 5 0 0 0
-0.490874 2.06167 0 5 0 0 0
-0.490874 2.25802 0 5 0 0 0
-0.19635 1.76715 0 4 6 0 0
-0.294524 1.66897 0 5 3 0 2
-0.343612 1.61988 0 6 0 0 0
-0.343612 1.71806 0 6 0 0 0
-0.245437 1.61988 0 6 0 0 0
-0.245437 1.71806 0 6 0 0 0
-0.294524 1.86532 0 5 3 0 2
-0.343612 1.81623 0 6 0 0 0
-0.343612 1.91441 0 6 0 0 0
-0.245437 1.81623 0 6 0 0 0
-0.245437 1.91441 0 6 0 0 0
-0.0981748 1.66897 0 5 6 0 0
-0.147262 1.61988 0 6 3 0 2
-0.171806 1.59534 0 7 0 0 0
-0.171806 1.64443 0 7 0 0 0
-0.122718 1.59534 0 7 0 0 0
-0.122718 1.64443 0 7 0 0 0
-0.147262 1.71806 0 6 3 0 2
-0.171806 1.69351 0 7 0 0 0
-0.171806 1.7426 0 7 0 0 0
-0.122718 1.69351 0 7 0 0 0
-0.122718 1.7426 0 7 0 0 0
-0.0490874 1.61988 0 6 6 0 0
-0.0736311 1.59534 0 7 3 0 2
-0.0859029 1.58307 0 8 0 0 0
-0.0859029 1.60761 0 8 0 0 0
-0.0613592 1.58307 0 8 0 0 0
-0.0613592 1.60761 0 8 0 0 0
-0.0736311 1.64443 0 7 3 0 2
-0.0859029 1.63216 0 8 0 0 0
-0.0859029 1.6567 0 8 0 0 0
-0.0613592 1.63216 0 8 0 0 0
-0.0613592 1.6567 0 8 0 0 0
-0.0245437 1.59534 0 7 6 0 0
-0.0368155 1.58307 0 8 0 0 2
-0.0368155 1.60761 0 8 0 0 2
-0.0122718 1.58307 0 8 0 0 2
-0.0122718 1.60761 0 8 0 0 2
-0.0245437 1.64443 0 7 6 0 0
-0.0368155 1.63216 0 8 0 0 2
-0.0368155 1.6567 0 8 0 0 2
-0.0122718 1.63216 0 8 0 0 2
-0.0122718 1.6567 0 8 0 0 2
-0.0490874 1.71806 0 6 6 0 0
-0.0736311 1.69351 0 7 3 0 2
-0.0859029 1.68124 0 8 0 0 0
-0.0859029 1.70579 0 8 0 0 0
-0.0613592 1.68124 0 8 0 0 0
-0.0613592 1.70579 0 8 0 0 0
-0.0736311 1.7426 0 7 3 0 2
-0.0859029 1.73033 0 8 0 0 0
-0.0859029 1.75487 0 8 0 0 0
-0.0613592 1.73033 0 8 0 0 0
-0.0613592 1.75487 0 8 0 0 0
-0.0245437 1.69351 0 7 6 0 0
-0.0368155 1.68124 0 8 0 0 2
-0.0368155 1.70579 0 8 0 0 2
-0.0122718 1.68124 0 8 0 0 2
-0.0122718 1.70579 0 8 0 0 2
-0.0245437 1.7426 0 7 6 0 0
-0.0368155 1.73033 0 8 0 0 2
-0.0368155 1.75487 0 8 0 0 2
-0.0122718 1.73033 0 8 0 0 2
-0.0122718 1.75487 0 8 0 0 2
-0.0981748 1.86532 0 5 6 0 0
-0.147262 1.81623 0 6 3 0 2
-0.171806 1.79169 0 7 0 0 0
-0.171806 1.84078 0 7 0 0 0
-0.122718 1.79169 0 7 0 0 0
-0.122718 1.84078 0 7 0 0 0
-0.147262 1.91441 0 6 3 0 2
-0.171806 1.88986 0 7 0 0 0
-0.171806 1.93895 0 7 0 0 0
-0.122718 1.88986 0 7 0 0 0
-0.122718 1.93895 0 7 0 0 0
-0.0490874 1.81623 0 6 6 0 0
-0.0736311 1.79169 0 7 3 0 2
-0.0859029 1.77942 0 8 0 0 0
-0.0859029 1.80396 0 8 0 0 0
-0.0613592 1.77942 0 8 0 0 0
-0.0613592 1.80396 0 8 0 0 0
-0.0736311 1.84078 0 7 3 0 2
-0.0859029 1.82851 0 8 0 0 0
-0.0859029 1.85305 0 8 0 0 0
-0.0613592 1.82851 0 8 0 0 0
-0.0613592 1.85305 0 8 0 0 0
-0.0245437 1.79169 0 7 6 0 0
-0.0368155 1.77942 0 8 0 0 2
-0.0368155 1.80396 0 8 0 0 2
-0.0122718 1.77942 0 8 0 0 2
-0.0122718 1.80396 0 8 0 0 2
-0.0245437 1.84078 0 7 6 0 0
-0.0368155 1.82851 0 8 0 0 2
-0.0368155 1.85305 0 8 0 0 2
-0.0122718 1.82851 0 8 0 0 2
-0.0122718 1.85305 0 8 0 0 2
-0.0490874 1.91441 0 6 6 0 0
-0.0736311 1.88986 0 7 3 0 2
-0.0859029 1.87759 0 8 0 0 0
-0.0859029 1.90214 0 8 0 0 0
-0.0613592 1.87759 0 8 0 0 0
-0.0613592 1.90214 0 8 0 0 0
-0.0736311 1.93895 0 7 3 0 2
-0.0859029 1.92668 0 8 0 0 0
-0.0859029 1.95122 0 8 0 0 0
-0.0613592 1.92668 0 8 0 0 0
-0.0613592 1.95122 0 8 0 0 0
-0.0245437 1.88986 0 7 6 0 0
-0.0368155 1.87759 0 8 0 0 2
-0.0368155 1.90214 0 8 0 0 2
-0.0122718 1.87759 0 8 0 0 2
-0.0122718 1.90214 0 8 0 0 2
-0.0245437 1.93895 0 7 6 0 0
-0.0368155 1.92668 0 8 0 0 2
-0.0368155 1.95122 0 8 0 0 2
-0.0122718 1.92668 0 8 0 0 2
-0.0122718 1.95122 0 8 0 0 2
-0.19635 2.15984 0 4 6 0 0
-0.294524 2.06167 0 5 3 0 2
-0.343612 2.01258 0 6 0 0 0
-0.343612 2.11076 0 6 0 0 0
-0.245437 2.01258 0 6 0 0 0
-0.245437 2.11076 0 6 0 0 0
-0.294524 2.25802 0 5 3 0 2
-0.343612 2.20893 0 6 0 0 0
-0.343612 2.30711 0 6 0 0 0
-0.245437 2.20893 0 6 0 0 0
-0.245437 2.30711 0 6 0 0 0
-0.0981748 2.06167 0 5 6 0 0
-0.147262 2.01258 0 6 3 0 2
-0.171806 1.98804 0 7 0 0 0
-0.171806 2.03713 0 7 0 0 0
-0.122718 1.98804 0 7 0 0 0
-0.122718 2.03713 0 7 0 0 0
-0.147262 2.11076 0 6 3 0 2
-0.171806 2.08621 0 7 0 0 0
-0.171806 2.1353 0 7 0 0 0
-0.122718 2.08621 0 7 0 0 0
-0.122718 2.1353 0 7 0 0 0
-0.0490874 2.01258 0 6 6 0 0
-0.0736311 1.98804 0 7 3 0 2
-0.0859029 1.97577 0 8 0 0 0
-0.0859029 2.00031 0 8 0 0 0
-0.0613592 1.97577 0 8 0 0 0
-0.0613592 2.00031 0 8 0 0 0
-0.0736311 2.03713 0 7 3 0 2
-0.0859029 2.02485 0 8 0 0 0
-0.0859029 2.0494 0 8 0 0 0
-0.0613592 2.02485 0 8 0 0 0
-0.0613592 2.0494 0 8 0 0 0
-0.0245437 1.98804 0 7 6 0 0
-0.0368155 1.97577 0 8 0 0 2
-0.0368155 2.00031 0 8 0 0 2
-0.0122718 1.97577 0 8 0 0 2
-0.0122718 2.00031 0 8 0 0 2
-0.0245437 2.03713 0 7 6 0 0
-0.0368155 2.02485 0 8 0 0 2
-0.0368155 2.0494 0 8 0 0 2
-0.0122718 2.02485 0 8 0 0 2
-0.0122718 2.0494 0 8 0 0 2
-0.0490874 2.11076 0 6 6 0 0
-0.0736311 2.08621 0 7 3 0 2
-0.0859029 2.07394 0 8 0 0 0
-0.0859029 2.09849 0 8 0 0 0
-0.0613592 2.07394 0 8 0 0 0
-0.0613592 2.09849 0 8 0 0 0
-0.0736311 2.1353 0 7 3 0 2
-0.0859029 2.12303 0 8 0 0 0
-0.0859029 2.14757 0 8 0 0 0
-0.0613592 2.12303 0 8 0 0 0
-0.0613592 2.14757 0 8 0 0 0
-0.0245437 2.08621 0 7 6 0 0
-0.0368155 2.07394 0 8 0 0 2
-0.0368155 2.09849 0 8 0 0 2
-0.0122718 2.07394 0 8 0 0 2
-0.0122718 2.09849 0 8 0 0 2
-0.0245437 2.1353 0 7 6 0 0
-0.0368155 2.12303 0 8 0 0 2
-0.0368155 2.14757 0 8 0 0 2
-0.0122718 2.12303 0 8 0 0 2
-0.0122718 2.14757 0 8 0 0 2
-0.0981748 2.25802 0 5 6 0 0
-0.147262 2.20893 0 6 3 0 2
-0.171806 2.18439 0 7 0 0 0
-0.171806 2.23348 0 7 0 0 0
-0.122718 2.18439 0 7 0 0 0
-0.122718 2.23348 0 7 0 0 0
-0.147262 2.30711 0 6 3 0 2
-0.171806 2.28256 0 7 0 0 0
-0.171806 2.33165 0 7 0 0 0
-0.122718 2.28256 0 7 0 0 0
-0.122718 2.33165 0 7 0 0 0
-0.0490874 2.20893 0 6 6 0 0
-0.0736311 2.18439 0 7 3 0 2
-0.0859029 2.17212 0 8 0 0 0
-0.0859029 2.19666 0 8 0 0 0
-0.0613592 2.17212 0 8 0 0 0
-0.0613592 2.19666 0 8 0 0 0
-0.0736311 2.23348 0 7 3 0 2
-0.0859029 2.2212 0 8 0 0 0
-0.0859029 2.24575 0 8 0 0 0
-0.0613592 2.2212 0 8 0 0 0
-0.0613592 2.24575 0 8 0 0 0
-0.0245437 2.18439 0 7 6 0 0
-0.0368155 2.17212 0 8 0 0 2
-0.0368155 2.19666 0 8 0 0 2
-0.0122718 2.17212 0 8 0 0 2
-0.0122718 2.19666 0 8 0 0 2
-0.0245437 2.23348 0 7 6 0 0
-0.0368155 2.2212 0 8 0 0 2
-0.0368155 2.24575 0 8 0 0 2
-0.0122718 2.2212 0 8 0 0 2
-0.0122718 2.24575 0 8 0 0 2
-0.0490874 2.30711 0 6 6 0 0
-0.0736311 2.28256 0 7 3 0 2
-0.0859029 2.27029 0 8 0 0 0
-0.0859029 2.29484 0 8 0 0 0
-0.0613592 2.27029 0 8 0 0 0
-0.0613592 2.29484 0 8 0 0 0
-0.0736311 2.33165 0 7 3 0 2
-0.0859029 2.31938 0 8 0 0 0
-0.0859029 2.34392 0 8 0 0 0
-0.0613592 2.31938 0 8 0 0 0
-0.0613592 2.34392 0 8 0 0 0
-0.0245437 2.28256 0 7 6 0 0
-0.0368155 2.27029 0 8 0 0 2
-0.0368155 2.29484 0 8 0 0 2
-0.0122718 2.27029 0 8 0 0 2
-0.0122718 2.29484 0 8 0 0 2
-0.0245437 2.33165 0 7 6 0 0
-0.0368155 2.31938 0 8 0 0 2
-0.0368155 2.34392 0 8 0 0 2
-0.0122718 2.31938 0 8 0 0 2
-0.0122718 2.34392 0 8 0 0 2
-0.392699 2.74889 0 3 4 0 0
-0.589049 2.55254 0 4 3 0 2
-0.687223 2.45437 0 5 0 0 0
-0.687223 2.65072 0 5 0 0 0
-0.490874 2.45437 0 5 0 0 0
-0.490874 2.65072 0 5 0 0 0
-0.589049 2.94524 0 4 2 0 2
-0.687223 2.84707 0 5 0 0 0
-0.687223 3.04342 0 5 0 0 0
-0.490874 2.84707 0 5 0 0 0
-0.490874 3.04342 0 5 0 0 0
-0.19635 2.55254 0 4 6 0 0
-0.294524 2.45437 0 5 3 0 2
-0.343612 2.40528 0 6 0 0 0
-0.343612 2.50346 0 6 0 0 0
-0.245437 2.40528 0 6 0 0 0
-0.245437 2.50346 0 6 0 0 0
-0.294524 2.65072 0 5 3 0 2
-0.343612 2.60163 0 6 0 0 0
-0.343612 2.69981 0 6 0 0 0
-0.245437 2.60163 0 6 0 0 0
-0.245437 2.69981 0 6 0 0 0
-0.0981748 2.45437 0 5 6 0 0
-0.147262 2.40528 0 6 3 0 2
-0.171806 2.38074 0 7 0 0 0
-0.171806 2.42983 0 7 0 0 0
-0.122718 2.38074 0 7 0 0 0
-0.122718 2.42983 0 7 0 0 0
-0.147262 2.50346 0 6 3 0 2
-0.171806 2.47891 0 7 0 0 0
-0.171806 2.528 0 7 0 0 0
-0.122718 2.47891 0 7 0 0 0
-0.122718 2.528 0 7 0 0 0
-0.0490874 2.40528 0 6 6 0 0
-0.0736311 2.38074 0 7 3 0 2
-0.0859029 2.36847 0 8 0 0 0
-0.0859029 2.39301 0 8 0 0 0
-0.0613592 2.36847 0 8 0 0 0
-0.0613592 2.39301 0 8 0 0 0
-0.0736311 2.42983 0 7 3 0 2
-0.0859029 2.41755 0 8 0 0 0
-0.0859029 2.4421 0 8 0 0 0
-0.0613592 2.41755 0 8 0 0 0
-0.0613592 2.4421 0 8 0 0 0
-0.0245437 2.38074 0 7 6 0 0
-0.0368155 2.36847 0 8 0 0 2
-0.0368155 2.39301 0 8 0 0 2
-0.0122718 2.36847 0 8 0 0 2
-0.0122718 2.39301 0 8 0 0 2
-0.0245437 2.42983 0 7 6 0 0
-0.0368155 2.41755 0 8 0 0 2
-0.0368155 2.4421 0 8 0 0 2
-0.0122718 2.41755 0 8 0 0 2
-0.0122718 2.4421 0 8 0 0 2
-0.0490874 2.50346 0 6 6 0 0
-0.0736311 2.47891 0 7 3 0 2
-0.0859029 2.46664 0 8 0 0 0
-0.0859029 2.49118 0 8 0 0 0
-0.0613592 2.46664 0 8 0 0 0
-0.0613592 2.49118 0 8 0 0 0
-0.0736311 2.528 0 7 3 0 2
-0.0859029 2.51573 0 8 0 0 0
-0.0859029 2.54027 0 8 0 0 0
-0.0613592 2.51573 0 8 0 0 0
-0.0613592 2.54027 0 8 0 0 0
-0.0245437 2.47891 0 7 6 0 0
-0.0368155 2.46664 0 8 0 0 2
-0.0368155 2.49118 0 8 0 0 2
-0.0122718 2.46664 0 8 0 0 2
-0.0122718 2.49118 0 8 0 0 2
-0.0245437 2.528 0 7 6 0 0
-0.0368155 2.51573 0 8 0 0 2
-0.0368155 2.54027 0 8 0 0 2
-0.0122718 2.51573 0 8 0 0 2
-0.0122718 2.54027 0 8 0 0 2
-0.0981748 2.65072 0 5 6 0 0
-0.147262 2.60163 0 6 3 0 2
-0.171806 2.57709 0 7 0 0 0
-0.171806 2.62618 0 7 0 0 0
-0.122718 2.57709 0 7 0 0 0
-0.122718 2.62618 0 7 0 0 0
-0.147262 2.69981 0 6 3 0 2
-0.171806 2.67526 0 7 0 0 0
-0.171806 2.72435 0 7 0 0 0
-0.122718 2.67526 0 7 0 0 0
-0.122718 2.72435 0 7 0 0 0
-0.0490874 2.60163 0 6 6 0 0
-0.0736311 2.57709 0 7 3 0 2
-0.0859029 2.56482 0 8 0 0 0
-0.0859029 2.58936 0 8 0 0 0
-0.0613592 2.56482 0 8 0 0 0
-0.0613592 2.58936 0 8 0 0 0
-0.0736311 2.62618 0 7 3 0 2
-0.0859029 2.6139 0 8 0 0 0
-0.0859029 2.63845 0 8 0 0 0
-0.0613592 2.6139 0 8 0 0 0
-0.0613592 2.63845 0 8 0 0 0
-0.0245437 2.57709 0 7 6 0 0
-0.0368155 2.56482 0 8 0 0 2
-0.0368155 2.58936 0 8 0 0 2
-0.0122718 2.56482 0 8 0 0 2
-0.0122718 2.58936 0 8 0 0 2
-0.0245437 2.62618 0 7 6 0 0
-0.0368155 2.6139 0 8 0 0 2
-0.0368155 2.63845 0 8 0 0 2
-0.0122718 2.6139 0 8 0 0 2
-0.0122718 2.63845 0 8 0 0 2
-0.0490874 2.69981 0 6 6 0 0
-0.0736311 2.67526 0 7 3 0 2
-0.0859029 2.66299 0 8 0 0 0
-0.0859029 2.68753 0 8 0 0 0
-0.0613592 2.66299 0 8 0 0 0
-0.0613592 2.68753 0 8 0 0 0
-0.0736311 2.72435 0 7 3 0 2
-0.0859029 2.71208 0 8 0 0 0
-0.0859029 2.73662 0 8 0 0 0
-0.0613592 2.71208 0 8 0 0 0
-0.0613592 2.73662 0 8 0 0 0
-0.0245437 2.67526 0 7 6 0 0
-0.0368155 2.66299 0 8 0 0 2
-0.0368155 2.68753 0 8 0 0 2
-0.0122718 2.66299 0 8 0 0 2
-0.0122718 2.68753 0 8 0 0 2
-0.0245437 2.72435 0 7 6 0 0
-0.0368155 2.71208 0 8 0 0 2
-0.0368155 2.73662 0 8 0 0 2
-0.0122718 2.71208 0 8 0 0 2
-0.0122718 2.73662 0 8 0 0 2
-0.19635 2.94524 0 4 4 0 0
-0.294524 2.84707 0 5 3 0 2
-0.343612 2.79798 0 6 0 0 0
-0.343612 2.89616 0 6 0 0 0
-0.245437 2.79798 0 6 0 0 0
-0.245437 2.89616 0 6 0 0 0
-0.294524 3.04342 0 5 2 0 2
-0.343612 2.99433 0 6 0 0 0
-0.343612 3.09251 0 6 0 0 0
-0.245437 2.99433 0 6 0 0 0
-0.245437 3.09251 0 6 0 0 0
-0.0981748 2.84707 0 5 6 0 0
-0.147262 2.79798 0 6 3 0 2
-0.171806 2.77344 0 7 0 0 0
-0.171806 2.82252 0 7 0 0 0
-0.122718 2.77344 0 7 0 0 0
-0.122718 2.82252 0 7 0 0 0
-0.147262 2.89616 0 6 3 0 2
-0.171806 2.87161 0 7 0 0 0
-0.171806 2.9207 0 7 0 0 0
-0.122718 2.87161 0 7 0 0 0
-0.122718 2.9207 0 7 0 0 0
-0.0490874 2.79798 0 6 6 0 0
-0.0736311 2.77344 0 7 3 0 2
-0.0859029 2.76117 0 8 0 0 0
-0.0859029 2.78571 0 8 0 0 0
-0.0613592 2.76117 0 8 0 0 0
-0.0613592 2.78571 0 8 0 0 0
-0.0736311 2.82252 0 7 3 0 2
-0.0859029 2.81025 0 8 0 0 0
-0.0859029 2.8348 0 8 0 0 0
-0.0613592 2.81025 0 8 0 0 0
-0.0613592 2.8348 0 8 0 0 0
-0.0245437 2.77344 0 7 6 0 0
-0.0368155 2.76117 0 8 0 0 2
-0.0368155 2.78571 0 8 0 0 2
-0.0122718 2.76117 0 8 0 0 2
-0.0122718 2.78571 0 8 0 0 2
-0.0245437 2.82252 0 7 6 0 0
-0.0368155 2.81025 0 8 0 0 2
-0.0368155 2.8348 0 8 0 0 2
-0.0122718 2.81025 0 8 0 0 2
-0.0122718 2.8348 0 8 0 0 2
-0.0490874 2.89616 0 6 6 0 0
-0.0736311 2.87161 0 7 3 0 2
-0.0859029 2.85934 0 8 0 0 0
-0.0859029 2.88388 0 8 0 0 0
-0.0613592 2.85934 0 8 0 0 0
-0.0613592 2.88388 0 8 0 0 0
-0.0736311 2.9207 0 7 3 0 2
-0.0859029 2.90843 0 8 0 0 0
-0.0859029 2.93297 0 8 0 0 0
-0.0613592 2.90843 0 8 0 0 0
-0.0613592 2.93297 0 8 0 0 0
-0.0245437 2.87161 0 7 6 0 0
-0.0368155 2.85934 0 8 0 0 2
-0.0368155 2.88388 0 8 0 0 2
-0.0122718 2.85934 0 8 0 0 2
-0.0122718 2.88388 0 8 0 0 2
-0.0245437 2.9207 0 7 6 0 0
-0.0368155 2.90843 0 8 0 0 2
-0.0368155 2.93297 0 8 0 0 2
-0.0122718 2.90843 0 8 0 0 2
-0.0122718 2.93297 0 8 0 0 2
-0.0981748 3.04342 0 5 4 0 0
-0.147262 2.99433 0 6 3 0 2
-0.171806 2.96979 0 7 0 0 0
-0.171806 3.01887 0 7 0 0 0
-0.122718 2.96979 0 7 0 0 0
-0.122718 3.01887 0 7 0 0 0
-0.147262 3.09251 0 6 2 0 2
-0.171806 3.06796 0 7 0 0 0
-0.171806 3.11705 0 7 0 0 0
-0.122718 3.06796 0 7 0 0 0
-0.122718 3.11705 0 7 0 0 0
-0.0490874 2.99433 0 6 6 0 0
-0.0736311 2.96979 0 7 3 0 2
-0.0859029 2.95751 0 8 0 0 0
-0.0859029 2.98206 0 8 0 0 0
-0.0613592 2.95751 0 8 0 0 0
-0.0613592 2.98206 0 8 0 0 0
-0.0736311 3.01887 0 7 3 0 2
-0.0859029 3.0066 0 8 0 0 0
-0.0859029 3.03115 0 8 0 0 0
-0.0613592 3.0066 0 8 0 0 0
-0.0613592 3.03115 0 8 0 0 0
-0.0245437 2.96979 0 7 6 0 0
-0.0368155 2.95751 0 8 0 0 2
-0.0368155 2.98206 0 8 0 0 2
-0.0122718 2.95751 0 8 0 0 2
-0.0122718 2.98206 0 8 0 0 2
-0.0245437 3.01887 0 7 6 0 0
-0.0368155 3.0066 0 8 0 0 2
-0.0368155 3.03115 0 8 0 0 2
-0.0122718 3.0066 0 8 0 0 2
-0.0122718 3.03115 0 8 0 0 2
-0.0490874 3.09251 0 6 4 0 0
-0.0736311 3.06796 0 7 3 0 2
-0.0859029 3.05569 0 8 0 0 0
-0.0859029 3.08023 0 8 0 0 0
-0.0613592 3.05569 0 8 0 0 0
-0.0613592 3.08023 0 8 0 0 0
-0.0736311 3.11705 0 7 2 0 2
-0.0859029 3.10478 0 8 0 0 0
-0.0859029 3.12932 0 8 0 0 0
-0.0613592 3.10478 0 8 0 0 0
-0.0613592 3.12932 0 8 0 0 0
-0.0245437 3.06796 0 7 6 0 0
-0.0368155 3.05569 0 8 0 0 2
-0.0368155 3.08023 0 8 0 0 2
-0.0122718 3.05569 0 8 0 0 2
-0.0122718 3.08023 0 8 0 0 2
-0.0245437 3.11705 0 7 4 0 0
-0.0368155 3.10478 0 8 0 0 2
-0.0368155 3.12932 0 8 0 0 2
-0.0122718 3.10478 0 8 0 0 2
-0.0122718 3.12932 0 8 0 0 2
