-1.5708 -1.5708 0 0 1
-1.5708 1.5708 0 0 1
-2.35619 -2.35619 0 0 2
-2.35619 -0.785398 0 0 2
-0.785398 -2.35619 0 0 2
-0.785398 -0.785398 0 0 2
-2.35619 0.785398 0 0 2
-2.35619 2.35619 0 0 2
-0.785398 0.785398 0 0 2
-0.785398 2.35619 0 0 2
-1.1781 -2.74889 0 0 3
-1.1781 -1.9635 0 0 3
-0.392699 -2.74889 0 0 3
-0.392699 -1.9635 0 0 3
-1.1781 -1.1781 0 0 3
-1.1781 -0.392699 0 0 3
-0.392699 -1.1781 0 0 3
-0.392699 -0.392699 0 0 3
-1.1781 0.392699 0 0 3
-1.1781 1.1781 0 0 3
-0.392699 0.392699 0 0 3
-0.392699 1.1781 0 0 3
-1.1781 1.9635 0 0 3
-1.1781 2.74889 0 0 3
-0.392699 1.9635 0 0 3
-0.392699 2.74889 0 0 3
-0.589049 -2.94524 0 0 4
-0.589049 -2.55254 0 0 4
-0.19635 -2.94524 0 0 4
-0.19635 -2.55254 0 0 4
-0.589049 -2.15984 0 0 4
-0.589049 -1.76715 0 0 4
-0.19635 -2.15984 0 0 4
-0.19635 -1.76715 0 0 4
-0.589049 -1.37445 0 0 4
-0.589049 -0.981748 0 0 4
-0.19635 -1.37445 0 0 4
-0.19635 -0.981748 0 0 4
-0.589049 -0.589049 0 0 4
-0.589049 -0.19635 0 0 4
-0.19635 -0.589049 0 0 4
-0.19635 -0.19635 0 0 4
-0.589049 0.19635 0 0 4
-0.589049 0.589049 0 0 4
-0.19635 0.19635 0 0 4
-0.19635 0.589049 0 0 4
-0.589049 0.981748 0 0 4
-0.589049 1.37445 0 0 4
-0.19635 0.981748 0 0 4
-0.19635 1.37445 0 0 4
-0.589049 1.76715 0 0 4
-0.589049 2.15984 0 0 4
-0.19635 1.76715 0 0 4
-0.19635 2.15984 0 0 4
-0.589049 2.55254 0 0 4
-0.589049 2.94524 0 0 4
-0.19635 2.55254 0 0 4
-0.19635 2.94524 0 0 4
-0.294524 -3.04342 0 0 5
-0.294524 -2.84707 0 0 5
-0.0981748 -3.04342 0 0 5
-0.0981748 -2.84707 0 0 5
-0.294524 -2.65072 0 0 5
-0.294524 -2.45437 0 0 5
-0.0981748 -2.65072 0 0 5
-0.0981748 -2.45437 0 0 5
-0.294524 -2.25802 0 0 5
-0.294524 -2.06167 0 0 5
-0.0981748 -2.25802 0 0 5
-0.0981748 -2.06167 0 0 5
-0.294524 -1.86532 0 0 5
-0.294524 -1.66897 0 0 5
-0.0981748 -1.86532 0 0 5
-0.0981748 -1.66897 0 0 5
-0.294524 -1.47262 0 0 5
-0.294524 -1.27627 0 0 5
-0.0981748 -1.47262 0 0 5
-0.0981748 -1.27627 0 0 5
-0.294524 -1.07992 0 0 5
-0.294524 -0.883573 0 0 5
-0.0981748 -1.07992 0 0 5
-0.0981748 -0.883573 0 0 5
-0.294524 -0.687223 0 0 5
-0.294524 -0.490874 0 0 5
-0.0981748 -0.687223 0 0 5
-0.0981748 -0.490874 0 0 5
-0.294524 -0.294524 0 0 5
-0.294524 -0.0981748 0 0 5
-0.0981748 -0.294524 0 0 5
-0.0981748 -0.0981748 0 0 5
-0.294524 0.0981748 0 0 5
-0.294524 0.294524 0 0 5
-0.0981748 0.0981748 0 0 5
-0.0981748 0.294524 0 0 5
-0.294524 0.490874 0 0 5
-0.294524 0.687223 0 0 5
-0.0981748 0.490874 0 0 5
-0.0981748 0.687223 0 0 5
-0.294524 0.883573 0 0 5
-0.294524 1.07992 0 0 5
-0.0981748 0.883573 0 0 5
-0.0981748 1.07992 0 0 5
-0.294524 1.27627 0 0 5
-0.294524 1.47262 0 0 5
-0.0981748 1.27627 0 0 5
-0.0981748 1.47262 0 0 5
-0.294524 1.66897 0 0 5
-0.294524 1.86532 0 0 5
-0.0981748 1.66897 0 0 5
-0.0981748 1.86532 0 0 5
-0.294524 2.06167 0 0 5
-0.294524 2.25802 0 0 5
-0.0981748 2.06167 0 0 5
-0.0981748 2.25802 0 0 5
-0.294524 2.45437 0 0 5
-0.294524 2.65072 0 0 5
-0.0981748 2.45437 0 0 5
-0.0981748 2.65072 0 0 5
-0.294524 2.84707 0 0 5
-0.294524 3.04342 0 0 5
-0.0981748 2.84707 0 0 5
-0.0981748 3.04342 0 0 5
-0.147262 -3.09251 0 0 6
-0.147262 -2.99433 0 0 6
-0.0490874 -3.09251 0 0 6
-0.0490874 -2.99433 0 0 6
-0.147262 -2.89616 0 0 6
-0.147262 -2.79798 0 0 6
-0.0490874 -2.89616 0 0 6
-0.0490874 -2.79798 0 0 6
-0.147262 -2.69981 0 0 6
-0.147262 -2.60163 0 0 6
-0.0490874 -2.69981 0 0 6
-0.0490874 -2.60163 0 0 6
-0.147262 -2.50346 0 0 6
-0.147262 -2.40528 0 0 6
-0.0490874 -2.50346 0 0 6
-0.0490874 -2.40528 0 0 6
-0.147262 -2.30711 0 0 6
-0.147262 -2.20893 0 0 6
-0.0490874 -2.30711 0 0 6
-0.0490874 -2.20893 0 0 6
-0.147262 -2.11076 0 0 6
-0.147262 -2.01258 0 0 6
-0.0490874 -2.11076 0 0 6
-0.0490874 -2.01258 0 0 6
-0.147262 -1.91441 0 0 6
-0.147262 -1.81623 0 0 6
-0.0490874 -1.91441 0 0 6
-0.0490874 -1.81623 0 0 6
-0.147262 -1.71806 0 0 6
-0.147262 -1.61988 0 0 6
-0.0490874 -1.71806 0 0 6
-0.0490874 -1.61988 0 0 6
-0.147262 -1.52171 0 0 6
-0.147262 -1.42353 0 0 6
-0.0490874 -1.52171 0 0 6
-0.0490874 -1.42353 0 0 6
-0.147262 -1.32536 0 0 6
-0.147262 -1.22718 0 0 6
-0.0490874 -1.32536 0 0 6
-0.0490874 -1.22718 0 0 6
-0.147262 -1.12901 0 0 6
-0.147262 -1.03084 0 0 6
-0.0490874 -1.12901 0 0 6
-0.0490874 -1.03084 0 0 6
-0.147262 -0.93266 0 0 6
-0.147262 -0.834486 0 0 6
-0.0490874 -0.93266 0 0 6
-0.0490874 -0.834486 0 0 6
-0.147262 -0.736311 0 0 6
-0.147262 -0.638136 0 0 6
-0.0490874 -0.736311 0 0 6
-0.0490874 -0.638136 0 0 6
-0.147262 -0.539961 0 0 6
-0.147262 -0.441786 0 0 6
-0.0490874 -0.539961 0 0 6
-0.0490874 -0.441786 0 0 6
-0.147262 -0.343612 0 0 6
-0.147262 -0.245437 0 0 6
-0.0490874 -0.343612 0 0 6
-0.0490874 -0.245437 0 0 6
-0.147262 -0.147262 0 0 6
-0.147262 -0.0490874 0 0 6
-0.0490874 -0.147262 0 0 6
-0.0490874 -0.0490874 0 0 6
-0.147262 0.0490874 0 0 6
-0.147262 0.147262 0 0 6
-0.0490874 0.0490874 0 0 6
-0.0490874 0.147262 0 0 6
-0.147262 0.245437 0 0 6
-0.147262 0.343612 0 0 6
-0.0490874 0.245437 0 0 6
-0.0490874 0.343612 0 0 6
-0.147262 0.441786 0 0 6
-0.147262 0.539961 0 0 6
-0.0490874 0.441786 0 0 6
-0.0490874 0.539961 0 0 6
-0.147262 0.638136 0 0 6
-0.147262 0.736311 0 0 6
-0.0490874 0.638136 0 0 6
-0.0490874 0.736311 0 0 6
-0.147262 0.834486 0 0 6
-0.147262 0.93266 0 0 6
-0.0490874 0.834486 0 0 6
-0.0490874 0.93266 0 0 6
-0.147262 1.03084 0 0 6
-0.147262 1.12901 0 0 6
-0.0490874 1.03084 0 0 6
-0.0490874 1.12901 0 0 6
-0.147262 1.22718 0 0 6
-0.147262 1.32536 0 0 6
-0.0490874 1.22718 0 0 6
-0.0490874 1.32536 0 0 6
-0.147262 1.42353 0 0 6
-0.147262 1.52171 0 0 6
-0.0490874 1.42353 0 0 6
-0.0490874 1.52171 0 0 6
-0.147262 1.61988 0 0 6
-0.147262 1.71806 0 0 6
-0.0490874 1.61988 0 0 6
-0.0490874 1.71806 0 0 6
-0.147262 1.81623 0 0 6
-0.147262 1.91441 0 0 6
-0.0490874 1.81623 0 0 6
-0.0490874 1.91441 0 0 6
-0.147262 2.01258 0 0 6
-0.147262 2.11076 0 0 6
-0.0490874 2.01258 0 0 6
-0.0490874 2.11076 0 0 6
-0.147262 2.20893 0 0 6
-0.147262 2.30711 0 0 6
-0.0490874 2.20893 0 0 6
-0.0490874 2.30711 0 0 6
-0.147262 2.40528 0 0 6
-0.147262 2.50346 0 0 6
-0.0490874 2.40528 0 0 6
-0.0490874 2.50346 0 0 6
-0.147262 2.60163 0 0 6
-0.147262 2.69981 0 0 6
-0.0490874 2.60163 0 0 6
-0.0490874 2.69981 0 0 6
-0.147262 2.79798 0 0 6
-0.147262 2.89616 0 0 6
-0.0490874 2.79798 0 0 6
-0.0490874 2.89616 0 0 6
-0.147262 2.99433 0 0 6
-0.147262 3.09251 0 0 6
-0.0490874 2.99433 0 0 6
-0.0490874 3.09251 0 0 6
-0.0736311 -3.11705 0 0 7
-0.0736311 -3.06796 0 0 7
-0.0245437 -3.11705 0 0 7
-0.0245437 -3.06796 0 0 7
-0.0736311 -3.01887 0 0 7
-0.0736311 -2.96979 0 0 7
-0.0245437 -3.01887 0 0 7
-0.0245437 -2.96979 0 0 7
-0.0736311 -2.9207 0 0 7
-0.0736311 -2.87161 0 0 7
-0.0245437 -2.9207 0 0 7
-0.0245437 -2.87161 0 0 7
-0.0736311 -2.82252 0 0 7
-0.0736311 -2.77344 0 0 7
-0.0245437 -2.82252 0 0 7
-0.0245437 -2.77344 0 0 7
-0.0736311 -2.72435 0 0 7
-0.0736311 -2.67526 0 0 7
-0.0245437 -2.72435 0 0 7
-0.0245437 -2.67526 0 0 7
-0.0736311 -2.62618 0 0 7
-0.0736311 -2.57709 0 0 7
-0.0245437 -2.62618 0 0 7
-0.0245437 -2.57709 0 0 7
-0.0736311 -2.528 0 0 7
-0.0736311 -2.47891 0 0 7
-0.0245437 -2.528 0 0 7
-0.0245437 -2.47891 0 0 7
-0.0736311 -2.42983 0 0 7
-0.0736311 -2.38074 0 0 7
-0.0245437 -2.42983 0 0 7
-0.0245437 -2.38074 0 0 7
-0.0736311 -2.33165 0 0 7
-0.0736311 -2.28256 0 0 7
-0.0245437 -2.33165 0 0 7
-0.0245437 -2.28256 0 0 7
-0.0736311 -2.23348 0 0 7
-0.0736311 -2.18439 0 0 7
-0.0245437 -2.23348 0 0 7
-0.0245437 -2.18439 0 0 7
-0.0736311 -2.1353 0 0 7
-0.0736311 -2.08621 0 0 7
-0.0245437 -2.1353 0 0 7
-0.0245437 -2.08621 0 0 7
-0.0736311 -2.03713 0 0 7
-0.0736311 -1.98804 0 0 7
-0.0245437 -2.03713 0 0 7
-0.0245437 -1.98804 0 0 7
-0.0736311 -1.93895 0 0 7
-0.0736311 -1.88986 0 0 7
-0.0245437 -1.93895 0 0 7
-0.0245437 -1.88986 0 0 7
-0.0736311 -1.84078 0 0 7
-0.0736311 -1.79169 0 0 7
-0.0245437 -1.84078 0 0 7
-0.0245437 -1.79169 0 0 7
-0.0736311 -1.7426 0 0 7
-0.0736311 -1.69351 0 0 7
-0.0245437 -1.7426 0 0 7
-0.0245437 -1.69351 0 0 7
-0.0736311 -1.64443 0 0 7
-0.0736311 -1.59534 0 0 7
-0.0245437 -1.64443 0 0 7
-0.0245437 -1.59534 0 0 7
-0.0736311 -1.54625 0 0 7
-0.0736311 -1.49717 0 0 7
-0.0245437 -1.54625 0 0 7
-0.0245437 -1.49717 0 0 7
-0.0736311 -1.44808 0 0 7
-0.0736311 -1.39899 0 0 7
-0.0245437 -1.44808 0 0 7
-0.0245437 -1.39899 0 0 7
-0.0736311 -1.3499 0 0 7
-0.0736311 -1.30082 0 0 7
-0.0245437 -1.3499 0 0 7
-0.0245437 -1.30082 0 0 7
-0.0736311 -1.25173 0 0 7
-0.0736311 -1.20264 0 0 7
-0.0245437 -1.25173 0 0 7
-0.0245437 -1.20264 0 0 7
-0.0736311 -1.15355 0 0 7
-0.0736311 -1.10447 0 0 7
-0.0245437 -1.15355 0 0 7
-0.0245437 -1.10447 0 0 7
-0.0736311 -1.05538 0 0 7
-0.0736311 -1.00629 0 0 7
-0.0245437 -1.05538 0 0 7
-0.0245437 -1.00629 0 0 7
-0.0736311 -0.957204 0 0 7
-0.0736311 -0.908117 0 0 7
-0.0245437 -0.957204 0 0 7
-0.0245437 -0.908117 0 0 7
-0.0736311 -0.859029 0 0 7
-0.0736311 -0.809942 0 0 7
-0.0245437 -0.859029 0 0 7
-0.0245437 -0.809942 0 0 7
-0.0736311 -0.760854 0 0 7
-0.0736311 -0.711767 0 0 7
-0.0245437 -0.760854 0 0 7
-0.0245437 -0.711767 0 0 7
-0.0736311 -0.66268 0 0 7
-0.0736311 -0.613592 0 0 7
-0.0245437 -0.66268 0 0 7
-0.0245437 -0.613592 0 0 7
-0.0736311 -0.564505 0 0 7
-0.0736311 -0.515418 0 0 7
-0.0245437 -0.564505 0 0 7
-0.0245437 -0.515418 0 0 7
-0.0736311 -0.46633 0 0 7
-0.0736311 -0.417243 0 0 7
-0.0245437 -0.46633 0 0 7
-0.0245437 -0.417243 0 0 7
-0.0736311 -0.368155 0 0 7
-0.0736311 -0.319068 0 0 7
-0.0245437 -0.368155 0 0 7
-0.0245437 -0.319068 0 0 7
-0.0736311 -0.269981 0 0 7
-0.0736311 -0.220893 0 0 7
-0.0245437 -0.269981 0 0 7
-0.0245437 -0.220893 0 0 7
-0.0736311 -0.171806 0 0 7
-0.0736311 -0.122718 0 0 7
-0.0245437 -0.171806 0 0 7
-0.0245437 -0.122718 0 0 7
-0.0736311 -0.0736311 0 0 7
-0.0736311 -0.0245437 0 0 7
-0.0245437 -0.0736311 0 0 7
-0.0245437 -0.0245437 0 0 7
-0.0736311 0.0245437 0 0 7
-0.0736311 0.0736311 0 0 7
-0.0245437 0.0245437 0 0 7
-0.0245437 0.0736311 0 0 7
-0.0736311 0.122718 0 0 7
-0.0736311 0.171806 0 0 7
-0.0245437 0.122718 0 0 7
-0.0245437 0.171806 0 0 7
-0.0736311 0.220893 0 0 7
-0.0736311 0.269981 0 0 7
-0.0245437 0.220893 0 0 7
-0.0245437 0.269981 0 0 7
-0.0736311 0.319068 0 0 7
-0.0736311 0.368155 0 0 7
-0.0245437 0.319068 0 0 7
-0.0245437 0.368155 0 0 7
-0.0736311 0.417243 0 0 7
-0.0736311 0.46633 0 0 7
-0.0245437 0.417243 0 0 7
-0.0245437 0.46633 0 0 7
-0.0736311 0.515418 0 0 7
-0.0736311 0.564505 0 0 7
-0.0245437 0.515418 0 0 7
-0.0245437 0.564505 0 0 7
-0.0736311 0.613592 0 0 7
-0.0736311 0.66268 0 0 7
-0.0245437 0.613592 0 0 7
-0.0245437 0.66268 0 0 7
-0.0736311 0.711767 0 0 7
-0.0736311 0.760854 0 0 7
-0.0245437 0.711767 0 0 7
-0.0245437 0.760854 0 0 7
-0.0736311 0.809942 0 0 7
-0.0736311 0.859029 0 0 7
-0.0245437 0.809942 0 0 7
-0.0245437 0.859029 0 0 7
-0.0736311 0.908117 0 0 7
-0.0736311 0.957204 0 0 7
-0.0245437 0.908117 0 0 7
-0.0245437 0.957204 0 0 7
-0.0736311 1.00629 0 0 7
-0.0736311 1.05538 0 0 7
-0.0245437 1.00629 0 0 7
-0.0245437 1.05538 0 0 7
-0.0736311 1.10447 0 0 7
-0.0736311 1.15355 0 0 7
-0.0245437 1.10447 0 0 7
-0.0245437 1.15355 0 0 7
-0.0736311 1.20264 0 0 7
-0.0736311 1.25173 0 0 7
-0.0245437 1.20264 0 0 7
-0.0245437 1.25173 0 0 7
-0.0736311 1.30082 0 0 7
-0.0736311 1.3499 0 0 7
-0.0245437 1.30082 0 0 7
-0.0245437 1.3499 0 0 7
-0.0736311 1.39899 0 0 7
-0.0736311 1.44808 0 0 7
-0.0245437 1.39899 0 0 7
-0.0245437 1.44808 0 0 7
-0.0736311 1.49717 0 0 7
-0.0736311 1.54625 0 0 7
-0.0245437 1.49717 0 0 7
-0.0245437 1.54625 0 0 7
-0.0736311 1.59534 0 0 7
-0.0736311 1.64443 0 0 7
-0.0245437 1.59534 0 0 7
-0.0245437 1.64443 0 0 7
-0.0736311 1.69351 0 0 7
-0.0736311 1.7426 0 0 7
-0.0245437 1.69351 0 0 7
-0.0245437 1.7426 0 0 7
-0.0736311 1.79169 0 0 7
-0.0736311 1.84078 0 0 7
-0.0245437 1.79169 0 0 7
-0.0245437 1.84078 0 0 7
-0.0736311 1.88986 0 0 7
-0.0736311 1.93895 0 0 7
-0.0245437 1.88986 0 0 7
-0.0245437 1.93895 0 0 7
-0.0736311 1.98804 0 0 7
-0.0736311 2.03713 0 0 7
-0.0245437 1.98804 0 0 7
-0.0245437 2.03713 0 0 7
-0.0736311 2.08621 0 0 7
-0.0736311 2.1353 0 0 7
-0.0245437 2.08621 0 0 7
-0.0245437 2.1353 0 0 7
-0.0736311 2.18439 0 0 7
-0.0736311 2.23348 0 0 7
-0.0245437 2.18439 0 0 7
-0.0245437 2.23348 0 0 7
-0.0736311 2.28256 0 0 7
-0.0736311 2.33165 0 0 7
-0.0245437 2.28256 0 0 7
-0.0245437 2.33165 0 0 7
-0.0736311 2.38074 0 0 7
-0.0736311 2.42983 0 0 7
-0.0245437 2.38074 0 0 7
-0.0245437 2.42983 0 0 7
-0.0736311 2.47891 0 0 7
-0.0736311 2.528 0 0 7
-0.0245437 2.47891 0 0 7
-0.0245437 2.528 0 0 7
-0.0736311 2.57709 0 0 7
-0.0736311 2.62618 0 0 7
-0.0245437 2.57709 0 0 7
-0.0245437 2.62618 0 0 7
-0.0736311 2.67526 0 0 7
-0.0736311 2.72435 0 0 7
-0.0245437 2.67526 0 0 7
-0.0245437 2.72435 0 0 7
-0.0736311 2.77344 0 0 7
-0.0736311 2.82252 0 0 7
-0.0245437 2.77344 0 0 7
-0.0245437 2.82252 0 0 7
-0.0736311 2.87161 0 0 7
-0.0736311 2.9207 0 0 7
-0.0245437 2.87161 0 0 7
-0.0245437 2.9207 0 0 7
-0.0736311 2.96979 0 0 7
-0.0736311 3.01887 0 0 7
-0.0245437 2.96979 0 0 7
-0.0245437 3.01887 0 0 7
-0.0736311 3.06796 0 0 7
-0.0736311 3.11705 0 0 7
-0.0245437 3.06796 0 0 7
-0.0245437 3.11705 0 0 7
-0.0368155 -3.12932 0 0 8
-0.0368155 -3.10478 0 0 8
-0.0122718 -3.12932 0 0 8
-0.0122718 -3.10478 0 0 8
-0.0368155 -3.08023 0 0 8
-0.0368155 -3.05569 0 0 8
-0.0122718 -3.08023 0 0 8
-0.0122718 -3.05569 0 0 8
-0.0368155 -3.03115 0 0 8
-0.0368155 -3.0066 0 0 8
-0.0122718 -3.03115 0 0 8
-0.0122718 -3.0066 0 0 8
-0.0368155 -2.98206 0 0 8
-0.0368155 -2.95751 0 0 8
-0.0122718 -2.98206 0 0 8
-0.0122718 -2.95751 0 0 8
-0.0368155 -2.93297 0 0 8
-0.0368155 -2.90843 0 0 8
-0.0122718 -2.93297 0 0 8
-0.0122718 -2.90843 0 0 8
-0.0368155 -2.88388 0 0 8
-0.0368155 -2.85934 0 0 8
-0.0122718 -2.88388 0 0 8
-0.0122718 -2.85934 0 0 8
-0.0368155 -2.8348 0 0 8
-0.0368155 -2.81025 0 0 8
-0.0122718 -2.8348 0 0 8
-0.0122718 -2.81025 0 0 8
-0.0368155 -2.78571 0 0 8
-0.0368155 -2.76117 0 0 8
-0.0122718 -2.78571 0 0 8
-0.0122718 -2.76117 0 0 8
-0.0368155 -2.73662 0 0 8
-0.0368155 -2.71208 0 0 8
-0.0122718 -2.73662 0 0 8
-0.0122718 -2.71208 0 0 8
-0.0368155 -2.68753 0 0 8
-0.0368155 -2.66299 0 0 8
-0.0122718 -2.68753 0 0 8
-0.0122718 -2.66299 0 0 8
-0.0368155 -2.63845 0 0 8
-0.0368155 -2.6139 0 0 8
-0.0122718 -2.63845 0 0 8
-0.0122718 -2.6139 0 0 8
-0.0368155 -2.58936 0 0 8
-0.0368155 -2.56482 0 0 8
-0.0122718 -2.58936 0 0 8
-0.0122718 -2.56482 0 0 8
-0.0368155 -2.54027 0 0 8
-0.0368155 -2.51573 0 0 8
-0.0122718 -2.54027 0 0 8
-0.0122718 -2.51573 0 0 8
-0.0368155 -2.49118 0 0 8
-0.0368155 -2.46664 0 0 8
-0.0122718 -2.49118 0 0 8
-0.0122718 -2.46664 0 0 8
-0.0368155 -2.4421 0 0 8
-0.0368155 -2.41755 0 0 8
-0.0122718 -2.4421 0 0 8
-0.0122718 -2.41755 0 0 8
-0.0368155 -2.39301 0 0 8
-0.0368155 -2.36847 0 0 8
-0.0122718 -2.39301 0 0 8
-0.0122718 -2.36847 0 0 8
-0.0368155 -2.34392 0 0 8
-0.0368155 -2.31938 0 0 8
-0.0122718 -2.34392 0 0 8
-0.0122718 -2.31938 0 0 8
-0.0368155 -2.29484 0 0 8
-0.0368155 -2.27029 0 0 8
-0.0122718 -2.29484 0 0 8
-0.0122718 -2.27029 0 0 8
-0.0368155 -2.24575 0 0 8
-0.0368155 -2.2212 0 0 8
-0.0122718 -2.24575 0 0 8
-0.0122718 -2.2212 0 0 8
-0.0368155 -2.19666 0 0 8
-0.0368155 -2.17212 0 0 8
-0.0122718 -2.19666 0 0 8
-0.0122718 -2.17212 0 0 8
-0.0368155 -2.14757 0 0 8
-0.0368155 -2.12303 0 0 8
-0.0122718 -2.14757 0 0 8
-0.0122718 -2.12303 0 0 8
-0.0368155 -2.09849 0 0 8
-0.0368155 -2.07394 0 0 8
-0.0122718 -2.09849 0 0 8
-0.0122718 -2.07394 0 0 8
-0.0368155 -2.0494 0 0 8
-0.0368155 -2.02485 0 0 8
-0.0122718 -2.0494 0 0 8
-0.0122718 -2.02485 0 0 8
-0.0368155 -2.00031 0 0 8
-0.0368155 -1.97577 0 0 8
-0.0122718 -2.00031 0 0 8
-0.0122718 -1.97577 0 0 8
-0.0368155 -1.95122 0 0 8
-0.0368155 -1.92668 0 0 8
-0.0122718 -1.95122 0 0 8
-0.0122718 -1.92668 0 0 8
-0.0368155 -1.90214 0 0 8
-0.0368155 -1.87759 0 0 8
-0.0122718 -1.90214 0 0 8
-0.0122718 -1.87759 0 0 8
-0.0368155 -1.85305 0 0 8
-0.0368155 -1.82851 0 0 8
-0.0122718 -1.85305 0 0 8
-0.0122718 -1.82851 0 0 8
-0.0368155 -1.80396 0 0 8
-0.0368155 -1.77942 0 0 8
-0.0122718 -1.80396 0 0 8
-0.0122718 -1.77942 0 0 8
-0.0368155 -1.75487 0 0 8
-0.0368155 -1.73033 0 0 8
-0.0122718 -1.75487 0 0 8
-0.0122718 -1.73033 0 0 8
-0.0368155 -1.70579 0 0 8
-0.0368155 -1.68124 0 0 8
-0.0122718 -1.70579 0 0 8
-0.0122718 -1.68124 0 0 8
-0.0368155 -1.6567 0 0 8
-0.0368155 -1.63216 0 0 8
-0.0122718 -1.6567 0 0 8
-0.0122718 -1.63216 0 0 8
-0.0368155 -1.60761 0 0 8
-0.0368155 -1.58307 0 0 8
-0.0122718 -1.60761 0 0 8
-0.0122718 -1.58307 0 0 8
-0.0368155 -1.55852 0 0 8
-0.0368155 -1.53398 0 0 8
-0.0122718 -1.55852 0 0 8
-0.0122718 -1.53398 0 0 8
-0.0368155 -1.50944 0 0 8
-0.0368155 -1.48489 0 0 8
-0.0122718 -1.50944 0 0 8
-0.0122718 -1.48489 0 0 8
-0.0368155 -1.46035 0 0 8
-0.0368155 -1.43581 0 0 8
-0.0122718 -1.46035 0 0 8
-0.0122718 -1.43581 0 0 8
-0.0368155 -1.41126 0 0 8
-0.0368155 -1.38672 0 0 8
-0.0122718 -1.41126 0 0 8
-0.0122718 -1.38672 0 0 8
-0.0368155 -1.36217 0 0 8
-0.0368155 -1.33763 0 0 8
-0.0122718 -1.36217 0 0 8
-0.0122718 -1.33763 0 0 8
-0.0368155 -1.31309 0 0 8
-0.0368155 -1.28854 0 0 8
-0.0122718 -1.31309 0 0 8
-0.0122718 -1.28854 0 0 8
-0.0368155 -1.264 0 0 8
-0.0368155 -1.23946 0 0 8
-0.0122718 -1.264 0 0 8
-0.0122718 -1.23946 0 0 8
-0.0368155 -1.21491 0 0 8
-0.0368155 -1.19037 0 0 8
-0.0122718 -1.21491 0 0 8
-0.0122718 -1.19037 0 0 8
-0.0368155 -1.16583 0 0 8
-0.0368155 -1.14128 0 0 8
-0.0122718 -1.16583 0 0 8
-0.0122718 -1.14128 0 0 8
-0.0368155 -1.11674 0 0 8
-0.0368155 -1.09219 0 0 8
-0.0122718 -1.11674 0 0 8
-0.0122718 -1.09219 0 0 8
-0.0368155 -1.06765 0 0 8
-0.0368155 -1.04311 0 0 8
-0.0122718 -1.06765 0 0 8
-0.0122718 -1.04311 0 0 8
-0.0368155 -1.01856 0 0 8
-0.0368155 -0.99402 0 0 8
-0.0122718 -1.01856 0 0 8
-0.0122718 -0.99402 0 0 8
-0.0368155 -0.969476 0 0 8
-0.0368155 -0.944932 0 0 8
-0.0122718 -0.969476 0 0 8
-0.0122718 -0.944932 0 0 8
-0.0368155 -0.920388 0 0 8
-0.0368155 -0.895845 0 0 8
-0.0122718 -0.920388 0 0 8
-0.0122718 -0.895845 0 0 8
-0.0368155 -0.871301 0 0 8
-0.0368155 -0.846757 0 0 8
-0.0122718 -0.871301 0 0 8
-0.0122718 -0.846757 0 0 8
-0.0368155 -0.822214 0 0 8
-0.0368155 -0.79767 0 0 8
-0.0122718 -0.822214 0 0 8
-0.0122718 -0.79767 0 0 8
-0.0368155 -0.773126 0 0 8
-0.0368155 -0.748583 0 0 8
-0.0122718 -0.773126 0 0 8
-0.0122718 -0.748583 0 0 8
-0.0368155 -0.724039 0 0 8
-0.0368155 -0.699495 0 0 8
-0.0122718 -0.724039 0 0 8
-0.0122718 -0.699495 0 0 8
-0.0368155 -0.674952 0 0 8
-0.0368155 -0.650408 0 0 8
-0.0122718 -0.674952 0 0 8
-0.0122718 -0.650408 0 0 8
-0.0368155 -0.625864 0 0 8
-0.0368155 -0.60132 0 0 8
-0.0122718 -0.625864 0 0 8
-0.0122718 -0.60132 0 0 8
-0.0368155 -0.576777 0 0 8
-0.0368155 -0.552233 0 0 8
-0.0122718 -0.576777 0 0 8
-0.0122718 -0.552233 0 0 8
-0.0368155 -0.527689 0 0 8
-0.0368155 -0.503146 0 0 8
-0.0122718 -0.527689 0 0 8
-0.0122718 -0.503146 0 0 8
-0.0368155 -0.478602 0 0 8
-0.0368155 -0.454058 0 0 8
-0.0122718 -0.478602 0 0 8
-0.0122718 -0.454058 0 0 8
-0.0368155 -0.429515 0 0 8
-0.0368155 -0.404971 0 0 8
-0.0122718 -0.429515 0 0 8
-0.0122718 -0.404971 0 0 8
-0.0368155 -0.380427 0 0 8
-0.0368155 -0.355884 0 0 8
-0.0122718 -0.380427 0 0 8
-0.0122718 -0.355884 0 0 8
-0.0368155 -0.33134 0 0 8
-0.0368155 -0.306796 0 0 8
-0.0122718 -0.33134 0 0 8
-0.0122718 -0.306796 0 0 8
-0.0368155 -0.282252 0 0 8
-0.0368155 -0.257709 0 0 8
-0.0122718 -0.282252 0 0 8
-0.0122718 -0.257709 0 0 8
-0.0368155 -0.233165 0 0 8
-0.0368155 -0.208621 0 0 8
-0.0122718 -0.233165 0 0 8
-0.0122718 -0.208621 0 0 8
-0.0368155 -0.184078 0 0 8
-0.0368155 -0.159534 0 0 8
-0.0122718 -0.184078 0 0 8
-0.0122718 -0.159534 0 0 8
-0.0368155 -0.13499 0 0 8
-0.0368155 -0.110447 0 0 8
-0.0122718 -0.13499 0 0 8
-0.0122718 -0.110447 0 0 8
-0.0368155 -0.0859029 0 0 8
-0.0368155 -0.0613592 0 0 8
-0.0122718 -0.0859029 0 0 8
-0.0122718 -0.0613592 0 0 8
-0.0368155 -0.0368155 0 0 8
-0.0368155 -0.0122718 0 0 8
-0.0122718 -0.0368155 0 0 8
-0.0122718 -0.0122718 0 0 8
-0.0368155 0.0122718 0 0 8
-0.0368155 0.0368155 0 0 8
-0.0122718 0.0122718 0 0 8
-0.0122718 0.0368155 0 0 8
-0.0368155 0.0613592 0 0 8
-0.0368155 0.0859029 0 0 8
-0.0122718 0.0613592 0 0 8
-0.0122718 0.0859029 0 0 8
-0.0368155 0.110447 0 0 8
-0.0368155 0.13499 0 0 8
-0.0122718 0.110447 0 0 8
-0.0122718 0.13499 0 0 8
-0.0368155 0.159534 0 0 8
-0.0368155 0.184078 0 0 8
-0.0122718 0.159534 0 0 8
-0.0122718 0.184078 0 0 8
-0.0368155 0.208621 0 0 8
-0.0368155 0.233165 0 0 8
-0.0122718 0.208621 0 0 8
-0.0122718 0.233165 0 0 8
-0.0368155 0.257709 0 0 8
-0.0368155 0.282252 0 0 8
-0.0122718 0.257709 0 0 8
-0.0122718 0.282252 0 0 8
-0.0368155 0.306796 0 0 8
-0.0368155 0.33134 0 0 8
-0.0122718 0.306796 0 0 8
-0.0122718 0.33134 0 0 8
-0.0368155 0.355884 0 0 8
-0.0368155 0.380427 0 0 8
-0.0122718 0.355884 0 0 8
-0.0122718 0.380427 0 0 8
-0.0368155 0.404971 0 0 8
-0.0368155 0.429515 0 0 8
-0.0122718 0.404971 0 0 8
-0.0122718 0.429515 0 0 8
-0.0368155 0.454058 0 0 8
-0.0368155 0.478602 0 0 8
-0.0122718 0.454058 0 0 8
-0.0122718 0.478602 0 0 8
-0.0368155 0.503146 0 0 8
-0.0368155 0.527689 0 0 8
-0.0122718 0.503146 0 0 8
-0.0122718 0.527689 0 0 8
-0.0368155 0.552233 0 0 8
-0.0368155 0.576777 0 0 8
-0.0122718 0.552233 0 0 8
-0.0122718 0.576777 0 0 8
-0.0368155 0.60132 0 0 8
-0.0368155 0.625864 0 0 8
-0.0122718 0.60132 0 0 8
-0.0122718 0.625864 0 0 8
-0.0368155 0.650408 0 0 8
-0.0368155 0.674952 0 0 8
-0.0122718 0.650408 0 0 8
-0.0122718 0.674952 0 0 8
-0.0368155 0.699495 0 0 8
-0.0368155 0.724039 0 0 8
-0.0122718 0.699495 0 0 8
-0.0122718 0.724039 0 0 8
-0.0368155 0.748583 0 0 8
-0.0368155 0.773126 0 0 8
-0.0122718 0.748583 0 0 8
-0.0122718 0.773126 0 0 8
-0.0368155 0.79767 0 0 8
-0.0368155 0.822214 0 0 8
-0.0122718 0.79767 0 0 8
-0.0122718 0.822214 0 0 8
-0.0368155 0.846757 0 0 8
-0.0368155 0.871301 0 0 8
-0.0122718 0.846757 0 0 8
-0.0122718 0.871301 0 0 8
-0.0368155 0.895845 0 0 8
-0.0368155 0.920388 0 0 8
-0.0122718 0.895845 0 0 8
-0.0122718 0.920388 0 0 8
-0.0368155 0.944932 0 0 8
-0.0368155 0.969476 0 0 8
-0.0122718 0.944932 0 0 8
-0.0122718 0.969476 0 0 8
-0.0368155 0.99402 0 0 8
-0.0368155 1.01856 0 0 8
-0.0122718 0.99402 0 0 8
-0.0122718 1.01856 0 0 8
-0.0368155 1.04311 0 0 8
-0.0368155 1.06765 0 0 8
-0.0122718 1.04311 0 0 8
-0.0122718 1.06765 0 0 8
-0.0368155 1.09219 0 0 8
-0.0368155 1.11674 0 0 8
-0.0122718 1.09219 0 0 8
-0.0122718 1.11674 0 0 8
-0.0368155 1.14128 0 0 8
-0.0368155 1.16583 0 0 8
-0.0122718 1.14128 0 0 8
-0.0122718 1.16583 0 0 8
-0.0368155 1.19037 0 0 8
-0.0368155 1.21491 0 0 8
-0.0122718 1.19037 0 0 8
-0.0122718 1.21491 0 0 8
-0.0368155 1.23946 0 0 8
-0.0368155 1.264 0 0 8
-0.0122718 1.23946 0 0 8
-0.0122718 1.264 0 0 8
-0.0368155 1.28854 0 0 8
-0.0368155 1.31309 0 0 8
-0.0122718 1.28854 0 0 8
-0.0122718 1.31309 0 0 8
-0.0368155 1.33763 0 0 8
-0.0368155 1.36217 0 0 8
-0.0122718 1.33763 0 0 8
-0.0122718 1.36217 0 0 8
-0.0368155 1.38672 0 0 8
-0.0368155 1.41126 0 0 8
-0.0122718 1.38672 0 0 8
-0.0122718 1.41126 0 0 8
-0.0368155 1.43581 0 0 8
-0.0368155 1.46035 0 0 8
-0.0122718 1.43581 0 0 8
-0.0122718 1.46035 0 0 8
-0.0368155 1.48489 0 0 8
-0.0368155 1.50944 0 0 8
-0.0122718 1.48489 0 0 8
-0.0122718 1.50944 0 0 8
-0.0368155 1.53398 0 0 8
-0.0368155 1.55852 0 0 8
-0.0122718 1.53398 0 0 8
-0.0122718 1.55852 0 0 8
-0.0368155 1.58307 0 0 8
-0.0368155 1.60761 0 0 8
-0.0122718 1.58307 0 0 8
-0.0122718 1.60761 0 0 8
-0.0368155 1.63216 0 0 8
-0.0368155 1.6567 0 0 8
-0.0122718 1.63216 0 0 8
-0.0122718 1.6567 0 0 8
-0.0368155 1.68124 0 0 8
-0.0368155 1.70579 0 0 8
-0.0122718 1.68124 0 0 8
-0.0122718 1.70579 0 0 8
-0.0368155 1.73033 0 0 8
-0.0368155 1.75487 0 0 8
-0.0122718 1.73033 0 0 8
-0.0122718 1.75487 0 0 8
-0.0368155 1.77942 0 0 8
-0.0368155 1.80396 0 0 8
-0.0122718 1.77942 0 0 8
-0.0122718 1.80396 0 0 8
-0.0368155 1.82851 0 0 8
-0.0368155 1.85305 0 0 8
-0.0122718 1.82851 0 0 8
-0.0122718 1.85305 0 0 8
-0.0368155 1.87759 0 0 8
-0.0368155 1.90214 0 0 8
-0.0122718 1.87759 0 0 8
-0.0122718 1.90214 0 0 8
-0.0368155 1.92668 0 0 8
-0.0368155 1.95122 0 0 8
-0.0122718 1.92668 0 0 8
-0.0122718 1.95122 0 0 8
-0.0368155 1.97577 0 0 8
-0.0368155 2.00031 0 0 8
-0.0122718 1.97577 0 0 8
-0.0122718 2.00031 0 0 8
-0.0368155 2.02485 0 0 8
-0.0368155 2.0494 0 0 8
-0.0122718 2.02485 0 0 8
-0.0122718 2.0494 0 0 8
-0.0368155 2.07394 0 0 8
-0.0368155 2.09849 0 0 8
-0.0122718 2.07394 0 0 8
-0.0122718 2.09849 0 0 8
-0.0368155 2.12303 0 0 8
-0.0368155 2.14757 0 0 8
-0.0122718 2.12303 0 0 8
-0.0122718 2.14757 0 0 8
-0.0368155 2.17212 0 0 8
-0.0368155 2.19666 0 0 8
-0.0122718 2.17212 0 0 8
-0.0122718 2.19666 0 0 8
-0.0368155 2.2212 0 0 8
-0.0368155 2.24575 0 0 8
-0.0122718 2.2212 0 0 8
-0.0122718 2.24575 0 0 8
-0.0368155 2.27029 0 0 8
-0.0368155 2.29484 0 0 8
-0.0122718 2.27029 0 0 8
-0.0122718 2.29484 0 0 8
-0.0368155 2.31938 0 0 8
-0.0368155 2.34392 0 0 8
-0.0122718 2.31938 0 0 8
-0.0122718 2.34392 0 0 8
-0.0368155 2.36847 0 0 8
-0.0368155 2.39301 0 0 8
-0.0122718 2.36847 0 0 8
-0.0122718 2.39301 0 0 8
-0.0368155 2.41755 0 0 8
-0.0368155 2.4421 0 0 8
-0.0122718 2.41755 0 0 8
-0.0122718 2.4421 0 0 8
-0.0368155 2.46664 0 0 8
-0.0368155 2.49118 0 0 8
-0.0122718 2.46664 0 0 8
-0.0122718 2.49118 0 0 8
-0.0368155 2.51573 0 0 8
-0.0368155 2.54027 0 0 8
-0.0122718 2.51573 0 0 8
-0.0122718 2.54027 0 0 8
-0.0368155 2.56482 0 0 8
-0.0368155 2.58936 0 0 8
-0.0122718 2.56482 0 0 8
-0.0122718 2.58936 0 0 8
-0.0368155 2.6139 0 0 8
-0.0368155 2.63845 0 0 8
-0.0122718 2.6139 0 0 8
-0.0122718 2.63845 0 0 8
-0.0368155 2.66299 0 0 8
-0.0368155 2.68753 0 0 8
-0.0122718 2.66299 0 0 8
-0.0122718 2.68753 0 0 8
-0.0368155 2.71208 0 0 8
-0.0368155 2.73662 0 0 8
-0.0122718 2.71208 0 0 8
-0.0122718 2.73662 0 0 8
-0.0368155 2.76117 0 0 8
-0.0368155 2.78571 0 0 8
-0.0122718 2.76117 0 0 8
-0.0122718 2.78571 0 0 8
-0.0368155 2.81025 0 0 8
-0.0368155 2.8348 0 0 8
-0.0122718 2.81025 0 0 8
-0.0122718 2.8348 0 0 8
-0.0368155 2.85934 0 0 8
-0.0368155 2.88388 0 0 8
-0.0122718 2.85934 0 0 8
-0.0122718 2.88388 0 0 8
-0.0368155 2.90843 0 0 8
-0.0368155 2.93297 0 0 8
-0.0122718 2.90843 0 0 8
-0.0122718 2.93297 0 0 8
-0.0368155 2.95751 0 0 8
-0.0368155 2.98206 0 0 8
-0.0122718 2.95751 0 0 8
-0.0122718 2.98206 0 0 8
-0.0368155 3.0066 0 0 8
-0.0368155 3.03115 0 0 8
-0.0122718 3.0066 0 0 8
-0.0122718 3.03115 0 0 8
-0.0368155 3.05569 0 0 8
-0.0368155 3.08023 0 0 8
-0.0122718 3.05569 0 0 8
-0.0122718 3.08023 0 0 8
-0.0368155 3.10478 0 0 8
-0.0368155 3.12932 0 0 8
-0.0122718 3.10478 0 0 8
-0.0122718 3.12932 0 0 8
