0 0 0 0 1 0
1.5708 -1.5708 0 1 4 1
0.785398 -2.35619 0 2 6 1
0.392699 -2.74889 0 3 6 1
0.19635 -2.94524 0 4 6 1
0.0981748 -3.04342 0 5 6 1
0.0490874 -3.09251 0 6 6 1
0.0245437 -3.11705 0 7 6 1
0.0122718 -3.12932 0 8 0 1
0.0122718 -3.10478 0 8 0 1
0.0368155 -3.12932 0 8 0 1
0.0368155 -3.10478 0 8 0 1
0.0245437 -3.06796 0 7 9 1
0.0122718 -3.08023 0 8 0 1
0.0122718 -3.05569 0 8 0 1
0.0368155 -3.08023 0 8 0 1
0.0368155 -3.05569 0 8 0 1
0.0736311 -3.11705 0 7 6 1
0.0613592 -3.12932 0 8 0 1
0.0613592 -3.10478 0 8 0 1
0.0859029 -3.12932 0 8 0 1
0.0859029 -3.10478 0 8 0 1
0.0736311 -3.06796 0 7 9 1
0.0490874 -2.99433 0 6 9 1
0.0245437 -3.01887 0 7 9 1
0.0122718 -3.03115 0 8 0 1
0.0122718 -3.0066 0 8 0 1
0.0368155 -3.03115 0 8 0 1
0.0368155 -3.0066 0 8 0 1
0.0245437 -2.96979 0 7 9 1
0.0122718 -2.98206 0 8 0 1
0.0122718 -2.95751 0 8 0 1
0.0368155 -2.98206 0 8 0 1
0.0368155 -2.95751 0 8 0 1
0.0736311 -3.01887 0 7 9 1
0.0736311 -2.96979 0 7 9 1
0.147262 -3.09251 0 6 6 1
0.122718 -3.11705 0 7 6 1
0.110447 -3.12932 0 8 0 1
0.110447 -3.10478 0 8 0 1
0.13499 -3.12932 0 8 0 1
0.13499 -3.10478 0 8 0 1
0.122718 -3.06796 0 7 9 1
0.171806 -3.11705 0 7 6 1
0.159534 -3.12932 0 8 0 1
0.159534 -3.10478 0 8 0 1
0.184078 -3.12932 0 8 0 1
0.184078 -3.10478 0 8 0 1
0.171806 -3.06796 0 7 9 1
0.147262 -2.99433 0 6 9 1
0.0981748 -2.84707 0 5 9 1
0.0490874 -2.89616 0 6 9 1
0.0245437 -2.9207 0 7 9 1
0.0122718 -2.93297 0 8 0 1
0.0122718 -2.90843 0 8 0 1
0.0368155 -2.93297 0 8 0 1
0.0368155 -2.90843 0 8 0 1
0.0245437 -2.87161 0 7 9 1
0.0122718 -2.88388 0 8 0 1
0.0122718 -2.85934 0 8 0 1
0.0368155 -2.88388 0 8 0 1
0.0368155 -2.85934 0 8 0 1
0.0736311 -2.9207 0 7 9 1
0.0736311 -2.87161 0 7 9 1
0.0490874 -2.79798 0 6 9 1
0.0245437 -2.82252 0 7 9 1
0.0122718 -2.8348 0 8 0 1
0.0122718 -2.81025 0 8 0 1
0.0368155 -2.8348 0 8 0 1
0.0368155 -2.81025 0 8 0 1
0.0245437 -2.77344 0 7 9 1
0.0122718 -2.78571 0 8 0 1
0.0122718 -2.76117 0 8 0 1
0.0368155 -2.78571 0 8 0 1
0.0368155 -2.76117 0 8 0 1
0.0736311 -2.82252 0 7 9 1
0.0736311 -2.77344 0 7 9 1
0.147262 -2.89616 0 6 9 1
0.147262 -2.79798 0 6 9 1
0.294524 -3.04342 0 5 6 1
0.245437 -3.09251 0 6 6 1
0.220893 -3.11705 0 7 6 1
0.208621 -3.12932 0 8 0 1
0.208621 -3.10478 0 8 0 1
0.233165 -3.12932 0 8 0 1
0.233165 -3.10478 0 8 0 1
0.220893 -3.06796 0 7 9 1
0.269981 -3.11705 0 7 6 1
0.257709 -3.12932 0 8 0 1
0.257709 -3.10478 0 8 0 1
0.282252 -3.12932 0 8 0 1
0.282252 -3.10478 0 8 0 1
0.269981 -3.06796 0 7 9 1
0.245437 -2.99433 0 6 9 1
0.343612 -3.09251 0 6 6 1
0.319068 -3.11705 0 7 6 1
0.306796 -3.12932 0 8 0 1
0.306796 -3.10478 0 8 0 1
0.33134 -3.12932 0 8 0 1
0.33134 -3.10478 0 8 0 1
0.319068 -3.06796 0 7 9 1
0.368155 -3.11705 0 7 6 1
0.355884 -3.12932 0 8 0 1
0.355884 -3.10478 0 8 0 1
0.380427 -3.12932 0 8 0 1
0.380427 -3.10478 0 8 0 1
0.368155 -3.06796 0 7 9 1
0.343612 -2.99433 0 6 9 1
0.294524 -2.84707 0 5 9 1
0.19635 -2.55254 0 4 9 1
0.0981748 -2.65072 0 5 9 1
0.0490874 -2.69981 0 6 9 1
0.0245437 -2.72435 0 7 9 1
0.0122718 -2.73662 0 8 0 1
0.0122718 -2.71208 0 8 0 1
0.0368155 -2.73662 0 8 0 1
0.0368155 -2.71208 0 8 0 1
0.0245437 -2.67526 0 7 9 1
0.0122718 -2.68753 0 8 0 1
0.0122718 -2.66299 0 8 0 1
0.0368155 -2.68753 0 8 0 1
0.0368155 -2.66299 0 8 0 1
0.0736311 -2.72435 0 7 9 1
0.0736311 -2.67526 0 7 9 1
0.0490874 -2.60163 0 6 9 1
0.0245437 -2.62618 0 7 9 1
0.0122718 -2.63845 0 8 0 1
0.0122718 -2.6139 0 8 0 1
0.0368155 -2.63845 0 8 0 1
0.0368155 -2.6139 0 8 0 1
0.0245437 -2.57709 0 7 9 1
0.0122718 -2.58936 0 8 0 1
0.0122718 -2.56482 0 8 0 1
0.0368155 -2.58936 0 8 0 1
0.0368155 -2.56482 0 8 0 1
0.0736311 -2.62618 0 7 9 1
0.0736311 -2.57709 0 7 9 1
0.147262 -2.69981 0 6 9 1
0.147262 -2.60163 0 6 9 1
0.0981748 -2.45437 0 5 9 1
0.0490874 -2.50346 0 6 9 1
0.0245437 -2.528 0 7 9 1
0.0122718 -2.54027 0 8 0 1
0.0122718 -2.51573 0 8 0 1
0.0368155 -2.54027 0 8 0 1
0.0368155 -2.51573 0 8 0 1
0.0245437 -2.47891 0 7 9 1
0.0122718 -2.49118 0 8 0 1
0.0122718 -2.46664 0 8 0 1
0.0368155 -2.49118 0 8 0 1
0.0368155 -2.46664 0 8 0 1
0.0736311 -2.528 0 7 9 1
0.0736311 -2.47891 0 7 9 1
0.0490874 -2.40528 0 6 9 1
0.0245437 -2.42983 0 7 9 1
0.0122718 -2.4421 0 8 0 1
0.0122718 -2.41755 0 8 0 1
0.0368155 -2.4421 0 8 0 1
0.0368155 -2.41755 0 8 0 1
0.0245437 -2.38074 0 7 9 1
0.0122718 -2.39301 0 8 0 1
0.0122718 -2.36847 0 8 0 1
0.0368155 -2.39301 0 8 0 1
0.0368155 -2.36847 0 8 0 1
0.0736311 -2.42983 0 7 9 1
0.0736311 -2.38074 0 7 9 1
0.147262 -2.50346 0 6 9 1
0.147262 -2.40528 0 6 9 1
0.294524 -2.65072 0 5 9 1
0.294524 -2.45437 0 5 9 1
0.589049 -2.94524 0 4 6 1
0.490874 -3.04342 0 5 6 1
0.441786 -3.09251 0 6 6 1
0.417243 -3.11705 0 7 6 1
0.404971 -3.12932 0 8 0 1
0.404971 -3.10478 0 8 0 1
0.429515 -3.12932 0 8 0 1
0.429515 -3.10478 0 8 0 1
0.417243 -3.06796 0 7 9 1
0.46633 -3.11705 0 7 6 1
0.454058 -3.12932 0 8 0 1
0.454058 -3.10478 0 8 0 1
0.478602 -3.12932 0 8 0 1
0.478602 -3.10478 0 8 0 1
0.46633 -3.06796 0 7 9 1
0.441786 -2.99433 0 6 9 1
0.539961 -3.09251 0 6 6 1
0.515418 -3.11705 0 7 6 1
0.503146 -3.12932 0 8 0 1
0.503146 -3.10478 0 8 0 1
0.527689 -3.12932 0 8 0 1
0.527689 -3.10478 0 8 0 1
0.515418 -3.06796 0 7 9 1
0.564505 -3.11705 0 7 6 1
0.552233 -3.12932 0 8 0 1
0.552233 -3.10478 0 8 0 1
0.576777 -3.12932 0 8 0 1
0.576777 -3.10478 0 8 0 1
0.564505 -3.06796 0 7 9 1
0.539961 -2.99433 0 6 9 1
0.490874 -2.84707 0 5 9 1
0.687223 -3.04342 0 5 6 1
0.638136 -3.09251 0 6 6 1
0.613592 -3.11705 0 7 6 1
0.60132 -3.12932 0 8 0 1
0.60132 -3.10478 0 8 0 1
0.625864 -3.12932 0 8 0 1
0.625864 -3.10478 0 8 0 1
0.613592 -3.06796 0 7 9 1
0.66268 -3.11705 0 7 6 1
0.650408 -3.12932 0 8 0 1
0.650408 -3.10478 0 8 0 1
0.674952 -3.12932 0 8 0 1
0.674952 -3.10478 0 8 0 1
0.66268 -3.06796 0 7 9 1
0.638136 -2.99433 0 6 9 1
0.736311 -3.09251 0 6 6 1
0.711767 -3.11705 0 7 6 1
0.699495 -3.12932 0 8 0 1
0.699495 -3.10478 0 8 0 1
0.724039 -3.12932 0 8 0 1
0.724039 -3.10478 0 8 0 1
0.711767 -3.06796 0 7 9 1
0.760854 -3.11705 0 7 6 1
0.748583 -3.12932 0 8 0 1
0.748583 -3.10478 0 8 0 1
0.773126 -3.12932 0 8 0 1
0.773126 -3.10478 0 8 0 1
0.760854 -3.06796 0 7 9 1
0.736311 -2.99433 0 6 9 1
0.687223 -2.84707 0 5 9 1
0.589049 -2.55254 0 4 9 1
0.392699 -1.9635 0 3 9 1
0.19635 -2.15984 0 4 9 1
0.0981748 -2.25802 0 5 9 1
0.0490874 -2.30711 0 6 9 1
0.0245437 -2.33165 0 7 9 1
0.0122718 -2.34392 0 8 0 1
0.0122718 -2.31938 0 8 0 1
0.0368155 -2.34392 0 8 0 1
0.0368155 -2.31938 0 8 0 1
0.0245437 -2.28256 0 7 9 1
0.0122718 -2.29484 0 8 0 1
0.0122718 -2.27029 0 8 0 1
0.0368155 -2.29484 0 8 0 1
0.0368155 -2.27029 0 8 0 1
0.0736311 -2.33165 0 7 9 1
0.0736311 -2.28256 0 7 9 1
0.0490874 -2.20893 0 6 9 1
0.0245437 -2.23348 0 7 9 1
0.0122718 -2.24575 0 8 0 1
0.0122718 -2.2212 0 8 0 1
0.0368155 -2.24575 0 8 0 1
0.0368155 -2.2212 0 8 0 1
0.0245437 -2.18439 0 7 9 1
0.0122718 -2.19666 0 8 0 1
0.0122718 -2.17212 0 8 0 1
0.0368155 -2.19666 0 8 0 1
0.0368155 -2.17212 0 8 0 1
0.0736311 -2.23348 0 7 9 1
0.0736311 -2.18439 0 7 9 1
0.147262 -2.30711 0 6 9 1
0.147262 -2.20893 0 6 9 1
0.0981748 -2.06167 0 5 9 1
0.0490874 -2.11076 0 6 9 1
0.0245437 -2.1353 0 7 9 1
0.0122718 -2.14757 0 8 0 1
0.0122718 -2.12303 0 8 0 1
0.0368155 -2.14757 0 8 0 1
0.0368155 -2.12303 0 8 0 1
0.0245437 -2.08621 0 7 9 1
0.0122718 -2.09849 0 8 0 1
0.0122718 -2.07394 0 8 0 1
0.0368155 -2.09849 0 8 0 1
0.0368155 -2.07394 0 8 0 1
0.0736311 -2.1353 0 7 9 1
0.0736311 -2.08621 0 7 9 1
0.0490874 -2.01258 0 6 9 1
0.0245437 -2.03713 0 7 9 1
0.0122718 -2.0494 0 8 0 1
0.0122718 -2.02485 0 8 0 1
0.0368155 -2.0494 0 8 0 1
0.0368155 -2.02485 0 8 0 1
0.0245437 -1.98804 0 7 9 1
0.0122718 -2.00031 0 8 0 1
0.0122718 -1.97577 0 8 0 1
0.0368155 -2.00031 0 8 0 1
0.0368155 -1.97577 0 8 0 1
0.0736311 -2.03713 0 7 9 1
0.0736311 -1.98804 0 7 9 1
0.147262 -2.11076 0 6 9 1
0.147262 -2.01258 0 6 9 1
0.294524 -2.25802 0 5 9 1
0.294524 -2.06167 0 5 9 1
0.19635 -1.76715 0 4 9 1
0.0981748 -1.86532 0 5 9 1
0.0490874 -1.91441 0 6 9 1
0.0245437 -1.93895 0 7 9 1
0.0122718 -1.95122 0 8 0 1
0.0122718 -1.92668 0 8 0 1
0.0368155 -1.95122 0 8 0 1
0.0368155 -1.92668 0 8 0 1
0.0245437 -1.88986 0 7 9 1
0.0122718 -1.90214 0 8 0 1
0.0122718 -1.87759 0 8 0 1
0.0368155 -1.90214 0 8 0 1
0.0368155 -1.87759 0 8 0 1
0.0736311 -1.93895 0 7 9 1
0.0736311 -1.88986 0 7 9 1
0.0490874 -1.81623 0 6 9 1
0.0245437 -1.84078 0 7 9 1
0.0122718 -1.85305 0 8 0 1
0.0122718 -1.82851 0 8 0 1
0.0368155 -1.85305 0 8 0 1
0.0368155 -1.82851 0 8 0 1
0.0245437 -1.79169 0 7 9 1
0.0122718 -1.80396 0 8 0 1
0.0122718 -1.77942 0 8 0 1
0.0368155 -1.80396 0 8 0 1
0.0368155 -1.77942 0 8 0 1
0.0736311 -1.84078 0 7 9 1
0.0736311 -1.79169 0 7 9 1
0.147262 -1.91441 0 6 9 1
0.147262 -1.81623 0 6 9 1
0.0981748 -1.66897 0 5 9 1
0.0490874 -1.71806 0 6 9 1
0.0245437 -1.7426 0 7 9 1
0.0122718 -1.75487 0 8 0 1
0.0122718 -1.73033 0 8 0 1
0.0368155 -1.75487 0 8 0 1
0.0368155 -1.73033 0 8 0 1
0.0245437 -1.69351 0 7 9 1
0.0122718 -1.70579 0 8 0 1
0.0122718 -1.68124 0 8 0 1
0.0368155 -1.70579 0 8 0 1
0.0368155 -1.68124 0 8 0 1
0.0736311 -1.7426 0 7 9 1
0.0736311 -1.69351 0 7 9 1
0.0490874 -1.61988 0 6 9 1
0.0245437 -1.64443 0 7 9 1
0.0122718 -1.6567 0 8 0 1
0.0122718 -1.63216 0 8 0 1
0.0368155 -1.6567 0 8 0 1
0.0368155 -1.63216 0 8 0 1
0.0245437 -1.59534 0 7 9 1
0.0122718 -1.60761 0 8 0 1
0.0122718 -1.58307 0 8 0 1
0.0368155 -1.60761 0 8 0 1
0.0368155 -1.58307 0 8 0 1
0.0736311 -1.64443 0 7 9 1
0.0736311 -1.59534 0 7 9 1
0.147262 -1.71806 0 6 9 1
0.147262 -1.61988 0 6 9 1
0.294524 -1.86532 0 5 9 1
0.294524 -1.66897 0 5 9 1
0.589049 -2.15984 0 4 9 1
0.589049 -1.76715 0 4 9 1
1.1781 -2.74889 0 3 6 1
0.981748 -2.94524 0 4 6 1
0.883573 -3.04342 0 5 6 1
0.834486 -3.09251 0 6 6 1
0.809942 -3.11705 0 7 6 1
0.79767 -3.12932 0 8 0 1
0.79767 -3.10478 0 8 0 1
0.822214 -3.12932 0 8 0 1
0.822214 -3.10478 0 8 0 1
0.809942 -3.06796 0 7 9 1
0.859029 -3.11705 0 7 6 1
0.846757 -3.12932 0 8 0 1
0.846757 -3.10478 0 8 0 1
0.871301 -3.12932 0 8 0 1
0.871301 -3.10478 0 8 0 1
0.859029 -3.06796 0 7 9 1
0.834486 -2.99433 0 6 9 1
0.93266 -3.09251 0 6 6 1
0.908117 -3.11705 0 7 6 1
0.895845 -3.12932 0 8 0 1
0.895845 -3.10478 0 8 0 1
0.920388 -3.12932 0 8 0 1
0.920388 -3.10478 0 8 0 1
0.908117 -3.06796 0 7 9 1
0.957204 -3.11705 0 7 6 1
0.944932 -3.12932 0 8 0 1
0.944932 -3.10478 0 8 0 1
0.969476 -3.12932 0 8 0 1
0.969476 -3.10478 0 8 0 1
0.957204 -3.06796 0 7 9 1
0.93266 -2.99433 0 6 9 1
0.883573 -2.84707 0 5 9 1
1.07992 -3.04342 0 5 6 1
1.03084 -3.09251 0 6 6 1
1.00629 -3.11705 0 7 6 1
0.99402 -3.12932 0 8 0 1
0.99402 -3.10478 0 8 0 1
1.01856 -3.12932 0 8 0 1
1.01856 -3.10478 0 8 0 1
1.00629 -3.06796 0 7 9 1
1.05538 -3.11705 0 7 6 1
1.04311 -3.12932 0 8 0 1
1.04311 -3.10478 0 8 0 1
1.06765 -3.12932 0 8 0 1
1.06765 -3.10478 0 8 0 1
1.05538 -3.06796 0 7 9 1
1.03084 -2.99433 0 6 9 1
1.12901 -3.09251 0 6 6 1
1.10447 -3.11705 0 7 6 1
1.09219 -3.12932 0 8 0 1
1.09219 -3.10478 0 8 0 1
1.11674 -3.12932 0 8 0 1
1.11674 -3.10478 0 8 0 1
1.10447 -3.06796 0 7 9 1
1.15355 -3.11705 0 7 6 1
1.14128 -3.12932 0 8 0 1
1.14128 -3.10478 0 8 0 1
1.16583 -3.12932 0 8 0 1
1.16583 -3.10478 0 8 0 1
1.15355 -3.06796 0 7 9 1
1.12901 -2.99433 0 6 9 1
1.07992 -2.84707 0 5 9 1
0.981748 -2.55254 0 4 9 1
1.37445 -2.94524 0 4 6 1
1.27627 -3.04342 0 5 6 1
1.22718 -3.09251 0 6 6 1
1.20264 -3.11705 0 7 6 1
1.19037 -3.12932 0 8 0 1
1.19037 -3.10478 0 8 0 1
1.21491 -3.12932 0 8 0 1
1.21491 -3.10478 0 8 0 1
1.20264 -3.06796 0 7 9 1
1.25173 -3.11705 0 7 6 1
1.23946 -3.12932 0 8 0 1
1.23946 -3.10478 0 8 0 1
1.264 -3.12932 0 8 0 1
1.264 -3.10478 0 8 0 1
1.25173 -3.06796 0 7 9 1
1.22718 -2.99433 0 6 9 1
1.32536 -3.09251 0 6 6 1
1.30082 -3.11705 0 7 6 1
1.28854 -3.12932 0 8 0 1
1.28854 -3.10478 0 8 0 1
1.31309 -3.12932 0 8 0 1
1.31309 -3.10478 0 8 0 1
1.30082 -3.06796 0 7 9 1
1.3499 -3.11705 0 7 6 1
1.33763 -3.12932 0 8 0 1
1.33763 -3.10478 0 8 0 1
1.36217 -3.12932 0 8 0 1
1.36217 -3.10478 0 8 0 1
1.3499 -3.06796 0 7 9 1
1.32536 -2.99433 0 6 9 1
1.27627 -2.84707 0 5 9 1
1.47262 -3.04342 0 5 6 1
1.42353 -3.09251 0 6 6 1
1.39899 -3.11705 0 7 6 1
1.38672 -3.12932 0 8 0 1
1.38672 -3.10478 0 8 0 1
1.41126 -3.12932 0 8 0 1
1.41126 -3.10478 0 8 0 1
1.39899 -3.06796 0 7 9 1
1.44808 -3.11705 0 7 6 1
1.43581 -3.12932 0 8 0 1
1.43581 -3.10478 0 8 0 1
1.46035 -3.12932 0 8 0 1
1.46035 -3.10478 0 8 0 1
1.44808 -3.06796 0 7 9 1
1.42353 -2.99433 0 6 9 1
1.52171 -3.09251 0 6 6 1
1.49717 -3.11705 0 7 6 1
1.48489 -3.12932 0 8 0 1
1.48489 -3.10478 0 8 0 1
1.50944 -3.12932 0 8 0 1
1.50944 -3.10478 0 8 0 1
1.49717 -3.06796 0 7 9 1
1.54625 -3.11705 0 7 6 1
1.53398 -3.12932 0 8 0 1
1.53398 -3.10478 0 8 0 1
1.55852 -3.12932 0 8 0 1
1.55852 -3.10478 0 8 0 1
1.54625 -3.06796 0 7 9 1
1.52171 -2.99433 0 6 9 1
1.47262 -2.84707 0 5 9 1
1.37445 -2.55254 0 4 9 1
1.1781 -1.9635 0 3 9 1
0.785398 -0.785398 0 2 9 1
0.392699 -1.1781 0 3 9 1
0.19635 -1.37445 0 4 9 1
0.0981748 -1.47262 0 5 9 1
0.0490874 -1.52171 0 6 9 1
0.0245437 -1.54625 0 7 9 1
0.0122718 -1.55852 0 8 0 1
0.0122718 -1.53398 0 8 0 1
0.0368155 -1.55852 0 8 0 1
0.0368155 -1.53398 0 8 0 1
0.0245437 -1.49717 0 7 9 1
0.0122718 -1.50944 0 8 0 1
0.0122718 -1.48489 0 8 0 1
0.0368155 -1.50944 0 8 0 1
0.0368155 -1.48489 0 8 0 1
0.0736311 -1.54625 0 7 9 1
0.0736311 -1.49717 0 7 9 1
0.0490874 -1.42353 0 6 9 1
0.0245437 -1.44808 0 7 9 1
0.0122718 -1.46035 0 8 0 1
0.0122718 -1.43581 0 8 0 1
0.0368155 -1.46035 0 8 0 1
0.0368155 -1.43581 0 8 0 1
0.0245437 -1.39899 0 7 9 1
0.0122718 -1.41126 0 8 0 1
0.0122718 -1.38672 0 8 0 1
0.0368155 -1.41126 0 8 0 1
0.0368155 -1.38672 0 8 0 1
0.0736311 -1.44808 0 7 9 1
0.0736311 -1.39899 0 7 9 1
0.147262 -1.52171 0 6 9 1
0.147262 -1.42353 0 6 9 1
0.0981748 -1.27627 0 5 9 1
0.0490874 -1.32536 0 6 9 1
0.0245437 -1.3499 0 7 9 1
0.0122718 -1.36217 0 8 0 1
0.0122718 -1.33763 0 8 0 1
0.0368155 -1.36217 0 8 0 1
0.0368155 -1.33763 0 8 0 1
0.0245437 -1.30082 0 7 9 1
0.0122718 -1.31309 0 8 0 1
0.0122718 -1.28854 0 8 0 1
0.0368155 -1.31309 0 8 0 1
0.0368155 -1.28854 0 8 0 1
0.0736311 -1.3499 0 7 9 1
0.0736311 -1.30082 0 7 9 1
0.0490874 -1.22718 0 6 9 1
0.0245437 -1.25173 0 7 9 1
0.0122718 -1.264 0 8 0 1
0.0122718 -1.23946 0 8 0 1
0.0368155 -1.264 0 8 0 1
0.0368155 -1.23946 0 8 0 1
0.0245437 -1.20264 0 7 9 1
0.0122718 -1.21491 0 8 0 1
0.0122718 -1.19037 0 8 0 1
0.0368155 -1.21491 0 8 0 1
0.0368155 -1.19037 0 8 0 1
0.0736311 -1.25173 0 7 9 1
0.0736311 -1.20264 0 7 9 1
0.147262 -1.32536 0 6 9 1
0.147262 -1.22718 0 6 9 1
0.294524 -1.47262 0 5 9 1
0.294524 -1.27627 0 5 9 1
0.19635 -0.981748 0 4 9 1
0.0981748 -1.07992 0 5 9 1
0.0490874 -1.12901 0 6 9 1
0.0245437 -1.15355 0 7 9 1
0.0122718 -1.16583 0 8 0 1
0.0122718 -1.14128 0 8 0 1
0.0368155 -1.16583 0 8 0 1
0.0368155 -1.14128 0 8 0 1
0.0245437 -1.10447 0 7 9 1
0.0122718 -1.11674 0 8 0 1
0.0122718 -1.09219 0 8 0 1
0.0368155 -1.11674 0 8 0 1
0.0368155 -1.09219 0 8 0 1
0.0736311 -1.15355 0 7 9 1
0.0736311 -1.10447 0 7 9 1
0.0490874 -1.03084 0 6 9 1
0.0245437 -1.05538 0 7 9 1
0.0122718 -1.06765 0 8 0 1
0.0122718 -1.04311 0 8 0 1
0.0368155 -1.06765 0 8 0 1
0.0368155 -1.04311 0 8 0 1
0.0245437 -1.00629 0 7 9 1
0.0122718 -1.01856 0 8 0 1
0.0122718 -0.99402 0 8 0 1
0.0368155 -1.01856 0 8 0 1
0.0368155 -0.99402 0 8 0 1
0.0736311 -1.05538 0 7 9 1
0.0736311 -1.00629 0 7 9 1
0.147262 -1.12901 0 6 9 1
0.147262 -1.03084 0 6 9 1
0.0981748 -0.883573 0 5 9 1
0.0490874 -0.93266 0 6 9 1
0.0245437 -0.957204 0 7 9 1
0.0122718 -0.969476 0 8 0 1
0.0122718 -0.944932 0 8 0 1
0.0368155 -0.969476 0 8 0 1
0.0368155 -0.944932 0 8 0 1
0.0245437 -0.908117 0 7 9 1
0.0122718 -0.920388 0 8 0 1
0.0122718 -0.895845 0 8 0 1
0.0368155 -0.920388 0 8 0 1
0.0368155 -0.895845 0 8 0 1
0.0736311 -0.957204 0 7 9 1
0.0736311 -0.908117 0 7 9 1
0.0490874 -0.834486 0 6 9 1
0.0245437 -0.859029 0 7 9 1
0.0122718 -0.871301 0 8 0 1
0.0122718 -0.846757 0 8 0 1
0.0368155 -0.871301 0 8 0 1
0.0368155 -0.846757 0 8 0 1
0.0245437 -0.809942 0 7 9 1
0.0122718 -0.822214 0 8 0 1
0.0122718 -0.79767 0 8 0 1
0.0368155 -0.822214 0 8 0 1
0.0368155 -0.79767 0 8 0 1
0.0736311 -0.859029 0 7 9 1
0.0736311 -0.809942 0 7 9 1
0.147262 -0.93266 0 6 9 1
0.147262 -0.834486 0 6 9 1
0.294524 -1.07992 0 5 9 1
0.294524 -0.883573 0 5 9 1
0.589049 -1.37445 0 4 9 1
0.589049 -0.981748 0 4 9 1
0.392699 -0.392699 0 3 9 1
0.19635 -0.589049 0 4 9 1
0.0981748 -0.687223 0 5 9 1
0.0490874 -0.736311 0 6 9 1
0.0245437 -0.760854 0 7 9 1
0.0122718 -0.773126 0 8 0 1
0.0122718 -0.748583 0 8 0 1
0.0368155 -0.773126 0 8 0 1
0.0368155 -0.748583 0 8 0 1
0.0245437 -0.711767 0 7 9 1
0.0122718 -0.724039 0 8 0 1
0.0122718 -0.699495 0 8 0 1
0.0368155 -0.724039 0 8 0 1
0.0368155 -0.699495 0 8 0 1
0.0736311 -0.760854 0 7 9 1
0.0736311 -0.711767 0 7 9 1
0.0490874 -0.638136 0 6 9 1
0.0245437 -0.66268 0 7 9 1
0.0122718 -0.674952 0 8 0 1
0.0122718 -0.650408 0 8 0 1
0.0368155 -0.674952 0 8 0 1
0.0368155 -0.650408 0 8 0 1
0.0245437 -0.613592 0 7 9 1
0.0122718 -0.625864 0 8 0 1
0.0122718 -0.60132 0 8 0 1
0.0368155 -0.625864 0 8 0 1
0.0368155 -0.60132 0 8 0 1
0.0736311 -0.66268 0 7 9 1
0.0736311 -0.613592 0 7 9 1
0.147262 -0.736311 0 6 9 1
0.147262 -0.638136 0 6 9 1
0.0981748 -0.490874 0 5 9 1
0.0490874 -0.539961 0 6 9 1
0.0245437 -0.564505 0 7 9 1
0.0122718 -0.576777 0 8 0 1
0.0122718 -0.552233 0 8 0 1
0.0368155 -0.576777 0 8 0 1
0.0368155 -0.552233 0 8 0 1
0.0245437 -0.515418 0 7 9 1
0.0122718 -0.527689 0 8 0 1
0.0122718 -0.503146 0 8 0 1
0.0368155 -0.527689 0 8 0 1
0.0368155 -0.503146 0 8 0 1
0.0736311 -0.564505 0 7 9 1
0.0736311 -0.515418 0 7 9 1
0.0490874 -0.441786 0 6 9 1
0.0245437 -0.46633 0 7 9 1
0.0122718 -0.478602 0 8 0 1
0.0122718 -0.454058 0 8 0 1
0.0368155 -0.478602 0 8 0 1
0.0368155 -0.454058 0 8 0 1
0.0245437 -0.417243 0 7 9 1
0.0122718 -0.429515 0 8 0 1
0.0122718 -0.404971 0 8 0 1
0.0368155 -0.429515 0 8 0 1
0.0368155 -0.404971 0 8 0 1
0.0736311 -0.46633 0 7 9 1
0.0736311 -0.417243 0 7 9 1
0.147262 -0.539961 0 6 9 1
0.147262 -0.441786 0 6 9 1
0.294524 -0.687223 0 5 9 1
0.294524 -0.490874 0 5 9 1
0.19635 -0.19635 0 4 9 1
0.0981748 -0.294524 0 5 9 1
0.0490874 -0.343612 0 6 9 1
0.0245437 -0.368155 0 7 9 1
0.0122718 -0.380427 0 8 0 1
0.0122718 -0.355884 0 8 0 1
0.0368155 -0.380427 0 8 0 1
0.0368155 -0.355884 0 8 0 1
0.0245437 -0.319068 0 7 9 1
0.0122718 -0.33134 0 8 0 1
0.0122718 -0.306796 0 8 0 1
0.0368155 -0.33134 0 8 0 1
0.0368155 -0.306796 0 8 0 1
0.0736311 -0.368155 0 7 9 1
0.0736311 -0.319068 0 7 9 1
0.0490874 -0.245437 0 6 9 1
0.0245437 -0.269981 0 7 9 1
0.0122718 -0.282252 0 8 0 1
0.0122718 -0.257709 0 8 0 1
0.0368155 -0.282252 0 8 0 1
0.0368155 -0.257709 0 8 0 1
0.0245437 -0.220893 0 7 9 1
0.0122718 -0.233165 0 8 0 1
0.0122718 -0.208621 0 8 0 1
0.0368155 -0.233165 0 8 0 1
0.0368155 -0.208621 0 8 0 1
0.0736311 -0.269981 0 7 9 1
0.0736311 -0.220893 0 7 9 1
0.147262 -0.343612 0 6 9 1
0.147262 -0.245437 0 6 9 1
0.0981748 -0.0981748 0 5 9 1
0.0490874 -0.147262 0 6 9 1
0.0245437 -0.171806 0 7 9 1
0.0122718 -0.184078 0 8 0 1
0.0122718 -0.159534 0 8 0 1
0.0368155 -0.184078 0 8 0 1
0.0368155 -0.159534 0 8 0 1
0.0245437 -0.122718 0 7 9 1
0.0122718 -0.13499 0 8 0 1
0.0122718 -0.110447 0 8 0 1
0.0368155 -0.13499 0 8 0 1
0.0368155 -0.110447 0 8 0 1
0.0736311 -0.171806 0 7 9 1
0.0736311 -0.122718 0 7 9 1
0.0490874 -0.0490874 0 6 9 1
0.0245437 -0.0736311 0 7 9 1
0.0122718 -0.0859029 0 8 0 1
0.0122718 -0.0613592 0 8 0 1
0.0368155 -0.0859029 0 8 0 1
0.0368155 -0.0613592 0 8 0 1
0.0245437 -0.0245437 0 7 9 1
0.0122718 -0.0368155 0 8 0 1
0.0122718 -0.0122718 0 8 0 1
0.0368155 -0.0368155 0 8 0 1
0.0368155 -0.0122718 0 8 0 1
0.0736311 -0.0736311 0 7 9 1
0.0736311 -0.0245437 0 7 9 1
0.147262 -0.147262 0 6 9 1
0.147262 -0.0490874 0 6 9 1
0.294524 -0.294524 0 5 9 1
0.294524 -0.0981748 0 5 9 1
0.589049 -0.589049 0 4 9 1
0.589049 -0.19635 0 4 9 1
1.1781 -1.1781 0 3 9 1
1.1781 -0.392699 0 3 9 1
2.35619 -2.35619 0 2 4 1
1.9635 -2.74889 0 3 6 1
1.76715 -2.94524 0 4 6 1
1.66897 -3.04342 0 5 6 1
1.61988 -3.09251 0 6 6 1
1.59534 -3.11705 0 7 6 1
1.58307 -3.12932 0 8 0 1
1.58307 -3.10478 0 8 0 1
1.60761 -3.12932 0 8 0 1
1.60761 -3.10478 0 8 0 1
1.59534 -3.06796 0 7 9 1
1.64443 -3.11705 0 7 6 1
1.63216 -3.12932 0 8 0 1
1.63216 -3.10478 0 8 0 1
1.6567 -3.12932 0 8 0 1
1.6567 -3.10478 0 8 0 1
1.64443 -3.06796 0 7 9 1
1.61988 -2.99433 0 6 9 1
1.71806 -3.09251 0 6 6 1
1.69351 -3.11705 0 7 6 1
1.68124 -3.12932 0 8 0 1
1.68124 -3.10478 0 8 0 1
1.70579 -3.12932 0 8 0 1
1.70579 -3.10478 0 8 0 1
1.69351 -3.06796 0 7 9 1
1.7426 -3.11705 0 7 6 1
1.73033 -3.12932 0 8 0 1
1.73033 -3.10478 0 8 0 1
1.75487 -3.12932 0 8 0 1
1.75487 -3.10478 0 8 0 1
1.7426 -3.06796 0 7 9 1
1.71806 -2.99433 0 6 9 1
1.66897 -2.84707 0 5 9 1
1.86532 -3.04342 0 5 6 1
1.81623 -3.09251 0 6 6 1
1.79169 -3.11705 0 7 6 1
1.77942 -3.12932 0 8 0 1
1.77942 -3.10478 0 8 0 1
1.80396 -3.12932 0 8 0 1
1.80396 -3.10478 0 8 0 1
1.79169 -3.06796 0 7 9 1
1.84078 -3.11705 0 7 6 1
1.82851 -3.12932 0 8 0 1
1.82851 -3.10478 0 8 0 1
1.85305 -3.12932 0 8 0 1
1.85305 -3.10478 0 8 0 1
1.84078 -3.06796 0 7 9 1
1.81623 -2.99433 0 6 9 1
1.91441 -3.09251 0 6 6 1
1.88986 -3.11705 0 7 6 1
1.87759 -3.12932 0 8 0 1
1.87759 -3.10478 0 8 0 1
1.90214 -3.12932 0 8 0 1
1.90214 -3.10478 0 8 0 1
1.88986 -3.06796 0 7 9 1
1.93895 -3.11705 0 7 6 1
1.92668 -3.12932 0 8 0 1
1.92668 -3.10478 0 8 0 1
1.95122 -3.12932 0 8 0 1
1.95122 -3.10478 0 8 0 1
1.93895 -3.06796 0 7 9 1
1.91441 -2.99433 0 6 9 1
1.86532 -2.84707 0 5 9 1
1.76715 -2.55254 0 4 9 1
2.15984 -2.94524 0 4 6 1
2.06167 -3.04342 0 5 6 1
2.01258 -3.09251 0 6 6 1
1.98804 -3.11705 0 7 6 1
1.97577 -3.12932 0 8 0 1
1.97577 -3.10478 0 8 0 1
2.00031 -3.12932 0 8 0 1
2.00031 -3.10478 0 8 0 1
1.98804 -3.06796 0 7 9 1
2.03713 -3.11705 0 7 6 1
2.02485 -3.12932 0 8 0 1
2.02485 -3.10478 0 8 0 1
2.0494 -3.12932 0 8 0 1
2.0494 -3.10478 0 8 0 1
2.03713 -3.06796 0 7 9 1
2.01258 -2.99433 0 6 9 1
2.11076 -3.09251 0 6 6 1
2.08621 -3.11705 0 7 6 1
2.07394 -3.12932 0 8 0 1
2.07394 -3.10478 0 8 0 1
2.09849 -3.12932 0 8 0 1
2.09849 -3.10478 0 8 0 1
2.08621 -3.06796 0 7 9 1
2.1353 -3.11705 0 7 6 1
2.12303 -3.12932 0 8 0 1
2.12303 -3.10478 0 8 0 1
2.14757 -3.12932 0 8 0 1
2.14757 -3.10478 0 8 0 1
2.1353 -3.06796 0 7 9 1
2.11076 -2.99433 0 6 9 1
2.06167 -2.84707 0 5 9 1
2.25802 -3.04342 0 5 6 1
2.20893 -3.09251 0 6 6 1
2.18439 -3.11705 0 7 6 1
2.17212 -3.12932 0 8 0 1
2.17212 -3.10478 0 8 0 1
2.19666 -3.12932 0 8 0 1
2.19666 -3.10478 0 8 0 1
2.18439 -3.06796 0 7 9 1
2.23348 -3.11705 0 7 6 1
2.2212 -3.12932 0 8 0 1
2.2212 -3.10478 0 8 0 1
2.24575 -3.12932 0 8 0 1
2.24575 -3.10478 0 8 0 1
2.23348 -3.06796 0 7 9 1
2.20893 -2.99433 0 6 9 1
2.30711 -3.09251 0 6 6 1
2.28256 -3.11705 0 7 6 1
2.27029 -3.12932 0 8 0 1
2.27029 -3.10478 0 8 0 1
2.29484 -3.12932 0 8 0 1
2.29484 -3.10478 0 8 0 1
2.28256 -3.06796 0 7 9 1
2.33165 -3.11705 0 7 6 1
2.31938 -3.12932 0 8 0 1
2.31938 -3.10478 0 8 0 1
2.34392 -3.12932 0 8 0 1
2.34392 -3.10478 0 8 0 1
2.33165 -3.06796 0 7 9 1
2.30711 -2.99433 0 6 9 1
2.25802 -2.84707 0 5 9 1
2.15984 -2.55254 0 4 9 1
1.9635 -1.9635 0 3 9 1
2.74889 -2.74889 0 3 4 1
2.55254 -2.94524 0 4 6 1
2.45437 -3.04342 0 5 6 1
2.40528 -3.09251 0 6 6 1
2.38074 -3.11705 0 7 6 1
2.36847 -3.12932 0 8 0 1
2.36847 -3.10478 0 8 0 1
2.39301 -3.12932 0 8 0 1
2.39301 -3.10478 0 8 0 1
2.38074 -3.06796 0 7 9 1
2.42983 -3.11705 0 7 6 1
2.41755 -3.12932 0 8 0 1
2.41755 -3.10478 0 8 0 1
2.4421 -3.12932 0 8 0 1
2.4421 -3.10478 0 8 0 1
2.42983 -3.06796 0 7 9 1
2.40528 -2.99433 0 6 9 1
2.50346 -3.09251 0 6 6 1
2.47891 -3.11705 0 7 6 1
2.46664 -3.12932 0 8 0 1
2.46664 -3.10478 0 8 0 1
2.49118 -3.12932 0 8 0 1
2.49118 -3.10478 0 8 0 1
2.47891 -3.06796 0 7 9 1
2.528 -3.11705 0 7 6 1
2.51573 -3.12932 0 8 0 1
2.51573 -3.10478 0 8 0 1
2.54027 -3.12932 0 8 0 1
2.54027 -3.10478 0 8 0 1
2.528 -3.06796 0 7 9 1
2.50346 -2.99433 0 6 9 1
2.45437 -2.84707 0 5 9 1
2.65072 -3.04342 0 5 6 1
2.60163 -3.09251 0 6 6 1
2.57709 -3.11705 0 7 6 1
2.56482 -3.12932 0 8 0 1
2.56482 -3.10478 0 8 0 1
2.58936 -3.12932 0 8 0 1
2.58936 -3.10478 0 8 0 1
2.57709 -3.06796 0 7 9 1
2.62618 -3.11705 0 7 6 1
2.6139 -3.12932 0 8 0 1
2.6139 -3.10478 0 8 0 1
2.63845 -3.12932 0 8 0 1
2.63845 -3.10478 0 8 0 1
2.62618 -3.06796 0 7 9 1
2.60163 -2.99433 0 6 9 1
2.69981 -3.09251 0 6 6 1
2.67526 -3.11705 0 7 6 1
2.66299 -3.12932 0 8 0 1
2.66299 -3.10478 0 8 0 1
2.68753 -3.12932 0 8 0 1
2.68753 -3.10478 0 8 0 1
2.67526 -3.06796 0 7 9 1
2.72435 -3.11705 0 7 6 1
2.71208 -3.12932 0 8 0 1
2.71208 -3.10478 0 8 0 1
2.73662 -3.12932 0 8 0 1
2.73662 -3.10478 0 8 0 1
2.72435 -3.06796 0 7 9 1
2.69981 -2.99433 0 6 9 1
2.65072 -2.84707 0 5 9 1
2.55254 -2.55254 0 4 9 1
2.94524 -2.94524 0 4 4 1
2.84707 -3.04342 0 5 6 1
2.79798 -3.09251 0 6 6 1
2.77344 -3.11705 0 7 6 1
2.76117 -3.12932 0 8 0 1
2.76117 -3.10478 0 8 0 1
2.78571 -3.12932 0 8 0 1
2.78571 -3.10478 0 8 0 1
2.77344 -3.06796 0 7 9 1
2.82252 -3.11705 0 7 6 1
2.81025 -3.12932 0 8 0 1
2.81025 -3.10478 0 8 0 1
2.8348 -3.12932 0 8 0 1
2.8348 -3.10478 0 8 0 1
2.82252 -3.06796 0 7 9 1
2.79798 -2.99433 0 6 9 1
2.89616 -3.09251 0 6 6 1
2.87161 -3.11705 0 7 6 1
2.85934 -3.12932 0 8 0 1
2.85934 -3.10478 0 8 0 1
2.88388 -3.12932 0 8 0 1
2.88388 -3.10478 0 8 0 1
2.87161 -3.06796 0 7 9 1
2.9207 -3.11705 0 7 6 1
2.90843 -3.12932 0 8 0 1
2.90843 -3.10478 0 8 0 1
2.93297 -3.12932 0 8 0 1
2.93297 -3.10478 0 8 0 1
2.9207 -3.06796 0 7 9 1
2.89616 -2.99433 0 6 9 1
2.84707 -2.84707 0 5 9 1
3.04342 -3.04342 0 5 4 1
2.99433 -3.09251 0 6 6 1
2.96979 -3.11705 0 7 6 1
2.95751 -3.12932 0 8 0 1
2.95751 -3.10478 0 8 0 1
2.98206 -3.12932 0 8 0 1
2.98206 -3.10478 0 8 0 1
2.96979 -3.06796 0 7 9 1
3.01887 -3.11705 0 7 6 1
3.0066 -3.12932 0 8 0 1
3.0066 -3.10478 0 8 0 1
3.03115 -3.12932 0 8 0 1
3.03115 -3.10478 0 8 0 1
3.01887 -3.06796 0 7 9 1
2.99433 -2.99433 0 6 9 1
3.09251 -3.09251 0 6 4 1
3.06796 -3.11705 0 7 6 1
3.05569 -3.12932 0 8 0 1
3.05569 -3.10478 0 8 0 1
3.08023 -3.12932 0 8 0 1
3.08023 -3.10478 0 8 0 1
3.06796 -3.06796 0 7 9 1
3.11705 -3.11705 0 7 4 1
3.10478 -3.12932 0 8 0 1
3.10478 -3.10478 0 8 0 1
3.12932 -3.12932 0 8 0 1
3.12932 -3.10478 0 8 0 1
3.11705 -3.06796 0 7 6 1
3.10478 -3.08023 0 8 0 1
3.10478 -3.05569 0 8 0 1
3.12932 -3.08023 0 8 0 1
3.12932 -3.05569 0 8 0 1
3.09251 -2.99433 0 6 6 1
3.06796 -3.01887 0 7 9 1
3.06796 -2.96979 0 7 9 1
3.11705 -3.01887 0 7 6 1
3.10478 -3.03115 0 8 0 1
3.10478 -3.0066 0 8 0 1
3.12932 -3.03115 0 8 0 1
3.12932 -3.0066 0 8 0 1
3.11705 -2.96979 0 7 6 1
3.10478 -2.98206 0 8 0 1
3.10478 -2.95751 0 8 0 1
3.12932 -2.98206 0 8 0 1
3.12932 -2.95751 0 8 0 1
3.04342 -2.84707 0 5 6 1
2.99433 -2.89616 0 6 9 1
2.99433 -2.79798 0 6 9 1
3.09251 -2.89616 0 6 6 1
3.06796 -2.9207 0 7 9 1
3.06796 -2.87161 0 7 9 1
3.11705 -2.9207 0 7 6 1
3.10478 -2.93297 0 8 0 1
3.10478 -2.90843 0 8 0 1
3.12932 -2.93297 0 8 0 1
3.12932 -2.90843 0 8 0 1
3.11705 -2.87161 0 7 6 1
3.10478 -2.88388 0 8 0 1
3.10478 -2.85934 0 8 0 1
3.12932 -2.88388 0 8 0 1
3.12932 -2.85934 0 8 0 1
3.09251 -2.79798 0 6 6 1
3.06796 -2.82252 0 7 9 1
3.06796 -2.77344 0 7 9 1
3.11705 -2.82252 0 7 6 1
3.10478 -2.8348 0 8 0 1
3.10478 -2.81025 0 8 0 1
3.12932 -2.8348 0 8 0 1
3.12932 -2.81025 0 8 0 1
3.11705 -2.77344 0 7 6 1
3.10478 -2.78571 0 8 0 1
3.10478 -2.76117 0 8 0 1
3.12932 -2.78571 0 8 0 1
3.12932 -2.76117 0 8 0 1
2.94524 -2.55254 0 4 6 1
2.84707 -2.65072 0 5 9 1
2.84707 -2.45437 0 5 9 1
3.04342 -2.65072 0 5 6 1
2.99433 -2.69981 0 6 9 1
2.99433 -2.60163 0 6 9 1
3.09251 -2.69981 0 6 6 1
3.06796 -2.72435 0 7 9 1
3.06796 -2.67526 0 7 9 1
3.11705 -2.72435 0 7 6 1
3.10478 -2.73662 0 8 0 1
3.10478 -2.71208 0 8 0 1
3.12932 -2.73662 0 8 0 1
3.12932 -2.71208 0 8 0 1
3.11705 -2.67526 0 7 6 1
3.10478 -2.68753 0 8 0 1
3.10478 -2.66299 0 8 0 1
3.12932 -2.68753 0 8 0 1
3.12932 -2.66299 0 8 0 1
3.09251 -2.60163 0 6 6 1
3.06796 -2.62618 0 7 9 1
3.06796 -2.57709 0 7 9 1
3.11705 -2.62618 0 7 6 1
3.10478 -2.63845 0 8 0 1
3.10478 -2.6139 0 8 0 1
3.12932 -2.63845 0 8 0 1
3.12932 -2.6139 0 8 0 1
3.11705 -2.57709 0 7 6 1
3.10478 -2.58936 0 8 0 1
3.10478 -2.56482 0 8 0 1
3.12932 -2.58936 0 8 0 1
3.12932 -2.56482 0 8 0 1
3.04342 -2.45437 0 5 6 1
2.99433 -2.50346 0 6 9 1
2.99433 -2.40528 0 6 9 1
3.09251 -2.50346 0 6 6 1
3.06796 -2.528 0 7 9 1
3.06796 -2.47891 0 7 9 1
3.11705 -2.528 0 7 6 1
3.10478 -2.54027 0 8 0 1
3.10478 -2.51573 0 8 0 1
3.12932 -2.54027 0 8 0 1
3.12932 -2.51573 0 8 0 1
3.11705 -2.47891 0 7 6 1
3.10478 -2.49118 0 8 0 1
3.10478 -2.46664 0 8 0 1
3.12932 -2.49118 0 8 0 1
3.12932 -2.46664 0 8 0 1
3.09251 -2.40528 0 6 6 1
3.06796 -2.42983 0 7 9 1
3.06796 -2.38074 0 7 9 1
3.11705 -2.42983 0 7 6 1
3.10478 -2.4421 0 8 0 1
3.10478 -2.41755 0 8 0 1
3.12932 -2.4421 0 8 0 1
3.12932 -2.41755 0 8 0 1
3.11705 -2.38074 0 7 6 1
3.10478 -2.39301 0 8 0 1
3.10478 -2.36847 0 8 0 1
3.12932 -2.39301 0 8 0 1
3.12932 -2.36847 0 8 0 1
2.74889 -1.9635 0 3 6 1
2.55254 -2.15984 0 4 9 1
2.55254 -1.76715 0 4 9 1
2.94524 -2.15984 0 4 6 1
2.84707 -2.25802 0 5 9 1
2.84707 -2.06167 0 5 9 1
3.04342 -2.25802 0 5 6 1
2.99433 -2.30711 0 6 9 1
2.99433 -2.20893 0 6 9 1
3.09251 -2.30711 0 6 6 1
3.06796 -2.33165 0 7 9 1
3.06796 -2.28256 0 7 9 1
3.11705 -2.33165 0 7 6 1
3.10478 -2.34392 0 8 0 1
3.10478 -2.31938 0 8 0 1
3.12932 -2.34392 0 8 0 1
3.12932 -2.31938 0 8 0 1
3.11705 -2.28256 0 7 6 1
3.10478 -2.29484 0 8 0 1
3.10478 -2.27029 0 8 0 1
3.12932 -2.29484 0 8 0 1
3.12932 -2.27029 0 8 0 1
3.09251 -2.20893 0 6 6 1
3.06796 -2.23348 0 7 9 1
3.06796 -2.18439 0 7 9 1
3.11705 -2.23348 0 7 6 1
3.10478 -2.24575 0 8 0 1
3.10478 -2.2212 0 8 0 1
3.12932 -2.24575 0 8 0 1
3.12932 -2.2212 0 8 0 1
3.11705 -2.18439 0 7 6 1
3.10478 -2.19666 0 8 0 1
3.10478 -2.17212 0 8 0 1
3.12932 -2.19666 0 8 0 1
3.12932 -2.17212 0 8 0 1
3.04342 -2.06167 0 5 6 1
2.99433 -2.11076 0 6 9 1
2.99433 -2.01258 0 6 9 1
3.09251 -2.11076 0 6 6 1
3.06796 -2.1353 0 7 9 1
3.06796 -2.08621 0 7 9 1
3.11705 -2.1353 0 7 6 1
3.10478 -2.14757 0 8 0 1
3.10478 -2.12303 0 8 0 1
3.12932 -2.14757 0 8 0 1
3.12932 -2.12303 0 8 0 1
3.11705 -2.08621 0 7 6 1
3.10478 -2.09849 0 8 0 1
3.10478 -2.07394 0 8 0 1
3.12932 -2.09849 0 8 0 1
3.12932 -2.07394 0 8 0 1
3.09251 -2.01258 0 6 6 1
3.06796 -2.03713 0 7 9 1
3.06796 -1.98804 0 7 9 1
3.11705 -2.03713 0 7 6 1
3.10478 -2.0494 0 8 0 1
3.10478 -2.02485 0 8 0 1
3.12932 -2.0494 0 8 0 1
3.12932 -2.02485 0 8 0 1
3.11705 -1.98804 0 7 6 1
3.10478 -2.00031 0 8 0 1
3.10478 -1.97577 0 8 0 1
3.12932 -2.00031 0 8 0 1
3.12932 -1.97577 0 8 0 1
2.94524 -1.76715 0 4 6 1
2.84707 -1.86532 0 5 9 1
2.84707 -1.66897 0 5 9 1
3.04342 -1.86532 0 5 6 1
2.99433 -1.91441 0 6 9 1
2.99433 -1.81623 0 6 9 1
3.09251 -1.91441 0 6 6 1
3.06796 -1.93895 0 7 9 1
3.06796 -1.88986 0 7 9 1
3.11705 -1.93895 0 7 6 1
3.10478 -1.95122 0 8 0 1
3.10478 -1.92668 0 8 0 1
3.12932 -1.95122 0 8 0 1
3.12932 -1.92668 0 8 0 1
3.11705 -1.88986 0 7 6 1
3.10478 -1.90214 0 8 0 1
3.10478 -1.87759 0 8 0 1
3.12932 -1.90214 0 8 0 1
3.12932 -1.87759 0 8 0 1
3.09251 -1.81623 0 6 6 1
3.06796 -1.84078 0 7 9 1
3.06796 -1.79169 0 7 9 1
3.11705 -1.84078 0 7 6 1
3.10478 -1.85305 0 8 0 1
3.10478 -1.82851 0 8 0 1
3.12932 -1.85305 0 8 0 1
3.12932 -1.82851 0 8 0 1
3.11705 -1.79169 0 7 6 1
3.10478 -1.80396 0 8 0 1
3.10478 -1.77942 0 8 0 1
3.12932 -1.80396 0 8 0 1
3.12932 -1.77942 0 8 0 1
3.04342 -1.66897 0 5 6 1
2.99433 -1.71806 0 6 9 1
2.99433 -1.61988 0 6 9 1
3.09251 -1.71806 0 6 6 1
3.06796 -1.7426 0 7 9 1
3.06796 -1.69351 0 7 9 1
3.11705 -1.7426 0 7 6 1
3.10478 -1.75487 0 8 0 1
3.10478 -1.73033 0 8 0 1
3.12932 -1.75487 0 8 0 1
3.12932 -1.73033 0 8 0 1
3.11705 -1.69351 0 7 6 1
3.10478 -1.70579 0 8 0 1
3.10478 -1.68124 0 8 0 1
3.12932 -1.70579 0 8 0 1
3.12932 -1.68124 0 8 0 1
3.09251 -1.61988 0 6 6 1
3.06796 -1.64443 0 7 9 1
3.06796 -1.59534 0 7 9 1
3.11705 -1.64443 0 7 6 1
3.10478 -1.6567 0 8 0 1
3.10478 -1.63216 0 8 0 1
3.12932 -1.6567 0 8 0 1
3.12932 -1.63216 0 8 0 1
3.11705 -1.59534 0 7 6 1
3.10478 -1.60761 0 8 0 1
3.10478 -1.58307 0 8 0 1
3.12932 -1.60761 0 8 0 1
3.12932 -1.58307 0 8 0 1
2.35619 -0.785398 0 2 6 1
1.9635 -1.1781 0 3 9 1
1.9635 -0.392699 0 3 9 1
2.74889 -1.1781 0 3 6 1
2.55254 -1.37445 0 4 9 1
2.55254 -0.981748 0 4 9 1
2.94524 -1.37445 0 4 6 1
2.84707 -1.47262 0 5 9 1
2.84707 -1.27627 0 5 9 1
3.04342 -1.47262 0 5 6 1
2.99433 -1.52171 0 6 9 1
2.99433 -1.42353 0 6 9 1
3.09251 -1.52171 0 6 6 1
3.06796 -1.54625 0 7 9 1
3.06796 -1.49717 0 7 9 1
3.11705 -1.54625 0 7 6 1
3.10478 -1.55852 0 8 0 1
3.10478 -1.53398 0 8 0 1
3.12932 -1.55852 0 8 0 1
3.12932 -1.53398 0 8 0 1
3.11705 -1.49717 0 7 6 1
3.10478 -1.50944 0 8 0 1
3.10478 -1.48489 0 8 0 1
3.12932 -1.50944 0 8 0 1
3.12932 -1.48489 0 8 0 1
3.09251 -1.42353 0 6 6 1
3.06796 -1.44808 0 7 9 1
3.06796 -1.39899 0 7 9 1
3.11705 -1.44808 0 7 6 1
3.10478 -1.46035 0 8 0 1
3.10478 -1.43581 0 8 0 1
3.12932 -1.46035 0 8 0 1
3.12932 -1.43581 0 8 0 1
3.11705 -1.39899 0 7 6 1
3.10478 -1.41126 0 8 0 1
3.10478 -1.38672 0 8 0 1
3.12932 -1.41126 0 8 0 1
3.12932 -1.38672 0 8 0 1
3.04342 -1.27627 0 5 6 1
2.99433 -1.32536 0 6 9 1
2.99433 -1.22718 0 6 9 1
3.09251 -1.32536 0 6 6 1
3.06796 -1.3499 0 7 9 1
3.06796 -1.30082 0 7 9 1
3.11705 -1.3499 0 7 6 1
3.10478 -1.36217 0 8 0 1
3.10478 -1.33763 0 8 0 1
3.12932 -1.36217 0 8 0 1
3.12932 -1.33763 0 8 0 1
3.11705 -1.30082 0 7 6 1
3.10478 -1.31309 0 8 0 1
3.10478 -1.28854 0 8 0 1
3.12932 -1.31309 0 8 0 1
3.12932 -1.28854 0 8 0 1
3.09251 -1.22718 0 6 6 1
3.06796 -1.25173 0 7 9 1
3.06796 -1.20264 0 7 9 1
3.11705 -1.25173 0 7 6 1
3.10478 -1.264 0 8 0 1
3.10478 -1.23946 0 8 0 1
3.12932 -1.264 0 8 0 1
3.12932 -1.23946 0 8 0 1
3.11705 -1.20264 0 7 6 1
3.10478 -1.21491 0 8 0 1
3.10478 -1.19037 0 8 0 1
3.12932 -1.21491 0 8 0 1
3.12932 -1.19037 0 8 0 1
2.94524 -0.981748 0 4 6 1
2.84707 -1.07992 0 5 9 1
2.84707 -0.883573 0 5 9 1
3.04342 -1.07992 0 5 6 1
2.99433 -1.12901 0 6 9 1
2.99433 -1.03084 0 6 9 1
3.09251 -1.12901 0 6 6 1
3.06796 -1.15355 0 7 9 1
3.06796 -1.10447 0 7 9 1
3.11705 -1.15355 0 7 6 1
3.10478 -1.16583 0 8 0 1
3.10478 -1.14128 0 8 0 1
3.12932 -1.16583 0 8 0 1
3.12932 -1.14128 0 8 0 1
3.11705 -1.10447 0 7 6 1
3.10478 -1.11674 0 8 0 1
3.10478 -1.09219 0 8 0 1
3.12932 -1.11674 0 8 0 1
3.12932 -1.09219 0 8 0 1
3.09251 -1.03084 0 6 6 1
3.06796 -1.05538 0 7 9 1
3.06796 -1.00629 0 7 9 1
3.11705 -1.05538 0 7 6 1
3.10478 -1.06765 0 8 0 1
3.10478 -1.04311 0 8 0 1
3.12932 -1.06765 0 8 0 1
3.12932 -1.04311 0 8 0 1
3.11705 -1.00629 0 7 6 1
3.10478 -1.01856 0 8 0 1
3.10478 -0.99402 0 8 0 1
3.12932 -1.01856 0 8 0 1
3.12932 -0.99402 0 8 0 1
3.04342 -0.883573 0 5 6 1
2.99433 -0.93266 0 6 9 1
2.99433 -0.834486 0 6 9 1
3.09251 -0.93266 0 6 6 1
3.06796 -0.957204 0 7 9 1
3.06796 -0.908117 0 7 9 1
3.11705 -0.957204 0 7 6 1
3.10478 -0.969476 0 8 0 1
3.10478 -0.944932 0 8 0 1
3.12932 -0.969476 0 8 0 1
3.12932 -0.944932 0 8 0 1
3.11705 -0.908117 0 7 6 1
3.10478 -0.920388 0 8 0 1
3.10478 -0.895845 0 8 0 1
3.12932 -0.920388 0 8 0 1
3.12932 -0.895845 0 8 0 1
3.09251 -0.834486 0 6 6 1
3.06796 -0.859029 0 7 9 1
3.06796 -0.809942 0 7 9 1
3.11705 -0.859029 0 7 6 1
3.10478 -0.871301 0 8 0 1
3.10478 -0.846757 0 8 0 1
3.12932 -0.871301 0 8 0 1
3.12932 -0.846757 0 8 0 1
3.11705 -0.809942 0 7 6 1
3.10478 -0.822214 0 8 0 1
3.10478 -0.79767 0 8 0 1
3.12932 -0.822214 0 8 0 1
3.12932 -0.79767 0 8 0 1
2.74889 -0.392699 0 3 6 1
2.55254 -0.589049 0 4 9 1
2.55254 -0.19635 0 4 9 1
2.94524 -0.589049 0 4 6 1
2.84707 -0.687223 0 5 9 1
2.84707 -0.490874 0 5 9 1
3.04342 -0.687223 0 5 6 1
2.99433 -0.736311 0 6 9 1
2.99433 -0.638136 0 6 9 1
3.09251 -0.736311 0 6 6 1
3.06796 -0.760854 0 7 9 1
3.06796 -0.711767 0 7 9 1
3.11705 -0.760854 0 7 6 1
3.10478 -0.773126 0 8 0 1
3.10478 -0.748583 0 8 0 1
3.12932 -0.773126 0 8 0 1
3.12932 -0.748583 0 8 0 1
3.11705 -0.711767 0 7 6 1
3.10478 -0.724039 0 8 0 1
3.10478 -0.699495 0 8 0 1
3.12932 -0.724039 0 8 0 1
3.12932 -0.699495 0 8 0 1
3.09251 -0.638136 0 6 6 1
3.06796 -0.66268 0 7 9 1
3.06796 -0.613592 0 7 9 1
3.11705 -0.66268 0 7 6 1
3.10478 -0.674952 0 8 0 1
3.10478 -0.650408 0 8 0 1
3.12932 -0.674952 0 8 0 1
3.12932 -0.650408 0 8 0 1
3.11705 -0.613592 0 7 6 1
3.10478 -0.625864 0 8 0 1
3.10478 -0.60132 0 8 0 1
3.12932 -0.625864 0 8 0 1
3.12932 -0.60132 0 8 0 1
3.04342 -0.490874 0 5 6 1
2.99433 -0.539961 0 6 9 1
2.99433 -0.441786 0 6 9 1
3.09251 -0.539961 0 6 6 1
3.06796 -0.564505 0 7 9 1
3.06796 -0.515418 0 7 9 1
3.11705 -0.564505 0 7 6 1
3.10478 -0.576777 0 8 0 1
3.10478 -0.552233 0 8 0 1
3.12932 -0.576777 0 8 0 1
3.12932 -0.552233 0 8 0 1
3.11705 -0.515418 0 7 6 1
3.10478 -0.527689 0 8 0 1
3.10478 -0.503146 0 8 0 1
3.12932 -0.527689 0 8 0 1
3.12932 -0.503146 0 8 0 1
3.09251 -0.441786 0 6 6 1
3.06796 -0.46633 0 7 9 1
3.06796 -0.417243 0 7 9 1
3.11705 -0.46633 0 7 6 1
3.10478 -0.478602 0 8 0 1
3.10478 -0.454058 0 8 0 1
3.12932 -0.478602 0 8 0 1
3.12932 -0.454058 0 8 0 1
3.11705 -0.417243 0 7 6 1
3.10478 -0.429515 0 8 0 1
3.10478 -0.404971 0 8 0 1
3.12932 -0.429515 0 8 0 1
3.12932 -0.404971 0 8 0 1
2.94524 -0.19635 0 4 6 1
2.84707 -0.294524 0 5 9 1
2.84707 -0.0981748 0 5 9 1
3.04342 -0.294524 0 5 6 1
2.99433 -0.343612 0 6 9 1
2.99433 -0.245437 0 6 9 1
3.09251 -0.343612 0 6 6 1
3.06796 -0.368155 0 7 9 1
3.06796 -0.319068 0 7 9 1
3.11705 -0.368155 0 7 6 1
3.10478 -0.380427 0 8 0 1
3.10478 -0.355884 0 8 0 1
3.12932 -0.380427 0 8 0 1
3.12932 -0.355884 0 8 0 1
3.11705 -0.319068 0 7 6 1
3.10478 -0.33134 0 8 0 1
3.10478 -0.306796 0 8 0 1
3.12932 -0.33134 0 8 0 1
3.12932 -0.306796 0 8 0 1
3.09251 -0.245437 0 6 6 1
3.06796 -0.269981 0 7 9 1
3.06796 -0.220893 0 7 9 1
3.11705 -0.269981 0 7 6 1
3.10478 -0.282252 0 8 0 1
3.10478 -0.257709 0 8 0 1
3.12932 -0.282252 0 8 0 1
3.12932 -0.257709 0 8 0 1
3.11705 -0.220893 0 7 6 1
3.10478 -0.233165 0 8 0 1
3.10478 -0.208621 0 8 0 1
3.12932 -0.233165 0 8 0 1
3.12932 -0.208621 0 8 0 1
3.04342 -0.0981748 0 5 6 1
2.99433 -0.147262 0 6 9 1
2.99433 -0.0490874 0 6 9 1
3.09251 -0.147262 0 6 6 1
3.06796 -0.171806 0 7 9 1
3.06796 -0.122718 0 7 9 1
3.11705 -0.171806 0 7 6 1
3.10478 -0.184078 0 8 0 1
3.10478 -0.159534 0 8 0 1
3.12932 -0.184078 0 8 0 1
3.12932 -0.159534 0 8 0 1
3.11705 -0.122718 0 7 6 1
3.10478 -0.13499 0 8 0 1
3.10478 -0.110447 0 8 0 1
3.12932 -0.13499 0 8 0 1
3.12932 -0.110447 0 8 0 1
3.09251 -0.0490874 0 6 6 1
3.06796 -0.0736311 0 7 9 1
3.06796 -0.0245437 0 7 9 1
3.11705 -0.0736311 0 7 6 1
3.10478 -0.0859029 0 8 0 1
3.10478 -0.0613592 0 8 0 1
3.12932 -0.0859029 0 8 0 1
3.12932 -0.0613592 0 8 0 1
3.11705 -0.0245437 0 7 6 1
3.10478 -0.0368155 0 8 0 1
3.10478 -0.0122718 0 8 0 1
3.12932 -0.0368155 0 8 0 1
3.12932 -0.0122718 0 8 0 1
1.5708 1.5708 0 1 4 1
0.785398 0.785398 0 2 9 1
0.392699 0.392699 0 3 9 1
0.19635 0.19635 0 4 9 1
0.0981748 0.0981748 0 5 9 1
0.0490874 0.0490874 0 6 9 1
0.0245437 0.0245437 0 7 9 1
0.0122718 0.0122718 0 8 0 1
0.0122718 0.0368155 0 8 0 1
0.0368155 0.0122718 0 8 0 1
0.0368155 0.0368155 0 8 0 1
0.0245437 0.0736311 0 7 9 1
0.0122718 0.0613592 0 8 0 1
0.0122718 0.0859029 0 8 0 1
0.0368155 0.0613592 0 8 0 1
0.0368155 0.0859029 0 8 0 1
0.0736311 0.0245437 0 7 9 1
0.0736311 0.0736311 0 7 9 1
0.0490874 0.147262 0 6 9 1
0.0245437 0.122718 0 7 9 1
0.0122718 0.110447 0 8 0 1
0.0122718 0.13499 0 8 0 1
0.0368155 0.110447 0 8 0 1
0.0368155 0.13499 0 8 0 1
0.0245437 0.171806 0 7 9 1
0.0122718 0.159534 0 8 0 1
0.0122718 0.184078 0 8 0 1
0.0368155 0.159534 0 8 0 1
0.0368155 0.184078 0 8 0 1
0.0736311 0.122718 0 7 9 1
0.0736311 0.171806 0 7 9 1
0.147262 0.0490874 0 6 9 1
0.147262 0.147262 0 6 9 1
0.0981748 0.294524 0 5 9 1
0.0490874 0.245437 0 6 9 1
0.0245437 0.220893 0 7 9 1
0.0122718 0.208621 0 8 0 1
0.0122718 0.233165 0 8 0 1
0.0368155 0.208621 0 8 0 1
0.0368155 0.233165 0 8 0 1
0.0245437 0.269981 0 7 9 1
0.0122718 0.257709 0 8 0 1
0.0122718 0.282252 0 8 0 1
0.0368155 0.257709 0 8 0 1
0.0368155 0.282252 0 8 0 1
0.0736311 0.220893 0 7 9 1
0.0736311 0.269981 0 7 9 1
0.0490874 0.343612 0 6 9 1
0.0245437 0.319068 0 7 9 1
0.0122718 0.306796 0 8 0 1
0.0122718 0.33134 0 8 0 1
0.0368155 0.306796 0 8 0 1
0.0368155 0.33134 0 8 0 1
0.0245437 0.368155 0 7 9 1
0.0122718 0.355884 0 8 0 1
0.0122718 0.380427 0 8 0 1
0.0368155 0.355884 0 8 0 1
0.0368155 0.380427 0 8 0 1
0.0736311 0.319068 0 7 9 1
0.0736311 0.368155 0 7 9 1
0.147262 0.245437 0 6 9 1
0.147262 0.343612 0 6 9 1
0.294524 0.0981748 0 5 9 1
0.294524 0.294524 0 5 9 1
0.19635 0.589049 0 4 9 1
0.0981748 0.490874 0 5 9 1
0.0490874 0.441786 0 6 9 1
0.0245437 0.417243 0 7 9 1
0.0122718 0.404971 0 8 0 1
0.0122718 0.429515 0 8 0 1
0.0368155 0.404971 0 8 0 1
0.0368155 0.429515 0 8 0 1
0.0245437 0.46633 0 7 9 1
0.0122718 0.454058 0 8 0 1
0.0122718 0.478602 0 8 0 1
0.0368155 0.454058 0 8 0 1
0.0368155 0.478602 0 8 0 1
0.0736311 0.417243 0 7 9 1
0.0736311 0.46633 0 7 9 1
0.0490874 0.539961 0 6 9 1
0.0245437 0.515418 0 7 9 1
0.0122718 0.503146 0 8 0 1
0.0122718 0.527689 0 8 0 1
0.0368155 0.503146 0 8 0 1
0.0368155 0.527689 0 8 0 1
0.0245437 0.564505 0 7 9 1
0.0122718 0.552233 0 8 0 1
0.0122718 0.576777 0 8 0 1
0.0368155 0.552233 0 8 0 1
0.0368155 0.576777 0 8 0 1
0.0736311 0.515418 0 7 9 1
0.0736311 0.564505 0 7 9 1
0.147262 0.441786 0 6 9 1
0.147262 0.539961 0 6 9 1
0.0981748 0.687223 0 5 9 1
0.0490874 0.638136 0 6 9 1
0.0245437 0.613592 0 7 9 1
0.0122718 0.60132 0 8 0 1
0.0122718 0.625864 0 8 0 1
0.0368155 0.60132 0 8 0 1
0.0368155 0.625864 0 8 0 1
0.0245437 0.66268 0 7 9 1
0.0122718 0.650408 0 8 0 1
0.0122718 0.674952 0 8 0 1
0.0368155 0.650408 0 8 0 1
0.0368155 0.674952 0 8 0 1
0.0736311 0.613592 0 7 9 1
0.0736311 0.66268 0 7 9 1
0.0490874 0.736311 0 6 9 1
0.0245437 0.711767 0 7 9 1
0.0122718 0.699495 0 8 0 1
0.0122718 0.724039 0 8 0 1
0.0368155 0.699495 0 8 0 1
0.0368155 0.724039 0 8 0 1
0.0245437 0.760854 0 7 9 1
0.0122718 0.748583 0 8 0 1
0.0122718 0.773126 0 8 0 1
0.0368155 0.748583 0 8 0 1
0.0368155 0.773126 0 8 0 1
0.0736311 0.711767 0 7 9 1
0.0736311 0.760854 0 7 9 1
0.147262 0.638136 0 6 9 1
0.147262 0.736311 0 6 9 1
0.294524 0.490874 0 5 9 1
0.294524 0.687223 0 5 9 1
0.589049 0.19635 0 4 9 1
0.589049 0.589049 0 4 9 1
0.392699 1.1781 0 3 9 1
0.19635 0.981748 0 4 9 1
0.0981748 0.883573 0 5 9 1
0.0490874 0.834486 0 6 9 1
0.0245437 0.809942 0 7 9 1
0.0122718 0.79767 0 8 0 1
0.0122718 0.822214 0 8 0 1
0.0368155 0.79767 0 8 0 1
0.0368155 0.822214 0 8 0 1
0.0245437 0.859029 0 7 9 1
0.0122718 0.846757 0 8 0 1
0.0122718 0.871301 0 8 0 1
0.0368155 0.846757 0 8 0 1
0.0368155 0.871301 0 8 0 1
0.0736311 0.809942 0 7 9 1
0.0736311 0.859029 0 7 9 1
0.0490874 0.93266 0 6 9 1
0.0245437 0.908117 0 7 9 1
0.0122718 0.895845 0 8 0 1
0.0122718 0.920388 0 8 0 1
0.0368155 0.895845 0 8 0 1
0.0368155 0.920388 0 8 0 1
0.0245437 0.957204 0 7 9 1
0.0122718 0.944932 0 8 0 1
0.0122718 0.969476 0 8 0 1
0.0368155 0.944932 0 8 0 1
0.0368155 0.969476 0 8 0 1
0.0736311 0.908117 0 7 9 1
0.0736311 0.957204 0 7 9 1
0.147262 0.834486 0 6 9 1
0.147262 0.93266 0 6 9 1
0.0981748 1.07992 0 5 9 1
0.0490874 1.03084 0 6 9 1
0.0245437 1.00629 0 7 9 1
0.0122718 0.99402 0 8 0 1
0.0122718 1.01856 0 8 0 1
0.0368155 0.99402 0 8 0 1
0.0368155 1.01856 0 8 0 1
0.0245437 1.05538 0 7 9 1
0.0122718 1.04311 0 8 0 1
0.0122718 1.06765 0 8 0 1
0.0368155 1.04311 0 8 0 1
0.0368155 1.06765 0 8 0 1
0.0736311 1.00629 0 7 9 1
0.0736311 1.05538 0 7 9 1
0.0490874 1.12901 0 6 9 1
0.0245437 1.10447 0 7 9 1
0.0122718 1.09219 0 8 0 1
0.0122718 1.11674 0 8 0 1
0.0368155 1.09219 0 8 0 1
0.0368155 1.11674 0 8 0 1
0.0245437 1.15355 0 7 9 1
0.0122718 1.14128 0 8 0 1
0.0122718 1.16583 0 8 0 1
0.0368155 1.14128 0 8 0 1
0.0368155 1.16583 0 8 0 1
0.0736311 1.10447 0 7 9 1
0.0736311 1.15355 0 7 9 1
0.147262 1.03084 0 6 9 1
0.147262 1.12901 0 6 9 1
0.294524 0.883573 0 5 9 1
0.294524 1.07992 0 5 9 1
0.19635 1.37445 0 4 9 1
0.0981748 1.27627 0 5 9 1
0.0490874 1.22718 0 6 9 1
0.0245437 1.20264 0 7 9 1
0.0122718 1.19037 0 8 0 1
0.0122718 1.21491 0 8 0 1
0.0368155 1.19037 0 8 0 1
0.0368155 1.21491 0 8 0 1
0.0245437 1.25173 0 7 9 1
0.0122718 1.23946 0 8 0 1
0.0122718 1.264 0 8 0 1
0.0368155 1.23946 0 8 0 1
0.0368155 1.264 0 8 0 1
0.0736311 1.20264 0 7 9 1
0.0736311 1.25173 0 7 9 1
0.0490874 1.32536 0 6 9 1
0.0245437 1.30082 0 7 9 1
0.0122718 1.28854 0 8 0 1
0.0122718 1.31309 0 8 0 1
0.0368155 1.28854 0 8 0 1
0.0368155 1.31309 0 8 0 1
0.0245437 1.3499 0 7 9 1
0.0122718 1.33763 0 8 0 1
0.0122718 1.36217 0 8 0 1
0.0368155 1.33763 0 8 0 1
0.0368155 1.36217 0 8 0 1
0.0736311 1.30082 0 7 9 1
0.0736311 1.3499 0 7 9 1
0.147262 1.22718 0 6 9 1
0.147262 1.32536 0 6 9 1
0.0981748 1.47262 0 5 9 1
0.0490874 1.42353 0 6 9 1
0.0245437 1.39899 0 7 9 1
0.0122718 1.38672 0 8 0 1
0.0122718 1.41126 0 8 0 1
0.0368155 1.38672 0 8 0 1
0.0368155 1.41126 0 8 0 1
0.0245437 1.44808 0 7 9 1
0.0122718 1.43581 0 8 0 1
0.0122718 1.46035 0 8 0 1
0.0368155 1.43581 0 8 0 1
0.0368155 1.46035 0 8 0 1
0.0736311 1.39899 0 7 9 1
0.0736311 1.44808 0 7 9 1
0.0490874 1.52171 0 6 9 1
0.0245437 1.49717 0 7 9 1
0.0122718 1.48489 0 8 0 1
0.0122718 1.50944 0 8 0 1
0.0368155 1.48489 0 8 0 1
0.0368155 1.50944 0 8 0 1
0.0245437 1.54625 0 7 9 1
0.0122718 1.53398 0 8 0 1
0.0122718 1.55852 0 8 0 1
0.0368155 1.53398 0 8 0 1
0.0368155 1.55852 0 8 0 1
0.0736311 1.49717 0 7 9 1
0.0736311 1.54625 0 7 9 1
0.147262 1.42353 0 6 9 1
0.147262 1.52171 0 6 9 1
0.294524 1.27627 0 5 9 1
0.294524 1.47262 0 5 9 1
0.589049 0.981748 0 4 9 1
0.589049 1.37445 0 4 9 1
1.1781 0.392699 0 3 9 1
1.1781 1.1781 0 3 9 1
0.785398 2.35619 0 2 6 1
0.392699 1.9635 0 3 9 1
0.19635 1.76715 0 4 9 1
0.0981748 1.66897 0 5 9 1
0.0490874 1.61988 0 6 9 1
0.0245437 1.59534 0 7 9 1
0.0122718 1.58307 0 8 0 1
0.0122718 1.60761 0 8 0 1
0.0368155 1.58307 0 8 0 1
0.0368155 1.60761 0 8 0 1
0.0245437 1.64443 0 7 9 1
0.0122718 1.63216 0 8 0 1
0.0122718 1.6567 0 8 0 1
0.0368155 1.63216 0 8 0 1
0.0368155 1.6567 0 8 0 1
0.0736311 1.59534 0 7 9 1
0.0736311 1.64443 0 7 9 1
0.0490874 1.71806 0 6 9 1
0.0245437 1.69351 0 7 9 1
0.0122718 1.68124 0 8 0 1
0.0122718 1.70579 0 8 0 1
0.0368155 1.68124 0 8 0 1
0.0368155 1.70579 0 8 0 1
0.0245437 1.7426 0 7 9 1
0.0122718 1.73033 0 8 0 1
0.0122718 1.75487 0 8 0 1
0.0368155 1.73033 0 8 0 1
0.0368155 1.75487 0 8 0 1
0.0736311 1.69351 0 7 9 1
0.0736311 1.7426 0 7 9 1
0.147262 1.61988 0 6 9 1
0.147262 1.71806 0 6 9 1
0.0981748 1.86532 0 5 9 1
0.0490874 1.81623 0 6 9 1
0.0245437 1.79169 0 7 9 1
0.0122718 1.77942 0 8 0 1
0.0122718 1.80396 0 8 0 1
0.0368155 1.77942 0 8 0 1
0.0368155 1.80396 0 8 0 1
0.0245437 1.84078 0 7 9 1
0.0122718 1.82851 0 8 0 1
0.0122718 1.85305 0 8 0 1
0.0368155 1.82851 0 8 0 1
0.0368155 1.85305 0 8 0 1
0.0736311 1.79169 0 7 9 1
0.0736311 1.84078 0 7 9 1
0.0490874 1.91441 0 6 9 1
0.0245437 1.88986 0 7 9 1
0.0122718 1.87759 0 8 0 1
0.0122718 1.90214 0 8 0 1
0.0368155 1.87759 0 8 0 1
0.0368155 1.90214 0 8 0 1
0.0245437 1.93895 0 7 9 1
0.0122718 1.92668 0 8 0 1
0.0122718 1.95122 0 8 0 1
0.0368155 1.92668 0 8 0 1
0.0368155 1.95122 0 8 0 1
0.0736311 1.88986 0 7 9 1
0.0736311 1.93895 0 7 9 1
0.147262 1.81623 0 6 9 1
0.147262 1.91441 0 6 9 1
0.294524 1.66897 0 5 9 1
0.294524 1.86532 0 5 9 1
0.19635 2.15984 0 4 9 1
0.0981748 2.06167 0 5 9 1
0.0490874 2.01258 0 6 9 1
0.0245437 1.98804 0 7 9 1
0.0122718 1.97577 0 8 0 1
0.0122718 2.00031 0 8 0 1
0.0368155 1.97577 0 8 0 1
0.0368155 2.00031 0 8 0 1
0.0245437 2.03713 0 7 9 1
0.0122718 2.02485 0 8 0 1
0.0122718 2.0494 0 8 0 1
0.0368155 2.02485 0 8 0 1
0.0368155 2.0494 0 8 0 1
0.0736311 1.98804 0 7 9 1
0.0736311 2.03713 0 7 9 1
0.0490874 2.11076 0 6 9 1
0.0245437 2.08621 0 7 9 1
0.0122718 2.07394 0 8 0 1
0.0122718 2.09849 0 8 0 1
0.0368155 2.07394 0 8 0 1
0.0368155 2.09849 0 8 0 1
0.0245437 2.1353 0 7 9 1
0.0122718 2.12303 0 8 0 1
0.0122718 2.14757 0 8 0 1
0.0368155 2.12303 0 8 0 1
0.0368155 2.14757 0 8 0 1
0.0736311 2.08621 0 7 9 1
0.0736311 2.1353 0 7 9 1
0.147262 2.01258 0 6 9 1
0.147262 2.11076 0 6 9 1
0.0981748 2.25802 0 5 9 1
0.0490874 2.20893 0 6 9 1
0.0245437 2.18439 0 7 9 1
0.0122718 2.17212 0 8 0 1
0.0122718 2.19666 0 8 0 1
0.0368155 2.17212 0 8 0 1
0.0368155 2.19666 0 8 0 1
0.0245437 2.23348 0 7 9 1
0.0122718 2.2212 0 8 0 1
0.0122718 2.24575 0 8 0 1
0.0368155 2.2212 0 8 0 1
0.0368155 2.24575 0 8 0 1
0.0736311 2.18439 0 7 9 1
0.0736311 2.23348 0 7 9 1
0.0490874 2.30711 0 6 9 1
0.0245437 2.28256 0 7 9 1
0.0122718 2.27029 0 8 0 1
0.0122718 2.29484 0 8 0 1
0.0368155 2.27029 0 8 0 1
0.0368155 2.29484 0 8 0 1
0.0245437 2.33165 0 7 9 1
0.0122718 2.31938 0 8 0 1
0.0122718 2.34392 0 8 0 1
0.0368155 2.31938 0 8 0 1
0.0368155 2.34392 0 8 0 1
0.0736311 2.28256 0 7 9 1
0.0736311 2.33165 0 7 9 1
0.147262 2.20893 0 6 9 1
0.147262 2.30711 0 6 9 1
0.294524 2.06167 0 5 9 1
0.294524 2.25802 0 5 9 1
0.589049 1.76715 0 4 9 1
0.589049 2.15984 0 4 9 1
0.392699 2.74889 0 3 6 1
0.19635 2.55254 0 4 9 1
0.0981748 2.45437 0 5 9 1
0.0490874 2.40528 0 6 9 1
0.0245437 2.38074 0 7 9 1
0.0122718 2.36847 0 8 0 1
0.0122718 2.39301 0 8 0 1
0.0368155 2.36847 0 8 0 1
0.0368155 2.39301 0 8 0 1
0.0245437 2.42983 0 7 9 1
0.0122718 2.41755 0 8 0 1
0.0122718 2.4421 0 8 0 1
0.0368155 2.41755 0 8 0 1
0.0368155 2.4421 0 8 0 1
0.0736311 2.38074 0 7 9 1
0.0736311 2.42983 0 7 9 1
0.0490874 2.50346 0 6 9 1
0.0245437 2.47891 0 7 9 1
0.0122718 2.46664 0 8 0 1
0.0122718 2.49118 0 8 0 1
0.0368155 2.46664 0 8 0 1
0.0368155 2.49118 0 8 0 1
0.0245437 2.528 0 7 9 1
0.0122718 2.51573 0 8 0 1
0.0122718 2.54027 0 8 0 1
0.0368155 2.51573 0 8 0 1
0.0368155 2.54027 0 8 0 1
0.0736311 2.47891 0 7 9 1
0.0736311 2.528 0 7 9 1
0.147262 2.40528 0 6 9 1
0.147262 2.50346 0 6 9 1
0.0981748 2.65072 0 5 9 1
0.0490874 2.60163 0 6 9 1
0.0245437 2.57709 0 7 9 1
0.0122718 2.56482 0 8 0 1
0.0122718 2.58936 0 8 0 1
0.0368155 2.56482 0 8 0 1
0.0368155 2.58936 0 8 0 1
0.0245437 2.62618 0 7 9 1
0.0122718 2.6139 0 8 0 1
0.0122718 2.63845 0 8 0 1
0.0368155 2.6139 0 8 0 1
0.0368155 2.63845 0 8 0 1
0.0736311 2.57709 0 7 9 1
0.0736311 2.62618 0 7 9 1
0.0490874 2.69981 0 6 9 1
0.0245437 2.67526 0 7 9 1
0.0122718 2.66299 0 8 0 1
0.0122718 2.68753 0 8 0 1
0.0368155 2.66299 0 8 0 1
0.0368155 2.68753 0 8 0 1
0.0245437 2.72435 0 7 9 1
0.0122718 2.71208 0 8 0 1
0.0122718 2.73662 0 8 0 1
0.0368155 2.71208 0 8 0 1
0.0368155 2.73662 0 8 0 1
0.0736311 2.67526 0 7 9 1
0.0736311 2.72435 0 7 9 1
0.147262 2.60163 0 6 9 1
0.147262 2.69981 0 6 9 1
0.294524 2.45437 0 5 9 1
0.294524 2.65072 0 5 9 1
0.19635 2.94524 0 4 6 1
0.0981748 2.84707 0 5 9 1
0.0490874 2.79798 0 6 9 1
0.0245437 2.77344 0 7 9 1
0.0122718 2.76117 0 8 0 1
0.0122718 2.78571 0 8 0 1
0.0368155 2.76117 0 8 0 1
0.0368155 2.78571 0 8 0 1
0.0245437 2.82252 0 7 9 1
0.0122718 2.81025 0 8 0 1
0.0122718 2.8348 0 8 0 1
0.0368155 2.81025 0 8 0 1
0.0368155 2.8348 0 8 0 1
0.0736311 2.77344 0 7 9 1
0.0736311 2.82252 0 7 9 1
0.0490874 2.89616 0 6 9 1
0.0245437 2.87161 0 7 9 1
0.0122718 2.85934 0 8 0 1
0.0122718 2.88388 0 8 0 1
0.0368155 2.85934 0 8 0 1
0.0368155 2.88388 0 8 0 1
0.0245437 2.9207 0 7 9 1
0.0122718 2.90843 0 8 0 1
0.0122718 2.93297 0 8 0 1
0.0368155 2.90843 0 8 0 1
0.0368155 2.93297 0 8 0 1
0.0736311 2.87161 0 7 9 1
0.0736311 2.9207 0 7 9 1
0.147262 2.79798 0 6 9 1
0.147262 2.89616 0 6 9 1
0.0981748 3.04342 0 5 6 1
0.0490874 2.99433 0 6 9 1
0.0245437 2.96979 0 7 9 1
0.0122718 2.95751 0 8 0 1
0.0122718 2.98206 0 8 0 1
0.0368155 2.95751 0 8 0 1
0.0368155 2.98206 0 8 0 1
0.0245437 3.01887 0 7 9 1
0.0122718 3.0066 0 8 0 1
0.0122718 3.03115 0 8 0 1
0.0368155 3.0066 0 8 0 1
0.0368155 3.03115 0 8 0 1
0.0736311 2.96979 0 7 9 1
0.0736311 3.01887 0 7 9 1
0.0490874 3.09251 0 6 6 1
0.0245437 3.06796 0 7 9 1
0.0122718 3.05569 0 8 0 1
0.0122718 3.08023 0 8 0 1
0.0368155 3.05569 0 8 0 1
0.0368155 3.08023 0 8 0 1
0.0245437 3.11705 0 7 6 1
0.0122718 3.10478 0 8 0 1
0.0122718 3.12932 0 8 0 1
0.0368155 3.10478 0 8 0 1
0.0368155 3.12932 0 8 0 1
0.0736311 3.06796 0 7 9 1
0.0736311 3.11705 0 7 6 1
0.0613592 3.10478 0 8 0 1
0.0613592 3.12932 0 8 0 1
0.0859029 3.10478 0 8 0 1
0.0859029 3.12932 0 8 0 1
0.147262 2.99433 0 6 9 1
0.147262 3.09251 0 6 6 1
0.122718 3.06796 0 7 9 1
0.122718 3.11705 0 7 6 1
0.110447 3.10478 0 8 0 1
0.110447 3.12932 0 8 0 1
0.13499 3.10478 0 8 0 1
0.13499 3.12932 0 8 0 1
0.171806 3.06796 0 7 9 1
0.171806 3.11705 0 7 6 1
0.159534 3.10478 0 8 0 1
0.159534 3.12932 0 8 0 1
0.184078 3.10478 0 8 0 1
0.184078 3.12932 0 8 0 1
0.294524 2.84707 0 5 9 1
0.294524 3.04342 0 5 6 1
0.245437 2.99433 0 6 9 1
0.245437 3.09251 0 6 6 1
0.220893 3.06796 0 7 9 1
0.220893 3.11705 0 7 6 1
0.208621 3.10478 0 8 0 1
0.208621 3.12932 0 8 0 1
0.233165 3.10478 0 8 0 1
0.233165 3.12932 0 8 0 1
0.269981 3.06796 0 7 9 1
0.269981 3.11705 0 7 6 1
0.257709 3.10478 0 8 0 1
0.257709 3.12932 0 8 0 1
0.282252 3.10478 0 8 0 1
0.282252 3.12932 0 8 0 1
0.343612 2.99433 0 6 9 1
0.343612 3.09251 0 6 6 1
0.319068 3.06796 0 7 9 1
0.319068 3.11705 0 7 6 1
0.306796 3.10478 0 8 0 1
0.306796 3.12932 0 8 0 1
0.33134 3.10478 0 8 0 1
0.33134 3.12932 0 8 0 1
0.368155 3.06796 0 7 9 1
0.368155 3.11705 0 7 6 1
0.355884 3.10478 0 8 0 1
0.355884 3.12932 0 8 0 1
0.380427 3.10478 0 8 0 1
0.380427 3.12932 0 8 0 1
0.589049 2.55254 0 4 9 1
0.589049 2.94524 0 4 6 1
0.490874 2.84707 0 5 9 1
0.490874 3.04342 0 5 6 1
0.441786 2.99433 0 6 9 1
0.441786 3.09251 0 6 6 1
0.417243 3.06796 0 7 9 1
0.417243 3.11705 0 7 6 1
0.404971 3.10478 0 8 0 1
0.404971 3.12932 0 8 0 1
0.429515 3.10478 0 8 0 1
0.429515 3.12932 0 8 0 1
0.46633 3.06796 0 7 9 1
0.46633 3.11705 0 7 6 1
0.454058 3.10478 0 8 0 1
0.454058 3.12932 0 8 0 1
0.478602 3.10478 0 8 0 1
0.478602 3.12932 0 8 0 1
0.539961 2.99433 0 6 9 1
0.539961 3.09251 0 6 6 1
0.515418 3.06796 0 7 9 1
0.515418 3.11705 0 7 6 1
0.503146 3.10478 0 8 0 1
0.503146 3.12932 0 8 0 1
0.527689 3.10478 0 8 0 1
0.527689 3.12932 0 8 0 1
0.564505 3.06796 0 7 9 1
0.564505 3.11705 0 7 6 1
0.552233 3.10478 0 8 0 1
0.552233 3.12932 0 8 0 1
0.576777 3.10478 0 8 0 1
0.576777 3.12932 0 8 0 1
0.687223 2.84707 0 5 9 1
0.687223 3.04342 0 5 6 1
0.638136 2.99433 0 6 9 1
0.638136 3.09251 0 6 6 1
0.613592 3.06796 0 7 9 1
0.613592 3.11705 0 7 6 1
0.60132 3.10478 0 8 0 1
0.60132 3.12932 0 8 0 1
0.625864 3.10478 0 8 0 1
0.625864 3.12932 0 8 0 1
0.66268 3.06796 0 7 9 1
0.66268 3.11705 0 7 6 1
0.650408 3.10478 0 8 0 1
0.650408 3.12932 0 8 0 1
0.674952 3.10478 0 8 0 1
0.674952 3.12932 0 8 0 1
0.736311 2.99433 0 6 9 1
0.736311 3.09251 0 6 6 1
0.711767 3.06796 0 7 9 1
0.711767 3.11705 0 7 6 1
0.699495 3.10478 0 8 0 1
0.699495 3.12932 0 8 0 1
0.724039 3.10478 0 8 0 1
0.724039 3.12932 0 8 0 1
0.760854 3.06796 0 7 9 1
0.760854 3.11705 0 7 6 1
0.748583 3.10478 0 8 0 1
0.748583 3.12932 0 8 0 1
0.773126 3.10478 0 8 0 1
0.773126 3.12932 0 8 0 1
1.1781 1.9635 0 3 9 1
1.1781 2.74889 0 3 6 1
0.981748 2.55254 0 4 9 1
0.981748 2.94524 0 4 6 1
0.883573 2.84707 0 5 9 1
0.883573 3.04342 0 5 6 1
0.834486 2.99433 0 6 9 1
0.834486 3.09251 0 6 6 1
0.809942 3.06796 0 7 9 1
0.809942 3.11705 0 7 6 1
0.79767 3.10478 0 8 0 1
0.79767 3.12932 0 8 0 1
0.822214 3.10478 0 8 0 1
0.822214 3.12932 0 8 0 1
0.859029 3.06796 0 7 9 1
0.859029 3.11705 0 7 6 1
0.846757 3.10478 0 8 0 1
0.846757 3.12932 0 8 0 1
0.871301 3.10478 0 8 0 1
0.871301 3.12932 0 8 0 1
0.93266 2.99433 0 6 9 1
0.93266 3.09251 0 6 6 1
0.908117 3.06796 0 7 9 1
0.908117 3.11705 0 7 6 1
0.895845 3.10478 0 8 0 1
0.895845 3.12932 0 8 0 1
0.920388 3.10478 0 8 0 1
0.920388 3.12932 0 8 0 1
0.957204 3.06796 0 7 9 1
0.957204 3.11705 0 7 6 1
0.944932 3.10478 0 8 0 1
0.944932 3.12932 0 8 0 1
0.969476 3.10478 0 8 0 1
0.969476 3.12932 0 8 0 1
1.07992 2.84707 0 5 9 1
1.07992 3.04342 0 5 6 1
1.03084 2.99433 0 6 9 1
1.03084 3.09251 0 6 6 1
1.00629 3.06796 0 7 9 1
1.00629 3.11705 0 7 6 1
0.99402 3.10478 0 8 0 1
0.99402 3.12932 0 8 0 1
1.01856 3.10478 0 8 0 1
1.01856 3.12932 0 8 0 1
1.05538 3.06796 0 7 9 1
1.05538 3.11705 0 7 6 1
1.04311 3.10478 0 8 0 1
1.04311 3.12932 0 8 0 1
1.06765 3.10478 0 8 0 1
1.06765 3.12932 0 8 0 1
1.12901 2.99433 0 6 9 1
1.12901 3.09251 0 6 6 1
1.10447 3.06796 0 7 9 1
1.10447 3.11705 0 7 6 1
1.09219 3.10478 0 8 0 1
1.09219 3.12932 0 8 0 1
1.11674 3.10478 0 8 0 1
1.11674 3.12932 0 8 0 1
1.15355 3.06796 0 7 9 1
1.15355 3.11705 0 7 6 1
1.14128 3.10478 0 8 0 1
1.14128 3.12932 0 8 0 1
1.16583 3.10478 0 8 0 1
1.16583 3.12932 0 8 0 1
1.37445 2.55254 0 4 9 1
1.37445 2.94524 0 4 6 1
1.27627 2.84707 0 5 9 1
1.27627 3.04342 0 5 6 1
1.22718 2.99433 0 6 9 1
1.22718 3.09251 0 6 6 1
1.20264 3.06796 0 7 9 1
1.20264 3.11705 0 7 6 1
1.19037 3.10478 0 8 0 1
1.19037 3.12932 0 8 0 1
1.21491 3.10478 0 8 0 1
1.21491 3.12932 0 8 0 1
1.25173 3.06796 0 7 9 1
1.25173 3.11705 0 7 6 1
1.23946 3.10478 0 8 0 1
1.23946 3.12932 0 8 0 1
1.264 3.10478 0 8 0 1
1.264 3.12932 0 8 0 1
1.32536 2.99433 0 6 9 1
1.32536 3.09251 0 6 6 1
1.30082 3.06796 0 7 9 1
1.30082 3.11705 0 7 6 1
1.28854 3.10478 0 8 0 1
1.28854 3.12932 0 8 0 1
1.31309 3.10478 0 8 0 1
1.31309 3.12932 0 8 0 1
1.3499 3.06796 0 7 9 1
1.3499 3.11705 0 7 6 1
1.33763 3.10478 0 8 0 1
1.33763 3.12932 0 8 0 1
1.36217 3.10478 0 8 0 1
1.36217 3.12932 0 8 0 1
1.47262 2.84707 0 5 9 1
1.47262 3.04342 0 5 6 1
1.42353 2.99433 0 6 9 1
1.42353 3.09251 0 6 6 1
1.39899 3.06796 0 7 9 1
1.39899 3.11705 0 7 6 1
1.38672 3.10478 0 8 0 1
1.38672 3.12932 0 8 0 1
1.41126 3.10478 0 8 0 1
1.41126 3.12932 0 8 0 1
1.44808 3.06796 0 7 9 1
1.44808 3.11705 0 7 6 1
1.43581 3.10478 0 8 0 1
1.43581 3.12932 0 8 0 1
1.46035 3.10478 0 8 0 1
1.46035 3.12932 0 8 0 1
1.52171 2.99433 0 6 9 1
1.52171 3.09251 0 6 6 1
1.49717 3.06796 0 7 9 1
1.49717 3.11705 0 7 6 1
1.48489 3.10478 0 8 0 1
1.48489 3.12932 0 8 0 1
1.50944 3.10478 0 8 0 1
1.50944 3.12932 0 8 0 1
1.54625 3.06796 0 7 9 1
1.54625 3.11705 0 7 6 1
1.53398 3.10478 0 8 0 1
1.53398 3.12932 0 8 0 1
1.55852 3.10478 0 8 0 1
1.55852 3.12932 0 8 0 1
2.35619 0.785398 0 2 6 1
1.9635 0.392699 0 3 9 1
1.9635 1.1781 0 3 9 1
2.74889 0.392699 0 3 6 1
2.55254 0.19635 0 4 9 1
2.55254 0.589049 0 4 9 1
2.94524 0.19635 0 4 6 1
2.84707 0.0981748 0 5 9 1
2.84707 0.294524 0 5 9 1
3.04342 0.0981748 0 5 6 1
2.99433 0.0490874 0 6 9 1
2.99433 0.147262 0 6 9 1
3.09251 0.0490874 0 6 6 1
3.06796 0.0245437 0 7 9 1
3.06796 0.0736311 0 7 9 1
3.11705 0.0245437 0 7 6 1
3.10478 0.0122718 0 8 0 1
3.10478 0.0368155 0 8 0 1
3.12932 0.0122718 0 8 0 1
3.12932 0.0368155 0 8 0 1
3.11705 0.0736311 0 7 6 1
3.10478 0.0613592 0 8 0 1
3.10478 0.0859029 0 8 0 1
3.12932 0.0613592 0 8 0 1
3.12932 0.0859029 0 8 0 1
3.09251 0.147262 0 6 6 1
3.06796 0.122718 0 7 9 1
3.06796 0.171806 0 7 9 1
3.11705 0.122718 0 7 6 1
3.10478 0.110447 0 8 0 1
3.10478 0.13499 0 8 0 1
3.12932 0.110447 0 8 0 1
3.12932 0.13499 0 8 0 1
3.11705 0.171806 0 7 6 1
3.10478 0.159534 0 8 0 1
3.10478 0.184078 0 8 0 1
3.12932 0.159534 0 8 0 1
3.12932 0.184078 0 8 0 1
3.04342 0.294524 0 5 6 1
2.99433 0.245437 0 6 9 1
2.99433 0.343612 0 6 9 1
3.09251 0.245437 0 6 6 1
3.06796 0.220893 0 7 9 1
3.06796 0.269981 0 7 9 1
3.11705 0.220893 0 7 6 1
3.10478 0.208621 0 8 0 1
3.10478 0.233165 0 8 0 1
3.12932 0.208621 0 8 0 1
3.12932 0.233165 0 8 0 1
3.11705 0.269981 0 7 6 1
3.10478 0.257709 0 8 0 1
3.10478 0.282252 0 8 0 1
3.12932 0.257709 0 8 0 1
3.12932 0.282252 0 8 0 1
3.09251 0.343612 0 6 6 1
3.06796 0.319068 0 7 9 1
3.06796 0.368155 0 7 9 1
3.11705 0.319068 0 7 6 1
3.10478 0.306796 0 8 0 1
3.10478 0.33134 0 8 0 1
3.12932 0.306796 0 8 0 1
3.12932 0.33134 0 8 0 1
3.11705 0.368155 0 7 6 1
3.10478 0.355884 0 8 0 1
3.10478 0.380427 0 8 0 1
3.12932 0.355884 0 8 0 1
3.12932 0.380427 0 8 0 1
2.94524 0.589049 0 4 6 1
2.84707 0.490874 0 5 9 1
2.84707 0.687223 0 5 9 1
3.04342 0.490874 0 5 6 1
2.99433 0.441786 0 6 9 1
2.99433 0.539961 0 6 9 1
3.09251 0.441786 0 6 6 1
3.06796 0.417243 0 7 9 1
3.06796 0.46633 0 7 9 1
3.11705 0.417243 0 7 6 1
3.10478 0.404971 0 8 0 1
3.10478 0.429515 0 8 0 1
3.12932 0.404971 0 8 0 1
3.12932 0.429515 0 8 0 1
3.11705 0.46633 0 7 6 1
3.10478 0.454058 0 8 0 1
3.10478 0.478602 0 8 0 1
3.12932 0.454058 0 8 0 1
3.12932 0.478602 0 8 0 1
3.09251 0.539961 0 6 6 1
3.06796 0.515418 0 7 9 1
3.06796 0.564505 0 7 9 1
3.11705 0.515418 0 7 6 1
3.10478 0.503146 0 8 0 1
3.10478 0.527689 0 8 0 1
3.12932 0.503146 0 8 0 1
3.12932 0.527689 0 8 0 1
3.11705 0.564505 0 7 6 1
3.10478 0.552233 0 8 0 1
3.10478 0.576777 0 8 0 1
3.12932 0.552233 0 8 0 1
3.12932 0.576777 0 8 0 1
3.04342 0.687223 0 5 6 1
2.99433 0.638136 0 6 9 1
2.99433 0.736311 0 6 9 1
3.09251 0.638136 0 6 6 1
3.06796 0.613592 0 7 9 1
3.06796 0.66268 0 7 9 1
3.11705 0.613592 0 7 6 1
3.10478 0.60132 0 8 0 1
3.10478 0.625864 0 8 0 1
3.12932 0.60132 0 8 0 1
3.12932 0.625864 0 8 0 1
3.11705 0.66268 0 7 6 1
3.10478 0.650408 0 8 0 1
3.10478 0.674952 0 8 0 1
3.12932 0.650408 0 8 0 1
3.12932 0.674952 0 8 0 1
3.09251 0.736311 0 6 6 1
3.06796 0.711767 0 7 9 1
3.06796 0.760854 0 7 9 1
3.11705 0.711767 0 7 6 1
3.10478 0.699495 0 8 0 1
3.10478 0.724039 0 8 0 1
3.12932 0.699495 0 8 0 1
3.12932 0.724039 0 8 0 1
3.11705 0.760854 0 7 6 1
3.10478 0.748583 0 8 0 1
3.10478 0.773126 0 8 0 1
3.12932 0.748583 0 8 0 1
3.12932 0.773126 0 8 0 1
2.74889 1.1781 0 3 6 1
2.55254 0.981748 0 4 9 1
2.55254 1.37445 0 4 9 1
2.94524 0.981748 0 4 6 1
2.84707 0.883573 0 5 9 1
2.84707 1.07992 0 5 9 1
3.04342 0.883573 0 5 6 1
2.99433 0.834486 0 6 9 1
2.99433 0.93266 0 6 9 1
3.09251 0.834486 0 6 6 1
3.06796 0.809942 0 7 9 1
3.06796 0.859029 0 7 9 1
3.11705 0.809942 0 7 6 1
3.10478 0.79767 0 8 0 1
3.10478 0.822214 0 8 0 1
3.12932 0.79767 0 8 0 1
3.12932 0.822214 0 8 0 1
3.11705 0.859029 0 7 6 1
3.10478 0.846757 0 8 0 1
3.10478 0.871301 0 8 0 1
3.12932 0.846757 0 8 0 1
3.12932 0.871301 0 8 0 1
3.09251 0.93266 0 6 6 1
3.06796 0.908117 0 7 9 1
3.06796 0.957204 0 7 9 1
3.11705 0.908117 0 7 6 1
3.10478 0.895845 0 8 0 1
3.10478 0.920388 0 8 0 1
3.12932 0.895845 0 8 0 1
3.12932 0.920388 0 8 0 1
3.11705 0.957204 0 7 6 1
3.10478 0.944932 0 8 0 1
3.10478 0.969476 0 8 0 1
3.12932 0.944932 0 8 0 1
3.12932 0.969476 0 8 0 1
3.04342 1.07992 0 5 6 1
2.99433 1.03084 0 6 9 1
2.99433 1.12901 0 6 9 1
3.09251 1.03084 0 6 6 1
3.06796 1.00629 0 7 9 1
3.06796 1.05538 0 7 9 1
3.11705 1.00629 0 7 6 1
3.10478 0.99402 0 8 0 1
3.10478 1.01856 0 8 0 1
3.12932 0.99402 0 8 0 1
3.12932 1.01856 0 8 0 1
3.11705 1.05538 0 7 6 1
3.10478 1.04311 0 8 0 1
3.10478 1.06765 0 8 0 1
3.12932 1.04311 0 8 0 1
3.12932 1.06765 0 8 0 1
3.09251 1.12901 0 6 6 1
3.06796 1.10447 0 7 9 1
3.06796 1.15355 0 7 9 1
3.11705 1.10447 0 7 6 1
3.10478 1.09219 0 8 0 1
3.10478 1.11674 0 8 0 1
3.12932 1.09219 0 8 0 1
3.12932 1.11674 0 8 0 1
3.11705 1.15355 0 7 6 1
3.10478 1.14128 0 8 0 1
3.10478 1.16583 0 8 0 1
3.12932 1.14128 0 8 0 1
3.12932 1.16583 0 8 0 1
2.94524 1.37445 0 4 6 1
2.84707 1.27627 0 5 9 1
2.84707 1.47262 0 5 9 1
3.04342 1.27627 0 5 6 1
2.99433 1.22718 0 6 9 1
2.99433 1.32536 0 6 9 1
3.09251 1.22718 0 6 6 1
3.06796 1.20264 0 7 9 1
3.06796 1.25173 0 7 9 1
3.11705 1.20264 0 7 6 1
3.10478 1.19037 0 8 0 1
3.10478 1.21491 0 8 0 1
3.12932 1.19037 0 8 0 1
3.12932 1.21491 0 8 0 1
3.11705 1.25173 0 7 6 1
3.10478 1.23946 0 8 0 1
3.10478 1.264 0 8 0 1
3.12932 1.23946 0 8 0 1
3.12932 1.264 0 8 0 1
3.09251 1.32536 0 6 6 1
3.06796 1.30082 0 7 9 1
3.06796 1.3499 0 7 9 1
3.11705 1.30082 0 7 6 1
3.10478 1.28854 0 8 0 1
3.10478 1.31309 0 8 0 1
3.12932 1.28854 0 8 0 1
3.12932 1.31309 0 8 0 1
3.11705 1.3499 0 7 6 1
3.10478 1.33763 0 8 0 1
3.10478 1.36217 0 8 0 1
3.12932 1.33763 0 8 0 1
3.12932 1.36217 0 8 0 1
3.04342 1.47262 0 5 6 1
2.99433 1.42353 0 6 9 1
2.99433 1.52171 0 6 9 1
3.09251 1.42353 0 6 6 1
3.06796 1.39899 0 7 9 1
3.06796 1.44808 0 7 9 1
3.11705 1.39899 0 7 6 1
3.10478 1.38672 0 8 0 1
3.10478 1.41126 0 8 0 1
3.12932 1.38672 0 8 0 1
3.12932 1.41126 0 8 0 1
3.11705 1.44808 0 7 6 1
3.10478 1.43581 0 8 0 1
3.10478 1.46035 0 8 0 1
3.12932 1.43581 0 8 0 1
3.12932 1.46035 0 8 0 1
3.09251 1.52171 0 6 6 1
3.06796 1.49717 0 7 9 1
3.06796 1.54625 0 7 9 1
3.11705 1.49717 0 7 6 1
3.10478 1.48489 0 8 0 1
3.10478 1.50944 0 8 0 1
3.12932 1.48489 0 8 0 1
3.12932 1.50944 0 8 0 1
3.11705 1.54625 0 7 6 1
3.10478 1.53398 0 8 0 1
3.10478 1.55852 0 8 0 1
3.12932 1.53398 0 8 0 1
3.12932 1.55852 0 8 0 1
2.35619 2.35619 0 2 4 1
1.9635 1.9635 0 3 9 1
1.9635 2.74889 0 3 6 1
1.76715 2.55254 0 4 9 1
1.76715 2.94524 0 4 6 1
1.66897 2.84707 0 5 9 1
1.66897 3.04342 0 5 6 1
1.61988 2.99433 0 6 9 1
1.61988 3.09251 0 6 6 1
1.59534 3.06796 0 7 9 1
1.59534 3.11705 0 7 6 1
1.58307 3.10478 0 8 0 1
1.58307 3.12932 0 8 0 1
1.60761 3.10478 0 8 0 1
1.60761 3.12932 0 8 0 1
1.64443 3.06796 0 7 9 1
1.64443 3.11705 0 7 6 1
1.63216 3.10478 0 8 0 1
1.63216 3.12932 0 8 0 1
1.6567 3.10478 0 8 0 1
1.6567 3.12932 0 8 0 1
1.71806 2.99433 0 6 9 1
1.71806 3.09251 0 6 6 1
1.69351 3.06796 0 7 9 1
1.69351 3.11705 0 7 6 1
1.68124 3.10478 0 8 0 1
1.68124 3.12932 0 8 0 1
1.70579 3.10478 0 8 0 1
1.70579 3.12932 0 8 0 1
1.7426 3.06796 0 7 9 1
1.7426 3.11705 0 7 6 1
1.73033 3.10478 0 8 0 1
1.73033 3.12932 0 8 0 1
1.75487 3.10478 0 8 0 1
1.75487 3.12932 0 8 0 1
1.86532 2.84707 0 5 9 1
1.86532 3.04342 0 5 6 1
1.81623 2.99433 0 6 9 1
1.81623 3.09251 0 6 6 1
1.79169 3.06796 0 7 9 1
1.79169 3.11705 0 7 6 1
1.77942 3.10478 0 8 0 1
1.77942 3.12932 0 8 0 1
1.80396 3.10478 0 8 0 1
1.80396 3.12932 0 8 0 1
1.84078 3.06796 0 7 9 1
1.84078 3.11705 0 7 6 1
1.82851 3.10478 0 8 0 1
1.82851 3.12932 0 8 0 1
1.85305 3.10478 0 8 0 1
1.85305 3.12932 0 8 0 1
1.91441 2.99433 0 6 9 1
1.91441 3.09251 0 6 6 1
1.88986 3.06796 0 7 9 1
1.88986 3.11705 0 7 6 1
1.87759 3.10478 0 8 0 1
1.87759 3.12932 0 8 0 1
1.90214 3.10478 0 8 0 1
1.90214 3.12932 0 8 0 1
1.93895 3.06796 0 7 9 1
1.93895 3.11705 0 7 6 1
1.92668 3.10478 0 8 0 1
1.92668 3.12932 0 8 0 1
1.95122 3.10478 0 8 0 1
1.95122 3.12932 0 8 0 1
2.15984 2.55254 0 4 9 1
2.15984 2.94524 0 4 6 1
2.06167 2.84707 0 5 9 1
2.06167 3.04342 0 5 6 1
2.01258 2.99433 0 6 9 1
2.01258 3.09251 0 6 6 1
1.98804 3.06796 0 7 9 1
1.98804 3.11705 0 7 6 1
1.97577 3.10478 0 8 0 1
1.97577 3.12932 0 8 0 1
2.00031 3.10478 0 8 0 1
2.00031 3.12932 0 8 0 1
2.03713 3.06796 0 7 9 1
2.03713 3.11705 0 7 6 1
2.02485 3.10478 0 8 0 1
2.02485 3.12932 0 8 0 1
2.0494 3.10478 0 8 0 1
2.0494 3.12932 0 8 0 1
2.11076 2.99433 0 6 9 1
2.11076 3.09251 0 6 6 1
2.08621 3.06796 0 7 9 1
2.08621 3.11705 0 7 6 1
2.07394 3.10478 0 8 0 1
2.07394 3.12932 0 8 0 1
2.09849 3.10478 0 8 0 1
2.09849 3.12932 0 8 0 1
2.1353 3.06796 0 7 9 1
2.1353 3.11705 0 7 6 1
2.12303 3.10478 0 8 0 1
2.12303 3.12932 0 8 0 1
2.14757 3.10478 0 8 0 1
2.14757 3.12932 0 8 0 1
2.25802 2.84707 0 5 9 1
2.25802 3.04342 0 5 6 1
2.20893 2.99433 0 6 9 1
2.20893 3.09251 0 6 6 1
2.18439 3.06796 0 7 9 1
2.18439 3.11705 0 7 6 1
2.17212 3.10478 0 8 0 1
2.17212 3.12932 0 8 0 1
2.19666 3.10478 0 8 0 1
2.19666 3.12932 0 8 0 1
2.23348 3.06796 0 7 9 1
2.23348 3.11705 0 7 6 1
2.2212 3.10478 0 8 0 1
2.2212 3.12932 0 8 0 1
2.24575 3.10478 0 8 0 1
2.24575 3.12932 0 8 0 1
2.30711 2.99433 0 6 9 1
2.30711 3.09251 0 6 6 1
2.28256 3.06796 0 7 9 1
2.28256 3.11705 0 7 6 1
2.27029 3.10478 0 8 0 1
2.27029 3.12932 0 8 0 1
2.29484 3.10478 0 8 0 1
2.29484 3.12932 0 8 0 1
2.33165 3.06796 0 7 9 1
2.33165 3.11705 0 7 6 1
2.31938 3.10478 0 8 0 1
2.31938 3.12932 0 8 0 1
2.34392 3.10478 0 8 0 1
2.34392 3.12932 0 8 0 1
2.74889 1.9635 0 3 6 1
2.55254 1.76715 0 4 9 1
2.55254 2.15984 0 4 9 1
2.94524 1.76715 0 4 6 1
2.84707 1.66897 0 5 9 1
2.84707 1.86532 0 5 9 1
3.04342 1.66897 0 5 6 1
2.99433 1.61988 0 6 9 1
2.99433 1.71806 0 6 9 1
3.09251 1.61988 0 6 6 1
3.06796 1.59534 0 7 9 1
3.06796 1.64443 0 7 9 1
3.11705 1.59534 0 7 6 1
3.10478 1.58307 0 8 0 1
3.10478 1.60761 0 8 0 1
3.12932 1.58307 0 8 0 1
3.12932 1.60761 0 8 0 1
3.11705 1.64443 0 7 6 1
3.10478 1.63216 0 8 0 1
3.10478 1.6567 0 8 0 1
3.12932 1.63216 0 8 0 1
3.12932 1.6567 0 8 0 1
3.09251 1.71806 0 6 6 1
3.06796 1.69351 0 7 9 1
3.06796 1.7426 0 7 9 1
3.11705 1.69351 0 7 6 1
3.10478 1.68124 0 8 0 1
3.10478 1.70579 0 8 0 1
3.12932 1.68124 0 8 0 1
3.12932 1.70579 0 8 0 1
3.11705 1.7426 0 7 6 1
3.10478 1.73033 0 8 0 1
3.10478 1.75487 0 8 0 1
3.12932 1.73033 0 8 0 1
3.12932 1.75487 0 8 0 1
3.04342 1.86532 0 5 6 1
2.99433 1.81623 0 6 9 1
2.99433 1.91441 0 6 9 1
3.09251 1.81623 0 6 6 1
3.06796 1.79169 0 7 9 1
3.06796 1.84078 0 7 9 1
3.11705 1.79169 0 7 6 1
3.10478 1.77942 0 8 0 1
3.10478 1.80396 0 8 0 1
3.12932 1.77942 0 8 0 1
3.12932 1.80396 0 8 0 1
3.11705 1.84078 0 7 6 1
3.10478 1.82851 0 8 0 1
3.10478 1.85305 0 8 0 1
3.12932 1.82851 0 8 0 1
3.12932 1.85305 0 8 0 1
3.09251 1.91441 0 6 6 1
3.06796 1.88986 0 7 9 1
3.06796 1.93895 0 7 9 1
3.11705 1.88986 0 7 6 1
3.10478 1.87759 0 8 0 1
3.10478 1.90214 0 8 0 1
3.12932 1.87759 0 8 0 1
3.12932 1.90214 0 8 0 1
3.11705 1.93895 0 7 6 1
3.10478 1.92668 0 8 0 1
3.10478 1.95122 0 8 0 1
3.12932 1.92668 0 8 0 1
3.12932 1.95122 0 8 0 1
2.94524 2.15984 0 4 6 1
2.84707 2.06167 0 5 9 1
2.84707 2.25802 0 5 9 1
3.04342 2.06167 0 5 6 1
2.99433 2.01258 0 6 9 1
2.99433 2.11076 0 6 9 1
3.09251 2.01258 0 6 6 1
3.06796 1.98804 0 7 9 1
3.06796 2.03713 0 7 9 1
3.11705 1.98804 0 7 6 1
3.10478 1.97577 0 8 0 1
3.10478 2.00031 0 8 0 1
3.12932 1.97577 0 8 0 1
3.12932 2.00031 0 8 0 1
3.11705 2.03713 0 7 6 1
3.10478 2.02485 0 8 0 1
3.10478 2.0494 0 8 0 1
3.12932 2.02485 0 8 0 1
3.12932 2.0494 0 8 0 1
3.09251 2.11076 0 6 6 1
3.06796 2.08621 0 7 9 1
3.06796 2.1353 0 7 9 1
3.11705 2.08621 0 7 6 1
3.10478 2.07394 0 8 0 1
3.10478 2.09849 0 8 0 1
3.12932 2.07394 0 8 0 1
3.12932 2.09849 0 8 0 1
3.11705 2.1353 0 7 6 1
3.10478 2.12303 0 8 0 1
3.10478 2.14757 0 8 0 1
3.12932 2.12303 0 8 0 1
3.12932 2.14757 0 8 0 1
3.04342 2.25802 0 5 6 1
2.99433 2.20893 0 6 9 1
2.99433 2.30711 0 6 9 1
3.09251 2.20893 0 6 6 1
3.06796 2.18439 0 7 9 1
3.06796 2.23348 0 7 9 1
3.11705 2.18439 0 7 6 1
3.10478 2.17212 0 8 0 1
3.10478 2.19666 0 8 0 1
3.12932 2.17212 0 8 0 1
3.12932 2.19666 0 8 0 1
3.11705 2.23348 0 7 6 1
3.10478 2.2212 0 8 0 1
3.10478 2.24575 0 8 0 1
3.12932 2.2212 0 8 0 1
3.12932 2.24575 0 8 0 1
3.09251 2.30711 0 6 6 1
3.06796 2.28256 0 7 9 1
3.06796 2.33165 0 7 9 1
3.11705 2.28256 0 7 6 1
3.10478 2.27029 0 8 0 1
3.10478 2.29484 0 8 0 1
3.12932 2.27029 0 8 0 1
3.12932 2.29484 0 8 0 1
3.11705 2.33165 0 7 6 1
3.10478 2.31938 0 8 0 1
3.10478 2.34392 0 8 0 1
3.12932 2.31938 0 8 0 1
3.12932 2.34392 0 8 0 1
2.74889 2.74889 0 3 4 1
2.55254 2.55254 0 4 9 1
2.55254 2.94524 0 4 6 1
2.45437 2.84707 0 5 9 1
2.45437 3.04342 0 5 6 1
2.40528 2.99433 0 6 9 1
2.40528 3.09251 0 6 6 1
2.38074 3.06796 0 7 9 1
2.38074 3.11705 0 7 6 1
2.36847 3.10478 0 8 0 1
2.36847 3.12932 0 8 0 1
2.39301 3.10478 0 8 0 1
2.39301 3.12932 0 8 0 1
2.42983 3.06796 0 7 9 1
2.42983 3.11705 0 7 6 1
2.41755 3.10478 0 8 0 1
2.41755 3.12932 0 8 0 1
2.4421 3.10478 0 8 0 1
2.4421 3.12932 0 8 0 1
2.50346 2.99433 0 6 9 1
2.50346 3.09251 0 6 6 1
2.47891 3.06796 0 7 9 1
2.47891 3.11705 0 7 6 1
2.46664 3.10478 0 8 0 1
2.46664 3.12932 0 8 0 1
2.49118 3.10478 0 8 0 1
2.49118 3.12932 0 8 0 1
2.528 3.06796 0 7 9 1
2.528 3.11705 0 7 6 1
2.51573 3.10478 0 8 0 1
2.51573 3.12932 0 8 0 1
2.54027 3.10478 0 8 0 1
2.54027 3.12932 0 8 0 1
2.65072 2.84707 0 5 9 1
2.65072 3.04342 0 5 6 1
2.60163 2.99433 0 6 9 1
2.60163 3.09251 0 6 6 1
2.57709 3.06796 0 7 9 1
2.57709 3.11705 0 7 6 1
2.56482 3.10478 0 8 0 1
2.56482 3.12932 0 8 0 1
2.58936 3.10478 0 8 0 1
2.58936 3.12932 0 8 0 1
2.62618 3.06796 0 7 9 1
2.62618 3.11705 0 7 6 1
2.6139 3.10478 0 8 0 1
2.6139 3.12932 0 8 0 1
2.63845 3.10478 0 8 0 1
2.63845 3.12932 0 8 0 1
2.69981 2.99433 0 6 9 1
2.69981 3.09251 0 6 6 1
2.67526 3.06796 0 7 9 1
2.67526 3.11705 0 7 6 1
2.66299 3.10478 0 8 0 1
2.66299 3.12932 0 8 0 1
2.68753 3.10478 0 8 0 1
2.68753 3.12932 0 8 0 1
2.72435 3.06796 0 7 9 1
2.72435 3.11705 0 7 6 1
2.71208 3.10478 0 8 0 1
2.71208 3.12932 0 8 0 1
2.73662 3.10478 0 8 0 1
2.73662 3.12932 0 8 0 1
2.94524 2.55254 0 4 6 1
2.84707 2.45437 0 5 9 1
2.84707 2.65072 0 5 9 1
3.04342 2.45437 0 5 6 1
2.99433 2.40528 0 6 9 1
2.99433 2.50346 0 6 9 1
3.09251 2.40528 0 6 6 1
3.06796 2.38074 0 7 9 1
3.06796 2.42983 0 7 9 1
3.11705 2.38074 0 7 6 1
3.10478 2.36847 0 8 0 1
3.10478 2.39301 0 8 0 1
3.12932 2.36847 0 8 0 1
3.12932 2.39301 0 8 0 1
3.11705 2.42983 0 7 6 1
3.10478 2.41755 0 8 0 1
3.10478 2.4421 0 8 0 1
3.12932 2.41755 0 8 0 1
3.12932 2.4421 0 8 0 1
3.09251 2.50346 0 6 6 1
3.06796 2.47891 0 7 9 1
3.06796 2.528 0 7 9 1
3.11705 2.47891 0 7 6 1
3.10478 2.46664 0 8 0 1
3.10478 2.49118 0 8 0 1
3.12932 2.46664 0 8 0 1
3.12932 2.49118 0 8 0 1
3.11705 2.528 0 7 6 1
3.10478 2.51573 0 8 0 1
3.10478 2.54027 0 8 0 1
3.12932 2.51573 0 8 0 1
3.12932 2.54027 0 8 0 1
3.04342 2.65072 0 5 6 1
2.99433 2.60163 0 6 9 1
2.99433 2.69981 0 6 9 1
3.09251 2.60163 0 6 6 1
3.06796 2.57709 0 7 9 1
3.06796 2.62618 0 7 9 1
3.11705 2.57709 0 7 6 1
3.10478 2.56482 0 8 0 1
3.10478 2.58936 0 8 0 1
3.12932 2.56482 0 8 0 1
3.12932 2.58936 0 8 0 1
3.11705 2.62618 0 7 6 1
3.10478 2.6139 0 8 0 1
3.10478 2.63845 0 8 0 1
3.12932 2.6139 0 8 0 1
3.12932 2.63845 0 8 0 1
3.09251 2.69981 0 6 6 1
3.06796 2.67526 0 7 9 1
3.06796 2.72435 0 7 9 1
3.11705 2.67526 0 7 6 1
3.10478 2.66299 0 8 0 1
3.10478 2.68753 0 8 0 1
3.12932 2.66299 0 8 0 1
3.12932 2.68753 0 8 0 1
3.11705 2.72435 0 7 6 1
3.10478 2.71208 0 8 0 1
3.10478 2.73662 0 8 0 1
3.12932 2.71208 0 8 0 1
3.12932 2.73662 0 8 0 1
2.94524 2.94524 0 4 4 1
2.84707 2.84707 0 5 9 1
2.84707 3.04342 0 5 6 1
2.79798 2.99433 0 6 9 1
2.79798 3.09251 0 6 6 1
2.77344 3.06796 0 7 9 1
2.77344 3.11705 0 7 6 1
2.76117 3.10478 0 8 0 1
2.76117 3.12932 0 8 0 1
2.78571 3.10478 0 8 0 1
2.78571 3.12932 0 8 0 1
2.82252 3.06796 0 7 9 1
2.82252 3.11705 0 7 6 1
2.81025 3.10478 0 8 0 1
2.81025 3.12932 0 8 0 1
2.8348 3.10478 0 8 0 1
2.8348 3.12932 0 8 0 1
2.89616 2.99433 0 6 9 1
2.89616 3.09251 0 6 6 1
2.87161 3.06796 0 7 9 1
2.87161 3.11705 0 7 6 1
2.85934 3.10478 0 8 0 1
2.85934 3.12932 0 8 0 1
2.88388 3.10478 0 8 0 1
2.88388 3.12932 0 8 0 1
2.9207 3.06796 0 7 9 1
2.9207 3.11705 0 7 6 1
2.90843 3.10478 0 8 0 1
2.90843 3.12932 0 8 0 1
2.93297 3.10478 0 8 0 1
2.93297 3.12932 0 8 0 1
3.04342 2.84707 0 5 6 1
2.99433 2.79798 0 6 9 1
2.99433 2.89616 0 6 9 1
3.09251 2.79798 0 6 6 1
3.06796 2.77344 0 7 9 1
3.06796 2.82252 0 7 9 1
3.11705 2.77344 0 7 6 1
3.10478 2.76117 0 8 0 1
3.10478 2.78571 0 8 0 1
3.12932 2.76117 0 8 0 1
3.12932 2.78571 0 8 0 1
3.11705 2.82252 0 7 6 1
3.10478 2.81025 0 8 0 1
3.10478 2.8348 0 8 0 1
3.12932 2.81025 0 8 0 1
3.12932 2.8348 0 8 0 1
3.09251 2.89616 0 6 6 1
3.06796 2.87161 0 7 9 1
3.06796 2.9207 0 7 9 1
3.11705 2.87161 0 7 6 1
3.10478 2.85934 0 8 0 1
3.10478 2.88388 0 8 0 1
3.12932 2.85934 0 8 0 1
3.12932 2.88388 0 8 0 1
3.11705 2.9207 0 7 6 1
3.10478 2.90843 0 8 0 1
3.10478 2.93297 0 8 0 1
3.12932 2.90843 0 8 0 1
3.12932 2.93297 0 8 0 1
3.04342 3.04342 0 5 4 1
2.99433 2.99433 0 6 9 1
2.99433 3.09251 0 6 6 1
2.96979 3.06796 0 7 9 1
2.96979 3.11705 0 7 6 1
2.95751 3.10478 0 8 0 1
2.95751 3.12932 0 8 0 1
2.98206 3.10478 0 8 0 1
2.98206 3.12932 0 8 0 1
3.01887 3.06796 0 7 9 1
3.01887 3.11705 0 7 6 1
3.0066 3.10478 0 8 0 1
3.0066 3.12932 0 8 0 1
3.03115 3.10478 0 8 0 1
3.03115 3.12932 0 8 0 1
3.09251 2.99433 0 6 6 1
3.06796 2.96979 0 7 9 1
3.06796 3.01887 0 7 9 1
3.11705 2.96979 0 7 6 1
3.10478 2.95751 0 8 0 1
3.10478 2.98206 0 8 0 1
3.12932 2.95751 0 8 0 1
3.12932 2.98206 0 8 0 1
3.11705 3.01887 0 7 6 1
3.10478 3.0066 0 8 0 1
3.10478 3.03115 0 8 0 1
3.12932 3.0066 0 8 0 1
3.12932 3.03115 0 8 0 1
3.09251 3.09251 0 6 4 1
3.06796 3.06796 0 7 9 1
3.06796 3.11705 0 7 6 1
3.05569 3.10478 0 8 0 1
3.05569 3.12932 0 8 0 1
3.08023 3.10478 0 8 0 1
3.08023 3.12932 0 8 0 1
3.11705 3.06796 0 7 6 1
3.10478 3.05569 0 8 0 1
3.10478 3.08023 0 8 0 1
3.12932 3.05569 0 8 0 1
3.12932 3.08023 0 8 0 1
3.11705 3.11705 0 7 4 1
3.10478 3.10478 0 8 0 1
3.10478 3.12932 0 8 0 1
3.12932 3.10478 0 8 0 1
3.12932 3.12932 0 8 0 1
