0	0	92.1605
5	0.00639685	91.9635
10	0.0210327	91.8838
15	0.0405911	91.7778
20	0.0626572	91.656
25	0.0859965	91.5285
30	0.110526	91.3942
35	0.136842	91.2526
40	0.163158	91.109
45	0.189474	90.9644
50	0.216667	90.819
55	0.244444	90.6739
60	0.272222	90.5235
65	0.3	90.3765
70	0.327778	90.2312
75	0.355556	90.0817
80	0.383333	89.9361
85	0.411111	89.7906
90	0.438889	89.6461
95	0.466667	89.4951
100	0.494444	89.3506
105	0.522222	89.2092
110	0.55	89.0668
115	0.577778	88.9233
120	0.605556	88.7795
125	0.633333	88.6421
130	0.661111	88.498
135	0.688889	88.3577
140	0.716667	88.2184
145	0.744444	88.08
150	0.772222	87.9385
155	0.8	87.797
160	0.827778	87.6603
165	0.855556	87.5213
170	0.883333	87.3812
175	0.911111	87.2434
180	0.938889	87.1101
185	0.966667	86.9721
190	0.994444	86.8344
195	1.02222	86.7043
200	1.05	86.5729
205	1.07778	86.4362
210	1.10556	86.3033
215	1.13333	86.1759
220	1.16111	86.0422
225	1.18889	85.9102
230	1.21667	85.7796
235	1.24444	85.6502
240	1.27222	85.5165
245	1.3	85.3863
250	1.32778	85.2607
255	1.35556	85.1346
260	1.38333	85.0075
265	1.41111	84.8777
