0	0	92.1584
5	0.0162278	91.8713
10	0.0364989	91.7674
15	0.0591779	91.6415
20	0.0818568	91.5169
25	0.105263	91.3891
30	0.131579	91.2477
35	0.157895	91.1055
40	0.184211	90.9599
45	0.211111	90.8162
50	0.238889	90.6708
55	0.266667	90.5217
60	0.294444	90.3735
65	0.322222	90.2287
70	0.35	90.0817
75	0.377778	89.9333
80	0.405556	89.786
85	0.433333	89.6419
90	0.461111	89.4935
95	0.488889	89.348
100	0.516667	89.2074
105	0.544444	89.0669
110	0.572222	88.921
115	0.6	88.7766
120	0.627778	88.6386
125	0.655556	88.4993
130	0.683333	88.3568
135	0.711111	88.2163
140	0.738889	88.0796
145	0.766667	87.9389
150	0.794444	87.8011
155	0.822222	87.6647
160	0.85	87.5285
165	0.877778	87.3872
170	0.905556	87.2514
175	0.933333	87.1189
180	0.961111	86.98
185	0.988889	86.8427
190	1.01667	86.7099
195	1.04444	86.5773
200	1.07222	86.4416
205	1.1	86.307
210	1.12778	86.1792
215	1.15556	86.0455
220	1.18333	85.912
225	1.21111	85.7798
230	1.23889	85.6507
235	1.26667	85.519
240	1.29444	85.3858
245	1.32222	85.2571
250	1.35	85.129
255	1.37778	85.0013
260	1.40556	84.8699
265	1.43333	84.7476
270	1.46111	84.6209
275	1.48889	84.4912
280	1.51765	84.359
285	1.54706	84.2298
290	1.57647	84.0949
295	1.60588	83.9639
300	1.63529	83.8333
305	1.66471	83.7024
310	1.69412	83.5701
315	1.72353	83.4402
320	1.75294	83.3163
325	1.78235	83.1874
330	1.81176	83.0615
335	1.84118	82.9359
340	1.87059	82.8112
345	1.9	82.6851
350	1.92941	82.5611
355	1.95882	82.4416
360	1.98824	82.318
365	2.01765	82.1957
370	2.04706	82.0749
375	2.07647	81.9569
380	2.10588	81.8385
385	2.13529	81.7184
390	2.16471	81.6029
395	2.19412	81.4873
400	2.22353	81.3729
405	2.25294	81.2594
410	2.28235	81.1492
415	2.31176	81.0371
420	2.34118	80.9285
425	2.37059	80.82
430	2.4	80.7159
435	2.42941	80.6079
440	2.45882	80.5063
445	2.48824	80.4032
450	2.51765	80.3
455	2.54706	80.202
460	2.57647	80.1058
465	2.60588	80.0087
470	2.63529	79.9167
475	2.66471	79.8261
480	2.69412	79.7385
485	2.72353	79.651
490	2.75294	79.5659
495	2.78235	79.4837
500	2.81176	79.4049
505	2.84118	79.3421
510	2.87059	79.2495
515	2.9	79.1844
520	2.92941	79.1149
525	2.95882	79.0461
530	2.98824	78.9952
535	3.01875	78.9255
540	3.05	78.9132
545	3.08125	78.8865
550	3.1125	78.8816
555	3.14375	78.8661
560	3.175	78.86
565	3.20625	78.8802
570	3.2375	78.8889
575	3.26875	78.9288
580	3.3	78.9792
585	3.33125	79.0148
590	3.3625	79.0581
595	3.39375	79.1149
600	3.425	79.1798
605	3.45625	79.255
610	3.4875	79.3441
615	3.51875	79.445
620	3.55	79.5792
625	3.58125	79.7211
630	3.6125	79.8796
635	3.64375	80.0485
640	3.675	80.2468
645	3.70625	80.4668
650	3.7375	80.7102
655	3.76875	80.9532
660	3.8	81.261
665	3.83125	81.5705
670	3.8625	81.9207
675	3.89375	82.3119
680	3.925	82.723
685	3.95625	83.1776
690	3.9875	83.6928
695	4.02	84.2674
700	4.05333	84.9272
705	4.08667	85.7287
710	4.12	86.5171
715	4.15333	87.378
720	4.18667	88.2808
725	4.22	89.2101
730	4.25333	90.2188
735	4.28667	91.3029
740	4.32	92.4389
745	4.35333	93.6892
750	4.38667	95.0275
755	4.42	96.4403
760	4.45333	97.9459
765	4.48667	99.5451
770	4.52143	101.269
775	4.55714	103.19
780	4.59286	105.219
785	4.62857	107.355
790	4.66429	109.596
795	4.7	111.92
800	4.73571	114.351
805	4.77143	116.866
810	4.80769	119.465
815	4.84615	122.3
820	4.88462	125.23
825	4.92308	128.206
830	4.96154	131.221
835	5	134.249
840	5.03846	137.275
845	5.07692	140.289
850	5.11667	143.265
855	5.15833	146.355
860	5.2	149.432
865	5.24167	152.408
870	5.28333	155.264
875	5.32727	157.972
880	5.37273	160.718
885	5.40833	163.416
890	5.45	165.22
895	5.49167	167.241
900	5.53333	169.079
905	5.575	170.701
910	5.61667	172.106
915	5.65833	173.281
920	5.7	174.237
925	5.74167	174.963
930	5.78333	175.474
935	5.825	175.749
940	5.86667	175.812
945	5.90833	175.657
950	5.95	175.294
955	5.99167	174.732
960	6.03333	173.985
965	6.075	173.056
970	6.11818	171.833
975	6.16364	170.427
980	6.20909	168.889
985	6.25455	167.218
990	6.3	165.41
995	6.34545	163.47
1000	6.39091	161.445
1005	6.43636	159.326
1010	6.48182	157.133
1015	6.53	154.723
1020	6.57375	152.589
1025	6.61818	150.284
1030	6.66364	147.928
1035	6.70909	145.58
1040	6.75455	143.241
1045	6.8	140.9
1050	6.84545	138.556
1055	6.88545	136.557
1060	6.925	134.561
1065	6.96667	132.51
1070	7.00833	130.488
1075	7.05	128.506
1080	7.09167	126.574
1085	7.13333	124.651
1090	7.175	122.803
1095	7.21667	121.003
1100	7.25833	119.239
1105	7.3	117.535
1110	7.34167	115.882
1115	7.38333	114.277
1120	7.425	112.744
1125	7.46667	111.257
1130	7.50833	109.816
1135	7.55	108.441
1140	7.59167	107.103
1145	7.63333	105.81
1150	7.675	104.565
1155	7.71667	103.351
1160	7.75833	102.184
1165	7.8	101.057
1170	7.84545	99.8801
1175	7.89091	98.7423
1180	7.93636	97.6546
1185	7.98182	96.6107
1190	8.02727	95.6009
1195	8.07273	94.6272
1200	8.11818	93.7054
1205	8.16364	92.8113
1210	8.21	91.912
1215	8.26	91.0116
1220	8.31	90.1547
1225	8.36	89.3195
1230	8.41	88.5226
1235	8.46	87.7576
1240	8.51111	87.0079
1245	8.56667	86.2083
1250	8.62222	85.4461
1255	8.67778	84.7285
1260	8.7375	83.9761
1265	8.8	83.2155
1270	8.8625	82.5087
1275	8.91111	81.9814
1280	8.96667	81.3918
1285	9.02222	80.826
1290	9.07778	80.2675
1295	9.13333	79.7363
1300	9.18889	79.222
1305	9.24167	78.7543
1310	9.29028	78.3323
1315	9.34	77.9138
1320	9.39	77.5041
1325	9.44	77.105
1330	9.49	76.7147
1335	9.54	76.3385
1340	9.59	75.9681
1345	9.64	75.6095
1350	9.69	75.2637
1355	9.74	74.926
1360	9.79	74.5951
1365	9.84	74.2561
1370	9.89	73.9136
1375	9.94	73.6103
1380	9.99	73.3192
