0	0	92.1665
5	0.0162278	91.9205
10	0.0364989	91.8133
15	0.0591779	91.6883
20	0.0818568	91.5642
25	0.105263	91.4398
30	0.131579	91.2998
35	0.157895	91.1578
40	0.184211	91.012
45	0.211111	90.869
50	0.238889	90.7242
55	0.266667	90.5751
60	0.294444	90.4262
65	0.322222	90.2818
70	0.35	90.1359
75	0.377778	89.9876
80	0.405556	89.8416
85	0.433333	89.6983
90	0.461111	89.5501
95	0.488889	89.4055
100	0.516667	89.2644
105	0.544444	89.1261
110	0.572222	88.9807
115	0.6	88.8373
120	0.627778	88.6996
125	0.655556	88.5609
130	0.683333	88.4179
135	0.711111	88.2785
140	0.738889	88.1414
145	0.766667	87.9994
150	0.794444	87.8603
155	0.822222	87.7236
160	0.85	87.5882
165	0.877778	87.4446
170	0.905556	87.3095
175	0.933333	87.1754
180	0.961111	87.0374
185	0.988889	86.9002
190	1.01667	86.7659
195	1.04444	86.6344
200	1.07222	86.4988
205	1.1	86.3644
210	1.12778	86.2356
215	1.15556	86.1018
220	1.18333	85.9692
225	1.21111	85.8383
230	1.23889	85.7101
235	1.26667	85.578
240	1.29444	85.4461
245	1.32222	85.3191
250	1.35	85.194
255	1.37778	85.0668
260	1.40556	84.9385
265	1.43333	84.817
270	1.46111	84.6904
275	1.48889	84.5645
280	1.51765	84.4353
285	1.54706	84.3079
290	1.57647	84.1775
295	1.60588	84.0498
300	1.63529	83.9223
305	1.66471	83.7932
310	1.69412	83.6685
315	1.72353	83.5429
320	1.75294	83.4231
325	1.78235	83.3007
330	1.81176	83.1784
335	1.84118	83.0565
340	1.87059	82.9364
345	1.9	82.8183
350	1.92941	82.6955
355	1.95882	82.583
360	1.98824	82.4623
365	2.01765	82.3438
370	2.04706	82.2317
375	2.07647	82.122
380	2.10588	82.0095
385	2.13529	81.8996
390	2.16471	81.7953
395	2.19412	81.6913
400	2.22353	81.5879
405	2.25294	81.4865
410	2.28235	81.3886
415	2.31176	81.2939
420	2.34118	81.1982
425	2.37059	81.1057
430	2.4	81.0143
435	2.42941	80.9211
440	2.45882	80.8387
445	2.48824	80.7548
450	2.51765	80.6754
455	2.54706	80.5974
460	2.57647	80.523
465	2.60588	80.4496
470	2.63529	80.3824
475	2.66471	80.3183
480	2.69412	80.2574
485	2.72353	80.1979
490	2.75294	80.1423
495	2.78235	80.0933
500	2.81176	80.0483
505	2.84118	80.0039
510	2.87059	79.9638
515	2.9	79.9338
520	2.92941	79.9069
525	2.95882	79.8819
530	2.98824	79.8669
535	3.01875	79.8507
540	3.05	79.8429
545	3.08125	79.8496
550	3.1125	79.8639
555	3.14375	79.8848
560	3.175	79.919
565	3.20625	79.9631
570	3.2375	80.0137
575	3.26875	80.0749
580	3.3	80.1509
585	3.33125	80.2354
590	3.3625	80.3405
595	3.39375	80.458
600	3.425	80.5839
605	3.45625	80.7311
610	3.4875	80.8831
615	3.51875	81.0639
620	3.55	81.2722
625	3.58125	81.4956
630	3.6125	81.747
635	3.64375	82.0155
640	3.675	82.3253
645	3.70625	82.6562
650	3.7375	83.0182
655	3.76875	83.3837
660	3.8	83.8273
665	3.83125	84.2835
670	3.8625	84.7994
675	3.89375	85.3391
680	3.925	85.9367
685	3.95625	86.5675
690	3.9875	87.2518
695	4.02	88.0191
700	4.05333	88.8677
705	4.08667	89.8449
710	4.12	90.8545
715	4.15333	91.9652
720	4.18667	93.1442
725	4.22	94.4075
730	4.25333	95.7766
735	4.28667	97.2465
740	4.32	98.7995
745	4.35333	100.483
750	4.38667	102.282
755	4.42	104.191
760	4.45333	106.219
765	4.48667	108.365
770	4.52143	110.726
775	4.55714	113.303
780	4.59286	115.999
785	4.62857	118.839
790	4.66429	121.802
795	4.7	124.886
800	4.73571	128.095
805	4.77143	131.382
810	4.80769	134.8
815	4.84615	138.511
820	4.88462	142.278
825	4.92308	146.08
830	4.96154	149.895
835	5	153.706
840	5.03846	157.487
845	5.07692	161.218
850	5.11667	164.981
855	5.15833	168.797
860	5.2	172.509
865	5.24545	176.341
870	5.29091	179.943
875	5.33636	183.295
880	5.37727	186.081
885	5.41667	188.538
890	5.45833	190.896
895	5.5	192.964
900	5.54167	194.756
905	5.58333	196.26
910	5.625	197.464
915	5.66667	198.375
920	5.70833	199.002
925	5.75	199.335
930	5.79167	199.379
935	5.83333	199.171
940	5.875	198.686
945	5.91667	197.935
950	5.95833	196.952
955	6	195.745
960	6.04167	194.318
965	6.08333	192.695
970	6.125	190.887
975	6.16667	188.923
980	6.20909	186.775
985	6.25455	184.33
990	6.3	181.751
995	6.34545	179.022
1000	6.39091	176.239
1005	6.43636	173.395
1010	6.48182	170.465
1015	6.52727	167.522
1020	6.57273	164.521
1025	6.61818	161.525
1030	6.66364	158.54
1035	6.70909	155.559
1040	6.75455	152.618
1045	6.8	149.689
1050	6.84545	146.81
1055	6.89091	143.992
1060	6.925	141.922
1065	6.96667	139.442
1070	7.00833	137.015
1075	7.05	134.645
1080	7.09167	132.344
1085	7.13333	130.096
1090	7.175	127.93
1095	7.21667	125.825
1100	7.25833	123.767
1105	7.3	121.781
1110	7.34167	119.885
1115	7.38333	118.039
1120	7.425	116.284
1125	7.46667	114.586
1130	7.50833	112.939
1135	7.55	111.377
1140	7.59167	109.861
1145	7.63333	108.376
1150	7.675	106.992
1155	7.71667	105.651
1160	7.75833	104.343
1165	7.8	103.095
1170	7.84545	101.804
1175	7.89091	100.563
1180	7.93636	99.3873
1185	7.98182	98.238
1190	8.02727	97.1565
1195	8.07273	96.1093
1200	8.11818	95.1185
1205	8.16364	94.1682
1210	8.21	93.2292
1215	8.26	92.2585
1220	8.31	91.3489
1225	8.36	90.4669
1230	8.41	89.6228
1235	8.46	88.8149
1240	8.51111	88.0231
1245	8.56667	87.2051
1250	8.62222	86.4179
1255	8.67778	85.6603
1260	8.7375	84.8898
1265	8.8	84.1063
1270	8.8625	83.3764
1275	8.91111	82.8218
1280	8.96667	82.2162
1285	9.02222	81.6334
1290	9.07778	81.0721
1295	9.13333	80.523
1300	9.18889	80.014
1305	9.24	79.5546
1310	9.29	79.1137
1315	9.34	78.6825
1320	9.39	78.2677
1325	9.44	77.8692
1330	9.49	77.4877
1335	9.54	77.1177
1340	9.59	76.7566
1345	9.64	76.4045
1350	9.69	76.0664
1355	9.74	75.7274
1360	9.79	75.4006
1365	9.84	75.0942
1370	9.89	74.7993
1375	9.94	74.5108
1380	9.99	74.2291
