0	0	92.1506
5	0.0162278	91.8438
10	0.0364989	91.7353
15	0.0591779	91.6095
20	0.0818568	91.4851
25	0.105263	91.3583
30	0.131579	91.2167
35	0.157895	91.0746
40	0.184211	90.9295
45	0.211111	90.7863
50	0.238889	90.6413
55	0.266667	90.4921
60	0.294444	90.3433
65	0.322222	90.1973
70	0.35	90.0498
75	0.377778	89.9012
80	0.405556	89.7555
85	0.433333	89.6128
90	0.461111	89.4647
95	0.488889	89.3197
100	0.516667	89.1784
105	0.544444	89.0386
110	0.572222	88.8933
115	0.6	88.753
120	0.627778	88.6191
125	0.655556	88.4804
130	0.683333	88.3386
135	0.711111	88.1993
140	0.738889	88.0627
145	0.766667	87.9202
150	0.794444	87.7788
155	0.822222	87.6431
160	0.85	87.5122
165	0.877778	87.3755
170	0.905556	87.2416
175	0.933333	87.1094
180	0.961111	86.9722
185	0.988889	86.8352
190	1.01667	86.703
195	1.04444	86.5701
200	1.07222	86.4328
205	1.1	86.3012
210	1.12778	86.1759
215	1.15556	86.045
220	1.18333	85.9138
225	1.21111	85.7819
230	1.23889	85.6538
235	1.26667	85.5217
240	1.29444	85.3899
245	1.32222	85.2622
250	1.35	85.1343
255	1.37778	85.0126
260	1.40556	84.8909
265	1.43333	84.7728
270	1.46111	84.6486
275	1.48889	84.5306
280	1.51765	84.4091
285	1.54706	84.2856
290	1.57647	84.1549
295	1.60588	84.0275
300	1.63529	83.9006
305	1.66471	83.7726
310	1.69412	83.6435
315	1.72353	83.5195
320	1.75294	83.3991
325	1.78235	83.2735
330	1.81176	83.1536
335	1.84118	83.0342
340	1.87059	82.9142
345	1.9	82.7947
350	1.92941	82.6759
355	1.95882	82.5613
360	1.98824	82.4434
365	2.01765	82.3291
370	2.04706	82.2153
375	2.07647	82.1058
380	2.10588	81.9949
385	2.13529	81.886
390	2.16471	81.778
395	2.19412	81.6719
400	2.22353	81.5667
405	2.25294	81.4633
410	2.28235	81.3639
415	2.31176	81.2673
420	2.34118	81.1689
425	2.37059	81.074
430	2.4	80.9816
435	2.42941	80.8876
440	2.45882	80.8004
445	2.48824	80.7151
450	2.51765	80.661
455	2.54706	80.6687
460	2.57647	80.633
465	2.60588	80.5646
470	2.63529	80.492
475	2.66471	80.4208
480	2.69412	80.3585
485	2.72353	80.2934
490	2.75294	80.2383
495	2.78235	80.1913
500	2.81176	80.1493
505	2.84118	80.11
510	2.87059	80.0692
515	2.9	80.0393
520	2.92941	80.0179
525	2.95882	79.9923
530	2.98824	79.9852
535	3.01875	79.9703
540	3.05	79.9653
545	3.08125	79.9808
550	3.1125	79.9994
555	3.14375	80.0262
560	3.175	80.0633
565	3.20625	80.1165
570	3.2375	80.1703
575	3.26875	80.2466
580	3.3	80.3292
585	3.33125	80.4279
590	3.3625	80.5355
595	3.39375	80.6669
600	3.425	80.8025
605	3.45625	80.9681
610	3.4875	81.1371
615	3.51875	81.3244
620	3.55	81.546
625	3.58125	81.7871
630	3.6125	82.0574
635	3.64375	82.3494
640	3.675	82.6765
645	3.70625	83.0318
650	3.7375	83.4183
655	3.76875	83.8156
660	3.8	84.2724
665	3.83125	84.7701
670	3.8625	85.3206
675	3.89375	85.9038
680	3.925	86.531
685	3.95625	87.2195
690	3.9875	87.9659
695	4.02	88.7868
700	4.05333	89.6752
705	4.08667	90.6859
710	4.12	91.7599
715	4.15333	92.9483
720	4.18667	94.2014
725	4.22	95.5577
730	4.25333	97.01
735	4.28667	98.5735
740	4.32	100.235
745	4.35333	102.03
750	4.38667	103.955
755	4.42	106.009
760	4.45333	108.181
765	4.48667	110.487
770	4.52143	113.031
775	4.55714	115.805
780	4.59286	118.727
785	4.62857	121.801
790	4.66429	125.03
795	4.7	128.42
800	4.73571	131.942
805	4.77143	135.512
810	4.80769	139.217
815	4.84615	143.237
820	4.88462	147.387
825	4.92308	151.585
830	4.96154	155.818
835	5	160.051
840	5.03846	164.248
845	5.07692	168.398
850	5.11667	172.59
855	5.15833	176.843
860	5.2	180.971
865	5.24167	184.894
870	5.28333	188.585
875	5.32727	192.209
880	5.37273	195.618
885	5.40833	198.074
890	5.45	200.63
895	5.49167	202.889
900	5.53333	204.807
905	5.575	206.379
910	5.61667	207.614
915	5.65833	208.487
920	5.7	209.031
925	5.74167	209.233
930	5.78333	209.116
935	5.825	208.672
940	5.86667	207.942
945	5.90833	206.903
950	5.95	205.606
955	5.99167	204.063
960	6.03333	202.29
965	6.075	200.291
970	6.11818	198.02
975	6.16364	195.439
980	6.20909	192.682
985	6.25455	189.787
990	6.3	186.766
995	6.34545	183.623
1000	6.39091	180.427
1005	6.43636	177.171
1010	6.48182	173.869
1015	6.52727	170.549
1020	6.57273	167.244
1025	6.61818	163.894
1030	6.66364	160.621
1035	6.70909	157.376
1040	6.75455	154.169
1045	6.8	151.032
1050	6.84545	147.938
1055	6.88545	145.279
1060	6.925	142.714
1065	6.96667	140.097
1070	7.00833	137.547
1075	7.05	135.067
1080	7.09167	132.691
1085	7.13333	130.354
1090	7.175	128.106
1095	7.21667	125.95
1100	7.25833	123.834
1105	7.3	121.819
1110	7.34167	119.876
1115	7.38333	118.008
1120	7.425	116.218
1125	7.46667	114.493
1130	7.50833	112.847
1135	7.55	111.269
1140	7.59167	109.748
1145	7.63333	108.293
1150	7.675	106.9
1155	7.71667	105.541
1160	7.75833	104.244
1165	7.8	103.028
1170	7.84167	101.808
1175	7.88333	100.672
1180	7.92727	99.5129
1185	7.97273	98.3789
1190	8.01818	97.2793
1195	8.06364	96.2197
1200	8.10909	95.2383
1205	8.15455	94.2862
1210	8.2	93.3395
1215	8.25	92.3908
1220	8.3	91.5023
1225	8.35	90.5915
1230	8.4	89.7615
1235	8.45	88.9657
1240	8.5	88.1891
1245	8.55556	87.3582
1250	8.61111	86.5668
1255	8.66667	85.8142
1260	8.725	85.0568
1265	8.7875	84.2532
1270	8.85	83.5101
1275	8.9	82.9387
1280	8.95556	82.3314
1285	9.01111	81.7479
1290	9.06667	81.1826
1295	9.12222	80.6191
1300	9.17778	80.1033
1305	9.23	79.6349
1310	9.28	79.2027
1315	9.33	78.7669
1320	9.38	78.3534
1325	9.43	77.9513
1330	9.48	77.5674
1335	9.53	77.1902
1340	9.58	76.8284
1345	9.63	76.4766
1350	9.68	76.1409
1355	9.73	75.8153
1360	9.78	75.4968
1365	9.83	75.1898
1370	9.88	74.8976
1375	9.93	74.5909
1380	9.98	74.3105
