0 0 0.29845315
0.05 5 0.29845278
0.1 10 0.29845236
0.15 15 0.29845215
0.2 20 0.29845202
0.25 25 0.29845193
0.3 30 0.29845186
0.35 35 0.2984518
0.4 40 0.29845175
0.45 45 0.29845171
0.5 50 0.29845167
0.55 55 0.29845164
0.6 60 0.29845161
0.65 65 0.29845158
0.7 70 0.29845155
0.75 75 0.29845152
0.8 80 0.2984515
0.85 85 0.29845147
0.9 90 0.29845145
0.95 95 0.29845143
1 100 0.29845141
1.05 105 0.29845139
1.1 110 0.29845137
1.15 115 0.29845134
1.2 120 0.29845132
1.25 125 0.29845131
1.3 130 0.29845129
1.35 135 0.29845127
1.4 140 0.29845125
1.45 145 0.29845123
1.5 150 0.29845121
1.55 155 0.2984512
1.6 160 0.29845118
1.65 165 0.29845116
1.7 170 0.29845115
1.75 175 0.29845113
1.8 180 0.29845112
1.85 185 0.2984511
1.9 190 0.29845109
1.95 195 0.29845107
2 200 0.29845106
2.05 205 0.29845104
2.1 210 0.29845103
2.15 215 0.29845101
2.2 220 0.298451
2.25 225 0.29845099
2.3 230 0.29845097
2.35 235 0.29845096
2.4 240 0.29845095
2.45 245 0.29845094
2.5 250 0.29845092
2.55 255 0.29845091
2.6 260 0.2984509
2.65 265 0.29845089
2.7 270 0.29845088
2.75 275 0.29845087
2.8 280 0.29845086
2.85 285 0.29845085
2.9 290 0.29845084
2.95 295 0.29845083
3 300 0.29845082
3.05 305 0.29845081
3.1 310 0.2984508
3.15 315 0.29845079
3.2 320 0.29845078
3.25 325 0.29845077
3.3 330 0.29845076
3.35 335 0.29845075
3.4 340 0.29845074
3.45 345 0.29845073
3.5 350 0.29845073
3.55 355 0.29845072
3.6 360 0.29845071
3.65 365 0.2984507
3.7 370 0.29845069
3.75 375 0.29845069
3.8 380 0.29845068
3.85 385 0.29845067
3.9 390 0.29845066
3.95 395 0.29845066
4 400 0.29845065
4.05 405 0.29845064
4.1 410 0.29845064
4.15 415 0.29845063
4.2 420 0.29845062
4.25 425 0.29845062
4.3 430 0.29845061
4.35 435 0.29845061
4.4 440 0.2984506
4.45 445 0.2984506
4.5 450 0.29845059
4.55 455 0.29845058
4.6 460 0.29845058
4.65 465 0.29845057
4.7 470 0.29845057
4.75 475 0.29845056
4.8 480 0.29845056
4.85 485 0.29845055
4.9 490 0.29845055
4.95 495 0.29845054
5 500 0.29845054
5.05 505 0.29845054
5.1 510 0.29845053
5.15 515 0.29845053
5.2 520 0.29845052
5.25 525 0.29845052
5.3 530 0.29845051
5.35 535 0.29845051
5.4 540 0.29845051
5.45 545 0.2984505
5.5 550 0.2984505
5.55 555 0.29845049
5.6 560 0.29845049
5.65 565 0.29845049
5.7 570 0.29845048
5.75 575 0.29845048
5.8 580 0.29845048
5.85 585 0.29845047
5.9 590 0.29845047
5.95 595 0.29845047
6 600 0.29845046
6.05 605 0.29845046
6.1 610 0.29845046
6.15 615 0.29845046
6.2 620 0.29845045
6.25 625 0.29845045
6.3 630 0.29845045
6.35 635 0.29845044
6.4 640 0.29845044
6.45 645 0.29845044
6.5 650 0.29845044
6.55 655 0.29845043
6.6 660 0.29845043
6.65 665 0.29845043
6.7 670 0.29845043
6.75 675 0.29845042
6.8 680 0.29845042
6.85 685 0.29845042
6.9 690 0.29845042
6.95 695 0.29845042
7 700 0.29845041
7.05 705 0.29845041
7.1 710 0.29845041
7.15 715 0.29845041
7.2 720 0.29845041
7.25 725 0.2984504
7.3 730 0.2984504
7.35 735 0.2984504
7.4 740 0.2984504
7.45 745 0.2984504
7.5 750 0.29845039
7.55 755 0.29845039
7.6 760 0.29845039
7.65 765 0.29845039
7.7 770 0.29845039
7.75 775 0.29845039
7.8 780 0.29845039
7.85 785 0.29845038
7.9 790 0.29845038
7.95 795 0.29845038
8 800 0.29845038
8.05 805 0.29845038
8.1 810 0.29845038
8.15 815 0.29845038
8.2 820 0.29845037
8.25 825 0.29845037
8.3 830 0.29845037
8.35 835 0.29845037
8.4 840 0.29845037
8.45 845 0.29845037
8.5 850 0.29845037
8.55 855 0.29845037
8.6 860 0.29845036
8.65 865 0.29845036
8.7 870 0.29845036
8.75 875 0.29845036
8.8 880 0.29845036
8.85 885 0.29845036
8.9 890 0.29845036
8.95 895 0.29845036
9 900 0.29845036
9.05 905 0.29845036
9.1 910 0.29845035
9.15 915 0.29845035
9.2 920 0.29845035
9.25 925 0.29845035
9.3 930 0.29845035
9.35 935 0.29845035
9.4 940 0.29845035
9.45 945 0.29845035
9.5 950 0.29845035
9.55 955 0.29845035
9.6 960 0.29845035
9.65 965 0.29845035
9.7 970 0.29845034
9.75 975 0.29845034
9.8 980 0.29845034
9.85 985 0.29845034
9.9 990 0.29845034
9.95 995 0.29845034
10 1000 0.29845034
