eta_s=0.001 maxlevel=1010 0 0 0 0 0 0 0 0 0 0 0 0
10 1 5 4 1 5 4 0 1 0 0 0.00095 0
10 2 5 3 1 70 10 0 0.617 2.33e-06 8.27e-09 0.00185 0.0746
10 3 5 3 1 57 10 0 0.421 4.29e-06 7.83e-09 0.00271 0.121
10 4 5 3 1 56 10 0 0.317 4.56e-06 9.91e-09 0.00356 0.157
10 5 5 3 1 57 10 0 0.254 6.98e-06 8.55e-09 0.00439 0.186
10 6 5 3 1 57 10 0 0.214 7.88e-06 8.96e-09 0.0052 0.213
10 7 5 3 1 57 10 0 0.183 7.02e-06 9.19e-09 0.006 0.236
10 8 5 3 1 57 10 0 0.161 6.44e-06 9.38e-09 0.00678 0.257
10 9 5 3 1 57 10 0 0.144 5.98e-06 9.6e-09 0.00756 0.277
10 10 5 3 1 57 10 0 0.13 5.6e-06 9.83e-09 0.00832 0.295
10 11 5 3 1 58 10 0 0.119 5.27e-06 7.85e-09 0.00907 0.312
10 12 5 3 1 58 10 0 0.11 4.99e-06 8.02e-09 0.0098 0.328
10 13 5 3 1 58 10 0 0.102 4.74e-06 8.19e-09 0.0105 0.344
10 14 5 3 1 58 10 0 0.0955 4.53e-06 8.35e-09 0.0112 0.359
10 15 5 3 1 58 10 0 0.0896 4.33e-06 8.51e-09 0.012 0.373
10 16 5 3 1 58 10 0 0.0844 4.16e-06 8.66e-09 0.0127 0.387
10 17 5 3 1 58 10 0 0.0797 4e-06 8.82e-09 0.0133 0.4
10 18 5 3 1 58 10 0 0.0754 3.86e-06 8.97e-09 0.014 0.413
10 19 5 3 1 58 10 0 0.0716 3.73e-06 9.12e-09 0.0147 0.426
10 20 5 3 1 58 10 0 0.068 3.61e-06 9.27e-09 0.0154 0.438
10 21 5 3 1 58 10 0 0.0648 3.5e-06 9.42e-09 0.016 0.45
10 22 5 3 1 58 10 0 0.0619 3.4e-06 9.57e-09 0.0167 0.462
10 23 5 3 1 58 10 0 0.0591 3.31e-06 9.71e-09 0.0173 0.473
10 24 5 3 1 58 10 0 0.0566 3.22e-06 9.86e-09 0.0179 0.485
10 25 5 3 1 58 10 0 0.0542 3.14e-06 1e-08 0.0186 0.495
10 26 5 3 1 59 10 0 0.0521 3.06e-06 7.93e-09 0.0192 0.506
10 27 5 3 1 59 10 0 0.05 2.99e-06 8.04e-09 0.0198 0.517
10 28 5 3 1 59 10 0 0.0481 2.92e-06 8.15e-09 0.0204 0.527
10 29 5 3 1 59 10 0 0.0463 2.85e-06 8.26e-09 0.021 0.537
10 30 5 3 1 59 10 0 0.0446 2.79e-06 8.37e-09 0.0216 0.547
10 31 5 3 1 59 10 0 0.0431 2.73e-06 8.48e-09 0.0222 0.557
10 32 5 3 1 59 10 0 0.0416 2.68e-06 8.58e-09 0.0227 0.566
10 33 5 3 1 59 10 0 0.0402 2.63e-06 8.69e-09 0.0233 0.576
10 34 5 3 1 59 10 0 0.0388 2.58e-06 8.8e-09 0.0239 0.585
10 35 5 3 1 59 10 0 0.0376 2.53e-06 8.9e-09 0.0244 0.594
10 36 5 3 1 59 10 0 0.0364 2.48e-06 9e-09 0.025 0.603
10 37 5 3 1 59 10 0 0.0352 2.44e-06 9.11e-09 0.0255 0.612
10 38 5 3 1 59 10 0 0.0342 2.39e-06 9.21e-09 0.026 0.621
10 39 5 3 1 59 10 0 0.0331 2.35e-06 9.31e-09 0.0266 0.629
10 40 5 3 1 59 10 0 0.0322 2.31e-06 9.41e-09 0.0271 0.638
10 41 5 3 1 59 10 0 0.0312 2.27e-06 9.51e-09 0.0276 0.646
10 42 5 3 1 59 10 0 0.0303 2.24e-06 9.61e-09 0.0281 0.655
10 43 5 3 1 59 10 0 0.0295 2.2e-06 9.71e-09 0.0286 0.663
10 44 5 3 1 59 10 0 0.0287 2.16e-06 9.81e-09 0.0291 0.671
10 45 5 3 1 59 10 0 0.0279 2.13e-06 9.91e-09 0.0296 0.679
10 46 5 3 1 60 10 0 0.0272 2.1e-06 7.82e-09 0.0301 0.686
10 47 5 3 1 60 10 0 0.0264 2.07e-06 7.9e-09 0.0306 0.694
10 48 5 3 1 60 10 0 0.0258 2.03e-06 7.97e-09 0.0311 0.702
10 49 5 3 1 60 10 0 0.0251 2e-06 8.05e-09 0.0316 0.709
10 50 5 3 1 60 10 0 0.0245 1.97e-06 8.12e-09 0.032 0.717
10 51 5 3 1 60 10 0 0.0239 1.95e-06 8.19e-09 0.0325 0.724
10 52 5 3 1 60 10 0 0.0233 1.92e-06 8.26e-09 0.0329 0.731
10 53 5 3 1 60 10 0 0.0227 1.89e-06 8.33e-09 0.0334 0.738
10 54 5 3 1 60 10 0 0.0222 1.87e-06 8.4e-09 0.0338 0.745
10 55 5 3 1 60 10 0 0.0217 1.84e-06 8.47e-09 0.0343 0.752
10 56 5 3 1 60 10 0 0.0212 1.81e-06 8.54e-09 0.0347 0.759
10 57 5 3 1 60 10 0 0.0207 1.79e-06 8.61e-09 0.0352 0.766
10 58 5 3 1 60 10 0 0.0202 1.77e-06 8.68e-09 0.0356 0.772
10 59 5 3 1 60 10 0 0.0197 1.74e-06 8.75e-09 0.036 0.779
10 60 5 3 1 60 10 0 0.0193 1.72e-06 8.81e-09 0.0364 0.786
10 61 5 3 1 60 10 0 0.0189 1.7e-06 8.88e-09 0.0368 0.792
10 62 5 3 1 60 10 0 0.0185 1.67e-06 8.94e-09 0.0373 0.798
10 63 5 3 1 60 10 0 0.0181 1.65e-06 9.01e-09 0.0377 0.805
10 64 5 3 1 60 10 0 0.0177 1.63e-06 9.07e-09 0.0381 0.811
10 65 5 3 1 60 10 0 0.0173 1.61e-06 9.13e-09 0.0385 0.817
10 66 5 3 1 60 10 0 0.017 1.59e-06 9.2e-09 0.0389 0.823
10 67 5 3 1 60 10 0 0.0166 1.57e-06 9.26e-09 0.0392 0.829
10 68 5 3 1 60 10 0 0.0163 1.55e-06 9.32e-09 0.0396 0.835
10 69 5 3 1 60 10 0 0.016 1.53e-06 9.38e-09 0.04 0.841
10 70 5 3 1 60 10 0 0.0156 1.51e-06 9.44e-09 0.0404 0.847
10 71 5 3 1 60 10 0 0.0386 1.49e-06 9.5e-09 0.0407 0.852
10 72 5 3 1 60 10 0 0.0147 1.45e-06 9.56e-09 0.0411 0.859
10 73 5 3 1 60 10 0 0.0148 3.25e-06 9.66e-09 0.0415 0.866
10 74 5 3 1 60 10 0 0.0145 1.29e-06 9.67e-09 0.0418 0.871
10 75 5 3 1 60 10 0 0.0142 1.25e-06 9.71e-09 0.0422 0.875
10 76 5 3 1 60 10 0 0.0139 1.27e-06 9.77e-09 0.0425 0.881
10 77 5 3 1 60 10 0 0.0136 1.3e-06 9.83e-09 0.0429 0.886
10 78 5 3 1 60 10 0 0.0134 1.31e-06 9.89e-09 0.0432 0.891
10 79 5 3 1 60 10 0 0.0131 1.32e-06 9.95e-09 0.0436 0.896
10 80 5 3 1 61 10 0 0.0129 1.31e-06 7.83e-09 0.0439 0.901
10 81 5 3 1 61 10 0 0.0292 1.31e-06 7.87e-09 0.0442 0.906
10 82 5 3 1 61 10 0 0.0121 1.54e-06 7.91e-09 0.0446 0.912
10 83 5 3 1 61 10 0 0.0133 3.22e-06 7.99e-09 0.0449 0.918
10 84 5 3 1 61 10 0 0.012 1.12e-06 7.99e-09 0.0452 0.922
10 85 5 3 1 61 10 0 0.0118 1.07e-06 8.01e-09 0.0455 0.927
10 86 5 3 1 61 10 0 0.0116 1.11e-06 8.06e-09 0.0458 0.931
10 87 5 3 1 61 10 0 0.0114 1.14e-06 8.1e-09 0.0462 0.936
10 88 5 3 1 61 10 0 0.0112 1.16e-06 8.14e-09 0.0465 0.94
10 89 5 3 1 61 10 0 0.011 1.17e-06 8.18e-09 0.0468 0.945
10 90 5 3 1 61 10 0 0.0108 1.17e-06 8.22e-09 0.0471 0.949
10 91 5 3 1 61 10 0 0.0245 1.16e-06 8.26e-09 0.0474 0.954
10 92 5 3 1 61 10 0 0.0101 1.63e-06 8.3e-09 0.0476 0.96
10 93 5 3 1 61 10 0 0.0121 3.2e-06 8.37e-09 0.0479 0.965
10 94 5 3 1 61 10 0 0.0101 1.03e-06 8.37e-09 0.0482 0.969
10 95 5 3 1 61 10 0 0.00992 9.58e-07 8.39e-09 0.0485 0.972
10 96 5 3 1 61 10 0 0.00976 9.66e-07 8.43e-09 0.0488 0.976
10 97 5 3 1 61 10 0 0.00959 1e-06 8.47e-09 0.0491 0.98
10 98 5 3 1 61 10 0 0.00943 1.03e-06 8.51e-09 0.0494 0.984
10 99 5 3 1 61 10 0 0.00928 1.04e-06 8.54e-09 0.0496 0.989
10 100 5 3 1 61 10 0 0.00913 1.04e-06 8.58e-09 0.0499 0.993
10 101 5 3 1 61 10 0 0.0207 1.04e-06 8.61e-09 0.0502 0.997
10 102 5 3 1 61 10 0 0.00853 1.7e-06 8.65e-09 0.0504 1
10 103 5 3 1 61 10 0 0.0111 3.17e-06 8.72e-09 0.0507 1.01
10 104 5 3 1 61 10 0 0.00857 9.51e-07 8.71e-09 0.0509 1.01
10 105 5 3 1 61 10 0 0.00843 8.79e-07 8.72e-09 0.0512 1.01
10 106 5 3 1 61 10 0 0.0083 8.1e-07 8.76e-09 0.0514 1.02
10 107 5 3 1 61 10 0 0.00817 7.6e-07 8.8e-09 0.0517 1.02
10 108 5 3 1 61 10 0 0.00804 7.51e-07 8.83e-09 0.0519 1.02
10 109 5 3 1 61 10 0 0.00791 7.7e-07 8.87e-09 0.0522 1.03
10 110 5 3 1 61 10 0 0.00779 7.8e-07 8.9e-09 0.0524 1.03
10 111 5 3 1 61 10 0 0.0177 7.83e-07 8.93e-09 0.0527 1.04
10 112 5 3 1 61 10 0 0.0121 1.21e-06 8.94e-09 0.0529 1.05
10 113 5 3 1 61 10 0 0.0104 3.27e-06 9.11e-09 0.0531 1.05
10 114 5 3 1 61 10 0 0.00743 1.07e-06 9e-09 0.0534 1.05
10 115 5 3 1 61 10 0 0.00729 8.93e-07 9.01e-09 0.0536 1.05
10 116 5 3 1 61 10 0 0.00717 7.82e-07 9.05e-09 0.0538 1.06
10 117 5 3 1 61 10 0 0.00705 7.13e-07 9.08e-09 0.054 1.06
10 118 5 3 1 61 10 0 0.00694 6.71e-07 9.12e-09 0.0543 1.06
10 119 5 3 1 61 10 0 0.00683 6.67e-07 9.15e-09 0.0545 1.06
10 120 5 3 1 61 10 0 0.00673 6.82e-07 9.18e-09 0.0547 1.07
10 121 5 3 1 61 10 0 0.0155 6.89e-07 9.2e-09 0.0549 1.07
10 122 5 3 1 61 10 0 0.0117 4.3e-06 9.25e-09 0.0551 1.07
10 123 5 3 1 61 10 0 0.00972 3.87e-06 9.28e-09 0.0553 1.08
10 124 5 3 1 61 10 0 0.00663 7.75e-07 9.28e-09 0.0555 1.08
10 125 5 3 1 61 10 0 0.00609 7.09e-07 9.28e-09 0.0557 1.08
10 126 5 3 1 61 10 0 0.00601 6.4e-07 9.32e-09 0.0559 1.09
10 127 5 3 1 61 10 0 0.00594 6.84e-07 9.35e-09 0.0561 1.09
10 128 5 3 1 61 10 0 0.00587 7.26e-07 9.38e-09 0.0563 1.09
10 129 5 3 1 61 10 0 0.0058 7.51e-07 9.41e-09 0.0565 1.09
10 130 5 3 1 61 10 0 0.00573 7.66e-07 9.44e-09 0.0567 1.1
10 131 5 3 1 61 10 0 0.0128 7.72e-07 9.46e-09 0.0569 1.1
10 132 5 3 1 61 10 0 0.0107 1.4e-06 9.47e-09 0.0571 1.12
10 133 5 3 1 61 10 0 0.00821 6.8e-06 9.54e-09 0.0573 1.11
10 134 5 3 1 61 10 0 0.00556 1.36e-06 9.47e-09 0.0575 1.11
10 135 5 3 1 61 10 0 0.00546 9.4e-07 9.43e-09 0.0577 1.11
10 136 5 3 1 61 10 0 0.00537 7.48e-07 9.45e-09 0.0578 1.12
10 137 5 3 1 61 10 0 0.00528 6.4e-07 9.49e-09 0.058 1.12
10 138 5 3 1 61 10 0 0.0052 5.79e-07 9.51e-09 0.0582 1.12
10 139 5 3 1 61 10 0 0.00513 5.7e-07 9.54e-09 0.0584 1.12
10 140 5 3 1 61 10 0 0.00505 6.12e-07 9.56e-09 0.0586 1.13
10 141 5 3 1 61 10 0 0.012 6.35e-07 9.58e-09 0.0587 1.13
10 142 5 3 1 61 10 0 0.0103 3.85e-06 9.85e-09 0.0589 1.13
10 143 5 3 1 61 10 0 0.00837 2.22e-06 9.76e-09 0.059 1.14
10 144 5 3 1 61 10 0 0.00549 9.17e-07 9.73e-09 0.0592 1.14
10 145 5 3 1 61 10 0 0.00461 7.18e-07 9.73e-09 0.0594 1.14
10 146 5 3 1 61 10 0 0.00451 5.76e-07 9.76e-09 0.0595 1.14
10 147 5 3 1 61 10 0 0.00446 4.9e-07 9.79e-09 0.0597 1.14
10 148 5 3 1 61 10 0 0.00442 5.24e-07 9.82e-09 0.0599 1.15
10 149 5 3 1 61 10 0 0.00437 5.7e-07 9.85e-09 0.06 1.15
10 150 5 3 1 61 10 0 0.00433 5.99e-07 9.87e-09 0.0602 1.15
10 151 5 3 1 61 10 0 0.00959 6.16e-07 9.89e-09 0.0603 1.15
10 152 5 3 1 61 10 0 0.00967 3.37e-06 9.79e-09 0.0605 1.17
10 153 5 3 1 62 10 0 0.00832 2.47e-06 7.84e-09 0.0606 1.17
10 154 5 3 1 61 10 0 0.00431 1.13e-06 9.84e-09 0.0608 1.16
10 155 5 3 1 61 10 0 0.00417 7.74e-07 9.83e-09 0.0609 1.16
10 156 5 3 1 61 10 0 0.0041 6.08e-07 9.86e-09 0.0611 1.17
10 157 5 3 1 61 10 0 0.00404 5.14e-07 9.88e-09 0.0612 1.17
10 158 5 3 1 61 10 0 0.00398 4.62e-07 9.91e-09 0.0614 1.17
10 159 5 3 1 61 10 0 0.00393 4.57e-07 9.93e-09 0.0615 1.17
10 160 5 3 1 61 10 0 0.00387 4.94e-07 9.95e-09 0.0616 1.17
10 161 5 3 1 61 10 0 0.0107 5.15e-07 9.96e-09 0.0618 1.18
10 162 5 3 1 62 10 0 0.0114 3.96e-06 8.01e-09 0.0619 1.19
10 163 5 3 1 62 10 0 0.00765 1.85e-06 7.98e-09 0.062 1.19
10 164 5 3 1 62 10 0 0.00469 9.79e-07 7.91e-09 0.0622 1.19
10 165 5 3 1 62 10 0 0.00378 6.76e-07 7.91e-09 0.0623 1.19
10 166 5 3 1 62 10 0 0.00345 5.09e-07 7.93e-09 0.0624 1.19
10 167 5 3 1 62 10 0 0.00341 4.12e-07 7.95e-09 0.0626 1.19
10 168 5 3 1 62 10 0 0.00338 3.6e-07 7.97e-09 0.0627 1.19
10 169 5 3 1 62 10 0 0.00334 3.45e-07 7.99e-09 0.0628 1.19
10 170 5 3 1 62 10 0 0.00331 3.66e-07 8e-09 0.0629 1.2
10 171 5 3 1 62 10 0 0.0074 3.79e-07 8.02e-09 0.0631 1.2
10 172 5 3 1 61 10 0 0.00871 4.16e-06 9.97e-09 0.0632 1.2
10 173 5 3 1 62 10 0 0.0076 2.1e-06 8.04e-09 0.0633 1.2
10 174 5 3 1 62 10 0 0.00441 9.9e-07 7.97e-09 0.0634 1.2
10 175 5 3 1 62 10 0 0.00372 6.39e-07 7.95e-09 0.0635 1.2
10 176 5 3 1 62 10 0 0.00332 4.91e-07 7.97e-09 0.0637 1.2
10 177 5 3 1 62 10 0 0.00309 4.06e-07 7.98e-09 0.0638 1.21
10 178 5 3 1 62 10 0 0.00299 3.59e-07 8e-09 0.0639 1.21
10 179 5 3 1 62 10 0 0.00296 3.35e-07 8.01e-09 0.064 1.21
10 180 5 3 1 62 10 0 0.00294 3.26e-07 8.03e-09 0.0641 1.21
10 181 5 3 1 62 10 0 0.00722 3.35e-07 8.04e-09 0.0642 1.21
10 182 5 3 1 62 10 0 0.00832 2.06e-06 8.01e-09 0.0643 1.23
10 183 5 3 1 62 10 0 0.00692 2.86e-06 8.2e-09 0.0644 1.22
10 184 5 3 1 62 10 0 0.00357 9.41e-07 8.05e-09 0.0645 1.22
10 185 5 3 1 62 10 0 0.00287 6.21e-07 8.04e-09 0.0646 1.22
10 186 5 3 1 62 10 0 0.00282 4.65e-07 8.07e-09 0.0647 1.22
10 187 5 3 1 62 10 0 0.00278 3.77e-07 8.09e-09 0.0648 1.22
10 188 5 3 1 62 10 0 0.00274 3.29e-07 8.1e-09 0.065 1.23
10 189 5 3 1 62 10 0 0.0027 3.03e-07 8.11e-09 0.0651 1.23
10 190 5 3 1 62 10 0 0.00266 2.9e-07 8.12e-09 0.0652 1.23
10 191 5 3 1 62 10 0 0.00755 2.88e-07 8.14e-09 0.0652 1.23
10 192 5 3 1 62 10 0 0.0095 4.67e-06 8.29e-09 0.0653 1.24
10 193 5 3 1 62 10 0 0.00909 3.12e-06 8.24e-09 0.0654 1.25
10 194 5 3 1 62 10 0 0.00969 2.04e-06 8.28e-09 0.0655 1.24
10 195 5 3 1 62 10 0 0.00589 4.15e-07 8.13e-09 0.0656 1.24
10 196 5 3 1 62 10 0 0.00406 2.85e-07 8.15e-09 0.0657 1.24
10 197 5 3 1 62 10 0 0.00314 2.41e-07 8.17e-09 0.0658 1.24
10 198 5 3 1 62 10 0 0.00263 2.32e-07 8.19e-09 0.0659 1.24
10 199 5 3 1 62 10 0 0.00233 2.29e-07 8.21e-09 0.066 1.24
10 200 5 3 1 62 10 0 0.00218 2.37e-07 8.22e-09 0.0661 1.24
10 201 5 3 1 62 10 0 0.00445 2.58e-07 8.23e-09 0.0661 1.24
10 202 5 3 1 62 10 0 0.00792 2.5e-06 8.21e-09 0.0662 1.25
10 203 5 3 1 62 10 0 0.00651 1.67e-06 8.33e-09 0.0663 1.25
10 204 5 3 1 62 10 0 0.00356 5.5e-07 8.28e-09 0.0664 1.25
10 205 5 3 1 62 10 0 0.00288 3.7e-07 8.26e-09 0.0665 1.25
10 206 5 3 1 62 10 0 0.0025 2.74e-07 8.28e-09 0.0666 1.25
10 207 5 3 1 62 10 0 0.00227 2.23e-07 8.29e-09 0.0667 1.25
10 208 5 3 1 62 10 0 0.00212 2.42e-07 8.31e-09 0.0667 1.25
10 209 5 3 1 62 10 0 0.00204 2.62e-07 8.32e-09 0.0668 1.25
10 210 5 3 1 62 10 0 0.00201 2.72e-07 8.33e-09 0.0669 1.25
10 211 5 3 1 62 10 0 0.00511 2.75e-07 8.34e-09 0.067 1.26
10 212 5 3 1 62 10 0 0.00779 1.51e-06 8.25e-09 0.067 1.27
10 213 5 3 1 62 10 0 0.00639 2.71e-06 8.45e-09 0.0671 1.27
10 214 5 3 1 62 10 0 0.0031 9.98e-07 8.31e-09 0.0672 1.26
10 215 5 3 1 62 10 0 0.00203 5.95e-07 8.3e-09 0.0673 1.26
10 216 5 3 1 62 10 0 0.00198 4.1e-07 8.32e-09 0.0674 1.26
10 217 5 3 1 62 10 0 0.00195 3.09e-07 8.34e-09 0.0674 1.27
10 218 5 3 1 62 10 0 0.00192 2.54e-07 8.35e-09 0.0675 1.27
10 219 5 3 1 62 10 0 0.00189 2.26e-07 8.36e-09 0.0676 1.27
10 220 5 3 1 62 10 0 0.00187 2.11e-07 8.37e-09 0.0677 1.27
10 221 5 3 1 62 10 0 0.00559 2.08e-07 8.38e-09 0.0677 1.27
10 222 5 3 1 62 10 0 0.00983 4.07e-06 8.37e-09 0.0678 1.28
10 223 5 3 1 62 10 0 0.00617 1.98e-06 8.52e-09 0.0678 1.28
10 224 5 3 1 62 10 0 0.0033 5.38e-07 8.43e-09 0.0679 1.28
10 225 5 3 1 62 10 0 0.00239 3.27e-07 8.42e-09 0.068 1.28
10 226 5 3 1 62 10 0 0.00193 2.26e-07 8.43e-09 0.0681 1.28
10 227 5 3 1 62 10 0 0.00168 1.73e-07 8.45e-09 0.0681 1.28
10 228 5 3 1 62 10 0 0.00158 1.85e-07 8.46e-09 0.0682 1.28
10 229 5 3 1 62 10 0 0.00157 2.05e-07 8.47e-09 0.0683 1.28
10 230 5 3 1 62 10 0 0.00156 2.15e-07 8.48e-09 0.0683 1.28
10 231 5 3 1 62 10 0 0.00391 2.19e-07 8.49e-09 0.0684 1.28
10 232 5 3 1 62 10 0 0.00737 2.89e-06 8.41e-09 0.0684 1.28
10 233 5 3 1 62 10 0 0.00609 2.16e-06 8.5e-09 0.0685 1.28
10 234 5 3 1 62 10 0 0.00296 8.78e-07 8.46e-09 0.0686 1.28
10 235 5 3 1 62 10 0 0.00229 5.11e-07 8.45e-09 0.0686 1.28
10 236 5 3 1 62 10 0 0.00192 3.29e-07 8.46e-09 0.0687 1.28
10 237 5 3 1 62 10 0 0.0017 2.39e-07 8.47e-09 0.0688 1.28
10 238 5 3 1 62 10 0 0.00157 1.92e-07 8.48e-09 0.0688 1.28
10 239 5 3 1 62 10 0 0.00148 1.68e-07 8.49e-09 0.0689 1.29
10 240 5 3 1 62 10 0 0.00144 1.66e-07 8.5e-09 0.069 1.29
10 241 5 3 1 62 10 0 0.00377 1.79e-07 8.51e-09 0.069 1.29
10 242 5 3 1 62 10 0 0.00724 2.34e-06 8.47e-09 0.069 1.3
10 243 5 3 1 62 10 0 0.00601 2.02e-06 8.69e-09 0.0691 1.3
10 244 5 3 1 62 10 0 0.00273 6.58e-07 8.54e-09 0.0691 1.3
10 245 5 3 1 62 10 0 0.00169 3.96e-07 8.52e-09 0.0692 1.3
10 246 5 3 1 62 10 0 0.00142 2.51e-07 8.54e-09 0.0693 1.29
10 247 5 3 1 62 10 0 0.0014 1.83e-07 8.55e-09 0.0693 1.3
10 248 5 3 1 62 10 0 0.00138 1.5e-07 8.56e-09 0.0694 1.3
10 249 5 3 1 62 10 0 0.00136 1.55e-07 8.57e-09 0.0694 1.3
10 250 5 3 1 62 10 0 0.00134 1.68e-07 8.58e-09 0.0695 1.3
10 251 5 3 1 62 10 0 0.00415 1.75e-07 8.59e-09 0.0695 1.3
10 252 5 3 1 62 10 0 0.00953 3.9e-06 8.52e-09 0.0696 1.31
10 253 5 3 1 62 10 0 0.00587 2.1e-06 8.65e-09 0.0696 1.31
10 254 5 3 1 62 10 0 0.00292 8.33e-07 8.57e-09 0.0697 1.3
10 255 5 3 1 62 10 0 0.00202 4.8e-07 8.55e-09 0.0697 1.3
10 256 5 3 1 62 10 0 0.00156 2.82e-07 8.57e-09 0.0698 1.3
10 257 5 3 1 62 10 0 0.00132 1.94e-07 8.59e-09 0.0698 1.3
10 258 5 3 1 62 10 0 0.00117 1.5e-07 8.6e-09 0.0699 1.3
10 259 5 3 1 62 10 0 0.0011 1.29e-07 8.6e-09 0.0699 1.3
10 260 5 3 1 62 10 0 0.0011 1.22e-07 8.61e-09 0.07 1.3
10 261 5 3 1 62 10 0 0.00295 1.36e-07 8.62e-09 0.07 1.31
10 262 5 3 1 62 10 0 0.00692 2.62e-06 8.59e-09 0.0701 1.31
10 263 5 3 1 62 10 0 0.0058 1.72e-06 8.71e-09 0.0701 1.31
10 264 5 3 1 62 10 0 0.00256 5.18e-07 8.65e-09 0.0701 1.31
10 265 5 3 1 62 10 0 0.0019 3.1e-07 8.63e-09 0.0702 1.31
10 266 5 3 1 62 10 0 0.00154 1.77e-07 8.64e-09 0.0702 1.31
10 267 5 3 1 62 10 0 0.00132 1.2e-07 8.65e-09 0.0703 1.31
10 268 5 3 1 62 10 0 0.00119 1.19e-07 8.66e-09 0.0703 1.31
10 269 5 3 1 62 10 0 0.00111 1.41e-07 8.67e-09 0.0704 1.31
10 270 5 3 1 62 10 0 0.00105 1.53e-07 8.68e-09 0.0704 1.31
10 271 5 3 1 62 10 0 0.0027 1.59e-07 8.68e-09 0.0704 1.31
10 272 5 3 1 62 10 0 0.00703 1.43e-06 8.58e-09 0.0705 1.33
10 273 5 3 1 62 10 0 0.00578 2.72e-06 8.79e-09 0.0705 1.32
10 274 5 3 1 62 10 0 0.00254 9.79e-07 8.64e-09 0.0706 1.32
10 275 5 3 1 62 10 0 0.00149 5.32e-07 8.63e-09 0.0706 1.32
10 276 5 3 1 62 10 0 0.00104 3.16e-07 8.64e-09 0.0706 1.32
10 277 5 3 1 62 10 0 0.00102 2.1e-07 8.66e-09 0.0707 1.32
10 278 5 3 1 62 10 0 0.001 1.54e-07 8.67e-09 0.0707 1.32
10 279 5 3 1 62 10 0 0.000986 1.25e-07 8.67e-09 0.0708 1.32
stationary flow nc = 0 i = 279 du = 0.000985777
# Quadtree, 279 steps, 819.032 CPU, 828 real, 4.32e+03 points.step/s, 33 var
10 0 5 3 1 62 10 0 0 1.25e-07 8.67e-09 0 0
10 1 5 3 1 5 10 0 1 0 0 0.000899 0
10 2 5 3 1 64 11 0 0.635 3.71e-06 8.98e-09 0.00171 0.0995
10 3 5 3 1 45 12 0 0.443 4.08e-06 9.65e-09 0.00249 0.156
10 4 5 3 1 45 12 0 0.337 8.62e-06 9.32e-09 0.00323 0.193
10 5 5 3 1 46 12 0 0.272 5.39e-06 9.01e-09 0.00395 0.221
10 6 5 3 1 46 12 0 0.231 3.53e-06 9e-09 0.00465 0.246
10 7 5 3 1 46 12 0 0.2 3.42e-06 9.11e-09 0.00534 0.266
10 8 5 3 1 46 12 0 0.177 3.29e-06 9.18e-09 0.006 0.284
10 9 5 3 1 46 12 0 0.16 3.21e-06 9.3e-09 0.00665 0.3
10 10 5 3 1 46 12 0 0.145 3.1e-06 9.43e-09 0.00729 0.315
10 11 5 3 1 46 12 0 0.133 2.98e-06 9.57e-09 0.00791 0.329
10 12 5 3 1 46 12 0 0.123 2.85e-06 9.71e-09 0.00852 0.343
10 13 5 3 1 46 12 0 0.114 2.71e-06 9.86e-09 0.00912 0.355
10 14 5 3 1 47 12 0 0.107 2.58e-06 7.34e-09 0.00971 0.367
10 15 5 3 1 47 12 0 0.0996 2.45e-06 7.46e-09 0.0103 0.378
10 16 5 3 1 47 12 0 0.0935 2.32e-06 7.57e-09 0.0108 0.388
10 17 5 3 1 47 12 0 0.0879 2.21e-06 7.68e-09 0.0114 0.399
10 18 5 3 1 47 12 0 0.083 2.1e-06 7.8e-09 0.0119 0.409
10 19 5 3 1 47 12 0 0.0784 2.02e-06 7.91e-09 0.0125 0.418
10 20 5 3 1 47 12 0 0.0743 1.95e-06 8.02e-09 0.013 0.427
10 21 5 3 1 47 12 0 0.0705 1.88e-06 8.13e-09 0.0135 0.436
10 22 5 3 1 47 12 0 0.067 1.82e-06 8.24e-09 0.014 0.445
10 23 5 3 1 47 12 0 0.0638 1.78e-06 8.35e-09 0.0145 0.453
10 24 5 3 1 47 12 0 0.0609 1.74e-06 8.46e-09 0.015 0.461
10 25 5 3 1 47 12 0 0.0581 1.7e-06 8.57e-09 0.0155 0.469
10 26 5 3 1 47 12 0 0.0556 1.66e-06 8.67e-09 0.016 0.477
10 27 5 3 1 47 12 0 0.0532 1.62e-06 8.78e-09 0.0164 0.484
10 28 5 3 1 47 12 0 0.051 1.58e-06 8.88e-09 0.0169 0.491
10 29 5 3 1 47 12 0 0.0489 1.55e-06 8.98e-09 0.0174 0.499
10 30 5 3 1 47 12 0 0.047 1.51e-06 9.08e-09 0.0178 0.506
10 31 5 3 1 47 12 0 0.0451 1.48e-06 9.18e-09 0.0182 0.512
10 32 5 3 1 47 12 0 0.0434 1.45e-06 9.28e-09 0.0187 0.519
10 33 5 3 1 47 12 0 0.0418 1.42e-06 9.38e-09 0.0191 0.525
10 34 5 3 1 47 12 0 0.0403 1.39e-06 9.47e-09 0.0195 0.532
10 35 5 3 1 47 12 0 0.0389 1.36e-06 9.57e-09 0.0199 0.538
10 36 5 3 1 47 12 0 0.0375 1.33e-06 9.66e-09 0.0203 0.544
10 37 5 3 1 47 12 0 0.0362 1.3e-06 9.75e-09 0.0207 0.55
10 38 5 3 1 47 12 0 0.035 1.28e-06 9.84e-09 0.0211 0.556
10 39 5 3 1 47 12 0 0.0338 1.25e-06 9.93e-09 0.0215 0.562
10 40 5 3 1 48 12 0 0.0327 1.23e-06 7.34e-09 0.0219 0.567
10 41 5 3 1 48 12 0 0.0317 1.21e-06 7.41e-09 0.0222 0.573
10 42 5 3 1 48 12 0 0.0307 1.18e-06 7.47e-09 0.0226 0.578
10 43 5 3 1 48 12 0 0.0297 1.16e-06 7.53e-09 0.023 0.583
10 44 5 3 1 48 12 0 0.0288 1.14e-06 7.59e-09 0.0233 0.588
10 45 5 3 1 48 12 0 0.028 1.12e-06 7.65e-09 0.0237 0.594
10 46 5 3 1 48 12 0 0.0271 1.1e-06 7.71e-09 0.024 0.599
10 47 5 3 1 48 12 0 0.0263 1.08e-06 7.77e-09 0.0243 0.603
10 48 5 3 1 48 12 0 0.0256 1.06e-06 7.82e-09 0.0247 0.608
10 49 5 3 1 48 12 0 0.0249 1.04e-06 7.88e-09 0.025 0.613
10 50 5 3 1 48 12 0 0.0242 1.02e-06 7.93e-09 0.0253 0.618
10 51 5 3 1 48 12 0 0.0235 1e-06 7.99e-09 0.0256 0.622
10 52 5 3 1 48 12 0 0.0228 9.87e-07 8.04e-09 0.026 0.627
10 53 5 3 1 48 12 0 0.0222 9.7e-07 8.09e-09 0.0263 0.631
10 54 5 3 1 48 12 0 0.0216 9.53e-07 8.15e-09 0.0266 0.635
10 55 5 3 1 48 12 0 0.0211 9.37e-07 8.2e-09 0.0269 0.64
10 56 5 3 1 48 12 0 0.0205 9.21e-07 8.25e-09 0.0272 0.644
10 57 5 3 1 48 12 0 0.02 9.06e-07 8.3e-09 0.0274 0.648
10 58 5 3 1 48 12 0 0.0195 8.91e-07 8.35e-09 0.0277 0.652
10 59 5 3 1 48 12 0 0.019 8.76e-07 8.39e-09 0.028 0.656
10 60 5 3 1 48 12 0 0.0185 8.62e-07 8.44e-09 0.0283 0.66
10 61 5 2 1 48 12 0 0.0185 1.3e-06 8.49e-09 0.0286 0.664
10 62 5 2 1 48 12 0 0.0177 2.2e-06 7.99e-09 0.0288 0.669
10 63 5 2 1 48 12 0 0.0172 2.95e-06 8.16e-09 0.0291 0.672
10 64 5 2 1 48 12 0 0.0168 2.86e-06 8.14e-09 0.0293 0.676
10 65 5 2 1 48 12 0 0.0164 2.78e-06 8.18e-09 0.0296 0.679
10 66 5 2 1 48 12 0 0.016 2.72e-06 8.22e-09 0.0298 0.683
10 67 5 2 1 48 12 0 0.0156 2.67e-06 8.27e-09 0.0301 0.686
10 68 5 2 1 48 12 0 0.0152 2.62e-06 8.31e-09 0.0303 0.69
10 69 5 2 1 48 12 0 0.0149 2.57e-06 8.36e-09 0.0306 0.693
10 70 5 2 1 48 12 0 0.0145 2.53e-06 8.4e-09 0.0308 0.697
10 71 5 2 1 48 12 0 0.0142 2.49e-06 8.44e-09 0.031 0.7
10 72 5 2 1 48 12 0 0.0138 3.3e-06 9.03e-09 0.0313 0.702
10 73 5 2 1 48 12 0 0.0135 2.87e-06 9.04e-09 0.0315 0.705
10 74 5 2 1 48 12 0 0.0132 2.59e-06 9.1e-09 0.0317 0.708
10 75 5 2 1 48 12 0 0.0129 2.41e-06 9.12e-09 0.0319 0.711
10 76 5 2 1 48 12 0 0.0127 2.3e-06 9.15e-09 0.0321 0.714
10 77 5 2 1 48 12 0 0.0124 2.28e-06 9.18e-09 0.0324 0.717
10 78 5 2 1 48 12 0 0.0121 2.26e-06 9.21e-09 0.0326 0.72
10 79 5 2 1 48 12 0 0.0118 2.23e-06 9.24e-09 0.0328 0.723
10 80 5 2 1 48 12 0 0.0116 2.19e-06 9.27e-09 0.033 0.726
10 81 5 2 1 48 12 0 0.0114 2.16e-06 9.3e-09 0.0332 0.729
10 82 5 2 1 48 12 0 0.0113 2.01e-06 8.73e-09 0.0334 0.734
10 83 5 2 1 48 12 0 0.0109 2.26e-06 8.91e-09 0.0336 0.736
10 84 5 2 1 48 12 0 0.0107 2.17e-06 8.87e-09 0.0337 0.738
10 85 5 2 1 48 12 0 0.0104 2.09e-06 8.89e-09 0.0339 0.741
10 86 5 2 1 48 12 0 0.0102 2.02e-06 8.93e-09 0.0341 0.743
10 87 5 2 1 48 12 0 0.01 1.97e-06 8.96e-09 0.0343 0.746
10 88 5 2 1 48 12 0 0.00981 1.93e-06 8.99e-09 0.0345 0.748
10 89 5 2 1 48 12 0 0.00961 1.9e-06 9.03e-09 0.0346 0.751
10 90 5 2 1 48 12 0 0.00942 1.86e-06 9.06e-09 0.0348 0.753
10 91 5 2 1 48 12 0 0.0185 1.83e-06 9.09e-09 0.035 0.755
10 92 5 2 1 49 12 0 0.0115 6.69e-06 7.67e-09 0.0351 0.758
10 93 5 2 1 48 12 0 0.00875 2.55e-06 9.79e-09 0.0353 0.758
10 94 5 2 1 48 12 0 0.00864 1.74e-06 9.72e-09 0.0355 0.761
10 95 5 2 1 48 12 0 0.00847 1.75e-06 9.77e-09 0.0356 0.763
10 96 5 2 1 48 12 0 0.00831 1.77e-06 9.79e-09 0.0358 0.765
10 97 5 2 1 48 12 0 0.00814 1.74e-06 9.8e-09 0.0359 0.767
10 98 5 2 1 48 12 0 0.00799 1.7e-06 9.82e-09 0.0361 0.77
10 99 5 2 1 48 12 0 0.00783 1.66e-06 9.84e-09 0.0363 0.772
10 100 5 2 1 48 12 0 0.00768 1.63e-06 9.86e-09 0.0364 0.774
10 101 5 2 1 48 12 0 0.0166 1.6e-06 9.88e-09 0.0365 0.776
10 102 5 2 1 48 12 0 0.0139 3.44e-06 9.25e-09 0.0367 0.788
10 103 5 2 1 48 12 0 0.00762 2.28e-06 9.63e-09 0.0368 0.785
10 104 5 2 1 48 12 0 0.00731 1.77e-06 9.39e-09 0.0369 0.785
10 105 5 2 1 48 12 0 0.00711 1.64e-06 9.4e-09 0.0371 0.787
10 106 5 2 1 48 12 0 0.00694 1.56e-06 9.43e-09 0.0372 0.789
10 107 5 2 1 48 12 0 0.00679 1.5e-06 9.45e-09 0.0373 0.79
10 108 5 2 1 48 12 0 0.00665 1.46e-06 9.48e-09 0.0375 0.792
10 109 5 2 1 48 12 0 0.00652 1.42e-06 9.5e-09 0.0376 0.794
10 110 5 2 1 48 12 0 0.00639 1.39e-06 9.52e-09 0.0377 0.796
10 111 5 2 1 48 12 0 0.0133 1.36e-06 9.54e-09 0.0379 0.797
10 112 5 2 1 49 12 0 0.0145 6.77e-06 8.04e-09 0.038 0.797
10 113 5 2 1 49 12 0 0.0089 2.08e-06 7.46e-09 0.0381 0.797
10 114 5 2 1 49 12 0 0.0068 1.47e-06 7.43e-09 0.0382 0.799
10 115 5 2 1 49 12 0 0.00574 1.37e-06 7.47e-09 0.0383 0.801
10 116 5 2 1 49 12 0 0.00539 1.28e-06 7.49e-09 0.0384 0.802
10 117 5 2 1 49 12 0 0.00536 1.22e-06 7.5e-09 0.0386 0.804
10 118 5 2 1 49 12 0 0.00531 1.17e-06 7.51e-09 0.0387 0.806
10 119 5 2 1 49 12 0 0.00525 1.15e-06 7.52e-09 0.0388 0.807
10 120 5 2 1 49 12 0 0.00519 1.14e-06 7.53e-09 0.0389 0.809
10 121 5 2 1 49 12 0 0.0105 1.13e-06 7.54e-09 0.039 0.81
10 122 5 2 1 48 12 0 0.0121 3.66e-06 9.63e-09 0.0391 0.823
10 123 5 2 1 49 12 0 0.00533 1.9e-06 7.33e-09 0.0392 0.818
10 124 5 2 1 48 12 0 0.00508 1.37e-06 9.76e-09 0.0393 0.818
10 125 5 2 1 48 12 0 0.00492 1.25e-06 9.77e-09 0.0394 0.819
10 126 5 2 1 48 12 0 0.00481 1.18e-06 9.79e-09 0.0395 0.821
10 127 5 2 1 48 12 0 0.00471 1.12e-06 9.81e-09 0.0396 0.822
10 128 5 2 1 48 12 0 0.00461 1.08e-06 9.83e-09 0.0397 0.823
10 129 5 2 1 48 12 0 0.00453 1.05e-06 9.85e-09 0.0398 0.824
10 130 5 2 1 48 12 0 0.00444 1.02e-06 9.86e-09 0.0399 0.826
10 131 5 2 1 48 12 0 0.00956 9.99e-07 9.88e-09 0.04 0.827
10 132 5 2 1 49 12 0 0.013 6.93e-06 8.32e-09 0.04 0.826
10 133 5 2 1 49 12 0 0.00769 4.37e-06 8.53e-09 0.0401 0.827
10 134 5 2 1 49 12 0 0.00544 2.8e-06 8.53e-09 0.0402 0.827
10 135 5 2 1 49 12 0 0.00439 2.11e-06 8.53e-09 0.0403 0.828
10 136 5 2 1 49 12 0 0.00385 1.65e-06 8.54e-09 0.0404 0.829
10 137 5 2 1 49 12 0 0.00369 1.32e-06 8.55e-09 0.0405 0.83
10 138 5 2 1 49 12 0 0.00368 1.09e-06 8.56e-09 0.0406 0.831
10 139 5 2 1 49 12 0 0.00365 9.45e-07 8.57e-09 0.0406 0.832
10 140 5 2 1 49 12 0 0.00362 9.2e-07 8.58e-09 0.0407 0.833
10 141 5 2 1 49 12 0 0.00797 9e-07 8.59e-09 0.0408 0.835
10 142 5 2 1 49 12 0 0.0125 7.4e-06 7.55e-09 0.0409 0.847
10 143 5 2 1 49 12 0 0.00624 3.21e-06 7.52e-09 0.0409 0.841
10 144 5 2 1 49 12 0 0.00361 1.92e-06 7.35e-09 0.041 0.842
10 145 5 2 1 49 12 0 0.00349 1.63e-06 7.36e-09 0.0411 0.842
10 146 5 2 1 49 12 0 0.0034 1.36e-06 7.37e-09 0.0412 0.843
10 147 5 2 1 49 12 0 0.00332 1.16e-06 7.38e-09 0.0412 0.844
10 148 5 2 1 49 12 0 0.00326 1.01e-06 7.39e-09 0.0413 0.845
10 149 5 2 1 49 12 0 0.0032 9.06e-07 7.39e-09 0.0414 0.846
10 150 5 2 1 49 12 0 0.00314 8.33e-07 7.4e-09 0.0414 0.847
10 151 5 2 1 49 12 0 0.00585 7.8e-07 7.41e-09 0.0415 0.848
10 152 5 2 1 49 12 0 0.012 7.05e-06 8.53e-09 0.0416 0.847
10 153 5 2 1 49 12 0 0.00671 4.45e-06 8.74e-09 0.0416 0.848
10 154 5 2 1 49 12 0 0.00448 2.75e-06 8.73e-09 0.0417 0.848
10 155 5 2 1 49 12 0 0.00344 1.97e-06 8.73e-09 0.0418 0.848
10 156 5 2 1 49 12 0 0.00292 1.51e-06 8.73e-09 0.0418 0.849
10 157 5 2 1 49 12 0 0.00263 1.19e-06 8.74e-09 0.0419 0.85
10 158 5 2 1 49 12 0 0.00257 9.67e-07 8.75e-09 0.0419 0.851
10 159 5 2 1 49 12 0 0.00256 8e-07 8.76e-09 0.042 0.851
10 160 5 2 1 49 12 0 0.00255 6.91e-07 8.76e-09 0.0421 0.852
10 161 5 2 1 49 12 0 0.00546 6.6e-07 8.77e-09 0.0421 0.853
10 162 5 2 1 49 12 0 0.012 7.62e-06 7.71e-09 0.0422 0.865
10 163 5 2 1 49 12 0 0.00577 3.05e-06 7.68e-09 0.0422 0.859
10 164 5 2 1 49 12 0 0.00282 1.73e-06 7.49e-09 0.0423 0.859
10 165 5 2 1 49 12 0 0.00252 1.44e-06 7.5e-09 0.0423 0.86
10 166 5 2 1 49 12 0 0.00244 1.17e-06 7.51e-09 0.0424 0.861
10 167 5 2 1 49 12 0 0.00239 9.65e-07 7.52e-09 0.0424 0.861
10 168 5 2 1 49 12 0 0.00234 8.17e-07 7.53e-09 0.0425 0.862
10 169 5 2 1 49 12 0 0.00229 7.14e-07 7.53e-09 0.0425 0.863
10 170 5 2 1 49 12 0 0.00225 6.43e-07 7.54e-09 0.0426 0.864
10 171 5 2 1 49 12 0 0.00436 5.92e-07 7.55e-09 0.0426 0.864
10 172 5 2 1 49 12 0 0.0113 7.18e-06 8.68e-09 0.0427 0.863
10 173 5 2 1 49 12 0 0.00652 4.49e-06 9.25e-09 0.0427 0.865
10 174 5 2 1 49 12 0 0.00523 2.31e-06 8.95e-09 0.0428 0.863
10 175 5 2 1 49 12 0 0.00266 1.99e-06 8.86e-09 0.0428 0.863
10 176 5 2 1 49 12 0 0.00221 1.53e-06 8.87e-09 0.0429 0.864
10 177 5 3 1 49 12 0 0.00196 5.02e-07 8.88e-09 0.0429 0.864
10 178 5 3 1 49 12 0 0.00182 3.07e-07 8.89e-09 0.0429 0.865
10 179 5 3 1 49 12 0 0.0018 2.4e-07 8.9e-09 0.043 0.865
10 180 5 3 1 49 12 0 0.0018 1.93e-07 8.9e-09 0.043 0.866
10 181 5 3 1 49 12 0 0.00421 1.58e-07 8.91e-09 0.0431 0.866
10 182 5 3 1 49 12 0 0.0117 5.13e-06 7.82e-09 0.0431 0.879
10 183 5 3 1 49 12 0 0.00439 8.42e-07 8.2e-09 0.0431 0.873
10 184 5 3 1 49 12 0 0.0019 5.59e-07 7.92e-09 0.0432 0.872
10 185 5 3 1 49 12 0 0.00181 3.48e-07 7.9e-09 0.0432 0.872
10 186 5 3 1 49 12 0 0.00175 2.2e-07 7.9e-09 0.0433 0.873
10 187 5 3 1 49 12 0 0.00171 1.5e-07 7.9e-09 0.0433 0.873
10 188 5 3 1 49 12 0 0.00168 1.42e-07 7.9e-09 0.0433 0.874
10 189 5 3 1 49 12 0 0.00165 1.35e-07 7.91e-09 0.0434 0.874
10 190 5 3 1 49 12 0 0.00162 1.29e-07 7.91e-09 0.0434 0.875
10 191 5 3 1 49 12 0 0.00159 1.24e-07 7.91e-09 0.0434 0.875
10 192 5 3 1 49 12 0 0.0104 2.08e-06 8.11e-09 0.0435 0.872
10 193 5 3 1 49 12 0 0.00552 9.15e-07 7.98e-09 0.0435 0.874
10 194 5 2 1 49 12 0 0.00332 5.83e-07 8.09e-09 0.0436 0.874
10 195 5 2 1 49 12 0 0.0023 6.64e-07 8.1e-09 0.0436 0.875
10 196 5 2 1 49 12 0 0.0018 4.61e-07 8.1e-09 0.0436 0.875
10 197 5 2 1 49 12 0 0.00154 3.65e-07 8.11e-09 0.0437 0.876
10 198 5 2 1 49 12 0 0.00139 3.45e-07 8.11e-09 0.0437 0.876
10 199 5 2 1 49 12 0 0.00131 3.34e-07 8.12e-09 0.0437 0.877
10 200 5 2 1 49 12 0 0.00129 3.29e-07 8.12e-09 0.0438 0.877
10 201 5 2 1 49 12 0 0.00209 3.24e-07 8.12e-09 0.0438 0.878
10 202 5 2 1 49 12 0 0.00906 4.15e-06 7.58e-09 0.0438 0.891
10 203 5 2 1 48 12 0 0.00321 9.97e-07 9.39e-09 0.0438 0.885
10 204 5 2 1 49 12 0 0.00791 1.55e-06 7.63e-09 0.0439 0.884
10 205 5 2 1 49 12 0 0.00226 8.34e-07 7.67e-09 0.0439 0.883
10 206 5 2 1 49 12 0 0.00132 7.45e-07 7.68e-09 0.0439 0.883
10 207 5 2 1 49 12 0 0.00128 6.45e-07 7.69e-09 0.0439 0.884
10 208 5 2 1 49 12 0 0.00124 5.34e-07 7.69e-09 0.044 0.884
10 209 5 2 1 49 12 0 0.00122 4.3e-07 7.7e-09 0.044 0.884
10 210 5 2 1 49 12 0 0.0012 3.65e-07 7.7e-09 0.044 0.885
10 211 5 2 1 49 12 0 0.00148 3.34e-07 7.71e-09 0.0441 0.885
10 212 5 2 1 49 12 0 0.0109 6.86e-06 9.25e-09 0.0441 0.885
10 213 5 2 1 49 12 0 0.00535 4.63e-06 9.56e-09 0.0441 0.884
10 214 5 2 1 49 12 0 0.00308 2.79e-06 9.51e-09 0.0441 0.884
10 215 5 2 1 49 12 0 0.00204 2.04e-06 9.5e-09 0.0442 0.884
10 216 5 2 1 49 12 0 0.00152 1.58e-06 9.49e-09 0.0442 0.884
10 217 5 2 1 49 12 0 0.00125 1.3e-06 9.49e-09 0.0442 0.884
10 218 5 3 1 49 12 0 0.00109 4.03e-07 9.5e-09 0.0442 0.884
10 219 5 3 1 49 12 0 0.000994 2.69e-07 9.5e-09 0.0443 0.885
stationary flow nc = 1 i = 219 du = 0.000994074
# Quadtree, 219 steps, 1230.26 CPU, 1239 real, 3.04e+03 points.step/s, 33 var
10 0 5 3 1 49 12 0 0 2.69e-07 9.5e-09 0 0
10 1 5 3 1 5 12 0 1 0 0 0.000799 0
10 2 5 3 1 34 13 0 0.663 4.12e-06 7.69e-09 0.00147 0.126
10 3 5 3 1 33 13 0 0.478 5.69e-06 7.14e-09 0.00208 0.188
10 4 5 3 1 32 13 0 0.375 4.2e-06 9.79e-09 0.00265 0.225
10 5 5 3 1 33 13 0 0.311 4.03e-06 6.69e-09 0.0032 0.251
10 6 5 3 1 33 13 0 0.27 4e-06 6.75e-09 0.00372 0.271
10 7 5 3 1 33 13 0 0.236 3.17e-06 6.79e-09 0.00423 0.287
10 8 5 3 1 33 13 0 0.21 2.74e-06 6.84e-09 0.00471 0.3
10 9 5 3 1 33 13 0 0.188 2.38e-06 6.93e-09 0.00518 0.311
10 10 5 3 1 33 13 0 0.17 2.11e-06 7.04e-09 0.00563 0.322
10 11 5 3 1 33 13 0 0.155 1.91e-06 7.16e-09 0.00607 0.331
10 12 5 3 1 33 13 0 0.142 1.74e-06 7.29e-09 0.0065 0.339
10 13 5 3 1 33 13 0 0.13 1.66e-06 7.41e-09 0.00691 0.347
10 14 5 3 1 33 13 0 0.12 1.59e-06 7.54e-09 0.00731 0.355
10 15 5 3 1 33 13 0 0.111 1.52e-06 7.67e-09 0.0077 0.362
10 16 5 3 1 33 13 0 0.103 1.47e-06 7.79e-09 0.00808 0.368
10 17 5 3 1 33 13 0 0.0965 1.41e-06 7.92e-09 0.00845 0.375
10 18 5 3 1 33 13 0 0.0902 1.36e-06 8.04e-09 0.00881 0.381
10 19 5 3 1 33 13 0 0.0846 1.32e-06 8.16e-09 0.00916 0.386
10 20 5 3 1 33 13 0 0.0794 1.27e-06 8.28e-09 0.0095 0.392
10 21 5 3 1 33 13 0 0.0748 1.23e-06 8.4e-09 0.00983 0.397
10 22 5 3 1 33 13 0 0.0705 1.19e-06 8.51e-09 0.0101 0.402
10 23 5 3 1 33 13 0 0.0666 1.16e-06 8.62e-09 0.0105 0.406
10 24 5 3 1 33 13 0 0.0631 1.14e-06 8.73e-09 0.0108 0.411
10 25 5 3 1 33 13 0 0.0598 1.12e-06 8.84e-09 0.0111 0.415
10 26 5 3 1 33 13 0 0.0567 1.1e-06 8.94e-09 0.0113 0.419
10 27 5 3 1 33 13 0 0.0539 1.08e-06 9.04e-09 0.0116 0.423
10 28 5 3 1 33 13 0 0.0513 1.06e-06 9.14e-09 0.0119 0.427
10 29 5 3 1 33 13 0 0.0489 1.05e-06 9.24e-09 0.0122 0.432
10 30 5 3 1 33 13 0 0.0466 1.03e-06 9.33e-09 0.0124 0.436
10 31 5 3 1 33 13 0 0.0445 1.01e-06 9.43e-09 0.0127 0.44
10 32 5 3 1 33 13 0 0.0425 9.92e-07 9.51e-09 0.0129 0.444
10 33 5 3 1 33 13 0 0.0407 9.74e-07 9.6e-09 0.0132 0.447
10 34 5 3 1 33 13 0 0.0389 9.57e-07 9.69e-09 0.0134 0.451
10 35 5 3 1 33 13 0 0.0373 9.4e-07 9.77e-09 0.0136 0.455
10 36 5 3 1 33 13 0 0.0357 9.22e-07 9.85e-09 0.0139 0.458
10 37 5 3 1 33 13 0 0.0343 9.05e-07 9.93e-09 0.0141 0.462
10 38 5 3 1 34 13 0 0.0329 8.89e-07 6.47e-09 0.0143 0.465
10 39 5 3 1 34 13 0 0.0316 8.72e-07 6.52e-09 0.0145 0.469
10 40 5 2 1 34 13 0 0.0304 1.16e-06 6.56e-09 0.0147 0.472
10 41 5 2 1 34 13 0 0.0292 2.54e-06 6.61e-09 0.0149 0.475
10 42 5 2 1 34 13 0 0.0281 2.49e-06 6.65e-09 0.0151 0.478
10 43 5 2 1 34 13 0 0.0271 2.44e-06 6.7e-09 0.0153 0.481
10 44 5 2 1 34 13 0 0.0261 2.39e-06 6.74e-09 0.0154 0.484
10 45 5 2 1 34 13 0 0.0251 2.34e-06 6.78e-09 0.0156 0.487
10 46 5 2 1 34 13 0 0.0242 2.3e-06 6.82e-09 0.0158 0.49
10 47 5 2 1 34 13 0 0.0234 2.25e-06 6.86e-09 0.0159 0.493
10 48 5 2 1 34 13 0 0.0225 2.2e-06 6.9e-09 0.0161 0.496
10 49 5 2 1 34 13 0 0.0218 2.15e-06 6.93e-09 0.0163 0.499
10 50 5 2 1 34 13 0 0.021 2.11e-06 6.97e-09 0.0164 0.501
10 51 5 2 1 34 13 0 0.0203 2.06e-06 7e-09 0.0166 0.504
10 52 5 2 1 34 13 0 0.0196 2.02e-06 7.04e-09 0.0167 0.506
10 53 5 2 1 34 13 0 0.0189 1.97e-06 7.07e-09 0.0169 0.509
10 54 5 2 1 34 13 0 0.0183 1.93e-06 7.1e-09 0.017 0.511
10 55 5 2 1 34 13 0 0.0177 1.89e-06 7.14e-09 0.0171 0.514
10 56 5 2 1 34 13 0 0.0171 1.85e-06 7.17e-09 0.0173 0.516
10 57 5 2 1 34 13 0 0.0166 1.81e-06 7.2e-09 0.0174 0.518
10 58 5 2 1 34 13 0 0.016 1.77e-06 7.23e-09 0.0175 0.52
10 59 5 2 1 34 13 0 0.0155 1.73e-06 7.25e-09 0.0177 0.523
10 60 5 2 1 34 13 0 0.015 1.69e-06 7.28e-09 0.0178 0.525
10 61 5 2 1 34 13 0 0.0146 1.65e-06 7.31e-09 0.0179 0.527
10 62 5 2 1 34 13 0 0.0141 1.61e-06 7.33e-09 0.018 0.529
10 63 5 2 1 34 13 0 0.0137 1.58e-06 7.36e-09 0.0181 0.531
10 64 5 2 1 34 13 0 0.0132 1.54e-06 7.38e-09 0.0182 0.533
10 65 5 2 1 34 13 0 0.0128 1.5e-06 7.41e-09 0.0183 0.534
10 66 5 2 1 34 13 0 0.0124 1.47e-06 7.43e-09 0.0184 0.536
10 67 5 2 1 34 13 0 0.0121 1.44e-06 7.46e-09 0.0185 0.538
10 68 5 2 1 34 13 0 0.0117 1.4e-06 7.48e-09 0.0186 0.54
10 69 5 2 1 34 13 0 0.0114 1.37e-06 7.5e-09 0.0187 0.542
10 70 5 2 1 34 13 0 0.011 1.34e-06 7.52e-09 0.0188 0.543
10 71 5 2 1 34 13 0 0.0107 1.31e-06 7.54e-09 0.0189 0.545
10 72 5 2 1 34 13 0 0.0104 1.28e-06 7.56e-09 0.019 0.546
10 73 5 2 1 34 13 0 0.0101 1.25e-06 7.58e-09 0.0191 0.548
10 74 5 2 1 34 13 0 0.00977 1.22e-06 7.6e-09 0.0192 0.55
10 75 5 2 1 34 13 0 0.00948 1.19e-06 7.62e-09 0.0193 0.551
10 76 5 2 1 34 13 0 0.00921 1.16e-06 7.64e-09 0.0193 0.553
10 77 5 2 1 34 13 0 0.00894 1.13e-06 7.66e-09 0.0194 0.554
10 78 5 2 1 34 13 0 0.00868 1.11e-06 7.67e-09 0.0195 0.555
10 79 5 2 1 34 13 0 0.00844 1.08e-06 7.69e-09 0.0196 0.557
10 80 5 2 1 34 13 0 0.00819 1.05e-06 7.71e-09 0.0196 0.558
10 81 5 2 1 34 13 0 0.00796 1.03e-06 7.72e-09 0.0197 0.559
10 82 5 2 1 34 13 0 0.00773 1e-06 7.74e-09 0.0198 0.56
10 83 5 2 1 34 13 0 0.00752 9.8e-07 7.75e-09 0.0198 0.562
10 84 5 2 1 34 13 0 0.0073 9.56e-07 7.77e-09 0.0199 0.563
10 85 5 2 1 34 13 0 0.0071 9.33e-07 7.78e-09 0.02 0.564
10 86 5 2 1 34 13 0 0.0069 9.11e-07 7.8e-09 0.02 0.565
10 87 5 2 1 34 13 0 0.00671 8.89e-07 7.81e-09 0.0201 0.566
10 88 5 2 1 34 13 0 0.00652 8.67e-07 7.83e-09 0.0201 0.567
10 89 5 2 1 34 13 0 0.00634 8.46e-07 7.84e-09 0.0202 0.568
10 90 5 2 1 34 13 0 0.00616 8.26e-07 7.85e-09 0.0203 0.569
10 91 5 2 1 34 13 0 0.00599 8.06e-07 7.86e-09 0.0203 0.57
10 92 5 2 1 34 13 0 0.00583 7.87e-07 7.88e-09 0.0204 0.571
10 93 5 2 1 34 13 0 0.00567 7.67e-07 7.89e-09 0.0204 0.572
10 94 5 2 1 34 13 0 0.00551 7.49e-07 7.9e-09 0.0205 0.573
10 95 5 2 1 34 13 0 0.00536 7.3e-07 7.91e-09 0.0205 0.574
10 96 5 2 1 34 13 0 0.00522 7.13e-07 7.92e-09 0.0206 0.575
10 97 5 2 1 34 13 0 0.00507 6.95e-07 7.93e-09 0.0206 0.576
10 98 5 2 1 34 13 0 0.00494 6.78e-07 7.94e-09 0.0207 0.577
10 99 5 2 1 34 13 0 0.0048 6.62e-07 7.95e-09 0.0207 0.577
10 100 5 2 1 34 13 0 0.00467 6.45e-07 7.96e-09 0.0208 0.578
10 101 5 2 1 34 13 0 0.00455 6.3e-07 7.97e-09 0.0208 0.579
10 102 5 2 1 34 13 0 0.00442 6.14e-07 7.98e-09 0.0208 0.58
10 103 5 2 1 34 13 0 0.00431 5.99e-07 7.99e-09 0.0209 0.581
10 104 5 2 1 34 13 0 0.00419 5.84e-07 8e-09 0.0209 0.581
10 105 5 2 1 34 13 0 0.00408 5.7e-07 8.01e-09 0.021 0.582
10 106 5 2 1 34 13 0 0.00397 5.56e-07 8.02e-09 0.021 0.583
10 107 5 2 1 34 13 0 0.00386 5.42e-07 8.03e-09 0.021 0.583
10 108 5 2 1 34 13 0 0.00376 5.29e-07 8.03e-09 0.0211 0.584
10 109 5 2 1 34 13 0 0.00366 5.16e-07 8.04e-09 0.0211 0.585
10 110 5 2 1 34 13 0 0.00356 5.03e-07 8.05e-09 0.0211 0.585
10 111 5 2 1 34 13 0 0.00347 4.91e-07 8.06e-09 0.0212 0.586
10 112 5 2 1 34 13 0 0.00338 4.79e-07 8.06e-09 0.0212 0.586
10 113 5 2 1 34 13 0 0.00329 4.67e-07 8.07e-09 0.0212 0.587
10 114 5 2 1 34 13 0 0.0032 4.56e-07 8.08e-09 0.0213 0.588
10 115 5 2 1 34 13 0 0.00312 4.44e-07 8.09e-09 0.0213 0.588
10 116 5 2 1 34 13 0 0.00304 4.33e-07 8.09e-09 0.0213 0.589
10 117 5 2 1 34 13 0 0.00296 4.23e-07 8.1e-09 0.0213 0.589
10 118 5 2 1 34 13 0 0.00288 4.12e-07 8.1e-09 0.0214 0.59
10 119 5 2 1 34 13 0 0.0028 4.02e-07 8.11e-09 0.0214 0.59
10 120 5 2 1 34 13 0 0.00273 3.92e-07 8.12e-09 0.0214 0.591
10 121 5 2 1 34 13 0 0.00266 3.82e-07 8.12e-09 0.0215 0.591
10 122 5 2 1 34 13 0 0.00259 3.73e-07 8.13e-09 0.0215 0.592
10 123 5 2 1 34 13 0 0.00252 3.64e-07 8.13e-09 0.0215 0.592
10 124 5 2 1 34 13 0 0.00246 3.55e-07 8.14e-09 0.0215 0.592
10 125 5 2 1 34 13 0 0.00239 3.46e-07 8.14e-09 0.0215 0.593
10 126 5 2 1 34 13 0 0.00233 3.37e-07 8.15e-09 0.0216 0.593
10 127 5 2 1 34 13 0 0.00227 3.29e-07 8.15e-09 0.0216 0.594
10 128 5 2 1 34 13 0 0.00221 3.21e-07 8.16e-09 0.0216 0.594
10 129 5 2 1 34 13 0 0.00215 3.13e-07 8.16e-09 0.0216 0.594
10 130 5 2 1 34 13 0 0.0021 3.05e-07 8.17e-09 0.0217 0.595
10 131 5 2 1 34 13 0 0.00204 2.98e-07 8.17e-09 0.0217 0.595
10 132 5 2 1 34 13 0 0.00199 2.9e-07 8.18e-09 0.0217 0.596
10 133 5 2 1 34 13 0 0.00194 2.83e-07 8.18e-09 0.0217 0.596
10 134 5 2 1 34 13 0 0.00189 2.76e-07 8.19e-09 0.0217 0.596
10 135 5 2 1 34 13 0 0.00184 2.69e-07 8.19e-09 0.0218 0.597
10 136 5 2 1 34 13 0 0.00179 2.62e-07 8.19e-09 0.0218 0.597
10 137 5 2 1 34 13 0 0.00175 2.56e-07 8.2e-09 0.0218 0.597
10 138 5 2 1 34 13 0 0.0017 2.5e-07 8.2e-09 0.0218 0.598
10 139 5 2 1 34 13 0 0.00166 2.43e-07 8.21e-09 0.0218 0.598
10 140 5 2 1 34 13 0 0.00162 2.37e-07 8.21e-09 0.0218 0.598
10 141 5 2 1 34 13 0 0.00157 2.31e-07 8.21e-09 0.0218 0.598
10 142 5 2 1 34 13 0 0.00153 2.26e-07 8.22e-09 0.0219 0.599
10 143 5 2 1 34 13 0 0.00149 2.2e-07 8.22e-09 0.0219 0.599
10 144 5 2 1 34 13 0 0.00146 2.15e-07 8.22e-09 0.0219 0.599
10 145 5 2 1 34 13 0 0.00142 2.09e-07 8.23e-09 0.0219 0.6
10 146 5 2 1 34 13 0 0.00138 2.04e-07 8.23e-09 0.0219 0.6
10 147 5 2 1 34 13 0 0.00135 1.99e-07 8.23e-09 0.0219 0.6
10 148 5 2 1 34 13 0 0.00131 1.94e-07 8.24e-09 0.0219 0.6
10 149 5 2 1 34 13 0 0.00128 1.89e-07 8.24e-09 0.022 0.6
10 150 5 2 1 34 13 0 0.00125 1.85e-07 8.24e-09 0.022 0.601
10 151 5 2 1 34 13 0 0.00121 1.8e-07 8.24e-09 0.022 0.601
10 152 5 2 1 34 13 0 0.00118 1.75e-07 8.25e-09 0.022 0.601
10 153 5 2 1 34 13 0 0.00115 1.71e-07 8.25e-09 0.022 0.601
10 154 5 2 1 34 13 0 0.00112 1.67e-07 8.25e-09 0.022 0.602
10 155 5 2 1 34 13 0 0.0011 1.63e-07 8.25e-09 0.022 0.602
10 156 5 2 1 34 13 0 0.00107 1.59e-07 8.26e-09 0.022 0.602
10 157 5 2 1 34 13 0 0.00104 1.55e-07 8.26e-09 0.022 0.602
10 158 5 2 1 34 13 0 0.00101 1.51e-07 8.26e-09 0.0221 0.602
10 159 5 2 1 34 13 0 0.000989 1.47e-07 8.26e-09 0.0221 0.603
stationary flow nc = 2 i = 159 du = 0.00098869
# Quadtree, 159 steps, 999.704 CPU, 1006 real, 3.9e+03 points.step/s, 33 var
10 0 5 2 1 34 13 0 0 1.47e-07 8.26e-09 0 0
10 1 5 2 1 5 13 0 1 0 0 0.000699 0
10 2 6 2 1 31 14 0 0.698 3e-06 8.96e-09 0.00123 0.136
10 3 6 2 1 29 14 0 0.525 3.75e-06 8.71e-09 0.00171 0.195
10 4 6 2 1 28 14 0 0.423 3.73e-06 8.74e-09 0.00215 0.227
10 5 6 2 1 29 14 0 0.347 7.01e-06 6.54e-09 0.00255 0.245
10 6 6 2 1 29 14 0 0.3 2.98e-06 6.47e-09 0.00294 0.261
10 7 6 2 1 29 14 0 0.26 2.75e-06 6.51e-09 0.0033 0.273
10 8 5 2 1 29 14 0 0.228 9.82e-06 6.54e-09 0.00365 0.283
10 9 5 2 1 29 14 0 0.201 8.96e-06 6.61e-09 0.00398 0.292
10 10 5 2 1 29 14 0 0.18 8.29e-06 6.69e-09 0.00429 0.3
10 11 5 2 1 29 14 0 0.161 7.75e-06 6.77e-09 0.00459 0.308
10 12 5 2 1 29 14 0 0.146 7.3e-06 6.87e-09 0.00488 0.315
10 13 5 2 1 29 14 0 0.132 6.91e-06 6.96e-09 0.00516 0.322
10 14 5 2 1 29 14 0 0.121 6.58e-06 7.05e-09 0.00542 0.328
10 15 5 2 1 29 14 0 0.111 6.3e-06 7.14e-09 0.00567 0.335
10 16 5 2 1 29 14 0 0.102 6.05e-06 7.22e-09 0.00591 0.341
10 17 5 2 1 29 14 0 0.094 5.82e-06 7.31e-09 0.00614 0.346
10 18 5 2 1 29 14 0 0.087 5.61e-06 7.38e-09 0.00637 0.352
10 19 5 2 1 29 14 0 0.0807 5.41e-06 7.46e-09 0.00658 0.357
10 20 5 2 1 29 14 0 0.0751 5.22e-06 7.53e-09 0.00679 0.362
10 21 5 2 1 29 14 0 0.07 5.04e-06 7.6e-09 0.00698 0.367
10 22 5 2 1 29 14 0 0.0654 4.87e-06 7.67e-09 0.00717 0.372
10 23 5 2 1 29 14 0 0.0613 4.7e-06 7.73e-09 0.00735 0.377
10 24 5 2 1 29 14 0 0.0574 4.54e-06 7.79e-09 0.00753 0.381
10 25 5 2 1 29 14 0 0.0539 4.39e-06 7.85e-09 0.00769 0.386
10 26 5 2 1 29 14 0 0.0507 4.24e-06 7.91e-09 0.00785 0.39
10 27 5 2 1 29 14 0 0.0478 4.09e-06 7.96e-09 0.00801 0.394
10 28 5 2 1 29 14 0 0.045 3.95e-06 8.01e-09 0.00815 0.398
10 29 5 2 1 29 14 0 0.0425 3.81e-06 8.05e-09 0.0083 0.402
10 30 5 2 1 29 14 0 0.0402 3.68e-06 8.1e-09 0.00843 0.405
10 31 5 2 1 29 14 0 0.038 3.55e-06 8.14e-09 0.00856 0.409
10 32 5 2 1 29 14 0 0.036 3.43e-06 8.18e-09 0.00869 0.412
10 33 5 2 1 29 14 0 0.0341 3.31e-06 8.22e-09 0.00881 0.416
10 34 5 2 1 29 14 0 0.0323 3.19e-06 8.26e-09 0.00893 0.419
10 35 5 2 1 29 14 0 0.0307 3.08e-06 8.29e-09 0.00904 0.422
10 36 5 2 1 29 14 0 0.0291 2.97e-06 8.33e-09 0.00915 0.425
10 37 5 2 1 29 14 0 0.0277 2.86e-06 8.36e-09 0.00925 0.428
10 38 5 2 1 29 14 0 0.0263 2.75e-06 8.39e-09 0.00935 0.43
10 39 5 2 1 29 14 0 0.025 2.65e-06 8.42e-09 0.00945 0.433
10 40 5 2 1 29 14 0 0.0238 2.56e-06 8.44e-09 0.00954 0.436
10 41 5 2 1 29 14 0 0.0227 2.46e-06 8.47e-09 0.00963 0.438
10 42 5 2 1 29 14 0 0.0216 2.37e-06 8.49e-09 0.00971 0.44
10 43 5 2 1 29 14 0 0.0206 2.28e-06 8.52e-09 0.00979 0.443
10 44 5 2 1 29 14 0 0.0196 2.2e-06 8.54e-09 0.00987 0.445
10 45 5 2 1 29 14 0 0.0187 2.11e-06 8.56e-09 0.00995 0.447
10 46 5 2 1 29 14 0 0.0179 2.03e-06 8.58e-09 0.01 0.449
10 47 5 2 1 29 14 0 0.0171 1.96e-06 8.6e-09 0.0101 0.451
10 48 5 2 1 29 14 0 0.0163 1.88e-06 8.62e-09 0.0102 0.453
10 49 5 2 1 29 14 0 0.0156 1.81e-06 8.64e-09 0.0102 0.455
10 50 5 2 1 29 14 0 0.0149 1.74e-06 8.66e-09 0.0103 0.456
10 51 5 2 1 29 14 0 0.0142 1.68e-06 8.67e-09 0.0103 0.458
10 52 5 2 1 29 14 0 0.0136 1.61e-06 8.69e-09 0.0104 0.46
10 53 5 2 1 29 14 0 0.013 1.55e-06 8.7e-09 0.0105 0.461
10 54 5 2 1 29 14 0 0.0124 1.49e-06 8.72e-09 0.0105 0.463
10 55 5 2 1 29 14 0 0.0119 1.43e-06 8.73e-09 0.0106 0.464
10 56 5 2 1 29 14 0 0.0114 1.38e-06 8.74e-09 0.0106 0.466
10 57 5 2 1 29 14 0 0.0109 1.32e-06 8.76e-09 0.0107 0.467
10 58 5 2 1 29 14 0 0.0104 1.27e-06 8.77e-09 0.0107 0.468
10 59 5 2 1 29 14 0 0.00999 1.22e-06 8.78e-09 0.0107 0.47
10 60 5 2 1 29 14 0 0.00957 1.17e-06 8.79e-09 0.0108 0.471
10 61 5 2 1 29 14 0 0.00917 1.13e-06 8.8e-09 0.0108 0.472
10 62 5 2 1 29 14 0 0.00878 1.08e-06 8.81e-09 0.0109 0.473
10 63 5 2 1 29 14 0 0.00842 1.04e-06 8.82e-09 0.0109 0.474
10 64 5 2 1 29 14 0 0.00807 9.98e-07 8.83e-09 0.0109 0.475
10 65 5 2 1 29 14 0 0.00773 9.59e-07 8.84e-09 0.011 0.476
10 66 5 2 1 29 14 0 0.00741 9.21e-07 8.85e-09 0.011 0.477
10 67 5 2 1 29 14 0 0.00711 8.85e-07 8.86e-09 0.011 0.478
10 68 5 2 1 29 14 0 0.00681 8.49e-07 8.86e-09 0.0111 0.479
10 69 5 2 1 29 14 0 0.00653 8.16e-07 8.87e-09 0.0111 0.48
10 70 5 2 1 29 14 0 0.00627 7.83e-07 8.88e-09 0.0111 0.481
10 71 5 2 1 29 14 0 0.00601 7.52e-07 8.89e-09 0.0111 0.481
10 72 5 2 1 29 14 0 0.00577 7.22e-07 8.89e-09 0.0112 0.482
10 73 5 2 1 29 14 0 0.00553 6.93e-07 8.9e-09 0.0112 0.483
10 74 5 2 1 29 14 0 0.00531 6.66e-07 8.91e-09 0.0112 0.484
10 75 5 2 1 29 14 0 0.00509 6.42e-07 8.91e-09 0.0112 0.484
10 76 5 2 1 29 14 0 0.00489 6.19e-07 8.92e-09 0.0113 0.485
10 77 5 2 1 29 14 0 0.00469 5.96e-07 8.92e-09 0.0113 0.486
10 78 5 2 1 29 14 0 0.0045 5.75e-07 8.93e-09 0.0113 0.486
10 79 5 2 1 29 14 0 0.00432 5.54e-07 8.93e-09 0.0113 0.487
10 80 5 2 1 29 14 0 0.00415 5.33e-07 8.94e-09 0.0114 0.487
10 81 5 2 1 29 14 0 0.0489 5.14e-07 8.94e-09 0.0114 0.488
10 82 5 2 1 29 14 0 0.0227 7.55e-06 8.94e-09 0.0114 0.499
10 83 5 2 1 29 14 0 0.0217 5.05e-06 9.2e-09 0.0114 0.49
10 84 5 2 1 29 14 0 0.0124 1.29e-06 8.85e-09 0.0114 0.49
10 85 5 2 1 29 14 0 0.00812 8.4e-07 8.91e-09 0.0114 0.49
10 86 5 2 1 29 14 0 0.00598 5.31e-07 8.92e-09 0.0114 0.491
10 87 5 2 1 29 14 0 0.0048 3.98e-07 8.93e-09 0.0114 0.491
10 88 5 2 1 29 14 0 0.0041 3.67e-07 8.94e-09 0.0115 0.491
10 89 5 2 1 29 14 0 0.00364 3.54e-07 8.95e-09 0.0115 0.491
10 90 5 2 1 29 14 0 0.00332 3.41e-07 8.95e-09 0.0115 0.492
10 91 5 2 1 29 14 0 0.0078 3.29e-07 8.96e-09 0.0115 0.492
10 92 5 2 1 29 14 0 0.0218 7.68e-06 8.95e-09 0.0115 0.503
10 93 5 2 1 29 14 0 0.0208 5.11e-06 9.22e-09 0.0115 0.494
10 94 5 2 1 29 14 0 0.0115 1.3e-06 8.87e-09 0.0115 0.494
10 95 5 2 1 29 14 0 0.0072 8.35e-07 8.93e-09 0.0115 0.494
10 96 5 2 1 29 14 0 0.00508 5.2e-07 8.94e-09 0.0115 0.494
10 97 5 2 1 29 14 0 0.00393 3.24e-07 8.95e-09 0.0115 0.494
10 98 5 2 1 29 14 0 0.00325 2.44e-07 8.96e-09 0.0116 0.494
10 99 5 2 1 29 14 0 0.00282 2.36e-07 8.97e-09 0.0116 0.494
10 100 5 2 1 29 14 0 0.00253 2.28e-07 8.97e-09 0.0116 0.494
10 101 5 2 1 29 14 0 0.00542 2.21e-07 8.98e-09 0.0116 0.495
10 102 5 2 1 29 14 0 0.0211 7.76e-06 8.97e-09 0.0116 0.506
10 103 5 2 1 29 14 0 0.0201 5.15e-06 9.24e-09 0.0116 0.497
10 104 5 2 1 29 14 0 0.0108 1.29e-06 8.88e-09 0.0116 0.497
10 105 5 2 1 29 14 0 0.00656 8.28e-07 8.94e-09 0.0116 0.496
10 106 5 2 1 29 14 0 0.00446 5.1e-07 8.96e-09 0.0116 0.496
10 107 5 2 1 29 14 0 0.00333 3.13e-07 8.96e-09 0.0116 0.496
10 108 5 2 1 29 14 0 0.00267 1.94e-07 8.97e-09 0.0116 0.496
10 109 5 2 1 29 14 0 0.00226 1.57e-07 8.98e-09 0.0116 0.496
10 110 5 2 1 29 14 0 0.00199 1.52e-07 8.98e-09 0.0116 0.496
10 111 5 2 1 29 14 0 0.00383 1.47e-07 8.99e-09 0.0116 0.497
10 112 5 2 1 29 14 0 0.0207 7.82e-06 8.98e-09 0.0116 0.508
10 113 5 2 1 29 14 0 0.0197 5.18e-06 9.25e-09 0.0116 0.499
10 114 5 2 1 29 14 0 0.0104 1.29e-06 8.89e-09 0.0116 0.498
10 115 5 2 1 29 14 0 0.00613 8.24e-07 8.95e-09 0.0117 0.498
10 116 5 2 1 29 14 0 0.00404 5.04e-07 8.97e-09 0.0117 0.498
10 117 5 2 1 29 14 0 0.00293 3.07e-07 8.97e-09 0.0117 0.498
10 118 5 2 1 29 14 0 0.00228 1.88e-07 8.98e-09 0.0117 0.498
10 119 5 2 1 29 14 0 0.00189 1.16e-07 8.99e-09 0.0117 0.498
10 120 5 2 1 29 14 0 0.00163 9.97e-08 8.99e-09 0.0117 0.498
10 121 5 2 1 29 14 0 0.00276 9.71e-08 9e-09 0.0117 0.498
10 122 5 2 1 29 14 0 0.0204 7.86e-06 8.99e-09 0.0117 0.509
10 123 5 2 1 29 14 0 0.0194 5.2e-06 9.26e-09 0.0117 0.5
10 124 5 2 1 29 14 0 0.0101 1.29e-06 8.9e-09 0.0117 0.499
10 125 5 2 1 29 14 0 0.00584 8.22e-07 8.96e-09 0.0117 0.499
10 126 5 2 1 29 14 0 0.00376 5.01e-07 8.97e-09 0.0117 0.499
10 127 5 2 1 29 14 0 0.00266 3.03e-07 8.98e-09 0.0117 0.499
10 128 5 2 1 29 14 0 0.00202 1.84e-07 8.99e-09 0.0117 0.499
10 129 5 2 1 29 14 0 0.00164 1.12e-07 8.99e-09 0.0117 0.499
10 130 5 2 1 29 14 0 0.00139 7.64e-08 9e-09 0.0117 0.499
10 131 5 2 1 29 14 0 0.00204 6.31e-08 9e-09 0.0117 0.499
10 132 5 2 1 29 14 0 0.0246 7.88e-06 9e-09 0.0117 0.51
10 133 5 2 1 29 14 0 0.00422 2.66e-06 9.3e-09 0.0117 0.504
10 134 5 2 1 29 14 0 0.00187 9.09e-07 9.05e-09 0.0117 0.503
10 135 5 2 1 29 14 0 0.00113 3.93e-07 9.05e-09 0.0117 0.502
10 136 5 2 1 29 14 0 0.000837 2.66e-07 9.05e-09 0.0117 0.502
stationary flow nc = 3 i = 136 du = 0.000837246
# Quadtree, 136 steps, 836.29 CPU, 842.7 real, 4.82e+03 points.step/s, 33 var
10 0 5 2 1 29 14 0 0 2.66e-07 9.05e-09 0 0
10 1 5 2 1 5 14 0 1 0 0 0.000599 0
10 2 6 2 1 32 15 0 0.749 2.85e-06 7.72e-09 0.00102 0.131
10 3 6 2 1 28 15 0 0.579 2.38e-06 6.78e-09 0.00137 0.187
10 4 6 2 1 27 15 0 0.462 2.02e-06 9.73e-09 0.00169 0.215
10 5 5 2 1 28 15 0 0.365 9.12e-06 6.5e-09 0.00198 0.234
10 6 5 2 1 28 15 0 0.317 8.96e-06 6.76e-09 0.00225 0.249
10 7 5 2 1 28 15 0 0.268 7.58e-06 6.8e-09 0.00249 0.261
10 8 5 2 1 28 15 0 0.229 6.71e-06 6.84e-09 0.00272 0.271
10 9 5 2 1 28 15 0 0.198 6.22e-06 6.92e-09 0.00294 0.28
10 10 5 2 1 28 15 0 0.173 5.82e-06 6.99e-09 0.00314 0.289
10 11 5 2 1 28 15 0 0.153 5.48e-06 7.06e-09 0.00333 0.297
10 12 5 2 1 28 15 0 0.136 5.18e-06 7.12e-09 0.0035 0.305
10 13 5 2 1 28 15 0 0.121 4.92e-06 7.18e-09 0.00367 0.312
10 14 5 2 1 28 15 0 0.109 4.69e-06 7.24e-09 0.00382 0.318
10 15 5 2 1 28 15 0 0.0982 4.47e-06 7.29e-09 0.00397 0.325
10 16 5 2 1 28 15 0 0.0889 4.27e-06 7.33e-09 0.0041 0.331
10 17 5 2 1 28 15 0 0.0808 4.08e-06 7.37e-09 0.00423 0.337
10 18 5 2 1 28 15 0 0.0737 3.9e-06 7.41e-09 0.00435 0.342
10 19 5 2 1 28 15 0 0.0673 3.72e-06 7.44e-09 0.00446 0.347
10 20 5 2 1 28 15 0 0.0617 3.56e-06 7.47e-09 0.00456 0.352
10 21 5 2 1 28 15 0 0.0566 3.4e-06 7.5e-09 0.00466 0.357
10 22 5 2 1 28 15 0 0.0521 3.25e-06 7.52e-09 0.00475 0.361
10 23 5 2 1 28 15 0 0.048 3.12e-06 7.54e-09 0.00484 0.365
10 24 5 2 1 28 15 0 0.0443 3e-06 7.56e-09 0.00492 0.369
10 25 5 2 1 28 15 0 0.041 2.89e-06 7.57e-09 0.005 0.373
10 26 5 2 1 28 15 0 0.0379 2.79e-06 7.59e-09 0.00507 0.376
10 27 5 2 1 28 15 0 0.0351 2.69e-06 7.6e-09 0.00514 0.38
10 28 5 2 1 28 15 0 0.0326 2.59e-06 7.61e-09 0.0052 0.383
10 29 5 2 1 28 15 0 0.0303 2.49e-06 7.61e-09 0.00526 0.386
10 30 5 2 1 28 15 0 0.0281 2.39e-06 7.62e-09 0.00532 0.389
10 31 5 2 1 28 15 0 0.188 2.29e-06 7.63e-09 0.00535 0.391
10 32 5 2 1 28 15 0 0.0699 3.61e-06 7.38e-09 0.0054 0.406
10 33 5 2 1 28 15 0 0.0292 3.06e-06 8.1e-09 0.00544 0.402
10 34 5 2 1 28 15 0 0.023 2.49e-06 7.53e-09 0.00548 0.402
10 35 5 2 1 28 15 0 0.0203 2.21e-06 7.47e-09 0.00552 0.404
10 36 5 2 1 28 15 0 0.0188 2.04e-06 7.46e-09 0.00556 0.405
10 37 5 2 1 28 15 0 0.0174 1.91e-06 7.46e-09 0.0056 0.407
10 38 5 2 1 28 15 0 0.0162 1.81e-06 7.45e-09 0.00563 0.409
10 39 5 2 1 28 15 0 0.0151 1.72e-06 7.45e-09 0.00566 0.41
10 40 5 2 1 28 15 0 0.0141 1.64e-06 7.45e-09 0.00569 0.412
10 41 5 2 1 28 15 0 0.0991 1.56e-06 7.44e-09 0.0057 0.413
10 42 6 2 1 28 15 0 0.0534 2.46e-06 7.47e-09 0.00572 0.419
10 43 5 2 1 28 15 0 0.0363 9.28e-06 7.63e-09 0.00575 0.41
10 44 5 2 1 28 15 0 0.0298 1.97e-06 7.06e-09 0.00578 0.413
10 45 5 2 1 28 15 0 0.0193 1.11e-06 7.4e-09 0.0058 0.414
10 46 5 2 1 28 15 0 0.0143 9.59e-07 7.49e-09 0.00582 0.415
10 47 5 2 1 28 15 0 0.0118 9.37e-07 7.53e-09 0.00585 0.416
10 48 5 2 1 28 15 0 0.0103 9.15e-07 7.55e-09 0.00587 0.417
10 49 5 2 1 28 15 0 0.0094 8.82e-07 7.56e-09 0.00589 0.418
10 50 5 2 1 28 15 0 0.0087 8.45e-07 7.57e-09 0.0059 0.419
10 51 5 2 1 28 15 0 0.0123 8.07e-07 7.58e-09 0.0059 0.419
10 52 5 2 1 28 15 0 0.0549 3.29e-06 7.33e-09 0.00592 0.434
10 53 5 2 1 28 15 0 0.0146 2e-06 8.14e-09 0.00593 0.428
10 54 5 2 1 28 15 0 0.00886 1.32e-06 7.5e-09 0.00594 0.427
10 55 5 2 1 28 15 0 0.00678 9.77e-07 7.43e-09 0.00595 0.426
10 56 5 2 1 28 15 0 0.00587 8.47e-07 7.41e-09 0.00597 0.427
10 57 5 2 1 28 15 0 0.00532 7.69e-07 7.41e-09 0.00598 0.427
10 58 5 2 1 28 15 0 0.0049 7.14e-07 7.4e-09 0.00599 0.427
10 59 5 2 1 28 15 0 0.00454 6.7e-07 7.4e-09 0.006 0.428
10 60 5 2 1 28 15 0 0.00422 6.32e-07 7.4e-09 0.00601 0.428
10 61 5 2 1 28 15 0 0.0342 5.98e-07 7.39e-09 0.006 0.429
10 62 6 2 1 28 15 0 0.0455 2.59e-06 7.41e-09 0.006 0.434
10 63 6 2 1 28 15 0 0.029 1.88e-06 7.57e-09 0.00601 0.423
10 64 5 3 1 28 15 0 0.023 1.66e-06 6.97e-09 0.00602 0.425
10 65 5 3 1 28 15 0 0.0128 6.73e-07 7.34e-09 0.00603 0.426
10 66 5 3 1 28 15 0 0.0082 3.5e-07 7.44e-09 0.00604 0.426
10 67 5 3 1 28 15 0 0.00599 2.27e-07 7.48e-09 0.00605 0.427
10 68 5 3 1 28 15 0 0.00483 1.58e-07 7.51e-09 0.00606 0.427
10 69 5 3 1 28 15 0 0.00417 1.13e-07 7.52e-09 0.00607 0.427
10 70 5 3 1 28 15 0 0.0038 1.01e-07 7.53e-09 0.00607 0.428
10 71 5 3 1 28 15 0 0.00349 9.9e-08 7.54e-09 0.00606 0.428
10 72 5 3 1 28 15 0 0.0511 2.54e-06 7.29e-09 0.00607 0.443
10 73 5 4 1 28 15 0 0.0109 1.27e-06 8.13e-09 0.00607 0.436
10 74 5 5 1 28 15 0 0.00533 5.12e-07 7.47e-09 0.00607 0.434
10 75 5 5 1 28 15 0 0.00329 2.69e-07 7.4e-09 0.00608 0.433
10 76 5 5 1 28 15 0 0.00256 1.64e-07 7.38e-09 0.00608 0.433
10 77 5 5 1 28 15 0 0.00217 1.1e-07 7.38e-09 0.00609 0.433
10 78 5 5 1 28 15 0 0.00192 7.89e-08 7.38e-09 0.00609 0.433
10 79 5 5 1 28 15 0 0.00173 6.04e-08 7.38e-09 0.00609 0.433
10 80 5 5 1 28 15 0 0.00158 4.85e-08 7.37e-09 0.0061 0.433
10 81 5 5 1 28 15 0 0.0197 4.03e-08 7.37e-09 0.00608 0.434
10 82 5 5 1 28 15 0 0.0434 3.47e-06 7.38e-09 0.00608 0.436
10 83 5 5 1 28 15 0 0.027 3.38e-06 7.55e-09 0.00609 0.426
10 84 5 5 1 28 15 0 0.0211 6.52e-07 6.94e-09 0.00609 0.428
10 85 5 5 1 28 15 0 0.011 3.49e-07 7.32e-09 0.0061 0.429
10 86 5 5 1 28 15 0 0.00651 1.97e-07 7.41e-09 0.0061 0.429
10 87 5 5 1 28 15 0 0.0044 1.17e-07 7.46e-09 0.00611 0.429
10 88 5 5 1 28 15 0 0.00333 7.51e-08 7.49e-09 0.00611 0.429
10 89 5 5 1 28 15 0 0.00273 5.89e-08 7.5e-09 0.00612 0.429
10 90 5 5 1 28 15 0 0.00244 4.81e-08 7.51e-09 0.00612 0.429
10 91 5 5 1 28 15 0 0.00577 4.01e-08 7.52e-09 0.00611 0.43
10 92 5 5 1 28 15 0 0.05 1.68e-06 7.28e-09 0.00611 0.445
10 93 5 5 1 28 15 0 0.00984 1.1e-06 8.13e-09 0.00611 0.438
10 94 5 6 1 28 15 0 0.00435 4.37e-07 7.46e-09 0.00611 0.436
10 95 5 6 1 28 15 0 0.00236 2.27e-07 7.39e-09 0.00611 0.435
10 96 5 6 1 28 15 0 0.00163 1.33e-07 7.37e-09 0.00612 0.434
10 97 5 6 1 28 15 0 0.0013 8.55e-08 7.37e-09 0.00612 0.434
10 98 5 6 1 28 15 0 0.0011 5.78e-08 7.37e-09 0.00612 0.434
10 99 5 6 1 28 15 0 0.000957 4.19e-08 7.37e-09 0.00612 0.434
stationary flow nc = 4 i = 99 du = 0.000957027
# Quadtree, 99 steps, 832.81 CPU, 841.5 real, 4.04e+03 points.step/s, 33 var
10 0 5 6 1 28 15 0 0 4.19e-08 7.37e-09 0 0
10 1 5 6 1 5 15 0 1 0 0 0.000498 0
10 2 5 5 1 24 16 0 0.787 1.64e-06 5.74e-09 0.000808 0.124
10 3 5 4 1 23 16 0 0.603 1.39e-06 5.63e-09 0.00106 0.179
10 4 5 4 1 22 16 0 0.461 2.88e-06 9.37e-09 0.00128 0.209
10 5 5 4 1 22 16 0 0.376 2.05e-06 9.31e-09 0.00146 0.229
10 6 5 4 1 22 16 0 0.3 1.48e-06 9.14e-09 0.00163 0.246
10 7 5 4 1 22 16 0 0.245 1.25e-06 9.09e-09 0.00178 0.26
10 8 5 3 1 22 16 0 0.203 1.36e-06 9.06e-09 0.00191 0.271
10 9 5 3 1 22 16 0 0.17 2.31e-06 9.04e-09 0.00202 0.282
10 10 5 3 1 22 16 0 0.144 2.19e-06 9.03e-09 0.00213 0.291
10 11 5 3 1 22 16 0 0.123 2.08e-06 9.01e-09 0.00222 0.3
10 12 5 3 1 22 16 0 0.106 1.97e-06 8.99e-09 0.0023 0.307
10 13 5 3 1 22 16 0 0.0918 1.87e-06 8.97e-09 0.00238 0.314
10 14 5 3 1 22 16 0 0.0798 1.77e-06 8.95e-09 0.00245 0.321
10 15 5 3 1 22 16 0 0.0697 1.67e-06 8.92e-09 0.00251 0.327
10 16 5 3 1 22 16 0 0.0611 1.58e-06 8.89e-09 0.00256 0.332
10 17 5 3 1 22 16 0 0.0537 1.49e-06 8.86e-09 0.00261 0.337
10 18 5 3 1 22 16 0 0.0474 1.41e-06 8.82e-09 0.00265 0.341
10 19 5 3 1 22 16 0 0.0418 1.33e-06 8.78e-09 0.00269 0.345
10 20 5 3 1 22 16 0 0.0371 1.25e-06 8.75e-09 0.00273 0.348
10 21 5 3 1 22 16 0 0.0329 1.17e-06 8.71e-09 0.00276 0.352
10 22 5 3 1 22 16 0 0.0292 1.1e-06 8.67e-09 0.00279 0.355
10 23 5 3 1 22 16 0 0.026 1.04e-06 8.63e-09 0.00281 0.357
10 24 5 3 1 22 16 0 0.0232 9.71e-07 8.59e-09 0.00283 0.36
10 25 5 3 1 22 16 0 0.0207 9.1e-07 8.55e-09 0.00285 0.362
10 26 5 3 1 22 16 0 0.0185 8.52e-07 8.52e-09 0.00287 0.364
10 27 5 3 1 22 16 0 0.0165 7.97e-07 8.48e-09 0.00289 0.366
10 28 5 3 1 22 16 0 0.0148 7.45e-07 8.45e-09 0.00291 0.367
10 29 5 3 1 22 16 0 0.0133 6.96e-07 8.41e-09 0.00292 0.369
10 30 5 3 1 22 16 0 0.0119 6.5e-07 8.38e-09 0.00293 0.37
10 31 5 3 1 22 16 0 0.0107 6.07e-07 8.35e-09 0.00294 0.371
10 32 5 3 1 22 16 0 0.00958 5.66e-07 8.32e-09 0.00295 0.372
10 33 5 3 1 22 16 0 0.0086 5.28e-07 8.29e-09 0.00296 0.373
10 34 5 3 1 22 16 0 0.00773 4.92e-07 8.26e-09 0.00297 0.374
10 35 5 3 1 22 16 0 0.00695 4.58e-07 8.23e-09 0.00298 0.375
10 36 5 3 1 22 16 0 0.00625 4.26e-07 8.21e-09 0.00298 0.376
10 37 5 3 1 22 16 0 0.00563 3.97e-07 8.18e-09 0.00299 0.377
10 38 5 3 1 22 16 0 0.00506 3.69e-07 8.16e-09 0.003 0.377
10 39 5 3 1 22 16 0 0.00456 3.44e-07 8.14e-09 0.003 0.378
10 40 5 3 1 22 16 0 0.00411 3.21e-07 8.12e-09 0.003 0.378
10 41 5 3 1 22 16 0 0.0037 3e-07 8.1e-09 0.00301 0.379
10 42 5 3 1 22 16 0 0.00334 2.8e-07 8.08e-09 0.00301 0.379
10 43 5 3 1 22 16 0 0.00301 2.62e-07 8.07e-09 0.00302 0.38
10 44 5 3 1 22 16 0 0.00272 2.45e-07 8.05e-09 0.00302 0.38
10 45 5 3 1 22 16 0 0.00245 2.29e-07 8.04e-09 0.00302 0.38
10 46 5 3 1 22 16 0 0.00221 2.14e-07 8.02e-09 0.00302 0.381
10 47 5 3 1 22 16 0 0.002 1.99e-07 8.01e-09 0.00303 0.381
10 48 5 3 1 22 16 0 0.0018 1.86e-07 8e-09 0.00303 0.381
10 49 5 3 1 22 16 0 0.00163 1.74e-07 7.99e-09 0.00303 0.381
10 50 5 3 1 22 16 0 0.00147 1.62e-07 7.97e-09 0.00303 0.382
10 51 5 3 1 22 16 0 0.00133 1.52e-07 7.96e-09 0.00303 0.382
10 52 5 3 1 22 16 0 0.0012 1.42e-07 7.96e-09 0.00303 0.382
10 53 5 3 1 22 16 0 0.00109 1.32e-07 7.95e-09 0.00304 0.382
10 54 5 3 1 22 16 0 0.000983 1.23e-07 7.94e-09 0.00304 0.382
stationary flow nc = 5 i = 54 du = 0.000982582
# Quadtree, 54 steps, 405.353 CPU, 408.8 real, 5.16e+03 points.step/s, 33 var
10 0 5 3 1 22 16 0 0 1.23e-07 7.94e-09 0 0
10 1 5 3 1 5 16 0 1 0 0 0.000398 0
10 2 5 3 1 25 17 0 0.746 4.07e-06 8.49e-09 0.000613 0.118
10 3 5 3 1 22 17 0 0.524 3.94e-06 6.49e-09 0.000774 0.178
10 4 5 3 1 21 17 0 0.365 7.29e-06 7.56e-09 0.000901 0.214
10 5 5 3 1 21 17 0 0.297 7.63e-06 8.43e-09 0.001 0.237
10 6 5 3 1 21 17 0 0.214 3.82e-06 7.82e-09 0.00109 0.256
10 7 5 3 1 21 17 0 0.162 3.86e-06 7.48e-09 0.00115 0.271
10 8 5 3 1 21 17 0 0.126 3.5e-06 7.19e-09 0.00121 0.283
10 9 5 3 1 21 17 0 0.0992 3.03e-06 6.94e-09 0.00125 0.292
10 10 5 3 1 21 17 0 0.0791 2.75e-06 6.73e-09 0.00129 0.301
10 11 5 3 1 21 17 0 0.0636 2.46e-06 6.54e-09 0.00132 0.307
10 12 5 3 1 21 17 0 0.0516 2.17e-06 6.38e-09 0.00135 0.313
10 13 5 3 1 21 17 0 0.0421 1.91e-06 6.23e-09 0.00137 0.318
10 14 5 3 1 21 17 0 0.0345 1.66e-06 6.1e-09 0.00139 0.322
10 15 5 3 1 21 17 0 0.0284 1.43e-06 5.98e-09 0.0014 0.326
10 16 5 3 1 21 17 0 0.0235 1.29e-06 5.87e-09 0.00142 0.329
10 17 5 3 1 21 17 0 0.0196 1.21e-06 5.77e-09 0.00143 0.331
10 18 5 3 1 21 17 0 0.0167 1.13e-06 5.68e-09 0.00144 0.334
10 19 5 3 1 21 17 0 0.0143 1.05e-06 5.59e-09 0.00144 0.335
10 20 5 3 1 21 17 0 0.0122 9.68e-07 5.52e-09 0.00145 0.337
10 21 5 3 1 21 17 0 0.0105 8.95e-07 5.45e-09 0.00146 0.338
10 22 5 3 1 21 17 0 0.00894 8.35e-07 5.38e-09 0.00146 0.339
10 23 5 3 1 21 17 0 0.00766 7.76e-07 5.32e-09 0.00146 0.34
10 24 5 3 1 21 17 0 0.00656 7.19e-07 5.26e-09 0.00147 0.341
10 25 5 3 1 21 17 0 0.00563 6.64e-07 5.21e-09 0.00147 0.342
10 26 5 3 1 21 17 0 0.00483 6.11e-07 5.17e-09 0.00147 0.343
10 27 5 3 1 20 17 0 0.00415 5.66e-07 9.92e-09 0.00148 0.343
10 28 5 3 1 20 17 0 0.00357 5.24e-07 9.84e-09 0.00148 0.344
10 29 5 3 1 20 17 0 0.00308 4.84e-07 9.77e-09 0.00148 0.344
10 30 5 3 1 20 17 0 0.00265 4.46e-07 9.71e-09 0.00148 0.344
10 31 5 3 1 20 17 0 0.00229 4.1e-07 9.65e-09 0.00148 0.345
10 32 5 3 1 20 17 0 0.00198 3.77e-07 9.6e-09 0.00148 0.345
10 33 5 3 1 20 17 0 0.00172 3.45e-07 9.55e-09 0.00148 0.345
10 34 5 3 1 20 17 0 0.00149 3.16e-07 9.5e-09 0.00148 0.345
10 35 5 3 1 20 17 0 0.0013 2.89e-07 9.46e-09 0.00148 0.346
10 36 5 3 1 20 17 0 0.00113 2.64e-07 9.42e-09 0.00149 0.346
10 37 5 3 1 20 17 0 0.000985 2.41e-07 9.39e-09 0.00149 0.346
stationary flow nc = 6 i = 37 du = 0.000984819
# Quadtree, 37 steps, 310.143 CPU, 313.1 real, 5.05e+03 points.step/s, 33 var
10 0 5 3 1 20 17 0 0 2.41e-07 9.39e-09 0 0
10 1 5 3 1 5 17 0 1 0 0 0.000298 0
10 2 5 3 1 24 18 0 0.63 3.69e-06 8.71e-09 0.000433 0.11
10 3 5 3 1 23 18 0 0.394 3.94e-06 5.8e-09 0.000521 0.172
10 4 5 3 1 22 18 0 0.264 3.63e-06 7.93e-09 0.000582 0.21
10 5 5 3 1 22 18 0 0.201 3.84e-06 6.5e-09 0.000625 0.235
10 6 5 3 1 22 18 0 0.128 2.69e-06 5.64e-09 0.000655 0.253
10 7 5 3 1 21 18 0 0.09 2.41e-06 9.55e-09 0.000677 0.266
10 8 5 3 1 21 18 0 0.0648 2.12e-06 8.85e-09 0.000693 0.275
10 9 5 3 1 21 18 0 0.0498 1.87e-06 8.35e-09 0.000706 0.282
10 10 5 3 1 21 18 0 0.0399 1.65e-06 7.99e-09 0.000715 0.287
10 11 5 3 1 21 18 0 0.032 1.45e-06 7.7e-09 0.000722 0.291
10 12 5 3 1 21 18 0 0.0258 1.29e-06 7.48e-09 0.000727 0.294
10 13 5 3 1 21 18 0 0.0208 1.15e-06 7.3e-09 0.000732 0.297
10 14 5 3 1 21 18 0 0.0169 1.03e-06 7.15e-09 0.000735 0.299
10 15 5 3 1 21 18 0 0.0137 9.4e-07 7.03e-09 0.000738 0.3
10 16 5 3 1 21 18 0 0.0111 8.56e-07 6.91e-09 0.00074 0.301
10 17 5 3 1 21 18 0 0.00905 7.81e-07 6.82e-09 0.000742 0.302
10 18 5 3 1 21 18 0 0.0074 7.15e-07 6.73e-09 0.000743 0.303
10 19 5 3 1 21 18 0 0.00607 6.55e-07 6.65e-09 0.000744 0.304
10 20 5 3 1 21 18 0 0.005 6.02e-07 6.58e-09 0.000745 0.304
10 21 5 3 1 21 18 0 0.00413 5.53e-07 6.52e-09 0.000746 0.305
10 22 5 3 1 21 18 0 0.00343 5.09e-07 6.46e-09 0.000747 0.305
10 23 5 3 1 21 18 0 0.00287 4.69e-07 6.41e-09 0.000747 0.306
10 24 5 3 1 21 18 0 0.0024 4.32e-07 6.36e-09 0.000748 0.306
10 25 5 3 1 21 18 0 0.00202 3.99e-07 6.31e-09 0.000748 0.306
10 26 5 3 1 21 18 0 0.00172 3.69e-07 6.27e-09 0.000749 0.306
10 27 5 3 1 21 18 0 0.00146 3.41e-07 6.24e-09 0.000749 0.306
10 28 5 3 1 21 18 0 0.00125 3.15e-07 6.2e-09 0.000749 0.306
10 29 5 3 1 21 18 0 0.00108 2.92e-07 6.17e-09 0.000749 0.307
10 30 5 3 1 21 18 0 0.000933 2.7e-07 6.14e-09 0.00075 0.307
stationary flow nc = 7 i = 30 du = 0.00093336
# Quadtree, 30 steps, 289.576 CPU, 292.2 real, 4.76e+03 points.step/s, 33 var
10 0 5 3 1 21 18 0 0 2.7e-07 6.14e-09 0 0
10 1 5 3 1 5 18 0 1 0 0 0.000248 0
10 2 5 3 1 22 19 0 0.586 3.56e-06 6.89e-09 0.000351 0.104
10 3 5 3 1 20 19 0 0.351 3.64e-06 8.06e-09 0.000416 0.163
10 4 5 3 1 20 19 0 0.225 3.82e-06 6.24e-09 0.000458 0.198
10 5 5 3 1 20 19 0 0.164 3.41e-06 5.37e-09 0.000486 0.221
10 6 5 3 1 19 19 0 0.103 2.44e-06 9.46e-09 0.000505 0.237
10 7 5 3 1 19 19 0 0.0719 2.25e-06 8.87e-09 0.000519 0.247
10 8 5 3 1 19 19 0 0.0553 2.03e-06 8.46e-09 0.000529 0.254
10 9 5 3 1 19 19 0 0.0429 1.82e-06 8.17e-09 0.000536 0.26
10 10 5 3 1 19 19 0 0.0335 1.63e-06 7.95e-09 0.000541 0.264
10 11 5 3 1 19 19 0 0.0263 1.46e-06 7.78e-09 0.000545 0.267
10 12 5 3 1 19 19 0 0.0207 1.31e-06 7.63e-09 0.000548 0.269
10 13 5 3 1 19 19 0 0.0163 1.18e-06 7.51e-09 0.00055 0.271
10 14 5 3 1 19 19 0 0.0129 1.07e-06 7.41e-09 0.000552 0.272
10 15 5 3 1 19 19 0 0.0103 9.69e-07 7.31e-09 0.000554 0.274
10 16 5 3 1 19 19 0 0.00823 8.82e-07 7.23e-09 0.000555 0.274
10 17 5 3 1 19 19 0 0.00662 8.04e-07 7.15e-09 0.000556 0.275
10 18 5 3 1 19 19 0 0.00535 7.34e-07 7.08e-09 0.000556 0.276
10 19 5 3 1 19 19 0 0.00435 6.72e-07 7.02e-09 0.000557 0.276
10 20 5 3 1 19 19 0 0.00356 6.16e-07 6.96e-09 0.000558 0.277
10 21 5 3 1 19 19 0 0.00294 5.66e-07 6.9e-09 0.000558 0.277
10 22 5 3 1 19 19 0 0.00244 5.2e-07 6.85e-09 0.000558 0.277
10 23 5 3 1 19 19 0 0.00204 4.79e-07 6.81e-09 0.000559 0.278
10 24 5 3 1 19 19 0 0.00172 4.41e-07 6.76e-09 0.000559 0.278
10 25 5 3 1 19 19 0 0.00146 4.07e-07 6.72e-09 0.000559 0.278
10 26 5 3 1 19 19 0 0.00125 3.75e-07 6.69e-09 0.00056 0.278
10 27 5 3 1 19 19 0 0.00107 3.47e-07 6.65e-09 0.00056 0.278
10 28 5 3 1 19 19 0 0.000929 3.2e-07 6.62e-09 0.00056 0.279
stationary flow nc = 8 i = 28 du = 0.000928936
# Quadtree, 28 steps, 244.409 CPU, 246.8 real, 5.46e+03 points.step/s, 33 var
