eta_s=1e-15 maxlevel=1010 0 0 0 0 0 0 0 0 0 0 0 0
10 1 5 4 1 5 4 0 1 0 0 0.00095 0
10 2 5 3 1 24 3 0 0.742 5.1e-06 7.59e-09 0.00179 0.15
10 3 5 3 1 33 2 0 0.507 8.68e-06 7.05e-09 0.00258 0.232
10 4 5 3 1 32 2 0 0.369 7.76e-06 9.4e-09 0.00335 0.271
10 5 5 3 1 32 2 0 0.284 6.38e-06 7.02e-09 0.00412 0.29
10 6 5 3 1 31 2 0 0.235 6.29e-06 9.92e-09 0.00487 0.306
10 7 5 3 1 32 2 0 0.201 5.22e-06 6.45e-09 0.00561 0.321
10 8 5 3 1 32 2 0 0.175 4.83e-06 6.68e-09 0.00634 0.337
10 9 5 3 1 32 2 0 0.157 4.62e-06 7e-09 0.00706 0.353
10 10 5 3 1 32 2 0 0.142 4.41e-06 7.31e-09 0.00777 0.37
10 11 5 3 1 32 2 0 0.13 4.15e-06 7.59e-09 0.00847 0.386
10 12 5 3 1 32 2 0 0.12 3.87e-06 7.84e-09 0.00916 0.401
10 13 5 3 1 32 2 0 0.111 3.6e-06 8.1e-09 0.00984 0.416
10 14 5 3 1 32 2 0 0.103 3.34e-06 8.36e-09 0.0105 0.431
10 15 5 3 1 32 2 0 0.0967 3.11e-06 8.63e-09 0.0112 0.444
10 16 5 3 1 32 2 0 0.0908 2.94e-06 8.91e-09 0.0118 0.458
10 17 5 3 1 32 2 0 0.0855 2.85e-06 9.19e-09 0.0125 0.471
10 18 5 3 1 32 2 0 0.0808 2.76e-06 9.48e-09 0.0131 0.483
10 19 5 3 1 32 2 0 0.0765 2.67e-06 9.77e-09 0.0137 0.496
10 20 5 3 1 33 2 0 0.0726 2.59e-06 6.32e-09 0.0143 0.508
10 21 5 3 1 33 2 0 0.069 2.51e-06 6.51e-09 0.0149 0.52
10 22 5 3 1 33 2 0 0.0657 2.44e-06 6.69e-09 0.0155 0.531
10 23 5 3 1 33 2 0 0.0627 2.37e-06 6.88e-09 0.0161 0.542
10 24 5 3 1 33 2 0 0.0599 2.3e-06 7.07e-09 0.0167 0.553
10 25 5 3 1 33 2 0 0.0573 2.23e-06 7.26e-09 0.0173 0.564
10 26 5 3 1 33 2 0 0.0549 2.17e-06 7.45e-09 0.0179 0.574
10 27 5 3 1 33 2 0 0.0527 2.12e-06 7.64e-09 0.0184 0.585
10 28 5 3 1 33 2 0 0.0506 2.08e-06 7.83e-09 0.019 0.595
10 29 5 3 1 33 2 0 0.0487 2.04e-06 8.01e-09 0.0195 0.605
10 30 5 3 1 33 2 0 0.0468 2.01e-06 8.2e-09 0.0201 0.615
10 31 5 3 1 33 2 0 0.0451 1.97e-06 8.39e-09 0.0206 0.624
10 32 5 3 1 33 2 0 0.0435 1.93e-06 8.58e-09 0.0211 0.634
10 33 5 3 1 33 2 0 0.042 1.9e-06 8.76e-09 0.0216 0.643
10 34 5 3 1 33 2 0 0.0405 1.86e-06 8.95e-09 0.0222 0.652
10 35 5 3 1 33 2 0 0.0392 1.83e-06 9.14e-09 0.0227 0.661
10 36 5 3 1 33 2 0 0.0379 1.8e-06 9.32e-09 0.0232 0.67
10 37 5 3 1 33 2 0 0.0367 1.76e-06 9.51e-09 0.0237 0.679
10 38 5 3 1 33 2 0 0.0355 1.73e-06 9.69e-09 0.0241 0.687
10 39 5 3 1 33 2 0 0.0344 1.7e-06 9.87e-09 0.0246 0.696
10 40 5 3 1 34 2 0 0.0334 1.67e-06 6.31e-09 0.0251 0.704
10 41 5 3 1 34 2 0 0.0324 1.64e-06 6.42e-09 0.0256 0.712
10 42 5 3 1 34 2 0 0.0314 1.61e-06 6.53e-09 0.026 0.72
10 43 5 3 1 34 2 0 0.0305 1.58e-06 6.65e-09 0.0265 0.728
10 44 5 3 1 34 2 0 0.0297 1.55e-06 6.76e-09 0.027 0.736
10 45 5 3 1 34 2 0 0.0288 1.53e-06 6.87e-09 0.0274 0.744
10 46 5 3 1 34 2 0 0.028 1.5e-06 6.98e-09 0.0278 0.751
10 47 5 3 1 34 2 0 0.0273 1.47e-06 7.09e-09 0.0283 0.759
10 48 5 3 1 34 2 0 0.0265 1.45e-06 7.2e-09 0.0287 0.766
10 49 5 3 1 34 2 0 0.0259 1.42e-06 7.31e-09 0.0291 0.773
10 50 5 3 1 34 2 0 0.0252 1.39e-06 7.42e-09 0.0296 0.78
10 51 5 3 1 34 2 0 0.301 1.37e-06 7.53e-09 0.03 0.787
10 52 5 3 1 34 2 0 0.0235 1.3e-06 7.64e-09 0.0304 0.795
10 53 5 3 1 34 2 0 0.0233 1.99e-06 7.8e-09 0.0308 0.804
10 54 5 3 1 34 2 0 0.0228 1.4e-06 7.88e-09 0.0312 0.81
10 55 5 3 1 34 2 0 0.0222 1.33e-06 7.93e-09 0.0316 0.816
10 56 5 3 1 34 2 0 0.0217 1.27e-06 8.02e-09 0.032 0.822
10 57 5 3 1 34 2 0 0.0212 1.23e-06 8.14e-09 0.0324 0.828
10 58 5 3 1 34 2 0 0.0207 1.2e-06 8.25e-09 0.0327 0.834
10 59 5 3 1 34 2 0 0.0202 1.17e-06 8.37e-09 0.0331 0.84
10 60 5 3 1 34 2 0 0.0197 1.16e-06 8.47e-09 0.0335 0.846
10 61 5 3 1 34 2 0 0.0404 1.14e-06 8.58e-09 0.0339 0.852
10 62 5 2 1 34 2 0 0.0185 4.15e-06 8.68e-09 0.0342 0.86
10 63 5 2 1 34 2 0 0.0184 4.1e-06 8.81e-09 0.0346 0.867
10 64 5 2 1 34 2 0 0.0181 2.87e-06 8.89e-09 0.0349 0.873
10 65 5 2 1 34 2 0 0.0177 2.74e-06 8.93e-09 0.0353 0.878
10 66 5 2 1 34 2 0 0.0173 2.63e-06 9.01e-09 0.0356 0.883
10 67 5 2 1 34 2 0 0.0169 2.62e-06 9.12e-09 0.036 0.888
10 68 5 2 1 34 2 0 0.0165 2.6e-06 9.23e-09 0.0363 0.893
10 69 5 2 1 34 2 0 0.0162 2.57e-06 9.34e-09 0.0367 0.899
10 70 5 2 1 34 2 0 0.0159 2.56e-06 9.44e-09 0.037 0.904
10 71 5 2 1 34 2 0 0.0325 2.55e-06 9.54e-09 0.0373 0.91
10 72 5 2 1 34 2 0 0.0148 3.68e-06 9.64e-09 0.0376 0.916
10 73 5 2 1 34 2 0 0.0154 3.74e-06 9.8e-09 0.038 0.923
10 74 5 2 1 34 2 0 0.0146 2.51e-06 9.86e-09 0.0383 0.928
10 75 5 2 1 34 2 0 0.0143 2.41e-06 9.88e-09 0.0386 0.932
10 76 5 2 1 34 2 0 0.014 2.46e-06 9.97e-09 0.0389 0.936
10 77 5 2 1 35 2 0 0.0138 2.46e-06 6.32e-09 0.0392 0.941
10 78 5 2 1 35 2 0 0.0135 2.43e-06 6.38e-09 0.0395 0.946
10 79 5 2 1 35 2 0 0.0132 2.41e-06 6.45e-09 0.0398 0.95
10 80 5 2 1 35 2 0 0.013 2.39e-06 6.51e-09 0.0401 0.955
10 81 5 2 1 35 2 0 0.0266 2.38e-06 6.56e-09 0.0404 0.96
10 82 5 2 1 35 2 0 0.0121 3.59e-06 6.62e-09 0.0407 0.966
10 83 5 2 1 35 2 0 0.0138 3.59e-06 6.72e-09 0.0409 0.973
10 84 5 2 1 35 2 0 0.0121 2.51e-06 6.75e-09 0.0412 0.977
10 85 5 2 1 35 2 0 0.0118 2.33e-06 6.76e-09 0.0415 0.98
10 86 5 2 1 35 2 0 0.0116 2.28e-06 6.81e-09 0.0418 0.984
10 87 5 2 1 35 2 0 0.0114 2.28e-06 6.87e-09 0.042 0.988
10 88 5 2 1 35 2 0 0.0112 2.26e-06 6.94e-09 0.0423 0.992
10 89 5 2 1 35 2 0 0.011 2.23e-06 7e-09 0.0426 0.996
10 90 5 2 1 35 2 0 0.0108 2.21e-06 7.05e-09 0.0428 1
10 91 5 2 1 35 2 0 0.0221 2.2e-06 7.1e-09 0.0431 1
10 92 5 2 1 35 2 0 0.0154 4.09e-06 7.26e-09 0.0433 1.02
10 93 5 2 1 35 2 0 0.0126 5.09e-06 7.58e-09 0.0436 1.02
10 94 5 2 1 35 2 0 0.0102 2.75e-06 7.33e-09 0.0438 1.02
10 95 5 2 1 35 2 0 0.00997 2.49e-06 7.35e-09 0.0441 1.03
10 96 5 2 1 35 2 0 0.00977 2.25e-06 7.42e-09 0.0443 1.03
10 97 5 2 1 35 2 0 0.00958 2.09e-06 7.5e-09 0.0445 1.03
10 98 5 2 1 35 2 0 0.00942 2.03e-06 7.57e-09 0.0448 1.03
10 99 5 2 1 35 2 0 0.00925 2.01e-06 7.63e-09 0.045 1.04
10 100 5 2 1 35 2 0 0.0091 1.99e-06 7.69e-09 0.0453 1.04
10 101 5 2 1 35 2 0 0.0189 1.99e-06 7.74e-09 0.0455 1.05
10 102 5 2 1 35 2 0 0.0145 6.18e-06 7.79e-09 0.0457 1.05
10 103 5 2 1 35 2 0 0.0116 3.53e-06 7.82e-09 0.0459 1.06
10 104 5 2 1 35 2 0 0.00848 2.2e-06 7.89e-09 0.0461 1.06
10 105 5 2 1 35 2 0 0.00818 2.07e-06 7.89e-09 0.0464 1.06
10 106 5 2 1 35 2 0 0.00805 2.01e-06 7.93e-09 0.0466 1.06
10 107 5 2 1 35 2 0 0.00793 2e-06 7.99e-09 0.0468 1.07
10 108 5 2 1 35 2 0 0.00782 1.96e-06 8.05e-09 0.047 1.07
10 109 5 2 1 35 2 0 0.00771 1.92e-06 8.11e-09 0.0472 1.07
10 110 5 2 1 35 2 0 0.0076 1.88e-06 8.16e-09 0.0474 1.08
10 111 5 2 1 35 2 0 0.0154 1.85e-06 8.21e-09 0.0476 1.08
10 112 5 2 1 35 2 0 0.0133 2.33e-06 8.25e-09 0.0478 1.09
10 113 5 2 1 35 2 0 0.0109 4.95e-06 8.59e-09 0.048 1.1
10 114 5 2 1 35 2 0 0.00731 2.62e-06 8.3e-09 0.0482 1.1
10 115 5 2 1 35 2 0 0.00715 2.32e-06 8.31e-09 0.0484 1.1
10 116 5 2 1 35 2 0 0.00701 2.06e-06 8.37e-09 0.0486 1.1
10 117 5 2 1 35 2 0 0.00689 1.89e-06 8.45e-09 0.0488 1.1
10 118 5 2 1 35 2 0 0.00678 1.79e-06 8.51e-09 0.049 1.1
10 119 5 2 1 35 2 0 0.00668 1.74e-06 8.56e-09 0.0491 1.11
10 120 5 2 1 35 2 0 0.00658 1.71e-06 8.61e-09 0.0493 1.11
10 121 5 2 1 35 2 0 0.0139 1.7e-06 8.65e-09 0.0495 1.11
10 122 5 2 1 35 2 0 0.0127 6.24e-06 8.69e-09 0.0497 1.12
10 123 5 2 1 35 2 0 0.0102 3.74e-06 8.72e-09 0.0498 1.12
10 124 5 2 1 35 2 0 0.00679 2.01e-06 8.77e-09 0.05 1.12
10 125 5 2 1 35 2 0 0.00591 1.86e-06 8.76e-09 0.0502 1.12
10 126 5 2 1 35 2 0 0.00583 1.76e-06 8.8e-09 0.0504 1.13
10 127 5 2 1 35 2 0 0.00575 1.68e-06 8.85e-09 0.0505 1.13
10 128 5 2 1 35 2 0 0.00568 1.63e-06 8.91e-09 0.0507 1.13
10 129 5 2 1 35 2 0 0.00561 1.59e-06 8.96e-09 0.0509 1.13
10 130 5 2 1 35 2 0 0.00555 1.57e-06 9e-09 0.051 1.14
10 131 5 2 1 35 2 0 0.0112 1.56e-06 9.04e-09 0.0512 1.14
10 132 5 2 1 35 2 0 0.0116 2.62e-06 9.09e-09 0.0513 1.15
10 133 5 2 1 35 2 0 0.00849 7.23e-06 9.44e-09 0.0515 1.16
10 134 5 2 1 35 2 0 0.00546 3.68e-06 9.18e-09 0.0516 1.16
10 135 5 2 1 35 2 0 0.00531 2.93e-06 9.07e-09 0.0518 1.15
10 136 5 2 1 35 2 0 0.00518 2.35e-06 9.12e-09 0.0519 1.15
10 137 5 2 1 35 2 0 0.00509 1.95e-06 9.2e-09 0.0521 1.15
10 138 5 2 1 35 2 0 0.00501 1.71e-06 9.28e-09 0.0522 1.16
10 139 5 2 1 35 2 0 0.00494 1.58e-06 9.33e-09 0.0524 1.16
10 140 5 2 1 35 2 0 0.00487 1.51e-06 9.37e-09 0.0525 1.16
10 141 5 2 1 35 2 0 0.0131 1.48e-06 9.41e-09 0.0526 1.16
10 142 5 2 1 35 2 0 0.0136 6.97e-06 9.45e-09 0.0528 1.18
10 143 5 2 1 35 2 0 0.00796 1.55e-06 9.6e-09 0.0529 1.18
10 144 5 2 1 35 2 0 0.00547 1.62e-06 9.41e-09 0.053 1.18
10 145 5 2 1 35 2 0 0.00436 1.57e-06 9.44e-09 0.0532 1.18
10 146 5 2 1 35 2 0 0.00422 1.46e-06 9.5e-09 0.0533 1.18
10 147 5 2 1 35 2 0 0.00417 1.35e-06 9.55e-09 0.0534 1.18
10 148 5 2 1 35 2 0 0.00413 1.27e-06 9.6e-09 0.0536 1.18
10 149 5 2 1 35 2 0 0.00409 1.25e-06 9.63e-09 0.0537 1.18
10 150 5 2 1 35 2 0 0.00405 1.26e-06 9.67e-09 0.0538 1.19
10 151 5 2 1 35 2 0 0.00821 1.26e-06 9.7e-09 0.0539 1.19
10 152 5 2 1 35 2 0 0.0112 2.47e-06 9.74e-09 0.0541 1.19
10 153 5 2 1 35 2 0 0.00905 4.69e-06 9.77e-09 0.0542 1.19
10 154 5 2 1 35 2 0 0.00533 2.04e-06 9.87e-09 0.0543 1.2
10 155 5 2 1 35 2 0 0.0045 1.7e-06 9.83e-09 0.0544 1.2
10 156 5 2 1 35 2 0 0.00402 1.55e-06 9.84e-09 0.0546 1.2
10 157 5 2 1 35 2 0 0.00373 1.45e-06 9.88e-09 0.0547 1.2
10 158 5 2 1 35 2 0 0.00367 1.38e-06 9.92e-09 0.0548 1.2
10 159 5 2 1 35 2 0 0.00365 1.32e-06 9.96e-09 0.0549 1.2
10 160 5 2 1 36 2 0 0.00362 1.29e-06 6.27e-09 0.055 1.2
10 161 5 2 1 36 2 0 0.00682 1.26e-06 6.3e-09 0.0551 1.21
10 162 5 2 1 36 2 0 0.0105 3.44e-06 6.32e-09 0.0552 1.22
10 163 5 2 1 36 2 0 0.00716 7.27e-06 6.53e-09 0.0553 1.22
10 164 5 2 1 36 2 0 0.00421 3.29e-06 6.38e-09 0.0554 1.22
10 165 5 2 1 36 2 0 0.00354 2.59e-06 6.3e-09 0.0555 1.22
10 166 5 2 1 36 2 0 0.00344 2.04e-06 6.32e-09 0.0556 1.22
10 167 5 2 1 36 2 0 0.00337 1.65e-06 6.37e-09 0.0558 1.22
10 168 5 2 1 36 2 0 0.00332 1.4e-06 6.41e-09 0.0559 1.22
10 169 5 2 1 36 2 0 0.00327 1.27e-06 6.44e-09 0.056 1.22
10 170 5 2 1 36 2 0 0.00323 1.19e-06 6.46e-09 0.0561 1.22
10 171 5 2 1 36 2 0 0.00903 1.16e-06 6.48e-09 0.0561 1.22
10 172 5 2 1 36 2 0 0.0122 8.9e-06 6.49e-09 0.0562 1.23
10 173 5 2 1 36 2 0 0.00747 3.32e-06 6.61e-09 0.0563 1.24
10 174 5 2 1 36 2 0 0.00463 1.68e-06 6.51e-09 0.0564 1.23
10 175 5 2 1 36 2 0 0.00346 1.41e-06 6.47e-09 0.0565 1.23
10 176 5 2 1 36 2 0 0.00286 1.21e-06 6.49e-09 0.0566 1.23
10 177 5 2 1 36 2 0 0.00277 1.09e-06 6.53e-09 0.0567 1.23
10 178 5 2 1 36 2 0 0.00274 1.03e-06 6.56e-09 0.0568 1.23
10 179 5 2 1 36 2 0 0.00272 9.94e-07 6.59e-09 0.0569 1.23
10 180 5 2 1 36 2 0 0.0027 9.77e-07 6.61e-09 0.057 1.24
10 181 5 2 1 36 2 0 0.00585 9.67e-07 6.63e-09 0.0571 1.24
10 182 5 2 1 36 2 0 0.00933 3.89e-06 6.64e-09 0.0571 1.24
10 183 5 2 1 36 2 0 0.0073 4.43e-06 6.69e-09 0.0572 1.25
10 184 5 2 1 36 2 0 0.00417 2.56e-06 6.68e-09 0.0573 1.25
10 185 5 2 1 36 2 0 0.00335 1.88e-06 6.65e-09 0.0574 1.24
10 186 5 2 1 36 2 0 0.00289 1.47e-06 6.66e-09 0.0575 1.24
10 187 5 2 1 36 2 0 0.00262 1.21e-06 6.69e-09 0.0576 1.24
10 188 5 2 1 36 2 0 0.00245 1.07e-06 6.72e-09 0.0577 1.25
10 189 5 2 1 36 2 0 0.00241 9.94e-07 6.74e-09 0.0577 1.25
10 190 5 2 1 36 2 0 0.00239 9.54e-07 6.76e-09 0.0578 1.25
10 191 5 2 1 36 2 0 0.00555 9.39e-07 6.77e-09 0.0579 1.25
10 192 5 2 1 36 2 0 0.00916 5.37e-06 6.79e-09 0.0579 1.27
10 193 5 2 1 36 2 0 0.00757 2.75e-06 7.03e-09 0.058 1.26
10 194 5 2 1 36 2 0 0.00235 1.75e-06 6.72e-09 0.0581 1.26
10 195 5 2 1 36 2 0 0.00226 1.52e-06 6.73e-09 0.0582 1.26
10 196 5 2 1 36 2 0 0.00221 1.21e-06 6.77e-09 0.0582 1.26
10 197 5 2 1 36 2 0 0.00218 1.01e-06 6.81e-09 0.0583 1.26
10 198 5 2 1 36 2 0 0.00215 8.89e-07 6.84e-09 0.0584 1.26
10 199 5 2 1 36 2 0 0.00213 8.3e-07 6.86e-09 0.0585 1.26
10 200 5 2 1 36 2 0 0.00211 8.2e-07 6.87e-09 0.0585 1.26
10 201 5 2 1 36 2 0 0.00883 8.21e-07 6.88e-09 0.0586 1.26
10 202 5 2 1 36 2 0 0.00526 5.42e-06 6.9e-09 0.0586 1.28
10 203 5 2 1 36 2 0 0.00963 3.68e-06 7.06e-09 0.0587 1.27
10 204 5 2 1 36 2 0 0.00556 1.13e-06 6.89e-09 0.0588 1.27
10 205 5 2 1 36 2 0 0.00358 1.15e-06 6.85e-09 0.0588 1.27
10 206 5 2 1 36 2 0 0.00262 1.17e-06 6.88e-09 0.0589 1.27
10 207 5 2 1 36 2 0 0.00212 1.09e-06 6.91e-09 0.059 1.27
10 208 5 2 1 36 2 0 0.00185 9.89e-07 6.94e-09 0.059 1.27
10 209 5 2 1 36 2 0 0.00172 9.03e-07 6.96e-09 0.0591 1.27
10 210 5 2 1 36 2 0 0.00172 8.39e-07 6.98e-09 0.0591 1.27
10 211 5 2 1 36 2 0 0.00304 7.91e-07 7e-09 0.0592 1.28
10 212 5 2 1 36 2 0 0.00928 2.58e-06 7.01e-09 0.0593 1.28
10 213 5 2 1 36 2 0 0.00489 1.19e-06 7.01e-09 0.0593 1.28
10 214 5 2 1 36 2 0 0.00331 9.61e-07 7.02e-09 0.0594 1.28
10 215 5 2 1 36 2 0 0.0025 8.58e-07 7.02e-09 0.0595 1.28
10 216 5 2 1 36 2 0 0.00207 7.74e-07 7.04e-09 0.0595 1.28
10 217 5 2 1 36 2 0 0.00183 7.2e-07 7.05e-09 0.0596 1.28
10 218 5 2 1 36 2 0 0.00169 7.31e-07 7.07e-09 0.0596 1.28
10 219 5 2 1 36 2 0 0.00161 7.45e-07 7.08e-09 0.0597 1.28
10 220 5 2 1 36 2 0 0.00159 7.53e-07 7.09e-09 0.0597 1.28
10 221 5 2 1 36 2 0 0.00316 7.55e-07 7.1e-09 0.0598 1.28
10 222 5 2 1 36 2 0 0.00977 3.23e-06 7.12e-09 0.0598 1.3
10 223 5 2 1 36 2 0 0.00248 2.35e-06 7.31e-09 0.0599 1.29
10 224 5 2 1 36 2 0 0.00165 1.66e-06 7.08e-09 0.0599 1.29
10 225 5 2 1 36 2 0 0.00159 1.3e-06 7.1e-09 0.06 1.29
10 226 5 2 1 36 2 0 0.00155 1.03e-06 7.14e-09 0.06 1.29
10 227 5 2 1 36 2 0 0.00153 8.63e-07 7.16e-09 0.0601 1.29
10 228 5 2 1 36 2 0 0.00151 8.09e-07 7.18e-09 0.0602 1.29
10 229 5 2 1 36 2 0 0.00149 7.86e-07 7.19e-09 0.0602 1.29
10 230 5 2 1 36 2 0 0.00147 7.66e-07 7.2e-09 0.0603 1.3
10 231 5 2 1 36 2 0 0.00706 7.48e-07 7.21e-09 0.0603 1.3
10 232 5 2 1 36 2 0 0.00502 2.77e-06 7.22e-09 0.0603 1.31
10 233 5 2 1 36 2 0 0.0115 2.81e-06 7.42e-09 0.0604 1.31
10 234 5 2 1 36 2 0 0.00514 1.15e-06 7.23e-09 0.0604 1.31
10 235 5 2 1 36 2 0 0.00276 1.01e-06 7.18e-09 0.0604 1.3
10 236 5 2 1 36 2 0 0.00181 9.69e-07 7.2e-09 0.0605 1.3
10 237 5 2 1 36 2 0 0.00139 8.35e-07 7.23e-09 0.0605 1.3
10 238 5 2 1 36 2 0 0.0013 6.9e-07 7.25e-09 0.0606 1.3
10 239 5 2 1 36 2 0 0.00129 5.83e-07 7.27e-09 0.0606 1.3
10 240 5 2 1 36 2 0 0.00127 5.84e-07 7.28e-09 0.0607 1.3
10 241 5 2 1 36 2 0 0.00534 6.07e-07 7.29e-09 0.0607 1.31
10 242 5 2 1 36 2 0 0.00698 6.43e-06 7.31e-09 0.0607 1.31
10 243 5 2 1 36 2 0 0.0108 1.41e-06 7.32e-09 0.0608 1.31
10 244 5 2 1 36 2 0 0.00476 1.38e-06 7.34e-09 0.0608 1.31
10 245 5 2 1 36 2 0 0.00255 1.08e-06 7.3e-09 0.0609 1.31
10 246 5 2 1 36 2 0 0.00169 8.99e-07 7.31e-09 0.0609 1.31
10 247 5 2 1 36 2 0 0.00141 7.72e-07 7.33e-09 0.061 1.31
10 248 5 2 1 36 2 0 0.00128 6.86e-07 7.34e-09 0.061 1.31
10 249 5 2 1 36 2 0 0.0012 6.41e-07 7.36e-09 0.061 1.31
10 250 5 2 1 36 2 0 0.00114 6.38e-07 7.37e-09 0.0611 1.31
10 251 5 2 1 36 2 0 0.00184 6.34e-07 7.38e-09 0.0611 1.31
10 252 5 2 1 36 2 0 0.00684 5.15e-06 7.39e-09 0.0611 1.32
10 253 5 2 1 36 2 0 0.00186 1.79e-06 7.54e-09 0.0612 1.32
10 254 5 2 1 36 2 0 0.00122 9.37e-07 7.37e-09 0.0612 1.32
10 255 5 2 1 36 2 0 0.00112 9.05e-07 7.38e-09 0.0613 1.32
10 256 5 2 1 36 2 0 0.00108 7.74e-07 7.4e-09 0.0613 1.32
10 257 5 2 1 36 2 0 0.00106 6.23e-07 7.42e-09 0.0613 1.32
10 258 5 2 1 36 2 0 0.00104 5.01e-07 7.43e-09 0.0614 1.32
10 259 5 2 1 36 2 0 0.00103 4.98e-07 7.44e-09 0.0614 1.32
10 260 5 2 1 36 2 0 0.00102 5.2e-07 7.45e-09 0.0614 1.32
10 261 5 2 1 36 2 0 0.00495 5.32e-07 7.45e-09 0.0615 1.32
10 262 5 2 1 36 2 0 0.00673 6.39e-06 7.47e-09 0.0615 1.32
10 263 5 2 1 36 2 0 0.0105 1.31e-06 7.48e-09 0.0615 1.32
10 264 5 2 1 36 2 0 0.00455 1.28e-06 7.49e-09 0.0616 1.32
10 265 5 2 1 36 2 0 0.00235 9.8e-07 7.45e-09 0.0616 1.32
10 266 5 2 1 36 2 0 0.00149 7.97e-07 7.46e-09 0.0616 1.32
10 267 5 2 1 36 2 0 0.00118 6.69e-07 7.48e-09 0.0617 1.32
10 268 5 2 1 36 2 0 0.00106 5.83e-07 7.49e-09 0.0617 1.32
10 269 5 2 1 36 2 0 0.000979 5.48e-07 7.5e-09 0.0617 1.32
stationary flow nc = 0 i = 269 du = 0.000979023
# Quadtree, 269 steps, 141.865 CPU, 160.9 real, 2.11e+04 points.step/s, 33 var
10 0 5 2 1 36 2 0 0 5.48e-07 7.5e-09 0 0
10 1 5 2 1 5 2 0 1 0 0 0.000899 0
10 2 6 2 1 35 2 0 0.786 6.41e-06 9.47e-09 0.00163 0.201
10 3 6 2 1 34 2 0 0.555 4.98e-06 9.83e-09 0.00229 0.294
10 4 6 2 1 33 2 0 0.406 3.73e-06 8.95e-09 0.00293 0.319
10 5 6 2 1 32 2 0 0.313 3.31e-06 8.92e-09 0.00358 0.319
10 6 6 2 1 32 2 0 0.262 3.07e-06 7.48e-09 0.00421 0.32
10 7 6 2 1 32 2 0 0.224 2.72e-06 7.8e-09 0.00484 0.326
10 8 6 2 1 32 2 0 0.198 2.49e-06 8.32e-09 0.00546 0.338
10 9 6 2 1 32 2 0 0.178 2.36e-06 8.72e-09 0.00606 0.352
10 10 6 2 1 32 2 0 0.161 2.28e-06 8.92e-09 0.00665 0.365
10 11 6 2 1 32 2 0 0.147 2.21e-06 8.99e-09 0.00723 0.378
10 12 6 2 1 32 2 0 0.135 2.14e-06 9.03e-09 0.00779 0.39
10 13 5 2 1 32 2 0 0.125 9.51e-06 9.08e-09 0.00834 0.4
10 14 5 2 1 32 2 0 0.116 9.05e-06 9.17e-09 0.00889 0.411
10 15 5 2 1 32 2 0 0.108 8.63e-06 9.28e-09 0.00942 0.42
10 16 5 2 1 32 2 0 0.101 8.25e-06 9.41e-09 0.00994 0.43
10 17 5 2 1 32 2 0 0.0944 7.9e-06 9.54e-09 0.0105 0.439
10 18 5 2 1 32 2 0 0.0888 7.57e-06 9.68e-09 0.011 0.448
10 19 5 2 1 32 2 0 0.0837 7.26e-06 9.83e-09 0.0115 0.456
10 20 5 2 1 32 2 0 0.0791 6.97e-06 9.98e-09 0.0119 0.465
10 21 5 2 1 33 2 0 0.0749 6.7e-06 6.54e-09 0.0124 0.473
10 22 5 2 1 33 2 0 0.0711 6.44e-06 6.64e-09 0.0129 0.48
10 23 5 2 1 33 2 0 0.0675 6.21e-06 6.74e-09 0.0133 0.488
10 24 5 2 1 33 2 0 0.0643 6.07e-06 6.83e-09 0.0138 0.495
10 25 5 2 1 33 2 0 0.0613 5.93e-06 6.93e-09 0.0142 0.502
10 26 5 2 1 33 2 0 0.0585 5.79e-06 7.03e-09 0.0147 0.509
10 27 5 2 1 33 2 0 0.0559 5.67e-06 7.13e-09 0.0151 0.516
10 28 5 2 1 33 2 0 0.0535 5.54e-06 7.22e-09 0.0155 0.523
10 29 5 2 1 33 2 0 0.0513 5.42e-06 7.32e-09 0.0159 0.529
10 30 5 2 1 33 2 0 0.0492 5.31e-06 7.42e-09 0.0163 0.536
10 31 5 2 1 33 2 0 0.0472 5.2e-06 7.51e-09 0.0167 0.542
10 32 5 2 1 33 2 0 0.0454 5.09e-06 7.61e-09 0.0171 0.548
10 33 5 2 1 33 2 0 0.0436 4.99e-06 7.7e-09 0.0175 0.554
10 34 5 2 1 33 2 0 0.042 4.88e-06 7.79e-09 0.0179 0.56
10 35 5 2 1 33 2 0 0.0405 4.78e-06 7.88e-09 0.0183 0.566
10 36 5 2 1 33 2 0 0.039 4.69e-06 7.97e-09 0.0186 0.571
10 37 5 2 1 33 2 0 0.0376 4.59e-06 8.06e-09 0.019 0.577
10 38 5 2 1 33 2 0 0.0363 4.5e-06 8.15e-09 0.0194 0.582
10 39 5 2 1 33 2 0 0.0351 4.41e-06 8.24e-09 0.0197 0.588
10 40 5 2 1 33 2 0 0.0339 4.32e-06 8.32e-09 0.02 0.593
10 41 5 2 1 33 2 0 0.0328 4.23e-06 8.41e-09 0.0204 0.598
10 42 5 2 1 33 2 0 0.0317 4.15e-06 8.49e-09 0.0207 0.603
10 43 5 2 1 33 2 0 0.0307 4.06e-06 8.57e-09 0.021 0.608
10 44 5 2 1 33 2 0 0.0298 3.98e-06 8.65e-09 0.0214 0.613
10 45 5 2 1 33 2 0 0.0289 3.9e-06 8.73e-09 0.0217 0.617
10 46 5 2 1 33 2 0 0.028 3.82e-06 8.81e-09 0.022 0.622
10 47 5 2 1 33 2 0 0.0271 3.74e-06 8.89e-09 0.0223 0.626
10 48 5 2 1 33 2 0 0.0263 3.66e-06 8.96e-09 0.0226 0.631
10 49 5 2 1 33 2 0 0.0256 3.58e-06 9.04e-09 0.0229 0.635
10 50 5 2 1 33 2 0 0.0248 3.51e-06 9.11e-09 0.0232 0.64
10 51 5 2 1 33 2 0 0.0959 3.43e-06 9.18e-09 0.0235 0.644
10 52 5 2 1 33 2 0 0.0236 2.65e-06 9.25e-09 0.0237 0.65
10 53 5 2 1 33 2 0 0.0229 3.42e-06 9.25e-09 0.024 0.654
10 54 5 2 1 33 2 0 0.0222 3.24e-06 9.41e-09 0.0243 0.658
10 55 5 2 1 33 2 0 0.0216 3.1e-06 9.46e-09 0.0246 0.661
10 56 5 2 1 33 2 0 0.021 3e-06 9.52e-09 0.0248 0.665
10 57 5 2 1 33 2 0 0.0205 2.93e-06 9.58e-09 0.0251 0.669
10 58 5 2 1 33 2 0 0.0199 2.86e-06 9.64e-09 0.0253 0.672
10 59 5 2 1 33 2 0 0.0194 2.8e-06 9.69e-09 0.0256 0.676
10 60 5 2 1 33 2 0 0.0189 2.74e-06 9.74e-09 0.0258 0.68
10 61 5 2 1 33 2 0 0.0184 2.68e-06 9.8e-09 0.0261 0.684
10 62 5 2 1 33 2 0 0.0178 2.71e-06 9.83e-09 0.0263 0.686
10 63 5 2 1 33 2 0 0.0174 2.73e-06 9.97e-09 0.0265 0.689
10 64 5 2 1 33 2 0 0.017 2.55e-06 9.96e-09 0.0268 0.692
10 65 5 2 1 34 2 0 0.0166 2.53e-06 6.45e-09 0.027 0.696
10 66 5 2 1 34 2 0 0.0162 2.51e-06 6.48e-09 0.0272 0.699
10 67 5 2 1 34 2 0 0.0158 2.46e-06 6.52e-09 0.0274 0.703
10 68 5 2 1 34 2 0 0.0154 2.4e-06 6.55e-09 0.0276 0.706
10 69 5 2 1 34 2 0 0.015 2.34e-06 6.59e-09 0.0279 0.709
10 70 5 2 1 34 2 0 0.0147 2.28e-06 6.62e-09 0.0281 0.712
10 71 5 2 1 34 2 0 0.0143 2.22e-06 6.66e-09 0.0283 0.715
10 72 5 2 1 34 2 0 0.0142 4.3e-06 6.69e-09 0.0285 0.72
10 73 5 2 1 34 2 0 0.0138 2.31e-06 6.67e-09 0.0287 0.723
10 74 5 2 1 34 2 0 0.0134 2.12e-06 6.77e-09 0.0289 0.726
10 75 5 2 1 34 2 0 0.0131 1.97e-06 6.79e-09 0.029 0.728
10 76 5 2 1 34 2 0 0.0128 1.87e-06 6.81e-09 0.0292 0.731
10 77 5 2 1 34 2 0 0.0125 1.8e-06 6.84e-09 0.0294 0.733
10 78 5 2 1 34 2 0 0.0122 1.75e-06 6.86e-09 0.0296 0.736
10 79 5 2 1 34 2 0 0.012 1.71e-06 6.88e-09 0.0298 0.739
10 80 5 2 1 34 2 0 0.0117 1.68e-06 6.9e-09 0.03 0.741
10 81 5 2 1 34 2 0 0.0204 1.68e-06 6.92e-09 0.0301 0.744
10 82 5 2 1 34 2 0 0.0138 9.27e-06 6.92e-09 0.0303 0.746
10 83 5 2 1 34 2 0 0.0108 2.41e-06 6.97e-09 0.0305 0.747
10 84 5 2 1 34 2 0 0.0106 1.78e-06 7.05e-09 0.0306 0.749
10 85 5 2 1 34 2 0 0.0104 1.71e-06 7.02e-09 0.0308 0.752
10 86 5 2 1 34 2 0 0.0102 1.65e-06 7.04e-09 0.031 0.754
10 87 5 2 1 34 2 0 0.00996 1.61e-06 7.06e-09 0.0311 0.757
10 88 5 2 1 34 2 0 0.00976 1.59e-06 7.08e-09 0.0313 0.759
10 89 5 2 1 34 2 0 0.00956 1.57e-06 7.1e-09 0.0314 0.762
10 90 5 2 1 34 2 0 0.00936 1.57e-06 7.13e-09 0.0316 0.764
10 91 5 2 1 34 2 0 0.0197 1.56e-06 7.15e-09 0.0317 0.766
10 92 5 2 1 34 2 0 0.0166 8.92e-06 7.18e-09 0.0318 0.779
10 93 5 2 1 34 2 0 0.00934 2.65e-06 7.09e-09 0.032 0.778
10 94 5 2 1 34 2 0 0.0089 1.75e-06 7.27e-09 0.0321 0.778
10 95 5 2 1 34 2 0 0.0086 1.51e-06 7.22e-09 0.0323 0.778
10 96 5 2 1 34 2 0 0.00838 1.53e-06 7.24e-09 0.0324 0.78
10 97 5 2 1 34 2 0 0.00819 1.54e-06 7.26e-09 0.0325 0.782
10 98 5 2 1 34 2 0 0.00801 1.55e-06 7.28e-09 0.0327 0.784
10 99 5 2 1 34 2 0 0.00784 1.56e-06 7.3e-09 0.0328 0.786
10 100 5 2 1 34 2 0 0.00768 1.56e-06 7.31e-09 0.0329 0.788
10 101 5 2 1 34 2 0 0.0141 1.55e-06 7.31e-09 0.033 0.79
10 102 5 2 1 34 2 0 0.0169 9.27e-06 7.29e-09 0.0332 0.79
10 103 5 2 1 34 2 0 0.0107 5.89e-06 7.35e-09 0.0333 0.791
10 104 5 2 1 34 2 0 0.00806 3.92e-06 7.37e-09 0.0334 0.792
10 105 5 2 1 34 2 0 0.00679 2.68e-06 7.37e-09 0.0335 0.794
10 106 5 2 1 34 2 0 0.00643 1.98e-06 7.38e-09 0.0336 0.795
10 107 5 2 1 34 2 0 0.00638 1.81e-06 7.39e-09 0.0337 0.797
10 108 5 2 1 34 2 0 0.00631 1.7e-06 7.4e-09 0.0338 0.798
10 109 5 2 1 34 2 0 0.00623 1.62e-06 7.41e-09 0.034 0.8
10 110 5 2 1 34 2 0 0.00614 1.56e-06 7.42e-09 0.0341 0.802
10 111 5 2 1 34 2 0 0.0134 1.52e-06 7.43e-09 0.0342 0.804
10 112 5 2 1 34 2 0 0.0157 9.09e-06 7.44e-09 0.0343 0.816
10 113 5 2 1 34 2 0 0.00807 3.56e-06 7.39e-09 0.0344 0.814
10 114 5 2 1 34 2 0 0.00598 1.79e-06 7.55e-09 0.0345 0.813
10 115 5 2 1 34 2 0 0.00577 1.37e-06 7.48e-09 0.0346 0.813
10 116 5 2 1 34 2 0 0.00562 1.1e-06 7.49e-09 0.0347 0.815
10 117 5 2 1 34 2 0 0.0055 1.14e-06 7.5e-09 0.0347 0.816
10 118 5 2 1 34 2 0 0.00539 1.18e-06 7.51e-09 0.0348 0.818
10 119 5 2 1 34 2 0 0.00529 1.21e-06 7.51e-09 0.0349 0.82
10 120 5 2 1 34 2 0 0.00518 1.24e-06 7.51e-09 0.035 0.822
10 121 5 2 1 34 2 0 0.00836 1.25e-06 7.52e-09 0.0351 0.823
10 122 5 2 1 34 2 0 0.015 9.38e-06 7.48e-09 0.0352 0.823
10 123 5 2 1 34 2 0 0.0089 5.9e-06 7.54e-09 0.0353 0.823
10 124 5 2 1 34 2 0 0.00627 3.86e-06 7.55e-09 0.0354 0.824
10 125 5 2 1 34 2 0 0.00503 2.57e-06 7.56e-09 0.0355 0.825
10 126 5 2 1 34 2 0 0.0044 1.79e-06 7.56e-09 0.0355 0.826
10 127 5 2 1 34 2 0 0.00426 1.58e-06 7.56e-09 0.0356 0.827
10 128 5 2 1 34 2 0 0.00424 1.47e-06 7.57e-09 0.0357 0.828
10 129 5 2 1 34 2 0 0.00421 1.39e-06 7.57e-09 0.0358 0.83
10 130 5 2 1 34 2 0 0.00417 1.33e-06 7.58e-09 0.0359 0.831
10 131 5 2 1 34 2 0 0.00892 1.29e-06 7.58e-09 0.0359 0.832
10 132 5 2 1 34 2 0 0.0148 9.66e-06 7.59e-09 0.036 0.845
10 133 5 2 1 34 2 0 0.00622 1.8e-06 7.56e-09 0.0361 0.843
10 134 5 2 1 34 2 0 0.00415 1.4e-06 7.68e-09 0.0361 0.841
10 135 5 2 1 34 2 0 0.00396 1.32e-06 7.61e-09 0.0362 0.84
10 136 5 2 1 34 2 0 0.00385 1.22e-06 7.61e-09 0.0363 0.841
10 137 5 2 1 34 2 0 0.00377 1.16e-06 7.63e-09 0.0363 0.842
10 138 5 2 1 34 2 0 0.0037 1.13e-06 7.64e-09 0.0364 0.843
10 139 5 2 1 34 2 0 0.00363 1.12e-06 7.64e-09 0.0365 0.844
10 140 5 2 1 34 2 0 0.00357 1.11e-06 7.64e-09 0.0365 0.846
10 141 5 2 1 34 2 0 0.00351 1.1e-06 7.64e-09 0.0366 0.847
10 142 5 2 1 34 2 0 0.0134 4.12e-06 7.58e-09 0.0367 0.844
10 143 5 2 1 34 2 0 0.00759 2.05e-06 7.71e-09 0.0367 0.845
10 144 5 2 1 34 2 0 0.00504 1.39e-06 7.66e-09 0.0368 0.847
10 145 5 2 1 34 2 0 0.00386 1.1e-06 7.67e-09 0.0369 0.848
10 146 5 2 1 34 2 0 0.00327 9.85e-07 7.67e-09 0.0369 0.85
10 147 5 2 1 34 2 0 0.00294 9.55e-07 7.66e-09 0.037 0.851
10 148 5 2 1 34 2 0 0.0029 9.48e-07 7.65e-09 0.037 0.852
10 149 5 2 1 34 2 0 0.00289 9.46e-07 7.65e-09 0.0371 0.853
10 150 5 2 1 34 2 0 0.00287 9.45e-07 7.66e-09 0.0372 0.854
10 151 5 2 1 34 2 0 0.00549 9.45e-07 7.66e-09 0.0372 0.855
10 152 5 2 1 34 2 0 0.0117 4.98e-06 7.67e-09 0.0372 0.868
10 153 5 2 1 34 2 0 0.00621 1.07e-06 7.58e-09 0.0373 0.866
10 154 5 2 1 34 2 0 0.00303 1.03e-06 7.76e-09 0.0373 0.863
10 155 5 2 1 34 2 0 0.00285 1.01e-06 7.7e-09 0.0374 0.861
10 156 5 2 1 34 2 0 0.00275 9.82e-07 7.69e-09 0.0374 0.861
10 157 5 2 1 34 2 0 0.00268 9.91e-07 7.7e-09 0.0375 0.862
10 158 5 2 1 34 2 0 0.00263 9.93e-07 7.72e-09 0.0375 0.863
10 159 5 2 1 34 2 0 0.00258 9.91e-07 7.72e-09 0.0376 0.864
10 160 5 2 1 34 2 0 0.00253 9.85e-07 7.71e-09 0.0376 0.865
10 161 5 2 1 34 2 0 0.00506 9.74e-07 7.71e-09 0.0377 0.865
10 162 5 2 1 34 2 0 0.0127 3.71e-06 7.66e-09 0.0377 0.864
10 163 5 2 1 34 2 0 0.00673 3e-06 7.75e-09 0.0378 0.864
10 164 5 2 1 34 2 0 0.00418 2.22e-06 7.73e-09 0.0378 0.864
10 165 5 2 1 34 2 0 0.00302 1.49e-06 7.72e-09 0.0379 0.865
10 166 5 2 1 34 2 0 0.00245 1.2e-06 7.72e-09 0.0379 0.865
10 167 5 2 1 34 2 0 0.00215 1.03e-06 7.72e-09 0.038 0.866
10 168 5 2 1 34 2 0 0.00198 9.44e-07 7.72e-09 0.038 0.867
10 169 5 2 1 34 2 0 0.00197 8.97e-07 7.72e-09 0.038 0.868
10 170 5 2 1 34 2 0 0.00196 8.65e-07 7.72e-09 0.0381 0.868
10 171 5 2 1 34 2 0 0.00356 8.43e-07 7.73e-09 0.0381 0.869
10 172 5 2 1 34 2 0 0.0109 6.4e-06 7.71e-09 0.0381 0.882
10 173 5 2 1 34 2 0 0.0041 1.96e-06 7.66e-09 0.0382 0.879
10 174 5 2 1 34 2 0 0.00219 1.66e-06 7.82e-09 0.0382 0.877
10 175 5 2 1 34 2 0 0.00205 1.16e-06 7.75e-09 0.0382 0.876
10 176 5 2 1 34 2 0 0.00197 8.53e-07 7.74e-09 0.0383 0.876
10 177 5 2 1 34 2 0 0.00192 6.54e-07 7.75e-09 0.0383 0.877
10 178 5 2 1 34 2 0 0.00188 6.05e-07 7.75e-09 0.0384 0.878
10 179 5 2 1 34 2 0 0.00184 6.55e-07 7.74e-09 0.0384 0.879
10 180 5 2 1 34 2 0 0.0018 6.88e-07 7.73e-09 0.0384 0.879
10 181 5 2 1 34 2 0 0.0041 7.08e-07 7.72e-09 0.0385 0.88
10 182 6 2 1 34 2 0 0.013 1.75e-06 7.68e-09 0.0385 0.881
10 183 5 2 1 34 2 0 0.00654 7.26e-06 7.7e-09 0.0385 0.88
10 184 5 2 1 34 2 0 0.00386 4.53e-06 7.76e-09 0.0386 0.879
10 185 5 2 1 34 2 0 0.00262 2.85e-06 7.75e-09 0.0386 0.879
10 186 5 2 1 34 2 0 0.00201 1.84e-06 7.74e-09 0.0386 0.879
10 187 5 2 1 34 2 0 0.00168 1.23e-06 7.74e-09 0.0386 0.879
10 188 5 2 1 34 2 0 0.0015 1.01e-06 7.73e-09 0.0387 0.88
10 189 5 2 1 34 2 0 0.00143 9.1e-07 7.73e-09 0.0387 0.88
10 190 5 2 1 34 2 0 0.0014 8.4e-07 7.72e-09 0.0387 0.881
10 191 5 2 1 34 2 0 0.00266 7.91e-07 7.72e-09 0.0388 0.881
10 192 6 2 1 34 2 0 0.0106 2.33e-06 7.72e-09 0.0388 0.891
10 193 5 2 1 34 2 0 0.00516 1.95e-06 7.75e-09 0.0388 0.887
10 194 5 2 1 34 2 0 0.00168 1.15e-06 7.77e-09 0.0388 0.885
10 195 5 2 1 34 2 0 0.00137 9.3e-07 7.7e-09 0.0389 0.884
10 196 5 2 1 34 2 0 0.00132 8.23e-07 7.71e-09 0.0389 0.884
10 197 5 2 1 34 2 0 0.00129 7.38e-07 7.72e-09 0.0389 0.885
10 198 5 2 1 34 2 0 0.00127 6.75e-07 7.74e-09 0.0389 0.885
10 199 5 2 1 34 2 0 0.00125 6.3e-07 7.75e-09 0.039 0.886
10 200 5 2 1 34 2 0 0.00123 6.09e-07 7.75e-09 0.039 0.886
10 201 5 2 1 34 2 0 0.00122 5.98e-07 7.75e-09 0.039 0.887
10 202 5 2 1 34 2 0 0.0123 4.31e-06 7.72e-09 0.039 0.887
10 203 5 2 1 34 2 0 0.00619 1.66e-06 7.73e-09 0.0391 0.888
10 204 5 2 1 34 2 0 0.00358 1.17e-06 7.79e-09 0.0391 0.888
10 205 5 2 1 34 2 0 0.00235 9.29e-07 7.78e-09 0.0391 0.889
10 206 5 2 1 34 2 0 0.00173 8.01e-07 7.77e-09 0.0391 0.889
10 207 5 2 1 34 2 0 0.00139 7.18e-07 7.75e-09 0.0392 0.89
10 208 5 2 1 34 2 0 0.0012 6.25e-07 7.73e-09 0.0392 0.89
10 209 5 2 1 34 2 0 0.00108 5.64e-07 7.71e-09 0.0392 0.89
10 210 5 2 1 34 2 0 0.00102 5.21e-07 7.7e-09 0.0392 0.891
10 211 5 2 1 34 2 0 0.00182 4.89e-07 7.7e-09 0.0392 0.891
10 212 5 2 1 34 2 0 0.013 8.27e-06 7.66e-09 0.0392 0.904
10 213 5 2 1 34 2 0 0.0051 6.78e-06 7.63e-09 0.0393 0.899
10 214 5 2 1 34 2 0 0.00168 4.31e-06 7.79e-09 0.0393 0.895
10 215 5 2 1 34 2 0 0.00109 2.78e-06 7.71e-09 0.0393 0.893
10 216 5 2 1 34 2 0 0.00102 1.87e-06 7.7e-09 0.0393 0.893
10 217 5 2 1 34 2 0 0.000988 1.29e-06 7.72e-09 0.0393 0.893
stationary flow nc = 1 i = 217 du = 0.000988077
# Quadtree, 217 steps, 194.533 CPU, 210.6 real, 1.76e+04 points.step/s, 33 var
10 0 5 2 1 34 2 0 0 1.29e-06 7.72e-09 0 0
10 1 5 2 1 5 2 0 1 0 0 0.000799 0
10 2 6 2 1 32 2 0 0.862 4.8e-06 7.03e-09 0.00133 0.256
10 3 6 2 1 31 2 0 0.641 4.84e-06 6.35e-09 0.00179 0.34
10 4 6 2 1 29 2 0 0.482 2.74e-06 8.96e-09 0.00225 0.34
10 5 5 2 1 28 2 0 0.381 8.8e-06 8.66e-09 0.00273 0.322
10 6 5 2 1 28 2 0 0.322 7.91e-06 7.54e-09 0.00319 0.317
10 7 5 2 1 28 2 0 0.276 7.73e-06 8.77e-09 0.00365 0.321
10 8 5 2 1 28 2 0 0.241 7.51e-06 9.31e-09 0.00409 0.33
10 9 5 2 1 28 2 0 0.214 7.3e-06 9.59e-09 0.00452 0.34
10 10 5 2 1 28 2 0 0.191 6.98e-06 9.61e-09 0.00493 0.349
10 11 5 2 1 28 2 0 0.173 6.6e-06 9.54e-09 0.00533 0.357
10 12 5 2 1 28 2 0 0.157 6.22e-06 9.48e-09 0.00572 0.364
10 13 5 2 1 28 2 0 0.143 5.89e-06 9.47e-09 0.00609 0.37
10 14 5 2 1 28 2 0 0.132 5.61e-06 9.51e-09 0.00646 0.376
10 15 5 2 1 28 2 0 0.121 5.4e-06 9.56e-09 0.00681 0.382
10 16 5 2 1 28 2 0 0.112 5.23e-06 9.63e-09 0.00716 0.387
10 17 5 2 1 28 2 0 0.104 5.07e-06 9.71e-09 0.00749 0.392
10 18 5 2 1 28 2 0 0.0974 4.91e-06 9.79e-09 0.00782 0.398
10 19 5 2 1 28 2 0 0.091 4.77e-06 9.88e-09 0.00813 0.404
10 20 5 2 1 28 2 0 0.0853 4.63e-06 9.97e-09 0.00844 0.41
10 21 5 2 1 29 2 0 0.0801 4.5e-06 6.03e-09 0.00874 0.415
10 22 5 2 1 29 2 0 0.0754 4.37e-06 6.09e-09 0.00903 0.42
10 23 5 2 1 29 2 0 0.0711 4.24e-06 6.16e-09 0.00931 0.426
10 24 5 2 1 29 2 0 0.0672 4.12e-06 6.22e-09 0.00959 0.431
10 25 5 2 1 29 2 0 0.0636 4.01e-06 6.29e-09 0.00985 0.436
10 26 5 2 1 29 2 0 0.0603 3.89e-06 6.36e-09 0.0101 0.441
10 27 5 2 1 29 2 0 0.0572 3.78e-06 6.43e-09 0.0104 0.445
10 28 5 2 1 29 2 0 0.0544 3.67e-06 6.5e-09 0.0106 0.45
10 29 5 2 1 29 2 0 0.0517 3.56e-06 6.57e-09 0.0108 0.454
10 30 5 2 1 29 2 0 0.0493 3.45e-06 6.65e-09 0.0111 0.459
10 31 5 2 1 29 2 0 0.047 3.35e-06 6.72e-09 0.0113 0.463
10 32 5 2 1 29 2 0 0.0448 3.25e-06 6.8e-09 0.0115 0.467
10 33 5 2 1 29 2 0 0.0428 3.16e-06 6.88e-09 0.0117 0.472
10 34 5 2 1 29 2 0 0.0409 3.09e-06 6.96e-09 0.012 0.476
10 35 5 2 1 29 2 0 0.0392 3.02e-06 7.04e-09 0.0122 0.48
10 36 5 2 1 29 2 0 0.0375 2.95e-06 7.12e-09 0.0124 0.484
10 37 5 2 1 29 2 0 0.0359 2.88e-06 7.2e-09 0.0125 0.488
10 38 5 2 1 29 2 0 0.0345 2.81e-06 7.28e-09 0.0127 0.492
10 39 5 2 1 29 2 0 0.0331 2.74e-06 7.36e-09 0.0129 0.495
10 40 5 2 1 29 2 0 0.0317 2.68e-06 7.44e-09 0.0131 0.499
10 41 5 2 1 29 2 0 0.0305 2.61e-06 7.52e-09 0.0133 0.502
10 42 5 2 1 29 2 0 0.0293 2.54e-06 7.61e-09 0.0134 0.506
10 43 5 2 1 29 2 0 0.0282 2.48e-06 7.69e-09 0.0136 0.509
10 44 5 2 1 29 2 0 0.0271 2.41e-06 7.77e-09 0.0138 0.513
10 45 5 2 1 29 2 0 0.0261 2.35e-06 7.86e-09 0.0139 0.516
10 46 5 2 1 29 2 0 0.0251 2.29e-06 7.94e-09 0.0141 0.519
10 47 5 2 1 29 2 0 0.0242 2.23e-06 8.02e-09 0.0142 0.522
10 48 5 2 1 29 2 0 0.0233 2.17e-06 8.11e-09 0.0143 0.525
10 49 5 2 1 29 2 0 0.0225 2.11e-06 8.19e-09 0.0145 0.528
10 50 5 2 1 29 2 0 0.0217 2.05e-06 8.27e-09 0.0146 0.531
10 51 5 2 1 29 2 0 0.0209 1.99e-06 8.36e-09 0.0148 0.534
10 52 5 2 1 29 2 0 0.0202 1.93e-06 8.44e-09 0.0149 0.537
10 53 5 2 1 29 2 0 0.0195 1.88e-06 8.52e-09 0.015 0.539
10 54 5 2 1 29 2 0 0.0188 1.82e-06 8.61e-09 0.0151 0.542
10 55 5 2 1 29 2 0 0.0182 1.77e-06 8.69e-09 0.0152 0.544
10 56 5 2 1 29 2 0 0.0176 1.72e-06 8.77e-09 0.0154 0.547
10 57 5 2 1 29 2 0 0.017 1.67e-06 8.85e-09 0.0155 0.549
10 58 5 2 1 29 2 0 0.0164 1.62e-06 8.94e-09 0.0156 0.552
10 59 5 2 1 29 2 0 0.0159 1.57e-06 9.02e-09 0.0157 0.554
10 60 5 2 1 29 2 0 0.0153 1.52e-06 9.1e-09 0.0158 0.556
10 61 5 2 1 29 2 0 0.0148 1.47e-06 9.18e-09 0.0159 0.559
10 62 5 2 1 29 2 0 0.0144 1.43e-06 9.26e-09 0.016 0.561
10 63 5 2 1 29 2 0 0.0139 1.38e-06 9.34e-09 0.0161 0.563
10 64 5 2 1 29 2 0 0.0134 1.34e-06 9.42e-09 0.0162 0.565
10 65 5 2 1 29 2 0 0.013 1.3e-06 9.49e-09 0.0163 0.567
10 66 5 2 1 29 2 0 0.0126 1.25e-06 9.57e-09 0.0164 0.569
10 67 5 2 1 29 2 0 0.0122 1.21e-06 9.65e-09 0.0164 0.571
10 68 5 2 1 29 2 0 0.0118 1.19e-06 9.73e-09 0.0165 0.573
10 69 5 2 1 29 2 0 0.0115 1.18e-06 9.8e-09 0.0166 0.574
10 70 5 2 1 29 2 0 0.0111 1.16e-06 9.88e-09 0.0167 0.576
10 71 5 2 1 29 2 0 0.0108 1.15e-06 9.95e-09 0.0168 0.578
10 72 5 2 1 30 2 0 0.0104 1.13e-06 6e-09 0.0168 0.58
10 73 5 2 1 30 2 0 0.0101 1.12e-06 6.04e-09 0.0169 0.581
10 74 5 2 1 30 2 0 0.0098 1.1e-06 6.09e-09 0.017 0.583
10 75 5 2 1 30 2 0 0.0095 1.09e-06 6.13e-09 0.017 0.584
10 76 5 2 1 30 2 0 0.00921 1.07e-06 6.17e-09 0.0171 0.586
10 77 5 2 1 30 2 0 0.00893 1.06e-06 6.22e-09 0.0172 0.588
10 78 5 2 1 30 2 0 0.00866 1.05e-06 6.26e-09 0.0172 0.589
10 79 5 2 1 30 2 0 0.0084 1.04e-06 6.3e-09 0.0173 0.591
10 80 5 2 1 30 2 0 0.00815 1.03e-06 6.34e-09 0.0174 0.592
10 81 5 2 1 30 2 0 0.00791 1.02e-06 6.38e-09 0.0174 0.593
10 82 5 2 1 30 2 0 0.00768 1.02e-06 6.42e-09 0.0175 0.595
10 83 5 2 1 30 2 0 0.00745 1.01e-06 6.46e-09 0.0175 0.596
10 84 5 2 1 30 2 0 0.00723 1e-06 6.5e-09 0.0176 0.597
10 85 5 2 1 30 2 0 0.00702 9.93e-07 6.54e-09 0.0176 0.598
10 86 5 2 1 30 2 0 0.00681 9.85e-07 6.58e-09 0.0177 0.6
10 87 5 2 1 30 2 0 0.00661 9.77e-07 6.62e-09 0.0177 0.601
10 88 5 2 1 30 2 0 0.00642 9.68e-07 6.66e-09 0.0178 0.602
10 89 5 2 1 30 2 0 0.00623 9.6e-07 6.7e-09 0.0178 0.603
10 90 5 2 1 30 2 0 0.00605 9.51e-07 6.73e-09 0.0179 0.604
10 91 5 2 1 30 2 0 0.00588 9.43e-07 6.77e-09 0.0179 0.605
10 92 5 2 1 30 2 0 0.00571 9.34e-07 6.81e-09 0.018 0.606
10 93 5 2 1 30 2 0 0.00555 9.25e-07 6.84e-09 0.018 0.607
10 94 5 2 1 30 2 0 0.00539 9.16e-07 6.88e-09 0.0181 0.608
10 95 5 2 1 30 2 0 0.00523 9.08e-07 6.92e-09 0.0181 0.609
10 96 5 2 1 30 2 0 0.00508 8.99e-07 6.95e-09 0.0181 0.61
10 97 5 2 1 30 2 0 0.00494 8.9e-07 6.98e-09 0.0182 0.611
10 98 5 2 1 30 2 0 0.0048 8.81e-07 7.02e-09 0.0182 0.612
10 99 5 2 1 30 2 0 0.00466 8.71e-07 7.05e-09 0.0182 0.613
10 100 5 2 1 30 2 0 0.00453 8.62e-07 7.09e-09 0.0183 0.614
10 101 5 2 1 30 2 0 0.0044 8.53e-07 7.12e-09 0.0183 0.615
10 102 5 2 1 30 2 0 0.00428 8.44e-07 7.15e-09 0.0184 0.616
10 103 5 2 1 30 2 0 0.00416 8.35e-07 7.18e-09 0.0184 0.616
10 104 5 2 1 30 2 0 0.00404 8.26e-07 7.22e-09 0.0184 0.617
10 105 5 2 1 30 2 0 0.00393 8.16e-07 7.25e-09 0.0184 0.618
10 106 5 2 1 30 2 0 0.00382 8.07e-07 7.28e-09 0.0185 0.619
10 107 5 2 1 30 2 0 0.00371 7.98e-07 7.31e-09 0.0185 0.619
10 108 5 2 1 30 2 0 0.00361 7.89e-07 7.34e-09 0.0185 0.62
10 109 5 2 1 30 2 0 0.0035 7.8e-07 7.37e-09 0.0186 0.621
10 110 5 2 1 30 2 0 0.00341 7.7e-07 7.4e-09 0.0186 0.622
10 111 5 2 1 30 2 0 0.00331 7.61e-07 7.43e-09 0.0186 0.622
10 112 5 2 1 30 2 0 0.00322 7.52e-07 7.46e-09 0.0186 0.623
10 113 5 2 1 30 2 0 0.00313 7.43e-07 7.48e-09 0.0187 0.624
10 114 5 2 1 30 2 0 0.00304 7.34e-07 7.51e-09 0.0187 0.624
10 115 5 2 1 30 2 0 0.00296 7.25e-07 7.54e-09 0.0187 0.625
10 116 5 2 1 30 2 0 0.00288 7.16e-07 7.57e-09 0.0187 0.625
10 117 5 2 1 30 2 0 0.0028 7.07e-07 7.59e-09 0.0188 0.626
10 118 5 2 1 30 2 0 0.00272 6.98e-07 7.62e-09 0.0188 0.626
10 119 5 2 1 30 2 0 0.00265 6.89e-07 7.65e-09 0.0188 0.627
10 120 5 2 1 30 2 0 0.00257 6.8e-07 7.67e-09 0.0188 0.628
10 121 5 2 1 30 2 0 0.0025 6.71e-07 7.7e-09 0.0188 0.628
10 122 5 2 1 30 2 0 0.00243 6.62e-07 7.72e-09 0.0189 0.629
10 123 5 2 1 30 2 0 0.00237 6.53e-07 7.75e-09 0.0189 0.629
10 124 5 2 1 30 2 0 0.0023 6.45e-07 7.77e-09 0.0189 0.63
10 125 5 2 1 30 2 0 0.00224 6.36e-07 7.8e-09 0.0189 0.63
10 126 5 2 1 30 2 0 0.00218 6.33e-07 7.82e-09 0.0189 0.631
10 127 5 2 1 30 2 0 0.00212 6.31e-07 7.84e-09 0.019 0.631
10 128 5 2 1 30 2 0 0.00206 6.29e-07 7.87e-09 0.019 0.631
10 129 5 2 1 30 2 0 0.002 6.27e-07 7.89e-09 0.019 0.632
10 130 5 2 1 30 2 0 0.00195 6.24e-07 7.91e-09 0.019 0.632
10 131 5 2 1 30 2 0 0.0019 6.22e-07 7.93e-09 0.019 0.633
10 132 5 2 1 30 2 0 0.00184 6.19e-07 7.96e-09 0.019 0.633
10 133 5 2 1 30 2 0 0.00179 6.16e-07 7.98e-09 0.019 0.633
10 134 5 2 1 30 2 0 0.00175 6.13e-07 8e-09 0.0191 0.634
10 135 5 2 1 30 2 0 0.0017 6.1e-07 8.02e-09 0.0191 0.634
10 136 5 2 1 30 2 0 0.00165 6.07e-07 8.04e-09 0.0191 0.635
10 137 5 2 1 30 2 0 0.00161 6.04e-07 8.06e-09 0.0191 0.635
10 138 5 2 1 30 2 0 0.00156 6.01e-07 8.08e-09 0.0191 0.635
10 139 5 2 1 30 2 0 0.00152 5.97e-07 8.1e-09 0.0191 0.636
10 140 5 2 1 30 2 0 0.00148 5.94e-07 8.12e-09 0.0191 0.636
10 141 5 2 1 30 2 0 0.447 5.9e-07 8.14e-09 0.0191 0.636
10 142 5 2 1 30 2 0 0.0132 1.63e-06 8.16e-09 0.0191 0.645
10 143 5 2 1 30 2 0 0.0146 1.43e-06 8.73e-09 0.0192 0.641
10 144 5 2 1 30 2 0 0.00732 1.05e-06 7.9e-09 0.0192 0.639
10 145 5 2 1 30 2 0 0.00455 7.52e-07 8.06e-09 0.0192 0.638
10 146 5 2 1 30 2 0 0.00319 6.98e-07 8.14e-09 0.0192 0.638
10 147 5 2 1 30 2 0 0.00245 6.46e-07 8.19e-09 0.0192 0.638
10 148 5 2 1 30 2 0 0.00202 6.14e-07 8.22e-09 0.0192 0.639
10 149 5 2 1 30 2 0 0.00174 5.96e-07 8.25e-09 0.0192 0.639
10 150 5 2 1 30 2 0 0.00155 5.86e-07 8.28e-09 0.0192 0.639
10 151 5 2 1 30 2 0 0.00325 5.77e-07 8.3e-09 0.0192 0.639
10 152 5 2 1 30 2 0 0.0131 1.72e-06 8.33e-09 0.0192 0.648
10 153 5 2 1 30 2 0 0.0145 1.4e-06 8.9e-09 0.0192 0.643
10 154 5 2 1 30 2 0 0.00715 1.06e-06 8.07e-09 0.0192 0.641
10 155 5 2 1 30 2 0 0.00436 7.33e-07 8.23e-09 0.0192 0.641
10 156 5 2 1 30 2 0 0.00299 6.75e-07 8.3e-09 0.0193 0.641
10 157 5 2 1 30 2 0 0.00225 6.2e-07 8.36e-09 0.0193 0.641
10 158 5 2 1 30 2 0 0.00181 5.85e-07 8.39e-09 0.0193 0.641
10 159 5 2 1 30 2 0 0.00153 5.66e-07 8.42e-09 0.0193 0.641
10 160 5 2 1 30 2 0 0.00134 5.54e-07 8.44e-09 0.0193 0.641
10 161 5 2 1 30 2 0 0.00258 5.44e-07 8.46e-09 0.0193 0.641
10 162 5 2 1 30 2 0 0.0129 1.76e-06 8.48e-09 0.0193 0.65
10 163 5 2 1 30 2 0 0.0127 2.91e-06 9.05e-09 0.0193 0.646
10 164 5 2 1 30 2 0 0.0197 4.17e-06 8.14e-09 0.0193 0.645
10 165 5 2 1 30 2 0 0.00719 1.23e-06 8.48e-09 0.0193 0.644
10 166 5 2 1 30 2 0 0.00322 7.59e-07 8.44e-09 0.0193 0.643
10 167 5 2 1 30 2 0 0.00218 6.44e-07 8.46e-09 0.0193 0.643
10 168 5 2 1 30 2 0 0.00172 6.58e-07 8.5e-09 0.0193 0.642
10 169 5 2 1 30 2 0 0.00143 6.34e-07 8.55e-09 0.0193 0.642
10 170 5 2 1 30 2 0 0.00124 6.02e-07 8.58e-09 0.0193 0.643
10 171 5 2 1 30 2 0 0.0011 5.73e-07 8.6e-09 0.0193 0.643
10 172 5 2 1 30 2 0 0.0112 5.68e-06 8.62e-09 0.0193 0.652
10 173 5 2 1 30 2 0 0.0196 4.41e-06 9.11e-09 0.0193 0.649
10 174 5 2 1 30 2 0 0.00718 1.4e-06 8.46e-09 0.0193 0.647
10 175 5 2 1 30 2 0 0.00421 8.26e-07 8.49e-09 0.0193 0.645
10 176 5 2 1 30 2 0 0.00281 6.79e-07 8.54e-09 0.0193 0.644
10 177 5 2 1 30 2 0 0.00205 6.69e-07 8.6e-09 0.0193 0.643
10 178 5 2 1 30 2 0 0.00161 6.25e-07 8.65e-09 0.0193 0.643
10 179 5 2 1 30 2 0 0.00132 5.82e-07 8.68e-09 0.0194 0.644
10 180 5 2 1 30 2 0 0.00113 5.49e-07 8.7e-09 0.0194 0.644
10 181 5 2 1 30 2 0 0.00151 5.22e-07 8.72e-09 0.0193 0.644
10 182 5 2 1 30 2 0 0.0111 5.7e-06 8.74e-09 0.0193 0.653
10 183 5 2 1 30 2 0 0.0195 4.4e-06 9.22e-09 0.0193 0.65
10 184 5 2 1 30 2 0 0.00712 1.36e-06 8.57e-09 0.0193 0.648
10 185 5 2 1 30 2 0 0.00413 7.82e-07 8.6e-09 0.0193 0.646
10 186 5 2 1 30 2 0 0.00273 6.34e-07 8.64e-09 0.0194 0.645
10 187 5 2 1 30 2 0 0.00197 6.24e-07 8.7e-09 0.0194 0.644
10 188 5 2 1 30 2 0 0.00153 5.81e-07 8.75e-09 0.0194 0.645
10 189 5 2 1 30 2 0 0.00125 5.38e-07 8.78e-09 0.0194 0.645
10 190 5 2 1 30 2 0 0.00106 5.05e-07 8.81e-09 0.0194 0.645
10 191 5 2 1 30 2 0 0.00128 4.78e-07 8.82e-09 0.0194 0.645
10 192 5 2 1 30 2 0 0.011 5.72e-06 8.84e-09 0.0194 0.654
10 193 5 2 1 30 2 0 0.0195 4.39e-06 9.32e-09 0.0194 0.651
10 194 5 2 1 30 2 0 0.00708 1.32e-06 8.66e-09 0.0194 0.649
10 195 5 2 1 30 2 0 0.00406 7.42e-07 8.7e-09 0.0194 0.647
10 196 5 2 1 30 2 0 0.00267 5.9e-07 8.74e-09 0.0194 0.646
10 197 5 2 1 30 2 0 0.00191 5.8e-07 8.8e-09 0.0194 0.645
10 198 5 2 1 30 2 0 0.00147 5.37e-07 8.84e-09 0.0194 0.645
10 199 5 2 1 30 2 0 0.00119 4.95e-07 8.87e-09 0.0194 0.645
10 200 5 2 1 30 2 0 0.001 4.61e-07 8.89e-09 0.0194 0.646
10 201 5 2 1 30 2 0 0.0011 4.35e-07 8.91e-09 0.0194 0.646
10 202 5 2 1 30 2 0 0.011 5.73e-06 8.92e-09 0.0194 0.655
10 203 5 2 1 30 2 0 0.0194 4.39e-06 9.4e-09 0.0194 0.652
10 204 5 2 1 30 2 0 0.00705 1.28e-06 8.75e-09 0.0194 0.649
10 205 5 2 1 30 2 0 0.00401 7.06e-07 8.78e-09 0.0194 0.647
10 206 5 2 1 30 2 0 0.00262 5.48e-07 8.82e-09 0.0194 0.646
10 207 5 2 1 30 2 0 0.00186 5.38e-07 8.87e-09 0.0194 0.646
10 208 5 2 1 30 2 0 0.00142 4.95e-07 8.92e-09 0.0194 0.646
10 209 5 2 1 30 2 0 0.00114 4.53e-07 8.95e-09 0.0194 0.646
10 210 5 2 1 30 2 0 0.000959 4.2e-07 8.97e-09 0.0194 0.646
stationary flow nc = 2 i = 210 du = 0.000959147
# Quadtree, 210 steps, 288.413 CPU, 301.5 real, 1.7e+04 points.step/s, 33 var
10 0 5 2 1 30 2 0 0 4.2e-07 8.97e-09 0 0
10 1 5 2 1 5 2 0 1 0 0 0.000699 0
10 2 6 2 1 31 2 0 0.961 6.45e-06 8.3e-09 0.00107 0.271
10 3 6 2 1 30 2 0 0.763 6.71e-06 6.48e-09 0.00138 0.332
10 4 6 2 1 28 2 0 0.584 6.59e-06 6.26e-09 0.00171 0.313
10 5 6 3 1 27 2 0 0.442 5.8e-06 7.68e-09 0.00205 0.292
10 6 5 3 1 27 2 0 0.368 8.97e-06 9.52e-09 0.00239 0.29
10 7 5 3 1 28 2 0 0.309 7.01e-06 6.69e-09 0.00272 0.296
10 8 5 3 1 28 2 0 0.265 6.16e-06 7.13e-09 0.00302 0.307
10 9 5 3 1 28 2 0 0.232 5.86e-06 7.29e-09 0.00332 0.317
10 10 5 3 1 28 2 0 0.205 5.63e-06 7.42e-09 0.00359 0.325
10 11 5 3 1 28 2 0 0.182 5.32e-06 7.58e-09 0.00386 0.333
10 12 5 3 1 28 2 0 0.164 4.94e-06 7.79e-09 0.00411 0.34
10 13 5 3 1 28 2 0 0.148 4.54e-06 8.02e-09 0.00435 0.347
10 14 5 3 1 28 2 0 0.134 4.16e-06 8.25e-09 0.00458 0.353
10 15 5 3 1 28 2 0 0.123 3.94e-06 8.48e-09 0.0048 0.359
10 16 5 3 1 28 2 0 0.112 3.79e-06 8.7e-09 0.00502 0.366
10 17 5 3 1 28 2 0 0.103 3.63e-06 8.92e-09 0.00522 0.372
10 18 5 3 1 28 2 0 0.0954 3.46e-06 9.13e-09 0.00541 0.377
10 19 5 3 1 28 2 0 0.0883 3.29e-06 9.33e-09 0.0056 0.383
10 20 5 3 1 28 2 0 0.0819 3.12e-06 9.53e-09 0.00578 0.388
10 21 5 3 1 28 2 0 0.0762 2.95e-06 9.72e-09 0.00595 0.393
10 22 5 3 1 28 2 0 0.071 2.78e-06 9.91e-09 0.00611 0.398
10 23 5 3 1 29 2 0 0.0663 2.62e-06 6.12e-09 0.00626 0.403
10 24 5 3 1 29 2 0 0.062 2.46e-06 6.22e-09 0.00641 0.408
10 25 5 3 1 29 2 0 0.0581 2.31e-06 6.32e-09 0.00656 0.412
10 26 5 3 1 29 2 0 0.0545 2.17e-06 6.42e-09 0.00669 0.416
10 27 5 3 1 29 2 0 0.0512 2.03e-06 6.51e-09 0.00683 0.421
10 28 5 3 1 29 2 0 0.0482 1.9e-06 6.59e-09 0.00695 0.424
10 29 5 3 1 29 2 0 0.0454 1.77e-06 6.68e-09 0.00707 0.428
10 30 5 3 1 29 2 0 0.0428 1.65e-06 6.75e-09 0.00719 0.432
10 31 5 3 1 29 2 0 0.0404 1.54e-06 6.83e-09 0.0073 0.436
10 32 5 3 1 29 2 0 0.0381 1.43e-06 6.9e-09 0.0074 0.439
10 33 5 3 1 29 2 0 0.036 1.33e-06 6.97e-09 0.00751 0.443
10 34 5 3 1 29 2 0 0.0341 1.24e-06 7.03e-09 0.0076 0.446
10 35 5 3 1 29 2 0 0.0323 1.15e-06 7.09e-09 0.0077 0.449
10 36 5 3 1 29 2 0 0.0306 1.07e-06 7.14e-09 0.00779 0.452
10 37 5 3 1 29 2 0 0.029 9.87e-07 7.19e-09 0.00787 0.455
10 38 5 3 1 29 2 0 0.0275 9.14e-07 7.24e-09 0.00795 0.458
10 39 5 3 1 29 2 0 0.0261 8.44e-07 7.28e-09 0.00803 0.46
10 40 5 3 1 29 2 0 0.0248 7.8e-07 7.32e-09 0.00811 0.463
10 41 5 3 1 29 2 0 0.0235 7.32e-07 7.36e-09 0.00818 0.465
10 42 5 3 1 29 2 0 0.0224 7.07e-07 7.4e-09 0.00825 0.468
10 43 5 3 1 29 2 0 0.0213 6.82e-07 7.43e-09 0.00831 0.47
10 44 5 3 1 29 2 0 0.0202 6.58e-07 7.46e-09 0.00838 0.472
10 45 5 3 1 29 2 0 0.0192 6.33e-07 7.48e-09 0.00844 0.474
10 46 5 3 1 29 2 0 0.0183 6.09e-07 7.51e-09 0.0085 0.476
10 47 5 3 1 29 2 0 0.0174 5.85e-07 7.53e-09 0.00855 0.478
10 48 5 3 1 29 2 0 0.0166 5.61e-07 7.55e-09 0.00861 0.48
10 49 5 3 1 29 2 0 0.0158 5.38e-07 7.57e-09 0.00866 0.482
10 50 5 3 1 29 2 0 0.0151 5.16e-07 7.58e-09 0.00871 0.484
10 51 5 3 1 29 2 0 0.0144 4.94e-07 7.59e-09 0.00876 0.485
10 52 5 3 1 29 2 0 0.0137 4.73e-07 7.6e-09 0.0088 0.487
10 53 5 3 1 29 2 0 0.0131 4.52e-07 7.61e-09 0.00884 0.488
10 54 5 3 1 29 2 0 0.0125 4.32e-07 7.62e-09 0.00889 0.49
10 55 5 3 1 29 2 0 0.0119 4.13e-07 7.62e-09 0.00893 0.491
10 56 5 3 1 29 2 0 0.0114 3.94e-07 7.62e-09 0.00896 0.493
10 57 5 3 1 29 2 0 0.0109 3.75e-07 7.62e-09 0.009 0.494
10 58 5 3 1 29 2 0 0.0104 3.58e-07 7.62e-09 0.00904 0.495
10 59 5 3 1 29 2 0 0.0099 3.41e-07 7.62e-09 0.00907 0.497
10 60 5 3 1 29 2 0 0.00945 3.35e-07 7.62e-09 0.0091 0.498
10 61 5 3 1 29 2 0 0.42 3.3e-07 7.61e-09 0.00912 0.499
10 62 5 3 1 29 2 0 0.0378 2.51e-06 7.6e-09 0.00914 0.511
10 63 5 3 1 29 2 0 0.0126 1.85e-06 7.28e-09 0.00917 0.51
10 64 5 3 1 29 2 0 0.00897 6.89e-07 7.62e-09 0.00919 0.508
10 65 5 3 1 29 2 0 0.00763 4.42e-07 7.66e-09 0.00922 0.507
10 66 5 3 1 29 2 0 0.00698 3.99e-07 7.62e-09 0.00924 0.507
10 67 5 3 1 29 2 0 0.00668 3.51e-07 7.58e-09 0.00927 0.508
10 68 5 3 1 29 2 0 0.00643 3.39e-07 7.54e-09 0.00929 0.509
10 69 5 3 1 29 2 0 0.00618 3.26e-07 7.51e-09 0.00931 0.51
10 70 5 3 1 29 2 0 0.00593 3.09e-07 7.48e-09 0.00933 0.51
10 71 5 3 1 29 2 0 0.0055 2.9e-07 7.47e-09 0.00935 0.511
10 72 5 3 1 29 2 0 0.0298 3.24e-06 7.45e-09 0.00937 0.509
10 73 5 3 1 29 2 0 0.0167 8.78e-07 7.53e-09 0.00939 0.509
10 74 5 3 1 29 2 0 0.0111 5.82e-07 7.41e-09 0.00941 0.51
10 75 5 3 1 29 2 0 0.0083 3.51e-07 7.38e-09 0.00943 0.511
10 76 5 3 1 29 2 0 0.00673 2.32e-07 7.37e-09 0.00944 0.512
10 77 5 3 1 29 2 0 0.00576 2.32e-07 7.36e-09 0.00946 0.512
10 78 5 3 1 29 2 0 0.00513 2.36e-07 7.34e-09 0.00948 0.513
10 79 5 3 1 29 2 0 0.00469 2.36e-07 7.32e-09 0.00949 0.513
10 80 5 3 1 29 2 0 0.00435 2.34e-07 7.3e-09 0.00951 0.514
10 81 5 3 1 29 2 0 0.00783 2.32e-07 7.28e-09 0.0095 0.514
10 82 5 3 1 29 2 0 0.0334 2.65e-06 7.26e-09 0.00951 0.527
10 83 5 3 1 29 2 0 0.00825 1.84e-06 6.9e-09 0.00952 0.524
10 84 5 3 1 29 2 0 0.00472 6.39e-07 7.24e-09 0.00953 0.521
10 85 5 3 1 29 2 0 0.00354 3.92e-07 7.27e-09 0.00954 0.52
10 86 5 3 1 29 2 0 0.00307 3.04e-07 7.22e-09 0.00956 0.52
10 87 5 3 1 29 2 0 0.00284 2.59e-07 7.16e-09 0.00957 0.52
10 88 5 3 1 29 2 0 0.00271 2.34e-07 7.11e-09 0.00958 0.52
10 89 5 3 1 29 2 0 0.00263 2.22e-07 7.06e-09 0.00959 0.521
10 90 5 3 1 29 2 0 0.00254 2.18e-07 7.03e-09 0.0096 0.521
10 91 5 3 1 29 2 0 0.00237 2.15e-07 7e-09 0.0096 0.522
10 92 5 3 1 29 2 0 0.0269 3.34e-06 6.98e-09 0.00961 0.519
10 93 5 3 1 29 2 0 0.0139 7.44e-07 7.06e-09 0.00962 0.519
10 94 5 3 1 29 2 0 0.00837 4.46e-07 6.92e-09 0.00963 0.519
10 95 5 3 1 29 2 0 0.00567 2.54e-07 6.88e-09 0.00964 0.52
10 96 5 3 1 29 2 0 0.0042 2.37e-07 6.86e-09 0.00965 0.52
10 97 5 3 1 29 2 0 0.00334 2.27e-07 6.85e-09 0.00966 0.52
10 98 5 3 1 29 2 0 0.00281 2.11e-07 6.83e-09 0.00967 0.521
10 99 5 3 1 29 2 0 0.00246 1.89e-07 6.8e-09 0.00967 0.521
10 100 5 3 1 29 2 0 0.00222 1.72e-07 6.77e-09 0.00968 0.521
10 101 5 3 1 29 2 0 0.00205 1.71e-07 6.75e-09 0.00967 0.521
10 102 5 3 1 29 2 0 0.0316 2.69e-06 6.72e-09 0.00967 0.534
10 103 5 3 1 29 2 0 0.00646 1.88e-06 6.35e-09 0.00967 0.531
10 104 5 3 1 29 2 0 0.00319 6.54e-07 6.7e-09 0.00968 0.528
10 105 5 3 1 29 2 0 0.00187 4.06e-07 6.72e-09 0.00968 0.526
10 106 5 3 1 29 2 0 0.00147 3.15e-07 6.67e-09 0.00969 0.526
10 107 5 3 1 29 2 0 0.00132 2.42e-07 6.6e-09 0.00969 0.526
10 108 5 3 1 29 2 0 0.00124 2.04e-07 6.55e-09 0.0097 0.526
10 109 5 3 1 29 2 0 0.00118 2.01e-07 6.5e-09 0.0097 0.526
10 110 5 3 1 29 2 0 0.00115 1.99e-07 6.47e-09 0.00971 0.527
10 111 5 3 1 29 2 0 0.0132 1.97e-07 6.44e-09 0.00969 0.527
10 112 5 3 1 29 2 0 0.0317 7.45e-06 6.41e-09 0.00969 0.53
10 113 5 3 1 29 2 0 0.0209 4.81e-06 6.11e-09 0.0097 0.524
10 114 5 3 1 29 2 0 0.0149 1e-06 6.6e-09 0.0097 0.523
10 115 5 3 1 29 2 0 0.00789 5.33e-07 6.39e-09 0.00971 0.523
10 116 5 3 1 29 2 0 0.00477 3.37e-07 6.33e-09 0.00971 0.524
10 117 5 3 1 29 2 0 0.00325 2.77e-07 6.28e-09 0.00972 0.524
10 118 5 3 1 29 2 0 0.00244 2.34e-07 6.25e-09 0.00972 0.524
10 119 5 3 1 29 2 0 0.00198 1.98e-07 6.22e-09 0.00973 0.524
10 120 5 3 1 29 2 0 0.00172 1.83e-07 6.19e-09 0.00973 0.524
10 121 5 3 1 29 2 0 0.0036 1.8e-07 6.17e-09 0.00972 0.524
10 122 5 3 1 29 2 0 0.0311 2.7e-06 6.14e-09 0.00972 0.536
10 123 5 3 1 28 2 0 0.00595 1.9e-06 9.51e-09 0.00972 0.533
10 124 5 3 1 29 2 0 0.00272 6.7e-07 6.12e-09 0.00972 0.53
10 125 5 3 1 29 2 0 0.00139 3.94e-07 6.14e-09 0.00973 0.528
10 126 5 3 1 29 2 0 0.000999 3e-07 6.09e-09 0.00973 0.528
stationary flow nc = 3 i = 126 du = 0.000998826
# Quadtree, 126 steps, 223.232 CPU, 231.1 real, 1.62e+04 points.step/s, 33 var
10 0 5 3 1 29 2 0 0 3e-07 6.09e-09 0 0
10 1 5 3 1 5 2 0 1 0 0 0.000599 0
10 2 5 3 1 38 2 0 1.11 7.83e-06 7.06e-09 0.000828 0.259
10 3 5 3 1 34 2 0 0.927 7.97e-06 9.16e-09 0.00103 0.308
10 4 5 3 1 31 2 0 0.688 5.07e-06 7.46e-09 0.00125 0.296
10 5 5 3 1 31 2 0 0.489 4.68e-06 7.86e-09 0.00148 0.285
10 6 5 3 1 32 2 0 0.406 2.6e-06 8.32e-09 0.00171 0.287
10 7 5 3 1 32 2 0 0.33 2.33e-06 9.47e-09 0.00191 0.294
10 8 5 3 1 32 2 0 0.275 2.14e-06 9.23e-09 0.0021 0.304
10 9 5 3 1 32 2 0 0.235 2.03e-06 8.65e-09 0.00228 0.313
10 10 5 3 1 32 2 0 0.203 1.95e-06 8.09e-09 0.00244 0.322
10 11 5 3 1 32 2 0 0.178 1.86e-06 7.67e-09 0.0026 0.33
10 12 5 3 1 32 2 0 0.157 1.78e-06 7.37e-09 0.00274 0.338
10 13 5 3 1 32 2 0 0.139 1.69e-06 7.15e-09 0.00287 0.345
10 14 5 3 1 32 2 0 0.125 1.62e-06 6.96e-09 0.003 0.351
10 15 5 3 1 32 2 0 0.112 1.54e-06 6.79e-09 0.00311 0.358
10 16 5 3 1 31 2 0 0.101 1.47e-06 9.97e-09 0.00322 0.364
10 17 5 3 1 31 2 0 0.091 1.4e-06 9.75e-09 0.00332 0.369
10 18 5 3 1 31 2 0 0.0825 1.34e-06 9.53e-09 0.00341 0.375
10 19 5 3 1 31 2 0 0.075 1.28e-06 9.32e-09 0.0035 0.38
10 20 5 3 1 31 2 0 0.0684 1.21e-06 9.12e-09 0.00358 0.385
10 21 5 3 1 31 2 0 0.322 1.15e-06 8.93e-09 0.00364 0.389
10 22 5 2 1 31 2 0 0.122 3.1e-06 8.74e-09 0.00371 0.406
10 23 5 2 1 30 2 0 0.0666 5.67e-06 7.4e-09 0.00377 0.409
10 24 5 2 1 31 2 0 0.0522 3.9e-06 8.39e-09 0.00383 0.409
10 25 5 2 1 31 2 0 0.0457 3.21e-06 8.93e-09 0.00388 0.41
10 26 5 2 1 31 2 0 0.041 2.88e-06 8.64e-09 0.00394 0.412
10 27 5 2 1 31 2 0 0.0375 2.71e-06 8.14e-09 0.00399 0.414
10 28 5 2 1 31 2 0 0.0347 2.59e-06 7.69e-09 0.00403 0.417
10 29 5 2 1 31 2 0 0.0322 2.47e-06 7.35e-09 0.00408 0.42
10 30 5 2 1 31 2 0 0.0298 2.35e-06 7.1e-09 0.00412 0.423
10 31 5 2 1 31 2 0 0.193 2.22e-06 6.9e-09 0.00413 0.425
10 32 6 2 1 31 2 0 0.0856 2.46e-06 6.69e-09 0.00417 0.433
10 33 5 2 1 29 2 0 0.0595 8.55e-06 8.7e-09 0.0042 0.427
10 34 5 2 1 31 2 0 0.0463 3.2e-06 9.37e-09 0.00423 0.426
10 35 5 2 1 31 2 0 0.0311 2.25e-06 7.25e-09 0.00426 0.427
10 36 5 2 1 30 2 0 0.0241 1.74e-06 9.98e-09 0.00429 0.429
10 37 5 2 1 30 2 0 0.0204 1.45e-06 9.38e-09 0.00432 0.431
10 38 5 2 1 30 2 0 0.0182 1.29e-06 8.99e-09 0.00435 0.433
10 39 5 2 1 30 2 0 0.0169 1.26e-06 8.71e-09 0.00437 0.434
10 40 5 2 1 30 2 0 0.0156 1.22e-06 8.47e-09 0.00439 0.436
10 41 5 2 1 30 2 0 0.0253 1.17e-06 8.24e-09 0.0044 0.437
10 42 5 2 1 30 2 0 0.0819 3e-06 8.01e-09 0.00441 0.454
10 43 5 2 1 29 2 0 0.0299 3.67e-06 8.42e-09 0.00442 0.453
10 44 5 2 1 30 2 0 0.0168 2.12e-06 7.62e-09 0.00444 0.45
10 45 5 2 1 30 2 0 0.0115 1.44e-06 8.74e-09 0.00445 0.447
10 46 5 2 1 30 2 0 0.00945 1.33e-06 8.32e-09 0.00447 0.447
10 47 5 2 1 30 2 0 0.00839 1.16e-06 7.51e-09 0.00448 0.447
10 48 5 2 1 30 2 0 0.0079 1.03e-06 6.79e-09 0.00449 0.448
10 49 5 2 1 29 2 0 0.00753 9.63e-07 9.67e-09 0.00451 0.449
10 50 5 2 1 29 2 0 0.00716 9.31e-07 9.41e-09 0.00452 0.45
10 51 5 2 1 29 2 0 0.0564 9.18e-07 9.44e-09 0.00451 0.451
10 52 6 2 1 29 2 0 0.0676 2.61e-06 9.43e-09 0.00451 0.457
10 53 6 2 1 29 2 0 0.0436 1.74e-06 9.38e-09 0.00452 0.449
10 54 5 2 1 30 2 0 0.0316 3.29e-06 9.99e-09 0.00453 0.446
10 55 5 2 1 30 2 0 0.0173 2.21e-06 6.6e-09 0.00454 0.446
10 56 5 2 1 29 2 0 0.0112 1.62e-06 9.55e-09 0.00456 0.447
10 57 5 2 1 29 2 0 0.00839 1.27e-06 9.56e-09 0.00457 0.448
10 58 5 2 1 29 2 0 0.00695 1.06e-06 9.57e-09 0.00458 0.448
10 59 5 2 1 29 2 0 0.00608 9.17e-07 9.58e-09 0.00459 0.449
10 60 5 2 1 29 2 0 0.00559 8.13e-07 9.59e-09 0.00459 0.449
10 61 5 2 1 29 2 0 0.0052 7.76e-07 9.62e-09 0.00458 0.45
10 62 5 2 1 29 2 0 0.0739 3.78e-06 9.64e-09 0.00458 0.467
10 63 5 2 1 29 2 0 0.0225 3.3e-06 9.42e-09 0.00458 0.465
10 64 5 2 1 30 2 0 0.00995 1.65e-06 6.08e-09 0.00459 0.461
10 65 5 2 1 30 2 0 0.00476 1.09e-06 6.11e-09 0.00459 0.458
10 66 5 2 1 29 2 0 0.00313 1.07e-06 9.98e-09 0.0046 0.456
10 67 5 2 1 29 2 0 0.00252 9.7e-07 9.94e-09 0.0046 0.456
10 68 5 2 1 29 2 0 0.00232 8.63e-07 9.91e-09 0.00461 0.456
10 69 5 2 1 29 2 0 0.00225 7.93e-07 9.9e-09 0.00461 0.457
10 70 5 2 1 29 2 0 0.0022 7.58e-07 9.9e-09 0.00461 0.457
10 71 5 2 1 29 2 0 0.0293 7.43e-07 9.9e-09 0.0046 0.457
10 72 6 2 1 29 2 0 0.0636 2.62e-06 9.88e-09 0.0046 0.464
10 73 6 2 1 29 2 0 0.0401 1.83e-06 9.81e-09 0.0046 0.454
10 74 5 3 1 30 2 0 0.0283 1.82e-06 7.45e-09 0.00461 0.452
10 75 5 3 1 29 2 0 0.0142 8.69e-07 9.96e-09 0.00461 0.451
10 76 5 3 1 29 2 0 0.00824 5.98e-07 9.95e-09 0.00462 0.452
10 77 5 3 1 29 2 0 0.00564 4.35e-07 9.94e-09 0.00463 0.452
10 78 5 3 1 29 2 0 0.00438 3.32e-07 9.94e-09 0.00463 0.453
10 79 5 3 1 29 2 0 0.00369 2.66e-07 9.94e-09 0.00464 0.453
10 80 5 3 1 29 2 0 0.00326 2.25e-07 9.94e-09 0.00464 0.453
10 81 5 3 1 29 2 0 0.0087 1.95e-07 9.95e-09 0.00463 0.454
10 82 5 3 1 29 2 0 0.0721 2.62e-06 9.97e-09 0.00463 0.471
10 83 5 3 1 30 2 0 0.0208 1.5e-06 8.89e-09 0.00462 0.469
10 84 5 3 1 30 2 0 0.00831 1.02e-06 6.26e-09 0.00462 0.464
10 85 5 3 1 30 2 0 0.00316 6.28e-07 6.57e-09 0.00463 0.461
10 86 5 3 1 30 2 0 0.00163 3.85e-07 6.49e-09 0.00463 0.459
10 87 5 3 1 30 2 0 0.00128 2.21e-07 6.28e-09 0.00463 0.459
10 88 5 3 1 30 2 0 0.00115 1.92e-07 6.18e-09 0.00463 0.459
10 89 5 3 1 30 2 0 0.00107 1.74e-07 6.16e-09 0.00464 0.459
10 90 5 3 1 30 2 0 0.00105 1.62e-07 6.16e-09 0.00464 0.46
10 91 5 3 1 30 2 0 0.0228 1.53e-07 6.16e-09 0.00462 0.46
10 92 5 3 1 30 2 0 0.0626 6.25e-06 6.13e-09 0.00462 0.465
10 93 5 3 1 30 2 0 0.0392 6.08e-06 8.07e-09 0.00462 0.456
10 94 5 3 1 30 2 0 0.0275 1.34e-06 7.88e-09 0.00462 0.453
10 95 5 3 1 30 2 0 0.0134 8.29e-07 6.63e-09 0.00463 0.453
10 96 5 3 1 30 2 0 0.00754 5.75e-07 6.36e-09 0.00464 0.453
10 97 5 3 1 30 2 0 0.00498 4.39e-07 6.25e-09 0.00464 0.454
10 98 5 3 1 30 2 0 0.00377 3.5e-07 6.21e-09 0.00465 0.454
10 99 5 3 1 30 2 0 0.00312 2.9e-07 6.21e-09 0.00465 0.454
10 100 5 3 1 30 2 0 0.00272 2.5e-07 6.22e-09 0.00465 0.454
10 101 5 3 1 30 2 0 0.0102 2.22e-07 6.24e-09 0.00464 0.455
10 102 5 3 1 30 2 0 0.0716 2.61e-06 6.25e-09 0.00464 0.472
10 103 5 3 1 31 2 0 0.0204 1.55e-06 7.14e-09 0.00463 0.47
10 104 5 3 1 30 2 0 0.00792 1.01e-06 6.44e-09 0.00463 0.465
10 105 5 3 1 30 2 0 0.00277 6.15e-07 6.89e-09 0.00463 0.462
10 106 5 3 1 30 2 0 0.00126 3.74e-07 6.8e-09 0.00464 0.46
10 107 5 3 1 30 2 0 0.00103 2.09e-07 6.58e-09 0.00464 0.46
10 108 5 3 1 30 2 0 0.000866 1.46e-07 6.48e-09 0.00464 0.46
stationary flow nc = 4 i = 108 du = 0.000865753
# Quadtree, 108 steps, 232.755 CPU, 238.9 real, 1.54e+04 points.step/s, 33 var
10 0 5 3 1 30 2 0 0 1.46e-07 6.48e-09 0 0
10 1 5 3 1 5 2 0 1 0 0 0.000498 0
10 2 5 3 1 35 2 0 1.26 8.64e-06 8.73e-09 0.000614 0.249
10 3 5 3 1 33 2 0 1.06 7.98e-06 9.59e-09 0.000726 0.308
10 4 5 3 1 32 2 0 0.764 6.99e-06 8.53e-09 0.00085 0.313
10 5 5 3 1 31 2 0 0.577 5.36e-06 8.02e-09 0.000973 0.311
10 6 5 3 1 30 2 0 0.416 3.32e-06 8.24e-09 0.00109 0.315
10 7 5 3 1 30 2 0 0.317 2.84e-06 8.92e-09 0.00119 0.323
10 8 5 3 1 30 2 0 0.253 2.6e-06 8.93e-09 0.00128 0.332
10 9 5 3 1 30 2 0 0.209 2.46e-06 8.57e-09 0.00135 0.342
10 10 5 3 1 30 2 0 0.175 2.34e-06 8.26e-09 0.00142 0.351
10 11 5 3 1 30 2 0 0.149 2.21e-06 8.11e-09 0.00148 0.359
10 12 5 3 1 30 2 0 0.127 2.08e-06 8.08e-09 0.00153 0.367
10 13 5 3 1 30 2 0 0.109 1.94e-06 8.1e-09 0.00158 0.373
10 14 5 3 1 30 2 0 0.0931 1.8e-06 8.14e-09 0.00162 0.379
10 15 5 3 1 30 2 0 0.08 1.66e-06 8.18e-09 0.00165 0.384
10 16 5 3 1 30 2 0 0.069 1.53e-06 8.2e-09 0.00168 0.388
10 17 5 3 1 30 2 0 0.0596 1.4e-06 8.21e-09 0.00171 0.392
10 18 5 3 1 30 2 0 0.0516 1.29e-06 8.21e-09 0.00173 0.396
10 19 5 3 1 30 2 0 0.0448 1.19e-06 8.21e-09 0.00175 0.399
10 20 5 3 1 30 2 0 0.0389 1.1e-06 8.19e-09 0.00177 0.402
10 21 5 3 1 30 2 0 0.0339 1.02e-06 8.18e-09 0.00179 0.404
10 22 5 3 1 30 2 0 0.0296 9.48e-07 8.15e-09 0.0018 0.406
10 23 5 3 1 30 2 0 0.0258 8.76e-07 8.12e-09 0.00181 0.408
10 24 5 3 1 30 2 0 0.0225 8.09e-07 8.09e-09 0.00183 0.41
10 25 5 3 1 30 2 0 0.0197 7.47e-07 8.05e-09 0.00183 0.412
10 26 5 3 1 30 2 0 0.0172 6.88e-07 8e-09 0.00184 0.413
10 27 5 3 1 30 2 0 0.0151 6.33e-07 7.96e-09 0.00185 0.414
10 28 5 3 1 30 2 0 0.0132 5.95e-07 7.91e-09 0.00186 0.415
10 29 5 3 1 30 2 0 0.0116 5.65e-07 7.85e-09 0.00186 0.416
10 30 5 3 1 30 2 0 0.0102 5.36e-07 7.8e-09 0.00187 0.417
10 31 5 3 1 30 2 0 0.0089 5.07e-07 7.74e-09 0.00187 0.418
10 32 5 3 1 30 2 0 0.00781 4.8e-07 7.68e-09 0.00188 0.419
10 33 5 3 1 30 2 0 0.00685 4.54e-07 7.62e-09 0.00188 0.419
10 34 5 3 1 30 2 0 0.00601 4.28e-07 7.55e-09 0.00188 0.42
10 35 5 3 1 30 2 0 0.00528 4.04e-07 7.49e-09 0.00188 0.42
10 36 5 3 1 30 2 0 0.00463 3.81e-07 7.42e-09 0.00189 0.421
10 37 5 3 1 30 2 0 0.00407 3.74e-07 7.36e-09 0.00189 0.421
10 38 5 3 1 30 2 0 0.00357 3.71e-07 7.29e-09 0.00189 0.422
10 39 5 3 1 30 2 0 0.00313 3.68e-07 7.22e-09 0.00189 0.422
10 40 5 3 1 30 2 0 0.00275 3.64e-07 7.16e-09 0.00189 0.422
10 41 5 3 1 30 2 0 0.00242 3.6e-07 7.09e-09 0.00189 0.423
10 42 5 3 1 30 2 0 0.00212 3.55e-07 7.03e-09 0.0019 0.423
10 43 5 3 1 30 2 0 0.00186 3.5e-07 6.96e-09 0.0019 0.423
10 44 5 3 1 30 2 0 0.00163 3.44e-07 6.89e-09 0.0019 0.423
10 45 5 3 1 30 2 0 0.00143 3.39e-07 6.83e-09 0.0019 0.423
10 46 5 3 1 30 2 0 0.00126 3.33e-07 6.76e-09 0.0019 0.423
10 47 5 3 1 30 2 0 0.00111 3.27e-07 6.7e-09 0.0019 0.424
10 48 5 3 1 30 2 0 0.00097 3.21e-07 6.63e-09 0.0019 0.424
stationary flow nc = 5 i = 48 du = 0.000969592
# Quadtree, 48 steps, 122.309 CPU, 128.5 real, 1.46e+04 points.step/s, 33 var
10 0 5 3 1 30 2 0 0 3.21e-07 6.63e-09 0 0
10 1 5 3 1 5 2 0 1 0 0 0.000398 0
10 2 5 3 1 51 4 0 1.18 8.99e-06 9.06e-09 0.000424 0.235
10 3 6 3 1 42 4 0 0.998 3.04e-06 9.01e-09 0.000457 0.322
10 4 6 3 1 39 4 0 0.722 3.71e-06 7.28e-09 0.000485 0.355
10 5 6 3 1 37 4 0 0.615 2.35e-06 8.94e-09 0.00051 0.367
10 6 6 3 1 37 4 0 0.367 1.45e-06 9.47e-09 0.000531 0.373
10 7 5 3 1 37 4 0 0.229 9.76e-06 7.75e-09 0.000549 0.377
10 8 5 3 1 37 4 0 0.148 8.58e-06 6.71e-09 0.000563 0.382
10 9 5 3 1 36 4 0 0.1 7.37e-06 9.42e-09 0.000574 0.386
10 10 5 3 1 37 4 0 0.0719 6.26e-06 8.28e-09 0.000582 0.391
10 11 5 3 1 37 4 0 0.0537 5.29e-06 8.26e-09 0.000588 0.395
10 12 5 3 1 37 4 0 0.0409 4.45e-06 8.33e-09 0.000592 0.398
10 13 5 3 1 37 4 0 0.0313 3.72e-06 8.44e-09 0.000595 0.401
10 14 5 3 1 37 4 0 0.0237 3.31e-06 8.56e-09 0.000596 0.403
10 15 5 3 1 37 4 0 0.0177 3.12e-06 8.7e-09 0.000598 0.405
10 16 5 3 1 37 4 0 0.013 2.95e-06 8.85e-09 0.000598 0.406
10 17 5 3 1 37 4 0 0.00948 2.78e-06 9.01e-09 0.000599 0.407
10 18 5 3 1 37 4 0 0.00682 2.64e-06 9.18e-09 0.000599 0.408
10 19 5 3 1 37 4 0 0.00487 2.51e-06 9.35e-09 0.0006 0.409
10 20 5 3 1 37 4 0 0.00345 2.42e-06 9.51e-09 0.0006 0.409
10 21 5 3 1 37 4 0 0.00243 2.32e-06 9.68e-09 0.0006 0.41
10 22 5 3 1 37 4 0 0.0017 2.21e-06 9.84e-09 0.0006 0.41
10 23 5 3 1 37 4 0 0.00117 2.1e-06 9.99e-09 0.000599 0.41
10 24 5 3 1 38 4 0 0.000794 1.99e-06 6.71e-09 0.000599 0.411
stationary flow nc = 6 i = 24 du = 0.000794304
# Quadtree, 24 steps, 113.187 CPU, 116.3 real, 9.02e+03 points.step/s, 33 var
10 0 5 3 1 38 4 0 0 1.99e-06 6.71e-09 0 0
10 1 5 3 1 5 4 0 1 0 0 0.000298 0
10 2 5 3 1 25 3 0 1.38 8.17e-06 8.59e-09 0.000265 0.219
10 3 5 3 1 31 2 0 0.469 9.19e-06 8.82e-09 0.000236 0.335
10 4 5 3 1 28 2 0 0.428 8.03e-06 9.77e-09 0.000198 0.399
10 5 5 3 1 28 2 0 0.484 7.47e-06 6.75e-09 0.000161 0.429
10 6 5 3 1 28 2 0 0.642 4.28e-06 8.38e-09 0.000131 0.443
10 7 5 3 1 29 2 0 0.688 3.65e-06 8.39e-09 0.000109 0.446
10 8 5 3 1 30 2 0 0.642 3.24e-06 6.45e-09 9.5e-05 0.445
10 9 5 3 1 30 2 0 0.521 2.9e-06 7.23e-09 8.62e-05 0.442
10 10 5 3 1 30 2 0 0.378 2.58e-06 7.63e-09 8.14e-05 0.439
10 11 5 3 1 30 2 0 0.256 2.27e-06 7.8e-09 7.92e-05 0.437
10 12 5 3 1 30 2 0 0.164 1.99e-06 7.86e-09 7.85e-05 0.435
10 13 5 3 1 30 2 0 0.102 1.74e-06 7.87e-09 7.86e-05 0.434
10 14 5 3 1 30 2 0 0.0615 1.51e-06 7.79e-09 7.89e-05 0.433
10 15 5 3 1 30 2 0 0.0379 1.31e-06 7.69e-09 7.93e-05 0.434
10 16 5 3 1 30 2 0 0.028 1.22e-06 7.65e-09 7.95e-05 0.434
10 17 5 3 1 30 2 0 0.0267 1.21e-06 7.67e-09 7.95e-05 0.434
10 18 5 3 1 30 2 0 0.0242 1.22e-06 7.7e-09 7.94e-05 0.435
10 19 5 3 1 30 2 0 0.0214 1.22e-06 7.74e-09 7.92e-05 0.435
10 20 5 3 1 30 2 0 0.0185 1.21e-06 7.77e-09 7.9e-05 0.436
10 21 5 3 1 30 2 0 0.0171 1.19e-06 7.81e-09 7.87e-05 0.436
10 22 5 3 1 30 2 0 0.0165 1.17e-06 7.85e-09 7.85e-05 0.436
10 23 5 3 1 30 2 0 0.0154 1.14e-06 7.89e-09 7.83e-05 0.436
10 24 5 3 1 30 2 0 0.0141 1.11e-06 7.92e-09 7.8e-05 0.437
10 25 5 3 1 30 2 0 0.0126 1.08e-06 7.96e-09 7.79e-05 0.437
10 26 5 3 1 30 2 0 0.0112 1.04e-06 7.99e-09 7.77e-05 0.437
10 27 5 3 1 30 2 0 0.00982 1e-06 8.02e-09 7.76e-05 0.437
10 28 5 3 1 30 2 0 0.00859 9.67e-07 8.04e-09 7.75e-05 0.437
10 29 5 2 1 30 2 0 0.00751 1.1e-06 8.07e-09 7.74e-05 0.437
10 30 5 2 1 30 2 0 0.00659 1.17e-06 8.09e-09 7.73e-05 0.437
10 31 5 2 1 30 2 0 0.00582 1.14e-06 8.12e-09 7.72e-05 0.437
10 32 5 2 1 30 2 0 0.00516 1.1e-06 8.14e-09 7.71e-05 0.437
10 33 5 2 1 30 2 0 0.00461 1.07e-06 8.15e-09 7.71e-05 0.437
10 34 5 2 1 30 2 0 0.00413 1.04e-06 8.17e-09 7.7e-05 0.437
10 35 5 2 1 30 2 0 0.00371 1.01e-06 8.19e-09 7.69e-05 0.437
10 36 5 2 1 30 2 0 0.00335 9.76e-07 8.2e-09 7.69e-05 0.437
10 37 5 2 1 30 2 0 0.00303 9.46e-07 8.22e-09 7.68e-05 0.437
10 38 5 2 1 30 2 0 0.00275 9.16e-07 8.23e-09 7.68e-05 0.437
10 39 5 2 1 30 2 0 0.00249 8.88e-07 8.25e-09 7.68e-05 0.437
10 40 5 2 1 30 2 0 0.00228 8.61e-07 8.26e-09 7.67e-05 0.437
10 41 5 2 1 30 2 0 0.00209 8.34e-07 8.27e-09 7.67e-05 0.437
10 42 5 2 1 30 2 0 0.00191 8.16e-07 8.28e-09 7.67e-05 0.437
10 43 5 2 1 30 2 0 0.00175 8.04e-07 8.29e-09 7.66e-05 0.437
10 44 5 2 1 30 2 0 0.00161 8.03e-07 8.29e-09 7.66e-05 0.437
10 45 5 2 1 30 2 0 0.00147 8.01e-07 8.3e-09 7.66e-05 0.437
10 46 5 2 1 30 2 0 0.00135 7.98e-07 8.31e-09 7.65e-05 0.437
10 47 5 2 1 30 2 0 0.00123 7.94e-07 8.31e-09 7.65e-05 0.437
10 48 5 2 1 30 2 0 0.00113 7.89e-07 8.32e-09 7.65e-05 0.437
10 49 5 2 1 30 2 0 0.00103 7.83e-07 8.32e-09 7.65e-05 0.437
10 50 5 2 1 30 2 0 0.000943 7.76e-07 8.33e-09 7.65e-05 0.437
stationary flow nc = 7 i = 50 du = 0.00094258
# Quadtree, 50 steps, 145.792 CPU, 149.6 real, 1.52e+04 points.step/s, 33 var
10 0 5 2 1 30 2 0 0 7.76e-07 8.33e-09 0 0
10 1 5 2 1 5 2 0 1 0 0 0.000248 0
10 2 6 2 1 34 2 0 1.5 5.92e-06 9.11e-09 0.000203 0.208
10 3 6 2 1 32 2 0 0.559 5.14e-06 6.97e-09 0.000163 0.328
10 4 6 2 1 31 2 0 0.629 5.5e-06 6.57e-09 0.000118 0.392
10 5 6 2 1 29 2 0 0.975 4.07e-06 6.84e-09 7.88e-05 0.422
10 6 6 2 1 27 2 0 1.39 3.36e-06 7e-09 5.07e-05 0.434
10 7 6 2 1 29 2 0 1.61 2.77e-06 6.47e-09 3.28e-05 0.435
10 8 6 2 1 29 2 0 1.66 2.23e-06 8.51e-09 2.29e-05 0.433
10 9 5 2 1 29 2 0 1.45 9.37e-06 9.05e-09 1.83e-05 0.429
10 10 5 2 1 29 2 0 1.12 8.59e-06 8.76e-09 1.69e-05 0.427
10 11 5 2 1 29 2 0 0.716 7.82e-06 8.14e-09 1.7e-05 0.426
10 12 5 2 1 29 2 0 0.439 7.1e-06 7.47e-09 1.77e-05 0.426
10 13 5 2 1 29 2 0 0.3 6.45e-06 6.89e-09 1.83e-05 0.428
10 14 5 2 1 29 2 0 0.236 5.87e-06 6.46e-09 1.86e-05 0.43
10 15 5 2 1 28 2 0 0.21 5.34e-06 9.84e-09 1.87e-05 0.432
10 16 5 2 1 29 2 0 0.204 4.87e-06 6.31e-09 1.84e-05 0.434
10 17 5 2 1 29 2 0 0.206 4.44e-06 6.63e-09 1.8e-05 0.437
10 18 5 2 1 29 2 0 0.209 4.04e-06 6.95e-09 1.75e-05 0.439
10 19 5 2 1 29 2 0 0.21 3.67e-06 7.26e-09 1.7e-05 0.441
10 20 5 2 1 29 2 0 0.209 3.33e-06 7.55e-09 1.65e-05 0.443
10 21 5 2 1 29 2 0 0.204 3.05e-06 7.84e-09 1.6e-05 0.444
10 22 5 2 1 29 2 0 0.197 2.91e-06 8.12e-09 1.55e-05 0.445
10 23 5 2 1 29 2 0 0.189 2.78e-06 8.39e-09 1.52e-05 0.447
10 24 5 2 1 29 2 0 0.18 2.65e-06 8.65e-09 1.48e-05 0.448
10 25 5 2 1 29 2 0 0.171 2.53e-06 8.91e-09 1.45e-05 0.449
10 26 5 2 1 29 2 0 0.163 2.41e-06 9.16e-09 1.42e-05 0.451
10 27 5 2 1 29 2 0 0.156 2.3e-06 9.39e-09 1.4e-05 0.452
10 28 5 2 1 29 2 0 0.149 2.18e-06 9.63e-09 1.37e-05 0.453
10 29 5 2 1 29 2 0 0.142 2.08e-06 9.85e-09 1.35e-05 0.454
10 30 5 2 1 30 2 0 0.136 1.97e-06 6.08e-09 1.33e-05 0.455
10 31 5 2 1 30 2 0 0.131 1.88e-06 6.21e-09 1.31e-05 0.456
10 32 5 2 1 30 2 0 0.126 1.78e-06 6.33e-09 1.29e-05 0.457
10 33 5 2 1 30 2 0 0.121 1.69e-06 6.44e-09 1.27e-05 0.457
10 34 5 2 1 30 2 0 0.117 1.6e-06 6.56e-09 1.26e-05 0.458
10 35 5 2 1 30 2 0 0.112 1.52e-06 6.67e-09 1.24e-05 0.459
10 36 5 2 1 30 2 0 0.108 1.49e-06 6.77e-09 1.23e-05 0.459
10 37 5 2 1 30 2 0 0.104 1.46e-06 6.88e-09 1.21e-05 0.46
10 38 5 2 1 30 2 0 0.1 1.43e-06 6.98e-09 1.2e-05 0.461
10 39 5 2 1 30 2 0 0.0968 1.4e-06 7.07e-09 1.19e-05 0.461
10 40 5 2 1 30 2 0 0.0935 1.36e-06 7.17e-09 1.18e-05 0.462
10 41 5 2 1 30 2 0 0.0902 1.33e-06 7.26e-09 1.16e-05 0.463
10 42 5 2 1 30 2 0 0.0871 1.29e-06 7.35e-09 1.15e-05 0.463
10 43 5 2 1 30 2 0 0.0841 1.26e-06 7.43e-09 1.14e-05 0.464
10 44 5 2 1 30 2 0 0.0812 1.22e-06 7.51e-09 1.13e-05 0.464
10 45 5 2 1 30 2 0 0.0784 1.19e-06 7.59e-09 1.12e-05 0.465
10 46 5 2 1 30 2 0 0.0757 1.15e-06 7.67e-09 1.11e-05 0.465
10 47 5 2 1 30 2 0 0.0731 1.12e-06 7.75e-09 1.11e-05 0.465
10 48 5 2 1 30 2 0 0.0705 1.08e-06 7.82e-09 1.1e-05 0.466
10 49 5 2 1 30 2 0 0.0682 1.05e-06 7.89e-09 1.09e-05 0.466
10 50 5 2 1 30 2 0 0.066 1.02e-06 7.96e-09 1.08e-05 0.466
10 51 5 2 1 30 2 0 0.0639 9.88e-07 8.02e-09 1.08e-05 0.467
10 52 5 2 1 30 2 0 0.0618 9.59e-07 8.09e-09 1.07e-05 0.467
10 53 5 2 1 30 2 0 0.0598 9.41e-07 8.15e-09 1.06e-05 0.467
10 54 5 2 1 30 2 0 0.0579 9.31e-07 8.21e-09 1.06e-05 0.468
10 55 5 2 1 30 2 0 0.056 9.22e-07 8.27e-09 1.05e-05 0.468
10 56 5 2 1 30 2 0 0.0541 9.12e-07 8.32e-09 1.05e-05 0.468
10 57 5 2 1 30 2 0 0.0524 9.01e-07 8.37e-09 1.04e-05 0.469
10 58 5 2 1 30 2 0 0.0507 8.91e-07 8.43e-09 1.03e-05 0.469
10 59 5 2 1 30 2 0 0.049 8.8e-07 8.48e-09 1.03e-05 0.469
10 60 5 2 1 30 2 0 0.0474 8.69e-07 8.52e-09 1.02e-05 0.469
10 61 5 2 1 30 2 0 0.046 8.58e-07 8.57e-09 1.02e-05 0.47
10 62 5 2 1 30 2 0 0.0446 8.47e-07 8.62e-09 1.02e-05 0.47
10 63 5 2 1 30 2 0 0.0432 8.35e-07 8.66e-09 1.01e-05 0.47
10 64 5 2 1 30 2 0 0.0419 8.24e-07 8.7e-09 1.01e-05 0.47
10 65 5 2 1 30 2 0 0.0406 8.12e-07 8.74e-09 1e-05 0.47
10 66 5 2 1 30 2 0 0.0393 8e-07 8.78e-09 1e-05 0.471
10 67 5 2 1 30 2 0 0.0381 7.88e-07 8.82e-09 9.97e-06 0.471
10 68 5 2 1 30 2 0 0.0369 7.76e-07 8.85e-09 9.94e-06 0.471
10 69 5 2 1 30 2 0 0.0358 7.64e-07 8.89e-09 9.9e-06 0.471
10 70 5 2 1 30 2 0 0.0347 7.52e-07 8.92e-09 9.87e-06 0.471
10 71 5 2 1 30 2 0 0.0337 7.4e-07 8.96e-09 9.84e-06 0.471
10 72 5 2 1 30 2 0 0.0327 7.28e-07 8.99e-09 9.82e-06 0.471
10 73 5 2 1 30 2 0 0.0318 7.16e-07 9.02e-09 9.79e-06 0.472
10 74 5 2 1 30 2 0 0.0308 7.04e-07 9.04e-09 9.76e-06 0.472
10 75 5 2 1 30 2 0 0.0299 6.92e-07 9.07e-09 9.74e-06 0.472
10 76 5 2 1 30 2 0 0.0291 6.8e-07 9.1e-09 9.72e-06 0.472
10 77 5 2 1 30 2 0 0.0282 6.69e-07 9.12e-09 9.69e-06 0.472
10 78 5 2 1 30 2 0 0.0274 6.57e-07 9.15e-09 9.67e-06 0.472
10 79 5 2 1 30 2 0 0.0266 6.45e-07 9.17e-09 9.65e-06 0.472
10 80 5 2 1 30 2 0 0.0259 6.33e-07 9.19e-09 9.63e-06 0.472
10 81 5 2 1 30 2 0 0.0252 6.22e-07 9.21e-09 9.61e-06 0.472
10 82 5 2 1 30 2 0 0.0245 6.16e-07 9.24e-09 9.6e-06 0.472
10 83 5 2 1 30 2 0 0.0238 6.13e-07 9.25e-09 9.58e-06 0.472
10 84 5 2 1 30 2 0 0.0231 6.1e-07 9.27e-09 9.56e-06 0.472
10 85 5 2 1 30 2 0 0.0225 6.07e-07 9.29e-09 9.55e-06 0.472
10 86 5 2 1 30 2 0 0.0219 6.04e-07 9.31e-09 9.53e-06 0.472
10 87 5 2 1 30 2 0 0.0213 6e-07 9.32e-09 9.52e-06 0.472
10 88 5 2 1 30 2 0 0.0207 5.97e-07 9.34e-09 9.51e-06 0.473
10 89 5 2 1 30 2 0 0.0201 5.93e-07 9.35e-09 9.49e-06 0.473
10 90 5 2 1 30 2 0 0.0195 5.89e-07 9.37e-09 9.48e-06 0.473
10 91 5 2 1 30 2 0 0.019 5.85e-07 9.38e-09 9.47e-06 0.473
10 92 5 2 1 30 2 0 0.0185 5.81e-07 9.39e-09 9.46e-06 0.473
10 93 5 2 1 30 2 0 0.018 5.76e-07 9.41e-09 9.45e-06 0.473
10 94 5 2 1 30 2 0 0.0175 5.72e-07 9.42e-09 9.44e-06 0.473
10 95 5 2 1 30 2 0 0.0171 5.67e-07 9.43e-09 9.43e-06 0.473
10 96 5 2 1 30 2 0 0.0166 5.62e-07 9.44e-09 9.43e-06 0.473
10 97 5 2 1 30 2 0 0.0162 5.57e-07 9.45e-09 9.42e-06 0.473
10 98 5 2 1 30 2 0 0.0157 5.52e-07 9.46e-09 9.41e-06 0.473
10 99 5 2 1 30 2 0 0.0153 5.47e-07 9.46e-09 9.4e-06 0.473
10 100 5 2 1 30 2 0 0.0149 5.42e-07 9.47e-09 9.4e-06 0.473
10 101 5 2 1 30 2 0 0.0145 5.37e-07 9.48e-09 9.39e-06 0.473
10 102 5 2 1 30 2 0 0.0141 5.32e-07 9.48e-09 9.39e-06 0.473
10 103 5 2 1 30 2 0 0.0137 5.26e-07 9.49e-09 9.38e-06 0.473
10 104 5 2 1 30 2 0 0.0133 5.21e-07 9.5e-09 9.38e-06 0.473
10 105 5 2 1 30 2 0 0.0129 5.16e-07 9.5e-09 9.37e-06 0.473
10 106 5 2 1 30 2 0 0.0126 5.1e-07 9.51e-09 9.37e-06 0.473
10 107 5 2 1 30 2 0 0.0122 5.05e-07 9.51e-09 9.37e-06 0.473
10 108 5 2 1 30 2 0 0.0119 4.99e-07 9.51e-09 9.36e-06 0.473
10 109 5 2 1 30 2 0 0.0115 4.93e-07 9.52e-09 9.36e-06 0.473
10 110 5 2 1 30 2 0 0.0112 4.88e-07 9.52e-09 9.36e-06 0.473
10 111 5 2 1 30 2 0 0.0109 4.82e-07 9.52e-09 9.36e-06 0.473
10 112 5 2 1 30 2 0 0.0106 4.77e-07 9.53e-09 9.36e-06 0.473
10 113 5 2 1 30 2 0 0.0102 4.71e-07 9.53e-09 9.35e-06 0.473
10 114 5 2 1 30 2 0 0.00995 4.65e-07 9.53e-09 9.35e-06 0.473
10 115 5 2 1 30 2 0 0.00965 4.6e-07 9.53e-09 9.35e-06 0.473
10 116 5 2 1 30 2 0 0.00936 4.54e-07 9.53e-09 9.35e-06 0.473
10 117 5 2 1 30 2 0 0.00908 4.48e-07 9.53e-09 9.35e-06 0.473
10 118 5 2 1 30 2 0 0.00881 4.43e-07 9.53e-09 9.35e-06 0.473
10 119 5 2 1 30 2 0 0.00854 4.37e-07 9.53e-09 9.35e-06 0.473
10 120 5 2 1 30 2 0 0.00828 4.31e-07 9.53e-09 9.35e-06 0.473
10 121 5 2 1 30 2 0 0.00803 4.26e-07 9.53e-09 9.35e-06 0.473
10 122 5 2 1 30 2 0 0.00778 4.2e-07 9.53e-09 9.35e-06 0.473
10 123 5 2 1 30 2 0 0.00753 4.14e-07 9.53e-09 9.35e-06 0.473
10 124 5 2 1 30 2 0 0.0073 4.09e-07 9.53e-09 9.36e-06 0.473
10 125 5 2 1 30 2 0 0.00707 4.03e-07 9.53e-09 9.36e-06 0.473
10 126 5 2 1 30 2 0 0.00684 3.98e-07 9.53e-09 9.36e-06 0.473
10 127 5 2 1 30 2 0 0.00662 3.92e-07 9.53e-09 9.36e-06 0.473
10 128 5 2 1 30 2 0 0.00641 3.87e-07 9.52e-09 9.36e-06 0.473
10 129 5 2 1 30 2 0 0.00623 3.81e-07 9.52e-09 9.37e-06 0.473
10 130 5 2 1 30 2 0 0.00605 3.76e-07 9.52e-09 9.37e-06 0.473
10 131 5 2 1 30 2 0 0.00588 3.7e-07 9.52e-09 9.37e-06 0.473
10 132 5 2 1 30 2 0 0.00571 3.65e-07 9.51e-09 9.37e-06 0.473
10 133 5 2 1 30 2 0 0.00554 3.6e-07 9.51e-09 9.38e-06 0.473
10 134 5 2 1 30 2 0 0.00538 3.54e-07 9.51e-09 9.38e-06 0.473
10 135 5 2 1 30 2 0 0.00522 3.49e-07 9.5e-09 9.38e-06 0.473
10 136 5 2 1 30 2 0 0.00507 3.44e-07 9.5e-09 9.38e-06 0.473
10 137 5 2 1 30 2 0 0.00492 3.39e-07 9.5e-09 9.39e-06 0.473
10 138 5 2 1 30 2 0 0.00479 3.34e-07 9.49e-09 9.39e-06 0.473
10 139 5 2 1 30 2 0 0.00465 3.28e-07 9.49e-09 9.39e-06 0.473
10 140 5 2 1 30 2 0 0.00452 3.23e-07 9.48e-09 9.4e-06 0.473
10 141 5 2 1 30 2 0 0.00439 3.18e-07 9.48e-09 9.4e-06 0.473
10 142 5 2 1 30 2 0 0.00426 3.13e-07 9.48e-09 9.41e-06 0.473
10 143 5 2 1 30 2 0 0.00413 3.08e-07 9.47e-09 9.41e-06 0.473
10 144 5 2 1 30 2 0 0.00401 3.04e-07 9.47e-09 9.41e-06 0.473
10 145 5 2 1 30 2 0 0.00389 2.99e-07 9.46e-09 9.42e-06 0.473
10 146 5 2 1 30 2 0 0.00378 2.94e-07 9.46e-09 9.42e-06 0.473
10 147 5 2 1 30 2 0 0.00367 2.89e-07 9.45e-09 9.43e-06 0.473
10 148 5 2 1 30 2 0 0.00356 2.85e-07 9.45e-09 9.43e-06 0.473
10 149 5 2 1 30 2 0 0.00346 2.8e-07 9.44e-09 9.43e-06 0.473
10 150 5 2 1 30 2 0 0.00336 2.75e-07 9.44e-09 9.44e-06 0.473
10 151 5 2 1 30 2 0 0.00327 2.71e-07 9.43e-09 9.44e-06 0.473
10 152 5 2 1 30 2 0 0.00317 2.66e-07 9.43e-09 9.45e-06 0.473
10 153 5 2 1 30 2 0 0.00308 2.62e-07 9.42e-09 9.45e-06 0.473
10 154 5 2 1 30 2 0 0.00299 2.57e-07 9.42e-09 9.46e-06 0.473
10 155 5 2 1 30 2 0 0.0029 2.53e-07 9.41e-09 9.46e-06 0.473
10 156 5 2 1 30 2 0 0.00282 2.49e-07 9.41e-09 9.46e-06 0.473
10 157 5 2 1 30 2 0 0.00274 2.45e-07 9.4e-09 9.47e-06 0.472
10 158 5 2 1 30 2 0 0.00266 2.4e-07 9.39e-09 9.47e-06 0.472
10 159 5 2 1 30 2 0 0.00258 2.36e-07 9.39e-09 9.48e-06 0.472
10 160 5 2 1 30 2 0 0.00251 2.32e-07 9.38e-09 9.48e-06 0.472
10 161 5 2 1 30 2 0 0.00244 2.28e-07 9.38e-09 9.49e-06 0.472
10 162 5 2 1 30 2 0 0.00237 2.24e-07 9.37e-09 9.49e-06 0.472
10 163 5 2 1 30 2 0 0.0023 2.2e-07 9.37e-09 9.5e-06 0.472
10 164 5 2 1 30 2 0 0.00224 2.16e-07 9.36e-09 9.5e-06 0.472
10 165 5 2 1 30 2 0 0.00224 2.13e-07 9.36e-09 9.51e-06 0.472
10 166 5 2 1 30 2 0 0.00224 2.09e-07 9.35e-09 9.51e-06 0.472
10 167 5 2 1 30 2 0 0.00223 2.05e-07 9.34e-09 9.52e-06 0.472
10 168 5 2 1 30 2 0 0.00223 2.01e-07 9.34e-09 9.52e-06 0.472
10 169 5 2 1 30 2 0 0.00222 1.98e-07 9.33e-09 9.53e-06 0.472
10 170 5 2 1 30 2 0 0.00222 1.94e-07 9.33e-09 9.53e-06 0.472
10 171 5 2 1 30 2 0 0.00221 1.91e-07 9.32e-09 9.54e-06 0.472
10 172 5 2 1 30 2 0 0.0022 1.87e-07 9.31e-09 9.54e-06 0.472
10 173 5 2 1 30 2 0 0.00219 1.84e-07 9.31e-09 9.55e-06 0.472
10 174 5 2 1 30 2 0 0.00218 1.8e-07 9.3e-09 9.55e-06 0.472
10 175 5 2 1 30 2 0 0.00218 1.77e-07 9.3e-09 9.56e-06 0.472
10 176 5 2 1 30 2 0 0.00216 1.74e-07 9.29e-09 9.56e-06 0.472
10 177 5 2 1 30 2 0 0.00215 1.7e-07 9.29e-09 9.57e-06 0.472
10 178 5 2 1 30 2 0 0.00214 1.67e-07 9.28e-09 9.57e-06 0.472
10 179 5 2 1 30 2 0 0.00213 1.64e-07 9.27e-09 9.58e-06 0.472
10 180 5 2 1 30 2 0 0.00212 1.61e-07 9.27e-09 9.58e-06 0.472
10 181 5 2 1 30 2 0 0.00211 1.58e-07 9.26e-09 9.59e-06 0.472
10 182 5 2 1 30 2 0 0.00209 1.55e-07 9.26e-09 9.59e-06 0.472
10 183 5 2 1 30 2 0 0.00208 1.52e-07 9.25e-09 9.6e-06 0.472
10 184 5 2 1 30 2 0 0.00207 1.49e-07 9.25e-09 9.6e-06 0.472
10 185 5 2 1 30 2 0 0.00205 1.46e-07 9.24e-09 9.61e-06 0.472
10 186 5 2 1 30 2 0 0.00204 1.43e-07 9.23e-09 9.61e-06 0.472
10 187 5 2 1 30 2 0 0.00202 1.4e-07 9.23e-09 9.61e-06 0.472
10 188 5 2 1 30 2 0 0.00201 1.38e-07 9.22e-09 9.62e-06 0.472
10 189 5 2 1 30 2 0 0.00199 1.35e-07 9.22e-09 9.62e-06 0.472
10 190 5 2 1 30 2 0 0.00198 1.32e-07 9.21e-09 9.63e-06 0.472
10 191 5 2 1 30 2 0 0.00196 1.3e-07 9.21e-09 9.63e-06 0.472
10 192 5 2 1 30 2 0 0.00195 1.27e-07 9.2e-09 9.64e-06 0.472
10 193 5 2 1 30 2 0 0.00193 1.25e-07 9.2e-09 9.64e-06 0.472
10 194 5 2 1 30 2 0 0.00191 1.22e-07 9.19e-09 9.65e-06 0.472
10 195 5 2 1 30 2 0 0.0019 1.2e-07 9.19e-09 9.65e-06 0.472
10 196 5 2 1 30 2 0 0.00188 1.17e-07 9.18e-09 9.66e-06 0.472
10 197 5 2 1 30 2 0 0.00186 1.15e-07 9.17e-09 9.66e-06 0.472
10 198 5 2 1 30 2 0 0.00185 1.12e-07 9.17e-09 9.67e-06 0.472
10 199 5 2 1 30 2 0 0.00183 1.1e-07 9.16e-09 9.67e-06 0.472
10 200 5 2 1 30 2 0 0.00182 1.08e-07 9.16e-09 9.68e-06 0.472
10 201 5 2 1 30 2 0 0.0018 1.06e-07 9.15e-09 9.68e-06 0.472
10 202 5 2 1 30 2 0 0.00178 1.04e-07 9.15e-09 9.68e-06 0.472
10 203 5 2 1 30 2 0 0.00177 1.01e-07 9.14e-09 9.69e-06 0.472
10 204 5 2 1 30 2 0 0.00175 9.93e-08 9.14e-09 9.69e-06 0.472
10 205 5 2 1 30 2 0 0.00174 9.72e-08 9.13e-09 9.7e-06 0.472
10 206 5 2 1 30 2 0 0.00172 9.51e-08 9.13e-09 9.7e-06 0.472
10 207 5 2 1 30 2 0 0.00171 9.31e-08 9.12e-09 9.71e-06 0.472
10 208 5 2 1 30 2 0 0.00169 9.12e-08 9.12e-09 9.71e-06 0.472
10 209 5 2 1 30 2 0 0.00167 8.92e-08 9.11e-09 9.71e-06 0.472
10 210 5 2 1 30 2 0 0.00166 8.73e-08 9.11e-09 9.72e-06 0.472
10 211 5 2 1 30 2 0 0.00164 8.55e-08 9.1e-09 9.72e-06 0.472
10 212 5 2 1 30 2 0 0.00162 8.36e-08 9.1e-09 9.73e-06 0.472
10 213 5 2 1 30 2 0 0.00161 8.21e-08 9.09e-09 9.73e-06 0.472
10 214 5 2 1 30 2 0 0.00159 8.09e-08 9.09e-09 9.74e-06 0.472
10 215 5 2 1 30 2 0 0.00157 7.96e-08 9.09e-09 9.74e-06 0.472
10 216 5 2 1 30 2 0 0.00156 7.84e-08 9.08e-09 9.74e-06 0.472
10 217 5 2 1 30 2 0 0.00154 7.71e-08 9.08e-09 9.75e-06 0.472
10 218 5 2 1 30 2 0 0.00152 7.59e-08 9.07e-09 9.75e-06 0.472
10 219 5 2 1 30 2 0 0.00151 7.47e-08 9.07e-09 9.76e-06 0.472
10 220 5 2 1 30 2 0 0.00149 7.35e-08 9.06e-09 9.76e-06 0.472
10 221 5 2 1 30 2 0 0.00147 7.23e-08 9.06e-09 9.76e-06 0.472
10 222 5 2 1 30 2 0 0.00146 7.12e-08 9.05e-09 9.77e-06 0.472
10 223 5 2 1 30 2 0 0.00144 7e-08 9.05e-09 9.77e-06 0.472
10 224 5 2 1 30 2 0 0.00142 6.89e-08 9.05e-09 9.78e-06 0.472
10 225 5 2 1 30 2 0 0.00141 6.78e-08 9.04e-09 9.78e-06 0.472
10 226 5 2 1 30 2 0 0.00139 6.67e-08 9.04e-09 9.78e-06 0.472
10 227 5 2 1 30 2 0 0.00137 6.56e-08 9.03e-09 9.79e-06 0.472
10 228 5 2 1 30 2 0 0.00136 6.47e-08 9.03e-09 9.79e-06 0.472
10 229 5 2 1 30 2 0 0.00134 6.38e-08 9.03e-09 9.79e-06 0.472
10 230 5 2 1 30 2 0 0.00133 6.29e-08 9.02e-09 9.8e-06 0.472
10 231 5 2 1 30 2 0 0.00131 6.21e-08 9.02e-09 9.8e-06 0.472
10 232 5 2 1 30 2 0 0.0013 6.12e-08 9.01e-09 9.8e-06 0.472
10 233 5 2 1 30 2 0 0.00128 6.04e-08 9.01e-09 9.81e-06 0.472
10 234 5 2 1 30 2 0 0.00126 5.96e-08 9.01e-09 9.81e-06 0.472
10 235 5 2 1 30 2 0 0.00125 5.88e-08 9e-09 9.81e-06 0.472
10 236 5 2 1 30 2 0 0.00123 5.79e-08 9e-09 9.82e-06 0.472
10 237 5 2 1 30 2 0 0.00122 5.72e-08 9e-09 9.82e-06 0.472
10 238 5 2 1 30 2 0 0.0012 5.64e-08 8.99e-09 9.82e-06 0.472
10 239 5 2 1 30 2 0 0.00119 5.56e-08 8.99e-09 9.83e-06 0.472
10 240 5 2 1 30 2 0 0.00117 5.48e-08 8.98e-09 9.83e-06 0.472
10 241 5 2 1 30 2 0 0.00116 5.41e-08 8.98e-09 9.83e-06 0.472
10 242 5 2 1 30 2 0 0.00114 5.33e-08 8.98e-09 9.84e-06 0.472
10 243 5 2 1 30 2 0 0.00113 5.26e-08 8.97e-09 9.84e-06 0.472
10 244 5 2 1 30 2 0 0.00111 5.19e-08 8.97e-09 9.84e-06 0.472
10 245 5 2 1 30 2 0 0.0011 5.11e-08 8.97e-09 9.85e-06 0.472
10 246 5 2 1 30 2 0 0.00108 5.04e-08 8.96e-09 9.85e-06 0.472
10 247 5 2 1 30 2 0 0.00107 4.97e-08 8.96e-09 9.85e-06 0.472
10 248 5 2 1 30 2 0 0.00105 4.9e-08 8.96e-09 9.86e-06 0.472
10 249 5 2 1 30 2 0 0.00104 4.84e-08 8.96e-09 9.86e-06 0.472
10 250 5 2 1 30 2 0 0.00103 4.77e-08 8.95e-09 9.86e-06 0.472
10 251 5 2 1 30 2 0 0.00101 4.7e-08 8.95e-09 9.86e-06 0.472
10 252 5 2 1 30 2 0 0.000998 4.64e-08 8.95e-09 9.87e-06 0.472
stationary flow nc = 8 i = 252 du = 0.000997993
# Quadtree, 252 steps, 717.851 CPU, 729.1 real, 1.59e+04 points.step/s, 33 var
