2.3129625707283124, -0.00016566310629667624
2.3123906926079454, 0.035129655965384754
2.3063965626796574, 0.06896577808708287
2.299269266846198, 0.09912781022118672
2.2919619353081786, 0.11679022058156072
2.2857030469908315, 0.13224454597718538
2.2783639444461254, 0.14770114073043056
2.271024841901419, 0.16315773548367576
2.26367514902115, 0.17787905836787798
2.2617582982843656, 0.19479485007110653
2.2727510665980812, 0.20800705013767434
2.291252382825501, 0.21752700535568398
2.3151018185119066, 0.2233592544403764
2.338908892856062, 0.22625041604889706
2.362715967200218, 0.22914157765741777
2.3854322369814516, 0.23129973675451598
2.4092234258222636, 0.23308799055947227
2.4340736482193104, 0.2334034312687222
2.457848951556779, 0.23408877727011404
2.481603074223123, 0.23330357953342007
2.505362492057248, 0.2328860177312475
2.529111319555811, 0.23173318406003204
2.5528548518865923, 0.23021271445429511
2.576598384217374, 0.22869224484855818
2.5992405216496715, 0.22570350086235585
2.622973463644891, 0.223447759387576
2.6477866198674693, 0.22118974855517562
2.6704287572997667, 0.21820100456897332
2.694129928288299, 0.21373944748706464
2.7189219038397527, 0.2100108929165784
2.740452056038004, 0.20481860268086777
2.7630624224636144, 0.19962404308753667
2.7856516082181004, 0.1929589397561197
2.806080365517867, 0.18629837513994368
2.827578746709431, 0.17890026929710431
2.8479863233380733, 0.17076916094284242
2.867303095403794, 0.16190505007715816
2.886609277133952, 0.15230566734243092
2.904824654301189, 0.14197328209628124
2.9230188507973005, 0.13017035311204572
2.9379724046113345, 0.1183742322006717
2.953995582317165, 0.10584057006263425
2.9656979031135586, 0.09331598535507879
2.9784380767950616, 0.07784804381373112
2.9890284123574085, 0.06311991285666735
2.996367514902115, 0.04766331810342217
3.0015250083209777, 0.030740718327332106
3.0034736300644496, 0.01603074223123241
3.0043632182516866, 0.0027935792308390606
