eta_s=0.0001 maxlevel=1010 0 0 0 0 0 0 0 0 0 0 0 0
10 1 5 4 1 5 4 0 1 0 0 0.00095 0
10 2 5 3 1 59 7 0 0.718 4.25e-06 9.79e-09 0.0018 0.136
10 3 5 3 1 55 7 0 0.491 7.21e-06 7.7e-09 0.00261 0.212
10 4 5 3 1 54 7 0 0.36 6.68e-06 9.03e-09 0.0034 0.252
10 5 5 3 1 54 7 0 0.28 6.08e-06 8.84e-09 0.00417 0.276
10 6 5 3 1 54 7 0 0.232 6.47e-06 9.18e-09 0.00493 0.296
10 7 5 3 1 54 7 0 0.198 5.3e-06 9.79e-09 0.00568 0.313
10 8 5 3 1 55 7 0 0.173 4.78e-06 7.9e-09 0.00642 0.329
10 9 5 3 1 55 7 0 0.155 4.5e-06 8.4e-09 0.00715 0.346
10 10 5 3 1 55 7 0 0.14 4.28e-06 8.89e-09 0.00787 0.362
10 11 5 3 1 55 7 0 0.128 4.06e-06 9.37e-09 0.00857 0.378
10 12 5 3 1 55 7 0 0.118 3.86e-06 9.84e-09 0.00927 0.394
10 13 5 3 1 56 7 0 0.109 3.65e-06 7.83e-09 0.00995 0.408
10 14 5 3 1 56 7 0 0.102 3.46e-06 8.17e-09 0.0106 0.423
10 15 5 3 1 56 7 0 0.0955 3.28e-06 8.5e-09 0.0113 0.437
10 16 5 3 1 56 7 0 0.0897 3.13e-06 8.83e-09 0.012 0.45
10 17 5 3 1 56 7 0 0.0846 2.99e-06 9.15e-09 0.0126 0.463
10 18 5 3 1 56 7 0 0.0799 2.86e-06 9.47e-09 0.0132 0.476
10 19 5 3 1 56 7 0 0.0757 2.74e-06 9.79e-09 0.0139 0.488
10 20 5 3 1 57 7 0 0.0718 2.64e-06 7.69e-09 0.0145 0.5
10 21 5 3 1 57 7 0 0.0683 2.54e-06 7.93e-09 0.0151 0.512
10 22 5 3 1 57 7 0 0.0651 2.45e-06 8.16e-09 0.0157 0.523
10 23 5 3 1 57 7 0 0.0621 2.37e-06 8.39e-09 0.0163 0.534
10 24 5 3 1 57 7 0 0.0594 2.29e-06 8.62e-09 0.0169 0.545
10 25 5 3 1 57 7 0 0.0568 2.22e-06 8.84e-09 0.0175 0.556
10 26 5 3 1 57 7 0 0.0545 2.15e-06 9.06e-09 0.0181 0.567
10 27 5 3 1 57 7 0 0.0523 2.09e-06 9.28e-09 0.0186 0.577
10 28 5 3 1 57 7 0 0.0502 2.03e-06 9.5e-09 0.0192 0.587
10 29 5 3 1 57 7 0 0.0483 1.98e-06 9.72e-09 0.0198 0.597
10 30 5 3 1 57 7 0 0.0465 1.92e-06 9.93e-09 0.0203 0.607
10 31 5 3 1 58 7 0 0.0448 1.87e-06 7.72e-09 0.0208 0.616
10 32 5 3 1 58 7 0 0.0432 1.83e-06 7.88e-09 0.0214 0.626
10 33 5 3 1 58 7 0 0.0417 1.78e-06 8.04e-09 0.0219 0.635
10 34 5 3 1 58 7 0 0.0403 1.74e-06 8.2e-09 0.0224 0.644
10 35 5 3 1 58 7 0 0.0389 1.7e-06 8.35e-09 0.0229 0.653
10 36 5 3 1 58 7 0 0.0376 1.66e-06 8.5e-09 0.0235 0.662
10 37 5 3 1 58 7 0 0.0364 1.62e-06 8.65e-09 0.024 0.67
10 38 5 3 1 58 7 0 0.0353 1.59e-06 8.8e-09 0.0245 0.679
10 39 5 3 1 58 7 0 0.0342 1.55e-06 8.95e-09 0.0249 0.687
10 40 5 3 1 58 7 0 0.0332 1.52e-06 9.1e-09 0.0254 0.695
10 41 5 3 1 58 7 0 0.0322 1.49e-06 9.25e-09 0.0259 0.704
10 42 5 3 1 58 7 0 0.0312 1.46e-06 9.39e-09 0.0264 0.712
10 43 5 3 1 58 7 0 0.0304 1.42e-06 9.53e-09 0.0269 0.719
10 44 5 3 1 58 7 0 0.0295 1.4e-06 9.67e-09 0.0273 0.727
10 45 5 3 1 58 7 0 0.0287 1.37e-06 9.81e-09 0.0278 0.735
10 46 5 3 1 58 7 0 0.0279 1.34e-06 9.95e-09 0.0282 0.742
10 47 5 3 1 59 7 0 0.0271 1.32e-06 7.68e-09 0.0287 0.75
10 48 5 3 1 59 7 0 0.0264 1.29e-06 7.78e-09 0.0291 0.757
10 49 5 3 1 59 7 0 0.0257 1.27e-06 7.89e-09 0.0295 0.764
10 50 5 3 1 59 7 0 0.0251 1.25e-06 7.99e-09 0.03 0.771
10 51 5 3 1 59 7 0 0.0244 1.23e-06 8.09e-09 0.0304 0.778
10 52 5 3 1 59 7 0 0.0238 1.21e-06 8.19e-09 0.0308 0.785
10 53 5 3 1 59 7 0 0.0232 1.19e-06 8.28e-09 0.0312 0.792
10 54 5 3 1 59 7 0 0.0227 1.17e-06 8.38e-09 0.0316 0.799
10 55 5 3 1 59 7 0 0.0221 1.15e-06 8.48e-09 0.032 0.806
10 56 5 3 1 59 7 0 0.0216 1.13e-06 8.57e-09 0.0324 0.812
10 57 5 3 1 59 7 0 0.0211 1.11e-06 8.67e-09 0.0328 0.819
10 58 5 3 1 59 7 0 0.0206 1.1e-06 8.76e-09 0.0332 0.825
10 59 5 3 1 59 7 0 0.0201 1.08e-06 8.85e-09 0.0336 0.831
10 60 5 3 1 59 7 0 0.0197 1.07e-06 8.94e-09 0.034 0.837
10 61 5 3 1 59 7 0 0.0856 1.05e-06 9.03e-09 0.0344 0.844
10 62 5 3 1 59 7 0 0.0184 1.48e-06 9.1e-09 0.0347 0.851
10 63 5 3 1 59 7 0 0.0183 2.92e-06 9.23e-09 0.0351 0.858
10 64 5 3 1 59 7 0 0.018 1.22e-06 9.31e-09 0.0355 0.864
10 65 5 3 1 59 7 0 0.0176 1.13e-06 9.38e-09 0.0358 0.869
10 66 5 3 1 59 7 0 0.0172 1.04e-06 9.46e-09 0.0362 0.873
10 67 5 3 1 59 7 0 0.0169 9.9e-07 9.55e-09 0.0365 0.879
10 68 5 3 1 59 7 0 0.0165 9.59e-07 9.63e-09 0.0369 0.884
10 69 5 3 1 59 7 0 0.0162 9.41e-07 9.72e-09 0.0372 0.889
10 70 5 3 1 59 7 0 0.0158 9.29e-07 9.8e-09 0.0376 0.895
10 71 5 3 1 59 7 0 0.033 9.18e-07 9.88e-09 0.0379 0.9
10 72 5 3 1 59 7 0 0.0148 1.58e-06 9.94e-09 0.0382 0.907
10 73 5 3 1 60 7 0 0.0153 2.94e-06 7.66e-09 0.0385 0.914
10 74 5 3 1 60 7 0 0.0146 1.12e-06 7.72e-09 0.0389 0.918
10 75 5 3 1 60 7 0 0.0143 1.02e-06 7.76e-09 0.0392 0.923
10 76 5 3 1 60 7 0 0.014 9.29e-07 7.81e-09 0.0395 0.927
10 77 5 3 1 60 7 0 0.0138 8.73e-07 7.87e-09 0.0398 0.931
10 78 5 3 1 60 7 0 0.0135 8.42e-07 7.93e-09 0.0401 0.936
10 79 5 3 1 60 7 0 0.0132 8.26e-07 7.99e-09 0.0404 0.941
10 80 5 3 1 60 7 0 0.013 8.15e-07 8.05e-09 0.0407 0.946
10 81 5 3 1 60 7 0 0.0271 8.07e-07 8.1e-09 0.041 0.95
10 82 5 3 1 60 7 0 0.0121 1.68e-06 8.14e-09 0.0413 0.957
10 83 5 3 1 60 7 0 0.0137 2.97e-06 8.23e-09 0.0416 0.963
10 84 5 3 1 60 7 0 0.0121 1.03e-06 8.28e-09 0.0419 0.967
10 85 5 3 1 60 7 0 0.0118 9.23e-07 8.31e-09 0.0422 0.97
10 86 5 3 1 60 7 0 0.0116 8.31e-07 8.36e-09 0.0424 0.974
10 87 5 3 1 60 7 0 0.0114 7.74e-07 8.41e-09 0.0427 0.978
10 88 5 3 1 60 7 0 0.0112 7.43e-07 8.47e-09 0.043 0.982
10 89 5 3 1 60 7 0 0.011 7.27e-07 8.52e-09 0.0433 0.986
10 90 5 3 1 60 7 0 0.0108 7.18e-07 8.57e-09 0.0435 0.991
10 91 5 3 1 60 7 0 0.0226 7.11e-07 8.62e-09 0.0438 0.995
10 92 5 2 1 60 7 0 0.0101 2.58e-06 8.65e-09 0.0441 1
10 93 5 2 1 60 7 0 0.0125 3.18e-06 8.74e-09 0.0443 1.01
10 94 5 2 1 60 7 0 0.0101 2.63e-06 8.78e-09 0.0446 1.01
10 95 5 2 1 60 7 0 0.00991 2.33e-06 8.81e-09 0.0448 1.01
10 96 5 2 1 60 7 0 0.00973 2.23e-06 8.85e-09 0.0451 1.02
10 97 5 2 1 60 7 0 0.00956 2.16e-06 8.9e-09 0.0453 1.02
10 98 5 2 1 60 7 0 0.00939 2.11e-06 8.95e-09 0.0456 1.02
10 99 5 2 1 60 7 0 0.00923 2.08e-06 8.99e-09 0.0458 1.03
10 100 5 2 1 60 7 0 0.00908 2.05e-06 9.04e-09 0.046 1.03
10 101 5 2 1 60 7 0 0.019 2.02e-06 9.08e-09 0.0463 1.03
10 102 5 2 1 60 7 0 0.014 2.75e-06 9.09e-09 0.0465 1.05
10 103 5 2 1 60 7 0 0.0115 4.14e-06 9.28e-09 0.0467 1.05
10 104 5 2 1 60 7 0 0.00863 2.82e-06 9.21e-09 0.0469 1.05
10 105 5 2 1 60 7 0 0.00844 2.37e-06 9.23e-09 0.0472 1.05
10 106 5 2 1 60 7 0 0.00828 2.18e-06 9.27e-09 0.0474 1.05
10 107 5 2 1 60 7 0 0.00813 2.08e-06 9.32e-09 0.0476 1.06
10 108 5 2 1 60 7 0 0.00799 2.02e-06 9.37e-09 0.0478 1.06
10 109 5 2 1 60 7 0 0.00786 1.98e-06 9.41e-09 0.048 1.06
10 110 5 2 1 60 7 0 0.00774 1.94e-06 9.46e-09 0.0483 1.07
10 111 5 2 1 60 7 0 0.0165 1.91e-06 9.5e-09 0.0485 1.07
10 112 5 2 1 60 7 0 0.0133 6.6e-06 9.53e-09 0.0487 1.07
10 113 5 2 1 60 7 0 0.0107 2.83e-06 9.58e-09 0.0489 1.08
10 114 5 2 1 60 7 0 0.00753 1.82e-06 9.63e-09 0.0491 1.08
10 115 5 2 1 60 7 0 0.00697 1.72e-06 9.65e-09 0.0493 1.08
10 116 5 2 1 60 7 0 0.00686 1.62e-06 9.68e-09 0.0495 1.09
10 117 5 2 1 60 7 0 0.00677 1.57e-06 9.72e-09 0.0497 1.09
10 118 5 2 1 60 7 0 0.00668 1.55e-06 9.76e-09 0.0499 1.09
10 119 5 2 1 60 7 0 0.00659 1.53e-06 9.8e-09 0.05 1.09
10 120 5 2 1 60 7 0 0.00651 1.51e-06 9.83e-09 0.0502 1.1
10 121 5 2 1 60 7 0 0.0134 1.5e-06 9.87e-09 0.0504 1.1
10 122 5 2 1 60 7 0 0.0123 2.83e-06 9.86e-09 0.0506 1.12
10 123 5 2 1 61 7 0 0.0101 4.17e-06 7.66e-09 0.0508 1.12
10 124 5 2 1 60 7 0 0.00629 2.43e-06 9.96e-09 0.0509 1.12
10 125 5 2 1 60 7 0 0.00616 1.94e-06 9.97e-09 0.0511 1.12
10 126 5 2 1 61 7 0 0.00604 1.75e-06 7.62e-09 0.0513 1.12
10 127 5 2 1 61 7 0 0.00594 1.65e-06 7.65e-09 0.0515 1.12
10 128 5 2 1 61 7 0 0.00585 1.6e-06 7.68e-09 0.0516 1.12
10 129 5 2 1 61 7 0 0.00576 1.57e-06 7.71e-09 0.0518 1.12
10 130 5 2 1 61 7 0 0.00568 1.54e-06 7.73e-09 0.052 1.13
10 131 5 2 1 61 7 0 0.0123 1.51e-06 7.76e-09 0.0521 1.13
10 132 5 2 1 61 7 0 0.0118 6.69e-06 7.77e-09 0.0523 1.13
10 133 5 2 1 61 7 0 0.00849 5.59e-06 7.78e-09 0.0525 1.14
10 134 5 2 1 61 7 0 0.0062 2.37e-06 7.84e-09 0.0526 1.14
10 135 5 2 1 61 7 0 0.00512 1.74e-06 7.82e-09 0.0528 1.14
10 136 5 2 1 61 7 0 0.00504 1.42e-06 7.83e-09 0.0529 1.14
10 137 5 2 1 61 7 0 0.00498 1.31e-06 7.86e-09 0.0531 1.14
10 138 5 2 1 61 7 0 0.00492 1.26e-06 7.88e-09 0.0532 1.14
10 139 5 2 1 61 7 0 0.00487 1.23e-06 7.91e-09 0.0534 1.15
10 140 5 2 1 61 7 0 0.00481 1.21e-06 7.93e-09 0.0535 1.15
10 141 5 2 1 61 7 0 0.0101 1.2e-06 7.95e-09 0.0537 1.15
10 142 5 2 1 61 7 0 0.0106 5.11e-06 7.92e-09 0.0538 1.17
10 143 5 2 1 61 7 0 0.00861 3.94e-06 8.09e-09 0.0539 1.17
10 144 5 2 1 61 7 0 0.00461 2.35e-06 7.99e-09 0.0541 1.16
10 145 5 2 1 61 7 0 0.0045 1.75e-06 8e-09 0.0542 1.16
10 146 5 2 1 61 7 0 0.00441 1.41e-06 8.03e-09 0.0544 1.16
10 147 5 2 1 61 7 0 0.00435 1.3e-06 8.05e-09 0.0545 1.17
10 148 5 2 1 61 7 0 0.00429 1.26e-06 8.08e-09 0.0546 1.17
10 149 5 2 1 61 7 0 0.00424 1.23e-06 8.1e-09 0.0548 1.17
10 150 5 2 1 61 7 0 0.00418 1.21e-06 8.12e-09 0.0549 1.17
10 151 5 2 1 61 7 0 0.0154 1.19e-06 8.14e-09 0.055 1.18
10 152 5 2 1 61 7 0 0.00686 2.52e-06 8.05e-09 0.0551 1.19
10 153 5 2 1 61 7 0 0.0107 3.46e-06 8.29e-09 0.0552 1.19
10 154 5 2 1 61 7 0 0.00714 1.25e-06 8.28e-09 0.0554 1.19
10 155 5 2 1 61 7 0 0.00517 1.01e-06 8.25e-09 0.0555 1.19
10 156 5 2 1 61 7 0 0.00416 1.03e-06 8.26e-09 0.0556 1.19
10 157 5 2 1 61 7 0 0.0037 1.01e-06 8.29e-09 0.0557 1.19
10 158 5 2 1 61 7 0 0.00365 9.59e-07 8.31e-09 0.0559 1.19
10 159 5 2 1 61 7 0 0.00361 9.08e-07 8.33e-09 0.056 1.19
10 160 5 2 1 61 7 0 0.00358 9.11e-07 8.35e-09 0.0561 1.19
10 161 5 2 1 61 7 0 0.00731 9.13e-07 8.37e-09 0.0562 1.19
10 162 5 2 1 61 7 0 0.0098 5.2e-06 8.27e-09 0.0563 1.2
10 163 5 2 1 61 7 0 0.00779 3.99e-06 8.4e-09 0.0564 1.2
10 164 5 2 1 61 7 0 0.00491 1.88e-06 8.39e-09 0.0565 1.2
10 165 5 2 1 61 7 0 0.00408 1.21e-06 8.37e-09 0.0567 1.2
10 166 5 2 1 61 7 0 0.00361 9.93e-07 8.39e-09 0.0568 1.2
10 167 5 2 1 61 7 0 0.00333 9.11e-07 8.41e-09 0.0569 1.2
10 168 5 2 1 61 7 0 0.00322 8.74e-07 8.43e-09 0.057 1.2
10 169 5 2 1 61 7 0 0.00318 8.55e-07 8.45e-09 0.0571 1.2
10 170 5 2 1 61 7 0 0.00316 8.44e-07 8.46e-09 0.0572 1.21
10 171 5 2 1 61 7 0 0.00747 8.35e-07 8.48e-09 0.0573 1.21
10 172 5 2 1 61 7 0 0.00949 4.94e-06 8.4e-09 0.0574 1.23
10 173 5 2 1 61 7 0 0.00746 4.07e-06 8.62e-09 0.0575 1.22
10 174 5 2 1 61 7 0 0.00377 1.8e-06 8.52e-09 0.0576 1.22
10 175 5 2 1 61 7 0 0.0031 1.25e-06 8.5e-09 0.0577 1.22
10 176 5 2 1 61 7 0 0.00303 1.03e-06 8.52e-09 0.0578 1.22
10 177 5 2 1 61 7 0 0.00298 9.35e-07 8.54e-09 0.0579 1.22
10 178 5 2 1 61 7 0 0.00293 8.95e-07 8.56e-09 0.058 1.22
10 179 5 2 1 61 7 0 0.00289 8.71e-07 8.58e-09 0.0581 1.22
10 180 5 2 1 61 7 0 0.00285 8.51e-07 8.59e-09 0.0582 1.22
10 181 5 2 1 61 7 0 0.00806 8.3e-07 8.61e-09 0.0582 1.23
10 182 5 2 1 61 7 0 0.0118 7.2e-06 8.56e-09 0.0583 1.23
10 183 5 2 1 61 7 0 0.00717 4.28e-06 8.7e-09 0.0584 1.24
10 184 5 2 1 61 7 0 0.00431 1.58e-06 8.68e-09 0.0585 1.23
10 185 5 2 1 61 7 0 0.00321 9.01e-07 8.66e-09 0.0586 1.23
10 186 5 2 1 61 7 0 0.00264 7.57e-07 8.68e-09 0.0587 1.23
10 187 5 2 1 61 7 0 0.00246 6.93e-07 8.69e-09 0.0588 1.23
10 188 5 2 1 61 7 0 0.00243 6.51e-07 8.71e-09 0.0588 1.23
10 189 5 2 1 61 7 0 0.00241 6.48e-07 8.73e-09 0.0589 1.24
10 190 5 2 1 61 7 0 0.00239 6.48e-07 8.74e-09 0.059 1.24
10 191 5 2 1 61 7 0 0.0055 6.48e-07 8.75e-09 0.0591 1.24
10 192 5 2 1 61 7 0 0.00885 5.42e-06 8.68e-09 0.0592 1.24
10 193 5 2 1 61 7 0 0.00699 2.66e-06 8.79e-09 0.0592 1.25
10 194 5 2 1 61 7 0 0.00388 1.1e-06 8.79e-09 0.0593 1.25
10 195 5 2 1 61 7 0 0.00309 7.31e-07 8.77e-09 0.0594 1.25
10 196 5 2 1 61 7 0 0.00264 5.84e-07 8.78e-09 0.0595 1.24
10 197 5 2 1 61 7 0 0.00238 5.37e-07 8.79e-09 0.0596 1.24
10 198 5 2 1 61 7 0 0.00222 5.36e-07 8.81e-09 0.0596 1.25
10 199 5 2 1 61 7 0 0.00216 5.47e-07 8.82e-09 0.0597 1.25
10 200 5 2 1 61 7 0 0.00213 5.85e-07 8.83e-09 0.0598 1.25
10 201 5 2 1 61 7 0 0.00495 6.07e-07 8.84e-09 0.0598 1.25
10 202 5 2 1 61 7 0 0.00884 3.07e-06 8.75e-09 0.0599 1.26
10 203 5 2 1 61 7 0 0.00687 5.21e-06 8.98e-09 0.06 1.26
10 204 5 2 1 61 7 0 0.00327 2.17e-06 8.87e-09 0.06 1.26
10 205 5 2 1 61 7 0 0.00214 1.06e-06 8.85e-09 0.0601 1.26
10 206 5 2 1 61 7 0 0.00208 8.15e-07 8.87e-09 0.0602 1.26
10 207 5 2 1 61 7 0 0.00204 7.18e-07 8.89e-09 0.0603 1.26
10 208 5 2 1 61 7 0 0.00201 6.81e-07 8.9e-09 0.0603 1.26
10 209 5 2 1 61 7 0 0.00199 6.59e-07 8.92e-09 0.0604 1.26
10 210 5 2 1 61 7 0 0.00196 6.4e-07 8.93e-09 0.0605 1.26
10 211 5 2 1 61 7 0 0.00583 6.21e-07 8.94e-09 0.0605 1.26
10 212 5 2 1 61 7 0 0.00631 7.44e-06 8.86e-09 0.0606 1.28
10 213 5 2 1 61 7 0 0.00669 2.86e-06 9.06e-09 0.0606 1.28
10 214 5 2 1 61 7 0 0.00303 1.15e-06 8.99e-09 0.0607 1.27
10 215 5 2 1 61 7 0 0.00191 8.67e-07 8.96e-09 0.0608 1.27
10 216 5 2 1 61 7 0 0.00185 7.41e-07 8.97e-09 0.0608 1.27
10 217 5 2 1 61 7 0 0.00181 6.93e-07 8.99e-09 0.0609 1.27
10 218 5 2 1 61 7 0 0.00178 6.76e-07 9.01e-09 0.0609 1.27
10 219 5 2 1 61 7 0 0.00176 6.65e-07 9.02e-09 0.061 1.27
10 220 5 2 1 61 7 0 0.00173 6.51e-07 9.03e-09 0.0611 1.27
10 221 5 2 1 61 7 0 0.0042 6.34e-07 9.04e-09 0.0611 1.27
10 222 5 2 1 61 7 0 0.00797 3.82e-06 8.96e-09 0.0612 1.28
10 223 5 2 1 61 7 0 0.00656 5.04e-06 9.06e-09 0.0612 1.28
10 224 5 2 1 61 7 0 0.00313 1.64e-06 9.07e-09 0.0613 1.28
10 225 5 2 1 61 7 0 0.00238 8.78e-07 9.05e-09 0.0613 1.28
10 226 5 2 1 61 7 0 0.00197 5.75e-07 9.06e-09 0.0614 1.28
10 227 5 2 1 61 7 0 0.00174 4.23e-07 9.07e-09 0.0615 1.28
10 228 5 2 1 61 7 0 0.0016 3.84e-07 9.08e-09 0.0615 1.28
10 229 5 2 1 61 7 0 0.00151 3.75e-07 9.09e-09 0.0616 1.28
10 230 5 2 1 61 7 0 0.00149 3.89e-07 9.1e-09 0.0616 1.28
10 231 5 2 1 61 7 0 0.00366 3.98e-07 9.11e-09 0.0616 1.28
10 232 5 2 1 61 7 0 0.00599 7.45e-06 9.03e-09 0.0617 1.3
10 233 5 2 1 61 7 0 0.00686 2.26e-06 9.19e-09 0.0617 1.29
10 234 5 2 1 61 7 0 0.00171 1.29e-06 9.09e-09 0.0618 1.29
10 235 5 2 1 61 7 0 0.00139 9.22e-07 9.08e-09 0.0618 1.29
10 236 5 2 1 61 7 0 0.00135 7.03e-07 9.1e-09 0.0619 1.29
10 237 5 2 1 61 7 0 0.00132 5.91e-07 9.11e-09 0.0619 1.29
10 238 5 2 1 61 7 0 0.00131 5.35e-07 9.12e-09 0.062 1.29
10 239 5 2 1 61 7 0 0.0013 5.03e-07 9.13e-09 0.062 1.29
10 240 5 2 1 61 7 0 0.00129 4.91e-07 9.14e-09 0.0621 1.29
10 241 5 2 1 61 7 0 0.00591 4.79e-07 9.15e-09 0.0621 1.29
10 242 5 2 1 61 7 0 0.00681 5.83e-06 9.03e-09 0.0622 1.29
10 243 5 2 1 61 7 0 0.0105 1.33e-06 9.07e-09 0.0622 1.29
10 244 5 2 1 61 7 0 0.00468 9.05e-07 9.08e-09 0.0622 1.29
10 245 5 2 1 61 7 0 0.00253 6.63e-07 9.06e-09 0.0623 1.29
10 246 5 2 1 61 7 0 0.00169 5.06e-07 9.07e-09 0.0623 1.29
10 247 5 2 1 61 7 0 0.00141 4.23e-07 9.07e-09 0.0624 1.29
10 248 5 2 1 61 7 0 0.00129 3.77e-07 9.08e-09 0.0624 1.29
10 249 5 2 1 61 7 0 0.00121 3.51e-07 9.09e-09 0.0625 1.29
10 250 5 2 1 61 7 0 0.00115 3.35e-07 9.09e-09 0.0625 1.29
10 251 5 2 1 61 7 0 0.00192 3.24e-07 9.1e-09 0.0625 1.29
10 252 5 2 1 61 7 0 0.00656 3.45e-06 9.15e-09 0.0626 1.3
10 253 5 2 1 61 7 0 0.00176 1.43e-06 9.22e-09 0.0626 1.3
10 254 5 2 1 61 7 0 0.00118 8.3e-07 9.17e-09 0.0627 1.3
10 255 5 2 1 61 7 0 0.00112 5.07e-07 9.18e-09 0.0627 1.3
10 256 5 2 1 61 7 0 0.00109 3.62e-07 9.18e-09 0.0627 1.3
10 257 5 2 1 61 7 0 0.00107 3.54e-07 9.19e-09 0.0628 1.3
10 258 5 2 1 61 7 0 0.00105 3.51e-07 9.2e-09 0.0628 1.3
10 259 5 2 1 61 7 0 0.00104 3.48e-07 9.21e-09 0.0628 1.3
10 260 5 2 1 61 7 0 0.00103 3.44e-07 9.21e-09 0.0629 1.3
10 261 5 2 1 61 7 0 0.00487 3.38e-07 9.22e-09 0.0629 1.3
10 262 5 2 1 61 7 0 0.00699 3.84e-06 9.14e-09 0.0629 1.31
10 263 5 2 1 61 7 0 0.0102 1.53e-06 9.26e-09 0.063 1.31
10 264 5 2 1 61 7 0 0.00436 7.18e-07 9.25e-09 0.063 1.31
10 265 5 2 1 61 7 0 0.00226 6.55e-07 9.23e-09 0.063 1.31
10 266 5 2 1 61 7 0 0.00145 5.35e-07 9.23e-09 0.0631 1.3
10 267 5 2 1 61 7 0 0.00122 4.06e-07 9.24e-09 0.0631 1.3
10 268 5 2 1 61 7 0 0.00109 3.2e-07 9.25e-09 0.0631 1.31
10 269 5 2 1 61 7 0 0.001 2.66e-07 9.26e-09 0.0632 1.31
10 270 5 2 1 61 7 0 0.000944 2.52e-07 9.26e-09 0.0632 1.31
stationary flow nc = 0 i = 270 du = 0.00094383
# Quadtree, 270 steps, 587.44 CPU, 600.3 real, 5.77e+03 points.step/s, 33 var
10 0 5 2 1 61 7 0 0 2.52e-07 9.26e-09 0 0
10 1 5 2 1 5 7 0 1 0 0 0.000899 0
10 2 6 2 1 46 8 0 0.757 5.65e-06 9.25e-09 0.00164 0.182
10 3 6 2 1 46 8 0 0.533 4.36e-06 7.32e-09 0.00233 0.269
10 4 6 2 1 46 8 0 0.394 3.39e-06 7.27e-09 0.00299 0.3
10 5 6 2 1 46 8 0 0.307 3.17e-06 8.17e-09 0.00364 0.309
10 6 6 2 1 46 8 0 0.258 2.96e-06 8.02e-09 0.00429 0.315
10 7 6 2 1 46 8 0 0.221 2.67e-06 8.54e-09 0.00492 0.324
10 8 6 2 1 46 8 0 0.195 2.45e-06 9.05e-09 0.00554 0.335
10 9 6 2 1 46 8 0 0.175 2.3e-06 9.59e-09 0.00615 0.348
10 10 5 2 1 47 8 0 0.158 9.85e-06 7.36e-09 0.00675 0.361
10 11 5 2 1 47 8 0 0.145 9.38e-06 7.68e-09 0.00733 0.374
10 12 5 2 1 47 8 0 0.133 8.93e-06 7.99e-09 0.0079 0.386
10 13 5 2 1 47 8 0 0.123 8.51e-06 8.29e-09 0.00846 0.397
10 14 5 2 1 47 8 0 0.114 8.11e-06 8.58e-09 0.00901 0.407
10 15 5 2 1 47 8 0 0.106 7.74e-06 8.88e-09 0.00955 0.417
10 16 5 2 1 47 8 0 0.0995 7.41e-06 9.17e-09 0.0101 0.427
10 17 5 2 1 47 8 0 0.0934 7.1e-06 9.46e-09 0.0106 0.436
10 18 5 2 1 47 8 0 0.0879 6.82e-06 9.74e-09 0.0111 0.445
10 19 5 2 1 48 8 0 0.0829 6.56e-06 7.31e-09 0.0116 0.453
10 20 5 2 1 48 8 0 0.0783 6.32e-06 7.51e-09 0.0121 0.462
10 21 5 2 1 48 8 0 0.0742 6.09e-06 7.71e-09 0.0126 0.47
10 22 5 2 1 48 8 0 0.0704 5.89e-06 7.91e-09 0.0131 0.478
10 23 5 2 1 48 8 0 0.0669 5.69e-06 8.11e-09 0.0135 0.485
10 24 5 2 1 48 8 0 0.0637 5.51e-06 8.3e-09 0.014 0.493
10 25 5 2 1 48 8 0 0.0608 5.33e-06 8.49e-09 0.0144 0.5
10 26 5 2 1 48 8 0 0.058 5.17e-06 8.68e-09 0.0149 0.507
10 27 5 2 1 48 8 0 0.0555 5.02e-06 8.87e-09 0.0153 0.514
10 28 5 2 1 48 8 0 0.0531 4.9e-06 9.05e-09 0.0157 0.521
10 29 5 2 1 48 8 0 0.0509 4.81e-06 9.23e-09 0.0162 0.527
10 30 5 2 1 48 8 0 0.0488 4.72e-06 9.41e-09 0.0166 0.533
10 31 5 2 1 48 8 0 0.0469 4.63e-06 9.59e-09 0.017 0.54
10 32 5 2 1 48 8 0 0.045 4.47e-06 9.76e-09 0.0174 0.546
10 33 5 2 1 48 8 0 0.0433 4.44e-06 9.94e-09 0.0178 0.552
10 34 5 2 1 49 8 0 0.0417 4.37e-06 7.37e-09 0.0182 0.557
10 35 5 2 1 49 8 0 0.0402 4.3e-06 7.49e-09 0.0185 0.563
10 36 5 2 1 49 8 0 0.0388 4.23e-06 7.61e-09 0.0189 0.569
10 37 5 2 1 49 8 0 0.0374 4.16e-06 7.73e-09 0.0193 0.574
10 38 5 2 1 49 8 0 0.0361 4.09e-06 7.85e-09 0.0196 0.58
10 39 5 2 1 49 8 0 0.0349 4.03e-06 7.97e-09 0.02 0.585
10 40 5 2 1 49 8 0 0.0337 3.96e-06 8.08e-09 0.0203 0.59
10 41 5 2 1 49 8 0 0.0326 3.9e-06 8.2e-09 0.0207 0.595
10 42 5 2 1 49 8 0 0.0316 3.88e-06 8.31e-09 0.021 0.6
10 43 5 2 1 49 8 0 0.0306 3.8e-06 8.42e-09 0.0214 0.605
10 44 5 2 1 49 8 0 0.0296 3.73e-06 8.53e-09 0.0217 0.61
10 45 5 2 1 49 8 0 0.0287 3.67e-06 8.64e-09 0.022 0.614
10 46 5 2 1 49 8 0 0.0279 3.61e-06 8.74e-09 0.0223 0.619
10 47 5 2 1 49 8 0 0.027 3.55e-06 8.85e-09 0.0226 0.624
10 48 5 2 1 49 8 0 0.0262 3.49e-06 8.95e-09 0.0229 0.628
10 49 5 2 1 49 8 0 0.0255 3.44e-06 9.05e-09 0.0232 0.632
10 50 5 2 1 49 8 0 0.0247 3.38e-06 9.15e-09 0.0235 0.637
10 51 5 2 1 49 8 0 0.024 3.33e-06 9.25e-09 0.0238 0.641
10 52 5 2 1 49 8 0 0.0236 2.62e-06 8.47e-09 0.0241 0.647
10 53 5 2 1 49 8 0 0.0228 3.41e-06 8.72e-09 0.0244 0.651
10 54 5 2 1 49 8 0 0.0222 3.24e-06 8.71e-09 0.0247 0.655
10 55 5 2 1 49 8 0 0.0215 3.12e-06 8.79e-09 0.0249 0.658
10 56 5 2 1 49 8 0 0.021 3.03e-06 8.88e-09 0.0252 0.662
10 57 5 2 1 49 8 0 0.0204 2.97e-06 8.96e-09 0.0255 0.666
10 58 5 2 1 49 8 0 0.0199 2.92e-06 9.05e-09 0.0257 0.669
10 59 5 2 1 49 8 0 0.0193 2.88e-06 9.13e-09 0.026 0.673
10 60 5 2 1 49 8 0 0.0188 2.83e-06 9.22e-09 0.0262 0.677
10 61 5 2 1 49 8 0 0.0184 2.79e-06 9.3e-09 0.0265 0.68
10 62 5 2 1 50 8 0 0.0178 3.3e-06 7.53e-09 0.0267 0.682
10 63 5 2 1 50 8 0 0.0174 2.96e-06 7.52e-09 0.027 0.686
10 64 5 2 1 50 8 0 0.017 2.68e-06 7.62e-09 0.0272 0.689
10 65 5 2 1 50 8 0 0.0165 2.66e-06 7.68e-09 0.0274 0.693
10 66 5 2 1 50 8 0 0.0161 2.65e-06 7.74e-09 0.0277 0.696
10 67 5 2 1 50 8 0 0.0158 2.62e-06 7.79e-09 0.0279 0.699
10 68 5 2 1 50 8 0 0.0154 2.58e-06 7.85e-09 0.0281 0.702
10 69 5 2 1 50 8 0 0.015 2.54e-06 7.9e-09 0.0283 0.705
10 70 5 2 1 50 8 0 0.0147 2.49e-06 7.96e-09 0.0285 0.709
10 71 5 2 1 50 8 0 0.0143 2.45e-06 8.01e-09 0.0287 0.712
10 72 5 2 1 50 8 0 0.0142 2.06e-06 7.29e-09 0.0289 0.717
10 73 5 2 1 50 8 0 0.0138 2.6e-06 7.47e-09 0.0291 0.719
10 74 5 2 1 50 8 0 0.0134 2.43e-06 7.44e-09 0.0293 0.722
10 75 5 2 1 50 8 0 0.0131 2.3e-06 7.48e-09 0.0295 0.724
10 76 5 2 1 50 8 0 0.0128 2.21e-06 7.52e-09 0.0297 0.727
10 77 5 2 1 50 8 0 0.0125 2.15e-06 7.57e-09 0.0299 0.73
10 78 5 2 1 50 8 0 0.0122 2.11e-06 7.62e-09 0.0301 0.732
10 79 5 2 1 50 8 0 0.012 2.07e-06 7.66e-09 0.0303 0.735
10 80 5 2 1 50 8 0 0.0117 2.04e-06 7.71e-09 0.0305 0.738
10 81 5 2 1 50 8 0 0.0211 2.01e-06 7.75e-09 0.0306 0.74
10 82 5 2 1 50 8 0 0.0135 6.95e-06 8.5e-09 0.0308 0.743
10 83 5 2 1 50 8 0 0.0108 2.61e-06 8.66e-09 0.031 0.743
10 84 5 2 1 50 8 0 0.0106 1.84e-06 8.62e-09 0.0312 0.746
10 85 5 2 1 50 8 0 0.0104 1.95e-06 8.7e-09 0.0313 0.748
10 86 5 2 1 50 8 0 0.0102 1.96e-06 8.75e-09 0.0315 0.751
10 87 5 2 1 50 8 0 0.00999 1.94e-06 8.79e-09 0.0317 0.753
10 88 5 2 1 50 8 0 0.00978 1.9e-06 8.83e-09 0.0318 0.756
10 89 5 2 1 50 8 0 0.00958 1.86e-06 8.87e-09 0.032 0.758
10 90 5 2 1 50 8 0 0.00938 1.81e-06 8.91e-09 0.0321 0.76
10 91 5 2 1 50 8 0 0.0199 1.77e-06 8.95e-09 0.0323 0.762
10 92 5 2 1 50 8 0 0.0163 3.5e-06 8.12e-09 0.0324 0.775
10 93 5 2 1 50 8 0 0.00933 2.76e-06 8.45e-09 0.0326 0.773
10 94 5 2 1 50 8 0 0.00891 1.99e-06 8.24e-09 0.0327 0.773
10 95 5 2 1 50 8 0 0.00862 1.72e-06 8.26e-09 0.0328 0.774
10 96 5 2 1 50 8 0 0.0084 1.61e-06 8.31e-09 0.033 0.775
10 97 5 2 1 50 8 0 0.00821 1.57e-06 8.35e-09 0.0331 0.777
10 98 5 2 1 50 8 0 0.00804 1.54e-06 8.39e-09 0.0332 0.779
10 99 5 2 1 50 8 0 0.00787 1.52e-06 8.43e-09 0.0334 0.781
10 100 5 2 1 50 8 0 0.00771 1.49e-06 8.46e-09 0.0335 0.783
10 101 5 2 1 50 8 0 0.0146 1.46e-06 8.49e-09 0.0336 0.785
10 102 5 2 1 50 8 0 0.0167 7.05e-06 9.29e-09 0.0338 0.785
10 103 5 2 1 50 8 0 0.0104 2.3e-06 9.41e-09 0.0339 0.785
10 104 5 2 1 50 8 0 0.00791 1.51e-06 9.38e-09 0.034 0.786
10 105 5 2 1 50 8 0 0.00671 1.41e-06 9.45e-09 0.0341 0.788
10 106 5 2 1 50 8 0 0.00645 1.32e-06 9.49e-09 0.0343 0.79
10 107 5 2 1 50 8 0 0.0064 1.29e-06 9.52e-09 0.0344 0.792
10 108 5 2 1 50 8 0 0.00634 1.27e-06 9.55e-09 0.0345 0.794
10 109 5 2 1 50 8 0 0.00626 1.25e-06 9.57e-09 0.0346 0.795
10 110 5 2 1 50 8 0 0.00617 1.23e-06 9.6e-09 0.0347 0.797
10 111 5 2 1 50 8 0 0.0123 1.21e-06 9.63e-09 0.0348 0.799
10 112 5 2 1 50 8 0 0.014 3.71e-06 8.72e-09 0.0349 0.811
10 113 5 2 1 50 8 0 0.00638 2.35e-06 9.07e-09 0.035 0.809
10 114 5 2 1 50 8 0 0.00604 1.52e-06 8.83e-09 0.0351 0.808
10 115 5 2 1 50 8 0 0.00583 1.25e-06 8.85e-09 0.0352 0.808
10 116 5 2 1 50 8 0 0.00568 1.15e-06 8.88e-09 0.0353 0.809
10 117 5 2 1 50 8 0 0.00555 1.12e-06 8.92e-09 0.0354 0.81
10 118 5 2 1 50 8 0 0.00544 1.1e-06 8.95e-09 0.0355 0.812
10 119 5 2 1 50 8 0 0.00534 1.08e-06 8.98e-09 0.0356 0.813
10 120 5 2 1 50 8 0 0.00523 1.07e-06 9e-09 0.0357 0.815
10 121 5 2 1 50 8 0 0.0104 1.04e-06 9.02e-09 0.0358 0.816
10 122 5 2 1 50 8 0 0.0148 7.28e-06 9.86e-09 0.0359 0.816
10 123 5 2 1 50 8 0 0.00881 4.71e-06 9.97e-09 0.036 0.816
10 124 5 2 1 50 8 0 0.00624 2.97e-06 9.99e-09 0.0361 0.817
10 125 5 2 1 51 8 0 0.00504 1.83e-06 7.3e-09 0.0361 0.818
10 126 5 2 1 51 8 0 0.00442 1.39e-06 7.31e-09 0.0362 0.819
10 127 5 2 1 51 8 0 0.00431 1.16e-06 7.33e-09 0.0363 0.82
10 128 5 2 1 51 8 0 0.00429 1.07e-06 7.35e-09 0.0364 0.821
10 129 5 2 1 51 8 0 0.00426 1.02e-06 7.36e-09 0.0365 0.822
10 130 5 2 1 51 8 0 0.00421 9.8e-07 7.38e-09 0.0366 0.823
10 131 5 2 1 51 8 0 0.00908 9.5e-07 7.39e-09 0.0366 0.825
10 132 5 2 1 50 8 0 0.0144 7.51e-06 9.2e-09 0.0367 0.837
10 133 5 2 1 50 8 0 0.00607 2.21e-06 9.53e-09 0.0368 0.834
10 134 5 2 1 50 8 0 0.00418 1.44e-06 9.28e-09 0.0368 0.832
10 135 5 2 1 50 8 0 0.004 1.07e-06 9.28e-09 0.0369 0.832
10 136 5 2 1 50 8 0 0.00389 9.55e-07 9.31e-09 0.037 0.833
10 137 5 2 1 50 8 0 0.00381 9.23e-07 9.34e-09 0.0371 0.834
10 138 5 2 1 50 8 0 0.00374 9.08e-07 9.36e-09 0.0371 0.835
10 139 5 2 1 50 8 0 0.00367 8.91e-07 9.38e-09 0.0372 0.836
10 140 5 2 1 50 8 0 0.00361 8.69e-07 9.4e-09 0.0373 0.837
10 141 5 2 1 50 8 0 0.00354 8.48e-07 9.42e-09 0.0373 0.838
10 142 5 2 1 51 8 0 0.0132 3.05e-06 7.57e-09 0.0374 0.835
10 143 5 2 1 51 8 0 0.00752 1.82e-06 7.48e-09 0.0375 0.837
10 144 5 2 1 51 8 0 0.00502 1.24e-06 7.57e-09 0.0375 0.838
10 145 5 2 1 51 8 0 0.00387 9.13e-07 7.59e-09 0.0376 0.84
10 146 5 2 1 51 8 0 0.00329 7.29e-07 7.6e-09 0.0377 0.841
10 147 5 2 1 51 8 0 0.00297 6.41e-07 7.61e-09 0.0377 0.842
10 148 5 2 1 51 8 0 0.00294 6.06e-07 7.62e-09 0.0378 0.843
10 149 5 2 1 51 8 0 0.00293 5.85e-07 7.63e-09 0.0379 0.844
10 150 5 2 1 51 8 0 0.00291 5.75e-07 7.64e-09 0.0379 0.844
10 151 5 2 1 51 8 0 0.00567 5.66e-07 7.65e-09 0.038 0.845
10 152 5 2 1 50 8 0 0.0115 4.06e-06 9.49e-09 0.038 0.859
10 153 5 2 1 50 8 0 0.00421 1.2e-06 8.72e-09 0.0381 0.856
10 154 5 2 1 50 8 0 0.00974 1.92e-06 9.55e-09 0.0381 0.853
10 155 5 2 1 50 8 0 0.00301 8.74e-07 9.58e-09 0.0382 0.852
10 156 5 2 1 50 8 0 0.00278 7.36e-07 9.6e-09 0.0382 0.852
10 157 5 2 1 50 8 0 0.00271 6.71e-07 9.62e-09 0.0383 0.853
10 158 5 2 1 50 8 0 0.00265 6.23e-07 9.64e-09 0.0383 0.854
10 159 5 2 1 50 8 0 0.0026 5.89e-07 9.66e-09 0.0384 0.855
10 160 5 2 1 50 8 0 0.00255 5.62e-07 9.67e-09 0.0384 0.856
10 161 5 2 1 50 8 0 0.00315 5.39e-07 9.69e-09 0.0385 0.856
10 162 5 2 1 51 8 0 0.0133 7e-06 7.83e-09 0.0385 0.857
10 163 5 2 1 51 8 0 0.00698 4.85e-06 7.97e-09 0.0386 0.857
10 164 5 2 1 51 8 0 0.00437 2.98e-06 7.93e-09 0.0386 0.856
10 165 5 2 1 51 8 0 0.00315 2e-06 7.93e-09 0.0387 0.856
10 166 5 2 1 51 8 0 0.00255 1.48e-06 7.94e-09 0.0387 0.856
10 167 5 2 1 51 8 0 0.00222 1.13e-06 7.95e-09 0.0387 0.857
10 168 5 2 1 51 8 0 0.00207 8.89e-07 7.96e-09 0.0388 0.857
10 169 5 2 1 51 8 0 0.00205 7.25e-07 7.97e-09 0.0388 0.858
10 170 5 2 1 51 8 0 0.00204 6.11e-07 7.98e-09 0.0389 0.859
10 171 5 2 1 51 8 0 0.00417 5.34e-07 7.99e-09 0.0389 0.859
10 172 5 2 1 51 8 0 0.0106 9.59e-06 7.93e-09 0.0389 0.868
10 173 5 2 1 51 8 0 0.00523 1.71e-06 8.13e-09 0.039 0.865
10 174 5 2 1 51 8 0 0.00208 9.17e-07 8e-09 0.039 0.863
10 175 5 2 1 51 8 0 0.00196 6.83e-07 8e-09 0.0391 0.863
10 176 5 2 1 51 8 0 0.0019 6.27e-07 8.02e-09 0.0391 0.863
10 177 5 2 1 51 8 0 0.00186 6.06e-07 8.03e-09 0.0391 0.863
10 178 5 2 1 51 8 0 0.00183 5.83e-07 8.04e-09 0.0392 0.864
10 179 5 2 1 51 8 0 0.0018 5.7e-07 8.05e-09 0.0392 0.865
10 180 5 2 1 51 8 0 0.00177 5.55e-07 8.05e-09 0.0392 0.865
10 181 5 2 1 51 8 0 0.00174 5.34e-07 8.06e-09 0.0393 0.866
10 182 5 2 1 50 8 0 0.0124 3.75e-06 9.79e-09 0.0393 0.866
10 183 5 2 1 50 8 0 0.00646 1.28e-06 9.9e-09 0.0393 0.867
10 184 5 2 1 50 8 0 0.0039 1.32e-06 9.89e-09 0.0394 0.868
10 185 5 2 1 50 8 0 0.0027 1.01e-06 9.89e-09 0.0394 0.868
10 186 5 2 1 50 8 0 0.00209 7.62e-07 9.9e-09 0.0394 0.869
10 187 5 2 1 50 8 0 0.00176 6.55e-07 9.91e-09 0.0395 0.869
10 188 5 2 1 50 8 0 0.00157 5.45e-07 9.92e-09 0.0395 0.87
10 189 5 2 1 50 8 0 0.00147 4.45e-07 9.93e-09 0.0395 0.87
10 190 5 2 1 50 8 0 0.00144 3.59e-07 9.94e-09 0.0396 0.871
10 191 5 2 1 50 8 0 0.00291 2.88e-07 9.95e-09 0.0396 0.871
10 192 5 2 1 51 8 0 0.0128 5.92e-06 8.04e-09 0.0396 0.884
10 193 5 2 1 51 8 0 0.00511 6.64e-06 8.36e-09 0.0396 0.879
10 194 5 2 1 51 8 0 0.00187 3.92e-06 8.13e-09 0.0397 0.876
10 195 5 2 1 51 8 0 0.0015 2.56e-06 8.13e-09 0.0397 0.874
10 196 5 2 1 51 8 0 0.00143 1.78e-06 8.14e-09 0.0397 0.874
10 197 5 2 1 51 8 0 0.00139 1.29e-06 8.16e-09 0.0397 0.874
10 198 5 2 1 51 8 0 0.00136 9.87e-07 8.17e-09 0.0398 0.874
10 199 5 2 1 51 8 0 0.00134 7.87e-07 8.18e-09 0.0398 0.875
10 200 5 2 1 51 8 0 0.00131 6.54e-07 8.18e-09 0.0398 0.875
10 201 5 2 1 51 8 0 0.00438 5.71e-07 8.19e-09 0.0398 0.876
10 202 6 2 1 51 8 0 0.0114 2e-06 7.28e-09 0.0399 0.876
10 203 5 2 1 51 8 0 0.00574 1.22e-06 7.35e-09 0.0399 0.876
10 204 5 2 1 51 8 0 0.00327 7.98e-07 7.31e-09 0.0399 0.875
10 205 5 2 1 51 8 0 0.00216 6.25e-07 7.31e-09 0.04 0.875
10 206 5 2 1 51 8 0 0.00162 5.1e-07 7.32e-09 0.04 0.875
10 207 5 2 1 51 8 0 0.00133 4.16e-07 7.32e-09 0.04 0.876
10 208 5 2 1 51 8 0 0.00117 3.38e-07 7.33e-09 0.04 0.876
10 209 5 2 1 51 8 0 0.00108 2.73e-07 7.33e-09 0.04 0.877
10 210 5 2 1 51 8 0 0.00101 2.35e-07 7.33e-09 0.0401 0.877
10 211 5 2 1 51 8 0 0.00201 2.44e-07 7.34e-09 0.0401 0.877
10 212 5 2 1 51 8 0 0.00921 2.68e-06 8.09e-09 0.0401 0.886
10 213 5 2 1 51 8 0 0.00312 2.03e-06 8.19e-09 0.0401 0.882
10 214 5 2 1 51 8 0 0.00118 8.83e-07 8.09e-09 0.0401 0.881
10 215 5 2 1 51 8 0 0.00109 5.21e-07 8.1e-09 0.0402 0.88
10 216 5 2 1 51 8 0 0.00104 4.19e-07 8.11e-09 0.0402 0.881
10 217 5 2 1 51 8 0 0.001 3.71e-07 8.12e-09 0.0402 0.881
10 218 5 2 1 51 8 0 0.000978 3.32e-07 8.12e-09 0.0402 0.882
stationary flow nc = 1 i = 218 du = 0.000977734
# Quadtree, 218 steps, 952.586 CPU, 960.5 real, 3.9e+03 points.step/s, 33 var
10 0 5 2 1 51 8 0 0 3.32e-07 8.12e-09 0 0
10 1 5 2 1 5 8 0 1 0 0 0.000799 0
10 2 6 2 1 38 9 0 0.821 4.46e-06 9.78e-09 0.00136 0.232
10 3 6 2 1 38 9 0 0.608 4.58e-06 7.01e-09 0.00185 0.316
10 4 6 2 1 37 9 0 0.463 2.65e-06 7.71e-09 0.00233 0.327
10 5 5 2 1 37 9 0 0.371 8.52e-06 6.82e-09 0.0028 0.32
10 6 5 2 1 37 9 0 0.315 7.53e-06 6.92e-09 0.00327 0.318
10 7 5 2 1 37 9 0 0.27 6.93e-06 7.56e-09 0.00374 0.322
10 8 5 2 1 37 9 0 0.236 6.45e-06 8.07e-09 0.00418 0.33
10 9 5 2 1 37 9 0 0.21 6.15e-06 8.58e-09 0.00462 0.339
10 10 5 2 1 37 9 0 0.188 5.85e-06 9.04e-09 0.00503 0.347
10 11 5 2 1 37 9 0 0.17 5.54e-06 9.45e-09 0.00544 0.355
10 12 5 2 1 37 9 0 0.154 5.22e-06 9.85e-09 0.00583 0.362
10 13 5 2 1 38 9 0 0.141 4.94e-06 6.92e-09 0.00622 0.369
10 14 5 2 1 38 9 0 0.13 4.69e-06 7.18e-09 0.00659 0.375
10 15 5 2 1 38 9 0 0.12 4.47e-06 7.44e-09 0.00695 0.381
10 16 5 2 1 38 9 0 0.111 4.28e-06 7.69e-09 0.0073 0.386
10 17 5 2 1 38 9 0 0.103 4.1e-06 7.94e-09 0.00764 0.392
10 18 5 2 1 38 9 0 0.0962 3.96e-06 8.18e-09 0.00797 0.397
10 19 5 2 1 38 9 0 0.09 3.86e-06 8.42e-09 0.00829 0.402
10 20 5 2 1 38 9 0 0.0844 3.76e-06 8.65e-09 0.0086 0.408
10 21 5 2 1 38 9 0 0.0793 3.67e-06 8.88e-09 0.00891 0.413
10 22 5 2 1 38 9 0 0.0747 3.58e-06 9.1e-09 0.0092 0.418
10 23 5 2 1 38 9 0 0.0704 3.49e-06 9.32e-09 0.00949 0.423
10 24 5 2 1 38 9 0 0.0666 3.41e-06 9.53e-09 0.00977 0.428
10 25 5 2 1 38 9 0 0.063 3.35e-06 9.74e-09 0.01 0.433
10 26 5 2 1 38 9 0 0.0597 3.3e-06 9.94e-09 0.0103 0.438
10 27 5 2 1 39 9 0 0.0567 3.25e-06 6.86e-09 0.0106 0.443
10 28 5 2 1 39 9 0 0.0539 3.2e-06 6.99e-09 0.0108 0.447
10 29 5 2 1 39 9 0 0.0513 3.15e-06 7.12e-09 0.0111 0.452
10 30 5 2 1 39 9 0 0.0489 3.09e-06 7.25e-09 0.0113 0.456
10 31 5 2 1 39 9 0 0.0466 3.04e-06 7.37e-09 0.0115 0.46
10 32 5 2 1 39 9 0 0.0445 2.99e-06 7.49e-09 0.0118 0.465
10 33 5 2 1 39 9 0 0.0425 2.93e-06 7.61e-09 0.012 0.469
10 34 5 2 1 39 9 0 0.0407 2.88e-06 7.73e-09 0.0122 0.473
10 35 5 2 1 39 9 0 0.0389 2.82e-06 7.84e-09 0.0124 0.477
10 36 5 2 1 39 9 0 0.0373 2.77e-06 7.95e-09 0.0126 0.481
10 37 5 2 1 39 9 0 0.0357 2.72e-06 8.06e-09 0.0128 0.485
10 38 5 2 1 39 9 0 0.0343 2.66e-06 8.17e-09 0.013 0.488
10 39 5 2 1 39 9 0 0.0329 2.61e-06 8.27e-09 0.0132 0.492
10 40 5 2 1 39 9 0 0.0316 2.56e-06 8.37e-09 0.0134 0.496
10 41 5 2 1 39 9 0 0.0303 2.51e-06 8.47e-09 0.0135 0.499
10 42 5 2 1 39 9 0 0.0292 2.42e-06 8.57e-09 0.0137 0.502
10 43 5 2 1 39 9 0 0.0281 2.4e-06 8.66e-09 0.0139 0.506
10 44 5 2 1 39 9 0 0.027 2.35e-06 8.75e-09 0.014 0.509
10 45 5 2 1 39 9 0 0.026 2.3e-06 8.84e-09 0.0142 0.512
10 46 5 2 1 39 9 0 0.025 2.25e-06 8.93e-09 0.0143 0.515
10 47 5 2 1 39 9 0 0.0241 2.21e-06 9.02e-09 0.0145 0.518
10 48 5 2 1 39 9 0 0.0233 2.16e-06 9.1e-09 0.0146 0.521
10 49 5 2 1 39 9 0 0.0224 2.11e-06 9.18e-09 0.0148 0.524
10 50 5 2 1 39 9 0 0.0216 2.07e-06 9.26e-09 0.0149 0.527
10 51 5 2 1 39 9 0 0.0209 2.02e-06 9.34e-09 0.0151 0.53
10 52 5 2 1 39 9 0 0.0202 1.98e-06 9.42e-09 0.0152 0.533
10 53 5 2 1 39 9 0 0.0195 1.93e-06 9.49e-09 0.0153 0.535
10 54 5 2 1 39 9 0 0.0188 1.89e-06 9.57e-09 0.0154 0.538
10 55 5 2 1 39 9 0 0.0182 1.85e-06 9.64e-09 0.0156 0.54
10 56 5 2 1 39 9 0 0.0175 1.8e-06 9.71e-09 0.0157 0.543
10 57 5 2 1 39 9 0 0.017 1.76e-06 9.77e-09 0.0158 0.545
10 58 5 2 1 39 9 0 0.0164 1.72e-06 9.84e-09 0.0159 0.547
10 59 5 2 1 39 9 0 0.0159 1.68e-06 9.91e-09 0.016 0.55
10 60 5 2 1 39 9 0 0.0153 1.64e-06 9.97e-09 0.0161 0.552
10 61 5 2 1 40 9 0 0.0149 1.6e-06 6.78e-09 0.0162 0.554
10 62 5 2 1 40 9 0 0.0144 1.56e-06 6.82e-09 0.0163 0.556
10 63 5 2 1 40 9 0 0.0139 1.53e-06 6.86e-09 0.0164 0.558
10 64 5 2 1 40 9 0 0.0135 1.49e-06 6.9e-09 0.0165 0.56
10 65 5 2 1 40 9 0 0.013 1.45e-06 6.94e-09 0.0166 0.562
10 66 5 2 1 40 9 0 0.0126 1.42e-06 6.98e-09 0.0167 0.564
10 67 5 2 1 40 9 0 0.0122 1.38e-06 7.01e-09 0.0168 0.566
10 68 5 2 1 40 9 0 0.0119 1.35e-06 7.05e-09 0.0169 0.568
10 69 5 2 1 40 9 0 0.0115 1.32e-06 7.08e-09 0.017 0.57
10 70 5 2 1 40 9 0 0.0111 1.28e-06 7.11e-09 0.0171 0.571
10 71 5 2 1 40 9 0 0.0108 1.25e-06 7.15e-09 0.0171 0.573
10 72 5 2 1 40 9 0 0.0105 1.21e-06 7.18e-09 0.0172 0.575
10 73 5 2 1 40 9 0 0.0101 1.19e-06 7.21e-09 0.0173 0.576
10 74 5 2 1 40 9 0 0.00984 1.16e-06 7.24e-09 0.0174 0.578
10 75 5 2 1 40 9 0 0.00955 1.13e-06 7.27e-09 0.0174 0.579
10 76 5 2 1 40 9 0 0.00926 1.1e-06 7.3e-09 0.0175 0.581
10 77 5 2 1 40 9 0 0.00898 1.08e-06 7.33e-09 0.0176 0.582
10 78 5 2 1 40 9 0 0.00871 1.05e-06 7.35e-09 0.0176 0.584
10 79 5 2 1 40 9 0 0.00846 1.02e-06 7.38e-09 0.0177 0.585
10 80 5 2 1 40 9 0 0.00821 9.99e-07 7.41e-09 0.0178 0.586
10 81 5 2 1 40 9 0 0.00796 9.74e-07 7.43e-09 0.0178 0.588
10 82 5 2 1 40 9 0 0.00773 9.5e-07 7.46e-09 0.0179 0.589
10 83 5 2 1 40 9 0 0.00751 9.26e-07 7.48e-09 0.0179 0.59
10 84 5 2 1 40 9 0 0.00729 9.03e-07 7.5e-09 0.018 0.592
10 85 5 2 1 40 9 0 0.00707 8.8e-07 7.53e-09 0.0181 0.593
10 86 5 2 1 40 9 0 0.00687 8.58e-07 7.55e-09 0.0181 0.594
10 87 5 2 1 40 9 0 0.00667 8.36e-07 7.57e-09 0.0182 0.595
10 88 5 2 1 40 9 0 0.00648 8.15e-07 7.59e-09 0.0182 0.596
10 89 5 2 1 40 9 0 0.00629 7.94e-07 7.61e-09 0.0183 0.597
10 90 5 2 1 40 9 0 0.00611 7.74e-07 7.63e-09 0.0183 0.598
10 91 5 2 1 40 9 0 0.00594 7.55e-07 7.65e-09 0.0184 0.599
10 92 5 2 1 40 9 0 0.00577 7.34e-07 7.67e-09 0.0184 0.6
10 93 5 2 1 40 9 0 0.0056 7.14e-07 7.69e-09 0.0184 0.601
10 94 5 2 1 40 9 0 0.00545 6.97e-07 7.71e-09 0.0185 0.602
10 95 5 2 1 40 9 0 0.00529 6.79e-07 7.73e-09 0.0185 0.603
10 96 5 2 1 40 9 0 0.00514 6.62e-07 7.74e-09 0.0186 0.604
10 97 5 2 1 40 9 0 0.005 6.45e-07 7.76e-09 0.0186 0.605
10 98 5 2 1 40 9 0 0.00486 6.28e-07 7.78e-09 0.0187 0.606
10 99 5 2 1 40 9 0 0.00472 6.12e-07 7.79e-09 0.0187 0.606
10 100 5 2 1 40 9 0 0.00459 5.97e-07 7.81e-09 0.0187 0.607
10 101 5 2 1 40 9 0 0.00446 5.82e-07 7.83e-09 0.0188 0.608
10 102 5 2 1 40 9 0 0.00433 6.21e-07 7.84e-09 0.0188 0.609
10 103 5 2 1 40 9 0 0.00421 5.58e-07 7.85e-09 0.0188 0.61
10 104 5 2 1 40 9 0 0.0041 5.45e-07 7.87e-09 0.0189 0.61
10 105 5 2 1 40 9 0 0.00398 5.3e-07 7.88e-09 0.0189 0.611
10 106 5 2 1 40 9 0 0.00387 5.16e-07 7.9e-09 0.0189 0.612
10 107 5 2 1 40 9 0 0.00377 5.02e-07 7.91e-09 0.019 0.612
10 108 5 2 1 40 9 0 0.00366 4.89e-07 7.92e-09 0.019 0.613
10 109 5 2 1 40 9 0 0.00356 4.77e-07 7.93e-09 0.019 0.614
10 110 5 2 1 40 9 0 0.00346 4.64e-07 7.95e-09 0.019 0.614
10 111 5 2 1 40 9 0 0.00337 4.53e-07 7.96e-09 0.0191 0.615
10 112 5 2 1 40 9 0 0.00328 4.41e-07 7.97e-09 0.0191 0.615
10 113 5 2 1 40 9 0 0.00319 4.3e-07 7.98e-09 0.0191 0.616
10 114 5 2 1 40 9 0 0.0031 4.19e-07 7.99e-09 0.0192 0.617
10 115 5 2 1 40 9 0 0.00301 4.08e-07 8e-09 0.0192 0.617
10 116 5 2 1 40 9 0 0.00293 3.97e-07 8.01e-09 0.0192 0.618
10 117 5 2 1 40 9 0 0.00285 3.87e-07 8.02e-09 0.0192 0.618
10 118 5 2 1 40 9 0 0.00277 3.77e-07 8.03e-09 0.0192 0.619
10 119 5 2 1 40 9 0 0.0027 3.68e-07 8.04e-09 0.0193 0.619
10 120 5 2 1 40 9 0 0.00262 3.58e-07 8.05e-09 0.0193 0.62
10 121 5 2 1 40 9 0 0.00255 3.49e-07 8.06e-09 0.0193 0.62
10 122 5 2 1 40 9 0 0.00248 3.4e-07 8.07e-09 0.0193 0.621
10 123 5 2 1 40 9 0 0.00242 3.31e-07 8.08e-09 0.0194 0.621
10 124 5 2 1 40 9 0 0.00235 3.22e-07 8.09e-09 0.0194 0.621
10 125 5 2 1 40 9 0 0.00229 3.14e-07 8.1e-09 0.0194 0.622
10 126 5 2 1 40 9 0 0.00223 3.06e-07 8.1e-09 0.0194 0.622
10 127 5 2 1 40 9 0 0.00217 2.98e-07 8.11e-09 0.0194 0.623
10 128 5 2 1 40 9 0 0.00211 2.9e-07 8.12e-09 0.0194 0.623
10 129 5 2 1 40 9 0 0.00205 2.83e-07 8.13e-09 0.0195 0.623
10 130 5 2 1 40 9 0 0.002 2.75e-07 8.13e-09 0.0195 0.624
10 131 5 2 1 40 9 0 0.00194 2.68e-07 8.14e-09 0.0195 0.624
10 132 5 2 1 40 9 0 0.00189 3.63e-07 8.15e-09 0.0195 0.625
10 133 5 2 1 40 9 0 0.00184 2.56e-07 8.15e-09 0.0195 0.625
10 134 5 2 1 40 9 0 0.00179 2.48e-07 8.16e-09 0.0195 0.625
10 135 5 2 1 40 9 0 0.00174 2.41e-07 8.17e-09 0.0196 0.626
10 136 5 2 1 40 9 0 0.00169 2.35e-07 8.17e-09 0.0196 0.626
10 137 5 2 1 40 9 0 0.00165 2.29e-07 8.18e-09 0.0196 0.626
10 138 5 2 1 40 9 0 0.00161 2.23e-07 8.19e-09 0.0196 0.626
10 139 5 2 1 40 9 0 0.00156 2.17e-07 8.19e-09 0.0196 0.627
10 140 5 2 1 40 9 0 0.00152 2.12e-07 8.2e-09 0.0196 0.627
10 141 5 2 1 40 9 0 0.00148 2.06e-07 8.2e-09 0.0196 0.627
10 142 5 2 1 40 9 0 0.00144 2.01e-07 8.21e-09 0.0197 0.628
10 143 5 2 1 40 9 0 0.0014 1.96e-07 8.21e-09 0.0197 0.628
10 144 5 2 1 40 9 0 0.00136 1.9e-07 8.22e-09 0.0197 0.628
10 145 5 2 1 40 9 0 0.00133 1.86e-07 8.22e-09 0.0197 0.628
10 146 5 2 1 40 9 0 0.00129 1.81e-07 8.23e-09 0.0197 0.629
10 147 5 2 1 40 9 0 0.00126 1.76e-07 8.23e-09 0.0197 0.629
10 148 5 2 1 40 9 0 0.00123 1.71e-07 8.24e-09 0.0197 0.629
10 149 5 2 1 40 9 0 0.00119 1.67e-07 8.24e-09 0.0197 0.629
10 150 5 2 1 40 9 0 0.00116 1.63e-07 8.25e-09 0.0197 0.629
10 151 5 2 1 40 9 0 0.0076 1.58e-07 8.25e-09 0.0197 0.63
10 152 5 2 1 40 9 0 0.0125 1.26e-06 8.25e-09 0.0197 0.638
10 153 5 2 1 40 9 0 0.0139 1.63e-06 8.42e-09 0.0197 0.633
10 154 5 2 1 40 9 0 0.00685 8.07e-07 8.22e-09 0.0198 0.632
10 155 5 2 1 40 9 0 0.00418 3.76e-07 8.25e-09 0.0198 0.631
10 156 5 2 1 40 9 0 0.00287 2e-07 8.26e-09 0.0198 0.631
10 157 5 2 1 40 9 0 0.00216 1.56e-07 8.27e-09 0.0198 0.631
10 158 5 2 1 40 9 0 0.00175 1.28e-07 8.27e-09 0.0198 0.631
10 159 5 2 1 40 9 0 0.00148 1.19e-07 8.28e-09 0.0198 0.631
10 160 5 2 1 40 9 0 0.0013 1.15e-07 8.28e-09 0.0198 0.631
10 161 5 2 1 40 9 0 0.00117 1.12e-07 8.28e-09 0.0198 0.631
10 162 5 2 1 40 9 0 0.00108 1.08e-07 8.29e-09 0.0198 0.632
10 163 5 2 1 40 9 0 0.00101 1.04e-07 8.29e-09 0.0198 0.632
10 164 5 2 1 40 9 0 0.000948 1.01e-07 8.29e-09 0.0198 0.632
stationary flow nc = 2 i = 164 du = 0.000947706
# Quadtree, 164 steps, 918.175 CPU, 925.2 real, 4.37e+03 points.step/s, 33 var
10 0 5 2 1 40 9 0 0 1.01e-07 8.29e-09 0 0
10 1 5 2 1 5 9 0 1 0 0 0.000699 0
10 2 6 2 1 29 10 0 0.904 5.45e-06 6.47e-09 0.0011 0.247
10 3 6 2 1 28 10 0 0.712 5.94e-06 7.46e-09 0.00144 0.312
10 4 6 3 1 28 10 0 0.555 3.9e-06 6.24e-09 0.00178 0.306
10 5 6 4 1 28 10 0 0.429 5.14e-06 6.9e-09 0.00213 0.293
10 6 5 4 1 28 10 0 0.359 9.72e-06 7.02e-09 0.00247 0.291
10 7 5 4 1 28 10 0 0.302 7.8e-06 7.66e-09 0.0028 0.296
10 8 5 4 1 28 10 0 0.26 6.54e-06 8.15e-09 0.00311 0.305
10 9 5 4 1 28 10 0 0.227 5.92e-06 8.6e-09 0.00341 0.314
10 10 5 4 1 28 10 0 0.201 5.54e-06 9e-09 0.00369 0.322
10 11 5 4 1 28 10 0 0.179 5.19e-06 9.37e-09 0.00397 0.33
10 12 5 4 1 28 10 0 0.161 4.81e-06 9.73e-09 0.00422 0.337
10 13 5 4 1 29 10 0 0.146 4.42e-06 5.93e-09 0.00447 0.344
10 14 5 4 1 29 10 0 0.132 4.02e-06 6.13e-09 0.00471 0.35
10 15 5 4 1 29 10 0 0.121 3.65e-06 6.33e-09 0.00494 0.356
10 16 5 4 1 29 10 0 0.111 3.31e-06 6.52e-09 0.00515 0.363
10 17 5 4 1 29 10 0 0.102 2.99e-06 6.7e-09 0.00536 0.368
10 18 5 4 1 29 10 0 0.0942 2.69e-06 6.88e-09 0.00556 0.374
10 19 5 4 1 29 10 0 0.0872 2.42e-06 7.05e-09 0.00575 0.379
10 20 5 4 1 29 10 0 0.081 2.17e-06 7.22e-09 0.00593 0.385
10 21 5 4 1 29 10 0 0.0754 1.94e-06 7.38e-09 0.00611 0.39
10 22 5 4 1 29 10 0 0.0703 1.74e-06 7.54e-09 0.00628 0.395
10 23 5 4 1 29 10 0 0.0657 1.55e-06 7.69e-09 0.00644 0.4
10 24 5 4 1 29 10 0 0.0615 1.43e-06 7.83e-09 0.00659 0.404
10 25 5 4 1 29 10 0 0.0576 1.32e-06 7.98e-09 0.00674 0.409
10 26 5 4 1 29 10 0 0.0541 1.21e-06 8.11e-09 0.00688 0.413
10 27 5 4 1 29 10 0 0.0508 1.11e-06 8.25e-09 0.00702 0.417
10 28 5 4 1 29 10 0 0.0478 1.02e-06 8.37e-09 0.00715 0.421
10 29 5 4 1 29 10 0 0.0451 9.36e-07 8.5e-09 0.00727 0.425
10 30 5 4 1 29 10 0 0.0425 8.76e-07 8.62e-09 0.00739 0.428
10 31 5 4 1 29 10 0 0.0401 8.5e-07 8.73e-09 0.0075 0.432
10 32 5 4 1 29 10 0 0.0379 8.23e-07 8.84e-09 0.00761 0.435
10 33 5 4 1 29 10 0 0.0359 7.95e-07 8.95e-09 0.00772 0.439
10 34 5 4 1 29 10 0 0.034 7.67e-07 9.06e-09 0.00782 0.442
10 35 5 4 1 29 10 0 0.0322 7.39e-07 9.16e-09 0.00792 0.445
10 36 5 4 1 29 10 0 0.0305 7.11e-07 9.25e-09 0.00801 0.448
10 37 5 4 1 29 10 0 0.0289 6.83e-07 9.35e-09 0.0081 0.451
10 38 5 4 1 29 10 0 0.0274 6.56e-07 9.44e-09 0.00819 0.454
10 39 5 4 1 29 10 0 0.0261 6.29e-07 9.53e-09 0.00827 0.456
10 40 5 4 1 29 10 0 0.0248 6.03e-07 9.61e-09 0.00835 0.459
10 41 5 4 1 29 10 0 0.0235 5.78e-07 9.69e-09 0.00842 0.461
10 42 5 4 1 29 10 0 0.0224 5.53e-07 9.77e-09 0.00849 0.464
10 43 5 4 1 29 10 0 0.0213 5.29e-07 9.85e-09 0.00856 0.466
10 44 5 4 1 29 10 0 0.0203 5.06e-07 9.92e-09 0.00863 0.468
10 45 5 3 1 29 10 0 0.0193 4.72e-07 9.99e-09 0.00869 0.47
10 46 5 3 1 30 10 0 0.0184 5.83e-07 5.92e-09 0.00875 0.472
10 47 5 3 1 30 10 0 0.0175 5.59e-07 5.96e-09 0.00881 0.474
10 48 5 3 1 30 10 0 0.0167 5.36e-07 6e-09 0.00887 0.476
10 49 5 3 1 30 10 0 0.0159 5.14e-07 6.03e-09 0.00892 0.478
10 50 5 3 1 30 10 0 0.0152 4.93e-07 6.07e-09 0.00898 0.48
10 51 5 3 1 30 10 0 0.0145 4.72e-07 6.1e-09 0.00903 0.481
10 52 5 3 1 30 10 0 0.0138 4.52e-07 6.14e-09 0.00907 0.483
10 53 5 3 1 30 10 0 0.0132 4.33e-07 6.17e-09 0.00912 0.485
10 54 5 3 1 30 10 0 0.0126 4.16e-07 6.2e-09 0.00916 0.486
10 55 5 3 1 30 10 0 0.012 3.98e-07 6.23e-09 0.0092 0.487
10 56 5 3 1 30 10 0 0.0115 3.82e-07 6.25e-09 0.00924 0.489
10 57 5 3 1 30 10 0 0.011 3.66e-07 6.28e-09 0.00928 0.49
10 58 5 2 1 30 10 0 0.0105 5.23e-07 6.31e-09 0.00932 0.491
10 59 5 2 1 30 10 0 0.01 1.04e-06 6.33e-09 0.00936 0.493
10 60 5 2 1 30 10 0 0.00956 9.96e-07 6.36e-09 0.00939 0.494
10 61 5 2 1 30 10 0 0.0308 9.56e-07 6.38e-09 0.00941 0.495
10 62 5 2 1 30 10 0 0.0311 7.35e-06 6.4e-09 0.00944 0.507
10 63 5 2 1 30 10 0 0.0313 5.56e-06 6.68e-09 0.00946 0.501
10 64 5 2 1 30 10 0 0.0188 1.45e-06 6.36e-09 0.00949 0.5
10 65 5 2 1 30 10 0 0.0132 1.06e-06 6.43e-09 0.00952 0.5
10 66 5 2 1 30 10 0 0.0104 7.86e-07 6.47e-09 0.00955 0.5
10 67 5 2 1 30 10 0 0.00887 7.18e-07 6.5e-09 0.00957 0.501
10 68 5 2 1 30 10 0 0.00789 6.73e-07 6.52e-09 0.0096 0.501
10 69 5 2 1 30 10 0 0.00721 6.42e-07 6.54e-09 0.00962 0.502
10 70 5 2 1 30 10 0 0.0067 6.18e-07 6.55e-09 0.00965 0.503
10 71 5 2 1 30 10 0 0.0175 5.97e-07 6.57e-09 0.00965 0.504
10 72 5 2 1 30 10 0 0.0341 7.64e-06 6.58e-09 0.00967 0.516
10 73 5 2 1 30 10 0 0.00968 2.53e-06 6.87e-09 0.00969 0.513
10 74 5 2 1 30 10 0 0.00644 1.05e-06 6.63e-09 0.0097 0.511
10 75 5 2 1 30 10 0 0.0053 7.76e-07 6.63e-09 0.00972 0.51
10 76 5 2 1 30 10 0 0.00478 6.86e-07 6.66e-09 0.00974 0.51
10 77 5 2 1 30 10 0 0.0045 5.97e-07 6.68e-09 0.00976 0.51
10 78 5 2 1 30 10 0 0.00434 5.36e-07 6.7e-09 0.00977 0.511
10 79 5 2 1 30 10 0 0.00417 5e-07 6.72e-09 0.00979 0.511
10 80 5 2 1 30 10 0 0.00401 4.76e-07 6.73e-09 0.0098 0.512
10 81 5 2 1 30 10 0 0.00372 4.58e-07 6.74e-09 0.00982 0.512
10 82 5 2 1 30 10 0 0.0271 7.98e-06 6.74e-09 0.00983 0.51
10 83 5 2 1 30 10 0 0.0147 2.07e-06 6.65e-09 0.00985 0.51
10 84 5 2 1 30 10 0 0.00935 1.27e-06 6.73e-09 0.00986 0.511
10 85 5 2 1 30 10 0 0.00669 7.81e-07 6.75e-09 0.00988 0.512
10 86 5 2 1 30 10 0 0.00523 4.94e-07 6.75e-09 0.00989 0.512
10 87 5 2 1 30 10 0 0.00436 3.27e-07 6.76e-09 0.0099 0.512
10 88 5 2 1 30 10 0 0.0038 3.26e-07 6.77e-09 0.00991 0.512
10 89 5 2 1 30 10 0 0.00343 3.18e-07 6.77e-09 0.00992 0.513
10 90 5 2 1 30 10 0 0.00315 3.08e-07 6.78e-09 0.00994 0.513
10 91 5 2 1 30 10 0 0.00422 2.98e-07 6.79e-09 0.00993 0.513
10 92 5 2 1 30 10 0 0.0311 7.94e-06 6.79e-09 0.00994 0.525
10 93 5 2 1 30 10 0 0.00679 2.61e-06 7.09e-09 0.00994 0.522
10 94 5 2 1 30 10 0 0.00374 1.03e-06 6.83e-09 0.00995 0.519
10 95 5 2 1 30 10 0 0.00261 5.24e-07 6.82e-09 0.00996 0.518
10 96 5 2 1 30 10 0 0.00221 4.41e-07 6.84e-09 0.00997 0.518
10 97 5 2 1 30 10 0 0.00203 3.57e-07 6.86e-09 0.00997 0.518
10 98 5 2 1 30 10 0 0.00191 3.03e-07 6.87e-09 0.00998 0.518
10 99 5 2 1 30 10 0 0.00184 2.79e-07 6.88e-09 0.00999 0.519
10 100 5 2 1 30 10 0 0.00178 2.64e-07 6.89e-09 0.00999 0.519
10 101 5 2 1 30 10 0 0.00166 2.49e-07 6.89e-09 0.01 0.519
10 102 5 2 1 30 10 0 0.0252 8.12e-06 6.89e-09 0.01 0.516
10 103 5 2 1 30 10 0 0.0128 2.04e-06 6.79e-09 0.01 0.516
10 104 5 2 1 30 10 0 0.00754 1.22e-06 6.87e-09 0.01 0.517
10 105 5 2 1 30 10 0 0.00494 7.28e-07 6.88e-09 0.01 0.517
10 106 5 2 1 30 10 0 0.00355 4.37e-07 6.88e-09 0.01 0.517
10 107 5 2 1 30 10 0 0.00275 2.66e-07 6.88e-09 0.01 0.517
10 108 5 2 1 30 10 0 0.00226 2.32e-07 6.88e-09 0.01 0.517
10 109 5 2 1 30 10 0 0.00194 2.03e-07 6.89e-09 0.0101 0.517
10 110 5 2 1 30 10 0 0.00173 2e-07 6.89e-09 0.0101 0.518
10 111 5 2 1 30 10 0 0.00159 1.89e-07 6.89e-09 0.01 0.518
10 112 5 2 1 30 10 0 0.0299 8.08e-06 6.89e-09 0.0101 0.53
10 113 5 2 1 30 10 0 0.00559 2.65e-06 7.19e-09 0.0101 0.526
10 114 5 2 1 30 10 0 0.00272 1.04e-06 6.92e-09 0.0101 0.523
10 115 5 2 1 30 10 0 0.00149 5.06e-07 6.91e-09 0.0101 0.522
10 116 5 2 1 30 10 0 0.00114 3.12e-07 6.93e-09 0.0101 0.521
10 117 5 2 1 30 10 0 0.000996 2.44e-07 6.94e-09 0.0101 0.521
stationary flow nc = 3 i = 117 du = 0.000996163
# Quadtree, 117 steps, 665.899 CPU, 671.1 real, 5.22e+03 points.step/s, 33 var
10 0 5 2 1 30 10 0 0 2.44e-07 6.94e-09 0 0
10 1 5 2 1 5 10 0 1 0 0 0.000599 0
10 2 6 2 1 32 10 0 1.03 5.17e-06 9.93e-09 0.000866 0.238
10 3 6 2 1 31 10 0 0.85 3.49e-06 7.99e-09 0.00109 0.294
10 4 6 2 1 30 10 0 0.647 2.87e-06 9.92e-09 0.00132 0.292
10 5 5 2 1 30 10 0 0.471 8.38e-06 9.56e-09 0.00156 0.286
10 6 5 2 1 30 10 0 0.394 7.66e-06 9.69e-09 0.00178 0.289
10 7 5 2 1 31 10 0 0.322 6.71e-06 6.54e-09 0.002 0.295
10 8 5 2 1 31 10 0 0.269 6.14e-06 6.89e-09 0.00219 0.304
10 9 5 2 1 31 10 0 0.229 5.76e-06 7.22e-09 0.00238 0.313
10 10 5 2 1 31 10 0 0.199 5.44e-06 7.51e-09 0.00255 0.322
10 11 5 2 1 31 10 0 0.174 5.14e-06 7.77e-09 0.00271 0.33
10 12 5 2 1 31 10 0 0.154 4.87e-06 8.02e-09 0.00285 0.338
10 13 5 2 1 31 10 0 0.137 4.64e-06 8.25e-09 0.00299 0.345
10 14 5 2 1 31 10 0 0.122 4.5e-06 8.47e-09 0.00312 0.352
10 15 5 2 1 31 10 0 0.11 4.37e-06 8.68e-09 0.00324 0.358
10 16 5 2 1 31 10 0 0.0991 4.23e-06 8.88e-09 0.00335 0.364
10 17 5 2 1 31 10 0 0.0897 4.09e-06 9.07e-09 0.00346 0.37
10 18 5 2 1 31 10 0 0.0814 3.94e-06 9.25e-09 0.00356 0.376
10 19 5 2 1 31 10 0 0.0741 3.8e-06 9.42e-09 0.00365 0.381
10 20 5 2 1 31 10 0 0.0676 3.66e-06 9.59e-09 0.00373 0.385
10 21 5 2 1 31 10 0 0.187 3.52e-06 9.74e-09 0.0038 0.39
10 22 5 2 1 31 10 0 0.117 4.44e-06 9.73e-09 0.00387 0.406
10 23 5 2 1 32 10 0 0.0639 4.88e-06 6.94e-09 0.00393 0.408
10 24 5 2 1 32 10 0 0.0512 3.7e-06 6.32e-09 0.004 0.409
10 25 5 2 1 32 10 0 0.0455 3.17e-06 6.34e-09 0.00406 0.41
10 26 5 2 1 32 10 0 0.0411 2.9e-06 6.43e-09 0.00411 0.413
10 27 5 2 1 32 10 0 0.0377 2.74e-06 6.53e-09 0.00417 0.416
10 28 5 2 1 32 10 0 0.0348 2.62e-06 6.62e-09 0.00421 0.418
10 29 5 2 1 32 10 0 0.0322 2.51e-06 6.7e-09 0.00426 0.421
10 30 5 2 1 32 10 0 0.0299 2.4e-06 6.77e-09 0.0043 0.424
10 31 5 2 1 32 10 0 0.181 2.29e-06 6.83e-09 0.00433 0.427
10 32 6 2 1 32 10 0 0.0818 2.49e-06 6.87e-09 0.00436 0.434
10 33 5 2 1 32 10 0 0.0571 8.33e-06 7.12e-09 0.00439 0.428
10 34 5 2 1 32 10 0 0.0453 2.71e-06 6.57e-09 0.00443 0.428
10 35 5 2 1 32 10 0 0.0309 1.82e-06 6.93e-09 0.00446 0.429
10 36 5 2 1 32 10 0 0.0241 1.36e-06 7.05e-09 0.0045 0.431
10 37 5 2 1 32 10 0 0.0204 1.32e-06 7.12e-09 0.00453 0.433
10 38 5 2 1 32 10 0 0.0183 1.3e-06 7.16e-09 0.00455 0.435
10 39 5 2 1 32 10 0 0.017 1.27e-06 7.2e-09 0.00458 0.436
10 40 5 2 1 32 10 0 0.0157 1.24e-06 7.24e-09 0.0046 0.438
10 41 5 2 1 32 10 0 0.0268 1.2e-06 7.27e-09 0.00461 0.439
10 42 5 2 1 32 10 0 0.0776 3.24e-06 7.17e-09 0.00462 0.456
10 43 5 2 1 32 10 0 0.0276 3.4e-06 8.19e-09 0.00464 0.454
10 44 5 2 1 32 10 0 0.0162 2.04e-06 7.34e-09 0.00465 0.451
10 45 5 2 1 32 10 0 0.0117 1.43e-06 7.28e-09 0.00467 0.45
10 46 5 2 1 32 10 0 0.00982 1.09e-06 7.33e-09 0.00469 0.449
10 47 5 2 1 32 10 0 0.00884 9.37e-07 7.39e-09 0.0047 0.45
10 48 5 2 1 32 10 0 0.00825 8.82e-07 7.44e-09 0.00472 0.451
10 49 5 2 1 32 10 0 0.00778 8.49e-07 7.48e-09 0.00473 0.451
10 50 5 2 1 32 10 0 0.00735 8.14e-07 7.51e-09 0.00474 0.452
10 51 5 2 1 32 10 0 0.0563 7.74e-07 7.53e-09 0.00473 0.453
10 52 6 2 1 32 10 0 0.0639 2.66e-06 7.54e-09 0.00474 0.459
10 53 5 2 1 32 10 0 0.0412 9.75e-06 7.77e-09 0.00475 0.45
10 54 5 3 1 32 10 0 0.0305 1.84e-06 7.13e-09 0.00476 0.449
10 55 5 3 1 32 10 0 0.017 7.66e-07 7.49e-09 0.00477 0.449
10 56 5 3 1 32 10 0 0.0111 5.14e-07 7.59e-09 0.00478 0.45
10 57 5 3 1 32 10 0 0.00837 3.66e-07 7.63e-09 0.0048 0.451
10 58 5 3 1 32 10 0 0.00693 2.74e-07 7.65e-09 0.00481 0.451
10 59 5 3 1 32 10 0 0.00607 2.13e-07 7.67e-09 0.00482 0.452
10 60 5 3 1 32 10 0 0.0056 1.7e-07 7.68e-09 0.00482 0.452
10 61 5 3 1 32 10 0 0.00521 1.39e-07 7.69e-09 0.00481 0.453
10 62 5 3 1 32 10 0 0.0696 2.67e-06 7.56e-09 0.00482 0.47
10 63 5 3 1 32 10 0 0.0201 1.48e-06 8.61e-09 0.00482 0.467
10 64 5 3 1 32 10 0 0.00922 1.02e-06 7.69e-09 0.00482 0.463
10 65 5 3 1 32 10 0 0.00479 6.5e-07 7.61e-09 0.00483 0.461
10 66 5 3 1 32 10 0 0.00338 4.14e-07 7.65e-09 0.00483 0.459
10 67 5 3 1 32 10 0 0.00278 2.81e-07 7.69e-09 0.00484 0.459
10 68 5 3 1 32 10 0 0.00252 2.11e-07 7.73e-09 0.00484 0.459
10 69 5 3 1 32 10 0 0.00237 1.78e-07 7.75e-09 0.00485 0.46
10 70 5 3 1 32 10 0 0.00227 1.59e-07 7.77e-09 0.00485 0.46
10 71 5 3 1 32 10 0 0.0285 1.45e-07 7.78e-09 0.00483 0.46
10 72 5 3 1 32 10 0 0.0597 7.62e-06 7.77e-09 0.00483 0.465
10 73 5 3 1 32 10 0 0.0376 6.03e-06 8e-09 0.00484 0.456
10 74 5 3 1 32 10 0 0.0271 1.52e-06 7.33e-09 0.00484 0.455
10 75 5 3 1 32 10 0 0.0137 7.96e-07 7.69e-09 0.00485 0.454
10 76 5 3 1 32 10 0 0.00807 4.68e-07 7.78e-09 0.00486 0.455
10 77 5 3 1 32 10 0 0.00552 3.36e-07 7.81e-09 0.00486 0.455
10 78 5 3 1 32 10 0 0.00426 2.56e-07 7.83e-09 0.00487 0.455
10 79 5 3 1 32 10 0 0.00358 2.03e-07 7.83e-09 0.00488 0.456
10 80 5 3 1 32 10 0 0.00317 1.66e-07 7.83e-09 0.00488 0.456
10 81 5 3 1 32 10 0 0.00785 1.38e-07 7.84e-09 0.00487 0.456
10 82 5 3 1 32 10 0 0.0677 2.7e-06 7.7e-09 0.00487 0.473
10 83 5 3 1 32 10 0 0.0183 1.44e-06 8.75e-09 0.00486 0.47
10 84 5 3 1 32 10 0 0.00751 9.78e-07 7.81e-09 0.00486 0.466
10 85 5 3 1 32 10 0 0.00311 6.09e-07 7.72e-09 0.00487 0.463
10 86 5 3 1 32 10 0 0.0018 3.73e-07 7.75e-09 0.00487 0.462
10 87 5 3 1 32 10 0 0.00134 2.41e-07 7.8e-09 0.00487 0.461
10 88 5 3 1 32 10 0 0.00119 1.78e-07 7.83e-09 0.00488 0.461
10 89 5 3 1 32 10 0 0.00109 1.4e-07 7.84e-09 0.00488 0.462
10 90 5 3 1 32 10 0 0.00106 1.19e-07 7.85e-09 0.00488 0.462
10 91 5 3 1 32 10 0 0.0216 1.07e-07 7.86e-09 0.00486 0.462
10 92 5 3 1 32 10 0 0.0587 7.65e-06 7.85e-09 0.00486 0.467
10 93 5 3 1 32 10 0 0.0367 6.08e-06 8.08e-09 0.00486 0.458
10 94 5 3 1 32 10 0 0.0262 1.53e-06 7.4e-09 0.00487 0.456
10 95 5 3 1 32 10 0 0.0129 8.09e-07 7.76e-09 0.00487 0.455
10 96 5 3 1 32 10 0 0.00731 4.89e-07 7.84e-09 0.00488 0.456
10 97 5 3 1 32 10 0 0.0048 3.59e-07 7.87e-09 0.00488 0.456
10 98 5 3 1 32 10 0 0.0036 2.77e-07 7.88e-09 0.00489 0.456
10 99 5 3 1 32 10 0 0.00295 2.23e-07 7.89e-09 0.00489 0.456
10 100 5 3 1 32 10 0 0.00257 1.84e-07 7.89e-09 0.0049 0.457
10 101 5 3 1 32 10 0 0.00947 1.55e-07 7.89e-09 0.00488 0.457
10 102 5 3 1 32 10 0 0.0672 2.71e-06 7.74e-09 0.00488 0.474
10 103 5 3 1 32 10 0 0.0179 1.43e-06 8.8e-09 0.00487 0.47
10 104 5 3 1 32 10 0 0.00708 9.67e-07 7.86e-09 0.00488 0.466
10 105 5 4 1 32 10 0 0.00268 4.92e-07 7.76e-09 0.00488 0.463
10 106 5 4 1 32 10 0 0.0014 2.74e-07 7.79e-09 0.00488 0.462
10 107 5 4 1 32 10 0 0.00101 1.62e-07 7.83e-09 0.00488 0.462
10 108 5 4 1 32 10 0 0.000876 1.06e-07 7.86e-09 0.00488 0.462
stationary flow nc = 4 i = 108 du = 0.000876365
# Quadtree, 108 steps, 722.225 CPU, 729 real, 5.08e+03 points.step/s, 33 var
10 0 5 4 1 32 10 0 0 1.06e-07 7.86e-09 0 0
10 1 5 4 1 5 10 0 1 0 0 0.000498 0
10 2 5 3 1 25 11 0 1.15 4.15e-06 7.04e-09 0.000653 0.226
10 3 5 3 1 24 11 0 0.962 6.58e-06 8.75e-09 0.000786 0.288
10 4 5 3 1 24 11 0 0.704 6.31e-06 8.1e-09 0.000919 0.299
10 5 5 3 1 24 11 0 0.54 4.85e-06 7.58e-09 0.00105 0.301
10 6 5 3 1 24 11 0 0.399 2.93e-06 7.56e-09 0.00117 0.307
10 7 5 3 1 24 11 0 0.308 2.53e-06 7.84e-09 0.00128 0.314
10 8 5 3 1 24 11 0 0.247 2.31e-06 8.16e-09 0.00137 0.324
10 9 5 3 1 24 11 0 0.204 2.17e-06 8.48e-09 0.00145 0.333
10 10 5 3 1 24 11 0 0.171 2.06e-06 8.76e-09 0.00153 0.342
10 11 5 3 1 24 11 0 0.145 1.94e-06 9.02e-09 0.00159 0.351
10 12 5 3 1 24 11 0 0.124 1.83e-06 9.24e-09 0.00165 0.358
10 13 5 3 1 24 11 0 0.106 1.71e-06 9.45e-09 0.0017 0.365
10 14 5 3 1 24 11 0 0.0914 1.6e-06 9.64e-09 0.00174 0.37
10 15 5 3 1 24 11 0 0.0789 1.48e-06 9.82e-09 0.00178 0.376
10 16 5 3 1 24 11 0 0.0683 1.38e-06 9.98e-09 0.00182 0.38
10 17 5 3 1 25 11 0 0.0592 1.27e-06 5.5e-09 0.00185 0.384
10 18 5 3 1 25 11 0 0.0515 1.19e-06 5.57e-09 0.00187 0.388
10 19 5 3 1 25 11 0 0.0449 1.11e-06 5.64e-09 0.0019 0.391
10 20 5 3 1 25 11 0 0.0392 1.03e-06 5.71e-09 0.00192 0.394
10 21 5 3 1 25 11 0 0.0343 9.64e-07 5.77e-09 0.00194 0.397
10 22 5 3 1 25 11 0 0.03 8.98e-07 5.83e-09 0.00195 0.399
10 23 5 3 1 25 11 0 0.0263 8.36e-07 5.88e-09 0.00197 0.402
10 24 5 3 1 25 11 0 0.0231 7.77e-07 5.93e-09 0.00198 0.403
10 25 5 3 1 25 11 0 0.0203 7.22e-07 5.97e-09 0.00199 0.405
10 26 5 3 1 25 11 0 0.0178 6.7e-07 6.01e-09 0.002 0.407
10 27 5 3 1 25 11 0 0.0157 6.21e-07 6.05e-09 0.00201 0.408
10 28 5 3 1 25 11 0 0.0138 5.76e-07 6.09e-09 0.00202 0.409
10 29 5 3 1 25 11 0 0.0121 5.34e-07 6.12e-09 0.00202 0.41
10 30 5 3 1 25 11 0 0.0107 4.94e-07 6.15e-09 0.00203 0.411
10 31 5 3 1 25 11 0 0.00942 4.6e-07 6.18e-09 0.00203 0.412
10 32 5 3 1 25 11 0 0.0083 4.33e-07 6.21e-09 0.00204 0.413
10 33 5 3 1 25 11 0 0.00732 4.07e-07 6.24e-09 0.00204 0.414
10 34 5 3 1 25 11 0 0.00646 3.83e-07 6.26e-09 0.00205 0.414
10 35 5 3 1 25 11 0 0.0057 3.6e-07 6.28e-09 0.00205 0.415
10 36 5 3 1 25 11 0 0.00503 3.38e-07 6.31e-09 0.00205 0.415
10 37 5 3 1 25 11 0 0.00444 3.17e-07 6.33e-09 0.00205 0.416
10 38 5 3 1 25 11 0 0.00392 2.98e-07 6.35e-09 0.00206 0.416
10 39 5 3 1 25 11 0 0.00346 2.79e-07 6.36e-09 0.00206 0.417
10 40 5 3 1 25 11 0 0.00305 2.62e-07 6.38e-09 0.00206 0.417
10 41 5 3 1 25 11 0 0.0027 2.45e-07 6.4e-09 0.00206 0.417
10 42 5 3 1 25 11 0 0.00238 2.37e-07 6.41e-09 0.00206 0.418
10 43 5 3 1 25 11 0 0.0021 2.29e-07 6.43e-09 0.00206 0.418
10 44 5 3 1 25 11 0 0.00186 2.21e-07 6.44e-09 0.00207 0.418
10 45 5 3 1 25 11 0 0.00164 2.13e-07 6.45e-09 0.00207 0.418
10 46 5 3 1 25 11 0 0.00145 2.05e-07 6.46e-09 0.00207 0.418
10 47 5 3 1 25 11 0 0.00128 1.98e-07 6.47e-09 0.00207 0.419
10 48 5 3 1 25 11 0 0.00113 1.9e-07 6.49e-09 0.00207 0.419
10 49 5 3 1 25 11 0 0.001 1.83e-07 6.5e-09 0.00207 0.419
10 50 5 3 1 25 11 0 0.000885 1.76e-07 6.51e-09 0.00207 0.419
stationary flow nc = 5 i = 50 du = 0.000885134
# Quadtree, 50 steps, 326.869 CPU, 330.9 real, 5.92e+03 points.step/s, 33 var
10 0 5 3 1 25 11 0 0 1.76e-07 6.51e-09 0 0
10 1 5 3 1 5 11 0 1 0 0 0.000398 0
10 2 5 3 1 31 11 0 1.09 7.41e-06 7.03e-09 0.000463 0.214
10 3 5 3 1 27 11 0 0.894 6.72e-06 9.59e-09 0.000513 0.298
10 4 6 3 1 27 11 0 0.633 3.14e-06 7.07e-09 0.000554 0.331
10 5 6 3 1 27 11 0 0.529 2.45e-06 7.44e-09 0.00059 0.345
10 6 5 3 1 27 11 0 0.33 8.75e-06 6.74e-09 0.000619 0.353
10 7 5 3 1 27 11 0 0.218 8.1e-06 6.47e-09 0.000644 0.36
10 8 5 3 1 27 11 0 0.149 7.18e-06 6.37e-09 0.000663 0.366
10 9 5 3 1 27 11 0 0.106 6.22e-06 6.38e-09 0.000677 0.372
10 10 5 3 1 27 11 0 0.0775 5.32e-06 6.44e-09 0.000689 0.377
10 11 5 3 1 27 11 0 0.0583 4.5e-06 6.51e-09 0.000697 0.381
10 12 5 3 1 27 11 0 0.0444 3.74e-06 6.59e-09 0.000704 0.385
10 13 5 3 1 27 11 0 0.0339 3.13e-06 6.66e-09 0.000708 0.388
10 14 5 3 1 27 11 0 0.0259 2.92e-06 6.72e-09 0.000712 0.39
10 15 5 3 1 27 11 0 0.0197 2.76e-06 6.77e-09 0.000714 0.392
10 16 5 3 1 27 11 0 0.0149 2.59e-06 6.82e-09 0.000716 0.394
10 17 5 3 1 27 11 0 0.0112 2.45e-06 6.87e-09 0.000718 0.395
10 18 5 3 1 27 11 0 0.0084 2.31e-06 6.92e-09 0.000719 0.396
10 19 5 3 1 27 11 0 0.00628 2.18e-06 6.96e-09 0.00072 0.397
10 20 5 3 1 27 11 0 0.00468 2.08e-06 7e-09 0.00072 0.398
10 21 5 3 1 27 11 0 0.00349 1.96e-06 7.03e-09 0.000721 0.398
10 22 5 3 1 27 11 0 0.00259 1.85e-06 7.07e-09 0.000721 0.399
10 23 5 3 1 27 11 0 0.00192 1.73e-06 7.1e-09 0.000721 0.399
10 24 5 3 1 27 11 0 0.00141 1.61e-06 7.13e-09 0.000722 0.399
10 25 5 3 1 27 11 0 0.00104 1.5e-06 7.16e-09 0.000722 0.4
10 26 5 3 1 27 11 0 0.000767 1.39e-06 7.18e-09 0.000722 0.4
stationary flow nc = 6 i = 26 du = 0.000766954
# Quadtree, 26 steps, 204.813 CPU, 207.4 real, 5.45e+03 points.step/s, 33 var
10 0 5 3 1 27 11 0 0 1.39e-06 7.18e-09 0 0
10 1 5 3 1 5 11 0 1 0 0 0.000298 0
10 2 5 3 1 37 11 0 1.06 6.71e-06 7.45e-09 0.000299 0.199
10 3 5 3 1 35 11 0 0.46 7.69e-06 9.28e-09 0.000286 0.306
10 4 5 3 1 35 11 0 0.304 6.81e-06 8.24e-09 0.000262 0.363
10 5 5 3 1 35 11 0 0.242 6.26e-06 6.92e-09 0.000237 0.391
10 6 5 3 1 34 11 0 0.248 3.4e-06 8.71e-09 0.000215 0.402
10 7 5 3 1 34 11 0 0.253 2.97e-06 7.61e-09 0.000199 0.406
10 8 5 3 1 34 11 0 0.224 2.5e-06 6.96e-09 0.000188 0.406
10 9 5 3 1 34 11 0 0.173 2.07e-06 6.67e-09 0.00018 0.404
10 10 5 3 1 33 11 0 0.122 1.71e-06 9.94e-09 0.000176 0.401
10 11 5 3 1 34 11 0 0.0799 1.41e-06 6.64e-09 0.000174 0.399
10 12 5 3 1 34 11 0 0.05 1.18e-06 6.74e-09 0.000173 0.397
10 13 5 3 1 34 11 0 0.0293 9.99e-07 6.85e-09 0.000172 0.396
10 14 5 3 1 34 11 0 0.016 8.74e-07 6.96e-09 0.000173 0.396
10 15 5 3 1 34 11 0 0.00788 8.92e-07 7.05e-09 0.000173 0.395
10 16 5 3 1 34 11 0 0.0049 8.92e-07 7.12e-09 0.000173 0.395
10 17 5 3 1 34 11 0 0.00447 8.79e-07 7.18e-09 0.000173 0.396
10 18 5 3 1 34 11 0 0.0035 8.57e-07 7.22e-09 0.000173 0.396
10 19 5 3 1 34 11 0 0.00242 8.3e-07 7.25e-09 0.000173 0.396
10 20 5 3 1 34 11 0 0.00177 8e-07 7.28e-09 0.000173 0.396
10 21 5 3 1 34 11 0 0.00141 7.68e-07 7.29e-09 0.000173 0.397
10 22 5 3 1 34 11 0 0.00107 7.34e-07 7.31e-09 0.000173 0.397
10 23 5 3 1 34 11 0 0.000796 6.99e-07 7.32e-09 0.000173 0.397
stationary flow nc = 7 i = 23 du = 0.000795952
# Quadtree, 23 steps, 242.018 CPU, 245.4 real, 4.42e+03 points.step/s, 33 var
10 0 5 3 1 34 11 0 0 6.99e-07 7.32e-09 0 0
10 1 5 3 1 5 11 0 1 0 0 0.000248 0
10 2 5 3 1 34 11 0 1.14 6.47e-06 7.55e-09 0.000233 0.19
10 3 5 3 1 31 11 0 0.394 7.13e-06 9.8e-09 0.000206 0.297
10 4 5 3 1 31 11 0 0.363 8.97e-06 9.69e-09 0.000174 0.354
10 5 5 3 1 31 11 0 0.401 5.97e-06 8.65e-09 0.000144 0.38
10 6 5 3 1 31 11 0 0.487 3.83e-06 7.84e-09 0.000122 0.39
10 7 5 3 1 31 11 0 0.447 2.8e-06 7.48e-09 0.000107 0.391
10 8 5 3 1 31 11 0 0.356 2.2e-06 7.4e-09 9.78e-05 0.388
10 9 5 3 1 31 11 0 0.245 1.82e-06 7.53e-09 9.33e-05 0.385
10 10 5 3 1 31 11 0 0.15 1.55e-06 7.73e-09 9.14e-05 0.382
10 11 5 3 1 31 11 0 0.0875 1.38e-06 7.95e-09 9.09e-05 0.379
10 12 5 3 1 31 11 0 0.0464 1.24e-06 8.16e-09 9.12e-05 0.378
10 13 5 3 1 31 11 0 0.0244 1.11e-06 8.34e-09 9.17e-05 0.376
10 14 5 3 1 31 11 0 0.0144 1e-06 8.49e-09 9.22e-05 0.376
10 15 5 3 1 31 11 0 0.0136 9.11e-07 8.61e-09 9.25e-05 0.376
10 16 5 3 1 31 11 0 0.0103 8.3e-07 8.71e-09 9.27e-05 0.376
10 17 5 3 1 31 11 0 0.00644 7.58e-07 8.8e-09 9.28e-05 0.376
10 18 5 3 1 31 11 0 0.00557 6.94e-07 8.87e-09 9.28e-05 0.376
10 19 5 3 1 31 11 0 0.00559 6.36e-07 8.94e-09 9.27e-05 0.377
10 20 5 3 1 31 11 0 0.00547 5.83e-07 9e-09 9.26e-05 0.377
10 21 5 3 1 31 11 0 0.00517 5.35e-07 9.05e-09 9.26e-05 0.377
10 22 5 3 1 31 11 0 0.00473 4.91e-07 9.1e-09 9.25e-05 0.377
10 23 5 3 1 31 11 0 0.00421 4.51e-07 9.15e-09 9.24e-05 0.378
10 24 5 3 1 31 11 0 0.00368 4.14e-07 9.2e-09 9.24e-05 0.378
10 25 5 3 1 31 11 0 0.00317 3.81e-07 9.24e-09 9.23e-05 0.378
10 26 5 3 1 31 11 0 0.00271 3.5e-07 9.28e-09 9.23e-05 0.378
10 27 5 3 1 31 11 0 0.00231 3.22e-07 9.32e-09 9.23e-05 0.378
10 28 5 3 1 31 11 0 0.00196 2.97e-07 9.36e-09 9.23e-05 0.378
10 29 5 3 1 31 11 0 0.00168 2.74e-07 9.4e-09 9.23e-05 0.378
10 30 5 3 1 31 11 0 0.00144 2.52e-07 9.43e-09 9.22e-05 0.378
10 31 5 3 1 31 11 0 0.00125 2.33e-07 9.47e-09 9.22e-05 0.378
10 32 5 3 1 31 11 0 0.00108 2.15e-07 9.5e-09 9.22e-05 0.379
10 33 5 3 1 31 11 0 0.000942 1.99e-07 9.53e-09 9.22e-05 0.379
stationary flow nc = 8 i = 33 du = 0.000942279
# Quadtree, 33 steps, 333.411 CPU, 336 real, 4.69e+03 points.step/s, 33 var
