cellnumber,    x-coordinate,    y-coordinate
         1, 7.219391875E-03, 3.028659876E-06
         2, 7.219242863E-03, 9.085979400E-06
         3, 7.219074294E-03, 1.270785469E-05
         4, 7.218865212E-03, 1.573651389E-05
         5, 7.218411192E-03, 2.120061981E-05
         6, 7.217758801E-03, 2.725793820E-05
         7, 7.216933649E-03, 3.331525659E-05
         8, 7.215901278E-03, 3.937257861E-05
         9, 7.214651909E-03, 4.542989700E-05
        10, 7.213473786E-03, 5.047278682E-05
        11, 7.212713361E-03, 5.350144784E-05
        12, 7.211614400E-03, 5.754453741E-05
        13, 7.209775504E-03, 6.360185216E-05
        14, 7.207843941E-03, 6.916595157E-05
        15, 7.206716575E-03, 7.219461259E-05
        16, 7.205320522E-03, 7.571649621E-05
        17, 7.202772889E-03, 8.177381824E-05
        18, 7.201137953E-03, 8.534190420E-05
        19, 7.199618034E-03, 8.837056521E-05
        20, 7.196786348E-03, 9.388845501E-05
        21, 7.194986567E-03, 9.722075629E-05
        22, 7.193192840E-03, 1.002494100E-04
        23, 7.190161850E-03, 1.052240987E-04
        24, 7.188185584E-03, 1.082527597E-04
        25, 7.185675204E-03, 1.120604138E-04
        26, 7.183185313E-03, 1.157514707E-04
        27, 7.180927321E-03, 1.187801317E-04
        28, 7.177896332E-03, 1.227362663E-04
        29, 7.175408769E-03, 1.257649274E-04
        30, 7.172378246E-03, 1.293541573E-04
        31, 7.169747725E-03, 1.323828183E-04
        32, 7.166717201E-03, 1.357182919E-04
        33, 7.163931150E-03, 1.387469529E-04
        34, 7.160900626E-03, 1.418479951E-04
        35, 7.157914340E-03, 1.448766416E-04
        36, 7.154883817E-03, 1.477681944E-04
        37, 7.151679602E-03, 1.507968555E-04
        38, 7.148649078E-03, 1.535214833E-04
        39, 7.145230658E-03, 1.565501443E-04
        40, 7.142199669E-03, 1.591478358E-04
        41, 7.138545159E-03, 1.621764968E-04
        42, 7.135514170E-03, 1.646355668E-04
        43, 7.131516933E-03, 1.676642278E-04
        44, 7.128486410E-03, 1.699013083E-04
        45, 7.125082426E-03, 1.722374582E-04
        46, 7.121085189E-03, 1.749697694E-04
        47, 7.118054666E-03, 1.770427480E-04
        48, 7.113357075E-03, 1.800714090E-04
        49, 7.110326085E-03, 1.819949975E-04
        50, 7.106898353E-03, 1.840070036E-04
        51, 7.102105767E-03, 1.867602550E-04
        52, 7.099075243E-03, 1.885196980E-04
        53, 7.094775792E-03, 1.908020495E-04
        54, 7.090324536E-03, 1.930879225E-04
        55, 7.087293547E-03, 1.946632547E-04
        56, 7.082653232E-03, 1.968698634E-04
        57, 7.077853661E-03, 1.990694873E-04
        58, 7.074823137E-03, 2.004831622E-04
        59, 7.070530672E-03, 2.022798581E-04
        60, 7.064526901E-03, 2.047169110E-04
        61, 7.061495911E-03, 2.059752878E-04
        62, 7.058408111E-03, 2.071308409E-04
        63, 7.052346598E-03, 2.092669311E-04
        64, 7.046914659E-03, 2.111400390E-04
        65, 7.043884601E-03, 2.122433652E-04
        66, 7.040224038E-03, 2.133779926E-04
        67, 7.034162991E-03, 2.150947694E-04
        68, 7.028101478E-03, 2.168400970E-04
        69, 7.024557330E-03, 2.179147996E-04
        70, 7.021526806E-03, 2.187416248E-04
        71, 7.015978917E-03, 2.200499875E-04
        72, 7.009917405E-03, 2.213358093E-04
        73, 7.003855892E-03, 2.227343357E-04
        74, 6.999448873E-03, 2.237990557E-04
        75, 6.996417884E-03, 2.244966599E-04
        76, 6.991733331E-03, 2.253772982E-04
        77, 6.985672284E-03, 2.263347997E-04
        78, 6.979610771E-03, 2.272600541E-04
        79, 6.973549258E-03, 2.282641362E-04
        80, 6.967488211E-03, 2.293745929E-04
        81, 6.963773165E-03, 2.300658234E-04
        82, 6.960742176E-03, 2.305459639E-04
        83, 6.955365650E-03, 2.312545548E-04
        84, 6.949304137E-03, 2.319003688E-04
        85, 6.943242624E-03, 2.325069217E-04
        86, 6.937181577E-03, 2.331200812E-04
        87, 6.931120530E-03, 2.337629703E-04
        88, 6.925059017E-03, 2.344534732E-04
        89, 6.918997969E-03, 2.352130396E-04
        90, 6.913476158E-03, 2.359244099E-04
        91, 6.910445634E-03, 2.363025415E-04
        92, 6.906874944E-03, 2.366331173E-04
        93, 6.900813431E-03, 2.370846923E-04
        94, 6.894752383E-03, 2.374308096E-04
        95, 6.888690870E-03, 2.377283818E-04
        96, 6.882629823E-03, 2.379944926E-04
        97, 6.876568310E-03, 2.382377133E-04
        98, 6.870506797E-03, 2.384605468E-04
        99, 6.864445750E-03, 2.386639826E-04
       100, 6.858384237E-03, 2.388498542E-04
       101, 6.852323189E-03, 2.390198788E-04
       102, 6.846261676E-03, 2.391760499E-04
       103, 6.840200163E-03, 2.393200702E-04
       104, 6.834139116E-03, 2.394534240E-04
       105, 6.828077603E-03, 2.395773918E-04
       106, 6.822016556E-03, 2.396931959E-04
       107, 6.815955043E-03, 2.398019569E-04
       108, 6.809893996E-03, 2.399047225E-04
       109, 6.803832483E-03, 2.400024096E-04
       110, 6.797771435E-03, 2.400958183E-04
       111, 6.791709922E-03, 2.401856473E-04
       112, 6.785648875E-03, 2.402723476E-04
       113, 6.779587362E-03, 2.403562394E-04
       114, 6.773525849E-03, 2.404374973E-04
       115, 6.767464802E-03, 2.405161649E-04
       116, 6.761402823E-03, 2.405921987E-04
       117, 6.755341776E-03, 2.406654094E-04
       118, 6.749280728E-03, 2.407355496E-04
       119, 6.743219215E-03, 2.408021974E-04
       120, 6.737158168E-03, 2.408648725E-04
       121, 6.731096655E-03, 2.409229492E-04
       122, 6.725035142E-03, 2.409756416E-04
       123, 6.718974095E-03, 2.410219895E-04
       124, 6.712912582E-03, 2.410609304E-04
       125, 6.706851535E-03, 2.410913294E-04
       126, 6.700790022E-03, 2.411119785E-04
       127, 6.694728509E-03, 2.411218011E-04
       128, 6.688667461E-03, 2.411199239E-04
       129, 6.682605948E-03, 2.411059395E-04
       130, 6.676544901E-03, 2.410799934E-04
       131, 6.670483388E-03, 2.410429443E-04
       132, 6.664421875E-03, 2.409962763E-04
       133, 6.658360362E-03, 2.409421431E-04
       134, 6.652299315E-03, 2.408830624E-04
       135, 6.646238267E-03, 2.408217406E-04
       136, 6.640176754E-03, 2.407609427E-04
       137, 6.634115707E-03, 2.407033753E-04
       138, 6.628054194E-03, 2.406515705E-04
       139, 6.621992681E-03, 2.406078856E-04
       140, 6.615931634E-03, 2.405744890E-04
       141, 6.609870121E-03, 2.405534033E-04
       142, 6.603808608E-03, 2.405465202E-04
       143, 6.597747561E-03, 2.405556734E-04
       144, 6.591686048E-03, 2.405826963E-04
       145, 6.585625000E-03, 2.406294079E-04
       146, 6.579563953E-03, 2.406979183E-04
       147, 6.573502440E-03, 2.407905995E-04
       148, 6.567440927E-03, 2.409095323E-04
       149, 6.561379880E-03, 2.410555317E-04
       150, 6.555318367E-03, 2.412304457E-04
       151, 6.549256854E-03, 2.414125047E-04
       152, 6.543195806E-03, 2.415588388E-04
       153, 6.537134293E-03, 2.416628995E-04
       154, 6.531073246E-03, 2.417443175E-04
       155, 6.525011733E-03, 2.418126096E-04
       156, 6.518950686E-03, 2.418729418E-04
       157, 6.512889173E-03, 2.419277153E-04
       158, 6.506827660E-03, 2.419752855E-04
       159, 6.500766613E-03, 2.420140227E-04
       160, 6.494705100E-03, 2.420445671E-04
       161, 6.488644052E-03, 2.420694072E-04
       162, 6.482582539E-03, 2.420907113E-04
       163, 6.476521492E-03, 2.421088138E-04
       164, 6.470459979E-03, 2.421233658E-04
       165, 6.464398466E-03, 2.421350218E-04
       166, 6.458336953E-03, 2.421454556E-04
       167, 6.452275906E-03, 2.421560348E-04
       168, 6.446214393E-03, 2.421670069E-04
       169, 6.440153345E-03, 2.421779936E-04
       170, 6.434091832E-03, 2.421887184E-04
       171, 6.428030785E-03, 2.421989921E-04
       172, 6.421969272E-03, 2.422085527E-04
       173, 6.415907759E-03, 2.422169200E-04
       174, 6.409846712E-03, 2.422233665E-04
       175, 6.403785199E-03, 2.422268590E-04
       176, 6.397724152E-03, 2.422258694E-04
       177, 6.391662639E-03, 2.422182151E-04
       178, 6.385601591E-03, 2.422015241E-04
       179, 6.379540078E-03, 2.421735408E-04
       180, 6.373478565E-03, 2.421326208E-04
       181, 6.367417518E-03, 2.420778183E-04
       182, 6.361356005E-03, 2.420081873E-04
       183, 6.355294958E-03, 2.419215889E-04
       184, 6.349233445E-03, 2.418147342E-04
       185, 6.343172397E-03, 2.416842326E-04
       186, 6.337110884E-03, 2.415123163E-04
       187, 6.331049372E-03, 2.412720933E-04
       188, 6.324987859E-03, 2.409853623E-04
       189, 6.318926811E-03, 2.407095162E-04
       190, 6.312865298E-03, 2.404671541E-04
       191, 6.306804251E-03, 2.402546961E-04
       192, 6.300743204E-03, 2.400706435E-04
       193, 6.294681691E-03, 2.399171790E-04
       194, 6.288620178E-03, 2.397993958E-04
       195, 6.282559130E-03, 2.397227363E-04
       196, 6.276497617E-03, 2.396926575E-04
       197, 6.270436104E-03, 2.397138014E-04
       198, 6.264375057E-03, 2.397891658E-04
       199, 6.258313544E-03, 2.399210207E-04
       200, 6.252252497E-03, 2.401122038E-04
       201, 6.246190984E-03, 2.403657854E-04
       202, 6.240129471E-03, 2.406889544E-04
       203, 6.234068424E-03, 2.410806337E-04
       204, 6.228006911E-03, 2.414732589E-04
       205, 6.221945398E-03, 2.417970682E-04
       206, 6.215884350E-03, 2.420807868E-04
       207, 6.212045904E-03, 2.422574180E-04
       208, 6.209014915E-03, 2.423714614E-04
       209, 6.203761790E-03, 2.425364219E-04
       210, 6.197700277E-03, 2.426840656E-04
       211, 6.191639230E-03, 2.427820873E-04
       212, 6.185577717E-03, 2.428319276E-04
       213, 6.179516204E-03, 2.428339358E-04
       214, 6.173455156E-03, 2.427859145E-04
       215, 6.167393643E-03, 2.426860738E-04
       216, 6.161332596E-03, 2.425353596E-04
       217, 6.156200543E-03, 2.423701953E-04
       218, 6.153170019E-03, 2.422505349E-04
       219, 6.149209570E-03, 2.420523379E-04
       220, 6.143148523E-03, 2.417258365E-04
       221, 6.137087476E-03, 2.413010661E-04
       222, 6.131025963E-03, 2.407417487E-04
       223, 6.124964450E-03, 2.401944803E-04
       224, 6.118903402E-03, 2.397441422E-04
       225, 6.112841889E-03, 2.393646137E-04
       226, 6.106780376E-03, 2.390665031E-04
       227, 6.100719329E-03, 2.388511348E-04
       228, 6.094657816E-03, 2.387210116E-04
       229, 6.088596769E-03, 2.386834094E-04
       230, 6.082535256E-03, 2.387435961E-04
       231, 6.076473743E-03, 2.389121073E-04
       232, 6.070412695E-03, 2.392008173E-04
       233, 6.064351182E-03, 2.396265481E-04
       234, 6.058290135E-03, 2.402181563E-04
       235, 6.052228622E-03, 2.410309244E-04
       236, 6.046794355E-03, 2.418970544E-04
       237, 6.043763366E-03, 2.423820843E-04
       238, 6.040106062E-03, 2.428744046E-04
       239, 6.034044549E-03, 2.437825315E-04
       240, 6.027983502E-03, 2.448876621E-04
       241, 6.022025831E-03, 2.460576652E-04
       242, 6.018995307E-03, 2.466452133E-04
       243, 6.015860941E-03, 2.470551699E-04
       244, 6.009799428E-03, 2.476645168E-04
       245, 6.003737915E-03, 2.477575908E-04
       246, 5.997966975E-03, 2.471306361E-04
       247, 5.994936451E-03, 2.465524012E-04
       248, 5.991615355E-03, 2.452826593E-04
       249, 5.986546632E-03, 2.431904722E-04
       250, 5.983516108E-03, 2.417285286E-04
       251, 5.979492795E-03, 2.396968630E-04
       252, 5.974919535E-03, 2.372324670E-04
       253, 5.971889012E-03, 2.352590964E-04
       254, 5.967370234E-03, 2.326669928E-04
       255, 5.963766016E-03, 2.306146926E-04
       256, 5.960735492E-03, 2.284428774E-04
       257, 5.956559442E-03, 2.254142164E-04
       258, 5.953528918E-03, 2.231127874E-04
       259, 5.949555896E-03, 2.200841263E-04
       260, 5.946525373E-03, 2.177453280E-04
       261, 5.943125114E-03, 2.149301436E-04
       262, 5.939860828E-03, 2.122196602E-04
       263, 5.936830305E-03, 2.095252712E-04
       264, 5.933457520E-03, 2.064966102E-04
       265, 5.930426996E-03, 2.035960060E-04
       266, 5.927292164E-03, 2.005673450E-04
       267, 5.924261641E-03, 1.974765328E-04
       268, 5.921319593E-03, 1.944478718E-04
       269, 5.918289069E-03, 1.911458821E-04
       270, 5.915533751E-03, 1.881172211E-04
       271, 5.912665743E-03, 1.847482490E-04
       272, 5.909950938E-03, 1.815367141E-04
       273, 5.907498300E-03, 1.785080385E-04
       274, 5.904467776E-03, 1.747740607E-04
       275, 5.902049597E-03, 1.717453997E-04
       276, 5.899019074E-03, 1.678377303E-04
       277, 5.896678660E-03, 1.648090692E-04
       278, 5.893648136E-03, 1.605917350E-04
       279, 5.891547073E-03, 1.575630740E-04
       280, 5.889528897E-03, 1.544616534E-04
       281, 5.886554252E-03, 1.498958300E-04
       282, 5.884556565E-03, 1.468671690E-04
       283, 5.881818477E-03, 1.423470094E-04
       284, 5.879773758E-03, 1.388496894E-04
       285, 5.878039170E-03, 1.358210284E-04
       286, 5.875008646E-03, 1.302748424E-04
       287, 5.873394199E-03, 1.272461959E-04
       288, 5.871859845E-03, 1.241750579E-04
       289, 5.868963897E-03, 1.181177358E-04
       290, 5.867467262E-03, 1.148617812E-04
       291, 5.866141524E-03, 1.118331202E-04
       292, 5.863729399E-03, 1.060030918E-04
       293, 5.861915648E-03, 1.012913053E-04
       294, 5.860797130E-03, 9.826265159E-05
       295, 5.859259050E-03, 9.388845501E-05
       296, 5.857301876E-03, 8.783113299E-05
       297, 5.855809432E-03, 8.268083911E-05
       298, 5.854983814E-03, 7.965217810E-05
       299, 5.853953306E-03, 7.571649621E-05
       300, 5.852460861E-03, 6.965917419E-05
       301, 5.851143040E-03, 6.360185216E-05
       302, 5.850021262E-03, 5.754453741E-05
       303, 5.849338602E-03, 5.348725972E-05
       304, 5.848858971E-03, 5.045859871E-05
       305, 5.848116707E-03, 4.542989700E-05
       306, 5.847326014E-03, 3.937257861E-05
       307, 5.846665706E-03, 3.331525659E-05
       308, 5.846132990E-03, 2.725793820E-05
       309, 5.845716689E-03, 2.120061799E-05
       310, 5.845408421E-03, 1.514329870E-05
       311, 5.845206790E-03, 9.085979400E-06
       312, 5.845121108E-03, 3.028659648E-06
