cellnumber,    x-coordinate,    y-coordinate
         1, 3.649233375E-03, 3.028659648E-06
         2, 3.649110440E-03, 9.085979400E-06
         3, 3.648958402E-03, 1.274007445E-05
         4, 3.648750018E-03, 1.576873547E-05
         5, 3.648322076E-03, 2.120061981E-05
         6, 3.647712059E-03, 2.725793820E-05
         7, 3.646955593E-03, 3.331525659E-05
         8, 3.646166995E-03, 3.937257861E-05
         9, 3.645284334E-03, 4.542989700E-05
        10, 3.643885255E-03, 5.148721903E-05
        11, 3.642921802E-03, 5.469522512E-05
        12, 3.641862422E-03, 5.772388249E-05
        13, 3.640039358E-03, 6.360185216E-05
        14, 3.638427705E-03, 6.965917419E-05
        15, 3.637220012E-03, 7.386395009E-05
        16, 3.636124311E-03, 7.689261110E-05
        17, 3.634341760E-03, 8.177381096E-05
        18, 3.631979460E-03, 8.763685764E-05
        19, 3.630633233E-03, 9.066551866E-05
        20, 3.628969425E-03, 9.388845501E-05
        21, 3.626036691E-03, 9.947149374E-05
        22, 3.624385921E-03, 1.025001548E-04
        23, 3.622460179E-03, 1.060030918E-04
        24, 3.619713243E-03, 1.109209988E-04
        25, 3.617907641E-03, 1.139496599E-04
        26, 3.615467343E-03, 1.181177286E-04
        27, 3.613137407E-03, 1.220269405E-04
        28, 3.611168824E-03, 1.250555943E-04
        29, 3.608138300E-03, 1.294479007E-04
        30, 3.605857026E-03, 1.324765472E-04
        31, 3.602945246E-03, 1.362896874E-04
        32, 3.600543132E-03, 1.394557185E-04
        33, 3.598120296E-03, 1.424843795E-04
        34, 3.595089540E-03, 1.462033542E-04
        35, 3.592491383E-03, 1.492320152E-04
        36, 3.589460626E-03, 1.527182612E-04
        37, 3.586723236E-03, 1.557469222E-04
        38, 3.583692480E-03, 1.590385364E-04
        39, 3.580815159E-03, 1.620671974E-04
        40, 3.577784402E-03, 1.651559287E-04
        41, 3.574706847E-03, 1.681845752E-04
        42, 3.571676323E-03, 1.710669312E-04
        43, 3.568372922E-03, 1.740955922E-04
        44, 3.565342166E-03, 1.768105576E-04
        45, 3.561802208E-03, 1.798392186E-04
        46, 3.558771452E-03, 1.823901257E-04
        47, 3.554964671E-03, 1.853965077E-04
        48, 3.551907605E-03, 1.877546310E-04
        49, 3.548876848E-03, 1.900202915E-04
        50, 3.544864943E-03, 1.930489525E-04
        51, 3.541834187E-03, 1.953117317E-04
        52, 3.537474433E-03, 1.983403927E-04
        53, 3.534443909E-03, 2.003856207E-04
        54, 3.530719317E-03, 2.027037699E-04
        55, 3.526545595E-03, 2.052383497E-04
        56, 3.523514839E-03, 2.070599003E-04
        57, 3.518596757E-03, 2.098011610E-04
        58, 3.515067510E-03, 2.117187832E-04
        59, 3.512036754E-03, 2.133123780E-04
        60, 3.506474197E-03, 2.161010634E-04
        61, 3.502971027E-03, 2.178235300E-04
        62, 3.499940271E-03, 2.192309039E-04
        63, 3.494351404E-03, 2.216672874E-04
        64, 3.489917377E-03, 2.235285501E-04
        65, 3.486886853E-03, 2.247865777E-04
        66, 3.482228843E-03, 2.264195064E-04
        67, 3.476167331E-03, 2.284091752E-04
        68, 3.472008742E-03, 2.298049076E-04
        69, 3.468978219E-03, 2.307790855E-04
        70, 3.464044770E-03, 2.321008214E-04
        71, 3.457983490E-03, 2.335764875E-04
        72, 3.451921977E-03, 2.351629519E-04
        73, 3.448393662E-03, 2.361149964E-04
        74, 3.445362905E-03, 2.367935813E-04
        75, 3.439799417E-03, 2.378271020E-04
        76, 3.433738137E-03, 2.387400891E-04
        77, 3.427676857E-03, 2.396365744E-04
        78, 3.421615576E-03, 2.405892737E-04
        79, 3.415554296E-03, 2.415165654E-04
        80, 3.411099315E-03, 2.421214303E-04
        81, 3.408068558E-03, 2.424542763E-04
        82, 3.403431503E-03, 2.428743464E-04
        83, 3.397370223E-03, 2.433709742E-04
        84, 3.391308943E-03, 2.438418596E-04
        85, 3.385247663E-03, 2.443074191E-04
        86, 3.379186383E-03, 2.447760489E-04
        87, 3.373124870E-03, 2.452676708E-04
        88, 3.367063589E-03, 2.457665978E-04
        89, 3.361002309E-03, 2.461964614E-04
        90, 3.355476772E-03, 2.465053403E-04
        91, 3.352446249E-03, 2.466499864E-04
        92, 3.348879749E-03, 2.467791492E-04
        93, 3.342818469E-03, 2.469756000E-04
        94, 3.336757189E-03, 2.471403277E-04
        95, 3.330695676E-03, 2.472779597E-04
        96, 3.324634396E-03, 2.473940549E-04
        97, 3.318573115E-03, 2.474945504E-04
        98, 3.312511835E-03, 2.475834044E-04
        99, 3.306450555E-03, 2.476621594E-04
       100, 3.300389275E-03, 2.477311355E-04
       101, 3.294327762E-03, 2.477907110E-04
       102, 3.288266482E-03, 2.478412644E-04
       103, 3.282205202E-03, 2.478836977E-04
       104, 3.276143922E-03, 2.479192917E-04
       105, 3.270082641E-03, 2.479497634E-04
       106, 3.264021361E-03, 2.479767427E-04
       107, 3.257959848E-03, 2.480012190E-04
       108, 3.251898568E-03, 2.480235416E-04
       109, 3.245837288E-03, 2.480432449E-04
       110, 3.239776008E-03, 2.480600378E-04
       111, 3.233714728E-03, 2.480737749E-04
       112, 3.227653215E-03, 2.480848634E-04
       113, 3.221591935E-03, 2.480940311E-04
       114, 3.215530654E-03, 2.481020056E-04
       115, 3.209469374E-03, 2.481093106E-04
       116, 3.203408094E-03, 2.481162956E-04
       117, 3.197346814E-03, 2.481229021E-04
       118, 3.191285301E-03, 2.481290139E-04
       119, 3.185224021E-03, 2.481343981E-04
       120, 3.179162741E-03, 2.481391421E-04
       121, 3.173101461E-03, 2.481435658E-04
       122, 3.167040180E-03, 2.481480769E-04
       123, 3.160978900E-03, 2.481530828E-04
       124, 3.154917387E-03, 2.481588745E-04
       125, 3.148856107E-03, 2.481655392E-04
       126, 3.142794827E-03, 2.481730480E-04
       127, 3.136733547E-03, 2.481812262E-04
       128, 3.130672267E-03, 2.481901320E-04
       129, 3.124610754E-03, 2.481997362E-04
       130, 3.118549706E-03, 2.482102136E-04
       131, 3.112488193E-03, 2.482216514E-04
       132, 3.106426913E-03, 2.482340788E-04
       133, 3.100365633E-03, 2.482473210E-04
       134, 3.094304120E-03, 2.482610871E-04
       135, 3.088242840E-03, 2.482749987E-04
       136, 3.082181560E-03, 2.482886775E-04
       137, 3.076120280E-03, 2.483017161E-04
       138, 3.070059000E-03, 2.483137650E-04
       139, 3.063997487E-03, 2.483243297E-04
       140, 3.057936439E-03, 2.483327407E-04
       141, 3.051874926E-03, 2.483383287E-04
       142, 3.045813646E-03, 2.483403368E-04
       143, 3.039752366E-03, 2.483381832E-04
       144, 3.033691086E-03, 2.483314602E-04
       145, 3.027629806E-03, 2.483196440E-04
       146, 3.021568526E-03, 2.483022981E-04
       147, 3.015507013E-03, 2.482789569E-04
       148, 3.009445732E-03, 2.482491836E-04
       149, 3.003384452E-03, 2.482128912E-04
       150, 2.997323172E-03, 2.481704578E-04
       151, 2.991261892E-03, 2.481225820E-04
       152, 2.985200379E-03, 2.480701660E-04
       153, 2.979139099E-03, 2.480138501E-04
       154, 2.973077819E-03, 2.479541872E-04
       155, 2.967016539E-03, 2.478915558E-04
       156, 2.960955258E-03, 2.478268580E-04
       157, 2.954893978E-03, 2.477614617E-04
       158, 2.948832465E-03, 2.476975496E-04
       159, 2.942771185E-03, 2.476374793E-04
       160, 2.936709905E-03, 2.475833171E-04
       161, 2.930648625E-03, 2.475366055E-04
       162, 2.924587345E-03, 2.474981884E-04
       163, 2.918526065E-03, 2.474692301E-04
       164, 2.912464552E-03, 2.474520879E-04
       165, 2.906403271E-03, 2.474507783E-04
       166, 2.900341991E-03, 2.474701323E-04
       167, 2.894280711E-03, 2.475148649E-04
       168, 2.888219431E-03, 2.475880901E-04
       169, 2.882158151E-03, 2.476912923E-04
       170, 2.876096638E-03, 2.478259266E-04
       171, 2.870035358E-03, 2.479953109E-04
       172, 2.863974078E-03, 2.482060227E-04
       173, 2.857912797E-03, 2.484670840E-04
       174, 2.851851517E-03, 2.487957536E-04
       175, 2.845790237E-03, 2.491728810E-04
       176, 2.839884488E-03, 2.495477092E-04
       177, 2.836853731E-03, 2.497385431E-04
       178, 2.833667444E-03, 2.498949470E-04
       179, 2.827606164E-03, 2.501661656E-04
       180, 2.821544884E-03, 2.503861615E-04
       181, 2.815483604E-03, 2.505476004E-04
       182, 2.809422091E-03, 2.506372111E-04
       183, 2.803360811E-03, 2.506272576E-04
       184, 2.797299530E-03, 2.504722797E-04
       185, 2.791238250E-03, 2.501139243E-04
       186, 2.787650097E-03, 2.498029207E-04
       187, 2.784619341E-03, 2.493438660E-04
       188, 2.779115457E-03, 2.484194993E-04
       189, 2.773054177E-03, 2.473078493E-04
       190, 2.769787563E-03, 2.466811275E-04
       191, 2.766757039E-03, 2.458891831E-04
       192, 2.760931617E-03, 2.443248522E-04
       193, 2.755476860E-03, 2.428958542E-04
       194, 2.752446104E-03, 2.420945675E-04
       195, 2.748809056E-03, 2.408558066E-04
       196, 2.742747776E-03, 2.387723362E-04
       197, 2.737713279E-03, 2.369824506E-04
       198, 2.734682523E-03, 2.358084166E-04
       199, 2.730624983E-03, 2.341360669E-04
       200, 2.724563703E-03, 2.317711187E-04
       201, 2.721068449E-03, 2.304148074E-04
       202, 2.718037693E-03, 2.289539843E-04
       203, 2.712441143E-03, 2.262060007E-04
       204, 2.708949614E-03, 2.244015050E-04
       205, 2.705918858E-03, 2.226764918E-04
       206, 2.700823359E-03, 2.196478308E-04
       207, 2.697792836E-03, 2.177080169E-04
       208, 2.694257069E-03, 2.155378315E-04
       209, 2.689993940E-03, 2.128646593E-04
       210, 2.686963417E-03, 2.107666078E-04
       211, 2.682678867E-03, 2.077379322E-04
       212, 2.679648111E-03, 2.055169607E-04
       213, 2.676073229E-03, 2.029802854E-04
       214, 2.672440838E-03, 2.003835252E-04
       215, 2.669410314E-03, 1.980026864E-04
       216, 2.665668027E-03, 1.949740254E-04
       217, 2.662637504E-03, 1.923291420E-04
       218, 2.659256337E-03, 1.893004810E-04
       219, 2.656225581E-03, 1.864793885E-04
       220, 2.653075848E-03, 1.834507275E-04
       221, 2.650045324E-03, 1.804847707E-04
       222, 2.647004789E-03, 1.774561097E-04
       223, 2.643974265E-03, 1.744112087E-04
       224, 2.641005442E-03, 1.713825477E-04
       225, 2.637974918E-03, 1.682478323E-04
       226, 2.635117853E-03, 1.652191713E-04
       227, 2.632087329E-03, 1.618959650E-04
       228, 2.629404189E-03, 1.588673040E-04
       229, 2.626373665E-03, 1.552199537E-04
       230, 2.623916371E-03, 1.521912927E-04
       231, 2.621102612E-03, 1.484043314E-04
       232, 2.618707484E-03, 1.451068238E-04
       233, 2.616508398E-03, 1.420781628E-04
       234, 2.613477642E-03, 1.379161258E-04
       235, 2.611233620E-03, 1.348874503E-04
       236, 2.608203096E-03, 1.303032041E-04
       237, 2.606318565E-03, 1.272745430E-04
       238, 2.604418667E-03, 1.241750579E-04
       239, 2.601437271E-03, 1.191942283E-04
       240, 2.599670319E-03, 1.161655673E-04
       241, 2.597378567E-03, 1.120604138E-04
       242, 2.594983904E-03, 1.076559420E-04
       243, 2.593397629E-03, 1.046272737E-04
       244, 2.591118449E-03, 9.994576976E-05
       245, 2.588935196E-03, 9.523487824E-05
       246, 2.587596187E-03, 9.220622451E-05
       247, 2.585873008E-03, 8.783113299E-05
       248, 2.583510708E-03, 8.177381096E-05
       249, 2.582203364E-03, 7.846206427E-05
       250, 2.581400098E-03, 7.543340325E-05
       251, 2.579992404E-03, 6.965917419E-05
       252, 2.578364685E-03, 6.360185216E-05
       253, 2.576741856E-03, 5.834498734E-05
       254, 2.575809602E-03, 5.531632632E-05
       255, 2.574942540E-03, 5.148721903E-05
       256, 2.573956037E-03, 4.542989700E-05
       257, 2.573092468E-03, 3.937257861E-05
       258, 2.572056837E-03, 3.331526023E-05
       259, 2.571235411E-03, 2.725793820E-05
       260, 2.570874989E-03, 2.120061799E-05
       261, 2.570770215E-03, 1.514329961E-05
       262, 2.570874058E-03, 9.085979400E-06
       263, 2.571044024E-03, 3.028659876E-06
