cellnumber,    x-coordinate,    y-coordinate
         1, 6.515722256E-03, 3.028659876E-06
         2, 6.515577901E-03, 9.085979400E-06
         3, 6.515253335E-03, 1.514329870E-05
         4, 6.514771841E-03, 2.120061981E-05
         5, 6.514133886E-03, 2.725793820E-05
         6, 6.513318047E-03, 3.331525659E-05
         7, 6.512286142E-03, 3.937257861E-05
         8, 6.511046551E-03, 4.542989700E-05
         9, 6.510120817E-03, 4.953196185E-05
        10, 6.509389728E-03, 5.256062286E-05
        11, 6.508097984E-03, 5.754453741E-05
        12, 6.506282836E-03, 6.360185216E-05
        13, 6.504544057E-03, 6.870077777E-05
        14, 6.503440440E-03, 7.172943879E-05
        15, 6.501919124E-03, 7.571649621E-05
        16, 6.499431096E-03, 8.177381096E-05
        17, 6.497921422E-03, 8.515622176E-05
        18, 6.496456452E-03, 8.818488277E-05
        19, 6.493618712E-03, 9.388845501E-05
        20, 6.491867825E-03, 9.722115647E-05
        21, 6.490125321E-03, 1.002498175E-04
        22, 6.487094797E-03, 1.053934902E-04
        23, 6.485200487E-03, 1.084221512E-04
        24, 6.482881494E-03, 1.120604138E-04
        25, 6.480263546E-03, 1.160315078E-04
        26, 6.478053983E-03, 1.190601615E-04
        27, 6.475023460E-03, 1.231363276E-04
        28, 6.472643930E-03, 1.261650032E-04
        29, 6.469613407E-03, 1.299283031E-04
        30, 6.467159372E-03, 1.329569495E-04
        31, 6.464322563E-03, 1.362896874E-04
        32, 6.461561657E-03, 1.395253930E-04
        33, 6.458760705E-03, 1.425540540E-04
        34, 6.455730181E-03, 1.458069892E-04
        35, 6.452684756E-03, 1.488356502E-04
        36, 6.449654233E-03, 1.518303179E-04
        37, 6.446349435E-03, 1.548589789E-04
        38, 6.443318911E-03, 1.576154173E-04
        39, 6.440153345E-03, 1.602987322E-04
        40, 6.436731666E-03, 1.632022904E-04
        41, 6.433701143E-03, 1.656798850E-04
        42, 6.429968402E-03, 1.687085314E-04
        43, 6.426937878E-03, 1.711202785E-04
        44, 6.422937382E-03, 1.741489395E-04
        45, 6.419906858E-03, 1.764029876E-04
        46, 6.415908225E-03, 1.791540708E-04
        47, 6.412499119E-03, 1.814420248E-04
        48, 6.409468129E-03, 1.834353898E-04
        49, 6.404711865E-03, 1.864640362E-04
        50, 6.401680876E-03, 1.883874793E-04
        51, 6.397723686E-03, 1.906889811E-04
        52, 6.393440999E-03, 1.931070583E-04
        53, 6.390410010E-03, 1.948291028E-04
        54, 6.385601126E-03, 1.973528124E-04
        55, 6.381615531E-03, 1.993866026E-04
        56, 6.378585007E-03, 2.009217715E-04
        57, 6.373478565E-03, 2.033114433E-04
        58, 6.369066425E-03, 2.053098578E-04
        59, 6.366035901E-03, 2.066925808E-04
        60, 6.361356005E-03, 2.086137538E-04
        61, 6.355604623E-03, 2.108986955E-04
        62, 6.352573633E-03, 2.121428552E-04
        63, 6.349233445E-03, 2.133533417E-04
        64, 6.343171932E-03, 2.154120157E-04
        65, 6.337761879E-03, 2.172301902E-04
        66, 6.334731355E-03, 2.183005709E-04
        67, 6.331049372E-03, 2.193945547E-04
        68, 6.324988324E-03, 2.210252278E-04
        69, 6.318926811E-03, 2.226724173E-04
        70, 6.314851809E-03, 2.238333254E-04
        71, 6.311820820E-03, 2.246431395E-04
        72, 6.306804251E-03, 2.257617598E-04
        73, 6.300742738E-03, 2.269291581E-04
        74, 6.294681691E-03, 2.281430352E-04
        75, 6.288620178E-03, 2.294750302E-04
        76, 6.285553332E-03, 2.301711938E-04
        77, 6.282522809E-03, 2.307109535E-04
        78, 6.276497617E-03, 2.316400933E-04
        79, 6.270436104E-03, 2.324133529E-04
        80, 6.264375057E-03, 2.331761498E-04
        81, 6.258313544E-03, 2.339736238E-04
        82, 6.252252031E-03, 2.348455455E-04
        83, 6.246190984E-03, 2.357650665E-04
        84, 6.243112963E-03, 2.362298692E-04
        85, 6.240082439E-03, 2.365660475E-04
        86, 6.234068424E-03, 2.371234441E-04
        87, 6.228006911E-03, 2.375367330E-04
        88, 6.221945863E-03, 2.378892677E-04
        89, 6.215884350E-03, 2.382060775E-04
        90, 6.209822837E-03, 2.384958207E-04
        91, 6.203761790E-03, 2.387615968E-04
        92, 6.197700277E-03, 2.390045993E-04
        93, 6.191639230E-03, 2.392275346E-04
        94, 6.185577717E-03, 2.394324256E-04
        95, 6.179516669E-03, 2.396212949E-04
        96, 6.173455156E-03, 2.397957724E-04
        97, 6.167394109E-03, 2.399573568E-04
        98, 6.161332596E-03, 2.401072998E-04
        99, 6.155271083E-03, 2.402466198E-04
       100, 6.149209570E-03, 2.403761609E-04
       101, 6.143148523E-03, 2.404966508E-04
       102, 6.137087010E-03, 2.406087006E-04
       103, 6.131025963E-03, 2.407128341E-04
       104, 6.124964915E-03, 2.408093860E-04
       105, 6.118903402E-03, 2.408985310E-04
       106, 6.112841889E-03, 2.409803856E-04
       107, 6.106780842E-03, 2.410549350E-04
       108, 6.100719329E-03, 2.411221067E-04
       109, 6.094657816E-03, 2.411817259E-04
       110, 6.088596769E-03, 2.412335598E-04
       111, 6.082535256E-03, 2.412773174E-04
       112, 6.076474208E-03, 2.413126786E-04
       113, 6.070412695E-03, 2.413392795E-04
       114, 6.064351182E-03, 2.413567854E-04
       115, 6.058290135E-03, 2.413649054E-04
       116, 6.052228622E-03, 2.413634502E-04
       117, 6.046167575E-03, 2.413524198E-04
       118, 6.040106062E-03, 2.413318725E-04
       119, 6.034045015E-03, 2.413020702E-04
       120, 6.027983502E-03, 2.412635513E-04
       121, 6.021921989E-03, 2.412170870E-04
       122, 6.015860941E-03, 2.411637543E-04
       123, 6.009799428E-03, 2.411048627E-04
       124, 6.003737915E-03, 2.410419693E-04
       125, 5.997676868E-03, 2.409767767E-04
       126, 5.991615355E-03, 2.409111621E-04
       127, 5.985554308E-03, 2.408471191E-04
       128, 5.979492795E-03, 2.407868160E-04
       129, 5.973431282E-03, 2.407325228E-04
       130, 5.967370234E-03, 2.406865824E-04
       131, 5.961309187E-03, 2.406513668E-04
       132, 5.955247674E-03, 2.406292915E-04
       133, 5.949186161E-03, 2.406228887E-04
       134, 5.943125114E-03, 2.406347921E-04
       135, 5.937063601E-03, 2.406681015E-04
       136, 5.931002088E-03, 2.407260909E-04
       137, 5.924941041E-03, 2.408122382E-04
       138, 5.918879528E-03, 2.409283043E-04
       139, 5.912818480E-03, 2.410861780E-04
       140, 5.906756967E-03, 2.412820759E-04
       141, 5.900695454E-03, 2.414668852E-04
       142, 5.894634407E-03, 2.416158968E-04
       143, 5.888573360E-03, 2.417504293E-04
       144, 5.882511847E-03, 2.418841177E-04
       145, 5.876450334E-03, 2.420194069E-04
       146, 5.870389286E-03, 2.421591198E-04
       147, 5.866104271E-03, 2.422615944E-04
       148, 5.863073748E-03, 2.423286351E-04
       149, 5.858266726E-03, 2.424266131E-04
       150, 5.852205213E-03, 2.425507701E-04
       151, 5.846143700E-03, 2.426735882E-04
       152, 5.840082653E-03, 2.427929285E-04
       153, 5.834021140E-03, 2.429074957E-04
       154, 5.827959627E-03, 2.430162713E-04
       155, 5.821898580E-03, 2.431176690E-04
       156, 5.815837067E-03, 2.432090696E-04
       157, 5.809776019E-03, 2.432868932E-04
       158, 5.803714506E-03, 2.433473419E-04
       159, 5.797652993E-03, 2.433870541E-04
       160, 5.791591946E-03, 2.434029884E-04
       161, 5.785530433E-03, 2.433923655E-04
       162, 5.779469386E-03, 2.433527698E-04
       163, 5.773407873E-03, 2.432822512E-04
       164, 5.767346825E-03, 2.431793982E-04
       165, 5.761285312E-03, 2.430435561E-04
       166, 5.755223799E-03, 2.428749140E-04
       167, 5.749162752E-03, 2.426744177E-04
       168, 5.743101239E-03, 2.424427221E-04
       169, 5.739780609E-03, 2.423059341E-04
       170, 5.736749619E-03, 2.421461832E-04
       171, 5.730978679E-03, 2.418386866E-04
       172, 5.724917166E-03, 2.414836927E-04
       173, 5.718856119E-03, 2.410436573E-04
       174, 5.712794606E-03, 2.405780397E-04
       175, 5.706733558E-03, 2.401876118E-04
       176, 5.700672045E-03, 2.398773649E-04
       177, 5.694610532E-03, 2.396412892E-04
       178, 5.688549485E-03, 2.394870098E-04
       179, 5.682487972E-03, 2.394158801E-04
       180, 5.676426459E-03, 2.394359617E-04
       181, 5.670365412E-03, 2.395555784E-04
       182, 5.664304364E-03, 2.397867647E-04
       183, 5.658242851E-03, 2.401498787E-04
       184, 5.652181339E-03, 2.406671410E-04
       185, 5.646120291E-03, 2.413179609E-04
       186, 5.640835036E-03, 2.419811353E-04
       187, 5.637804046E-03, 2.423862170E-04
       188, 5.633997731E-03, 2.428340376E-04
       189, 5.627936218E-03, 2.435718634E-04
       190, 5.621874705E-03, 2.444258425E-04
       191, 5.615813658E-03, 2.454410132E-04
       192, 5.610985681E-03, 2.463066194E-04
       193, 5.607954692E-03, 2.468082530E-04
       194, 5.603691097E-03, 2.472594206E-04
       195, 5.597629584E-03, 2.476513037E-04
       196, 5.591568071E-03, 2.476738882E-04
       197, 5.585507024E-03, 2.471839543E-04
       198, 5.582144950E-03, 2.467101731E-04
       199, 5.579114426E-03, 2.458158124E-04
       200, 5.573384464E-03, 2.439296659E-04
       201, 5.569600500E-03, 2.425740386E-04
       202, 5.566569511E-03, 2.412772010E-04
       203, 5.561261438E-03, 2.387518616E-04
       204, 5.557317752E-03, 2.367387933E-04
       205, 5.554287229E-03, 2.350849099E-04
       206, 5.549138878E-03, 2.323141525E-04
       207, 5.545727443E-03, 2.304360387E-04
       208, 5.542696919E-03, 2.285396477E-04
       209, 5.537944380E-03, 2.255109866E-04
       210, 5.534913391E-03, 2.234693966E-04
       211, 5.530955270E-03, 2.208542719E-04
       212, 5.527411122E-03, 2.184770274E-04
       213, 5.524380133E-03, 2.161801676E-04
       214, 5.520454142E-03, 2.131514921E-04
       215, 5.517423619E-03, 2.106899628E-04
       216, 5.513716023E-03, 2.076613018E-04
       217, 5.510685500E-03, 2.051269694E-04
       218, 5.507177208E-03, 2.020983084E-04
       219, 5.504146218E-03, 1.994609047E-04
       220, 5.500814877E-03, 1.964322437E-04
       221, 5.497783888E-03, 1.936745102E-04
       222, 5.494638346E-03, 1.906458492E-04
       223, 5.491607822E-03, 1.877259201E-04
       224, 5.488657393E-03, 1.846972591E-04
       225, 5.485626403E-03, 1.815841824E-04
       226, 5.482843611E-03, 1.785555214E-04
       227, 5.479812622E-03, 1.752559183E-04
       228, 5.477153230E-03, 1.722272427E-04
       229, 5.474122707E-03, 1.687572512E-04
       230, 5.471552256E-03, 1.657285902E-04
       231, 5.468521733E-03, 1.620840776E-04
       232, 5.466032773E-03, 1.590554166E-04
       233, 5.463001784E-03, 1.551860914E-04
       234, 5.460662767E-03, 1.521574450E-04
       235, 5.458030384E-03, 1.484043314E-04
       236, 5.455586594E-03, 1.448354742E-04
       237, 5.453536753E-03, 1.418068132E-04
       238, 5.450505763E-03, 1.372053666E-04
       239, 5.448491313E-03, 1.341766911E-04
       240, 5.446135998E-03, 1.302323653E-04
       241, 5.443741567E-03, 1.260546123E-04
       242, 5.441995338E-03, 1.230259513E-04
       243, 5.439390894E-03, 1.181177286E-04
       244, 5.437431391E-03, 1.142631081E-04
       245, 5.435925908E-03, 1.112344471E-04
       246, 5.433513317E-03, 1.060030918E-04
       247, 5.431561731E-03, 1.014933587E-04
       248, 5.430297460E-03, 9.846470493E-05
       249, 5.428486038E-03, 9.388845501E-05
       250, 5.426321644E-03, 8.783113299E-05
       251, 5.425102077E-03, 8.411992894E-05
       252, 5.424154922E-03, 8.109126793E-05
       253, 5.422518589E-03, 7.571649621E-05
       254, 5.420851056E-03, 6.965917419E-05
       255, 5.419461522E-03, 6.360185216E-05
       256, 5.418824963E-03, 6.055209815E-05
       257, 5.418218672E-03, 5.752343714E-05
       258, 5.417049862E-03, 5.148721903E-05
       259, 5.416008178E-03, 4.542989700E-05
       260, 5.415148102E-03, 3.937257861E-05
       261, 5.414447747E-03, 3.331525659E-05
       262, 5.413874984E-03, 2.725793820E-05
       263, 5.413417239E-03, 2.120061799E-05
       264, 5.413069390E-03, 1.514329961E-05
       265, 5.412840750E-03, 9.150870937E-06
       266, 5.412757862E-03, 6.122211289E-06
       267, 5.412742961E-03, 3.028659876E-06
