cellnumber,    x-coordinate,    y-coordinate
         1, 1.313218009E-02, 3.028659876E-06
         2, 1.313200686E-02, 9.085979400E-06
         3, 1.313162129E-02, 1.514329870E-05
         4, 1.313104201E-02, 2.120061981E-05
         5, 1.313025318E-02, 2.725793820E-05
         6, 1.312931348E-02, 3.298658703E-05
         7, 1.312875841E-02, 3.601524804E-05
         8, 1.312803384E-02, 3.937257861E-05
         9, 1.312658191E-02, 4.542989700E-05
        10, 1.312487386E-02, 5.148721539E-05
        11, 1.312335767E-02, 5.618747309E-05
        12, 1.312226709E-02, 5.921613410E-05
        13, 1.312056463E-02, 6.360185944E-05
        14, 1.311802585E-02, 6.951294927E-05
        15, 1.311662234E-02, 7.254161028E-05
        16, 1.311498694E-02, 7.571649621E-05
        17, 1.311203279E-02, 8.112633077E-05
        18, 1.311021950E-02, 8.415498451E-05
        19, 1.310792845E-02, 8.783113299E-05
        20, 1.310531516E-02, 9.183499787E-05
        21, 1.310307812E-02, 9.486365889E-05
        22, 1.310004666E-02, 9.880768630E-05
        23, 1.309754141E-02, 1.018363473E-04
        24, 1.309451088E-02, 1.053093511E-04
        25, 1.309179701E-02, 1.083380121E-04
        26, 1.308876649E-02, 1.114659535E-04
        27, 1.308578346E-02, 1.144946073E-04
        28, 1.308275294E-02, 1.173353521E-04
        29, 1.307946537E-02, 1.203640059E-04
        30, 1.307643484E-02, 1.229921618E-04
        31, 1.307282597E-02, 1.260208228E-04
        32, 1.306979544E-02, 1.284755417E-04
        33, 1.306576375E-02, 1.315041882E-04
        34, 1.306273323E-02, 1.337124850E-04
        35, 1.305911504E-02, 1.361088798E-04
        36, 1.305515692E-02, 1.386860822E-04
        37, 1.305212639E-02, 1.406484516E-04
        38, 1.304712053E-02, 1.436770981E-04
        39, 1.304409001E-02, 1.454604499E-04
        40, 1.304093190E-02, 1.471858704E-04
        41, 1.303541102E-02, 1.501297374E-04
        42, 1.303237956E-02, 1.517388300E-04
        43, 1.302880887E-02, 1.534740732E-04
        44, 1.302300859E-02, 1.561968966E-04
        45, 1.301997807E-02, 1.576238865E-04
        46, 1.301668584E-02, 1.590421598E-04
        47, 1.301062480E-02, 1.615594520E-04
        48, 1.300668530E-02, 1.631698397E-04
        49, 1.300365478E-02, 1.643804280E-04
        50, 1.299850270E-02, 1.662792201E-04
        51, 1.299244072E-02, 1.684510207E-04
        52, 1.298934594E-02, 1.695808896E-04
        53, 1.298631541E-02, 1.705989416E-04
        54, 1.298031863E-02, 1.724884496E-04
        55, 1.297425758E-02, 1.743476023E-04
        56, 1.297068410E-02, 1.754867408E-04
        57, 1.296765264E-02, 1.764091867E-04
        58, 1.296213455E-02, 1.779127197E-04
        59, 1.295607351E-02, 1.794543205E-04
        60, 1.295047160E-02, 1.809794339E-04
        61, 1.294744108E-02, 1.818572346E-04
        62, 1.294395048E-02, 1.827237866E-04
        63, 1.293788943E-02, 1.840669138E-04
        64, 1.293182839E-02, 1.853435679E-04
        65, 1.292576641E-02, 1.867509272E-04
        66, 1.292214449E-02, 1.876363676E-04
        67, 1.291911397E-02, 1.883226942E-04
        68, 1.291364338E-02, 1.893943700E-04
        69, 1.290758234E-02, 1.904240198E-04
        70, 1.290152129E-02, 1.914790773E-04
        71, 1.289545931E-02, 1.926507393E-04
        72, 1.289103925E-02, 1.935526670E-04
        73, 1.288800873E-02, 1.941579976E-04
        74, 1.288333721E-02, 1.949383004E-04
        75, 1.287727617E-02, 1.957863860E-04
        76, 1.287121419E-02, 1.965681295E-04
        77, 1.286515314E-02, 1.973728358E-04
        78, 1.285909209E-02, 1.982571557E-04
        79, 1.285303105E-02, 1.992410835E-04
        80, 1.284954976E-02, 1.998233784E-04
        81, 1.284651924E-02, 2.002630645E-04
        82, 1.284090802E-02, 2.009562450E-04
        83, 1.283484697E-02, 2.015577629E-04
        84, 1.282878499E-02, 2.021027030E-04
        85, 1.282272395E-02, 2.026315196E-04
        86, 1.281666290E-02, 2.031718177E-04
        87, 1.281060092E-02, 2.037459781E-04
        88, 1.280453987E-02, 2.043732820E-04
        89, 1.279847883E-02, 2.050644689E-04
        90, 1.279317867E-02, 2.056874364E-04
        91, 1.279014815E-02, 2.060359984E-04
        92, 1.278635580E-02, 2.063844004E-04
        93, 1.278029475E-02, 2.068444446E-04
        94, 1.277423371E-02, 2.072175412E-04
        95, 1.276817173E-02, 2.075489174E-04
        96, 1.276211068E-02, 2.078540565E-04
        97, 1.275604963E-02, 2.081476268E-04
        98, 1.274998765E-02, 2.084395383E-04
        99, 1.274392661E-02, 2.087360190E-04
       100, 1.273786556E-02, 2.090417547E-04
       101, 1.273180451E-02, 2.093610383E-04
       102, 1.272574347E-02, 2.096989774E-04
       103, 1.271968149E-02, 2.100615966E-04
       104, 1.271361951E-02, 2.104563609E-04
       105, 1.270755939E-02, 2.108947228E-04
       106, 1.270149741E-02, 2.113834053E-04
       107, 1.269622426E-02, 2.118231932E-04
       108, 1.269319374E-02, 2.120698337E-04
       109, 1.268937532E-02, 2.123230952E-04
       110, 1.268331334E-02, 2.126639592E-04
       111, 1.267725229E-02, 2.129523782E-04
       112, 1.267119125E-02, 2.132179507E-04
       113, 1.266512927E-02, 2.134712267E-04
       114, 1.265906822E-02, 2.137221745E-04
       115, 1.265300717E-02, 2.139783173E-04
       116, 1.264694519E-02, 2.142453159E-04
       117, 1.264088415E-02, 2.145277103E-04
       118, 1.263482310E-02, 2.148288768E-04
       119, 1.262876205E-02, 2.151526423E-04
       120, 1.262270007E-02, 2.155040856E-04
       121, 1.261663903E-02, 2.158900315E-04
       122, 1.261057798E-02, 2.163184254E-04
       123, 1.260451693E-02, 2.168001083E-04
       124, 1.259845495E-02, 2.173421235E-04
       125, 1.259304583E-02, 2.178459254E-04
       126, 1.259001531E-02, 2.181227610E-04
       127, 1.258633286E-02, 2.183879842E-04
       128, 1.258027088E-02, 2.187453065E-04
       129, 1.257420983E-02, 2.190267842E-04
       130, 1.256814878E-02, 2.192714746E-04
       131, 1.256208681E-02, 2.194862027E-04
       132, 1.255602576E-02, 2.196778660E-04
       133, 1.254996471E-02, 2.198534494E-04
       134, 1.254390273E-02, 2.200148883E-04
       135, 1.253784169E-02, 2.201634197E-04
       136, 1.253178064E-02, 2.202993928E-04
       137, 1.252571959E-02, 2.204229677E-04
       138, 1.251965761E-02, 2.205349156E-04
       139, 1.251359656E-02, 2.206362406E-04
       140, 1.250753552E-02, 2.207282378E-04
       141, 1.250147354E-02, 2.208123478E-04
       142, 1.249541249E-02, 2.208896622E-04
       143, 1.248935144E-02, 2.209609956E-04
       144, 1.248329040E-02, 2.210271632E-04
       145, 1.247722842E-02, 2.210890962E-04
       146, 1.247116737E-02, 2.211477840E-04
       147, 1.246510632E-02, 2.212041290E-04
       148, 1.245904528E-02, 2.212589461E-04
       149, 1.245298330E-02, 2.213130647E-04
       150, 1.244692132E-02, 2.213672415E-04
       151, 1.244086027E-02, 2.214219421E-04
       152, 1.243479922E-02, 2.214775741E-04
       153, 1.242873725E-02, 2.215347049E-04
       154, 1.242267620E-02, 2.215940622E-04
       155, 1.241661515E-02, 2.216563880E-04
       156, 1.241055410E-02, 2.217225410E-04
       157, 1.240449306E-02, 2.217938018E-04
       158, 1.239843108E-02, 2.218719746E-04
       159, 1.239237003E-02, 2.219593298E-04
       160, 1.238630898E-02, 2.220586030E-04
       161, 1.238024794E-02, 2.221732429E-04
       162, 1.237418596E-02, 2.223077900E-04
       163, 1.236812491E-02, 2.224680647E-04
       164, 1.236206386E-02, 2.226614452E-04
       165, 1.235600188E-02, 2.228968369E-04
       166, 1.234994084E-02, 2.231850813E-04
       167, 1.234387979E-02, 2.235389256E-04
       168, 1.233804505E-02, 2.239273599E-04
       169, 1.233501546E-02, 2.241364418E-04
       170, 1.233175676E-02, 2.243265481E-04
       171, 1.232569572E-02, 2.246444055E-04
       172, 1.231963467E-02, 2.249249810E-04
       173, 1.231357269E-02, 2.251998958E-04
       174, 1.230751164E-02, 2.254744613E-04
       175, 1.230145060E-02, 2.257494925E-04
       176, 1.229538862E-02, 2.260259353E-04
       177, 1.228932757E-02, 2.263009810E-04
       178, 1.228326652E-02, 2.265711955E-04
       179, 1.227720547E-02, 2.268322132E-04
       180, 1.227114350E-02, 2.270786499E-04
       181, 1.226508245E-02, 2.273047576E-04
       182, 1.225902140E-02, 2.275043953E-04
       183, 1.225295942E-02, 2.276716550E-04
       184, 1.224689838E-02, 2.278015745E-04
       185, 1.224083733E-02, 2.278906031E-04
       186, 1.223477628E-02, 2.279371256E-04
       187, 1.222871430E-02, 2.279419568E-04
       188, 1.222265325E-02, 2.279084001E-04
       189, 1.221659221E-02, 2.278418397E-04
       190, 1.221053023E-02, 2.277491294E-04
       191, 1.220446918E-02, 2.276377345E-04
       192, 1.219840813E-02, 2.275149163E-04
       193, 1.219234709E-02, 2.273873688E-04
       194, 1.218628511E-02, 2.272611455E-04
       195, 1.218022406E-02, 2.271416306E-04
       196, 1.217416301E-02, 2.270334080E-04
       197, 1.216810104E-02, 2.269403631E-04
       198, 1.216203999E-02, 2.268655953E-04
       199, 1.215597894E-02, 2.268115641E-04
       200, 1.214991696E-02, 2.267800737E-04
       201, 1.214385591E-02, 2.267720265E-04
       202, 1.213779487E-02, 2.267874079E-04
       203, 1.213173289E-02, 2.268251410E-04
       204, 1.212567184E-02, 2.268831449E-04
       205, 1.211961079E-02, 2.269582910E-04
       206, 1.211354975E-02, 2.270462574E-04
       207, 1.210748777E-02, 2.271414996E-04
       208, 1.210142672E-02, 2.272371785E-04
       209, 1.209536567E-02, 2.273255377E-04
       210, 1.208930463E-02, 2.273982682E-04
       211, 1.208324358E-02, 2.274471335E-04
       212, 1.207718160E-02, 2.274649305E-04
       213, 1.207112055E-02, 2.274466824E-04
       214, 1.206505857E-02, 2.273906139E-04
       215, 1.205899753E-02, 2.272986458E-04
       216, 1.205293648E-02, 2.271763078E-04
       217, 1.204687450E-02, 2.270317054E-04
       218, 1.204081345E-02, 2.268743265E-04
       219, 1.203475241E-02, 2.267142700E-04
       220, 1.202869136E-02, 2.265614021E-04
       221, 1.202262938E-02, 2.264244395E-04
       222, 1.201656833E-02, 2.263108181E-04
       223, 1.201050729E-02, 2.262267371E-04
       224, 1.200444531E-02, 2.261770715E-04
       225, 1.199838426E-02, 2.261654008E-04
       226, 1.199232321E-02, 2.261940681E-04
       227, 1.198626123E-02, 2.262643975E-04
       228, 1.198020019E-02, 2.263770148E-04
       229, 1.197413914E-02, 2.265322837E-04
       230, 1.196807809E-02, 2.267305681E-04
       231, 1.196201611E-02, 2.269722609E-04
       232, 1.195595507E-02, 2.272577258E-04
       233, 1.194989402E-02, 2.275868756E-04
       234, 1.194383204E-02, 2.279584733E-04
       235, 1.193777099E-02, 2.283684298E-04
       236, 1.193170995E-02, 2.288066607E-04
       237, 1.192564890E-02, 2.292516729E-04
       238, 1.191958692E-02, 2.296611347E-04
       239, 1.191352587E-02, 2.299608313E-04
       240, 1.190746389E-02, 2.300451451E-04
       241, 1.190140285E-02, 2.298163599E-04
       242, 1.189534180E-02, 2.292725112E-04
       243, 1.188927982E-02, 2.285529190E-04
       244, 1.188321877E-02, 2.278295287E-04
       245, 1.187715773E-02, 2.271727426E-04
       246, 1.187109668E-02, 2.265840449E-04
       247, 1.186503563E-02, 2.260813635E-04
       248, 1.185897365E-02, 2.256923326E-04
       249, 1.185291260E-02, 2.254345600E-04
       250, 1.184685156E-02, 2.253285929E-04
       251, 1.184078958E-02, 2.253961429E-04
       252, 1.183472853E-02, 2.256475709E-04
       253, 1.182866748E-02, 2.260805049E-04
       254, 1.182260644E-02, 2.266873489E-04
       255, 1.181654446E-02, 2.274710569E-04
       256, 1.181048341E-02, 2.284663351E-04
       257, 1.180476137E-02, 2.296009916E-04
       258, 1.180173084E-02, 2.302532666E-04
       259, 1.179836039E-02, 2.308296826E-04
       260, 1.179229934E-02, 2.314604062E-04
       261, 1.178623829E-02, 2.314300218E-04
       262, 1.178017631E-02, 2.310700802E-04
       263, 1.177411526E-02, 2.306159731E-04
       264, 1.177059766E-02, 2.302700595E-04
       265, 1.176756714E-02, 2.296977182E-04
       266, 1.176199224E-02, 2.284622460E-04
       267, 1.175593119E-02, 2.271764388E-04
       268, 1.174987014E-02, 2.262571652E-04
       269, 1.174380910E-02, 2.254483843E-04
       270, 1.173774712E-02, 2.246655058E-04
       271, 1.173399296E-02, 2.242118499E-04
       272, 1.173096243E-02, 2.238292218E-04
       273, 1.172562502E-02, 2.231569088E-04
       274, 1.171956398E-02, 2.225249627E-04
       275, 1.171350293E-02, 2.220983879E-04
       276, 1.170744095E-02, 2.217939473E-04
       277, 1.170137990E-02, 2.216176363E-04
       278, 1.169531886E-02, 2.216168941E-04
       279, 1.168925688E-02, 2.218503068E-04
       280, 1.168319490E-02, 2.224352647E-04
       281, 1.167729031E-02, 2.234770509E-04
       282, 1.167425979E-02, 2.241574985E-04
       283, 1.167107280E-02, 2.250340913E-04
       284, 1.166501176E-02, 2.267855598E-04
       285, 1.165895071E-02, 2.288266696E-04
       286, 1.165567152E-02, 2.300671767E-04
       287, 1.165264100E-02, 2.312992146E-04
       288, 1.164682768E-02, 2.330348216E-04
       289, 1.164076664E-02, 2.322534710E-04
       290, 1.163740829E-02, 2.305178787E-04
       291, 1.163446344E-02, 2.271494886E-04
       292, 1.163175981E-02, 2.240291215E-04
       293, 1.162905060E-02, 2.210004604E-04
       294, 1.162602007E-02, 2.176316484E-04
       295, 1.162332762E-02, 2.146029874E-04
       296, 1.162029710E-02, 2.111778595E-04
       297, 1.161766611E-02, 2.081491984E-04
       298, 1.161463559E-02, 2.045896690E-04
       299, 1.161214616E-02, 2.015610225E-04
       300, 1.160911471E-02, 1.972149475E-04
       301, 1.160719059E-02, 1.941863011E-04
       302, 1.160557289E-02, 1.908055565E-04
       303, 1.160322316E-02, 1.847482490E-04
       304, 1.160181034E-02, 1.799244783E-04
       305, 1.160106156E-02, 1.768958173E-04
       306, 1.160012092E-02, 1.726336050E-04
       307, 1.159890648E-02, 1.665762975E-04
       308, 1.159778517E-02, 1.605189755E-04
       309, 1.159669179E-02, 1.544616534E-04
       310, 1.159572415E-02, 1.494045282E-04
       311, 1.159509644E-02, 1.463758672E-04
       312, 1.159416977E-02, 1.423470094E-04
       313, 1.159263775E-02, 1.362896874E-04
       314, 1.159092691E-02, 1.302323799E-04
       315, 1.158963796E-02, 1.260633435E-04
       316, 1.158860419E-02, 1.230346825E-04
       317, 1.158685051E-02, 1.181177286E-04
       318, 1.158456411E-02, 1.120604138E-04
       319, 1.158328634E-02, 1.088005956E-04
       320, 1.158205140E-02, 1.057719273E-04
       321, 1.157968584E-02, 9.994576976E-05
       322, 1.157778781E-02, 9.537002916E-05
       323, 1.157648116E-02, 9.234136814E-05
       324, 1.157454960E-02, 8.783113299E-05
       325, 1.157215983E-02, 8.234988491E-05
       326, 1.157078333E-02, 7.932123117E-05
       327, 1.156912278E-02, 7.571649621E-05
       328, 1.156636979E-02, 6.980518810E-05
       329, 1.156492252E-02, 6.677652709E-05
       330, 1.156341098E-02, 6.360185216E-05
       331, 1.156062353E-02, 5.754453741E-05
       332, 1.155910362E-02, 5.415257692E-05
       333, 1.155782957E-02, 5.112391591E-05
       334, 1.155562419E-02, 4.542989700E-05
       335, 1.155370194E-02, 3.961307812E-05
       336, 1.155280229E-02, 3.658441710E-05
       337, 1.155202091E-02, 3.331525659E-05
       338, 1.155078318E-02, 2.725793820E-05
       339, 1.154987793E-02, 2.120061799E-05
       340, 1.154926792E-02, 1.514329961E-05
       341, 1.154890284E-02, 9.085979400E-06
       342, 1.154875662E-02, 3.028659876E-06
