maxlevel=1111 0 0 0 0 0 0 0 0 0 0 0 0
11 1 5 4 1 5 4 0 1 0 0 0.00095 0
11 2 5 4 1 12 3 0 0.581 1.75e-06 5.24e-09 0.00187 0.0512
11 3 5 4 1 15 2 0 0.401 3.8e-06 7.96e-09 0.00277 0.0924
11 4 5 4 1 16 2 0 0.304 7.37e-06 6.87e-09 0.00365 0.124
11 5 5 4 1 16 2 0 0.243 6.78e-06 8.65e-09 0.00452 0.149
11 6 6 4 1 17 2 0 0.203 1.31e-06 3.54e-09 0.00537 0.172
11 7 5 4 1 17 2 0 0.175 7.72e-06 4.04e-09 0.00621 0.193
11 8 5 4 1 17 2 0 0.153 8.46e-06 4.52e-09 0.00705 0.211
11 9 5 4 1 17 2 0 0.136 8.02e-06 4.97e-09 0.00787 0.228
11 10 5 4 1 17 2 0 0.123 7.64e-06 5.39e-09 0.00868 0.244
11 11 5 4 1 17 2 0 0.185 7.32e-06 5.8e-09 0.00948 0.26
11 12 5 4 1 17 2 0 0.103 9.06e-06 4.83e-09 0.0103 0.274
11 13 5 3 1 17 2 0 0.0956 3.61e-06 5.41e-09 0.011 0.288
11 14 5 3 1 17 2 0 0.0892 4.85e-06 5.71e-09 0.0118 0.302
11 15 5 3 1 17 2 0 0.0837 4.9e-06 6e-09 0.0126 0.315
11 16 5 3 1 17 2 0 0.0789 4.91e-06 6.28e-09 0.0133 0.327
11 17 5 3 1 17 2 0 0.0745 4.88e-06 6.55e-09 0.0141 0.34
11 18 5 3 1 17 2 0 0.0706 4.83e-06 6.82e-09 0.0148 0.352
11 19 5 3 1 17 2 0 0.067 4.76e-06 7.08e-09 0.0156 0.364
11 20 5 3 1 17 2 0 0.0638 4.69e-06 7.34e-09 0.0163 0.375
11 21 5 3 1 17 2 0 0.139 4.61e-06 7.59e-09 0.017 0.386
11 22 5 3 1 17 2 0 0.0581 4.52e-06 7.31e-09 0.0177 0.397
11 23 6 3 1 17 2 0 0.0556 3.44e-06 9.79e-09 0.0184 0.408
11 24 5 3 1 18 2 0 0.0533 4.25e-06 2.95e-09 0.0191 0.418
11 25 5 3 1 18 2 0 0.0511 4.16e-06 3.03e-09 0.0198 0.429
11 26 5 3 1 18 2 0 0.0491 4.07e-06 3.11e-09 0.0205 0.439
11 27 5 3 1 18 2 0 0.0473 4e-06 3.19e-09 0.0212 0.449
11 28 5 3 1 18 2 0 0.0455 3.94e-06 3.27e-09 0.0218 0.459
11 29 5 3 1 18 2 0 0.0439 3.89e-06 3.35e-09 0.0225 0.468
11 30 5 3 1 18 2 0 0.0423 3.84e-06 3.42e-09 0.0232 0.478
11 31 5 3 1 18 2 0 0.0682 3.79e-06 3.5e-09 0.0238 0.487
11 32 6 2 1 17 2 0 0.0395 8.63e-06 9.38e-09 0.0245 0.497
11 33 6 2 1 18 2 0 0.0382 3.58e-06 3.17e-09 0.0251 0.506
11 34 5 2 1 18 2 0 0.037 7.93e-06 3.24e-09 0.0257 0.515
11 35 5 2 1 18 2 0 0.0359 7.38e-06 3.3e-09 0.0264 0.524
11 36 5 2 1 18 2 0 0.0348 7.32e-06 3.36e-09 0.027 0.533
11 37 5 2 1 18 2 0 0.0337 7.23e-06 3.42e-09 0.0276 0.541
11 38 5 2 1 18 2 0 0.0327 7.13e-06 3.48e-09 0.0282 0.55
11 39 5 2 1 18 2 0 0.0318 7.02e-06 3.54e-09 0.0288 0.558
11 40 5 2 1 18 2 0 0.0309 6.92e-06 3.6e-09 0.0294 0.567
11 41 5 2 1 18 2 0 0.0795 6.82e-06 3.66e-09 0.03 0.575
11 42 6 2 1 18 2 0 0.0293 2.94e-06 3.63e-09 0.0306 0.583
11 43 6 2 1 18 2 0 0.0284 7.35e-06 4.38e-09 0.0312 0.591
11 44 6 2 1 18 2 0 0.0277 2.7e-06 4.44e-09 0.0317 0.599
11 45 5 2 1 18 2 0 0.027 7.01e-06 4.51e-09 0.0323 0.607
11 46 5 2 1 18 2 0 0.0263 7.02e-06 4.57e-09 0.0329 0.615
11 47 5 2 1 18 2 0 0.0256 6.99e-06 4.63e-09 0.0334 0.622
11 48 5 2 1 18 2 0 0.025 6.93e-06 4.69e-09 0.034 0.63
11 49 5 2 1 18 2 0 0.0244 6.86e-06 4.75e-09 0.0346 0.638
11 50 5 2 1 18 2 0 0.0238 6.78e-06 4.81e-09 0.0351 0.645
11 51 5 2 1 18 2 0 0.0327 6.7e-06 4.87e-09 0.0356 0.652
11 52 6 2 1 18 2 0 0.0227 9.03e-06 4.15e-09 0.0362 0.66
11 53 6 2 1 18 2 0 0.0222 4.81e-06 4.29e-09 0.0367 0.667
11 54 5 2 1 18 2 0 0.0217 7.03e-06 4.35e-09 0.0372 0.674
11 55 5 2 1 18 2 0 0.0212 6.28e-06 4.4e-09 0.0378 0.681
11 56 5 2 1 18 2 0 0.0207 6.08e-06 4.45e-09 0.0383 0.688
11 57 5 2 1 18 2 0 0.0203 5.94e-06 4.5e-09 0.0388 0.695
11 58 5 2 1 18 2 0 0.0198 5.83e-06 4.55e-09 0.0393 0.702
11 59 5 2 1 18 2 0 0.0194 5.72e-06 4.59e-09 0.0398 0.709
11 60 5 2 1 18 2 0 0.019 5.63e-06 4.64e-09 0.0403 0.716
11 61 5 2 1 18 2 0 0.038 5.55e-06 4.69e-09 0.0408 0.722
11 62 6 2 1 18 2 0 0.0182 3.56e-06 4.76e-09 0.0413 0.729
11 63 7 2 1 18 2 0 0.0179 1.62e-06 5.49e-09 0.0418 0.736
11 64 6 2 1 18 2 0 0.0175 3.82e-06 5.58e-09 0.0422 0.742
