eta_s=1e-05 maxlevel=1111 0 0 0 0 0 0 0 0 0 0 0 0
11 1 5 4 1 5 4 0 1 0 0 0.00095 0
11 2 5 3 1 58 7 0 0.74 5.77e-06 7.48e-09 0.00179 0.148
11 3 6 3 1 52 7 0 0.505 2.17e-06 9.9e-09 0.00259 0.23
11 4 6 3 1 52 7 0 0.369 1.97e-06 7.74e-09 0.00336 0.269
11 5 6 3 1 51 7 0 0.286 3.14e-06 8.92e-09 0.00413 0.288
11 6 6 3 1 51 7 0 0.233 2.13e-06 8.81e-09 0.00488 0.303
11 7 6 3 1 51 7 0 0.201 2.42e-06 9.57e-09 0.00563 0.319
11 8 6 3 1 52 7 0 0.175 2.18e-06 7.84e-09 0.00636 0.336
11 9 6 3 1 52 7 0 0.156 2.09e-06 8.34e-09 0.00708 0.353
11 10 6 3 1 52 7 0 0.141 2.01e-06 8.85e-09 0.0078 0.369
11 11 6 3 1 52 7 0 0.129 1.93e-06 9.36e-09 0.0085 0.385
11 12 6 3 1 52 7 0 0.119 1.85e-06 9.84e-09 0.00919 0.401
11 13 5 3 1 53 7 0 0.111 9.59e-06 7.72e-09 0.00987 0.416
11 14 5 3 1 53 7 0 0.103 9.09e-06 8.07e-09 0.0105 0.43
11 15 5 3 1 53 7 0 0.0964 8.64e-06 8.42e-09 0.0112 0.444
11 16 5 3 1 53 7 0 0.0906 8.22e-06 8.77e-09 0.0119 0.458
11 17 5 3 1 53 7 0 0.0853 7.84e-06 9.11e-09 0.0125 0.471
11 18 5 3 1 53 7 0 0.0806 7.49e-06 9.45e-09 0.0131 0.484
11 19 5 3 1 53 7 0 0.0763 7.16e-06 9.79e-09 0.0138 0.496
11 20 5 3 1 54 7 0 0.0724 6.86e-06 7.57e-09 0.0144 0.508
11 21 5 3 1 54 7 0 0.0688 6.58e-06 7.82e-09 0.015 0.52
11 22 5 3 1 54 7 0 0.0656 6.31e-06 8.07e-09 0.0156 0.532
11 23 5 3 1 54 7 0 0.0626 6.06e-06 8.31e-09 0.0162 0.543
11 24 5 3 1 54 7 0 0.0598 5.82e-06 8.56e-09 0.0168 0.555
11 25 5 3 1 54 7 0 0.0572 5.64e-06 8.8e-09 0.0173 0.565
11 26 5 3 1 54 7 0 0.0548 5.47e-06 9.03e-09 0.0179 0.576
11 27 5 3 1 54 7 0 0.0526 5.31e-06 9.27e-09 0.0185 0.587
11 28 5 3 1 54 7 0 0.0505 5.16e-06 9.51e-09 0.019 0.597
11 29 5 3 1 54 7 0 0.0486 5.01e-06 9.74e-09 0.0196 0.607
11 30 5 3 1 54 7 0 0.0467 4.87e-06 9.97e-09 0.0201 0.617
11 31 5 3 1 55 7 0 0.045 4.74e-06 7.62e-09 0.0207 0.626
11 32 5 3 1 55 7 0 0.0434 4.6e-06 7.79e-09 0.0212 0.636
11 33 5 3 1 55 7 0 0.0419 4.48e-06 7.96e-09 0.0217 0.645
11 34 5 3 1 55 7 0 0.0405 4.36e-06 8.13e-09 0.0222 0.655
11 35 5 3 1 55 7 0 0.0391 4.24e-06 8.29e-09 0.0227 0.664
11 36 5 3 1 55 7 0 0.0378 4.13e-06 8.45e-09 0.0232 0.672
11 37 5 3 1 55 7 0 0.0366 4.02e-06 8.62e-09 0.0237 0.681
11 38 5 3 1 55 7 0 0.0355 3.91e-06 8.78e-09 0.0242 0.69
11 39 5 3 1 55 7 0 0.0344 3.81e-06 8.94e-09 0.0247 0.698
11 40 5 3 1 55 7 0 0.0333 3.71e-06 9.1e-09 0.0252 0.707
11 41 5 3 1 55 7 0 0.0323 3.62e-06 9.25e-09 0.0257 0.715
11 42 5 3 1 55 7 0 0.0314 3.52e-06 9.41e-09 0.0261 0.723
11 43 5 3 1 55 7 0 0.0305 3.43e-06 9.56e-09 0.0266 0.731
11 44 5 3 1 55 7 0 0.0296 3.35e-06 9.71e-09 0.0271 0.739
11 45 5 3 1 55 7 0 0.0288 3.26e-06 9.86e-09 0.0275 0.747
11 46 5 3 1 56 7 0 0.028 3.18e-06 7.49e-09 0.028 0.754
11 47 5 3 1 56 7 0 0.0272 3.1e-06 7.6e-09 0.0284 0.762
11 48 5 3 1 56 7 0 0.0265 3.03e-06 7.71e-09 0.0288 0.769
11 49 5 3 1 56 7 0 0.0258 2.95e-06 7.82e-09 0.0293 0.777
11 50 5 3 1 56 7 0 0.0252 2.88e-06 7.93e-09 0.0297 0.784
11 51 5 3 1 56 7 0 0.057 2.81e-06 8.03e-09 0.0301 0.791
11 52 5 3 1 56 7 0 0.0235 5.3e-06 8.15e-09 0.0305 0.799
11 53 5 3 1 56 7 0 0.0233 4.87e-06 8.25e-09 0.0309 0.807
11 54 5 3 1 56 7 0 0.0228 2.98e-06 8.37e-09 0.0313 0.814
11 55 5 3 1 56 7 0 0.0222 2.86e-06 8.45e-09 0.0317 0.82
11 56 5 3 1 56 7 0 0.0217 2.72e-06 8.54e-09 0.0321 0.825
11 57 5 3 1 56 7 0 0.0212 2.61e-06 8.65e-09 0.0325 0.832
11 58 5 3 1 56 7 0 0.0207 2.54e-06 8.75e-09 0.0329 0.838
11 59 5 3 1 56 7 0 0.0202 2.49e-06 8.86e-09 0.0333 0.844
11 60 5 3 1 56 7 0 0.0197 2.46e-06 8.96e-09 0.0337 0.85
11 61 5 3 1 56 7 0 0.0407 2.43e-06 9.06e-09 0.034 0.857
11 62 5 3 1 56 7 0 0.0185 5.72e-06 9.16e-09 0.0344 0.864
11 63 5 3 1 56 7 0 0.0183 2.26e-06 9.28e-09 0.0347 0.869
11 64 5 3 1 56 7 0 0.0179 2.3e-06 9.35e-09 0.0351 0.874
11 65 5 3 1 56 7 0 0.0175 2.28e-06 9.44e-09 0.0355 0.88
11 66 5 3 1 56 7 0 0.0172 2.25e-06 9.54e-09 0.0358 0.885
11 67 5 3 1 56 7 0 0.0168 2.22e-06 9.63e-09 0.0361 0.891
11 68 5 3 1 56 7 0 0.0165 2.2e-06 9.73e-09 0.0365 0.897
11 69 5 3 1 56 7 0 0.0161 2.18e-06 9.82e-09 0.0368 0.903
11 70 5 3 1 56 7 0 0.0158 2.15e-06 9.91e-09 0.0372 0.909
11 71 5 3 1 56 7 0 0.0328 2.13e-06 1e-08 0.0375 0.914
11 72 5 3 1 57 7 0 0.0163 4.06e-06 7.5e-09 0.0378 0.93
11 73 5 3 1 57 7 0 0.0177 6.96e-06 7.76e-09 0.0381 0.932
11 74 5 3 1 57 7 0 0.0146 2.06e-06 7.62e-09 0.0384 0.934
11 75 5 3 1 57 7 0 0.0141 2.07e-06 7.67e-09 0.0387 0.937
11 76 5 3 1 57 7 0 0.0138 1.96e-06 7.75e-09 0.039 0.941
11 77 5 3 1 57 7 0 0.0136 1.89e-06 7.82e-09 0.0393 0.945
11 78 5 3 1 57 7 0 0.0133 1.85e-06 7.89e-09 0.0397 0.95
11 79 5 3 1 57 7 0 0.0131 1.84e-06 7.96e-09 0.04 0.955
11 80 5 3 1 57 7 0 0.0128 1.83e-06 8.02e-09 0.0402 0.96
11 81 5 3 1 57 7 0 0.0248 1.82e-06 8.08e-09 0.0405 0.965
11 82 5 3 1 57 7 0 0.0143 6.36e-06 8.13e-09 0.0408 0.98
11 83 5 3 1 57 7 0 0.0157 6.18e-06 8.4e-09 0.0411 0.981
11 84 5 2 1 57 7 0 0.0126 2.86e-06 8.22e-09 0.0414 0.983
11 85 5 2 1 57 7 0 0.0116 5.81e-06 8.26e-09 0.0416 0.985
11 86 5 2 1 57 7 0 0.0113 5.6e-06 8.34e-09 0.0419 0.988
11 87 5 2 1 57 7 0 0.0111 5.52e-06 8.41e-09 0.0422 0.992
11 88 5 2 1 57 7 0 0.011 5.47e-06 8.47e-09 0.0425 0.997
11 89 5 2 1 57 7 0 0.0108 5.42e-06 8.53e-09 0.0427 1
11 90 5 2 1 57 7 0 0.0106 5.37e-06 8.59e-09 0.043 1.01
11 91 5 2 1 57 7 0 0.0208 5.31e-06 8.64e-09 0.0432 1.01
11 92 5 2 1 57 7 0 0.0129 8.78e-06 8.69e-09 0.0435 1.03
11 93 6 2 1 57 7 0 0.0142 1.65e-06 8.96e-09 0.0437 1.02
11 94 5 2 1 57 7 0 0.0112 5.35e-06 8.76e-09 0.044 1.03
11 95 5 2 1 57 7 0 0.00966 4.94e-06 8.8e-09 0.0442 1.03
11 96 5 2 1 57 7 0 0.00947 4.76e-06 8.87e-09 0.0445 1.03
11 97 5 2 1 57 7 0 0.00931 4.69e-06 8.94e-09 0.0447 1.03
11 98 5 2 1 57 7 0 0.00917 4.66e-06 8.99e-09 0.0449 1.04
11 99 5 2 1 57 7 0 0.00903 4.64e-06 9.05e-09 0.0452 1.04
11 100 5 2 1 57 7 0 0.0089 4.6e-06 9.1e-09 0.0454 1.05
11 101 5 2 1 57 7 0 0.0176 4.55e-06 9.15e-09 0.0456 1.05
11 102 5 2 1 57 7 0 0.016 7.66e-06 9.19e-09 0.0458 1.06
11 103 5 2 1 57 7 0 0.0167 6.42e-06 9.46e-09 0.0461 1.06
11 104 5 2 1 57 7 0 0.01 4.94e-06 9.26e-09 0.0463 1.07
11 105 5 2 1 57 7 0 0.00833 4.49e-06 9.29e-09 0.0465 1.07
11 106 5 2 1 57 7 0 0.00816 4.25e-06 9.35e-09 0.0467 1.07
11 107 5 2 1 57 7 0 0.00802 4.15e-06 9.41e-09 0.0469 1.07
11 108 5 2 1 57 7 0 0.00789 4.11e-06 9.46e-09 0.0472 1.08
11 109 5 2 1 57 7 0 0.00776 4.08e-06 9.51e-09 0.0474 1.08
11 110 5 2 1 57 7 0 0.00765 4.04e-06 9.56e-09 0.0476 1.08
11 111 5 2 1 57 7 0 0.0256 3.99e-06 9.6e-09 0.0478 1.09
11 112 5 2 1 57 7 0 0.0083 5.4e-06 9.65e-09 0.048 1.09
11 113 6 2 1 57 7 0 0.0127 1.39e-06 9.71e-09 0.0482 1.09
11 114 5 2 1 57 7 0 0.0093 3.73e-06 9.74e-09 0.0484 1.1
11 115 5 2 1 57 7 0 0.00737 3.59e-06 9.75e-09 0.0486 1.1
11 116 5 2 1 57 7 0 0.00677 3.5e-06 9.79e-09 0.0488 1.1
11 117 5 2 1 57 7 0 0.00667 3.45e-06 9.83e-09 0.0489 1.1
11 118 5 2 1 57 7 0 0.00658 3.42e-06 9.88e-09 0.0491 1.11
11 119 5 2 1 57 7 0 0.0065 3.4e-06 9.92e-09 0.0493 1.11
11 120 5 2 1 57 7 0 0.00642 3.37e-06 9.96e-09 0.0495 1.11
11 121 5 2 1 57 7 0 0.0121 3.34e-06 1e-08 0.0497 1.12
11 122 5 2 1 58 7 0 0.0142 8.27e-06 7.5e-09 0.0498 1.13
11 123 5 2 1 58 7 0 0.0149 6.97e-06 7.71e-09 0.05 1.13
11 124 5 2 1 58 7 0 0.00834 3.83e-06 7.54e-09 0.0502 1.13
11 125 5 2 1 58 7 0 0.00609 3.36e-06 7.55e-09 0.0504 1.13
11 126 5 2 1 58 7 0 0.00596 3.13e-06 7.59e-09 0.0505 1.13
11 127 5 2 1 58 7 0 0.00586 3.04e-06 7.63e-09 0.0507 1.13
11 128 5 2 1 58 7 0 0.00577 3.01e-06 7.66e-09 0.0509 1.14
11 129 5 2 1 58 7 0 0.00568 3e-06 7.69e-09 0.051 1.14
11 130 5 2 1 58 7 0 0.0056 2.98e-06 7.72e-09 0.0512 1.14
11 131 5 2 1 58 7 0 0.0192 2.95e-06 7.74e-09 0.0513 1.14
11 132 5 2 1 58 7 0 0.00822 4.05e-06 7.77e-09 0.0515 1.16
11 133 5 2 1 58 7 0 0.0121 9.66e-06 7.89e-09 0.0517 1.16
11 134 5 2 1 58 7 0 0.00795 2.83e-06 7.83e-09 0.0518 1.16
11 135 5 2 1 58 7 0 0.00595 2.63e-06 7.83e-09 0.052 1.16
11 136 5 2 1 58 7 0 0.00496 2.55e-06 7.86e-09 0.0521 1.16
11 137 5 2 1 58 7 0 0.00488 2.5e-06 7.89e-09 0.0523 1.16
11 138 5 2 1 58 7 0 0.00482 2.48e-06 7.92e-09 0.0524 1.16
11 139 5 2 1 58 7 0 0.00476 2.48e-06 7.95e-09 0.0526 1.16
11 140 5 2 1 58 7 0 0.00471 2.47e-06 7.97e-09 0.0527 1.17
11 141 5 2 1 58 7 0 0.0131 2.46e-06 8e-09 0.0528 1.17
11 142 5 2 1 58 7 0 0.0127 7.32e-06 8.01e-09 0.053 1.18
11 143 6 2 1 58 7 0 0.00999 1.36e-06 8.22e-09 0.0531 1.18
11 144 5 2 1 58 7 0 0.00711 2.63e-06 8.02e-09 0.0532 1.18
11 145 5 2 1 58 7 0 0.00541 2.45e-06 8.03e-09 0.0534 1.18
11 146 5 2 1 58 7 0 0.0045 2.39e-06 8.07e-09 0.0535 1.18
11 147 5 2 1 58 7 0 0.00419 2.22e-06 8.1e-09 0.0536 1.18
11 148 5 2 1 58 7 0 0.00405 2.07e-06 8.13e-09 0.0538 1.18
11 149 5 2 1 58 7 0 0.00403 2.06e-06 8.15e-09 0.0539 1.18
11 150 5 2 1 58 7 0 0.00401 2.06e-06 8.17e-09 0.054 1.19
11 151 5 2 1 58 7 0 0.00796 2.06e-06 8.19e-09 0.0541 1.19
11 152 5 2 1 58 7 0 0.0125 9.63e-06 8.21e-09 0.0543 1.2
11 153 5 2 1 58 7 0 0.0133 6.55e-06 8.42e-09 0.0544 1.2
11 154 5 2 1 58 7 0 0.00678 2.66e-06 8.23e-09 0.0545 1.2
11 155 5 2 1 58 7 0 0.00452 2.23e-06 8.23e-09 0.0546 1.2
11 156 5 2 1 58 7 0 0.00384 2.02e-06 8.26e-09 0.0548 1.2
11 157 5 2 1 58 7 0 0.00378 1.92e-06 8.29e-09 0.0549 1.2
11 158 5 2 1 58 7 0 0.00373 1.88e-06 8.32e-09 0.055 1.2
11 159 5 2 1 58 7 0 0.00368 1.88e-06 8.34e-09 0.0551 1.21
11 160 5 2 1 58 7 0 0.00364 1.88e-06 8.36e-09 0.0552 1.21
11 161 5 2 1 58 7 0 0.0131 1.87e-06 8.38e-09 0.0553 1.21
11 162 5 2 1 58 7 0 0.00662 3.84e-06 8.4e-09 0.0554 1.22
11 163 5 2 1 58 7 0 0.013 2.5e-06 8.51e-09 0.0555 1.22
11 164 5 2 1 58 7 0 0.00669 2.23e-06 8.44e-09 0.0556 1.22
11 165 5 2 1 58 7 0 0.00429 1.97e-06 8.43e-09 0.0558 1.22
11 166 5 2 1 58 7 0 0.00338 1.85e-06 8.45e-09 0.0559 1.22
11 167 5 2 1 58 7 0 0.00331 1.75e-06 8.48e-09 0.056 1.22
11 168 5 2 1 58 7 0 0.00326 1.69e-06 8.5e-09 0.0561 1.22
11 169 5 2 1 58 7 0 0.00322 1.66e-06 8.52e-09 0.0562 1.23
11 170 5 2 1 58 7 0 0.00318 1.64e-06 8.54e-09 0.0563 1.23
11 171 5 2 1 58 7 0 0.0111 1.62e-06 8.55e-09 0.0564 1.23
11 172 5 2 1 58 7 0 0.00873 5.66e-06 8.58e-09 0.0565 1.23
11 173 5 2 1 58 7 0 0.0119 2.97e-06 8.59e-09 0.0566 1.23
11 174 5 2 1 58 7 0 0.006 1.79e-06 8.62e-09 0.0567 1.23
11 175 5 2 1 58 7 0 0.0038 1.69e-06 8.6e-09 0.0568 1.24
11 176 5 2 1 58 7 0 0.00318 1.63e-06 8.61e-09 0.0569 1.24
11 177 5 2 1 58 7 0 0.00294 1.59e-06 8.63e-09 0.057 1.24
11 178 5 2 1 58 7 0 0.00279 1.51e-06 8.65e-09 0.057 1.24
11 179 5 2 1 58 7 0 0.00275 1.44e-06 8.66e-09 0.0571 1.24
11 180 5 2 1 58 7 0 0.00274 1.4e-06 8.68e-09 0.0572 1.24
11 181 5 2 1 58 7 0 0.00821 1.38e-06 8.69e-09 0.0573 1.24
11 182 5 2 1 58 7 0 0.00594 9.98e-06 8.71e-09 0.0574 1.25
11 183 5 2 1 58 7 0 0.0124 3.79e-06 8.82e-09 0.0575 1.25
11 184 5 2 1 58 7 0 0.00609 2.29e-06 8.75e-09 0.0576 1.25
11 185 5 2 1 58 7 0 0.00371 1.86e-06 8.73e-09 0.0576 1.25
11 186 5 2 1 58 7 0 0.00275 1.67e-06 8.75e-09 0.0577 1.25
11 187 5 2 1 58 7 0 0.00253 1.56e-06 8.77e-09 0.0578 1.25
11 188 5 2 1 58 7 0 0.00249 1.43e-06 8.79e-09 0.0579 1.25
11 189 5 2 1 58 7 0 0.00246 1.34e-06 8.8e-09 0.058 1.25
11 190 5 2 1 58 7 0 0.00243 1.27e-06 8.82e-09 0.0581 1.26
11 191 5 2 1 58 7 0 0.00875 1.24e-06 8.83e-09 0.0581 1.26
11 192 5 2 1 58 7 0 0.00831 3.89e-06 8.85e-09 0.0582 1.26
11 193 5 2 1 58 7 0 0.0115 1.57e-06 8.9e-09 0.0583 1.26
11 194 5 2 1 58 7 0 0.00545 1.68e-06 8.87e-09 0.0584 1.26
11 195 5 2 1 58 7 0 0.0033 1.27e-06 8.86e-09 0.0584 1.26
11 196 5 2 1 58 7 0 0.00256 1.43e-06 8.87e-09 0.0585 1.26
11 197 5 2 1 58 7 0 0.00234 1.4e-06 8.88e-09 0.0586 1.26
11 198 5 2 1 58 7 0 0.0022 1.33e-06 8.9e-09 0.0587 1.26
11 199 5 2 1 58 7 0 0.00212 1.25e-06 8.91e-09 0.0587 1.27
11 200 5 2 1 58 7 0 0.00209 1.19e-06 8.92e-09 0.0588 1.27
11 201 5 2 1 58 7 0 0.00626 1.14e-06 8.94e-09 0.0588 1.27
11 202 5 2 1 58 7 0 0.00572 8.55e-06 8.95e-09 0.0589 1.28
11 203 5 2 1 58 7 0 0.00919 7.98e-06 9.11e-09 0.059 1.28
11 204 5 2 1 58 7 0 0.00539 1.63e-06 8.97e-09 0.0591 1.27
11 205 5 2 1 58 7 0 0.00356 1.73e-06 8.96e-09 0.0591 1.27
11 206 5 2 1 58 7 0 0.00265 1.73e-06 8.98e-09 0.0592 1.27
11 207 5 2 1 58 7 0 0.00217 1.6e-06 9e-09 0.0593 1.27
11 208 5 2 1 58 7 0 0.00189 1.46e-06 9.02e-09 0.0593 1.27
11 209 5 2 1 58 7 0 0.00175 1.34e-06 9.03e-09 0.0594 1.28
11 210 5 2 1 58 7 0 0.00174 1.24e-06 9.04e-09 0.0595 1.28
11 211 5 2 1 58 7 0 0.00488 1.17e-06 9.05e-09 0.0595 1.28
11 212 5 2 1 58 7 0 0.0102 8.98e-06 9.05e-09 0.0595 1.29
11 213 6 2 1 58 7 0 0.0079 1.55e-06 9.27e-09 0.0596 1.29
11 214 5 2 1 58 7 0 0.00505 1.4e-06 9.03e-09 0.0597 1.28
11 215 5 2 1 58 7 0 0.0034 1.77e-06 9.03e-09 0.0597 1.28
11 216 5 2 1 58 7 0 0.00254 1.7e-06 9.05e-09 0.0598 1.28
11 217 5 2 1 58 7 0 0.00207 1.51e-06 9.08e-09 0.0598 1.28
11 218 5 2 1 58 7 0 0.00179 1.33e-06 9.09e-09 0.0599 1.28
11 219 5 2 1 58 7 0 0.00171 1.2e-06 9.11e-09 0.06 1.28
11 220 5 2 1 58 7 0 0.00164 1.1e-06 9.12e-09 0.06 1.28
11 221 5 2 1 58 7 0 0.00315 1.02e-06 9.12e-09 0.06 1.29
11 222 6 2 1 58 7 0 0.0107 1.98e-06 9.13e-09 0.0601 1.3
11 223 5 2 1 58 7 0 0.0114 6.14e-06 9.35e-09 0.0602 1.3
11 224 5 2 1 58 7 0 0.00505 1.33e-06 9.12e-09 0.0602 1.29
11 225 5 2 1 58 7 0 0.00284 1.25e-06 9.11e-09 0.0603 1.29
11 226 5 2 1 58 7 0 0.00196 1.17e-06 9.13e-09 0.0603 1.29
11 227 5 2 1 58 7 0 0.00158 1.01e-06 9.15e-09 0.0604 1.29
11 228 5 2 1 58 7 0 0.00148 8.74e-07 9.17e-09 0.0604 1.29
11 229 5 2 1 58 7 0 0.00147 7.86e-07 9.18e-09 0.0605 1.29
11 230 5 2 1 58 7 0 0.00146 7.42e-07 9.19e-09 0.0605 1.3
11 231 5 2 1 58 7 0 0.0062 7.21e-07 9.2e-09 0.0606 1.3
11 232 5 2 1 58 7 0 0.00515 1.86e-06 9.21e-09 0.0606 1.31
11 233 5 2 1 58 7 0 0.0115 2.42e-06 9.36e-09 0.0607 1.31
11 234 5 2 1 58 7 0 0.00516 1.71e-06 9.22e-09 0.0607 1.3
11 235 5 2 1 58 7 0 0.00282 9.27e-07 9.21e-09 0.0608 1.3
11 236 5 2 1 58 7 0 0.00189 1.04e-06 9.22e-09 0.0608 1.3
11 237 5 2 1 58 7 0 0.00148 9.58e-07 9.24e-09 0.0609 1.3
11 238 5 2 1 58 7 0 0.00131 8.53e-07 9.25e-09 0.0609 1.3
11 239 5 2 1 58 7 0 0.0013 7.73e-07 9.27e-09 0.0609 1.3
11 240 5 2 1 58 7 0 0.00128 7.22e-07 9.27e-09 0.061 1.3
11 241 5 2 1 58 7 0 0.0053 6.91e-07 9.28e-09 0.061 1.31
11 242 5 2 1 58 7 0 0.00736 3.73e-06 9.29e-09 0.0611 1.31
11 243 5 2 1 58 7 0 0.0106 2.32e-06 9.35e-09 0.0611 1.31
11 244 5 2 1 58 7 0 0.0047 9.33e-07 9.33e-09 0.0612 1.31
11 245 5 2 1 58 7 0 0.00254 9.85e-07 9.3e-09 0.0612 1.31
11 246 5 2 1 58 7 0 0.00169 1.08e-06 9.3e-09 0.0612 1.31
11 247 5 2 1 58 7 0 0.00147 1.02e-06 9.31e-09 0.0613 1.31
11 248 5 2 1 58 7 0 0.00134 9.2e-07 9.32e-09 0.0613 1.31
11 249 5 2 1 58 7 0 0.00124 8.3e-07 9.33e-09 0.0614 1.31
11 250 5 2 1 58 7 0 0.00118 7.6e-07 9.34e-09 0.0614 1.31
11 251 5 2 1 58 7 0 0.00317 7.1e-07 9.35e-09 0.0614 1.31
11 252 5 2 1 58 7 0 0.00506 6.81e-06 9.29e-09 0.0615 1.32
11 253 5 2 1 58 7 0 0.0111 2.43e-06 9.43e-09 0.0615 1.32
11 254 5 2 1 58 7 0 0.00487 1.29e-06 9.37e-09 0.0615 1.32
11 255 5 2 1 58 7 0 0.00257 9.47e-07 9.34e-09 0.0616 1.32
11 256 5 2 1 58 7 0 0.00166 1.06e-06 9.36e-09 0.0616 1.31
11 257 5 2 1 58 7 0 0.00126 9.45e-07 9.37e-09 0.0617 1.31
11 258 5 2 1 58 7 0 0.00106 8.01e-07 9.38e-09 0.0617 1.32
11 259 5 2 1 58 7 0 0.001 6.93e-07 9.39e-09 0.0617 1.32
11 260 5 2 1 58 7 0 0.000994 6.23e-07 9.4e-09 0.0618 1.32
stationary flow nc = 0 i = 260 du = 0.000994259
# Quadtree, 260 steps, 1880.32 CPU, 1898 real, 3.53e+03 points.step/s, 33 var
11 0 5 2 1 58 7 0 0 6.23e-07 9.4e-09 0 0
11 1 5 2 1 5 7 0 1 0 0 0.0009 0
11 2 6 2 1 34 7 0 0.783 6.52e-06 8.28e-09 0.00163 0.199
11 3 6 2 1 34 7 0 0.553 7.07e-06 8.82e-09 0.0023 0.29
11 4 6 2 1 34 7 0 0.406 5.46e-06 7.28e-09 0.00294 0.318
11 5 6 2 1 34 7 0 0.316 4.36e-06 7.16e-09 0.00359 0.32
11 6 6 3 1 34 7 0 0.259 7.66e-06 7.59e-09 0.00423 0.319
11 7 5 3 1 34 7 0 0.226 9.58e-06 8.12e-09 0.00486 0.327
11 8 5 3 1 34 7 0 0.198 8.5e-06 8.97e-09 0.00548 0.338
11 9 5 3 1 34 7 0 0.177 6.84e-06 9.57e-09 0.00608 0.352
11 10 5 3 1 35 7 0 0.16 5.75e-06 6.43e-09 0.00667 0.365
11 11 5 3 1 35 7 0 0.146 5.24e-06 6.76e-09 0.00725 0.378
11 12 5 3 1 35 7 0 0.135 4.8e-06 7.07e-09 0.00782 0.389
11 13 5 3 1 35 7 0 0.124 4.41e-06 7.38e-09 0.00837 0.4
11 14 5 3 1 35 7 0 0.115 4.07e-06 7.68e-09 0.00892 0.41
11 15 5 3 1 35 7 0 0.107 3.77e-06 7.99e-09 0.00945 0.42
11 16 5 3 1 35 7 0 0.1 3.51e-06 8.3e-09 0.00998 0.43
11 17 5 3 1 35 7 0 0.0942 3.36e-06 8.6e-09 0.0105 0.439
11 18 5 3 1 35 7 0 0.0886 3.28e-06 8.9e-09 0.011 0.448
11 19 5 3 1 35 7 0 0.0836 3.21e-06 9.2e-09 0.0115 0.456
11 20 5 3 1 35 7 0 0.079 3.14e-06 9.49e-09 0.012 0.465
11 21 5 3 1 35 7 0 0.0748 3.07e-06 9.78e-09 0.0125 0.473
11 22 5 3 1 36 7 0 0.0709 3e-06 6.38e-09 0.0129 0.481
11 23 5 3 1 36 7 0 0.0674 2.94e-06 6.56e-09 0.0134 0.488
11 24 5 3 1 36 7 0 0.0642 2.88e-06 6.74e-09 0.0138 0.496
11 25 5 3 1 36 7 0 0.0612 2.82e-06 6.92e-09 0.0143 0.503
11 26 5 3 1 36 7 0 0.0584 2.78e-06 7.09e-09 0.0147 0.51
11 27 5 3 1 36 7 0 0.0558 2.73e-06 7.27e-09 0.0152 0.517
11 28 5 3 1 36 7 0 0.0534 2.69e-06 7.44e-09 0.0156 0.523
11 29 5 3 1 36 7 0 0.0512 2.64e-06 7.61e-09 0.016 0.53
11 30 5 3 1 36 7 0 0.0491 2.6e-06 7.78e-09 0.0164 0.536
11 31 5 3 1 36 7 0 0.0471 2.56e-06 7.95e-09 0.0168 0.543
11 32 5 3 1 36 7 0 0.0453 2.52e-06 8.11e-09 0.0172 0.549
11 33 5 3 1 36 7 0 0.0436 2.48e-06 8.28e-09 0.0176 0.555
11 34 5 3 1 36 7 0 0.042 2.44e-06 8.44e-09 0.018 0.561
11 35 5 3 1 36 7 0 0.0404 2.4e-06 8.6e-09 0.0184 0.567
11 36 5 3 1 36 7 0 0.039 2.36e-06 8.76e-09 0.0187 0.572
11 37 5 3 1 36 7 0 0.0376 2.33e-06 8.91e-09 0.0191 0.578
11 38 5 3 1 36 7 0 0.0363 2.29e-06 9.07e-09 0.0194 0.583
11 39 5 3 1 36 7 0 0.0351 2.26e-06 9.22e-09 0.0198 0.589
11 40 5 3 1 36 7 0 0.0339 2.24e-06 9.38e-09 0.0201 0.594
11 41 5 3 1 36 7 0 0.0328 2.21e-06 9.53e-09 0.0205 0.599
11 42 5 3 1 36 7 0 0.0317 2.19e-06 9.68e-09 0.0208 0.604
11 43 5 3 1 36 7 0 0.0307 2.17e-06 9.82e-09 0.0211 0.609
11 44 5 3 1 36 7 0 0.0298 2.14e-06 9.97e-09 0.0215 0.614
11 45 5 3 1 37 7 0 0.0288 2.12e-06 6.41e-09 0.0218 0.619
11 46 5 3 1 37 7 0 0.028 2.1e-06 6.5e-09 0.0221 0.623
11 47 5 3 1 37 7 0 0.0271 2.07e-06 6.59e-09 0.0224 0.628
11 48 5 3 1 37 7 0 0.0263 2.05e-06 6.68e-09 0.0227 0.632
11 49 5 3 1 37 7 0 0.0256 2.02e-06 6.76e-09 0.023 0.637
11 50 5 3 1 37 7 0 0.0248 2e-06 6.85e-09 0.0233 0.641
11 51 5 3 1 37 7 0 0.0241 1.98e-06 6.93e-09 0.0236 0.645
11 52 5 2 1 37 7 0 0.0236 4.95e-06 6.9e-09 0.0239 0.652
11 53 5 2 1 37 7 0 0.0229 6.72e-06 7.13e-09 0.0241 0.656
11 54 5 2 1 37 7 0 0.0222 6.54e-06 7.14e-09 0.0244 0.659
11 55 5 2 1 37 7 0 0.0216 6.34e-06 7.21e-09 0.0247 0.663
11 56 5 2 1 37 7 0 0.021 6.16e-06 7.29e-09 0.0249 0.667
11 57 5 2 1 37 7 0 0.0205 6.01e-06 7.38e-09 0.0252 0.67
11 58 5 2 1 37 7 0 0.0199 5.89e-06 7.46e-09 0.0255 0.674
11 59 5 2 1 37 7 0 0.0194 5.8e-06 7.54e-09 0.0257 0.678
11 60 5 2 1 37 7 0 0.0189 5.72e-06 7.62e-09 0.0259 0.682
11 61 5 2 1 37 7 0 0.0184 5.64e-06 7.69e-09 0.0262 0.685
11 62 5 2 1 37 7 0 0.0178 6.34e-06 7.89e-09 0.0264 0.687
11 63 5 2 1 37 7 0 0.0174 5.96e-06 7.87e-09 0.0267 0.691
11 64 5 2 1 37 7 0 0.017 5.58e-06 7.98e-09 0.0269 0.694
11 65 5 2 1 37 7 0 0.0166 5.48e-06 8.05e-09 0.0271 0.698
11 66 5 2 1 37 7 0 0.0162 5.39e-06 8.12e-09 0.0274 0.701
11 67 5 2 1 37 7 0 0.0158 5.29e-06 8.19e-09 0.0276 0.705
11 68 5 2 1 37 7 0 0.0154 5.19e-06 8.26e-09 0.0278 0.708
11 69 5 2 1 37 7 0 0.0151 5.09e-06 8.32e-09 0.028 0.711
11 70 5 2 1 37 7 0 0.0147 5e-06 8.39e-09 0.0282 0.714
11 71 5 2 1 37 7 0 0.0144 4.9e-06 8.46e-09 0.0284 0.717
11 72 5 2 1 37 7 0 0.0142 3.73e-06 8.38e-09 0.0286 0.722
11 73 5 2 1 37 7 0 0.0138 5.02e-06 8.61e-09 0.0288 0.725
11 74 5 2 1 37 7 0 0.0135 4.85e-06 8.59e-09 0.029 0.728
11 75 5 2 1 37 7 0 0.0131 4.64e-06 8.64e-09 0.0292 0.73
11 76 5 2 1 37 7 0 0.0128 4.48e-06 8.71e-09 0.0294 0.733
11 77 5 2 1 37 7 0 0.0125 4.34e-06 8.77e-09 0.0296 0.735
11 78 5 2 1 37 7 0 0.0122 4.23e-06 8.84e-09 0.0298 0.738
11 79 5 2 1 37 7 0 0.012 4.14e-06 8.9e-09 0.0299 0.741
11 80 5 2 1 37 7 0 0.0117 4.07e-06 8.96e-09 0.0301 0.743
11 81 5 2 1 37 7 0 0.0207 4e-06 9.02e-09 0.0303 0.746
11 82 6 2 1 37 7 0 0.0137 2.35e-06 9e-09 0.0305 0.748
11 83 5 2 1 37 7 0 0.0108 5.49e-06 9.28e-09 0.0306 0.749
11 84 5 2 1 37 7 0 0.0106 3.94e-06 9.23e-09 0.0308 0.751
11 85 5 2 1 37 7 0 0.0104 3.9e-06 9.33e-09 0.031 0.754
11 86 5 2 1 37 7 0 0.0102 3.84e-06 9.38e-09 0.0311 0.756
11 87 5 2 1 37 7 0 0.00999 3.77e-06 9.44e-09 0.0313 0.759
11 88 5 2 1 37 7 0 0.00978 3.69e-06 9.49e-09 0.0314 0.761
11 89 5 2 1 37 7 0 0.00958 3.61e-06 9.54e-09 0.0316 0.764
11 90 5 2 1 37 7 0 0.00938 3.53e-06 9.59e-09 0.0318 0.766
11 91 5 2 1 37 7 0 0.0198 3.45e-06 9.64e-09 0.0319 0.768
11 92 5 2 1 37 7 0 0.0165 5.68e-06 9.52e-09 0.032 0.781
11 93 5 2 1 37 7 0 0.00935 4.37e-06 9.93e-09 0.0322 0.78
11 94 5 2 1 37 7 0 0.00891 3.75e-06 9.72e-09 0.0323 0.779
11 95 5 2 1 37 7 0 0.00862 3.4e-06 9.76e-09 0.0324 0.78
11 96 5 2 1 37 7 0 0.0084 3.2e-06 9.81e-09 0.0326 0.781
11 97 5 2 1 37 7 0 0.00821 3.06e-06 9.87e-09 0.0327 0.783
11 98 5 2 1 37 7 0 0.00803 2.98e-06 9.93e-09 0.0328 0.785
11 99 5 2 1 37 7 0 0.00786 2.91e-06 9.98e-09 0.033 0.787
11 100 5 2 1 38 7 0 0.0077 2.85e-06 6.35e-09 0.0331 0.789
11 101 5 2 1 38 7 0 0.0144 2.79e-06 6.37e-09 0.0332 0.791
11 102 6 2 1 38 7 0 0.0169 2.31e-06 6.34e-09 0.0334 0.791
11 103 5 2 1 38 7 0 0.0104 4.54e-06 6.5e-09 0.0335 0.791
11 104 5 2 1 38 7 0 0.00792 2.85e-06 6.48e-09 0.0336 0.793
11 105 5 2 1 38 7 0 0.0067 2.73e-06 6.53e-09 0.0337 0.795
11 106 5 2 1 38 7 0 0.00643 2.57e-06 6.56e-09 0.0338 0.797
11 107 5 2 1 38 7 0 0.00638 2.53e-06 6.58e-09 0.0339 0.798
11 108 5 2 1 38 7 0 0.00632 2.47e-06 6.6e-09 0.0341 0.8
11 109 5 2 1 38 7 0 0.00624 2.42e-06 6.63e-09 0.0342 0.802
11 110 5 2 1 38 7 0 0.00615 2.36e-06 6.65e-09 0.0343 0.804
11 111 5 2 1 38 7 0 0.0121 2.31e-06 6.67e-09 0.0344 0.805
11 112 5 2 1 38 7 0 0.0142 6.14e-06 6.57e-09 0.0345 0.819
11 113 5 2 1 38 7 0 0.00639 3.35e-06 6.84e-09 0.0346 0.817
11 114 5 2 1 38 7 0 0.00603 2.71e-06 6.68e-09 0.0347 0.815
11 115 5 2 1 38 7 0 0.00581 2.56e-06 6.7e-09 0.0348 0.815
11 116 5 2 1 38 7 0 0.00566 2.37e-06 6.73e-09 0.0349 0.816
11 117 5 2 1 38 7 0 0.00554 2.22e-06 6.76e-09 0.035 0.818
11 118 5 2 1 38 7 0 0.00543 2.14e-06 6.78e-09 0.0351 0.819
11 119 5 2 1 38 7 0 0.00532 2.08e-06 6.81e-09 0.0352 0.821
11 120 5 2 1 38 7 0 0.00522 2.04e-06 6.83e-09 0.0352 0.823
11 121 5 2 1 38 7 0 0.0102 2e-06 6.85e-09 0.0353 0.824
11 122 6 2 1 38 7 0 0.015 2.36e-06 6.8e-09 0.0354 0.824
11 123 5 2 1 38 7 0 0.00889 7.55e-06 6.87e-09 0.0355 0.824
11 124 5 2 1 38 7 0 0.00627 5.05e-06 6.88e-09 0.0356 0.825
11 125 5 2 1 38 7 0 0.00504 3.27e-06 6.89e-09 0.0357 0.826
11 126 5 2 1 38 7 0 0.00441 2.44e-06 6.91e-09 0.0358 0.827
11 127 5 2 1 38 7 0 0.00429 2.18e-06 6.93e-09 0.0359 0.828
11 128 5 2 1 38 7 0 0.00427 2e-06 6.94e-09 0.0359 0.829
11 129 5 2 1 38 7 0 0.00423 1.88e-06 6.96e-09 0.036 0.83
11 130 5 2 1 38 7 0 0.00419 1.8e-06 6.98e-09 0.0361 0.831
11 131 5 2 1 38 7 0 0.00896 1.75e-06 6.99e-09 0.0362 0.833
11 132 6 2 1 38 7 0 0.0147 2.71e-06 6.89e-09 0.0362 0.846
11 133 5 2 1 38 7 0 0.00619 3.16e-06 7.13e-09 0.0363 0.843
11 134 5 2 1 38 7 0 0.00416 2.55e-06 6.96e-09 0.0364 0.841
11 135 5 2 1 38 7 0 0.00398 2.21e-06 6.96e-09 0.0364 0.84
11 136 5 2 1 38 7 0 0.00387 1.92e-06 6.99e-09 0.0365 0.841
11 137 5 2 1 38 7 0 0.00379 1.75e-06 7.01e-09 0.0366 0.842
11 138 5 2 1 38 7 0 0.00372 1.65e-06 7.03e-09 0.0367 0.843
11 139 5 2 1 38 7 0 0.00365 1.6e-06 7.04e-09 0.0367 0.844
11 140 5 2 1 38 7 0 0.00359 1.57e-06 7.06e-09 0.0368 0.846
11 141 5 2 1 38 7 0 0.00352 1.54e-06 7.07e-09 0.0369 0.847
11 142 5 2 1 38 7 0 0.0133 4.9e-06 7.29e-09 0.0369 0.844
11 143 5 2 1 38 7 0 0.00758 3.17e-06 7.23e-09 0.037 0.845
11 144 5 2 1 38 7 0 0.00504 1.91e-06 7.3e-09 0.0371 0.847
11 145 5 2 1 38 7 0 0.00387 1.41e-06 7.31e-09 0.0371 0.848
11 146 5 2 1 38 7 0 0.00328 1.15e-06 7.33e-09 0.0372 0.85
11 147 5 2 1 38 7 0 0.00296 1.02e-06 7.33e-09 0.0372 0.851
11 148 5 2 1 38 7 0 0.00292 1.02e-06 7.34e-09 0.0373 0.852
11 149 5 2 1 38 7 0 0.00291 1.01e-06 7.36e-09 0.0374 0.853
11 150 5 2 1 38 7 0 0.00289 1e-06 7.37e-09 0.0374 0.853
11 151 5 2 1 38 7 0 0.00556 9.94e-07 7.38e-09 0.0374 0.854
11 152 5 2 1 38 7 0 0.0117 6.73e-06 7.26e-09 0.0375 0.868
11 153 5 2 1 38 7 0 0.00422 2.52e-06 7.16e-09 0.0375 0.865
11 154 5 2 1 38 7 0 0.00993 2.67e-06 7.33e-09 0.0376 0.863
11 155 5 2 1 38 7 0 0.00298 1.6e-06 7.36e-09 0.0377 0.862
11 156 5 2 1 38 7 0 0.00276 1.49e-06 7.37e-09 0.0377 0.862
11 157 5 2 1 38 7 0 0.00269 1.28e-06 7.39e-09 0.0378 0.862
11 158 5 2 1 38 7 0 0.00263 1.13e-06 7.41e-09 0.0378 0.863
11 159 5 2 1 38 7 0 0.00258 1.05e-06 7.42e-09 0.0379 0.864
11 160 5 2 1 38 7 0 0.00254 9.95e-07 7.44e-09 0.0379 0.865
11 161 5 2 1 38 7 0 0.00304 9.59e-07 7.45e-09 0.0379 0.866
11 162 6 2 1 38 7 0 0.0135 2.57e-06 7.43e-09 0.038 0.867
11 163 5 2 1 38 7 0 0.00707 8.99e-06 7.56e-09 0.038 0.866
11 164 5 2 1 38 7 0 0.0044 5.8e-06 7.52e-09 0.0381 0.866
11 165 5 2 1 38 7 0 0.00316 3.61e-06 7.52e-09 0.0381 0.866
11 166 5 2 1 38 7 0 0.00254 2.29e-06 7.52e-09 0.0382 0.866
11 167 5 2 1 38 7 0 0.00221 1.8e-06 7.53e-09 0.0382 0.866
11 168 5 2 1 38 7 0 0.00204 1.49e-06 7.54e-09 0.0383 0.867
11 169 5 2 1 38 7 0 0.00203 1.28e-06 7.55e-09 0.0383 0.868
11 170 5 2 1 38 7 0 0.00202 1.15e-06 7.56e-09 0.0383 0.868
11 171 5 2 1 38 7 0 0.00409 1.05e-06 7.57e-09 0.0384 0.869
11 172 6 2 1 38 7 0 0.013 3.71e-06 7.38e-09 0.0384 0.881
11 173 5 2 1 38 7 0 0.00551 3.49e-06 7.62e-09 0.0384 0.877
11 174 5 2 1 38 7 0 0.0021 2.2e-06 7.44e-09 0.0385 0.875
11 175 5 2 1 38 7 0 0.00194 1.39e-06 7.44e-09 0.0385 0.873
11 176 5 2 1 38 7 0 0.00187 1.09e-06 7.45e-09 0.0386 0.873
11 177 5 2 1 38 7 0 0.00183 9.07e-07 7.46e-09 0.0386 0.874
11 178 5 2 1 38 7 0 0.00181 8.29e-07 7.48e-09 0.0386 0.875
11 179 5 2 1 38 7 0 0.00178 8.07e-07 7.48e-09 0.0387 0.876
11 180 5 2 1 38 7 0 0.00176 7.96e-07 7.49e-09 0.0387 0.876
11 181 5 2 1 38 7 0 0.00386 7.86e-07 7.5e-09 0.0387 0.877
11 182 5 2 1 38 7 0 0.0125 4.7e-06 7.76e-09 0.0388 0.875
11 183 5 2 1 38 7 0 0.00593 2.94e-06 7.68e-09 0.0388 0.875
11 184 5 2 1 38 7 0 0.00356 1.85e-06 7.7e-09 0.0388 0.876
11 185 5 2 1 38 7 0 0.00248 8.62e-07 7.72e-09 0.0389 0.877
11 186 5 2 1 38 7 0 0.00195 6.25e-07 7.73e-09 0.0389 0.877
11 187 5 2 1 38 7 0 0.00167 5.43e-07 7.73e-09 0.0389 0.878
11 188 5 2 1 38 7 0 0.00151 5.03e-07 7.73e-09 0.039 0.878
11 189 5 2 1 38 7 0 0.00141 5.03e-07 7.74e-09 0.039 0.879
11 190 5 2 1 38 7 0 0.00139 5.02e-07 7.74e-09 0.039 0.88
11 191 5 2 1 38 7 0 0.00232 5.02e-07 7.75e-09 0.039 0.88
11 192 5 2 1 38 7 0 0.0106 7.02e-06 7.61e-09 0.0391 0.894
11 193 5 2 1 38 7 0 0.00576 2.12e-06 7.5e-09 0.0391 0.891
11 194 5 2 1 38 7 0 0.00165 1.01e-06 7.33e-09 0.0391 0.887
11 195 5 2 1 38 7 0 0.0015 8.76e-07 7.31e-09 0.0391 0.885
11 196 5 2 1 38 7 0 0.00142 7.5e-07 7.32e-09 0.0392 0.885
11 197 5 2 1 38 7 0 0.00138 6.1e-07 7.34e-09 0.0392 0.885
11 198 5 2 1 38 7 0 0.00135 5.91e-07 7.35e-09 0.0392 0.885
11 199 5 2 1 38 7 0 0.00133 5.94e-07 7.35e-09 0.0392 0.886
11 200 5 2 1 38 7 0 0.0013 5.92e-07 7.36e-09 0.0393 0.886
11 201 5 2 1 38 7 0 0.00315 5.85e-07 7.37e-09 0.0393 0.887
11 202 5 2 1 38 7 0 0.0117 7.98e-06 7.75e-09 0.0393 0.885
11 203 5 2 1 38 7 0 0.00578 4.71e-06 7.75e-09 0.0393 0.885
11 204 5 2 1 38 7 0 0.00326 2.85e-06 7.77e-09 0.0394 0.885
11 205 5 2 1 38 7 0 0.00213 1.96e-06 7.77e-09 0.0394 0.885
11 206 5 2 1 38 7 0 0.00158 1.33e-06 7.77e-09 0.0394 0.885
11 207 5 2 1 38 7 0 0.00129 8.93e-07 7.77e-09 0.0394 0.885
11 208 5 2 1 38 7 0 0.00114 6.09e-07 7.78e-09 0.0395 0.886
11 209 5 2 1 38 7 0 0.00104 5.45e-07 7.78e-09 0.0395 0.886
11 210 5 2 1 38 7 0 0.000986 5.03e-07 7.78e-09 0.0395 0.886
stationary flow nc = 1 i = 210 du = 0.000985746
# Quadtree, 210 steps, 1466.74 CPU, 1480 real, 5.05e+03 points.step/s, 33 var
11 0 5 2 1 38 7 0 0 5.03e-07 7.78e-09 0 0
11 1 5 2 1 5 7 0 1 0 0 0.0008 0
11 2 6 2 1 44 7 0 0.857 5.49e-06 7.59e-09 0.00134 0.253
11 3 6 2 1 44 7 0 0.637 5.47e-06 7.18e-09 0.0018 0.338
11 4 6 2 1 43 7 0 0.48 4.06e-06 7.4e-09 0.00227 0.339
11 5 6 2 1 42 7 0 0.382 2.62e-06 8.95e-09 0.00274 0.322
11 6 6 2 1 42 7 0 0.315 2.45e-06 9.31e-09 0.00321 0.315
11 7 6 2 1 43 7 0 0.276 2.3e-06 7.24e-09 0.00367 0.322
11 8 6 2 1 43 7 0 0.241 2.3e-06 8.15e-09 0.00411 0.331
11 9 6 2 1 43 7 0 0.214 2.28e-06 8.68e-09 0.00454 0.341
11 10 6 2 1 43 7 0 0.191 2.25e-06 9.18e-09 0.00495 0.35
11 11 6 2 1 43 7 0 0.172 2.22e-06 9.67e-09 0.00535 0.357
11 12 6 2 1 44 7 0 0.157 2.18e-06 7.09e-09 0.00574 0.364
11 13 6 2 1 44 7 0 0.143 2.14e-06 7.43e-09 0.00612 0.371
11 14 5 2 1 44 7 0 0.131 9.93e-06 7.76e-09 0.00649 0.377
11 15 5 2 1 44 7 0 0.121 9.68e-06 8.1e-09 0.00685 0.382
11 16 5 2 1 44 7 0 0.112 9.47e-06 8.43e-09 0.00719 0.388
11 17 5 2 1 44 7 0 0.104 9.26e-06 8.75e-09 0.00753 0.393
11 18 5 2 1 44 7 0 0.0972 9.07e-06 9.07e-09 0.00786 0.399
11 19 5 2 1 44 7 0 0.0909 8.89e-06 9.38e-09 0.00817 0.404
11 20 5 2 1 44 7 0 0.0852 8.71e-06 9.69e-09 0.00848 0.41
11 21 5 2 1 44 7 0 0.08 8.54e-06 9.99e-09 0.00878 0.416
11 22 5 2 1 45 7 0 0.0753 8.38e-06 7.17e-09 0.00908 0.421
11 23 5 2 1 45 7 0 0.0711 8.22e-06 7.38e-09 0.00936 0.426
11 24 5 2 1 45 7 0 0.0671 8.07e-06 7.58e-09 0.00964 0.431
11 25 5 2 1 45 7 0 0.0635 7.93e-06 7.77e-09 0.00991 0.436
11 26 5 2 1 45 7 0 0.0602 7.78e-06 7.97e-09 0.0102 0.441
11 27 5 2 1 45 7 0 0.0572 7.64e-06 8.16e-09 0.0104 0.446
11 28 5 2 1 45 7 0 0.0543 7.5e-06 8.34e-09 0.0107 0.45
11 29 5 2 1 45 7 0 0.0517 7.36e-06 8.53e-09 0.0109 0.455
11 30 5 2 1 45 7 0 0.0492 7.23e-06 8.7e-09 0.0111 0.459
11 31 5 2 1 45 7 0 0.047 7.09e-06 8.88e-09 0.0114 0.464
11 32 5 2 1 45 7 0 0.0448 6.96e-06 9.05e-09 0.0116 0.468
11 33 5 2 1 45 7 0 0.0428 6.83e-06 9.22e-09 0.0118 0.472
11 34 5 2 1 45 7 0 0.0409 6.69e-06 9.39e-09 0.012 0.476
11 35 5 2 1 45 7 0 0.0392 6.56e-06 9.55e-09 0.0122 0.48
11 36 5 2 1 45 7 0 0.0375 6.43e-06 9.71e-09 0.0124 0.484
11 37 5 2 1 45 7 0 0.0359 6.3e-06 9.87e-09 0.0126 0.488
11 38 5 2 1 46 7 0 0.0345 6.17e-06 6.99e-09 0.0128 0.492
11 39 5 2 1 46 7 0 0.0331 6.04e-06 7.09e-09 0.013 0.496
11 40 5 2 1 46 7 0 0.0318 5.91e-06 7.2e-09 0.0132 0.499
11 41 5 2 1 46 7 0 0.0305 5.79e-06 7.3e-09 0.0133 0.503
11 42 5 2 1 46 7 0 0.0293 5.67e-06 7.39e-09 0.0135 0.506
11 43 5 2 1 46 7 0 0.0282 5.57e-06 7.49e-09 0.0137 0.51
11 44 5 2 1 46 7 0 0.0271 5.47e-06 7.59e-09 0.0138 0.513
11 45 5 2 1 46 7 0 0.0261 5.36e-06 7.68e-09 0.014 0.516
11 46 5 2 1 46 7 0 0.0252 5.26e-06 7.77e-09 0.0141 0.52
11 47 5 2 1 46 7 0 0.0242 5.16e-06 7.86e-09 0.0143 0.523
11 48 5 2 1 46 7 0 0.0234 5.06e-06 7.95e-09 0.0144 0.526
11 49 5 2 1 46 7 0 0.0225 4.96e-06 8.03e-09 0.0146 0.529
11 50 5 2 1 46 7 0 0.0217 4.86e-06 8.11e-09 0.0147 0.531
11 51 5 2 1 46 7 0 0.021 4.76e-06 8.2e-09 0.0149 0.534
11 52 5 2 1 46 7 0 0.0202 4.66e-06 8.28e-09 0.015 0.537
11 53 5 2 1 46 7 0 0.0195 4.56e-06 8.35e-09 0.0151 0.54
11 54 5 2 1 46 7 0 0.0189 4.46e-06 8.43e-09 0.0152 0.542
11 55 5 2 1 46 7 0 0.0182 4.37e-06 8.51e-09 0.0153 0.545
11 56 5 2 1 46 7 0 0.0176 4.27e-06 8.58e-09 0.0155 0.547
11 57 5 2 1 46 7 0 0.017 4.18e-06 8.65e-09 0.0156 0.55
11 58 5 2 1 46 7 0 0.0164 4.08e-06 8.72e-09 0.0157 0.552
11 59 5 2 1 46 7 0 0.0159 3.99e-06 8.79e-09 0.0158 0.554
11 60 5 2 1 46 7 0 0.0154 3.9e-06 8.86e-09 0.0159 0.557
11 61 5 2 1 46 7 0 0.0149 3.81e-06 8.92e-09 0.016 0.559
11 62 5 2 1 46 7 0 0.0144 3.74e-06 8.99e-09 0.0161 0.561
11 63 5 2 1 46 7 0 0.0139 3.64e-06 9.05e-09 0.0162 0.563
11 64 5 2 1 46 7 0 0.0135 3.55e-06 9.11e-09 0.0163 0.565
11 65 5 2 1 46 7 0 0.0131 3.46e-06 9.17e-09 0.0164 0.567
11 66 5 2 1 46 7 0 0.0126 3.38e-06 9.23e-09 0.0165 0.569
11 67 5 2 1 46 7 0 0.0123 3.29e-06 9.28e-09 0.0166 0.571
11 68 5 2 1 46 7 0 0.0119 3.21e-06 9.34e-09 0.0166 0.573
11 69 5 2 1 46 7 0 0.0115 3.13e-06 9.4e-09 0.0167 0.574
11 70 5 2 1 46 7 0 0.0111 3.05e-06 9.45e-09 0.0168 0.576
11 71 5 2 1 46 7 0 0.0108 2.98e-06 9.5e-09 0.0169 0.578
11 72 5 2 1 46 7 0 0.0105 2.9e-06 9.55e-09 0.017 0.58
11 73 5 2 1 46 7 0 0.0101 2.83e-06 9.6e-09 0.017 0.581
11 74 5 2 1 46 7 0 0.00984 2.75e-06 9.65e-09 0.0171 0.583
11 75 5 2 1 46 7 0 0.00954 2.68e-06 9.7e-09 0.0172 0.584
11 76 5 2 1 46 7 0 0.00925 2.61e-06 9.75e-09 0.0172 0.586
11 77 5 2 1 46 7 0 0.00898 2.54e-06 9.79e-09 0.0173 0.587
11 78 5 2 1 46 7 0 0.00871 2.47e-06 9.84e-09 0.0174 0.589
11 79 5 2 1 46 7 0 0.00845 2.41e-06 9.88e-09 0.0174 0.59
11 80 5 2 1 46 7 0 0.0082 2.34e-06 9.92e-09 0.0175 0.592
11 81 5 2 1 46 7 0 0.00795 2.28e-06 9.97e-09 0.0176 0.593
11 82 5 2 1 47 7 0 0.00772 2.35e-06 6.98e-09 0.0176 0.594
11 83 5 2 1 47 7 0 0.00749 2.15e-06 7.01e-09 0.0177 0.596
11 84 5 2 1 47 7 0 0.00727 2.09e-06 7.03e-09 0.0177 0.597
11 85 5 2 1 47 7 0 0.00706 2.03e-06 7.06e-09 0.0178 0.598
11 86 5 2 1 47 7 0 0.00685 1.97e-06 7.08e-09 0.0178 0.599
11 87 5 2 1 47 7 0 0.00665 1.92e-06 7.11e-09 0.0179 0.6
11 88 5 2 1 47 7 0 0.00646 1.86e-06 7.13e-09 0.0179 0.601
11 89 5 2 1 47 7 0 0.00627 1.81e-06 7.16e-09 0.018 0.603
11 90 5 2 1 47 7 0 0.00609 1.76e-06 7.18e-09 0.018 0.604
11 91 5 2 1 47 7 0 0.00592 1.7e-06 7.2e-09 0.0181 0.605
11 92 5 2 1 47 7 0 0.00575 2.54e-06 7.23e-09 0.0181 0.606
11 93 5 2 1 47 7 0 0.00558 1.57e-06 7.25e-09 0.0182 0.607
11 94 5 2 1 47 7 0 0.00542 1.53e-06 7.27e-09 0.0182 0.608
11 95 5 2 1 47 7 0 0.00527 1.49e-06 7.29e-09 0.0182 0.609
11 96 5 2 1 47 7 0 0.00512 1.45e-06 7.31e-09 0.0183 0.609
11 97 5 2 1 47 7 0 0.00497 1.41e-06 7.33e-09 0.0183 0.61
11 98 5 2 1 47 7 0 0.00483 1.36e-06 7.35e-09 0.0184 0.611
11 99 5 2 1 47 7 0 0.0047 1.34e-06 7.37e-09 0.0184 0.612
11 100 5 2 1 47 7 0 0.00456 1.32e-06 7.39e-09 0.0184 0.613
11 101 5 2 1 47 7 0 0.00444 1.31e-06 7.41e-09 0.0185 0.614
11 102 5 2 1 47 7 0 0.00431 1.29e-06 7.42e-09 0.0185 0.615
11 103 5 2 1 47 7 0 0.00419 1.27e-06 7.44e-09 0.0185 0.615
11 104 5 2 1 47 7 0 0.00407 1.25e-06 7.46e-09 0.0186 0.616
11 105 5 2 1 47 7 0 0.00396 1.23e-06 7.47e-09 0.0186 0.617
11 106 5 2 1 47 7 0 0.00385 1.22e-06 7.49e-09 0.0186 0.617
11 107 5 2 1 47 7 0 0.00374 1.2e-06 7.5e-09 0.0187 0.618
11 108 5 2 1 47 7 0 0.00364 1.18e-06 7.52e-09 0.0187 0.619
11 109 5 2 1 47 7 0 0.00354 1.16e-06 7.53e-09 0.0187 0.62
11 110 5 2 1 47 7 0 0.00344 1.14e-06 7.55e-09 0.0187 0.62
11 111 5 2 1 47 7 0 0.00334 1.12e-06 7.56e-09 0.0188 0.621
11 112 5 2 1 47 7 0 0.00325 1.1e-06 7.58e-09 0.0188 0.621
11 113 5 2 1 47 7 0 0.00316 1.08e-06 7.59e-09 0.0188 0.622
11 114 5 2 1 47 7 0 0.00307 1.07e-06 7.6e-09 0.0188 0.623
11 115 5 2 1 47 7 0 0.00299 1.05e-06 7.61e-09 0.0189 0.623
11 116 5 2 1 47 7 0 0.00291 1.03e-06 7.63e-09 0.0189 0.624
11 117 5 2 1 47 7 0 0.00283 1.01e-06 7.64e-09 0.0189 0.624
11 118 5 2 1 47 7 0 0.00275 9.94e-07 7.65e-09 0.0189 0.625
11 119 5 2 1 47 7 0 0.00267 9.76e-07 7.66e-09 0.019 0.625
11 120 5 2 1 47 7 0 0.0026 9.59e-07 7.67e-09 0.019 0.626
11 121 5 2 1 47 7 0 0.00253 9.42e-07 7.68e-09 0.019 0.626
11 122 5 2 1 47 7 0 0.00246 9.25e-07 7.69e-09 0.019 0.627
11 123 5 2 1 47 7 0 0.00239 9.08e-07 7.7e-09 0.019 0.627
11 124 5 2 1 47 7 0 0.00233 8.91e-07 7.71e-09 0.0191 0.628
11 125 5 2 1 47 7 0 0.00226 8.75e-07 7.72e-09 0.0191 0.628
11 126 5 2 1 47 7 0 0.0022 8.59e-07 7.73e-09 0.0191 0.628
11 127 5 2 1 47 7 0 0.00214 8.43e-07 7.74e-09 0.0191 0.629
11 128 5 2 1 47 7 0 0.00208 8.27e-07 7.75e-09 0.0191 0.629
11 129 5 2 1 47 7 0 0.00203 8.12e-07 7.76e-09 0.0192 0.63
11 130 5 2 1 47 7 0 0.00197 7.96e-07 7.77e-09 0.0192 0.63
11 131 5 2 1 47 7 0 0.00192 7.81e-07 7.78e-09 0.0192 0.63
11 132 5 2 1 47 7 0 0.00187 7.66e-07 7.79e-09 0.0192 0.631
11 133 5 2 1 47 7 0 0.00182 7.52e-07 7.79e-09 0.0192 0.631
11 134 5 2 1 47 7 0 0.00177 7.37e-07 7.8e-09 0.0192 0.632
11 135 5 2 1 47 7 0 0.00172 7.23e-07 7.81e-09 0.0192 0.632
11 136 5 2 1 47 7 0 0.00167 7.09e-07 7.82e-09 0.0193 0.632
11 137 5 2 1 47 7 0 0.00163 6.95e-07 7.82e-09 0.0193 0.633
11 138 5 2 1 47 7 0 0.00158 6.82e-07 7.83e-09 0.0193 0.633
11 139 5 2 1 47 7 0 0.00154 6.68e-07 7.84e-09 0.0193 0.633
11 140 5 2 1 47 7 0 0.0015 6.55e-07 7.84e-09 0.0193 0.633
11 141 5 2 1 47 7 0 0.0348 6.42e-07 7.85e-09 0.0193 0.634
11 142 5 2 1 47 7 0 0.0131 1.96e-06 7.86e-09 0.0193 0.642
11 143 5 2 1 47 7 0 0.0145 2.76e-06 8.02e-09 0.0193 0.638
11 144 5 2 1 47 7 0 0.00728 1.43e-06 7.83e-09 0.0193 0.636
11 145 5 2 1 47 7 0 0.00454 8.38e-07 7.86e-09 0.0193 0.635
11 146 5 2 1 47 7 0 0.00319 6.82e-07 7.88e-09 0.0194 0.635
11 147 5 2 1 47 7 0 0.00246 6.06e-07 7.89e-09 0.0194 0.635
11 148 5 2 1 47 7 0 0.00203 5.67e-07 7.89e-09 0.0194 0.636
11 149 5 2 1 47 7 0 0.00175 5.44e-07 7.9e-09 0.0194 0.636
11 150 5 2 1 47 7 0 0.00156 5.31e-07 7.9e-09 0.0194 0.636
11 151 5 2 1 47 7 0 0.00331 5.2e-07 7.91e-09 0.0194 0.636
11 152 5 2 1 47 7 0 0.013 2.92e-06 7.91e-09 0.0194 0.645
11 153 5 2 1 47 7 0 0.0144 2.66e-06 8.07e-09 0.0194 0.64
11 154 5 2 1 47 7 0 0.00711 1.5e-06 7.88e-09 0.0194 0.638
11 155 5 2 1 47 7 0 0.00435 7.88e-07 7.91e-09 0.0194 0.637
11 156 5 2 1 47 7 0 0.00299 5.68e-07 7.93e-09 0.0194 0.637
11 157 5 2 1 47 7 0 0.00226 5.12e-07 7.93e-09 0.0194 0.637
11 158 5 2 1 47 7 0 0.00182 4.91e-07 7.94e-09 0.0194 0.638
11 159 5 2 1 47 7 0 0.00154 4.77e-07 7.94e-09 0.0195 0.638
11 160 5 2 1 47 7 0 0.00136 4.66e-07 7.94e-09 0.0195 0.638
11 161 5 2 1 47 7 0 0.00262 4.53e-07 7.95e-09 0.0195 0.638
11 162 5 2 1 47 7 0 0.0128 2.07e-06 7.95e-09 0.0195 0.646
11 163 5 2 1 47 7 0 0.0142 2.62e-06 8.11e-09 0.0195 0.642
11 164 5 2 1 47 7 0 0.00692 1.52e-06 7.92e-09 0.0195 0.64
11 165 5 2 1 47 7 0 0.00416 8.04e-07 7.95e-09 0.0195 0.639
11 166 5 2 1 47 7 0 0.00281 4.72e-07 7.96e-09 0.0195 0.639
11 167 5 2 1 47 7 0 0.00208 4.44e-07 7.97e-09 0.0195 0.639
11 168 5 2 1 47 7 0 0.00164 4.23e-07 7.97e-09 0.0195 0.639
11 169 5 2 1 47 7 0 0.00137 4.1e-07 7.97e-09 0.0195 0.639
11 170 5 2 1 47 7 0 0.00119 3.98e-07 7.97e-09 0.0195 0.639
11 171 5 2 1 47 7 0 0.0021 3.86e-07 7.98e-09 0.0195 0.639
11 172 5 2 1 47 7 0 0.0126 2.11e-06 7.98e-09 0.0195 0.648
11 173 5 2 1 47 7 0 0.014 2.59e-06 8.14e-09 0.0195 0.643
11 174 5 2 1 47 7 0 0.00677 1.54e-06 7.95e-09 0.0195 0.641
11 175 5 2 1 47 7 0 0.00401 8.13e-07 7.98e-09 0.0195 0.64
11 176 5 2 1 47 7 0 0.00266 4.63e-07 7.99e-09 0.0195 0.64
11 177 5 2 1 47 7 0 0.00194 3.8e-07 7.99e-09 0.0195 0.64
11 178 5 2 1 47 7 0 0.00151 3.6e-07 7.99e-09 0.0195 0.64
11 179 5 2 1 47 7 0 0.00124 3.48e-07 8e-09 0.0196 0.64
11 180 5 2 1 47 7 0 0.00106 3.37e-07 8e-09 0.0196 0.64
11 181 5 2 1 47 7 0 0.0017 3.26e-07 8e-09 0.0195 0.64
11 182 5 2 1 47 7 0 0.0125 2.15e-06 8e-09 0.0195 0.649
11 183 5 2 1 47 7 0 0.0139 2.57e-06 8.16e-09 0.0196 0.644
11 184 5 2 1 47 7 0 0.00666 1.54e-06 7.97e-09 0.0196 0.642
11 185 5 2 1 47 7 0 0.0039 8.13e-07 7.99e-09 0.0196 0.641
11 186 5 2 1 47 7 0 0.00255 4.61e-07 8e-09 0.0196 0.641
11 187 5 2 1 47 7 0 0.00183 3.25e-07 8.01e-09 0.0196 0.641
11 188 5 2 1 47 7 0 0.0014 3.06e-07 8.01e-09 0.0196 0.641
11 189 5 2 1 47 7 0 0.00114 2.94e-07 8.01e-09 0.0196 0.641
11 190 5 2 1 47 7 0 0.000958 2.94e-07 8.01e-09 0.0196 0.641
stationary flow nc = 2 i = 190 du = 0.000958165
# Quadtree, 190 steps, 2075.96 CPU, 2090 real, 4.59e+03 points.step/s, 33 var
11 0 5 2 1 47 7 0 0 2.94e-07 8.01e-09 0 0
11 1 5 2 1 5 7 0 1 0 0 0.000699 0
11 2 6 2 1 34 7 0 0.953 7e-06 9.05e-09 0.00107 0.268
11 3 6 2 1 34 7 0 0.756 7.06e-06 7.86e-09 0.00139 0.33
11 4 6 2 1 34 7 0 0.583 6.71e-06 6.96e-09 0.00172 0.314
11 5 6 3 1 34 7 0 0.453 4e-06 7.8e-09 0.00207 0.294
11 6 6 4 1 34 7 0 0.356 4.98e-06 8.68e-09 0.00241 0.289
11 7 5 4 1 34 7 0 0.31 8.68e-06 9.52e-09 0.00273 0.296
11 8 5 4 1 35 7 0 0.266 7.17e-06 6.71e-09 0.00304 0.306
11 9 5 4 1 35 7 0 0.232 6.65e-06 7.14e-09 0.00334 0.316
11 10 5 4 1 35 7 0 0.205 6.48e-06 7.55e-09 0.00362 0.324
11 11 5 4 1 35 7 0 0.182 6.28e-06 7.95e-09 0.00388 0.332
11 12 5 4 1 35 7 0 0.164 5.97e-06 8.34e-09 0.00414 0.339
11 13 5 4 1 35 7 0 0.148 5.6e-06 8.72e-09 0.00438 0.346
11 14 5 4 1 35 7 0 0.134 5.23e-06 9.09e-09 0.00461 0.352
11 15 5 4 1 35 7 0 0.123 4.86e-06 9.46e-09 0.00484 0.358
11 16 5 4 1 35 7 0 0.112 4.51e-06 9.82e-09 0.00505 0.364
11 17 5 4 1 36 7 0 0.103 4.19e-06 6.48e-09 0.00526 0.37
11 18 5 4 1 36 7 0 0.0954 3.88e-06 6.69e-09 0.00545 0.376
11 19 5 4 1 36 7 0 0.0883 3.58e-06 6.91e-09 0.00564 0.382
11 20 5 4 1 36 7 0 0.0819 3.3e-06 7.11e-09 0.00582 0.387
11 21 5 4 1 36 7 0 0.0762 3.04e-06 7.31e-09 0.00599 0.392
11 22 5 4 1 36 7 0 0.0711 2.79e-06 7.51e-09 0.00616 0.397
11 23 5 4 1 36 7 0 0.0664 2.56e-06 7.69e-09 0.00631 0.402
11 24 5 4 1 36 7 0 0.0621 2.38e-06 7.88e-09 0.00646 0.406
11 25 5 4 1 36 7 0 0.0582 2.22e-06 8.06e-09 0.00661 0.411
11 26 5 4 1 36 7 0 0.0546 2.09e-06 8.23e-09 0.00675 0.415
11 27 5 4 1 36 7 0 0.0513 1.99e-06 8.4e-09 0.00688 0.419
11 28 5 4 1 36 7 0 0.0483 1.89e-06 8.57e-09 0.00701 0.423
11 29 5 4 1 36 7 0 0.0455 1.8e-06 8.73e-09 0.00713 0.427
11 30 5 3 1 36 7 0 0.0429 1.64e-06 8.88e-09 0.00725 0.431
11 31 5 3 1 36 7 0 0.0405 2.25e-06 9.04e-09 0.00736 0.435
11 32 5 3 1 36 7 0 0.0382 2.18e-06 9.18e-09 0.00747 0.438
11 33 5 3 1 36 7 0 0.0361 2.12e-06 9.33e-09 0.00757 0.442
11 34 5 3 1 36 7 0 0.0342 2.05e-06 9.47e-09 0.00767 0.445
11 35 5 3 1 36 7 0 0.0324 1.99e-06 9.6e-09 0.00776 0.448
11 36 5 3 1 36 7 0 0.0307 1.92e-06 9.73e-09 0.00785 0.451
11 37 5 3 1 36 7 0 0.0291 1.86e-06 9.86e-09 0.00794 0.454
11 38 5 3 1 36 7 0 0.0276 1.8e-06 9.99e-09 0.00802 0.457
11 39 5 3 1 37 7 0 0.0262 1.74e-06 6.44e-09 0.0081 0.46
11 40 5 3 1 37 7 0 0.0249 1.69e-06 6.52e-09 0.00818 0.462
11 41 5 3 1 37 7 0 0.0236 1.63e-06 6.59e-09 0.00825 0.465
11 42 5 3 1 37 7 0 0.0225 1.58e-06 6.66e-09 0.00833 0.467
11 43 5 3 1 37 7 0 0.0214 1.52e-06 6.73e-09 0.00839 0.469
11 44 5 3 1 37 7 0 0.0203 1.47e-06 6.8e-09 0.00846 0.472
11 45 5 3 1 37 7 0 0.0193 1.42e-06 6.86e-09 0.00852 0.474
11 46 5 3 1 37 7 0 0.0184 1.37e-06 6.92e-09 0.00858 0.476
11 47 5 3 1 37 7 0 0.0175 1.32e-06 6.99e-09 0.00864 0.478
11 48 5 3 1 37 7 0 0.0167 1.27e-06 7.05e-09 0.00869 0.48
11 49 5 3 1 37 7 0 0.0159 1.22e-06 7.11e-09 0.00874 0.481
11 50 5 3 1 37 7 0 0.0152 1.18e-06 7.16e-09 0.00879 0.483
11 51 5 3 1 37 7 0 0.0145 1.14e-06 7.22e-09 0.00884 0.485
11 52 5 3 1 37 7 0 0.0138 1.09e-06 7.27e-09 0.00889 0.487
11 53 5 3 1 37 7 0 0.0132 1.05e-06 7.32e-09 0.00893 0.488
11 54 5 3 1 37 7 0 0.0126 1.01e-06 7.37e-09 0.00897 0.49
11 55 5 3 1 37 7 0 0.012 9.71e-07 7.42e-09 0.00902 0.491
11 56 5 3 1 37 7 0 0.0115 9.33e-07 7.47e-09 0.00905 0.492
11 57 5 3 1 37 7 0 0.0109 8.96e-07 7.52e-09 0.00909 0.494
11 58 5 3 1 37 7 0 0.0105 8.6e-07 7.56e-09 0.00913 0.495
11 59 5 3 1 37 7 0 0.00998 8.25e-07 7.6e-09 0.00916 0.496
11 60 5 3 1 37 7 0 0.00954 7.93e-07 7.65e-09 0.0092 0.498
11 61 5 3 1 37 7 0 0.0643 7.61e-07 7.69e-09 0.00921 0.499
11 62 5 3 1 37 7 0 0.0375 4.69e-06 7.73e-09 0.00924 0.511
11 63 5 3 1 37 7 0 0.0126 1.97e-06 8.05e-09 0.00926 0.509
11 64 5 3 1 37 7 0 0.00902 1.07e-06 7.85e-09 0.00929 0.507
11 65 5 3 1 37 7 0 0.0077 8.26e-07 7.88e-09 0.00932 0.506
11 66 5 3 1 37 7 0 0.00706 6.92e-07 7.92e-09 0.00934 0.507
11 67 5 3 1 37 7 0 0.00676 6.17e-07 7.97e-09 0.00936 0.507
11 68 5 3 1 37 7 0 0.00651 5.72e-07 8.01e-09 0.00939 0.508
11 69 5 3 1 37 7 0 0.00626 5.43e-07 8.05e-09 0.00941 0.509
11 70 5 3 1 37 7 0 0.006 5.21e-07 8.08e-09 0.00943 0.51
11 71 5 3 1 37 7 0 0.00557 5e-07 8.12e-09 0.00945 0.511
11 72 5 3 1 37 7 0 0.0296 6.35e-06 8.14e-09 0.00947 0.508
11 73 5 3 1 37 7 0 0.0166 1.53e-06 8.06e-09 0.00949 0.509
11 74 5 3 1 37 7 0 0.0111 9.85e-07 8.15e-09 0.00951 0.51
11 75 5 3 1 37 7 0 0.00833 6.46e-07 8.18e-09 0.00953 0.511
11 76 5 3 1 37 7 0 0.00677 4.34e-07 8.2e-09 0.00955 0.511
11 77 5 3 1 37 7 0 0.00581 4.01e-07 8.22e-09 0.00956 0.512
11 78 5 3 1 37 7 0 0.00518 3.82e-07 8.24e-09 0.00958 0.512
11 79 5 3 1 37 7 0 0.00474 3.65e-07 8.26e-09 0.0096 0.513
11 80 5 3 1 37 7 0 0.0044 3.5e-07 8.28e-09 0.00961 0.513
11 81 5 3 1 37 7 0 0.00809 3.37e-07 8.3e-09 0.00961 0.514
11 82 5 3 1 37 7 0 0.0331 5e-06 8.32e-09 0.00962 0.526
11 83 5 3 1 37 7 0 0.00818 1.99e-06 8.64e-09 0.00963 0.524
11 84 5 3 1 37 7 0 0.00473 7.91e-07 8.42e-09 0.00964 0.521
11 85 5 3 1 37 7 0 0.00358 5.97e-07 8.42e-09 0.00965 0.519
11 86 5 3 1 37 7 0 0.00312 4.53e-07 8.45e-09 0.00966 0.519
11 87 5 3 1 37 7 0 0.00289 3.7e-07 8.48e-09 0.00967 0.519
11 88 5 3 1 37 7 0 0.00276 3.36e-07 8.51e-09 0.00968 0.52
11 89 5 3 1 37 7 0 0.00268 3.2e-07 8.53e-09 0.00969 0.52
11 90 5 3 1 37 7 0 0.00258 3.12e-07 8.55e-09 0.0097 0.521
11 91 5 3 1 37 7 0 0.00241 3.08e-07 8.57e-09 0.00971 0.521
11 92 5 3 1 37 7 0 0.0267 6.52e-06 8.57e-09 0.00972 0.518
11 93 5 3 1 37 7 0 0.0138 1.5e-06 8.48e-09 0.00973 0.518
11 94 5 3 1 37 7 0 0.00835 9.41e-07 8.56e-09 0.00974 0.519
11 95 5 3 1 37 7 0 0.00567 5.93e-07 8.58e-09 0.00975 0.519
11 96 5 3 1 37 7 0 0.00421 3.78e-07 8.58e-09 0.00976 0.52
11 97 5 3 1 37 7 0 0.00336 2.41e-07 8.59e-09 0.00977 0.52
11 98 5 3 1 37 7 0 0.00283 2.41e-07 8.6e-09 0.00978 0.52
11 99 5 3 1 37 7 0 0.00249 2.42e-07 8.61e-09 0.00978 0.52
11 100 5 3 1 37 7 0 0.00225 2.41e-07 8.62e-09 0.00979 0.52
11 101 5 3 1 37 7 0 0.00208 2.4e-07 8.63e-09 0.00978 0.521
11 102 5 3 1 37 7 0 0.0312 5.13e-06 8.64e-09 0.00978 0.533
11 103 5 3 1 37 7 0 0.00637 2.03e-06 8.95e-09 0.00979 0.53
11 104 5 3 1 37 7 0 0.00318 8.18e-07 8.71e-09 0.00979 0.527
11 105 5 3 1 37 7 0 0.00189 5.66e-07 8.7e-09 0.0098 0.525
11 106 5 3 1 37 7 0 0.0015 4.13e-07 8.73e-09 0.0098 0.525
11 107 5 3 1 37 7 0 0.00134 3.05e-07 8.75e-09 0.00981 0.525
11 108 5 3 1 37 7 0 0.00127 2.69e-07 8.76e-09 0.00981 0.525
11 109 5 3 1 37 7 0 0.00121 2.52e-07 8.78e-09 0.00982 0.525
11 110 5 3 1 37 7 0 0.00117 2.44e-07 8.79e-09 0.00982 0.526
11 111 5 3 1 37 7 0 0.0133 2.4e-07 8.8e-09 0.00981 0.526
11 112 6 3 1 37 7 0 0.0314 1.79e-06 8.79e-09 0.00981 0.529
11 113 5 3 1 37 7 0 0.0207 7.27e-06 8.93e-09 0.00981 0.523
11 114 5 3 1 37 7 0 0.0147 1.06e-06 8.65e-09 0.00982 0.522
11 115 5 3 1 37 7 0 0.00783 5.37e-07 8.75e-09 0.00982 0.522
11 116 5 3 1 37 7 0 0.00475 3.65e-07 8.77e-09 0.00983 0.522
11 117 5 3 1 37 7 0 0.00325 2.81e-07 8.77e-09 0.00983 0.523
11 118 5 3 1 37 7 0 0.00245 2.55e-07 8.78e-09 0.00984 0.523
11 119 5 3 1 37 7 0 0.00199 2.44e-07 8.78e-09 0.00984 0.523
11 120 5 3 1 37 7 0 0.00173 2.33e-07 8.78e-09 0.00985 0.523
11 121 5 3 1 37 7 0 0.00347 2.2e-07 8.78e-09 0.00984 0.523
11 122 5 3 1 37 7 0 0.0307 5.15e-06 8.79e-09 0.00984 0.535
11 123 5 3 1 37 7 0 0.00585 2.05e-06 9.09e-09 0.00984 0.532
11 124 5 3 1 37 7 0 0.00269 8.19e-07 8.85e-09 0.00984 0.529
11 125 5 3 1 37 7 0 0.00139 5.61e-07 8.84e-09 0.00984 0.527
11 126 5 3 1 37 7 0 0.00101 3.89e-07 8.85e-09 0.00985 0.527
11 127 5 3 1 37 7 0 0.000872 2.71e-07 8.87e-09 0.00985 0.527
stationary flow nc = 3 i = 127 du = 0.000872469
# Quadtree, 127 steps, 1242.53 CPU, 1256 real, 6.27e+03 points.step/s, 33 var
11 0 5 3 1 37 7 0 0 2.71e-07 8.87e-09 0 0
11 1 5 3 1 5 7 0 1 0 0 0.000599 0
11 2 5 3 1 35 7 0 1.1 9.28e-06 6.66e-09 0.000835 0.256
11 3 5 3 1 34 7 0 0.919 9.38e-06 9.18e-09 0.00104 0.307
11 4 6 3 1 34 7 0 0.692 2.85e-06 8.55e-09 0.00127 0.296
11 5 5 3 1 34 7 0 0.514 6.75e-06 8.13e-09 0.0015 0.285
11 6 5 3 1 34 7 0 0.379 5.4e-06 8.61e-09 0.00172 0.285
11 7 5 3 1 34 7 0 0.335 4.5e-06 9.23e-09 0.00193 0.294
11 8 5 3 1 35 7 0 0.28 3.34e-06 6.47e-09 0.00212 0.304
11 9 5 3 1 35 7 0 0.237 3.24e-06 6.87e-09 0.0023 0.313
11 10 5 3 1 35 7 0 0.205 3.16e-06 7.25e-09 0.00247 0.322
11 11 5 3 1 35 7 0 0.179 3.06e-06 7.61e-09 0.00262 0.33
11 12 5 3 1 35 7 0 0.157 2.95e-06 7.95e-09 0.00277 0.337
11 13 5 3 1 35 7 0 0.14 2.86e-06 8.28e-09 0.0029 0.345
11 14 5 3 1 35 7 0 0.125 2.78e-06 8.6e-09 0.00303 0.351
11 15 5 3 1 35 7 0 0.112 2.7e-06 8.9e-09 0.00314 0.358
11 16 5 3 1 35 7 0 0.101 2.63e-06 9.19e-09 0.00325 0.364
11 17 5 3 1 35 7 0 0.0913 2.55e-06 9.47e-09 0.00335 0.369
11 18 5 3 1 35 7 0 0.0828 2.48e-06 9.74e-09 0.00345 0.375
11 19 5 3 1 35 7 0 0.0753 2.41e-06 1e-08 0.00354 0.38
11 20 5 3 1 36 7 0 0.0687 2.34e-06 6.53e-09 0.00362 0.385
11 21 5 3 1 36 7 0 0.189 2.27e-06 6.68e-09 0.00368 0.389
11 22 5 3 1 36 7 0 0.121 4.83e-06 6.84e-09 0.00375 0.406
11 23 5 3 1 36 7 0 0.0663 3.79e-06 7.59e-09 0.00381 0.408
11 24 5 3 1 36 7 0 0.0523 2.61e-06 7.28e-09 0.00387 0.408
11 25 5 3 1 36 7 0 0.046 2.23e-06 7.36e-09 0.00393 0.409
11 26 5 3 1 36 7 0 0.0413 2.01e-06 7.5e-09 0.00399 0.412
11 27 5 3 1 36 7 0 0.0378 1.87e-06 7.64e-09 0.00404 0.414
11 28 5 3 1 36 7 0 0.035 1.78e-06 7.78e-09 0.00408 0.417
11 29 5 3 1 36 7 0 0.0324 1.71e-06 7.91e-09 0.00413 0.42
11 30 5 3 1 36 7 0 0.0301 1.65e-06 8.02e-09 0.00417 0.423
11 31 5 3 1 36 7 0 0.183 1.6e-06 8.13e-09 0.00419 0.425
11 32 5 3 1 36 7 0 0.0849 9.78e-06 8.11e-09 0.00422 0.432
11 33 6 3 1 36 7 0 0.0591 1.5e-06 8.44e-09 0.00425 0.426
11 34 5 3 1 36 7 0 0.0462 2.13e-06 7.99e-09 0.00429 0.426
11 35 5 3 1 36 7 0 0.0312 1.19e-06 8.27e-09 0.00432 0.427
11 36 5 3 1 36 7 0 0.0242 1.1e-06 8.39e-09 0.00435 0.429
11 37 5 3 1 36 7 0 0.0205 1.13e-06 8.48e-09 0.00438 0.431
11 38 5 3 1 36 7 0 0.0184 1.13e-06 8.55e-09 0.00441 0.433
11 39 5 3 1 36 7 0 0.017 1.11e-06 8.62e-09 0.00443 0.434
11 40 5 3 1 36 7 0 0.0158 1.08e-06 8.69e-09 0.00446 0.436
11 41 5 3 1 36 7 0 0.026 1.04e-06 8.75e-09 0.00446 0.437
11 42 5 3 1 36 7 0 0.0808 6.98e-06 8.83e-09 0.00447 0.454
11 43 5 3 1 36 7 0 0.0295 2.83e-06 9.64e-09 0.00449 0.454
11 44 5 3 1 36 7 0 0.0168 2e-06 9.16e-09 0.0045 0.45
11 45 5 3 1 36 7 0 0.0117 1.46e-06 9.14e-09 0.00452 0.448
11 46 5 3 1 36 7 0 0.00961 1.19e-06 9.22e-09 0.00453 0.447
11 47 5 3 1 36 7 0 0.00858 9.95e-07 9.3e-09 0.00455 0.448
11 48 5 3 1 36 7 0 0.00807 8.74e-07 9.38e-09 0.00456 0.448
11 49 5 3 1 36 7 0 0.00768 7.99e-07 9.45e-09 0.00457 0.449
11 50 5 3 1 36 7 0 0.00729 7.5e-07 9.51e-09 0.00458 0.45
11 51 5 3 1 36 7 0 0.0568 7.13e-07 9.56e-09 0.00457 0.451
11 52 6 3 1 36 7 0 0.0668 2e-06 9.48e-09 0.00458 0.456
11 53 6 3 1 36 7 0 0.0431 1.7e-06 9.79e-09 0.00459 0.448
11 54 5 3 1 36 7 0 0.0313 2.49e-06 9.23e-09 0.0046 0.446
11 55 5 3 1 36 7 0 0.0172 1.33e-06 9.48e-09 0.00461 0.446
11 56 5 3 1 36 7 0 0.0112 8.02e-07 9.57e-09 0.00462 0.447
11 57 5 3 1 36 7 0 0.00842 6.07e-07 9.61e-09 0.00463 0.448
11 58 5 3 1 36 7 0 0.00698 4.93e-07 9.65e-09 0.00464 0.448
11 59 5 3 1 36 7 0 0.00611 4.21e-07 9.68e-09 0.00465 0.449
11 60 5 3 1 36 7 0 0.00563 3.93e-07 9.71e-09 0.00466 0.449
11 61 5 3 1 36 7 0 0.00524 3.82e-07 9.73e-09 0.00465 0.45
11 62 5 3 1 36 7 0 0.0728 7.56e-06 9.78e-09 0.00465 0.467
11 63 5 3 1 37 7 0 0.022 2.61e-06 6.75e-09 0.00465 0.465
11 64 5 3 1 37 7 0 0.00981 1.8e-06 6.41e-09 0.00466 0.461
11 65 5 3 1 36 7 0 0.00479 1.15e-06 1e-08 0.00466 0.458
11 66 5 3 1 37 7 0 0.00321 7.81e-07 6.4e-09 0.00467 0.457
11 67 5 3 1 37 7 0 0.0026 5.95e-07 6.44e-09 0.00467 0.456
11 68 5 3 1 37 7 0 0.00239 4.84e-07 6.47e-09 0.00468 0.457
11 69 5 3 1 37 7 0 0.00231 4.21e-07 6.5e-09 0.00468 0.457
11 70 5 3 1 37 7 0 0.00225 3.85e-07 6.52e-09 0.00469 0.457
11 71 5 3 1 37 7 0 0.0292 3.61e-07 6.54e-09 0.00467 0.458
11 72 6 3 1 37 7 0 0.0627 2.03e-06 6.47e-09 0.00467 0.463
11 73 6 3 1 37 7 0 0.0395 1.78e-06 6.65e-09 0.00467 0.454
11 74 5 3 1 36 7 0 0.028 2.56e-06 9.84e-09 0.00468 0.452
11 75 5 3 1 37 7 0 0.014 1.37e-06 6.42e-09 0.00469 0.451
11 76 5 3 1 37 7 0 0.0082 8.46e-07 6.46e-09 0.00469 0.452
11 77 5 3 1 37 7 0 0.00561 6.31e-07 6.48e-09 0.0047 0.452
11 78 5 3 1 37 7 0 0.00436 4.84e-07 6.49e-09 0.0047 0.452
11 79 5 3 1 37 7 0 0.00367 3.83e-07 6.5e-09 0.00471 0.453
11 80 5 3 1 37 7 0 0.00324 3.27e-07 6.5e-09 0.00471 0.453
11 81 5 3 1 37 7 0 0.00846 2.88e-07 6.51e-09 0.0047 0.453
11 82 5 3 1 37 7 0 0.0709 7.68e-06 6.53e-09 0.0047 0.471
11 83 5 3 1 37 7 0 0.0203 2.56e-06 7.04e-09 0.00469 0.469
11 84 5 3 1 37 7 0 0.00813 1.74e-06 6.68e-09 0.0047 0.464
11 85 5 3 1 37 7 0 0.00314 1.09e-06 6.64e-09 0.0047 0.461
11 86 5 3 1 37 7 0 0.00167 6.66e-07 6.66e-09 0.0047 0.459
11 87 5 3 1 37 7 0 0.0013 4.2e-07 6.68e-09 0.0047 0.459
11 88 5 3 1 37 7 0 0.00117 3.11e-07 6.71e-09 0.00471 0.459
11 89 5 3 1 37 7 0 0.00108 2.56e-07 6.72e-09 0.00471 0.459
11 90 5 3 1 37 7 0 0.00106 2.26e-07 6.74e-09 0.00471 0.459
11 91 5 3 1 37 7 0 0.0225 2.11e-07 6.75e-09 0.00469 0.459
11 92 6 3 1 37 7 0 0.0617 2.04e-06 6.67e-09 0.00469 0.464
11 93 6 3 1 37 7 0 0.0386 1.82e-06 6.85e-09 0.00469 0.456
11 94 5 4 1 37 7 0 0.0271 2.57e-06 6.46e-09 0.0047 0.453
11 95 5 4 1 37 7 0 0.0133 8.98e-07 6.6e-09 0.0047 0.453
11 96 5 4 1 37 7 0 0.00747 5.47e-07 6.64e-09 0.00471 0.453
11 97 5 4 1 37 7 0 0.00493 3.83e-07 6.65e-09 0.00471 0.453
11 98 5 4 1 37 7 0 0.00372 2.84e-07 6.65e-09 0.00472 0.453
11 99 5 4 1 37 7 0 0.00307 2.23e-07 6.65e-09 0.00472 0.454
11 100 5 4 1 37 7 0 0.00268 1.83e-07 6.65e-09 0.00473 0.454
11 101 5 4 1 37 7 0 0.01 1.54e-07 6.65e-09 0.00471 0.454
11 102 5 4 1 37 7 0 0.0705 7.25e-06 6.66e-09 0.00471 0.472
11 103 5 4 1 37 7 0 0.0198 1.73e-06 7.17e-09 0.00471 0.469
11 104 5 4 1 37 7 0 0.00772 1.58e-06 6.8e-09 0.00471 0.465
11 105 5 5 1 37 7 0 0.00274 1e-06 6.76e-09 0.00471 0.461
11 106 5 6 1 37 7 0 0.00129 6.01e-07 6.77e-09 0.00471 0.46
11 107 5 6 1 37 7 0 0.000984 3.67e-07 6.79e-09 0.00471 0.459
stationary flow nc = 4 i = 107 du = 0.000983962
# Quadtree, 107 steps, 1096.02 CPU, 1107 real, 6.86e+03 points.step/s, 33 var
11 0 5 6 1 37 7 0 0 3.67e-07 6.79e-09 0 0
11 1 5 6 1 5 7 0 1 0 0 0.000499 0
11 2 5 5 1 39 7 0 1.24 4.5e-06 6.91e-09 0.000621 0.245
11 3 5 5 1 38 7 0 1.05 6.98e-06 8.24e-09 0.000736 0.303
11 4 5 5 1 38 7 0 0.779 9.2e-06 8.08e-09 0.000862 0.308
11 5 6 5 1 38 7 0 0.546 2.83e-06 9.92e-09 0.000987 0.306
11 6 5 5 1 38 7 0 0.43 4.11e-06 9.61e-09 0.0011 0.309
11 7 5 5 1 38 7 0 0.321 2.76e-06 9.86e-09 0.00121 0.317
11 8 5 5 1 39 7 0 0.254 2.52e-06 6.93e-09 0.0013 0.326
11 9 5 5 1 39 7 0 0.209 2.46e-06 7.29e-09 0.00138 0.336
11 10 5 5 1 39 7 0 0.176 2.35e-06 7.62e-09 0.00145 0.345
11 11 5 5 1 39 7 0 0.15 2.2e-06 7.92e-09 0.00151 0.353
11 12 5 5 1 39 7 0 0.128 1.93e-06 8.18e-09 0.00156 0.361
11 13 5 5 1 39 7 0 0.109 1.74e-06 8.43e-09 0.00161 0.367
11 14 5 5 1 39 7 0 0.0939 1.57e-06 8.66e-09 0.00165 0.373
11 15 5 4 1 39 7 0 0.0808 1.57e-06 8.88e-09 0.00168 0.378
11 16 5 4 1 39 7 0 0.0697 1.32e-06 9.1e-09 0.00172 0.382
11 17 5 4 1 39 7 0 0.0603 1.26e-06 9.3e-09 0.00174 0.386
11 18 5 4 1 39 7 0 0.0523 1.2e-06 9.5e-09 0.00177 0.39
11 19 5 4 1 39 7 0 0.0454 1.15e-06 9.68e-09 0.00179 0.393
11 20 5 3 1 39 7 0 0.0396 1.24e-06 9.86e-09 0.00181 0.396
11 21 5 3 1 40 7 0 0.0345 1.86e-06 6.71e-09 0.00182 0.399
11 22 5 3 1 40 7 0 0.0301 1.75e-06 6.81e-09 0.00184 0.401
11 23 5 3 1 40 7 0 0.0263 1.66e-06 6.91e-09 0.00185 0.403
11 24 5 3 1 40 7 0 0.023 1.56e-06 7.01e-09 0.00186 0.405
11 25 5 3 1 40 7 0 0.0202 1.47e-06 7.1e-09 0.00187 0.406
11 26 5 3 1 40 7 0 0.0177 1.39e-06 7.19e-09 0.00188 0.408
11 27 5 3 1 40 7 0 0.0155 1.31e-06 7.27e-09 0.00189 0.409
11 28 5 3 1 40 7 0 0.0136 1.23e-06 7.35e-09 0.0019 0.41
11 29 5 3 1 40 7 0 0.0119 1.16e-06 7.43e-09 0.0019 0.411
11 30 5 3 1 40 7 0 0.0105 1.09e-06 7.5e-09 0.00191 0.412
11 31 5 3 1 40 7 0 0.00921 1.03e-06 7.57e-09 0.00191 0.413
11 32 5 3 1 40 7 0 0.00809 9.73e-07 7.63e-09 0.00192 0.414
11 33 5 3 1 40 7 0 0.00711 9.25e-07 7.7e-09 0.00192 0.414
11 34 5 3 1 40 7 0 0.00625 8.79e-07 7.76e-09 0.00192 0.415
11 35 5 3 1 40 7 0 0.00549 8.35e-07 7.81e-09 0.00193 0.415
11 36 5 3 1 40 7 0 0.00483 7.94e-07 7.87e-09 0.00193 0.416
11 37 5 3 1 40 7 0 0.00425 7.57e-07 7.92e-09 0.00193 0.416
11 38 5 3 1 40 7 0 0.00374 7.21e-07 7.97e-09 0.00193 0.417
11 39 5 3 1 40 7 0 0.00329 6.86e-07 8.02e-09 0.00193 0.417
11 40 5 3 1 40 7 0 0.00289 6.53e-07 8.06e-09 0.00194 0.417
11 41 5 3 1 40 7 0 0.00254 6.21e-07 8.11e-09 0.00194 0.418
11 42 5 3 1 40 7 0 0.00224 5.91e-07 8.15e-09 0.00194 0.418
11 43 5 3 1 40 7 0 0.00197 5.62e-07 8.19e-09 0.00194 0.418
11 44 5 3 1 40 7 0 0.00173 5.34e-07 8.23e-09 0.00194 0.418
11 45 5 3 1 40 7 0 0.00152 5.09e-07 8.26e-09 0.00194 0.418
11 46 5 3 1 40 7 0 0.00134 4.85e-07 8.3e-09 0.00194 0.419
11 47 5 3 1 40 7 0 0.00118 4.62e-07 8.33e-09 0.00194 0.419
11 48 5 3 1 40 7 0 0.00104 4.41e-07 8.37e-09 0.00194 0.419
11 49 5 3 1 40 7 0 0.000911 4.2e-07 8.4e-09 0.00194 0.419
stationary flow nc = 5 i = 49 du = 0.000911293
# Quadtree, 49 steps, 631.46 CPU, 639.7 real, 6.33e+03 points.step/s, 33 var
11 0 5 3 1 40 7 0 0 4.2e-07 8.4e-09 0 0
11 1 5 3 1 5 7 0 1 0 0 0.000399 0
11 2 5 3 1 57 7 0 1.18 9.76e-06 8.52e-09 0.000431 0.233
11 3 6 3 1 39 8 0 1.01 2.74e-06 9.34e-09 0.000466 0.319
11 4 6 3 1 36 8 0 0.756 4.52e-06 7.06e-09 0.000495 0.353
11 5 6 3 1 34 8 0 0.507 4.49e-06 7.01e-09 0.000521 0.366
11 6 6 3 1 34 8 0 0.449 4.81e-06 6.57e-09 0.000544 0.372
11 7 6 3 1 33 8 0 0.248 3.12e-06 9.36e-09 0.000564 0.376
11 8 6 3 1 33 8 0 0.155 3.27e-06 9.07e-09 0.00058 0.38
11 9 6 3 1 33 8 0 0.104 3.17e-06 9.05e-09 0.000592 0.384
11 10 6 3 1 33 8 0 0.0751 2.99e-06 9.21e-09 0.000602 0.389
11 11 5 3 1 33 8 0 0.0568 9.42e-06 9.43e-09 0.000608 0.393
11 12 5 3 1 33 8 0 0.0441 7.66e-06 9.67e-09 0.000613 0.397
11 13 5 3 1 33 8 0 0.0343 6.35e-06 9.89e-09 0.000617 0.4
11 14 5 3 1 34 8 0 0.0264 5.87e-06 6.34e-09 0.000619 0.402
11 15 5 3 1 34 8 0 0.02 5.63e-06 6.46e-09 0.000621 0.404
11 16 5 3 1 34 8 0 0.0149 5.39e-06 6.57e-09 0.000622 0.405
11 17 5 3 1 34 8 0 0.011 5.38e-06 6.68e-09 0.000623 0.406
11 18 5 3 1 34 8 0 0.00803 5.32e-06 6.78e-09 0.000623 0.407
11 19 5 3 1 34 8 0 0.00581 5.22e-06 6.88e-09 0.000624 0.408
11 20 5 3 1 34 8 0 0.00419 5.08e-06 6.98e-09 0.000624 0.409
11 21 5 3 1 34 8 0 0.003 4.92e-06 7.07e-09 0.000624 0.409
11 22 5 3 1 34 8 0 0.00214 4.74e-06 7.16e-09 0.000624 0.409
11 23 5 3 1 34 8 0 0.00152 4.55e-06 7.25e-09 0.000624 0.41
11 24 5 3 1 34 8 0 0.00107 4.35e-06 7.33e-09 0.000624 0.41
11 25 5 3 1 34 8 0 0.000741 4.15e-06 7.41e-09 0.000624 0.41
stationary flow nc = 6 i = 25 du = 0.000741223
# Quadtree, 25 steps, 398.994 CPU, 406.5 real, 5.85e+03 points.step/s, 33 var
11 0 5 3 1 34 8 0 0 4.15e-06 7.41e-09 0 0
11 1 5 3 1 5 8 0 1 0 0 0.000299 0
11 2 5 3 1 34 8 0 1.34 8.55e-06 8.83e-09 0.000271 0.217
11 3 6 3 1 43 7 0 0.487 1.52e-06 7.59e-09 0.000244 0.333
11 4 6 3 1 43 7 0 0.384 1.6e-06 9.14e-09 0.000207 0.395
11 5 6 3 1 43 7 0 0.418 2.31e-06 9.4e-09 0.000172 0.426
11 6 6 3 1 43 7 0 0.567 2.33e-06 9.46e-09 0.000143 0.439
11 7 5 3 1 43 7 0 0.643 9.93e-06 9.53e-09 0.000122 0.442
11 8 5 3 1 43 7 0 0.552 8.62e-06 9.76e-09 0.000108 0.441
11 9 5 3 1 44 7 0 0.435 7.37e-06 7.09e-09 9.96e-05 0.438
11 10 5 3 1 44 7 0 0.31 6.25e-06 7.34e-09 9.49e-05 0.435
11 11 5 3 1 44 7 0 0.209 5.3e-06 7.6e-09 9.27e-05 0.432
11 12 5 3 1 44 7 0 0.132 4.21e-06 7.85e-09 9.2e-05 0.43
11 13 5 3 1 44 7 0 0.0811 3.61e-06 8.09e-09 9.2e-05 0.429
11 14 5 3 1 44 7 0 0.048 3.09e-06 8.3e-09 9.23e-05 0.429
11 15 5 3 1 44 7 0 0.0284 2.66e-06 8.49e-09 9.26e-05 0.429
11 16 5 3 1 44 7 0 0.0195 2.29e-06 8.66e-09 9.28e-05 0.429
11 17 5 3 1 44 7 0 0.0189 1.98e-06 8.81e-09 9.29e-05 0.429
11 18 5 3 1 44 7 0 0.0172 1.92e-06 8.95e-09 9.29e-05 0.43
11 19 5 3 1 44 7 0 0.0151 1.9e-06 9.08e-09 9.27e-05 0.43
11 20 5 3 1 44 7 0 0.013 1.86e-06 9.2e-09 9.26e-05 0.43
11 21 5 3 1 44 7 0 0.0112 1.81e-06 9.31e-09 9.24e-05 0.431
11 22 5 3 1 44 7 0 0.0109 1.76e-06 9.41e-09 9.21e-05 0.431
11 23 5 3 1 44 7 0 0.0103 1.71e-06 9.51e-09 9.2e-05 0.431
11 24 5 3 1 44 7 0 0.00945 1.69e-06 9.6e-09 9.18e-05 0.431
11 25 5 3 1 44 7 0 0.00847 1.66e-06 9.69e-09 9.16e-05 0.431
11 26 5 3 1 44 7 0 0.00747 1.62e-06 9.77e-09 9.15e-05 0.431
11 27 5 3 1 44 7 0 0.00652 1.59e-06 9.85e-09 9.14e-05 0.432
11 28 5 3 1 44 7 0 0.00566 1.54e-06 9.93e-09 9.13e-05 0.432
11 29 5 3 1 45 7 0 0.00492 1.5e-06 7.04e-09 9.12e-05 0.432
11 30 5 3 1 45 7 0 0.00428 1.45e-06 7.09e-09 9.11e-05 0.432
11 31 5 3 1 45 7 0 0.00375 1.4e-06 7.14e-09 9.11e-05 0.432
11 32 5 3 1 45 7 0 0.0033 1.35e-06 7.18e-09 9.1e-05 0.432
11 33 5 3 1 45 7 0 0.00292 1.3e-06 7.23e-09 9.1e-05 0.432
11 34 5 3 1 45 7 0 0.00261 1.25e-06 7.27e-09 9.09e-05 0.432
11 35 5 3 1 45 7 0 0.00233 1.2e-06 7.31e-09 9.09e-05 0.432
11 36 5 3 1 45 7 0 0.0021 1.16e-06 7.35e-09 9.08e-05 0.432
11 37 5 3 1 45 7 0 0.00189 1.11e-06 7.39e-09 9.08e-05 0.432
11 38 5 3 1 45 7 0 0.00171 1.06e-06 7.42e-09 9.08e-05 0.432
11 39 5 3 1 45 7 0 0.00155 1.02e-06 7.46e-09 9.07e-05 0.432
11 40 5 3 1 45 7 0 0.00141 9.78e-07 7.49e-09 9.07e-05 0.432
11 41 5 3 1 45 7 0 0.00129 9.37e-07 7.53e-09 9.07e-05 0.432
11 42 5 3 1 45 7 0 0.00117 8.97e-07 7.56e-09 9.07e-05 0.432
11 43 5 3 1 45 7 0 0.00107 8.59e-07 7.59e-09 9.06e-05 0.432
11 44 5 3 1 45 7 0 0.000976 8.22e-07 7.62e-09 9.06e-05 0.432
stationary flow nc = 7 i = 44 du = 0.000976048
# Quadtree, 44 steps, 734.378 CPU, 742.1 real, 5.71e+03 points.step/s, 33 var
11 0 5 3 1 45 7 0 0 8.22e-07 7.62e-09 0 0
11 1 5 3 1 5 7 0 1 0 0 0.000249 0
11 2 5 3 1 41 7 0 1.45 8.92e-06 9.7e-09 0.000208 0.206
11 3 6 3 1 40 7 0 0.539 1.54e-06 7.34e-09 0.000169 0.324
11 4 6 3 1 40 7 0 0.577 2.11e-06 9.55e-09 0.000125 0.386
11 5 6 3 1 40 7 0 0.839 2.96e-06 9.93e-09 8.72e-05 0.417
11 6 5 3 1 41 7 0 1.2 8.31e-06 7.14e-09 5.94e-05 0.428
11 7 5 3 1 41 7 0 1.37 6.24e-06 7.48e-09 4.16e-05 0.429
11 8 5 3 1 41 7 0 1.34 5.05e-06 7.89e-09 3.17e-05 0.427
11 9 5 3 1 41 7 0 1.09 4.17e-06 8.34e-09 2.71e-05 0.424
11 10 5 3 1 41 7 0 0.751 3.85e-06 8.81e-09 2.57e-05 0.421
11 11 5 3 1 41 7 0 0.457 3.74e-06 9.26e-09 2.57e-05 0.42
11 12 5 3 1 41 7 0 0.278 3.67e-06 9.69e-09 2.64e-05 0.42
11 13 5 3 1 42 7 0 0.185 3.61e-06 7.04e-09 2.7e-05 0.421
11 14 5 3 1 42 7 0 0.142 3.54e-06 7.29e-09 2.74e-05 0.423
11 15 5 3 1 42 7 0 0.123 3.45e-06 7.53e-09 2.75e-05 0.425
11 16 5 3 1 42 7 0 0.117 3.35e-06 7.75e-09 2.73e-05 0.427
11 17 5 3 1 42 7 0 0.116 3.24e-06 7.95e-09 2.7e-05 0.429
11 18 5 3 1 42 7 0 0.116 3.13e-06 8.15e-09 2.65e-05 0.43
11 19 5 3 1 42 7 0 0.115 3.01e-06 8.33e-09 2.61e-05 0.432
11 20 5 3 1 42 7 0 0.112 2.9e-06 8.5e-09 2.56e-05 0.433
11 21 5 3 1 42 7 0 0.107 2.79e-06 8.67e-09 2.52e-05 0.434
11 22 5 3 1 42 7 0 0.102 2.69e-06 8.82e-09 2.49e-05 0.436
11 23 5 3 1 42 7 0 0.0953 2.59e-06 8.97e-09 2.45e-05 0.437
11 24 5 3 1 42 7 0 0.0888 2.49e-06 9.12e-09 2.43e-05 0.437
11 25 5 3 1 42 7 0 0.083 2.4e-06 9.26e-09 2.4e-05 0.438
11 26 5 3 1 42 7 0 0.0774 2.32e-06 9.39e-09 2.38e-05 0.439
11 27 5 3 1 42 7 0 0.0723 2.23e-06 9.51e-09 2.36e-05 0.44
11 28 5 3 1 42 7 0 0.0677 2.15e-06 9.64e-09 2.34e-05 0.44
11 29 5 3 1 42 7 0 0.0635 2.08e-06 9.75e-09 2.32e-05 0.441
11 30 5 3 1 42 7 0 0.0597 2e-06 9.87e-09 2.31e-05 0.442
11 31 5 3 1 42 7 0 0.0563 1.93e-06 9.98e-09 2.29e-05 0.442
11 32 5 3 1 43 7 0 0.0532 1.86e-06 7.03e-09 2.28e-05 0.443
11 33 5 3 1 43 7 0 0.0503 1.8e-06 7.1e-09 2.26e-05 0.443
11 34 5 3 1 43 7 0 0.0476 1.73e-06 7.17e-09 2.25e-05 0.444
11 35 5 3 1 43 7 0 0.045 1.67e-06 7.24e-09 2.24e-05 0.444
11 36 5 3 1 43 7 0 0.0426 1.61e-06 7.3e-09 2.23e-05 0.444
11 37 5 3 1 43 7 0 0.0403 1.55e-06 7.36e-09 2.22e-05 0.445
11 38 5 3 1 43 7 0 0.0382 1.5e-06 7.42e-09 2.21e-05 0.445
11 39 5 3 1 43 7 0 0.0363 1.44e-06 7.48e-09 2.2e-05 0.446
11 40 5 3 1 43 7 0 0.0345 1.39e-06 7.53e-09 2.19e-05 0.446
11 41 5 3 1 43 7 0 0.0327 1.34e-06 7.59e-09 2.18e-05 0.446
11 42 5 3 1 43 7 0 0.0311 1.29e-06 7.64e-09 2.18e-05 0.446
11 43 5 3 1 43 7 0 0.0296 1.25e-06 7.69e-09 2.17e-05 0.447
11 44 5 3 1 43 7 0 0.0281 1.2e-06 7.74e-09 2.16e-05 0.447
11 45 5 3 1 43 7 0 0.0267 1.16e-06 7.79e-09 2.16e-05 0.447
11 46 5 3 1 43 7 0 0.0254 1.12e-06 7.83e-09 2.15e-05 0.447
11 47 5 3 1 43 7 0 0.0242 1.07e-06 7.88e-09 2.14e-05 0.447
11 48 5 3 1 43 7 0 0.023 1.04e-06 7.92e-09 2.14e-05 0.448
11 49 5 3 1 43 7 0 0.0219 9.97e-07 7.96e-09 2.13e-05 0.448
11 50 5 3 1 43 7 0 0.0209 9.61e-07 8e-09 2.13e-05 0.448
11 51 5 3 1 43 7 0 0.0199 9.25e-07 8.04e-09 2.12e-05 0.448
11 52 5 3 1 43 7 0 0.019 8.91e-07 8.08e-09 2.12e-05 0.448
11 53 5 3 1 43 7 0 0.0181 8.58e-07 8.11e-09 2.12e-05 0.448
11 54 5 3 1 43 7 0 0.0173 8.26e-07 8.15e-09 2.11e-05 0.448
11 55 5 3 1 43 7 0 0.0165 7.96e-07 8.18e-09 2.11e-05 0.448
11 56 5 3 1 43 7 0 0.0158 7.66e-07 8.22e-09 2.1e-05 0.448
11 57 5 3 1 43 7 0 0.0151 7.37e-07 8.25e-09 2.1e-05 0.449
11 58 5 3 1 43 7 0 0.0144 7.1e-07 8.28e-09 2.1e-05 0.449
11 59 5 3 1 43 7 0 0.0137 6.83e-07 8.31e-09 2.1e-05 0.449
11 60 5 3 1 43 7 0 0.0131 6.57e-07 8.34e-09 2.09e-05 0.449
11 61 5 3 1 43 7 0 0.0125 6.32e-07 8.37e-09 2.09e-05 0.449
11 62 5 3 1 43 7 0 0.012 6.08e-07 8.4e-09 2.09e-05 0.449
11 63 5 3 1 43 7 0 0.0115 5.85e-07 8.43e-09 2.08e-05 0.449
11 64 5 3 1 43 7 0 0.011 5.63e-07 8.45e-09 2.08e-05 0.449
11 65 5 3 1 43 7 0 0.0105 5.41e-07 8.48e-09 2.08e-05 0.449
11 66 5 3 1 43 7 0 0.0101 5.2e-07 8.5e-09 2.08e-05 0.449
11 67 5 3 1 43 7 0 0.00967 5e-07 8.52e-09 2.08e-05 0.449
11 68 5 3 1 43 7 0 0.00926 4.81e-07 8.55e-09 2.07e-05 0.449
11 69 5 3 1 43 7 0 0.00887 4.62e-07 8.57e-09 2.07e-05 0.449
11 70 5 3 1 43 7 0 0.0085 4.44e-07 8.59e-09 2.07e-05 0.449
11 71 5 3 1 43 7 0 0.00816 4.27e-07 8.61e-09 2.07e-05 0.449
11 72 5 3 1 43 7 0 0.00784 4.1e-07 8.63e-09 2.07e-05 0.449
11 73 5 3 1 43 7 0 0.00752 3.93e-07 8.65e-09 2.07e-05 0.449
11 74 5 3 1 43 7 0 0.00723 3.78e-07 8.67e-09 2.06e-05 0.449
11 75 5 3 1 43 7 0 0.00694 3.63e-07 8.69e-09 2.06e-05 0.45
11 76 5 3 1 43 7 0 0.00666 3.48e-07 8.71e-09 2.06e-05 0.45
11 77 5 3 1 43 7 0 0.0064 3.34e-07 8.72e-09 2.06e-05 0.45
11 78 5 3 1 43 7 0 0.00615 3.2e-07 8.74e-09 2.06e-05 0.45
11 79 5 3 1 43 7 0 0.00592 3.07e-07 8.76e-09 2.06e-05 0.45
11 80 5 3 1 43 7 0 0.0057 2.95e-07 8.77e-09 2.06e-05 0.45
11 81 5 3 1 43 7 0 0.00549 2.82e-07 8.79e-09 2.06e-05 0.45
11 82 5 3 1 43 7 0 0.00528 2.71e-07 8.8e-09 2.06e-05 0.45
11 83 5 3 1 43 7 0 0.00508 2.59e-07 8.82e-09 2.05e-05 0.45
11 84 5 3 1 43 7 0 0.00489 2.48e-07 8.83e-09 2.05e-05 0.45
11 85 5 3 1 43 7 0 0.00471 2.38e-07 8.84e-09 2.05e-05 0.45
11 86 5 3 1 43 7 0 0.00454 2.28e-07 8.86e-09 2.05e-05 0.45
11 87 5 3 1 43 7 0 0.00437 2.18e-07 8.87e-09 2.05e-05 0.45
11 88 5 3 1 43 7 0 0.0042 2.08e-07 8.88e-09 2.05e-05 0.45
11 89 5 3 1 43 7 0 0.00404 1.99e-07 8.89e-09 2.05e-05 0.45
11 90 5 3 1 43 7 0 0.00389 1.93e-07 8.9e-09 2.05e-05 0.45
11 91 5 3 1 43 7 0 0.00375 1.87e-07 8.91e-09 2.05e-05 0.45
11 92 5 3 1 43 7 0 0.00361 1.81e-07 8.92e-09 2.05e-05 0.45
11 93 5 3 1 43 7 0 0.00348 1.76e-07 8.93e-09 2.05e-05 0.45
11 94 5 3 1 43 7 0 0.00336 1.7e-07 8.94e-09 2.05e-05 0.45
11 95 5 3 1 43 7 0 0.00324 1.65e-07 8.95e-09 2.05e-05 0.45
11 96 5 3 1 43 7 0 0.00313 1.6e-07 8.96e-09 2.05e-05 0.45
11 97 5 3 1 43 7 0 0.00301 1.54e-07 8.97e-09 2.05e-05 0.45
11 98 5 3 1 43 7 0 0.00291 1.49e-07 8.98e-09 2.05e-05 0.45
11 99 5 3 1 43 7 0 0.0028 1.45e-07 8.98e-09 2.05e-05 0.45
11 100 5 3 1 43 7 0 0.0027 1.4e-07 8.99e-09 2.05e-05 0.45
11 101 5 3 1 43 7 0 0.0026 1.35e-07 9e-09 2.04e-05 0.45
11 102 5 3 1 43 7 0 0.00251 1.31e-07 9.01e-09 2.04e-05 0.45
11 103 5 3 1 43 7 0 0.00242 1.26e-07 9.01e-09 2.04e-05 0.45
11 104 5 3 1 43 7 0 0.00233 1.22e-07 9.02e-09 2.04e-05 0.45
11 105 5 3 1 43 7 0 0.00224 1.18e-07 9.02e-09 2.04e-05 0.45
11 106 5 3 1 43 7 0 0.00216 1.14e-07 9.03e-09 2.04e-05 0.45
11 107 5 3 1 43 7 0 0.00208 1.12e-07 9.04e-09 2.04e-05 0.45
11 108 5 3 1 43 7 0 0.00201 1.09e-07 9.04e-09 2.04e-05 0.45
11 109 5 3 1 43 7 0 0.00193 1.06e-07 9.05e-09 2.04e-05 0.45
11 110 5 3 1 43 7 0 0.00186 1.03e-07 9.05e-09 2.04e-05 0.45
11 111 5 3 1 43 7 0 0.00179 1.01e-07 9.06e-09 2.04e-05 0.45
11 112 5 3 1 43 7 0 0.00172 9.83e-08 9.06e-09 2.04e-05 0.45
11 113 5 3 1 43 7 0 0.00166 9.58e-08 9.07e-09 2.04e-05 0.45
11 114 5 3 1 43 7 0 0.0016 9.34e-08 9.07e-09 2.04e-05 0.45
11 115 5 3 1 43 7 0 0.00154 9.1e-08 9.07e-09 2.04e-05 0.45
11 116 5 3 1 43 7 0 0.00148 8.87e-08 9.08e-09 2.04e-05 0.45
11 117 5 3 1 43 7 0 0.00142 8.64e-08 9.08e-09 2.04e-05 0.45
11 118 5 3 1 43 7 0 0.00137 8.42e-08 9.08e-09 2.04e-05 0.45
11 119 5 3 1 43 7 0 0.00132 8.33e-08 9.09e-09 2.04e-05 0.45
11 120 5 3 1 43 7 0 0.00126 8.26e-08 9.09e-09 2.04e-05 0.45
11 121 5 3 1 43 7 0 0.00122 8.19e-08 9.09e-09 2.04e-05 0.45
11 122 5 3 1 43 7 0 0.00117 8.11e-08 9.1e-09 2.04e-05 0.45
11 123 5 3 1 43 7 0 0.00112 8.03e-08 9.1e-09 2.04e-05 0.45
11 124 5 3 1 43 7 0 0.00108 7.95e-08 9.1e-09 2.04e-05 0.45
11 125 5 3 1 43 7 0 0.00104 7.87e-08 9.1e-09 2.04e-05 0.45
11 126 5 3 1 43 7 0 0.000995 7.79e-08 9.11e-09 2.04e-05 0.45
stationary flow nc = 8 i = 126 du = 0.000994973
# Quadtree, 126 steps, 1972.28 CPU, 1982 real, 6.06e+03 points.step/s, 33 var
