8 0 0 4.03237e-06 0.125648 
8 100 0.000800426 8.06475e-06 0.125648 
8 200 0.0016069 8.06475e-06 0.125648 
8 300 0.00241338 8.06475e-06 0.125648 
8 400 0.00321985 8.06475e-06 0.125648 
8 500 0.00402632 8.06475e-06 0.125648 
8 600 0.0048328 8.06475e-06 0.125648 
8 700 0.00563927 8.06475e-06 0.125648 
8 800 0.00644575 8.06475e-06 0.125648 
8 900 0.00725222 8.06475e-06 0.125648 
8 1000 0.0080587 8.06475e-06 0.125648 
8 1100 0.00886517 8.06475e-06 0.125648 
8 1200 0.00967165 8.06475e-06 0.125648 
8 1300 0.0104758 8.06475e-06 0.125648 
8 1400 0.0112823 8.06475e-06 0.125648 
8 1500 0.0120888 8.06475e-06 0.125648 
8 1600 0.0128952 8.06475e-06 0.125648 
8 1700 0.0137017 8.06475e-06 0.125648 
8 1800 0.0145082 8.06475e-06 0.125648 
8 1900 0.0153147 8.06475e-06 0.125648 
8 2000 0.0161211 8.06475e-06 0.125648 
8 2100 0.0169276 8.06475e-06 0.125648 
8 2200 0.0177341 8.06475e-06 0.125648 
8 2300 0.0185406 8.06475e-06 0.125648 
8 2400 0.019347 8.06475e-06 0.125648 
8 2500 0.0201532 8.06475e-06 0.125648 
8 2600 0.0209597 8.06475e-06 0.125648 
8 2700 0.0217662 8.06475e-06 0.125648 
8 2800 0.0225727 8.06475e-06 0.125648 
8 2900 0.0233791 8.06475e-06 0.125648 
8 3000 0.0241856 8.06475e-06 0.125648 
8 3100 0.0249921 8.06475e-06 0.125648 
8 3200 0.0257986 8.06475e-06 0.125648 
8 3300 0.026605 8.06475e-06 0.125648 
8 3400 0.0274115 8.06475e-06 0.125648 
8 3500 0.028218 8.06475e-06 0.125648 
8 3600 0.0290245 8.06475e-06 0.125648 
8 3700 0.0298309 8.06475e-06 0.125648 
8 3800 0.0306371 8.06475e-06 0.125648 
8 3900 0.0314436 8.06475e-06 0.125648 
8 4000 0.0322501 8.06475e-06 0.125648 
8 4100 0.0330565 8.06475e-06 0.125648 
8 4200 0.033863 8.06475e-06 0.125648 
8 4300 0.0346695 8.06475e-06 0.125648 
8 4400 0.035476 8.06475e-06 0.125648 
8 4500 0.0362824 8.06475e-06 0.125648 
8 4600 0.0370889 8.06475e-06 0.125648 
8 4700 0.0378954 8.06475e-06 0.125648 
8 4800 0.0387019 8.06475e-06 0.125648 
8 4900 0.0395083 8.06475e-06 0.125648 
8 5000 0.0403145 8.06475e-06 0.125648 
8 5100 0.041121 8.06475e-06 0.125648 
8 5200 0.0419275 8.06475e-06 0.125648 
8 5300 0.0427339 8.06475e-06 0.125648 
8 5400 0.0435404 8.06475e-06 0.125648 
8 5500 0.0443469 8.06475e-06 0.125648 
8 5600 0.0451534 8.06475e-06 0.125648 
8 5700 0.0459598 8.06475e-06 0.125672 
8 5800 0.0467663 8.06475e-06 0.125715 
8 5900 0.0475728 8.06475e-06 0.125733 
8 6000 0.0483793 8.06475e-06 0.12575 
8 6100 0.0491857 8.06475e-06 0.125761 
8 6200 0.0499922 8.06475e-06 0.125783 
8 6300 0.0507984 8.06475e-06 0.125803 
8 6400 0.0516049 8.06475e-06 0.125834 
8 6500 0.0524114 8.06475e-06 0.125997 
8 6600 0.0532178 8.06475e-06 0.126182 
8 6700 0.0540243 8.06475e-06 0.126438 
8 6800 0.0548308 8.06475e-06 0.126754 
8 6900 0.0556373 8.06475e-06 0.126909 
8 7000 0.0564437 8.06475e-06 0.126892 
8 7100 0.0572502 8.06475e-06 0.12679 
8 7200 0.0580567 8.06475e-06 0.126658 
8 7300 0.0588632 8.06475e-06 0.126513 
8 7400 0.0596696 8.06475e-06 0.126346 
8 7500 0.0604758 8.06475e-06 0.126163 
8 7600 0.0612823 8.06475e-06 0.125977 
8 7700 0.0620888 8.06475e-06 0.125855 
8 7800 0.0628952 8.06475e-06 0.125852 
8 7900 0.0637017 8.06475e-06 0.125865 
8 8000 0.0645082 8.06475e-06 0.125877 
8 8100 0.0653147 8.06475e-06 0.125883 
8 8200 0.0661211 8.06475e-06 0.125888 
8 8300 0.0669276 8.06475e-06 0.125901 
8 8400 0.0677341 8.06475e-06 0.125935 
8 8500 0.0685406 8.06475e-06 0.125955 
8 8600 0.069347 8.06475e-06 0.125984 
8 8700 0.0701532 8.06475e-06 0.126112 
8 8800 0.0709597 8.06475e-06 0.126291 
8 8900 0.0717662 8.06475e-06 0.126514 
8 9000 0.0725727 8.06475e-06 0.12673 
8 9100 0.0733791 8.06475e-06 0.126943 
8 9200 0.0741856 8.06475e-06 0.127028 
8 9300 0.0749921 8.06475e-06 0.127071 
8 9400 0.0757986 8.06475e-06 0.127011 
8 9500 0.076605 8.06475e-06 0.126951 
8 9600 0.0774115 8.06475e-06 0.12686 
8 9700 0.078218 8.06475e-06 0.126809 
8 9800 0.0790245 8.06475e-06 0.126775 
8 9900 0.0798309 8.06475e-06 0.126752 
8 10000 0.0806371 8.06475e-06 0.126736 
8 10100 0.0814436 8.06475e-06 0.126698 
8 10200 0.0822501 8.06475e-06 0.126641 
8 10300 0.0830565 8.06475e-06 0.126574 
8 10400 0.083863 8.06475e-06 0.126522 
8 10500 0.0846695 8.06475e-06 0.12649 
8 10600 0.085476 8.06475e-06 0.126511 
8 10700 0.0862824 8.06475e-06 0.126587 
8 10800 0.0870889 8.06475e-06 0.12671 
8 10900 0.0878954 8.06475e-06 0.126835 
8 11000 0.0887019 8.06475e-06 0.126942 
8 11100 0.0895083 8.06475e-06 0.127051 
8 11200 0.0903145 8.06475e-06 0.127194 
8 11300 0.091121 8.06475e-06 0.127361 
8 11400 0.0919275 8.06475e-06 0.127517 
8 11500 0.0927339 8.06475e-06 0.127634 
8 11600 0.0935404 8.06475e-06 0.12769 
8 11700 0.0943469 8.06475e-06 0.1277 
8 11800 0.0951534 8.06475e-06 0.12766 
8 11900 0.0959598 8.06475e-06 0.127593 
8 12000 0.0967663 8.06475e-06 0.127533 
8 12100 0.0975728 8.06475e-06 0.127455 
8 12200 0.0983793 8.06475e-06 0.127377 
8 12300 0.0991857 8.06475e-06 0.127302 
8 12400 0.0999922 8.06475e-06 0.127265 
8 12500 0.100798 8.06475e-06 0.127264 
8 12600 0.101605 8.06475e-06 0.127265 
8 12700 0.102411 8.06475e-06 0.127258 
8 12800 0.103218 8.06475e-06 0.127205 
8 12900 0.104024 8.06475e-06 0.127077 
8 13000 0.104831 8.06475e-06 0.126912 
8 13100 0.105637 8.06475e-06 0.12673 
8 13200 0.106444 8.06475e-06 0.126515 
8 13300 0.10725 8.06475e-06 0.126281 
8 13400 0.108057 8.06475e-06 0.12612 
8 13500 0.108863 8.06475e-06 0.126051 
8 13600 0.10967 8.06475e-06 0.126071 
8 13700 0.110476 8.06475e-06 0.126157 
8 13800 0.111282 8.06475e-06 0.126208 
8 13900 0.112089 8.06475e-06 0.126253 
8 14000 0.112895 8.06475e-06 0.126296 
8 14100 0.113702 8.06475e-06 0.126343 
8 14200 0.114508 8.06475e-06 0.126388 
8 14300 0.115315 8.06475e-06 0.126416 
8 14400 0.116121 8.06475e-06 0.126437 
8 14500 0.116928 8.06475e-06 0.126455 
8 14600 0.117734 8.06475e-06 0.126476 
8 14700 0.118541 8.06475e-06 0.126509 
8 14800 0.119347 8.06475e-06 0.126556 
8 14900 0.120153 8.06475e-06 0.126589 
8 15000 0.12096 8.06475e-06 0.126612 
8 15100 0.121766 8.06475e-06 0.12664 
8 15200 0.122573 8.06475e-06 0.12667 
8 15300 0.123379 8.06475e-06 0.126751 
8 15400 0.124186 8.06475e-06 0.127013 
8 15500 0.124992 8.06475e-06 0.127345 
8 15600 0.125799 8.06475e-06 0.127582 
8 15700 0.126605 8.06475e-06 0.127813 
8 15800 0.127412 8.06475e-06 0.128042 
8 15900 0.128218 8.06475e-06 0.128209 
8 16000 0.129024 8.06475e-06 0.12821 
8 16100 0.129831 8.06475e-06 0.1283 
8 16200 0.130637 8.06475e-06 0.12831 
8 16300 0.131444 8.06475e-06 0.12831 
8 16400 0.13225 8.06475e-06 0.12831 
8 16500 0.133057 8.06475e-06 0.12831 
8 16600 0.133863 8.06475e-06 0.12831 
8 16700 0.134669 8.06475e-06 0.12831 
8 16800 0.135476 8.06475e-06 0.12831 
8 16900 0.136282 8.06475e-06 0.12831 
8 17000 0.137089 8.06475e-06 0.12831 
8 17100 0.137895 8.06475e-06 0.12831 
8 17200 0.138702 8.06475e-06 0.12831 
8 17300 0.139508 8.06475e-06 0.12831 
8 17400 0.140315 8.06475e-06 0.12831 
8 17500 0.141121 8.06475e-06 0.12831 
8 17600 0.141927 8.06475e-06 0.12831 
8 17700 0.142734 8.06475e-06 0.12831 
8 17800 0.14354 8.06475e-06 0.12831 
8 17900 0.144347 8.06475e-06 0.12831 
8 18000 0.145153 8.06475e-06 0.12831 
8 18100 0.14596 8.06475e-06 0.12831 
8 18200 0.146766 8.06475e-06 0.12831 
8 18300 0.147573 8.06475e-06 0.12831 
8 18400 0.148379 8.06475e-06 0.12831 
8 18500 0.149186 8.06475e-06 0.12831 
8 18600 0.149992 8.06475e-06 0.12831 
8 18700 0.150798 8.06475e-06 0.12831 
8 18800 0.151605 8.06475e-06 0.12831 
8 18900 0.152411 8.06475e-06 0.12831 
8 19000 0.153218 8.06475e-06 0.12831 
8 19100 0.154024 8.06475e-06 0.12831 
8 19200 0.154831 8.06475e-06 0.12831 
8 19300 0.155637 8.06475e-06 0.12831 
8 19400 0.156444 8.06475e-06 0.12831 
8 19500 0.15725 8.06475e-06 0.12831 
8 19600 0.158057 8.06475e-06 0.12831 
8 19700 0.158863 8.06475e-06 0.12831 
8 19800 0.15967 8.06475e-06 0.12831 
8 19900 0.160476 8.06475e-06 0.12831 
8 20000 0.161282 8.06475e-06 0.12831 
8 20100 0.162089 8.06475e-06 0.12831 
8 20200 0.162895 8.06475e-06 0.12831 
8 20300 0.163702 8.06475e-06 0.12831 
8 20400 0.164508 8.06475e-06 0.12831 
8 20500 0.165315 8.06475e-06 0.12831 
8 20600 0.166121 8.06475e-06 0.12831 
8 20700 0.166928 8.06475e-06 0.12831 
8 20800 0.167734 8.06475e-06 0.12831 
8 20900 0.168541 8.06475e-06 0.12831 
8 21000 0.169347 8.06475e-06 0.12831 
8 21100 0.170153 8.06475e-06 0.12831 
8 21200 0.17096 8.06475e-06 0.12831 
8 21300 0.171766 8.06475e-06 0.12831 
8 21400 0.172573 8.06475e-06 0.12831 
8 21500 0.173379 8.06475e-06 0.128301 
8 21600 0.174186 8.06475e-06 0.128229 
8 21700 0.174992 8.06475e-06 0.12822 
8 21800 0.175799 8.06475e-06 0.128222 
8 21900 0.176605 8.06475e-06 0.128258 
8 22000 0.177412 8.06475e-06 0.128244 
8 22100 0.178218 8.06475e-06 0.128183 
8 22200 0.179024 8.06475e-06 0.128148 
8 22300 0.179831 8.06475e-06 0.128083 
8 22400 0.180637 8.06475e-06 0.127985 
8 22500 0.181444 8.06475e-06 0.127987 
8 22600 0.18225 8.06475e-06 0.128089 
8 22700 0.183057 8.06475e-06 0.128226 
8 22800 0.183863 8.06475e-06 0.128391 
8 22900 0.184669 8.06475e-06 0.12846 
8 23000 0.185476 8.06475e-06 0.12833 
8 23100 0.186282 8.06475e-06 0.128253 
8 23200 0.187089 8.06475e-06 0.128198 
8 23300 0.187895 8.06475e-06 0.12803 
8 23400 0.188702 8.06475e-06 0.127916 
8 23500 0.189508 8.06475e-06 0.127832 
8 23600 0.190315 8.06475e-06 0.127863 
8 23700 0.191121 8.06475e-06 0.127993 
8 23800 0.191927 8.06475e-06 0.128024 
8 23900 0.192734 8.06475e-06 0.128125 
8 24000 0.19354 8.06475e-06 0.128354 
8 24100 0.194347 8.06475e-06 0.128508 
8 24200 0.195153 8.06475e-06 0.128563 
8 24300 0.19596 8.06475e-06 0.128614 
8 24400 0.196766 8.06475e-06 0.128664 
8 24500 0.197573 8.06475e-06 0.128664 
8 24600 0.198379 8.06475e-06 0.128664 
8 24700 0.199186 8.06475e-06 0.128664 
8 24800 0.199992 8.06475e-06 0.128664 
8 24900 0.200798 8.06475e-06 0.128664 
8 25000 0.201605 8.06475e-06 0.128664 
8 25100 0.202411 8.06475e-06 0.128664 
8 25200 0.203218 8.06475e-06 0.128664 
8 25300 0.204024 8.06475e-06 0.128664 
8 25400 0.204831 8.06475e-06 0.128618 
8 25500 0.205637 8.06475e-06 0.128566 
8 25600 0.206444 8.06475e-06 0.128569 
8 25700 0.20725 8.06475e-06 0.128526 
8 25800 0.208053 8.06475e-06 0.128567 
8 25900 0.208859 8.06475e-06 0.128625 
8 26000 0.209648 7.96104e-06 0.128616 
8 26100 0.210413 8.06459e-06 0.128611 
8 26200 0.211219 8.06475e-06 0.128599 
8 26300 0.212026 8.06475e-06 0.12857 
8 26400 0.212832 8.06475e-06 0.128611 
8 26500 0.213638 8.06475e-06 0.128737 
8 26600 0.214445 8.06475e-06 0.128873 
8 26700 0.215251 8.06475e-06 0.129003 
8 26800 0.216058 8.06475e-06 0.129098 
8 26900 0.216864 8.06475e-06 0.129107 
8 27000 0.217671 8.06475e-06 0.129107 
8 27100 0.218477 8.06475e-06 0.129107 
8 27200 0.219284 8.06475e-06 0.129107 
8 27300 0.220089 8.06475e-06 0.129107 
8 27400 0.220895 8.06475e-06 0.129107 
8 27500 0.221702 8.06475e-06 0.129107 
8 27600 0.222508 8.06475e-06 0.129107 
8 27700 0.223315 8.06475e-06 0.129107 
8 27800 0.224121 8.06475e-06 0.129107 
8 27900 0.224928 8.06475e-06 0.129107 
8 28000 0.225734 8.06475e-06 0.129107 
8 28100 0.226541 8.06475e-06 0.129107 
8 28200 0.227347 8.06475e-06 0.129107 
8 28300 0.228153 8.06475e-06 0.129107 
8 28400 0.22896 8.06475e-06 0.129107 
8 28500 0.229766 8.06475e-06 0.129107 
8 28600 0.230573 8.06475e-06 0.129102 
8 28700 0.231379 8.06475e-06 0.129089 
8 28800 0.232186 8.06475e-06 0.129049 
8 28900 0.232992 8.06475e-06 0.128995 
8 29000 0.233798 8.06475e-06 0.128994 
8 29100 0.234605 8.06475e-06 0.129166 
8 29200 0.235411 8.06475e-06 0.129164 
8 29300 0.236218 8.06475e-06 0.129158 
8 29400 0.237024 8.06475e-06 0.129171 
8 29500 0.237831 8.06475e-06 0.129183 
8 29600 0.238637 8.06475e-06 0.129183 
8 29700 0.239444 8.06475e-06 0.129183 
8 29800 0.24025 8.06475e-06 0.129167 
8 29900 0.241056 8.06475e-06 0.129052 
8 30000 0.241863 8.06475e-06 0.128881 
8 30100 0.242669 8.06475e-06 0.128769 
8 30200 0.243476 8.06475e-06 0.128678 
8 30300 0.244282 8.06475e-06 0.128707 
8 30400 0.245089 8.06475e-06 0.128723 
8 30500 0.245895 8.06475e-06 0.128735 
8 30600 0.246702 8.06475e-06 0.128754 
8 30700 0.247508 8.06475e-06 0.128756 
8 30800 0.248315 8.06475e-06 0.128784 
8 30900 0.249121 8.06475e-06 0.128978 
8 31000 0.249928 8.06475e-06 0.129191 
8 31100 0.250734 8.06475e-06 0.129411 
8 31200 0.25154 8.06475e-06 0.129515 
8 31300 0.252347 8.06475e-06 0.129547 
8 31400 0.253153 8.06475e-06 0.129489 
8 31500 0.25396 8.06475e-06 0.129444 
8 31600 0.254766 8.06475e-06 0.129437 
8 31700 0.255573 8.06475e-06 0.129407 
8 31800 0.256379 8.06475e-06 0.12933 
8 31900 0.257186 8.06475e-06 0.129215 
8 32000 0.257992 8.06475e-06 0.129099 
8 32100 0.258799 8.06475e-06 0.128989 
8 32200 0.259605 8.06475e-06 0.128904 
8 32300 0.260411 8.06475e-06 0.128819 
8 32400 0.261218 8.06475e-06 0.128748 
8 32500 0.262024 8.06475e-06 0.128724 
8 32600 0.262831 8.06475e-06 0.128721 
8 32700 0.263637 8.06475e-06 0.128719 
8 32800 0.264444 8.06475e-06 0.128774 
8 32900 0.26525 8.06475e-06 0.128928 
8 33000 0.266057 8.06475e-06 0.129109 
8 33100 0.266863 8.06475e-06 0.129207 
8 33200 0.26767 8.06475e-06 0.129319 
8 33300 0.268476 8.06475e-06 0.12939 
8 33400 0.269283 8.06475e-06 0.129505 
8 33500 0.270089 8.06475e-06 0.129563 
8 33600 0.270895 8.06475e-06 0.129637 
8 33700 0.271702 8.06475e-06 0.129747 
8 33800 0.272508 8.06475e-06 0.129795 
8 33900 0.273315 8.06475e-06 0.129801 
8 34000 0.274121 8.06475e-06 0.12979 
8 34100 0.274928 8.06475e-06 0.129783 
8 34200 0.275734 8.06475e-06 0.129814 
8 34300 0.276541 8.06475e-06 0.129854 
8 34400 0.277347 8.06475e-06 0.129803 
8 34500 0.278153 8.06475e-06 0.12984 
8 34600 0.27896 8.06475e-06 0.129844 
8 34700 0.279766 8.06475e-06 0.129843 
8 34800 0.280573 8.06475e-06 0.129854 
8 34900 0.281379 8.06475e-06 0.129933 
8 35000 0.282186 8.06475e-06 0.130012 
8 35100 0.282992 8.06475e-06 0.130012 
8 35200 0.283798 8.06475e-06 0.130012 
8 35300 0.284605 8.06475e-06 0.130012 
8 35400 0.285411 8.06475e-06 0.130012 
8 35500 0.286218 8.06475e-06 0.130012 
8 35600 0.287024 8.06475e-06 0.130012 
8 35700 0.287831 8.06475e-06 0.130012 
8 35800 0.288637 8.06475e-06 0.130012 
8 35900 0.289444 8.06475e-06 0.130012 
8 36000 0.29025 8.06475e-06 0.130012 
8 36100 0.291056 8.06475e-06 0.130012 
8 36200 0.291863 8.06475e-06 0.130012 
8 36300 0.292669 8.06475e-06 0.130012 
8 36400 0.293476 8.06475e-06 0.130012 
8 36500 0.294282 8.06475e-06 0.130012 
8 36600 0.295089 8.06475e-06 0.130012 
8 36700 0.295895 8.06475e-06 0.130012 
8 36800 0.296702 8.06475e-06 0.130012 
8 36900 0.297508 8.06475e-06 0.130012 
8 37000 0.298315 8.06475e-06 0.130012 
8 37100 0.299121 8.06475e-06 0.130012 
8 37200 0.299928 8.06475e-06 0.130012 
8 37300 0.300734 8.06475e-06 0.130012 
8 37400 0.30154 8.06475e-06 0.130012 
8 37500 0.302347 8.06475e-06 0.130012 
8 37600 0.303153 8.06475e-06 0.130012 
8 37700 0.30396 8.06475e-06 0.130012 
8 37800 0.304766 8.06475e-06 0.130012 
8 37900 0.305573 8.06475e-06 0.130012 
8 38000 0.306379 8.06475e-06 0.130012 
8 38100 0.307186 8.06475e-06 0.130012 
8 38200 0.307992 8.06475e-06 0.130012 
8 38300 0.308799 8.06475e-06 0.130012 
8 38400 0.309605 8.06475e-06 0.130012 
8 38500 0.310411 8.06475e-06 0.130012 
8 38600 0.311218 8.06475e-06 0.130012 
8 38700 0.312024 8.06475e-06 0.130012 
8 38800 0.312831 8.06475e-06 0.130012 
8 38900 0.313637 8.06475e-06 0.130012 
8 39000 0.314444 8.06475e-06 0.130012 
8 39100 0.31525 8.06475e-06 0.130012 
8 39200 0.316057 8.06475e-06 0.130012 
8 39300 0.316863 8.06475e-06 0.130012 
8 39400 0.31767 8.06475e-06 0.130012 
8 39500 0.318476 8.06475e-06 0.130012 
8 39600 0.319283 8.06475e-06 0.130012 
8 39700 0.320089 8.06475e-06 0.130012 
8 39800 0.320895 8.06475e-06 0.130012 
8 39900 0.321702 8.06475e-06 0.130012 
8 40000 0.322508 8.06475e-06 0.130012 
8 40100 0.323315 8.06475e-06 0.130012 
8 40200 0.324121 8.06475e-06 0.130012 
8 40300 0.324928 8.06475e-06 0.130012 
8 40400 0.325734 8.06475e-06 0.130012 
8 40500 0.326541 8.06475e-06 0.130012 
8 40600 0.327347 8.06475e-06 0.130012 
8 40700 0.328153 8.06475e-06 0.130012 
8 40800 0.32896 8.06475e-06 0.130012 
8 40900 0.329766 8.06475e-06 0.130008 
8 41000 0.330573 8.06475e-06 0.130045 
8 41100 0.331379 8.06475e-06 0.130093 
8 41200 0.332186 8.06475e-06 0.130236 
8 41300 0.332992 8.06475e-06 0.130416 
8 41400 0.333798 8.06475e-06 0.130609 
8 41500 0.334605 8.06475e-06 0.130758 
8 41600 0.335411 8.06475e-06 0.130918 
8 41700 0.336218 8.06475e-06 0.131119 
8 41800 0.337024 8.06475e-06 0.131261 
8 41900 0.337831 8.06475e-06 0.131288 
8 42000 0.338637 8.06475e-06 0.131396 
8 42100 0.339444 8.06475e-06 0.131429 
8 42200 0.34025 8.06475e-06 0.131373 
8 42300 0.341056 8.06475e-06 0.131347 
8 42400 0.341863 8.06475e-06 0.131347 
8 42500 0.342669 8.06475e-06 0.131347 
8 42600 0.343476 8.06475e-06 0.131347 
8 42700 0.344282 8.06475e-06 0.131347 
8 42800 0.345089 8.06475e-06 0.13131 
8 42900 0.345895 8.06475e-06 0.131263 
8 43000 0.346702 8.06475e-06 0.131147 
8 43100 0.347508 8.06475e-06 0.130943 
8 43200 0.348315 8.06475e-06 0.130934 
8 43300 0.349121 8.06475e-06 0.130964 
8 43400 0.349928 8.06475e-06 0.130866 
8 43500 0.350734 8.06475e-06 0.13082 
8 43600 0.35154 8.06475e-06 0.130793 
8 43700 0.352347 8.06475e-06 0.130794 
8 43800 0.353153 8.06475e-06 0.130748 
8 43900 0.35396 8.06475e-06 0.130708 
8 44000 0.354766 8.06475e-06 0.130594 
8 44100 0.355573 8.06475e-06 0.130501 
8 44200 0.356379 8.06475e-06 0.130564 
8 44300 0.357186 8.06475e-06 0.130605 
8 44400 0.357992 8.06475e-06 0.130652 
8 44500 0.358799 8.06475e-06 0.13075 
8 44600 0.359605 8.06475e-06 0.13075 
8 44700 0.360411 8.06475e-06 0.13075 
8 44800 0.361218 8.06475e-06 0.13075 
8 44900 0.362024 8.06475e-06 0.13075 
8 45000 0.362831 8.06475e-06 0.1307 
8 45100 0.363637 8.06475e-06 0.130599 
8 45200 0.364444 8.06475e-06 0.130461 
8 45300 0.36525 8.06475e-06 0.13026 
8 45400 0.366057 8.06475e-06 0.130046 
8 45500 0.366863 8.06475e-06 0.129843 
8 45600 0.36767 8.06475e-06 0.129805 
8 45700 0.368476 8.06475e-06 0.129938 
8 45800 0.369283 8.06475e-06 0.130052 
8 45900 0.370089 8.06475e-06 0.130119 
8 46000 0.370895 8.06475e-06 0.130295 
8 46100 0.371702 8.06475e-06 0.130449 
8 46200 0.372508 8.06475e-06 0.130576 
8 46300 0.373315 8.06475e-06 0.130662 
8 46400 0.374121 8.06475e-06 0.130697 
8 46500 0.374928 8.06475e-06 0.13075 
8 46600 0.375734 8.06475e-06 0.130841 
8 46700 0.376541 8.06475e-06 0.130805 
8 46800 0.377347 8.06475e-06 0.130779 
8 46900 0.378153 8.06475e-06 0.130805 
8 47000 0.37896 8.06475e-06 0.130805 
8 47100 0.379766 8.06475e-06 0.130805 
8 47200 0.380573 8.06475e-06 0.130805 
8 47300 0.381379 8.06475e-06 0.130805 
8 47400 0.382186 8.06475e-06 0.130805 
8 47500 0.382992 8.06475e-06 0.130805 
8 47600 0.383798 8.06475e-06 0.130805 
8 47700 0.384605 8.06475e-06 0.130805 
8 47800 0.385411 8.06475e-06 0.130805 
8 47900 0.386218 8.06475e-06 0.130805 
8 48000 0.387024 8.06475e-06 0.130805 
8 48100 0.387831 8.06475e-06 0.130805 
8 48200 0.388637 8.06475e-06 0.130805 
8 48300 0.389444 8.06475e-06 0.130805 
8 48400 0.39025 8.06475e-06 0.130805 
8 48500 0.391056 8.06475e-06 0.130805 
8 48600 0.391863 8.06475e-06 0.130805 
8 48700 0.392669 8.06475e-06 0.130805 
8 48800 0.393476 8.06475e-06 0.130805 
8 48900 0.394282 8.06475e-06 0.130805 
8 49000 0.395089 8.06475e-06 0.130805 
8 49100 0.395895 8.06475e-06 0.130805 
8 49200 0.396702 8.06475e-06 0.130805 
8 49300 0.397508 8.06475e-06 0.130805 
8 49400 0.398315 8.06475e-06 0.130805 
8 49500 0.399121 8.06475e-06 0.130805 
8 49600 0.399928 8.06475e-06 0.130805 
8 49700 0.400734 8.06475e-06 0.130805 
8 49800 0.40154 8.06475e-06 0.130805 
8 49900 0.402347 8.06475e-06 0.130805 
8 50000 0.403153 8.06475e-06 0.130805 
8 50100 0.40396 8.06475e-06 0.130805 
8 50200 0.404766 8.06475e-06 0.130805 
8 50300 0.405573 8.06475e-06 0.130805 
8 50400 0.406379 8.06475e-06 0.130805 
8 50500 0.407186 8.06475e-06 0.130805 
8 50600 0.407992 8.06475e-06 0.130788 
8 50700 0.408799 8.06475e-06 0.130753 
8 50800 0.409605 8.06475e-06 0.130649 
8 50900 0.410411 8.06475e-06 0.130701 
8 51000 0.411218 8.06475e-06 0.130736 
8 51100 0.412024 8.06475e-06 0.130784 
8 51200 0.412831 8.06475e-06 0.130853 
8 51300 0.413637 8.06475e-06 0.13084 
8 51400 0.414444 8.06475e-06 0.130762 
8 51500 0.41525 8.06475e-06 0.130755 
8 51600 0.416057 8.06475e-06 0.130784 
8 51700 0.416863 8.06475e-06 0.130829 
8 51800 0.41767 8.06475e-06 0.130976 
8 51900 0.418476 8.06475e-06 0.131108 
8 52000 0.419283 8.06475e-06 0.131116 
8 52100 0.420089 8.06475e-06 0.13109 
8 52200 0.420895 8.06475e-06 0.13107 
8 52300 0.421702 8.06475e-06 0.131067 
8 52400 0.422508 8.06475e-06 0.131163 
8 52500 0.423315 8.06475e-06 0.13106 
8 52600 0.424121 8.06475e-06 0.131079 
8 52700 0.424928 8.06475e-06 0.131154 
8 52800 0.425734 8.06475e-06 0.131294 
8 52900 0.426541 8.06475e-06 0.131236 
8 53000 0.427347 8.06475e-06 0.131221 
8 53100 0.428153 8.06475e-06 0.131221 
8 53200 0.42896 8.06475e-06 0.131221 
8 53300 0.429766 8.06475e-06 0.131221 
8 53400 0.430573 8.06475e-06 0.131221 
8 53500 0.431379 8.06475e-06 0.131179 
8 53600 0.432186 8.06475e-06 0.131148 
8 53700 0.432992 8.06475e-06 0.131078 
8 53800 0.433798 8.06475e-06 0.13103 
8 53900 0.434605 8.06475e-06 0.13103 
8 54000 0.435411 8.06475e-06 0.13103 
8 54100 0.436218 8.06475e-06 0.13103 
8 54200 0.437024 8.06475e-06 0.13103 
8 54300 0.437831 8.06475e-06 0.13103 
8 54400 0.438637 8.06475e-06 0.131057 
8 54500 0.439444 8.06475e-06 0.131117 
8 54600 0.44025 8.06475e-06 0.131117 
8 54700 0.441056 8.06475e-06 0.131117 
8 54800 0.441863 8.06475e-06 0.131117 
8 54900 0.442669 8.06475e-06 0.131117 
8 55000 0.443476 8.06475e-06 0.131117 
8 55100 0.444282 8.06475e-06 0.131117 
8 55200 0.445089 8.06475e-06 0.131117 
8 55300 0.445895 8.06475e-06 0.131117 
8 55400 0.446702 8.06475e-06 0.131117 
8 55500 0.447508 8.06475e-06 0.131117 
8 55600 0.448315 8.06475e-06 0.131117 
8 55700 0.449121 8.06475e-06 0.131117 
8 55800 0.449928 8.06475e-06 0.131117 
8 55900 0.450734 8.06475e-06 0.131117 
8 56000 0.45154 8.06475e-06 0.131117 
8 56100 0.452347 8.06475e-06 0.131117 
8 56200 0.453153 8.06475e-06 0.131117 
8 56300 0.45396 8.06475e-06 0.131117 
8 56400 0.454766 8.06475e-06 0.131117 
8 56500 0.455573 8.06475e-06 0.131117 
8 56600 0.456379 8.06475e-06 0.131117 
8 56700 0.457186 8.06475e-06 0.131117 
8 56800 0.457992 8.06475e-06 0.131117 
8 56900 0.458799 8.06475e-06 0.131117 
8 57000 0.459605 8.06475e-06 0.131117 
8 57100 0.460411 8.06475e-06 0.131117 
8 57200 0.461218 8.06475e-06 0.131117 
8 57300 0.462024 8.06475e-06 0.131117 
8 57400 0.462831 8.06475e-06 0.131117 
8 57500 0.463637 8.06475e-06 0.131117 
8 57600 0.464444 8.06475e-06 0.131117 
8 57700 0.46525 8.06475e-06 0.131117 
8 57800 0.466057 8.06475e-06 0.131117 
8 57900 0.466863 8.06475e-06 0.131117 
8 58000 0.46767 8.06475e-06 0.131117 
8 58100 0.468476 8.06475e-06 0.131117 
8 58200 0.469283 8.06475e-06 0.131117 
8 58300 0.470089 8.06475e-06 0.131117 
8 58400 0.470895 8.06475e-06 0.131117 
8 58500 0.471702 8.06475e-06 0.131117 
8 58600 0.472508 8.06475e-06 0.131117 
8 58700 0.473315 8.06475e-06 0.131117 
8 58800 0.474121 8.06475e-06 0.131117 
8 58900 0.474928 8.06475e-06 0.131117 
8 59000 0.475734 8.06475e-06 0.131117 
8 59100 0.476541 8.06475e-06 0.131117 
8 59200 0.477347 8.06475e-06 0.131117 
8 59300 0.478153 8.06475e-06 0.131059 
8 59400 0.47896 8.06475e-06 0.13097 
8 59500 0.479766 8.06475e-06 0.130961 
8 59600 0.480573 8.06475e-06 0.130961 
8 59700 0.481379 8.06475e-06 0.130961 
8 59800 0.482186 8.06475e-06 0.130961 
8 59900 0.482992 8.06475e-06 0.130961 
8 60000 0.483798 8.06475e-06 0.130961 
8 60100 0.484587 8.06471e-06 0.130902 
8 60200 0.485321 7.99788e-06 0.130816 
8 60300 0.486123 8.05645e-06 0.130674 
8 60400 0.486919 8.06475e-06 0.13057 
8 60500 0.487726 8.06475e-06 0.130517 
8 60600 0.488524 8.06475e-06 0.130478 
8 60700 0.489328 8.06475e-06 0.130391 
8 60800 0.490118 8.06434e-06 0.130302 
8 60900 0.490923 8.06475e-06 0.130215 
8 61000 0.491728 8.06475e-06 0.130009 
8 61100 0.492519 8.06473e-06 0.129825 
8 61200 0.493326 8.06475e-06 0.129669 
8 61300 0.494058 6.7591e-06 0.12947 
8 61400 0.494856 8.06475e-06 0.129285 
8 61500 0.495663 8.06475e-06 0.129043 
8 61600 0.496469 8.06475e-06 0.128876 
8 61700 0.497276 8.06475e-06 0.128841 
8 61800 0.498082 8.06475e-06 0.128978 
8 61900 0.498889 8.06475e-06 0.129326 
8 62000 0.499695 8.06475e-06 0.129617 
8 62100 0.5005 8.06475e-06 0.129793 
8 62200 0.501306 8.06475e-06 0.129732 
8 62300 0.502113 8.06475e-06 0.129605 
8 62400 0.502919 8.06475e-06 0.129447 
8 62500 0.503698 8.0647e-06 0.129376 
8 62600 0.504473 8.06475e-06 0.129246 
8 62700 0.505262 6.45105e-06 0.12908 
8 62800 0.506026 7.87592e-06 0.128883 
8 62900 0.506804 8.06475e-06 0.128672 
8 63000 0.507585 8.00859e-06 0.12855 
8 63100 0.508327 7.95024e-06 0.128591 
8 63200 0.509108 6.03112e-06 0.128724 
8 63300 0.509872 8.06442e-06 0.12876 
8 63400 0.510677 8.06475e-06 0.128857 
8 63500 0.511484 8.06475e-06 0.128956 
8 63600 0.51229 8.06475e-06 0.129044 
8 63700 0.513091 8.06475e-06 0.129161 
8 63800 0.513898 8.06475e-06 0.129361 
8 63900 0.514704 8.06475e-06 0.129574 
8 64000 0.515511 8.06475e-06 0.12964 
8 64100 0.516317 8.06475e-06 0.129678 
8 64200 0.517123 8.06475e-06 0.129636 
8 64300 0.51793 8.06475e-06 0.129753 
8 64400 0.518736 8.06475e-06 0.129815 
8 64500 0.519543 8.06475e-06 0.129815 
8 64600 0.520347 8.06475e-06 0.129815 
8 64700 0.521153 8.06475e-06 0.129815 
8 64800 0.52196 8.06475e-06 0.129815 
8 64900 0.522766 8.06475e-06 0.129815 
8 65000 0.523573 8.06475e-06 0.129815 
8 65100 0.524379 8.06475e-06 0.129815 
8 65200 0.525186 8.06475e-06 0.129815 
8 65300 0.525992 8.06475e-06 0.129815 
8 65400 0.526799 8.06475e-06 0.129815 
8 65500 0.527605 8.06475e-06 0.129815 
8 65600 0.528412 8.06475e-06 0.129815 
8 65700 0.529218 8.06475e-06 0.129815 
8 65800 0.530024 8.06475e-06 0.129815 
8 65900 0.530831 8.06475e-06 0.129815 
8 66000 0.531637 8.06475e-06 0.129815 
8 66100 0.532444 8.06475e-06 0.129815 
8 66200 0.53325 8.06475e-06 0.129815 
8 66300 0.534057 8.06475e-06 0.129815 
8 66400 0.534863 8.06475e-06 0.129815 
8 66500 0.53567 8.06475e-06 0.129815 
8 66600 0.536476 8.06475e-06 0.129815 
8 66700 0.537282 8.06475e-06 0.129815 
8 66800 0.538089 8.06475e-06 0.129815 
8 66900 0.538895 8.06475e-06 0.129815 
8 67000 0.539702 8.06475e-06 0.129815 
8 67100 0.540508 8.06475e-06 0.129815 
8 67200 0.541315 8.06475e-06 0.129815 
8 67300 0.542121 8.06475e-06 0.129815 
8 67400 0.542928 8.06475e-06 0.129815 
8 67500 0.543734 8.06475e-06 0.129815 
8 67600 0.54454 8.06475e-06 0.129815 
8 67700 0.545347 8.06475e-06 0.129815 
8 67800 0.546153 8.06475e-06 0.129815 
8 67900 0.54696 8.06475e-06 0.129815 
8 68000 0.547766 8.06475e-06 0.129815 
8 68100 0.548573 8.06475e-06 0.129815 
8 68200 0.549379 8.06475e-06 0.129815 
8 68300 0.550185 8.06475e-06 0.129815 
8 68400 0.550992 8.06475e-06 0.129815 
8 68500 0.551798 8.06475e-06 0.129838 
8 68600 0.552605 8.06475e-06 0.129861 
8 68700 0.553411 8.06475e-06 0.129853 
8 68800 0.554218 8.06475e-06 0.129759 
8 68900 0.555024 8.06475e-06 0.129733 
8 69000 0.555831 8.06475e-06 0.129731 
8 69100 0.556637 8.06475e-06 0.129754 
8 69200 0.557444 8.06475e-06 0.129764 
8 69300 0.55825 8.06475e-06 0.129769 
8 69400 0.559057 8.06475e-06 0.129763 
8 69500 0.559863 8.06475e-06 0.129752 
8 69600 0.560669 8.06475e-06 0.129679 
8 69700 0.561476 8.06475e-06 0.129583 
8 69800 0.562282 8.06475e-06 0.129452 
8 69900 0.563089 8.06475e-06 0.129359 
8 70000 0.563895 8.06475e-06 0.129273 
8 70100 0.564702 8.06475e-06 0.12916 
8 70200 0.565508 8.06475e-06 0.129031 
8 70300 0.566267 5.87835e-06 0.128904 
8 70400 0.566929 6.75254e-06 0.128803 
8 70500 0.567608 7.6461e-06 0.128609 
8 70600 0.56834 8.05795e-06 0.128415 
8 70700 0.569111 6.13642e-06 0.128293 
8 70800 0.569881 8.03844e-06 0.12816 
8 70900 0.570606 5.6386e-06 0.128169 
8 71000 0.571367 7.98966e-06 0.12811 
8 71100 0.572065 5.7724e-06 0.128098 
8 71200 0.572773 8.03077e-06 0.12805 
8 71300 0.573517 8.06222e-06 0.127961 
8 71400 0.574281 8.06475e-06 0.127918 
8 71500 0.575087 8.06475e-06 0.127862 
8 71600 0.575894 8.06475e-06 0.127793 
8 71700 0.5767 8.06475e-06 0.127721 
8 71800 0.577507 8.06475e-06 0.127669 
8 71900 0.578313 8.06475e-06 0.127721 
8 72000 0.57912 8.06475e-06 0.127804 
8 72100 0.579926 8.06475e-06 0.127808 
8 72200 0.580726 8.06475e-06 0.127696 
8 72300 0.581532 8.06475e-06 0.127567 
8 72400 0.582339 8.06475e-06 0.127528 
8 72500 0.583145 8.06475e-06 0.12758 
8 72600 0.583952 8.06475e-06 0.127695 
8 72700 0.584758 8.06475e-06 0.127695 
8 72800 0.585565 8.06475e-06 0.127695 
8 72900 0.586371 8.06475e-06 0.127695 
8 73000 0.587178 8.06475e-06 0.127695 
8 73100 0.587984 8.06475e-06 0.127695 
8 73200 0.588791 8.06475e-06 0.127695 
8 73300 0.589597 8.06475e-06 0.127695 
8 73400 0.590403 8.06475e-06 0.127695 
8 73500 0.59121 8.06475e-06 0.127695 
8 73600 0.592016 8.06475e-06 0.127695 
8 73700 0.592823 8.06475e-06 0.127695 
8 73800 0.593629 8.06475e-06 0.127695 
8 73900 0.594436 8.06475e-06 0.127695 
8 74000 0.595242 8.06475e-06 0.127695 
8 74100 0.596049 8.06475e-06 0.127695 
8 74200 0.596855 8.06475e-06 0.127695 
8 74300 0.597662 8.06475e-06 0.127695 
8 74400 0.598468 8.06475e-06 0.127695 
8 74500 0.599274 8.06475e-06 0.127695 
8 74600 0.600081 8.06475e-06 0.127695 
8 74700 0.600887 8.06475e-06 0.127695 
8 74800 0.601694 8.06475e-06 0.127695 
8 74900 0.6025 8.06475e-06 0.127695 
8 75000 0.603307 8.06475e-06 0.127695 
8 75100 0.604113 8.06475e-06 0.127695 
8 75200 0.604919 8.06475e-06 0.127695 
8 75300 0.605726 8.06475e-06 0.127695 
8 75400 0.606532 8.06475e-06 0.127695 
8 75500 0.607339 8.06475e-06 0.127695 
8 75600 0.608145 8.06475e-06 0.127695 
8 75700 0.608952 8.06475e-06 0.127695 
8 75800 0.609758 8.06475e-06 0.127695 
8 75900 0.610565 8.06475e-06 0.127695 
8 76000 0.611371 8.06475e-06 0.127695 
8 76100 0.612177 8.06475e-06 0.127695 
8 76200 0.612984 8.06475e-06 0.127695 
8 76300 0.61379 8.06475e-06 0.127695 
8 76400 0.614597 8.06475e-06 0.127695 
8 76500 0.615403 8.06475e-06 0.127695 
8 76600 0.61621 8.06475e-06 0.127695 
8 76700 0.617016 8.06475e-06 0.127695 
8 76800 0.617823 8.06475e-06 0.127695 
8 76900 0.618629 8.06475e-06 0.127695 
8 77000 0.619436 8.06475e-06 0.127695 
8 77100 0.620242 8.06475e-06 0.127695 
8 77200 0.621048 8.06475e-06 0.127695 
8 77300 0.621855 8.06475e-06 0.127695 
8 77400 0.622661 8.06475e-06 0.127695 
8 77500 0.623468 8.06475e-06 0.127695 
8 77600 0.624274 8.06475e-06 0.127695 
8 77700 0.625081 8.06475e-06 0.127695 
8 77800 0.625887 8.06475e-06 0.127695 
8 77900 0.626694 8.06475e-06 0.127654 
8 78000 0.6275 8.06475e-06 0.127558 
8 78100 0.628307 8.06475e-06 0.127449 
8 78200 0.629113 8.06475e-06 0.127339 
8 78300 0.62992 8.06475e-06 0.127278 
8 78400 0.630726 8.06475e-06 0.12727 
8 78500 0.631532 8.06475e-06 0.127262 
8 78600 0.632339 8.06475e-06 0.127185 
8 78700 0.633145 8.06475e-06 0.127 
8 78800 0.633952 8.06475e-06 0.12684 
8 78900 0.634758 8.06475e-06 0.126742 
8 79000 0.635565 8.06475e-06 0.126687 
8 79100 0.636371 8.06475e-06 0.126662 
8 79200 0.637178 8.06475e-06 0.126631 
8 79300 0.637984 8.06475e-06 0.12662 
8 79400 0.638791 8.06475e-06 0.126716 
8 79500 0.639597 8.06475e-06 0.126817 
8 79600 0.640403 8.06475e-06 0.12695 
8 79700 0.64121 8.06475e-06 0.127088 
8 79800 0.641942 7.97447e-06 0.127144 
8 79900 0.642742 8.06475e-06 0.127117 
8 80000 0.643549 8.06475e-06 0.127065 
8 80100 0.644355 8.06475e-06 0.127148 
8 80200 0.645162 8.06475e-06 0.127214 
8 80300 0.645968 8.06475e-06 0.127319 
8 80400 0.646775 8.06475e-06 0.127437 
8 80500 0.647581 8.06475e-06 0.12741 
8 80600 0.648387 8.06475e-06 0.127462 
8 80700 0.649194 8.06475e-06 0.127527 
8 80800 0.65 8.06475e-06 0.127611 
8 80900 0.650806 8.06475e-06 0.127777 
8 81000 0.651613 8.06475e-06 0.127936 
8 81100 0.652419 8.06475e-06 0.128156 
8 81200 0.653226 8.06475e-06 0.128347 
8 81300 0.654032 8.06475e-06 0.12846 
8 81400 0.654839 8.06475e-06 0.128522 
8 81500 0.655645 8.06475e-06 0.128657 
8 81600 0.656452 8.06475e-06 0.128658 
8 81700 0.657258 8.06475e-06 0.128674 
8 81800 0.658065 8.06475e-06 0.12868 
8 81900 0.658871 8.06475e-06 0.128704 
8 82000 0.659626 4.73593e-06 0.128704 
8 82100 0.660371 8.06475e-06 0.128704 
8 82200 0.661102 8.06475e-06 0.128704 
