eta_s=0.0001 maxlevel=1111 0 0 0 0 0 0 0 0 0 0 0 0
11 1 5 4 1 5 4 0 1 0 0 0.00095 0
11 2 5 3 1 91 13 0 0.719 5.29e-06 9.71e-09 0.0018 0.136
11 3 6 3 1 69 13 0 0.492 2e-06 8.2e-09 0.00261 0.213
11 4 6 3 1 66 13 0 0.362 1.91e-06 8.85e-09 0.00339 0.253
11 5 6 3 1 66 13 0 0.282 2.86e-06 8.66e-09 0.00416 0.276
11 6 6 3 1 67 13 0 0.23 2.17e-06 8.08e-09 0.00493 0.294
11 7 6 3 1 67 13 0 0.199 2.54e-06 8.63e-09 0.00568 0.312
11 8 6 3 1 67 13 0 0.174 2.26e-06 9.27e-09 0.00641 0.329
11 9 6 3 1 67 13 0 0.155 2.14e-06 9.73e-09 0.00714 0.346
11 10 6 3 1 68 13 0 0.14 2.05e-06 8.15e-09 0.00786 0.362
11 11 6 3 1 68 13 0 0.128 1.97e-06 8.55e-09 0.00856 0.378
11 12 6 3 1 68 13 0 0.118 1.9e-06 8.93e-09 0.00926 0.394
11 13 5 3 1 68 13 0 0.11 9.95e-06 9.3e-09 0.00994 0.409
11 14 5 3 1 68 13 0 0.102 9.5e-06 9.66e-09 0.0106 0.423
11 15 5 3 1 69 13 0 0.0957 9.08e-06 7.98e-09 0.0113 0.437
11 16 5 3 1 69 13 0 0.0899 8.69e-06 8.26e-09 0.0119 0.451
11 17 5 3 1 69 13 0 0.0847 8.34e-06 8.53e-09 0.0126 0.464
11 18 5 3 1 69 13 0 0.08 8.02e-06 8.8e-09 0.0132 0.476
11 19 5 3 1 69 13 0 0.0758 7.73e-06 9.07e-09 0.0139 0.489
11 20 5 3 1 69 13 0 0.0719 7.45e-06 9.33e-09 0.0145 0.501
11 21 5 3 1 69 13 0 0.0684 7.2e-06 9.59e-09 0.0151 0.513
11 22 5 3 1 69 13 0 0.0652 6.96e-06 9.85e-09 0.0157 0.524
11 23 5 3 1 70 13 0 0.0622 6.74e-06 8.05e-09 0.0163 0.536
11 24 5 3 1 70 13 0 0.0594 6.53e-06 8.24e-09 0.0169 0.547
11 25 5 3 1 70 13 0 0.0569 6.33e-06 8.44e-09 0.0175 0.558
11 26 5 3 1 70 13 0 0.0545 6.14e-06 8.64e-09 0.018 0.568
11 27 5 3 1 70 13 0 0.0523 5.97e-06 8.83e-09 0.0186 0.579
11 28 5 3 1 70 13 0 0.0503 5.8e-06 9.02e-09 0.0192 0.589
11 29 5 3 1 70 13 0 0.0483 5.64e-06 9.21e-09 0.0197 0.599
11 30 5 3 1 70 13 0 0.0465 5.49e-06 9.39e-09 0.0203 0.609
11 31 5 3 1 70 13 0 0.0448 5.34e-06 9.58e-09 0.0208 0.618
11 32 5 3 1 70 13 0 0.0432 5.21e-06 9.76e-09 0.0214 0.628
11 33 5 3 1 70 13 0 0.0417 5.08e-06 9.94e-09 0.0219 0.637
11 34 5 3 1 71 13 0 0.0403 4.95e-06 8.06e-09 0.0224 0.646
11 35 5 3 1 71 13 0 0.0389 4.83e-06 8.2e-09 0.0229 0.655
11 36 5 3 1 71 13 0 0.0377 4.72e-06 8.34e-09 0.0234 0.664
11 37 5 3 1 71 13 0 0.0365 4.61e-06 8.48e-09 0.0239 0.673
11 38 5 3 1 71 13 0 0.0353 4.5e-06 8.62e-09 0.0244 0.681
11 39 5 3 1 71 13 0 0.0342 4.4e-06 8.75e-09 0.0249 0.69
11 40 5 3 1 71 13 0 0.0332 4.3e-06 8.89e-09 0.0254 0.698
11 41 5 3 1 71 13 0 0.0322 4.21e-06 9.02e-09 0.0259 0.706
11 42 5 3 1 71 13 0 0.0313 4.12e-06 9.15e-09 0.0263 0.714
11 43 5 3 1 71 13 0 0.0304 4.03e-06 9.28e-09 0.0268 0.722
11 44 5 3 1 71 13 0 0.0295 3.95e-06 9.41e-09 0.0273 0.73
11 45 5 3 1 71 13 0 0.0287 3.86e-06 9.54e-09 0.0277 0.738
11 46 5 3 1 71 13 0 0.0279 3.79e-06 9.66e-09 0.0282 0.745
11 47 5 3 1 71 13 0 0.0272 3.71e-06 9.79e-09 0.0286 0.753
11 48 5 3 1 71 13 0 0.0264 3.64e-06 9.91e-09 0.0291 0.76
11 49 5 3 1 72 13 0 0.0257 3.57e-06 8e-09 0.0295 0.767
11 50 5 3 1 72 13 0 0.0251 3.5e-06 8.09e-09 0.0299 0.775
11 51 5 3 1 72 13 0 0.0574 3.43e-06 8.19e-09 0.0303 0.782
11 52 5 3 1 72 13 0 0.0235 5.45e-06 8.32e-09 0.0308 0.79
11 53 5 3 1 72 13 0 0.0232 5.97e-06 8.39e-09 0.0312 0.798
11 54 5 3 1 72 13 0 0.0227 3.25e-06 8.49e-09 0.0316 0.804
11 55 5 3 1 72 13 0 0.0222 3.05e-06 8.55e-09 0.032 0.81
11 56 5 3 1 72 13 0 0.0216 2.91e-06 8.64e-09 0.0324 0.816
11 57 5 3 1 72 13 0 0.0211 2.81e-06 8.74e-09 0.0328 0.822
11 58 5 3 1 72 13 0 0.0206 2.84e-06 8.83e-09 0.0332 0.828
11 59 5 3 1 72 13 0 0.0201 2.87e-06 8.92e-09 0.0335 0.835
11 60 5 3 1 72 13 0 0.0197 2.87e-06 9.01e-09 0.0339 0.841
11 61 5 3 1 72 13 0 0.041 2.86e-06 9.1e-09 0.0343 0.847
11 62 5 3 1 72 13 0 0.0185 5.9e-06 9.23e-09 0.0347 0.854
11 63 5 3 1 72 13 0 0.0183 5.8e-06 9.29e-09 0.035 0.862
11 64 5 3 1 72 13 0 0.018 2.92e-06 9.38e-09 0.0354 0.867
11 65 5 3 1 72 13 0 0.0176 2.77e-06 9.42e-09 0.0357 0.872
11 66 5 3 1 72 13 0 0.0172 2.62e-06 9.5e-09 0.0361 0.877
11 67 5 3 1 72 13 0 0.0169 2.51e-06 9.59e-09 0.0365 0.883
11 68 5 3 1 72 13 0 0.0165 2.44e-06 9.68e-09 0.0368 0.888
11 69 5 3 1 72 13 0 0.0162 2.44e-06 9.76e-09 0.0371 0.894
11 70 5 3 1 72 13 0 0.0158 2.46e-06 9.84e-09 0.0375 0.899
11 71 5 3 1 72 13 0 0.033 2.45e-06 9.92e-09 0.0378 0.905
11 72 5 3 1 73 13 0 0.0149 6.29e-06 8e-09 0.0381 0.911
11 73 5 3 1 73 13 0 0.0148 2.97e-06 8.09e-09 0.0385 0.915
11 74 5 3 1 73 13 0 0.0145 2.57e-06 8.11e-09 0.0388 0.92
11 75 5 3 1 73 13 0 0.0142 2.5e-06 8.17e-09 0.0391 0.925
11 76 5 3 1 73 13 0 0.0139 2.52e-06 8.23e-09 0.0394 0.93
11 77 5 3 1 73 13 0 0.0137 2.51e-06 8.29e-09 0.0397 0.935
11 78 5 3 1 73 13 0 0.0134 2.48e-06 8.35e-09 0.04 0.94
11 79 5 3 1 73 13 0 0.0132 2.42e-06 8.41e-09 0.0403 0.945
11 80 5 3 1 73 13 0 0.0129 2.36e-06 8.47e-09 0.0406 0.95
11 81 5 3 1 73 13 0 0.0271 2.29e-06 8.52e-09 0.0409 0.955
11 82 5 3 1 72 13 0 0.0142 3.63e-06 9.83e-09 0.0412 0.97
11 83 5 3 1 72 13 0 0.0155 7.17e-06 1e-08 0.0415 0.971
11 84 5 3 1 72 13 0 0.0125 2.11e-06 9.86e-09 0.0418 0.973
11 85 5 3 1 72 13 0 0.0116 2.03e-06 9.91e-09 0.042 0.975
11 86 5 3 1 72 13 0 0.0114 1.91e-06 9.98e-09 0.0423 0.979
11 87 5 3 1 73 13 0 0.0112 1.85e-06 8e-09 0.0426 0.983
11 88 5 3 1 73 13 0 0.011 1.94e-06 8.05e-09 0.0429 0.987
11 89 5 3 1 73 13 0 0.0108 1.98e-06 8.1e-09 0.0431 0.991
11 90 5 3 1 73 13 0 0.0106 1.99e-06 8.15e-09 0.0434 0.995
11 91 5 3 1 73 13 0 0.0207 1.97e-06 8.2e-09 0.0436 1
11 92 5 2 1 73 13 0 0.0128 5.87e-06 8.27e-09 0.0439 1.01
11 93 6 2 1 73 13 0 0.0141 1.69e-06 8.42e-09 0.0441 1.01
11 94 5 2 1 73 13 0 0.0111 6.43e-06 8.31e-09 0.0444 1.02
11 95 5 2 1 73 13 0 0.00966 6.06e-06 8.34e-09 0.0446 1.02
11 96 5 2 1 73 13 0 0.00947 5.9e-06 8.39e-09 0.0449 1.02
11 97 5 2 1 73 13 0 0.00931 5.82e-06 8.45e-09 0.0451 1.02
11 98 5 2 1 73 13 0 0.00917 5.78e-06 8.49e-09 0.0454 1.03
11 99 5 2 1 73 13 0 0.00903 5.75e-06 8.54e-09 0.0456 1.03
11 100 5 2 1 73 13 0 0.0089 5.71e-06 8.58e-09 0.0459 1.04
11 101 5 2 1 73 13 0 0.0176 5.66e-06 8.62e-09 0.0461 1.04
11 102 5 2 1 73 13 0 0.0159 6.85e-06 8.69e-09 0.0463 1.05
11 103 5 2 1 73 13 0 0.0166 7.88e-06 8.83e-09 0.0465 1.05
11 104 5 2 1 73 13 0 0.00997 6.02e-06 8.71e-09 0.0467 1.05
11 105 5 2 1 73 13 0 0.00833 5.61e-06 8.74e-09 0.047 1.06
11 106 5 2 1 73 13 0 0.00816 5.39e-06 8.78e-09 0.0472 1.06
11 107 5 2 1 73 13 0 0.00802 5.28e-06 8.83e-09 0.0474 1.06
11 108 5 2 1 73 13 0 0.00789 5.22e-06 8.87e-09 0.0476 1.07
11 109 5 2 1 73 13 0 0.00776 5.18e-06 8.91e-09 0.0478 1.07
11 110 5 2 1 73 13 0 0.00764 5.14e-06 8.95e-09 0.0481 1.07
11 111 5 2 1 73 13 0 0.0257 5.09e-06 8.99e-09 0.0482 1.08
11 112 5 2 1 73 13 0 0.00826 5.58e-06 9.06e-09 0.0485 1.08
11 113 6 2 1 73 13 0 0.0126 1.39e-06 9.12e-09 0.0487 1.08
11 114 5 2 1 73 13 0 0.00924 4.88e-06 9.12e-09 0.0489 1.09
11 115 5 2 1 73 13 0 0.00734 4.71e-06 9.14e-09 0.0491 1.09
11 116 5 2 1 73 13 0 0.00677 4.63e-06 9.18e-09 0.0492 1.09
11 117 5 2 1 73 13 0 0.00667 4.58e-06 9.21e-09 0.0494 1.09
11 118 5 2 1 73 13 0 0.00659 4.55e-06 9.25e-09 0.0496 1.1
11 119 5 2 1 73 13 0 0.00651 4.51e-06 9.29e-09 0.0498 1.1
11 120 5 2 1 73 13 0 0.00642 4.48e-06 9.32e-09 0.05 1.1
11 121 5 2 1 73 13 0 0.0122 4.45e-06 9.35e-09 0.0502 1.1
11 122 5 2 1 73 13 0 0.014 7.34e-06 9.42e-09 0.0503 1.12
11 123 5 2 1 73 13 0 0.0148 7.47e-06 9.55e-09 0.0505 1.12
11 124 5 2 1 73 13 0 0.0083 4.9e-06 9.42e-09 0.0507 1.12
11 125 5 2 1 73 13 0 0.00609 4.48e-06 9.43e-09 0.0509 1.12
11 126 5 2 1 73 13 0 0.00597 4.25e-06 9.47e-09 0.0511 1.12
11 127 5 2 1 73 13 0 0.00586 4.16e-06 9.51e-09 0.0512 1.12
11 128 5 2 1 73 13 0 0.00577 4.11e-06 9.55e-09 0.0514 1.13
11 129 5 2 1 73 13 0 0.00569 4.08e-06 9.58e-09 0.0516 1.13
11 130 5 2 1 73 13 0 0.00561 4.05e-06 9.61e-09 0.0517 1.13
11 131 5 2 1 73 13 0 0.0192 4.02e-06 9.64e-09 0.0519 1.13
11 132 5 2 1 73 13 0 0.00817 4.1e-06 9.71e-09 0.052 1.15
11 133 6 2 1 73 13 0 0.012 1.26e-06 9.82e-09 0.0522 1.14
11 134 5 2 1 73 13 0 0.00789 3.87e-06 9.75e-09 0.0523 1.15
11 135 5 2 1 73 13 0 0.00593 3.64e-06 9.77e-09 0.0525 1.15
11 136 5 2 1 73 13 0 0.00497 3.57e-06 9.8e-09 0.0527 1.15
11 137 5 2 1 73 13 0 0.00489 3.55e-06 9.83e-09 0.0528 1.15
11 138 5 2 1 73 13 0 0.00483 3.54e-06 9.87e-09 0.053 1.15
11 139 5 2 1 73 13 0 0.00478 3.53e-06 9.9e-09 0.0531 1.15
11 140 5 2 1 73 13 0 0.00472 3.52e-06 9.92e-09 0.0533 1.16
11 141 5 2 1 73 13 0 0.0131 3.5e-06 9.95e-09 0.0534 1.16
11 142 5 2 1 74 13 0 0.0126 6.67e-06 7.96e-09 0.0535 1.17
11 143 6 2 1 74 13 0 0.00989 1.49e-06 8.08e-09 0.0537 1.17
11 144 5 2 1 73 13 0 0.00706 3.64e-06 9.99e-09 0.0538 1.17
11 145 5 2 1 74 13 0 0.0054 3.25e-06 7.96e-09 0.0539 1.17
11 146 5 2 1 74 13 0 0.00451 3.11e-06 7.99e-09 0.0541 1.17
11 147 5 2 1 74 13 0 0.00421 3.07e-06 8.02e-09 0.0542 1.17
11 148 5 2 1 74 13 0 0.00406 3.06e-06 8.04e-09 0.0544 1.17
11 149 5 2 1 74 13 0 0.00404 3.07e-06 8.06e-09 0.0545 1.17
11 150 5 2 1 74 13 0 0.00403 3.06e-06 8.08e-09 0.0546 1.18
11 151 5 2 1 74 13 0 0.00802 3.05e-06 8.1e-09 0.0547 1.18
11 152 5 2 1 74 13 0 0.0124 8.81e-06 8.15e-09 0.0548 1.19
11 153 5 2 1 74 13 0 0.0131 6.96e-06 8.25e-09 0.055 1.19
11 154 5 2 1 74 13 0 0.00674 3.61e-06 8.12e-09 0.0551 1.19
11 155 5 2 1 74 13 0 0.00452 3.18e-06 8.13e-09 0.0552 1.19
11 156 5 2 1 74 13 0 0.00386 2.96e-06 8.15e-09 0.0553 1.19
11 157 5 2 1 74 13 0 0.0038 2.87e-06 8.18e-09 0.0555 1.19
11 158 5 2 1 74 13 0 0.00374 2.84e-06 8.2e-09 0.0556 1.19
11 159 5 2 1 74 13 0 0.0037 2.83e-06 8.22e-09 0.0557 1.2
11 160 5 2 1 74 13 0 0.00365 2.82e-06 8.24e-09 0.0558 1.2
11 161 5 2 1 74 13 0 0.0131 2.8e-06 8.26e-09 0.0559 1.2
11 162 5 2 1 74 13 0 0.00658 3.24e-06 8.3e-09 0.056 1.21
11 163 6 2 1 74 13 0 0.0106 1.17e-06 8.39e-09 0.0561 1.21
11 164 5 2 1 74 13 0 0.00653 2.74e-06 8.33e-09 0.0563 1.21
11 165 5 2 1 74 13 0 0.00461 2.47e-06 8.33e-09 0.0564 1.21
11 166 5 2 1 74 13 0 0.00367 2.42e-06 8.35e-09 0.0565 1.21
11 167 5 2 1 74 13 0 0.00317 2.41e-06 8.37e-09 0.0566 1.21
11 168 5 2 1 74 13 0 0.00312 2.42e-06 8.39e-09 0.0567 1.21
11 169 5 2 1 74 13 0 0.00309 2.43e-06 8.41e-09 0.0568 1.21
11 170 5 2 1 74 13 0 0.00307 2.43e-06 8.43e-09 0.0569 1.22
11 171 5 2 1 74 13 0 0.00854 2.42e-06 8.44e-09 0.057 1.22
11 172 5 2 1 74 13 0 0.0112 7.45e-06 8.48e-09 0.0571 1.23
11 173 6 2 1 74 13 0 0.00873 1.42e-06 8.6e-09 0.0572 1.23
11 174 5 2 1 74 13 0 0.00591 2.64e-06 8.45e-09 0.0573 1.23
11 175 5 2 1 74 13 0 0.00428 2.23e-06 8.46e-09 0.0574 1.22
11 176 5 2 1 74 13 0 0.00342 2.09e-06 8.48e-09 0.0575 1.22
11 177 5 2 1 74 13 0 0.00293 2.05e-06 8.5e-09 0.0576 1.23
11 178 5 2 1 74 13 0 0.00281 2.06e-06 8.52e-09 0.0577 1.23
11 179 5 2 1 74 13 0 0.00271 2.08e-06 8.54e-09 0.0578 1.23
11 180 5 2 1 74 13 0 0.00265 2.09e-06 8.55e-09 0.0578 1.23
11 181 5 2 1 74 13 0 0.00534 2.1e-06 8.57e-09 0.0579 1.23
11 182 5 2 1 74 13 0 0.0113 9.79e-06 8.61e-09 0.058 1.25
11 183 5 2 1 74 13 0 0.0121 6.62e-06 8.71e-09 0.0581 1.24
11 184 5 2 1 74 13 0 0.00577 2.72e-06 8.57e-09 0.0582 1.24
11 185 5 2 1 74 13 0 0.00358 2.28e-06 8.57e-09 0.0583 1.24
11 186 5 2 1 74 13 0 0.00271 2.06e-06 8.59e-09 0.0584 1.24
11 187 5 2 1 74 13 0 0.00254 1.98e-06 8.61e-09 0.0584 1.24
11 188 5 2 1 74 13 0 0.0025 1.96e-06 8.63e-09 0.0585 1.24
11 189 5 2 1 74 13 0 0.00247 1.96e-06 8.65e-09 0.0586 1.24
11 190 5 2 1 74 13 0 0.00245 1.96e-06 8.66e-09 0.0587 1.25
11 191 5 2 1 74 13 0 0.00933 1.96e-06 8.67e-09 0.0587 1.25
11 192 5 2 1 74 13 0 0.00559 3.1e-06 8.71e-09 0.0588 1.26
11 193 5 2 1 74 13 0 0.012 2.78e-06 8.78e-09 0.0589 1.26
11 194 5 2 1 74 13 0 0.00582 2.35e-06 8.71e-09 0.059 1.26
11 195 5 2 1 74 13 0 0.00348 2.06e-06 8.71e-09 0.0591 1.26
11 196 5 2 1 74 13 0 0.00254 1.89e-06 8.72e-09 0.0591 1.26
11 197 5 2 1 74 13 0 0.00224 1.81e-06 8.74e-09 0.0592 1.26
11 198 5 2 1 74 13 0 0.00221 1.77e-06 8.75e-09 0.0593 1.26
11 199 5 2 1 74 13 0 0.00218 1.76e-06 8.77e-09 0.0594 1.26
11 200 5 2 1 74 13 0 0.00216 1.76e-06 8.78e-09 0.0595 1.26
11 201 5 2 1 74 13 0 0.00794 1.75e-06 8.79e-09 0.0595 1.26
11 202 5 2 1 74 13 0 0.00799 3.37e-06 8.82e-09 0.0596 1.27
11 203 5 2 1 74 13 0 0.0111 1.99e-06 8.85e-09 0.0597 1.27
11 204 5 2 1 74 13 0 0.00521 2.09e-06 8.82e-09 0.0597 1.27
11 205 5 2 1 74 13 0 0.0031 1.79e-06 8.81e-09 0.0598 1.27
11 206 5 2 1 74 13 0 0.00234 1.66e-06 8.82e-09 0.0599 1.27
11 207 5 2 1 74 13 0 0.00213 1.58e-06 8.84e-09 0.0599 1.27
11 208 5 2 1 74 13 0 0.00199 1.55e-06 8.85e-09 0.06 1.27
11 209 5 2 1 74 13 0 0.0019 1.53e-06 8.86e-09 0.0601 1.27
11 210 5 2 1 74 13 0 0.00187 1.53e-06 8.87e-09 0.0601 1.27
11 211 5 2 1 74 13 0 0.00556 1.52e-06 8.88e-09 0.0602 1.27
11 212 5 2 1 74 13 0 0.00547 1.43e-06 8.91e-09 0.0602 1.28
11 213 5 2 1 74 13 0 0.00889 8.27e-06 9.03e-09 0.0603 1.28
11 214 5 2 1 74 13 0 0.00516 1.66e-06 8.92e-09 0.0604 1.28
11 215 5 2 1 74 13 0 0.00338 1.28e-06 8.92e-09 0.0604 1.28
11 216 5 2 1 74 13 0 0.00249 1.21e-06 8.94e-09 0.0605 1.28
11 217 5 2 1 74 13 0 0.00201 1.2e-06 8.95e-09 0.0605 1.28
11 218 5 2 1 74 13 0 0.00174 1.23e-06 8.97e-09 0.0606 1.28
11 219 5 2 1 74 13 0 0.00158 1.25e-06 8.98e-09 0.0607 1.28
11 220 5 2 1 74 13 0 0.00154 1.27e-06 8.99e-09 0.0607 1.28
11 221 5 2 1 74 13 0 0.00433 1.28e-06 9e-09 0.0607 1.28
11 222 5 2 1 74 13 0 0.00994 8.58e-06 9.03e-09 0.0608 1.3
11 223 6 2 1 74 13 0 0.00766 1.55e-06 9.15e-09 0.0609 1.29
11 224 5 2 1 74 13 0 0.00485 1.57e-06 8.99e-09 0.0609 1.29
11 225 5 2 1 74 13 0 0.00324 1.17e-06 8.98e-09 0.061 1.28
11 226 5 2 1 74 13 0 0.0024 1.06e-06 9e-09 0.061 1.28
11 227 5 2 1 74 13 0 0.00193 9.82e-07 9.02e-09 0.0611 1.28
11 228 5 2 1 74 13 0 0.00166 1.01e-06 9.03e-09 0.0611 1.28
11 229 5 2 1 74 13 0 0.00156 1.04e-06 9.04e-09 0.0612 1.28
11 230 5 2 1 74 13 0 0.00149 1.06e-06 9.05e-09 0.0612 1.28
11 231 5 2 1 74 13 0 0.00283 1.08e-06 9.06e-09 0.0613 1.29
11 232 6 2 1 74 13 0 0.0104 1.97e-06 9.1e-09 0.0613 1.3
11 233 5 2 1 74 13 0 0.0111 6.25e-06 9.2e-09 0.0614 1.3
11 234 5 2 1 74 13 0 0.00487 1.78e-06 9.05e-09 0.0614 1.29
11 235 5 2 1 74 13 0 0.0027 1.32e-06 9.04e-09 0.0615 1.29
11 236 5 2 1 74 13 0 0.00184 1.11e-06 9.05e-09 0.0615 1.29
11 237 5 2 1 74 13 0 0.00146 1.04e-06 9.07e-09 0.0616 1.29
11 238 5 2 1 74 13 0 0.00133 1.03e-06 9.08e-09 0.0616 1.29
11 239 5 2 1 74 13 0 0.00131 1.05e-06 9.09e-09 0.0617 1.29
11 240 5 2 1 74 13 0 0.0013 1.06e-06 9.1e-09 0.0617 1.3
11 241 5 2 1 74 13 0 0.00571 1.06e-06 9.11e-09 0.0617 1.3
11 242 5 2 1 74 13 0 0.00496 1.49e-06 9.14e-09 0.0618 1.31
11 243 5 2 1 74 13 0 0.00846 8.27e-06 9.26e-09 0.0618 1.3
11 244 5 2 1 74 13 0 0.00475 1.43e-06 9.14e-09 0.0619 1.3
11 245 5 2 1 74 13 0 0.00297 8.93e-07 9.14e-09 0.0619 1.3
11 246 5 2 1 74 13 0 0.00209 8.7e-07 9.15e-09 0.0619 1.3
11 247 5 2 1 74 13 0 0.00162 7.79e-07 9.17e-09 0.062 1.3
11 248 5 2 1 74 13 0 0.00136 8.07e-07 9.18e-09 0.062 1.3
11 249 5 2 1 74 13 0 0.0012 8.37e-07 9.19e-09 0.0621 1.3
11 250 5 2 1 74 13 0 0.0011 8.61e-07 9.19e-09 0.0621 1.3
11 251 5 2 1 74 13 0 0.00289 8.78e-07 9.2e-09 0.0621 1.3
11 252 5 2 1 74 13 0 0.00957 8.42e-06 8.91e-09 0.0622 1.32
11 253 6 2 1 74 13 0 0.00722 1.51e-06 9.34e-09 0.0622 1.31
11 254 5 2 1 74 13 0 0.00445 1.39e-06 9.19e-09 0.0622 1.31
11 255 5 2 1 74 13 0 0.00287 1.12e-06 9.18e-09 0.0623 1.31
11 256 5 2 1 74 13 0 0.00204 1.09e-06 9.19e-09 0.0623 1.3
11 257 5 2 1 74 13 0 0.00159 9.15e-07 9.21e-09 0.0624 1.3
11 258 5 2 1 74 13 0 0.00133 7.32e-07 9.22e-09 0.0624 1.3
11 259 5 2 1 74 13 0 0.00117 6.54e-07 9.23e-09 0.0624 1.3
11 260 5 2 1 74 13 0 0.0011 6.77e-07 9.23e-09 0.0625 1.31
11 261 5 2 1 74 13 0 0.00257 7.05e-07 9.24e-09 0.0625 1.31
11 262 6 2 1 74 13 0 0.01 2.47e-06 8.91e-09 0.0625 1.33
11 263 5 2 1 74 13 0 0.0108 5.68e-06 9.36e-09 0.0626 1.32
11 264 5 2 1 74 13 0 0.00447 2.42e-06 9.18e-09 0.0626 1.32
11 265 5 2 1 74 13 0 0.00234 1.55e-06 9.16e-09 0.0626 1.31
11 266 5 2 1 74 13 0 0.00152 1.1e-06 9.17e-09 0.0627 1.31
11 267 5 2 1 74 13 0 0.00116 9.49e-07 9.19e-09 0.0627 1.31
11 268 5 2 1 74 13 0 0.000985 9.09e-07 9.21e-09 0.0627 1.31
stationary flow nc = 0 i = 268 du = 0.000984777
# Quadtree, 268 steps, 3718.7 CPU, 3737 real, 1.85e+03 points.step/s, 33 var
11 0 5 2 1 74 13 0 0 9.09e-07 9.21e-09 0 0
11 1 5 2 1 5 13 0 1 0 0 0.0009 0
11 2 6 2 1 59 15 0 0.758 5.99e-06 9.13e-09 0.00164 0.183
11 3 6 2 1 49 15 0 0.534 6.63e-06 9.05e-09 0.00233 0.27
11 4 6 2 1 47 15 0 0.397 5.42e-06 9.69e-09 0.00299 0.302
11 5 6 2 1 48 15 0 0.311 4.13e-06 7.73e-09 0.00364 0.311
11 6 6 3 1 48 15 0 0.256 7.83e-06 9.79e-09 0.00428 0.315
11 7 5 3 1 49 15 0 0.223 8.66e-06 7.45e-09 0.00491 0.324
11 8 5 3 1 49 15 0 0.196 8.07e-06 8.05e-09 0.00554 0.335
11 9 5 3 1 49 15 0 0.175 6.68e-06 8.48e-09 0.00614 0.348
11 10 5 3 1 49 15 0 0.159 5.81e-06 8.91e-09 0.00674 0.361
11 11 5 3 1 49 15 0 0.145 5.33e-06 9.29e-09 0.00732 0.373
11 12 5 3 1 49 15 0 0.133 4.9e-06 9.65e-09 0.00789 0.385
11 13 5 3 1 49 15 0 0.123 4.52e-06 1e-08 0.00845 0.396
11 14 5 3 1 50 15 0 0.114 4.19e-06 7.53e-09 0.009 0.407
11 15 5 3 1 50 15 0 0.107 3.89e-06 7.77e-09 0.00954 0.417
11 16 5 3 1 50 15 0 0.0997 3.63e-06 8.01e-09 0.0101 0.426
11 17 5 3 1 50 15 0 0.0936 3.39e-06 8.25e-09 0.0106 0.436
11 18 5 3 1 50 15 0 0.088 3.31e-06 8.49e-09 0.0111 0.444
11 19 5 3 1 50 15 0 0.083 3.24e-06 8.72e-09 0.0116 0.453
11 20 5 3 1 50 15 0 0.0785 3.18e-06 8.95e-09 0.0121 0.461
11 21 5 3 1 50 15 0 0.0743 3.11e-06 9.17e-09 0.0126 0.47
11 22 5 3 1 50 15 0 0.0705 3.05e-06 9.39e-09 0.013 0.477
11 23 5 3 1 50 15 0 0.067 2.99e-06 9.61e-09 0.0135 0.485
11 24 5 3 1 50 15 0 0.0638 2.93e-06 9.82e-09 0.014 0.492
11 25 5 3 1 51 15 0 0.0609 2.88e-06 7.31e-09 0.0144 0.5
11 26 5 3 1 51 15 0 0.0581 2.82e-06 7.46e-09 0.0149 0.507
11 27 5 3 1 51 15 0 0.0555 2.77e-06 7.61e-09 0.0153 0.514
11 28 5 3 1 51 15 0 0.0532 2.73e-06 7.75e-09 0.0157 0.52
11 29 5 3 1 51 15 0 0.0509 2.69e-06 7.9e-09 0.0161 0.527
11 30 5 3 1 51 15 0 0.0489 2.65e-06 8.04e-09 0.0165 0.533
11 31 5 3 1 51 15 0 0.0469 2.61e-06 8.18e-09 0.017 0.54
11 32 5 3 1 51 15 0 0.0451 2.57e-06 8.32e-09 0.0173 0.546
11 33 5 3 1 51 15 0 0.0434 2.53e-06 8.45e-09 0.0177 0.552
11 34 5 3 1 51 15 0 0.0418 2.49e-06 8.58e-09 0.0181 0.557
11 35 5 3 1 51 15 0 0.0402 2.46e-06 8.72e-09 0.0185 0.563
11 36 5 3 1 51 15 0 0.0388 2.42e-06 8.85e-09 0.0189 0.569
11 37 5 3 1 51 15 0 0.0374 2.39e-06 8.97e-09 0.0192 0.574
11 38 5 3 1 51 15 0 0.0362 2.35e-06 9.1e-09 0.0196 0.58
11 39 5 3 1 51 15 0 0.0349 2.32e-06 9.23e-09 0.02 0.585
11 40 5 3 1 51 15 0 0.0338 2.29e-06 9.35e-09 0.0203 0.59
11 41 5 3 1 51 15 0 0.0327 2.26e-06 9.47e-09 0.0206 0.596
11 42 5 3 1 51 15 0 0.0316 2.24e-06 9.59e-09 0.021 0.601
11 43 5 3 1 51 15 0 0.0306 2.22e-06 9.71e-09 0.0213 0.605
11 44 5 3 1 51 15 0 0.0297 2.2e-06 9.82e-09 0.0216 0.61
11 45 5 3 1 51 15 0 0.0287 2.17e-06 9.93e-09 0.022 0.615
11 46 5 3 1 52 15 0 0.0279 2.15e-06 7.31e-09 0.0223 0.62
11 47 5 3 1 52 15 0 0.027 2.13e-06 7.4e-09 0.0226 0.624
11 48 5 3 1 52 15 0 0.0262 2.11e-06 7.47e-09 0.0229 0.629
11 49 5 3 1 52 15 0 0.0255 2.09e-06 7.55e-09 0.0232 0.633
11 50 5 3 1 52 15 0 0.0247 2.06e-06 7.63e-09 0.0235 0.637
11 51 5 3 1 52 15 0 0.024 2.04e-06 7.71e-09 0.0238 0.642
11 52 5 3 1 51 15 0 0.0236 3.31e-06 9.84e-09 0.0241 0.648
11 53 5 3 1 52 15 0 0.0228 1.86e-06 7.35e-09 0.0243 0.652
11 54 5 3 1 52 15 0 0.0222 1.84e-06 7.33e-09 0.0246 0.656
11 55 5 3 1 52 15 0 0.0215 1.84e-06 7.38e-09 0.0249 0.659
11 56 5 3 1 52 15 0 0.021 1.83e-06 7.45e-09 0.0251 0.663
11 57 5 3 1 52 15 0 0.0204 1.83e-06 7.52e-09 0.0254 0.667
11 58 5 3 1 52 15 0 0.0199 1.82e-06 7.58e-09 0.0257 0.671
11 59 5 3 1 52 15 0 0.0193 1.81e-06 7.65e-09 0.0259 0.674
11 60 5 3 1 52 15 0 0.0189 1.8e-06 7.71e-09 0.0262 0.678
11 61 5 3 1 52 15 0 0.0184 1.78e-06 7.77e-09 0.0264 0.682
11 62 5 3 1 52 15 0 0.0178 3.58e-06 8.51e-09 0.0267 0.684
11 63 5 3 1 52 15 0 0.0174 2.35e-06 8.51e-09 0.0269 0.687
11 64 5 3 1 52 15 0 0.017 2.03e-06 8.62e-09 0.0271 0.69
11 65 5 3 1 52 15 0 0.0165 1.88e-06 8.68e-09 0.0274 0.694
11 66 5 3 1 52 15 0 0.0162 1.8e-06 8.74e-09 0.0276 0.697
11 67 5 3 1 52 15 0 0.0158 1.75e-06 8.8e-09 0.0278 0.701
11 68 5 3 1 52 15 0 0.0154 1.71e-06 8.86e-09 0.028 0.704
11 69 5 3 1 52 15 0 0.015 1.68e-06 8.91e-09 0.0282 0.707
11 70 5 3 1 52 15 0 0.0147 1.65e-06 8.97e-09 0.0285 0.71
11 71 5 3 1 52 15 0 0.0143 1.62e-06 9.03e-09 0.0287 0.713
11 72 5 3 1 52 15 0 0.0142 4.08e-06 8.34e-09 0.0289 0.718
11 73 5 3 1 52 15 0 0.0138 1.41e-06 8.54e-09 0.0291 0.721
11 74 5 3 1 52 15 0 0.0134 1.41e-06 8.49e-09 0.0293 0.724
11 75 5 3 1 52 15 0 0.0131 1.41e-06 8.53e-09 0.0295 0.726
11 76 5 3 1 52 15 0 0.0128 1.41e-06 8.58e-09 0.0297 0.729
11 77 5 3 1 52 15 0 0.0125 1.4e-06 8.63e-09 0.0298 0.732
11 78 5 3 1 52 15 0 0.0122 1.4e-06 8.68e-09 0.03 0.734
11 79 5 3 1 52 15 0 0.012 1.39e-06 8.73e-09 0.0302 0.737
11 80 5 3 1 52 15 0 0.0117 1.38e-06 8.77e-09 0.0304 0.74
11 81 5 3 1 52 15 0 0.0209 1.37e-06 8.82e-09 0.0306 0.742
11 82 5 3 1 53 15 0 0.0135 5.84e-06 7.3e-09 0.0307 0.744
11 83 5 3 1 52 15 0 0.0108 3.09e-06 9.71e-09 0.0309 0.745
11 84 5 3 1 52 15 0 0.0106 1.4e-06 9.66e-09 0.0311 0.747
11 85 5 3 1 52 15 0 0.0104 1.37e-06 9.75e-09 0.0312 0.75
11 86 5 3 1 52 15 0 0.0102 1.35e-06 9.8e-09 0.0314 0.752
11 87 5 3 1 52 15 0 0.00998 1.32e-06 9.84e-09 0.0316 0.755
11 88 5 3 1 52 15 0 0.00978 1.29e-06 9.89e-09 0.0317 0.757
11 89 5 3 1 52 15 0 0.00957 1.27e-06 9.93e-09 0.0319 0.76
11 90 5 3 1 52 15 0 0.00938 1.25e-06 9.97e-09 0.032 0.762
11 91 5 3 1 53 15 0 0.0199 1.23e-06 7.29e-09 0.0322 0.764
11 92 5 3 1 52 15 0 0.0164 6.51e-06 9.22e-09 0.0323 0.777
11 93 5 3 1 52 15 0 0.00932 1.54e-06 9.59e-09 0.0325 0.775
11 94 5 3 1 52 15 0 0.0089 1.24e-06 9.34e-09 0.0326 0.775
11 95 5 3 1 52 15 0 0.00862 1.16e-06 9.36e-09 0.0327 0.776
11 96 5 3 1 52 15 0 0.0084 1.1e-06 9.41e-09 0.0329 0.777
11 97 5 3 1 52 15 0 0.00821 1.07e-06 9.45e-09 0.033 0.779
11 98 5 3 1 52 15 0 0.00803 1.06e-06 9.5e-09 0.0332 0.781
11 99 5 3 1 52 15 0 0.00786 1.05e-06 9.53e-09 0.0333 0.783
11 100 5 3 1 52 15 0 0.0077 1.05e-06 9.57e-09 0.0334 0.785
11 101 5 3 1 52 15 0 0.0145 1.04e-06 9.6e-09 0.0335 0.787
11 102 5 3 1 53 15 0 0.0167 5.97e-06 7.94e-09 0.0337 0.787
11 103 5 3 1 53 15 0 0.0104 2.71e-06 7.63e-09 0.0338 0.787
11 104 5 3 1 53 15 0 0.00791 1.3e-06 7.61e-09 0.0339 0.788
11 105 5 3 1 53 15 0 0.0067 1.21e-06 7.67e-09 0.034 0.79
11 106 5 3 1 53 15 0 0.00644 1.11e-06 7.7e-09 0.0341 0.792
11 107 5 3 1 53 15 0 0.00639 1.03e-06 7.72e-09 0.0343 0.794
11 108 5 3 1 53 15 0 0.00633 9.8e-07 7.75e-09 0.0344 0.796
11 109 5 3 1 53 15 0 0.00625 9.46e-07 7.77e-09 0.0345 0.797
11 110 5 3 1 53 15 0 0.00616 9.21e-07 7.79e-09 0.0346 0.799
11 111 5 3 1 53 15 0 0.0122 9.02e-07 7.81e-09 0.0347 0.801
11 112 5 3 1 52 15 0 0.0141 6.95e-06 9.87e-09 0.0348 0.814
11 113 5 3 1 53 15 0 0.00638 1.34e-06 7.45e-09 0.0349 0.811
11 114 5 3 1 52 15 0 0.00603 9.41e-07 9.97e-09 0.035 0.81
11 115 5 3 1 52 15 0 0.00582 8.56e-07 9.98e-09 0.0351 0.81
11 116 5 3 1 53 15 0 0.00567 7.97e-07 7.28e-09 0.0352 0.811
11 117 5 3 1 53 15 0 0.00555 7.71e-07 7.31e-09 0.0353 0.813
11 118 5 3 1 53 15 0 0.00543 7.63e-07 7.34e-09 0.0354 0.814
11 119 5 3 1 53 15 0 0.00533 7.62e-07 7.36e-09 0.0355 0.816
11 120 5 3 1 53 15 0 0.00522 7.61e-07 7.38e-09 0.0356 0.817
11 121 5 3 1 53 15 0 0.0103 7.57e-07 7.39e-09 0.0357 0.819
11 122 5 3 1 53 15 0 0.0148 6.21e-06 8.4e-09 0.0358 0.818
11 123 5 3 1 53 15 0 0.00882 3.99e-06 8.51e-09 0.0359 0.818
11 124 5 3 1 53 15 0 0.00625 2.3e-06 8.53e-09 0.0359 0.819
11 125 5 3 1 53 15 0 0.00504 1.53e-06 8.54e-09 0.036 0.819
11 126 5 3 1 53 15 0 0.00442 1.2e-06 8.56e-09 0.0361 0.82
11 127 5 3 1 53 15 0 0.0043 1.01e-06 8.58e-09 0.0362 0.821
11 128 5 3 1 53 15 0 0.00428 8.88e-07 8.6e-09 0.0363 0.822
11 129 5 3 1 53 15 0 0.00425 8.13e-07 8.61e-09 0.0364 0.824
11 130 5 3 1 53 15 0 0.0042 7.62e-07 8.63e-09 0.0364 0.825
11 131 5 3 1 53 15 0 0.00903 7.27e-07 8.65e-09 0.0365 0.826
11 132 5 3 1 53 15 0 0.0145 7.31e-06 7.7e-09 0.0366 0.839
11 133 5 3 1 53 15 0 0.00608 1.35e-06 7.98e-09 0.0367 0.836
11 134 5 3 1 53 15 0 0.00417 1.09e-06 7.75e-09 0.0367 0.834
11 135 5 3 1 53 15 0 0.004 6.5e-07 7.75e-09 0.0368 0.834
11 136 5 3 1 53 15 0 0.00388 6.04e-07 7.77e-09 0.0369 0.834
11 137 5 3 1 53 15 0 0.0038 5.88e-07 7.79e-09 0.0369 0.836
11 138 5 3 1 53 15 0 0.00373 5.86e-07 7.81e-09 0.037 0.837
11 139 5 3 1 53 15 0 0.00366 5.9e-07 7.83e-09 0.0371 0.838
11 140 5 3 1 53 15 0 0.0036 5.93e-07 7.84e-09 0.0372 0.839
11 141 5 3 1 53 15 0 0.00353 5.93e-07 7.86e-09 0.0372 0.84
11 142 5 3 1 53 15 0 0.0132 4.4e-06 8.39e-09 0.0373 0.837
11 143 5 3 1 53 15 0 0.00753 2.43e-06 8.3e-09 0.0374 0.839
11 144 5 3 1 53 15 0 0.00502 1.1e-06 8.4e-09 0.0374 0.84
11 145 5 2 1 53 15 0 0.00387 9.14e-07 8.42e-09 0.0375 0.842
11 146 5 2 1 53 15 0 0.00328 1.75e-06 8.43e-09 0.0375 0.843
11 147 5 2 1 53 15 0 0.00296 1.61e-06 8.43e-09 0.0376 0.844
11 148 5 2 1 53 15 0 0.00293 1.58e-06 8.44e-09 0.0377 0.845
11 149 5 2 1 53 15 0 0.00292 1.55e-06 8.46e-09 0.0377 0.846
11 150 5 2 1 53 15 0 0.0029 1.53e-06 8.47e-09 0.0378 0.847
11 151 5 2 1 53 15 0 0.00563 1.51e-06 8.48e-09 0.0378 0.848
11 152 5 2 1 53 15 0 0.0116 6.76e-06 7.78e-09 0.0379 0.861
11 153 5 2 1 52 15 0 0.0042 2.91e-06 9.78e-09 0.0379 0.858
11 154 5 2 1 53 15 0 0.00979 3.19e-06 7.8e-09 0.038 0.856
11 155 5 2 1 53 15 0 0.00299 1.8e-06 7.84e-09 0.038 0.855
11 156 5 2 1 53 15 0 0.00278 1.75e-06 7.85e-09 0.0381 0.855
11 157 5 2 1 53 15 0 0.0027 1.59e-06 7.87e-09 0.0381 0.855
11 158 5 2 1 53 15 0 0.00265 1.46e-06 7.88e-09 0.0382 0.856
11 159 5 2 1 53 15 0 0.00259 1.38e-06 7.9e-09 0.0382 0.857
11 160 5 2 1 53 15 0 0.00255 1.32e-06 7.91e-09 0.0383 0.858
11 161 5 2 1 53 15 0 0.00311 1.27e-06 7.92e-09 0.0383 0.859
11 162 6 2 1 53 15 0 0.0133 2.53e-06 9.24e-09 0.0384 0.86
11 163 5 2 1 53 15 0 0.007 8.85e-06 9.43e-09 0.0384 0.859
11 164 5 2 1 53 15 0 0.00437 5.68e-06 9.38e-09 0.0385 0.859
11 165 5 2 1 53 15 0 0.00315 3.51e-06 9.38e-09 0.0385 0.859
11 166 5 2 1 53 15 0 0.00254 2.32e-06 9.39e-09 0.0386 0.859
11 167 5 2 1 53 15 0 0.00222 1.78e-06 9.4e-09 0.0386 0.859
11 168 5 2 1 53 15 0 0.00206 1.43e-06 9.41e-09 0.0387 0.86
11 169 5 2 1 53 15 0 0.00204 1.27e-06 9.42e-09 0.0387 0.861
11 170 5 2 1 53 15 0 0.00204 1.18e-06 9.43e-09 0.0387 0.861
11 171 5 2 1 53 15 0 0.00414 1.14e-06 9.44e-09 0.0388 0.862
11 172 6 2 1 53 15 0 0.0107 3.33e-06 8.97e-09 0.0388 0.871
11 173 5 2 1 53 15 0 0.00524 3.02e-06 9.23e-09 0.0388 0.867
11 174 5 2 1 53 15 0 0.00207 1.81e-06 9.07e-09 0.0389 0.866
11 175 5 2 1 53 15 0 0.00195 1.57e-06 9.08e-09 0.0389 0.865
11 176 5 2 1 53 15 0 0.00189 1.45e-06 9.1e-09 0.039 0.865
11 177 5 2 1 53 15 0 0.00185 1.38e-06 9.12e-09 0.039 0.866
11 178 5 2 1 53 15 0 0.00182 1.32e-06 9.13e-09 0.039 0.867
11 179 5 2 1 53 15 0 0.00179 1.27e-06 9.14e-09 0.0391 0.867
11 180 5 2 1 53 15 0 0.00176 1.23e-06 9.14e-09 0.0391 0.868
11 181 5 2 1 53 15 0 0.00174 1.19e-06 9.15e-09 0.0391 0.868
11 182 5 2 1 53 15 0 0.0125 5.78e-06 8.03e-09 0.0392 0.869
11 183 5 2 1 53 15 0 0.00648 3.13e-06 8.11e-09 0.0392 0.87
11 184 5 2 1 53 15 0 0.00391 2.41e-06 8.09e-09 0.0392 0.87
11 185 5 2 1 53 15 0 0.0027 1.74e-06 8.09e-09 0.0393 0.871
11 186 5 2 1 53 15 0 0.00209 1.22e-06 8.1e-09 0.0393 0.871
11 187 5 2 1 53 15 0 0.00176 9.65e-07 8.11e-09 0.0393 0.872
11 188 5 2 1 53 15 0 0.00156 8.34e-07 8.11e-09 0.0394 0.872
11 189 5 2 1 53 15 0 0.00146 7.46e-07 8.12e-09 0.0394 0.873
11 190 5 2 1 53 15 0 0.00144 6.9e-07 8.13e-09 0.0394 0.874
11 191 5 2 1 53 15 0 0.00289 6.85e-07 8.13e-09 0.0394 0.874
11 192 6 2 1 53 15 0 0.0128 2.26e-06 9.48e-09 0.0395 0.887
11 193 5 2 1 53 15 0 0.00516 9.33e-06 9.88e-09 0.0395 0.881
11 194 5 2 1 53 15 0 0.00187 5.93e-06 9.6e-09 0.0395 0.878
11 195 5 2 1 53 15 0 0.0015 3.86e-06 9.59e-09 0.0395 0.877
11 196 5 2 1 53 15 0 0.00143 2.71e-06 9.61e-09 0.0396 0.876
11 197 5 2 1 53 15 0 0.00139 1.98e-06 9.62e-09 0.0396 0.876
11 198 5 2 1 53 15 0 0.00136 1.53e-06 9.64e-09 0.0396 0.877
11 199 5 2 1 53 15 0 0.00133 1.27e-06 9.64e-09 0.0397 0.877
11 200 5 2 1 53 15 0 0.00131 1.1e-06 9.65e-09 0.0397 0.878
11 201 5 2 1 53 15 0 0.00436 9.75e-07 9.66e-09 0.0397 0.878
11 202 6 2 1 53 15 0 0.0115 3.15e-06 8.34e-09 0.0397 0.878
11 203 5 2 1 53 15 0 0.00575 1.91e-06 8.43e-09 0.0398 0.878
11 204 5 2 1 53 15 0 0.00327 1.19e-06 8.38e-09 0.0398 0.878
11 205 5 2 1 53 15 0 0.00216 8.94e-07 8.37e-09 0.0398 0.878
11 206 5 2 1 53 15 0 0.00161 7.11e-07 8.38e-09 0.0398 0.878
11 207 5 2 1 53 15 0 0.00133 5.63e-07 8.38e-09 0.0399 0.878
11 208 5 2 1 53 15 0 0.00117 5.72e-07 8.39e-09 0.0399 0.879
11 209 5 2 1 53 15 0 0.00107 5.89e-07 8.4e-09 0.0399 0.879
11 210 5 2 1 53 15 0 0.00101 5.99e-07 8.4e-09 0.0399 0.879
11 211 5 2 1 53 15 0 0.00199 6.04e-07 8.4e-09 0.0399 0.88
11 212 5 2 1 53 15 0 0.0105 4.86e-06 9.15e-09 0.0399 0.89
11 213 5 2 1 53 15 0 0.00531 2.54e-06 9.1e-09 0.04 0.885
11 214 5 2 1 53 15 0 0.00228 1.4e-06 8.92e-09 0.04 0.884
11 215 5 2 1 53 15 0 0.00111 8.7e-07 8.95e-09 0.04 0.883
11 216 5 2 1 53 15 0 0.00101 6.62e-07 8.97e-09 0.04 0.883
11 217 5 2 1 53 15 0 0.000977 5.87e-07 8.98e-09 0.0401 0.883
stationary flow nc = 1 i = 217 du = 0.000977126
# Quadtree, 217 steps, 2981.2 CPU, 2993 real, 2.58e+03 points.step/s, 33 var
11 0 5 2 1 53 15 0 0 5.87e-07 8.98e-09 0 0
11 1 5 2 1 5 15 0 1 0 0 0.0008 0
11 2 6 2 1 41 16 0 0.822 5.04e-06 9.39e-09 0.00136 0.232
11 3 6 2 1 39 16 0 0.61 5.18e-06 8.91e-09 0.00185 0.316
11 4 6 2 1 37 16 0 0.465 3.98e-06 9.55e-09 0.00232 0.328
11 5 6 2 1 37 16 0 0.374 2.68e-06 8.58e-09 0.0028 0.32
11 6 6 2 1 37 16 0 0.31 2.51e-06 9.05e-09 0.00327 0.316
11 7 6 2 1 37 16 0 0.272 2.33e-06 9.74e-09 0.00373 0.322
11 8 6 2 1 38 16 0 0.238 2.31e-06 7.06e-09 0.00417 0.33
11 9 6 2 1 38 16 0 0.211 2.26e-06 7.4e-09 0.0046 0.339
11 10 6 2 1 38 16 0 0.189 2.23e-06 7.74e-09 0.00502 0.348
11 11 6 2 1 38 16 0 0.171 2.19e-06 8.07e-09 0.00543 0.355
11 12 6 2 1 38 16 0 0.155 2.16e-06 8.37e-09 0.00582 0.362
11 13 6 2 1 38 16 0 0.142 2.12e-06 8.68e-09 0.0062 0.369
11 14 6 2 1 38 16 0 0.13 2.09e-06 8.97e-09 0.00657 0.375
11 15 5 2 1 38 16 0 0.12 9.83e-06 9.26e-09 0.00693 0.381
11 16 5 2 1 38 16 0 0.111 9.62e-06 9.54e-09 0.00728 0.386
11 17 5 2 1 38 16 0 0.103 9.43e-06 9.82e-09 0.00762 0.392
11 18 5 2 1 39 16 0 0.0964 9.25e-06 6.7e-09 0.00795 0.397
11 19 5 2 1 39 16 0 0.0902 9.08e-06 6.87e-09 0.00827 0.402
11 20 5 2 1 39 16 0 0.0845 8.92e-06 7.04e-09 0.00858 0.408
11 21 5 2 1 39 16 0 0.0794 8.77e-06 7.21e-09 0.00889 0.413
11 22 5 2 1 39 16 0 0.0748 8.63e-06 7.37e-09 0.00918 0.419
11 23 5 2 1 39 16 0 0.0706 8.5e-06 7.53e-09 0.00947 0.424
11 24 5 2 1 39 16 0 0.0667 8.36e-06 7.68e-09 0.00975 0.429
11 25 5 2 1 39 16 0 0.0631 8.23e-06 7.83e-09 0.01 0.434
11 26 5 2 1 39 16 0 0.0598 8.1e-06 7.98e-09 0.0103 0.438
11 27 5 2 1 39 16 0 0.0568 7.97e-06 8.12e-09 0.0105 0.443
11 28 5 2 1 39 16 0 0.054 7.85e-06 8.26e-09 0.0108 0.448
11 29 5 2 1 39 16 0 0.0514 7.72e-06 8.4e-09 0.011 0.452
11 30 5 2 1 39 16 0 0.0489 7.6e-06 8.53e-09 0.0113 0.457
11 31 5 2 1 39 16 0 0.0467 7.47e-06 8.66e-09 0.0115 0.461
11 32 5 2 1 39 16 0 0.0446 7.35e-06 8.79e-09 0.0117 0.465
11 33 5 2 1 39 16 0 0.0426 7.23e-06 8.92e-09 0.0119 0.469
11 34 5 2 1 39 16 0 0.0407 7.11e-06 9.04e-09 0.0122 0.473
11 35 5 2 1 39 16 0 0.039 6.99e-06 9.15e-09 0.0124 0.477
11 36 5 2 1 39 16 0 0.0373 6.87e-06 9.27e-09 0.0126 0.481
11 37 5 2 1 39 16 0 0.0358 6.75e-06 9.38e-09 0.0128 0.485
11 38 5 2 1 39 16 0 0.0343 6.63e-06 9.49e-09 0.0129 0.489
11 39 5 2 1 39 16 0 0.0329 6.51e-06 9.6e-09 0.0131 0.493
11 40 5 2 1 39 16 0 0.0316 6.39e-06 9.7e-09 0.0133 0.496
11 41 5 2 1 39 16 0 0.0304 6.27e-06 9.8e-09 0.0135 0.5
11 42 5 2 1 39 16 0 0.0292 6.16e-06 9.9e-09 0.0137 0.503
11 43 5 2 1 40 16 0 0.0281 6.04e-06 6.64e-09 0.0138 0.506
11 44 5 2 1 40 16 0 0.027 5.93e-06 6.7e-09 0.014 0.51
11 45 5 2 1 40 16 0 0.026 5.81e-06 6.77e-09 0.0141 0.513
11 46 5 2 1 40 16 0 0.025 5.7e-06 6.83e-09 0.0143 0.516
11 47 5 2 1 40 16 0 0.0241 5.59e-06 6.88e-09 0.0145 0.519
11 48 5 2 1 40 16 0 0.0233 5.48e-06 6.94e-09 0.0146 0.522
11 49 5 2 1 40 16 0 0.0224 5.37e-06 7e-09 0.0147 0.525
11 50 5 2 1 40 16 0 0.0216 5.26e-06 7.05e-09 0.0149 0.528
11 51 5 2 1 40 16 0 0.0209 5.15e-06 7.1e-09 0.015 0.531
11 52 5 2 1 40 16 0 0.0202 5.05e-06 7.16e-09 0.0151 0.533
11 53 5 2 1 40 16 0 0.0195 4.94e-06 7.21e-09 0.0153 0.536
11 54 5 2 1 40 16 0 0.0188 4.84e-06 7.26e-09 0.0154 0.539
11 55 5 2 1 40 16 0 0.0182 4.74e-06 7.31e-09 0.0155 0.541
11 56 5 2 1 40 16 0 0.0175 4.64e-06 7.35e-09 0.0156 0.543
11 57 5 2 1 40 16 0 0.017 4.54e-06 7.4e-09 0.0157 0.546
11 58 5 2 1 40 16 0 0.0164 4.44e-06 7.44e-09 0.0159 0.548
11 59 5 2 1 40 16 0 0.0159 4.35e-06 7.49e-09 0.016 0.551
11 60 5 2 1 40 16 0 0.0153 4.25e-06 7.53e-09 0.0161 0.553
11 61 5 2 1 40 16 0 0.0148 4.16e-06 7.57e-09 0.0162 0.555
11 62 5 2 1 40 16 0 0.0144 4.07e-06 7.61e-09 0.0163 0.557
11 63 5 2 1 40 16 0 0.0139 3.99e-06 7.65e-09 0.0164 0.559
11 64 5 2 1 40 16 0 0.0135 3.91e-06 7.69e-09 0.0165 0.561
11 65 5 2 1 40 16 0 0.013 3.83e-06 7.73e-09 0.0166 0.563
11 66 5 2 1 40 16 0 0.0126 3.75e-06 7.77e-09 0.0167 0.565
11 67 5 2 1 40 16 0 0.0122 3.67e-06 7.81e-09 0.0167 0.567
11 68 5 2 1 40 16 0 0.0118 3.6e-06 7.84e-09 0.0168 0.569
11 69 5 2 1 40 16 0 0.0115 3.52e-06 7.88e-09 0.0169 0.57
11 70 5 2 1 40 16 0 0.0111 3.44e-06 7.91e-09 0.017 0.572
11 71 5 2 1 40 16 0 0.0108 3.37e-06 7.94e-09 0.0171 0.574
11 72 5 2 1 40 16 0 0.0105 3.3e-06 7.98e-09 0.0171 0.576
11 73 5 2 1 40 16 0 0.0101 3.23e-06 8.01e-09 0.0172 0.577
11 74 5 2 1 40 16 0 0.00983 3.16e-06 8.04e-09 0.0173 0.579
11 75 5 2 1 40 16 0 0.00953 3.09e-06 8.07e-09 0.0174 0.58
11 76 5 2 1 40 16 0 0.00924 3.02e-06 8.1e-09 0.0174 0.582
11 77 5 2 1 40 16 0 0.00897 2.96e-06 8.13e-09 0.0175 0.583
11 78 5 2 1 40 16 0 0.0087 2.89e-06 8.15e-09 0.0176 0.585
11 79 5 2 1 40 16 0 0.00844 2.83e-06 8.18e-09 0.0176 0.586
11 80 5 2 1 40 16 0 0.00819 2.76e-06 8.21e-09 0.0177 0.587
11 81 5 2 1 40 16 0 0.00795 2.7e-06 8.23e-09 0.0178 0.589
11 82 5 2 1 40 16 0 0.00772 2.64e-06 8.26e-09 0.0178 0.59
11 83 5 2 1 40 16 0 0.00749 2.58e-06 8.28e-09 0.0179 0.591
11 84 5 2 1 40 16 0 0.00727 2.52e-06 8.31e-09 0.0179 0.592
11 85 5 2 1 40 16 0 0.00706 2.46e-06 8.33e-09 0.018 0.594
11 86 5 2 1 40 16 0 0.00685 2.41e-06 8.36e-09 0.018 0.595
11 87 5 2 1 40 16 0 0.00666 2.35e-06 8.38e-09 0.0181 0.596
11 88 5 2 1 40 16 0 0.00646 2.3e-06 8.4e-09 0.0181 0.597
11 89 5 2 1 40 16 0 0.00628 2.25e-06 8.42e-09 0.0182 0.598
11 90 5 2 1 40 16 0 0.0061 2.19e-06 8.44e-09 0.0182 0.599
11 91 5 2 1 40 16 0 0.00592 2.14e-06 8.46e-09 0.0183 0.6
11 92 5 2 1 40 16 0 0.00575 2.09e-06 8.48e-09 0.0183 0.601
11 93 5 2 1 40 16 0 0.00559 2.05e-06 8.5e-09 0.0184 0.602
11 94 5 2 1 40 16 0 0.00543 2e-06 8.52e-09 0.0184 0.603
11 95 5 2 1 40 16 0 0.00528 1.95e-06 8.54e-09 0.0185 0.604
11 96 5 2 1 40 16 0 0.00513 1.91e-06 8.56e-09 0.0185 0.605
11 97 5 2 1 40 16 0 0.00498 1.86e-06 8.58e-09 0.0185 0.606
11 98 5 2 1 40 16 0 0.00484 1.82e-06 8.59e-09 0.0186 0.607
11 99 5 2 1 40 16 0 0.00471 1.77e-06 8.61e-09 0.0186 0.607
11 100 5 2 1 40 16 0 0.00457 1.73e-06 8.63e-09 0.0187 0.608
11 101 5 2 1 40 16 0 0.00445 1.69e-06 8.64e-09 0.0187 0.609
11 102 5 2 1 40 16 0 0.00432 1.65e-06 8.66e-09 0.0187 0.61
11 103 5 2 1 40 16 0 0.0042 1.61e-06 8.68e-09 0.0188 0.611
11 104 5 2 1 40 16 0 0.00408 1.57e-06 8.69e-09 0.0188 0.611
11 105 5 2 1 40 16 0 0.00397 1.53e-06 8.71e-09 0.0188 0.612
11 106 5 2 1 40 16 0 0.00386 1.5e-06 8.72e-09 0.0189 0.613
11 107 5 2 1 40 16 0 0.00375 1.46e-06 8.73e-09 0.0189 0.613
11 108 5 2 1 40 16 0 0.00365 1.43e-06 8.75e-09 0.0189 0.614
11 109 5 2 1 40 16 0 0.00355 1.39e-06 8.76e-09 0.0189 0.615
11 110 5 2 1 40 16 0 0.00345 1.36e-06 8.77e-09 0.019 0.615
11 111 5 2 1 40 16 0 0.00335 1.33e-06 8.79e-09 0.019 0.616
11 112 5 2 1 40 16 0 0.00326 1.29e-06 8.8e-09 0.019 0.617
11 113 5 2 1 40 16 0 0.00317 1.26e-06 8.81e-09 0.019 0.617
11 114 5 2 1 40 16 0 0.00309 1.23e-06 8.82e-09 0.0191 0.618
11 115 5 2 1 40 16 0 0.003 1.2e-06 8.83e-09 0.0191 0.618
11 116 5 2 1 40 16 0 0.00292 1.17e-06 8.85e-09 0.0191 0.619
11 117 5 2 1 40 16 0 0.00284 1.14e-06 8.86e-09 0.0191 0.619
11 118 5 2 1 40 16 0 0.00276 1.12e-06 8.87e-09 0.0192 0.62
11 119 5 2 1 40 16 0 0.00269 1.09e-06 8.88e-09 0.0192 0.62
11 120 5 2 1 40 16 0 0.00261 1.06e-06 8.89e-09 0.0192 0.621
11 121 5 2 1 40 16 0 0.00254 1.04e-06 8.9e-09 0.0192 0.621
11 122 5 2 1 40 16 0 0.00247 1.01e-06 8.91e-09 0.0193 0.622
11 123 5 2 1 40 16 0 0.00241 9.86e-07 8.92e-09 0.0193 0.622
11 124 5 2 1 40 16 0 0.00234 9.62e-07 8.93e-09 0.0193 0.623
11 125 5 2 1 40 16 0 0.00228 9.38e-07 8.93e-09 0.0193 0.623
11 126 5 2 1 40 16 0 0.00221 9.15e-07 8.94e-09 0.0193 0.623
11 127 5 2 1 40 16 0 0.00215 8.92e-07 8.95e-09 0.0193 0.624
11 128 5 2 1 40 16 0 0.0021 8.7e-07 8.96e-09 0.0194 0.624
11 129 5 2 1 40 16 0 0.00204 8.49e-07 8.97e-09 0.0194 0.625
11 130 5 2 1 40 16 0 0.00198 8.28e-07 8.98e-09 0.0194 0.625
11 131 5 2 1 40 16 0 0.00193 8.07e-07 8.98e-09 0.0194 0.625
11 132 5 2 1 40 16 0 0.00188 7.87e-07 8.99e-09 0.0194 0.626
11 133 5 2 1 40 16 0 0.00183 7.68e-07 9e-09 0.0194 0.626
11 134 5 2 1 40 16 0 0.00178 7.49e-07 9.01e-09 0.0195 0.626
11 135 5 2 1 40 16 0 0.00173 7.3e-07 9.01e-09 0.0195 0.627
11 136 5 2 1 40 16 0 0.00169 7.12e-07 9.02e-09 0.0195 0.627
11 137 5 2 1 40 16 0 0.00164 6.94e-07 9.03e-09 0.0195 0.627
11 138 5 2 1 40 16 0 0.0016 6.77e-07 9.03e-09 0.0195 0.628
11 139 5 2 1 40 16 0 0.00155 6.6e-07 9.04e-09 0.0195 0.628
11 140 5 2 1 40 16 0 0.00151 6.44e-07 9.05e-09 0.0195 0.628
11 141 5 2 1 40 16 0 0.00147 6.28e-07 9.05e-09 0.0196 0.628
11 142 5 2 1 40 16 0 0.00143 6.12e-07 9.06e-09 0.0196 0.629
11 143 5 2 1 40 16 0 0.00139 5.97e-07 9.06e-09 0.0196 0.629
11 144 5 2 1 40 16 0 0.00136 5.82e-07 9.07e-09 0.0196 0.629
11 145 5 2 1 40 16 0 0.00132 5.67e-07 9.08e-09 0.0196 0.63
11 146 5 2 1 40 16 0 0.00128 5.53e-07 9.08e-09 0.0196 0.63
11 147 5 2 1 40 16 0 0.00125 5.39e-07 9.09e-09 0.0196 0.63
11 148 5 2 1 40 16 0 0.00122 5.26e-07 9.09e-09 0.0196 0.63
11 149 5 2 1 40 16 0 0.00118 5.12e-07 9.1e-09 0.0196 0.63
11 150 5 2 1 40 16 0 0.00115 5e-07 9.1e-09 0.0197 0.631
11 151 5 2 1 40 16 0 0.051 4.87e-07 9.11e-09 0.0196 0.631
11 152 5 2 1 40 16 0 0.0126 2.14e-06 9.11e-09 0.0197 0.639
11 153 5 2 1 40 16 0 0.0139 2.91e-06 9.25e-09 0.0197 0.635
11 154 5 2 1 40 16 0 0.00688 1.17e-06 9.09e-09 0.0197 0.633
11 155 5 2 1 40 16 0 0.00419 6.22e-07 9.11e-09 0.0197 0.632
11 156 5 2 1 40 16 0 0.00287 4.26e-07 9.12e-09 0.0197 0.632
11 157 5 2 1 40 16 0 0.00216 3.55e-07 9.13e-09 0.0197 0.632
11 158 5 2 1 40 16 0 0.00174 3.52e-07 9.13e-09 0.0197 0.632
11 159 5 2 1 40 16 0 0.00148 3.53e-07 9.14e-09 0.0197 0.632
11 160 5 2 1 40 16 0 0.0013 3.47e-07 9.14e-09 0.0197 0.633
11 161 5 2 1 40 16 0 0.00117 3.4e-07 9.14e-09 0.0197 0.633
11 162 5 2 1 40 16 0 0.00107 3.33e-07 9.15e-09 0.0197 0.633
11 163 5 2 1 40 16 0 0.001 3.26e-07 9.15e-09 0.0197 0.633
11 164 5 2 1 40 16 0 0.000942 3.19e-07 9.15e-09 0.0197 0.633
stationary flow nc = 2 i = 164 du = 0.000942152
# Quadtree, 164 steps, 2269.07 CPU, 2280 real, 3.65e+03 points.step/s, 33 var
11 0 5 2 1 40 16 0 0 3.19e-07 9.15e-09 0 0
11 1 5 2 1 5 16 0 1 0 0 0.000699 0
11 2 6 2 1 34 17 0 0.906 6.42e-06 8.46e-09 0.0011 0.246
11 3 6 2 1 32 17 0 0.715 6.65e-06 7.51e-09 0.00144 0.312
11 4 6 2 1 30 17 0 0.56 6.54e-06 9.94e-09 0.00178 0.307
11 5 6 3 1 30 17 0 0.442 4.18e-06 9.44e-09 0.00212 0.294
11 6 6 4 1 31 17 0 0.35 5.18e-06 7.06e-09 0.00246 0.29
11 7 5 4 1 31 17 0 0.306 8.77e-06 7.55e-09 0.00279 0.296
11 8 5 4 1 31 17 0 0.262 7.38e-06 8.15e-09 0.0031 0.304
11 9 5 4 1 31 17 0 0.228 6.69e-06 8.55e-09 0.0034 0.313
11 10 5 4 1 31 17 0 0.202 6.36e-06 8.91e-09 0.00368 0.321
11 11 5 4 1 31 17 0 0.18 6.09e-06 9.25e-09 0.00395 0.329
11 12 5 4 1 31 17 0 0.162 5.8e-06 9.58e-09 0.00421 0.336
11 13 5 4 1 31 17 0 0.146 5.46e-06 9.9e-09 0.00446 0.343
11 14 5 4 1 32 17 0 0.133 5.1e-06 6.25e-09 0.00469 0.349
11 15 5 4 1 32 17 0 0.121 4.75e-06 6.43e-09 0.00492 0.356
11 16 5 4 1 32 17 0 0.111 4.41e-06 6.61e-09 0.00514 0.362
11 17 5 4 1 32 17 0 0.102 4.09e-06 6.78e-09 0.00534 0.368
11 18 5 4 1 32 17 0 0.0944 3.78e-06 6.94e-09 0.00554 0.373
11 19 5 4 1 32 17 0 0.0874 3.49e-06 7.1e-09 0.00573 0.379
11 20 5 4 1 32 17 0 0.0811 3.21e-06 7.25e-09 0.00591 0.384
11 21 5 4 1 32 17 0 0.0755 2.95e-06 7.4e-09 0.00609 0.389
11 22 5 4 1 32 17 0 0.0704 2.71e-06 7.54e-09 0.00625 0.394
11 23 5 4 1 32 17 0 0.0658 2.48e-06 7.67e-09 0.00641 0.399
11 24 5 4 1 32 17 0 0.0615 2.27e-06 7.8e-09 0.00657 0.404
11 25 5 4 1 32 17 0 0.0577 2.12e-06 7.93e-09 0.00671 0.408
11 26 5 4 1 32 17 0 0.0541 1.97e-06 8.05e-09 0.00685 0.412
11 27 5 4 1 32 17 0 0.0509 1.87e-06 8.16e-09 0.00699 0.416
11 28 5 3 1 32 17 0 0.0479 1.8e-06 8.28e-09 0.00712 0.421
11 29 5 3 1 32 17 0 0.0451 2.4e-06 8.38e-09 0.00724 0.424
11 30 5 3 1 32 17 0 0.0425 2.33e-06 8.48e-09 0.00736 0.428
11 31 5 3 1 32 17 0 0.0402 2.26e-06 8.58e-09 0.00747 0.432
11 32 5 3 1 32 17 0 0.038 2.2e-06 8.68e-09 0.00758 0.435
11 33 5 3 1 32 17 0 0.0359 2.14e-06 8.77e-09 0.00769 0.439
11 34 5 3 1 32 17 0 0.034 2.08e-06 8.86e-09 0.00779 0.442
11 35 5 3 1 32 17 0 0.0322 2.02e-06 8.94e-09 0.00789 0.445
11 36 5 3 1 32 17 0 0.0305 1.96e-06 9.02e-09 0.00798 0.448
11 37 5 3 1 32 17 0 0.0289 1.9e-06 9.1e-09 0.00807 0.451
11 38 5 3 1 32 17 0 0.0274 1.84e-06 9.18e-09 0.00815 0.454
11 39 5 3 1 32 17 0 0.026 1.79e-06 9.25e-09 0.00823 0.457
11 40 5 3 1 32 17 0 0.0247 1.73e-06 9.32e-09 0.00831 0.459
11 41 5 3 1 32 17 0 0.0235 1.68e-06 9.39e-09 0.00838 0.462
11 42 5 3 1 32 17 0 0.0224 1.63e-06 9.45e-09 0.00846 0.464
11 43 5 3 1 32 17 0 0.0213 1.58e-06 9.51e-09 0.00853 0.466
11 44 5 3 1 32 17 0 0.0202 1.53e-06 9.57e-09 0.00859 0.469
11 45 5 3 1 32 17 0 0.0193 1.48e-06 9.63e-09 0.00865 0.471
11 46 5 3 1 32 17 0 0.0183 1.43e-06 9.68e-09 0.00872 0.473
11 47 5 3 1 32 17 0 0.0175 1.39e-06 9.74e-09 0.00877 0.475
11 48 5 3 1 32 17 0 0.0167 1.34e-06 9.79e-09 0.00883 0.477
11 49 5 3 1 32 17 0 0.0159 1.3e-06 9.84e-09 0.00888 0.478
11 50 5 3 1 32 17 0 0.0151 1.25e-06 9.89e-09 0.00893 0.48
11 51 5 3 1 32 17 0 0.0144 1.21e-06 9.93e-09 0.00898 0.482
11 52 5 3 1 32 17 0 0.0138 1.17e-06 9.98e-09 0.00903 0.484
11 53 5 3 1 33 17 0 0.0131 1.13e-06 6.13e-09 0.00908 0.485
11 54 5 3 1 33 17 0 0.0126 1.1e-06 6.16e-09 0.00912 0.487
11 55 5 3 1 33 17 0 0.012 1.06e-06 6.18e-09 0.00916 0.488
11 56 5 3 1 33 17 0 0.0114 1.02e-06 6.2e-09 0.0092 0.489
11 57 5 3 1 33 17 0 0.0109 9.87e-07 6.23e-09 0.00924 0.491
11 58 5 3 1 33 17 0 0.0104 9.53e-07 6.25e-09 0.00928 0.492
11 59 5 3 1 33 17 0 0.00998 9.2e-07 6.27e-09 0.00931 0.493
11 60 5 3 1 33 17 0 0.00953 8.88e-07 6.29e-09 0.00935 0.494
11 61 5 3 1 33 17 0 0.0642 8.57e-07 6.31e-09 0.00936 0.496
11 62 5 3 1 33 17 0 0.0313 4.57e-06 6.32e-09 0.00939 0.508
11 63 5 3 1 33 17 0 0.0315 5.7e-06 6.51e-09 0.00942 0.502
11 64 5 3 1 33 17 0 0.0188 1.29e-06 6.31e-09 0.00944 0.501
11 65 5 3 1 33 17 0 0.0132 9.76e-07 6.36e-09 0.00947 0.5
11 66 5 3 1 33 17 0 0.0104 8.11e-07 6.38e-09 0.0095 0.501
11 67 5 3 1 33 17 0 0.00885 7.24e-07 6.41e-09 0.00953 0.501
11 68 5 3 1 33 17 0 0.00786 6.73e-07 6.42e-09 0.00955 0.502
11 69 5 3 1 33 17 0 0.00719 6.37e-07 6.44e-09 0.00958 0.503
11 70 5 3 1 33 17 0 0.00668 6.1e-07 6.45e-09 0.0096 0.504
11 71 5 3 1 33 17 0 0.0174 5.88e-07 6.47e-09 0.0096 0.504
11 72 5 3 1 33 17 0 0.0343 4.77e-06 6.47e-09 0.00962 0.517
11 73 5 3 1 33 17 0 0.00971 1.89e-06 6.67e-09 0.00964 0.514
11 74 5 3 1 33 17 0 0.00643 9.13e-07 6.52e-09 0.00966 0.512
11 75 5 3 1 33 17 0 0.00528 6.65e-07 6.52e-09 0.00967 0.511
11 76 5 3 1 33 17 0 0.00476 5.35e-07 6.54e-09 0.00969 0.511
11 77 5 3 1 33 17 0 0.00448 4.82e-07 6.56e-09 0.00971 0.511
11 78 5 3 1 33 17 0 0.00431 4.53e-07 6.58e-09 0.00972 0.512
11 79 5 3 1 33 17 0 0.00415 4.33e-07 6.59e-09 0.00974 0.512
11 80 5 3 1 33 17 0 0.00398 4.17e-07 6.6e-09 0.00975 0.513
11 81 5 3 1 33 17 0 0.0037 4.03e-07 6.61e-09 0.00977 0.513
11 82 5 3 1 33 17 0 0.0273 6.51e-06 6.61e-09 0.00978 0.511
11 83 5 3 1 33 17 0 0.0147 1.47e-06 6.55e-09 0.0098 0.511
11 84 5 3 1 33 17 0 0.00937 9.28e-07 6.61e-09 0.00981 0.512
11 85 5 3 1 33 17 0 0.00669 5.9e-07 6.62e-09 0.00982 0.512
11 86 5 2 1 33 17 0 0.00522 6.05e-07 6.62e-09 0.00984 0.513
11 87 5 2 1 33 17 0 0.00434 1.09e-06 6.63e-09 0.00985 0.513
11 88 5 2 1 33 17 0 0.00379 1.04e-06 6.63e-09 0.00986 0.513
11 89 5 2 1 33 17 0 0.00341 9.97e-07 6.64e-09 0.00987 0.514
11 90 5 2 1 33 17 0 0.00314 9.61e-07 6.65e-09 0.00988 0.514
11 91 5 2 1 33 17 0 0.00412 9.29e-07 6.65e-09 0.00988 0.514
11 92 5 2 1 33 17 0 0.0313 6.32e-06 6.66e-09 0.00988 0.526
11 93 5 2 1 33 17 0 0.00683 3.17e-06 6.86e-09 0.00989 0.523
11 94 5 2 1 33 17 0 0.00375 1.38e-06 6.69e-09 0.0099 0.52
11 95 5 2 1 33 17 0 0.0026 9.55e-07 6.68e-09 0.0099 0.519
11 96 5 2 1 33 17 0 0.0022 7.97e-07 6.7e-09 0.00991 0.519
11 97 5 2 1 33 17 0 0.00201 7.04e-07 6.72e-09 0.00992 0.519
11 98 5 2 1 33 17 0 0.0019 6.53e-07 6.73e-09 0.00993 0.519
11 99 5 2 1 33 17 0 0.00182 6.24e-07 6.73e-09 0.00993 0.52
11 100 5 2 1 33 17 0 0.00176 6.03e-07 6.74e-09 0.00994 0.52
11 101 5 2 1 33 17 0 0.00165 5.84e-07 6.74e-09 0.00995 0.52
11 102 5 2 1 33 17 0 0.0254 6.35e-06 6.74e-09 0.00995 0.517
11 103 5 2 1 33 17 0 0.0129 3.02e-06 6.67e-09 0.00996 0.517
11 104 5 2 1 33 17 0 0.00756 1.86e-06 6.73e-09 0.00997 0.518
11 105 5 2 1 33 17 0 0.00495 1.17e-06 6.73e-09 0.00998 0.518
11 106 5 2 1 33 17 0 0.00355 7.62e-07 6.73e-09 0.00998 0.518
11 107 5 2 1 33 17 0 0.00274 5.17e-07 6.74e-09 0.00999 0.518
11 108 5 2 1 33 17 0 0.00225 4.89e-07 6.74e-09 0.00999 0.519
11 109 5 2 1 33 17 0 0.00194 4.67e-07 6.74e-09 0.01 0.519
11 110 5 2 1 33 17 0 0.00173 4.51e-07 6.74e-09 0.01 0.519
11 111 5 2 1 33 17 0 0.00158 4.37e-07 6.75e-09 0.00999 0.519
11 112 5 2 1 33 17 0 0.0301 6.41e-06 6.75e-09 0.01 0.531
11 113 5 2 1 33 17 0 0.00564 3.28e-06 6.95e-09 0.01 0.527
11 114 5 2 1 33 17 0 0.00273 1.43e-06 6.78e-09 0.01 0.525
11 115 5 2 1 33 17 0 0.00149 6.88e-07 6.77e-09 0.01 0.523
11 116 5 2 1 33 17 0 0.00113 5.74e-07 6.78e-09 0.01 0.523
11 117 5 2 1 33 17 0 0.000988 4.56e-07 6.79e-09 0.01 0.523
stationary flow nc = 3 i = 117 du = 0.000987851
# Quadtree, 117 steps, 1715.18 CPU, 1726 real, 4.22e+03 points.step/s, 33 var
11 0 5 2 1 33 17 0 0 4.56e-07 6.79e-09 0 0
11 1 5 2 1 5 17 0 1 0 0 0.000599 0
11 2 6 2 1 32 18 0 1.03 6.48e-06 7.47e-09 0.000865 0.238
11 3 6 2 1 30 18 0 0.856 5.08e-06 6.51e-09 0.00109 0.294
11 4 6 2 1 28 18 0 0.657 4.15e-06 6.76e-09 0.00132 0.293
11 5 6 2 1 28 18 0 0.497 3.41e-06 6.27e-09 0.00155 0.286
11 6 6 2 1 28 18 0 0.372 2.8e-06 6.92e-09 0.00178 0.287
11 7 6 2 1 28 18 0 0.328 2.4e-06 7.43e-09 0.00199 0.296
11 8 6 2 1 28 18 0 0.275 2.26e-06 7.98e-09 0.00218 0.305
11 9 6 2 1 28 18 0 0.233 2.17e-06 8.33e-09 0.00236 0.314
11 10 6 2 1 28 18 0 0.201 2.12e-06 8.67e-09 0.00253 0.322
11 11 5 2 1 28 18 0 0.175 9.73e-06 8.97e-09 0.00269 0.33
11 12 5 2 1 28 18 0 0.155 9.41e-06 9.26e-09 0.00284 0.338
11 13 5 2 1 28 18 0 0.137 9.11e-06 9.53e-09 0.00298 0.345
11 14 5 2 1 28 18 0 0.123 8.82e-06 9.78e-09 0.0031 0.352
11 15 5 2 1 29 18 0 0.11 8.55e-06 5.8e-09 0.00322 0.359
11 16 5 2 1 29 18 0 0.0993 8.28e-06 5.93e-09 0.00334 0.365
11 17 5 2 1 29 18 0 0.0899 8.02e-06 6.05e-09 0.00344 0.37
11 18 5 2 1 29 18 0 0.0816 7.77e-06 6.17e-09 0.00354 0.376
11 19 5 2 1 29 18 0 0.0742 7.52e-06 6.27e-09 0.00363 0.381
11 20 5 2 1 29 18 0 0.0677 7.27e-06 6.37e-09 0.00371 0.386
11 21 5 2 1 29 18 0 0.153 7.02e-06 6.47e-09 0.00378 0.39
11 22 5 2 1 29 18 0 0.118 7.9e-06 6.47e-09 0.00385 0.407
11 23 5 2 1 29 18 0 0.0641 8.06e-06 6.97e-09 0.00391 0.408
11 24 5 2 1 29 18 0 0.0513 6.41e-06 6.71e-09 0.00397 0.409
11 25 5 2 1 29 18 0 0.0455 5.81e-06 6.73e-09 0.00403 0.41
11 26 5 2 1 29 18 0 0.0411 5.51e-06 6.8e-09 0.00409 0.413
11 27 5 2 1 29 18 0 0.0377 5.31e-06 6.88e-09 0.00414 0.416
11 28 5 2 1 29 18 0 0.0348 5.15e-06 6.96e-09 0.00419 0.419
11 29 5 2 1 29 18 0 0.0322 4.99e-06 7.02e-09 0.00423 0.422
11 30 5 2 1 29 18 0 0.0298 4.82e-06 7.08e-09 0.00428 0.424
11 31 5 2 1 29 18 0 0.178 4.65e-06 7.13e-09 0.0043 0.427
11 32 6 2 1 29 18 0 0.0823 3.73e-06 7.18e-09 0.00433 0.434
11 33 6 3 1 29 18 0 0.0574 1.68e-06 7.43e-09 0.00437 0.428
11 34 5 3 1 29 18 0 0.0454 2.15e-06 7e-09 0.0044 0.428
11 35 5 3 1 29 18 0 0.0309 1.22e-06 7.23e-09 0.00444 0.43
11 36 5 3 1 29 18 0 0.0241 1.17e-06 7.32e-09 0.00447 0.432
11 37 5 3 1 29 18 0 0.0204 1.2e-06 7.37e-09 0.0045 0.434
11 38 5 3 1 29 18 0 0.0183 1.19e-06 7.4e-09 0.00452 0.435
11 39 5 3 1 29 18 0 0.0169 1.17e-06 7.43e-09 0.00455 0.437
11 40 5 3 1 29 18 0 0.0157 1.14e-06 7.46e-09 0.00457 0.438
11 41 5 3 1 29 18 0 0.0265 1.1e-06 7.49e-09 0.00458 0.44
11 42 5 3 1 29 18 0 0.0782 6.77e-06 7.41e-09 0.00459 0.457
11 43 5 3 1 29 18 0 0.0278 2.84e-06 7.96e-09 0.00461 0.455
11 44 5 3 1 29 18 0 0.0163 1.95e-06 7.55e-09 0.00462 0.452
11 45 5 3 1 29 18 0 0.0117 1.34e-06 7.51e-09 0.00464 0.45
11 46 5 3 1 29 18 0 0.00977 1.06e-06 7.54e-09 0.00466 0.45
11 47 5 3 1 29 18 0 0.00879 8.9e-07 7.58e-09 0.00467 0.45
11 48 5 3 1 29 18 0 0.0082 7.89e-07 7.61e-09 0.00468 0.451
11 49 5 3 1 29 18 0 0.00773 7.55e-07 7.64e-09 0.0047 0.452
11 50 5 3 1 29 18 0 0.0073 7.28e-07 7.66e-09 0.00471 0.453
11 51 5 3 1 29 18 0 0.0562 7.02e-07 7.67e-09 0.0047 0.454
11 52 6 3 1 29 18 0 0.0644 1.99e-06 7.7e-09 0.0047 0.459
11 53 6 3 1 29 18 0 0.0415 1.7e-06 7.94e-09 0.00471 0.451
11 54 5 3 1 29 18 0 0.0307 2.55e-06 7.43e-09 0.00473 0.449
11 55 5 3 1 29 18 0 0.017 1.38e-06 7.65e-09 0.00474 0.45
11 56 5 3 1 29 18 0 0.0111 7.92e-07 7.72e-09 0.00475 0.45
11 57 5 3 1 29 18 0 0.00837 4.75e-07 7.75e-09 0.00476 0.451
11 58 5 3 1 29 18 0 0.00693 4.73e-07 7.77e-09 0.00477 0.452
11 59 5 3 1 29 18 0 0.00606 4.77e-07 7.78e-09 0.00478 0.452
11 60 5 3 1 29 18 0 0.00559 4.71e-07 7.79e-09 0.00479 0.453
11 61 5 3 1 29 18 0 0.0052 4.59e-07 7.8e-09 0.00478 0.453
11 62 5 3 1 29 18 0 0.0702 7.35e-06 7.7e-09 0.00478 0.47
11 63 5 3 1 29 18 0 0.0204 2.61e-06 8.26e-09 0.00478 0.467
11 64 5 3 1 29 18 0 0.00929 1.77e-06 7.81e-09 0.00479 0.463
11 65 5 3 1 29 18 0 0.0048 1.14e-06 7.76e-09 0.00479 0.461
11 66 5 3 1 29 18 0 0.00336 7.47e-07 7.77e-09 0.0048 0.46
11 67 5 3 1 29 18 0 0.00275 5.37e-07 7.8e-09 0.0048 0.46
11 68 5 3 1 29 18 0 0.00249 4.37e-07 7.83e-09 0.00481 0.46
11 69 5 3 1 29 18 0 0.00235 3.79e-07 7.84e-09 0.00481 0.46
11 70 5 3 1 29 18 0 0.00225 3.43e-07 7.85e-09 0.00482 0.461
11 71 5 3 1 29 18 0 0.0286 3.19e-07 7.86e-09 0.0048 0.461
11 72 6 3 1 29 18 0 0.0603 2.03e-06 7.88e-09 0.0048 0.466
11 73 6 3 1 29 18 0 0.0379 1.78e-06 8.12e-09 0.0048 0.457
11 74 5 4 1 29 18 0 0.0273 2.66e-06 7.59e-09 0.00481 0.455
11 75 5 4 1 29 18 0 0.0138 9.1e-07 7.81e-09 0.00482 0.455
11 76 5 4 1 29 18 0 0.00811 5.35e-07 7.87e-09 0.00482 0.455
11 77 5 4 1 29 18 0 0.00554 3.23e-07 7.9e-09 0.00483 0.456
11 78 5 4 1 29 18 0 0.00428 2.36e-07 7.91e-09 0.00484 0.456
11 79 5 4 1 29 18 0 0.00359 1.76e-07 7.91e-09 0.00484 0.456
11 80 5 4 1 29 18 0 0.00318 1.36e-07 7.92e-09 0.00485 0.456
11 81 5 4 1 29 18 0 0.00797 1.1e-07 7.92e-09 0.00483 0.457
11 82 5 4 1 29 18 0 0.0683 7.1e-06 7.81e-09 0.00483 0.474
11 83 5 4 1 29 18 0 0.0186 1.77e-06 8.38e-09 0.00483 0.471
11 84 5 4 1 29 18 0 0.0076 1.41e-06 7.92e-09 0.00483 0.467
11 85 5 4 1 29 18 0 0.00313 9.33e-07 7.86e-09 0.00483 0.464
11 86 5 4 1 29 18 0 0.0018 5.44e-07 7.87e-09 0.00483 0.463
11 87 5 4 1 29 18 0 0.00134 3.39e-07 7.9e-09 0.00484 0.462
11 88 5 4 1 29 18 0 0.00118 2.24e-07 7.92e-09 0.00484 0.462
11 89 5 4 1 29 18 0 0.00109 1.62e-07 7.93e-09 0.00484 0.462
11 90 5 4 1 29 18 0 0.00106 1.28e-07 7.94e-09 0.00484 0.463
11 91 5 4 1 29 18 0 0.0218 1.1e-07 7.95e-09 0.00483 0.463
11 92 5 4 1 29 18 0 0.0593 8.69e-06 7.96e-09 0.00482 0.467
11 93 5 4 1 29 18 0 0.037 9.45e-06 8.2e-09 0.00482 0.458
11 94 5 4 1 29 18 0 0.0264 1.71e-06 7.66e-09 0.00483 0.456
11 95 5 4 1 29 18 0 0.013 9.13e-07 7.88e-09 0.00484 0.456
11 96 5 4 1 29 18 0 0.00736 5.35e-07 7.94e-09 0.00484 0.456
11 97 5 4 1 29 18 0 0.00483 3.5e-07 7.97e-09 0.00485 0.457
11 98 5 4 1 29 18 0 0.00362 2.62e-07 7.97e-09 0.00485 0.457
11 99 5 4 1 29 18 0 0.00298 2.01e-07 7.98e-09 0.00486 0.457
11 100 5 4 1 29 18 0 0.00259 1.58e-07 7.98e-09 0.00486 0.457
11 101 5 4 1 29 18 0 0.00956 1.27e-07 7.98e-09 0.00484 0.457
11 102 5 4 1 29 18 0 0.0678 7.1e-06 7.87e-09 0.00484 0.474
11 103 5 4 1 29 18 0 0.0181 1.78e-06 8.44e-09 0.00484 0.471
11 104 5 4 1 29 18 0 0.00718 1.39e-06 7.97e-09 0.00484 0.467
11 105 5 5 1 29 18 0 0.00271 8.3e-07 7.91e-09 0.00484 0.464
11 106 5 6 1 29 18 0 0.00141 4.59e-07 7.92e-09 0.00484 0.463
11 107 5 6 1 29 18 0 0.00101 2.59e-07 7.95e-09 0.00485 0.462
11 108 5 6 1 29 18 0 0.000878 1.51e-07 7.96e-09 0.00485 0.462
stationary flow nc = 4 i = 108 du = 0.000877867
# Quadtree, 108 steps, 1702.4 CPU, 1713 real, 4.47e+03 points.step/s, 33 var
11 0 5 6 1 29 18 0 0 1.51e-07 7.96e-09 0 0
11 1 5 6 1 5 18 0 1 0 0 0.000499 0
11 2 5 5 1 29 19 0 1.15 4.13e-06 5.95e-09 0.000652 0.225
11 3 5 5 1 26 19 0 0.972 5.71e-06 8.87e-09 0.000782 0.286
11 4 5 5 1 26 19 0 0.727 8.13e-06 5.59e-09 0.000914 0.297
11 5 6 5 1 25 19 0 0.518 2.93e-06 9.93e-09 0.00104 0.298
11 6 5 5 1 26 19 0 0.413 4.01e-06 5.55e-09 0.00116 0.302
11 7 5 5 1 26 19 0 0.312 2.78e-06 5.68e-09 0.00127 0.311
11 8 5 5 1 26 19 0 0.248 2.49e-06 5.91e-09 0.00136 0.32
11 9 5 5 1 26 19 0 0.204 2.36e-06 6.1e-09 0.00144 0.33
11 10 5 5 1 26 19 0 0.171 2.23e-06 6.28e-09 0.00152 0.339
11 11 5 5 1 26 19 0 0.145 2.07e-06 6.44e-09 0.00158 0.347
11 12 5 5 1 26 19 0 0.124 1.81e-06 6.57e-09 0.00164 0.354
11 13 5 5 1 26 19 0 0.106 1.64e-06 6.69e-09 0.00169 0.361
11 14 5 5 1 26 19 0 0.0914 1.49e-06 6.79e-09 0.00173 0.366
11 15 5 5 1 26 19 0 0.0788 1.35e-06 6.88e-09 0.00177 0.372
11 16 5 4 1 26 19 0 0.0682 1.37e-06 6.96e-09 0.0018 0.376
11 17 5 4 1 26 19 0 0.0591 1.28e-06 7.03e-09 0.00183 0.38
11 18 5 4 1 26 19 0 0.0514 1.22e-06 7.1e-09 0.00186 0.384
11 19 5 4 1 26 19 0 0.0447 1.17e-06 7.15e-09 0.00188 0.387
11 20 5 4 1 26 19 0 0.039 1.12e-06 7.2e-09 0.0019 0.39
11 21 5 3 1 26 19 0 0.0341 1.22e-06 7.25e-09 0.00192 0.393
11 22 5 3 1 26 19 0 0.0298 1.86e-06 7.29e-09 0.00193 0.395
11 23 5 3 1 26 19 0 0.0261 1.76e-06 7.32e-09 0.00195 0.397
11 24 5 3 1 26 19 0 0.0229 1.67e-06 7.35e-09 0.00196 0.399
11 25 5 3 1 26 19 0 0.0201 1.58e-06 7.37e-09 0.00197 0.401
11 26 5 3 1 26 19 0 0.0176 1.5e-06 7.39e-09 0.00198 0.403
11 27 5 3 1 26 19 0 0.0155 1.42e-06 7.41e-09 0.00199 0.404
11 28 5 3 1 26 19 0 0.0136 1.34e-06 7.43e-09 0.002 0.405
11 29 5 3 1 26 19 0 0.012 1.27e-06 7.44e-09 0.002 0.406
11 30 5 3 1 26 19 0 0.0106 1.2e-06 7.45e-09 0.00201 0.407
11 31 5 3 1 26 19 0 0.00929 1.14e-06 7.46e-09 0.00201 0.408
11 32 5 3 1 26 19 0 0.00818 1.07e-06 7.47e-09 0.00202 0.409
11 33 5 3 1 26 19 0 0.00721 1.02e-06 7.47e-09 0.00202 0.41
11 34 5 3 1 26 19 0 0.00636 9.62e-07 7.48e-09 0.00203 0.41
11 35 5 3 1 26 19 0 0.0056 9.09e-07 7.48e-09 0.00203 0.411
11 36 5 3 1 26 19 0 0.00494 8.6e-07 7.48e-09 0.00203 0.411
11 37 5 3 1 26 19 0 0.00436 8.13e-07 7.49e-09 0.00203 0.412
11 38 5 3 1 26 19 0 0.00384 7.69e-07 7.49e-09 0.00204 0.412
11 39 5 3 1 26 19 0 0.00339 7.31e-07 7.49e-09 0.00204 0.413
11 40 5 3 1 26 19 0 0.00299 6.99e-07 7.49e-09 0.00204 0.413
11 41 5 3 1 26 19 0 0.00264 6.67e-07 7.49e-09 0.00204 0.413
11 42 5 3 1 26 19 0 0.00233 6.37e-07 7.49e-09 0.00204 0.414
11 43 5 3 1 26 19 0 0.00206 6.09e-07 7.49e-09 0.00204 0.414
11 44 5 3 1 26 19 0 0.00182 5.81e-07 7.49e-09 0.00205 0.414
11 45 5 3 1 26 19 0 0.0016 5.55e-07 7.49e-09 0.00205 0.414
11 46 5 3 1 26 19 0 0.00141 5.3e-07 7.49e-09 0.00205 0.415
11 47 5 3 1 26 19 0 0.00125 5.06e-07 7.49e-09 0.00205 0.415
11 48 5 3 1 26 19 0 0.0011 4.83e-07 7.49e-09 0.00205 0.415
11 49 5 3 1 26 19 0 0.000974 4.61e-07 7.49e-09 0.00205 0.415
stationary flow nc = 5 i = 49 du = 0.000973881
# Quadtree, 49 steps, 871.297 CPU, 879.4 real, 4.61e+03 points.step/s, 33 var
11 0 5 3 1 26 19 0 0 4.61e-07 7.49e-09 0 0
11 1 5 3 1 5 19 0 1 0 0 0.000399 0
11 2 5 3 1 28 20 0 1.1 8.96e-06 9.81e-09 0.000461 0.214
11 3 5 3 1 25 20 0 0.908 9.59e-06 6.1e-09 0.000509 0.298
11 4 6 3 1 24 20 0 0.669 4.46e-06 5.33e-09 0.000548 0.333
11 5 6 3 1 23 20 0 0.448 4.71e-06 9.32e-09 0.000581 0.348
11 6 6 3 1 24 20 0 0.398 5.08e-06 5.44e-09 0.00061 0.355
11 7 6 3 1 23 20 0 0.232 2.62e-06 9.97e-09 0.000634 0.361
11 8 6 3 1 24 20 0 0.152 2.79e-06 5.28e-09 0.000653 0.366
11 9 6 3 1 24 20 0 0.106 2.74e-06 5.33e-09 0.000668 0.372
11 10 6 3 1 24 20 0 0.0771 2.62e-06 5.4e-09 0.000679 0.377
11 11 5 3 1 24 20 0 0.0581 8.75e-06 5.46e-09 0.000688 0.381
11 12 5 3 1 24 20 0 0.0445 7.17e-06 5.51e-09 0.000694 0.385
11 13 5 3 1 24 20 0 0.0342 5.96e-06 5.55e-09 0.000699 0.388
11 14 5 3 1 24 20 0 0.0263 5.08e-06 5.58e-09 0.000702 0.39
11 15 5 3 1 24 20 0 0.02 4.87e-06 5.6e-09 0.000705 0.392
11 16 5 3 1 24 20 0 0.0151 4.64e-06 5.61e-09 0.000707 0.394
11 17 5 3 1 24 20 0 0.0114 4.44e-06 5.62e-09 0.000708 0.395
11 18 5 3 1 24 20 0 0.00848 4.37e-06 5.62e-09 0.00071 0.396
11 19 5 3 1 24 20 0 0.00631 4.27e-06 5.63e-09 0.00071 0.397
11 20 5 3 1 24 20 0 0.00468 4.14e-06 5.63e-09 0.000711 0.398
11 21 5 3 1 24 20 0 0.00346 3.99e-06 5.62e-09 0.000711 0.398
11 22 5 3 1 24 20 0 0.00255 3.82e-06 5.62e-09 0.000712 0.399
11 23 5 3 1 24 20 0 0.00187 3.65e-06 5.61e-09 0.000712 0.399
11 24 5 3 1 24 20 0 0.00138 3.47e-06 5.61e-09 0.000712 0.4
11 25 5 3 1 24 20 0 0.00101 3.29e-06 5.6e-09 0.000712 0.4
11 26 5 3 1 24 20 0 0.000753 3.11e-06 5.59e-09 0.000712 0.4
stationary flow nc = 6 i = 26 du = 0.000752812
# Quadtree, 26 steps, 536.142 CPU, 543.9 real, 4.52e+03 points.step/s, 33 var
11 0 5 3 1 24 20 0 0 3.11e-06 5.59e-09 0 0
11 1 5 3 1 5 20 0 1 0 0 0.000299 0
11 2 5 3 1 29 21 0 1.07 7.84e-06 9.34e-09 0.000298 0.199
11 3 5 3 1 27 21 0 0.467 9.7e-06 6.34e-09 0.000283 0.306
11 4 6 3 1 26 21 0 0.258 1.49e-06 6.24e-09 0.000259 0.363
11 5 6 3 1 26 21 0 0.243 2.02e-06 5.59e-09 0.000233 0.391
11 6 5 3 1 25 21 0 0.27 8.19e-06 8.75e-09 0.000212 0.403
11 7 5 3 1 25 21 0 0.287 7.04e-06 8e-09 0.000195 0.406
11 8 5 3 1 25 21 0 0.232 5.85e-06 7.66e-09 0.000184 0.405
11 9 5 3 1 25 21 0 0.176 4.78e-06 7.53e-09 0.000177 0.403
11 10 5 3 1 25 21 0 0.123 3.88e-06 7.54e-09 0.000173 0.401
11 11 5 3 1 25 21 0 0.0796 3.14e-06 7.6e-09 0.000171 0.399
11 12 5 3 1 25 21 0 0.0496 2.49e-06 7.68e-09 0.00017 0.397
11 13 5 3 1 25 21 0 0.0289 2.13e-06 7.75e-09 0.00017 0.396
11 14 5 3 1 25 21 0 0.0158 1.83e-06 7.8e-09 0.00017 0.395
11 15 5 3 1 25 21 0 0.00768 1.57e-06 7.84e-09 0.00017 0.395
11 16 5 3 1 25 21 0 0.00511 1.35e-06 7.87e-09 0.00017 0.395
11 17 5 3 1 25 21 0 0.00457 1.26e-06 7.87e-09 0.000171 0.396
11 18 5 3 1 25 21 0 0.00353 1.24e-06 7.87e-09 0.000171 0.396
11 19 5 3 1 25 21 0 0.00243 1.22e-06 7.86e-09 0.000171 0.396
11 20 5 3 1 25 21 0 0.00187 1.18e-06 7.85e-09 0.000171 0.396
11 21 5 3 1 25 21 0 0.00148 1.14e-06 7.83e-09 0.000171 0.397
11 22 5 3 1 25 21 0 0.00113 1.1e-06 7.82e-09 0.000171 0.397
11 23 5 3 1 25 21 0 0.000839 1.06e-06 7.8e-09 0.000171 0.397
stationary flow nc = 7 i = 23 du = 0.00083915
# Quadtree, 23 steps, 562.761 CPU, 569.9 real, 4.15e+03 points.step/s, 33 var
11 0 5 3 1 25 21 0 0 1.06e-06 7.8e-09 0 0
11 1 5 3 1 5 21 0 1 0 0 0.000249 0
11 2 5 3 1 27 22 0 1.15 8.18e-06 7.86e-09 0.000232 0.189
11 3 6 3 1 24 22 0 0.401 1.39e-06 5.81e-09 0.000205 0.297
11 4 6 3 1 23 22 0 0.357 1.88e-06 6.5e-09 0.000172 0.353
11 5 6 3 1 23 22 0 0.382 2.6e-06 5.76e-09 0.000142 0.38
11 6 5 3 1 23 22 0 0.485 7.33e-06 5.33e-09 0.00012 0.389
11 7 5 3 1 22 22 0 0.468 4.58e-06 9.74e-09 0.000105 0.39
11 8 5 3 1 22 22 0 0.359 3.63e-06 9.7e-09 9.65e-05 0.387
11 9 5 3 1 22 22 0 0.245 2.91e-06 9.8e-09 9.22e-05 0.384
11 10 5 3 1 22 22 0 0.147 2.64e-06 9.98e-09 9.04e-05 0.381
11 11 5 3 1 23 22 0 0.0855 2.39e-06 5.4e-09 9.01e-05 0.379
11 12 5 3 1 23 22 0 0.0451 2.17e-06 5.48e-09 9.04e-05 0.377
11 13 5 3 1 23 22 0 0.0237 1.98e-06 5.54e-09 9.09e-05 0.376
11 14 5 3 1 23 22 0 0.0148 1.81e-06 5.57e-09 9.14e-05 0.375
11 15 5 3 1 23 22 0 0.0137 1.67e-06 5.6e-09 9.17e-05 0.375
11 16 5 3 1 23 22 0 0.0101 1.54e-06 5.61e-09 9.19e-05 0.375
11 17 5 3 1 23 22 0 0.00628 1.42e-06 5.62e-09 9.2e-05 0.375
11 18 5 3 1 23 22 0 0.00576 1.32e-06 5.62e-09 9.2e-05 0.376
11 19 5 3 1 23 22 0 0.00576 1.23e-06 5.62e-09 9.19e-05 0.376
11 20 5 3 1 23 22 0 0.0056 1.14e-06 5.62e-09 9.18e-05 0.377
11 21 5 3 1 23 22 0 0.00526 1.06e-06 5.62e-09 9.17e-05 0.377
11 22 5 3 1 23 22 0 0.00479 9.88e-07 5.62e-09 9.17e-05 0.377
11 23 5 3 1 23 22 0 0.00426 9.21e-07 5.62e-09 9.16e-05 0.377
11 24 5 3 1 23 22 0 0.00371 8.6e-07 5.62e-09 9.16e-05 0.377
11 25 5 3 1 23 22 0 0.00319 8.03e-07 5.62e-09 9.15e-05 0.377
11 26 5 3 1 23 22 0 0.00272 7.59e-07 5.62e-09 9.15e-05 0.378
11 27 5 3 1 23 22 0 0.00232 7.18e-07 5.62e-09 9.15e-05 0.378
11 28 5 3 1 23 22 0 0.00198 6.8e-07 5.63e-09 9.15e-05 0.378
11 29 5 3 1 23 22 0 0.00169 6.44e-07 5.63e-09 9.15e-05 0.378
11 30 5 3 1 23 22 0 0.00146 6.1e-07 5.63e-09 9.15e-05 0.378
11 31 5 3 1 23 22 0 0.00126 5.78e-07 5.64e-09 9.15e-05 0.378
11 32 5 3 1 23 22 0 0.0011 5.48e-07 5.64e-09 9.14e-05 0.378
11 33 5 3 1 23 22 0 0.000957 5.2e-07 5.64e-09 9.14e-05 0.378
stationary flow nc = 8 i = 33 du = 0.000956548
# Quadtree, 33 steps, 750.479 CPU, 757.8 real, 4.45e+03 points.step/s, 33 var
