eta_s=0.01 maxlevel=1111 0 0 0 0 0 0 0 0 0 0 0 0
11 1 5 4 1 5 4 0 1 0 0 0.00095 0
11 2 5 3 1 100 18 0 0.521 5.29e-07 2.9e-08 0.00189 0.0136
11 3 5 3 1 54 18 0 0.35 1.44e-06 8.93e-09 0.00282 0.0231
11 4 5 3 1 51 18 0 0.264 1.73e-06 9.22e-09 0.00375 0.032
11 5 5 3 1 51 18 0 0.212 2.98e-06 9.25e-09 0.00468 0.0409
11 6 5 3 1 52 18 0 0.177 4.46e-06 9.41e-09 0.00559 0.0499
11 7 5 3 1 52 18 0 0.153 5.42e-06 9.75e-09 0.0065 0.0593
11 8 5 3 1 52 18 0 0.134 5.31e-06 9.74e-09 0.00741 0.0681
11 9 5 3 1 52 18 0 0.12 5.36e-06 9.69e-09 0.00831 0.0769
11 10 5 3 1 52 18 0 0.108 5.39e-06 9.57e-09 0.0092 0.0857
11 11 5 3 1 61 18 0 0.0987 5.41e-06 9.46e-09 0.0101 0.0944
11 12 5 3 1 61 18 0 0.0907 5.42e-06 9.23e-09 0.011 0.103
11 13 5 3 1 52 18 0 0.0841 5.42e-06 9.47e-09 0.0119 0.112
11 14 5 3 1 52 18 0 0.0784 5.41e-06 9.16e-09 0.0127 0.12
11 15 5 3 1 52 18 0 0.0734 5.39e-06 8.82e-09 0.0136 0.128
11 16 5 3 1 52 18 0 0.0691 5.36e-06 8.45e-09 0.0145 0.137
11 17 5 3 1 52 18 0 0.0653 5.33e-06 8.05e-09 0.0153 0.145
11 18 5 3 1 51 18 0 0.0618 5.3e-06 9.72e-09 0.0162 0.153
11 19 5 3 1 51 18 0 0.0588 5.27e-06 9.17e-09 0.017 0.161
11 20 5 3 1 51 18 0 0.056 5.23e-06 8.6e-09 0.0178 0.169
11 21 5 3 1 51 18 0 0.0534 5.19e-06 8.02e-09 0.0187 0.177
11 22 5 3 1 50 18 0 0.0511 5.16e-06 9.44e-09 0.0195 0.185
11 23 5 3 1 50 18 0 0.049 5.12e-06 8.67e-09 0.0203 0.193
11 24 5 3 1 50 18 0 0.047 5.08e-06 7.88e-09 0.0212 0.201
11 25 5 3 1 49 18 0 0.0452 5.04e-06 9.01e-09 0.022 0.208
11 26 5 3 1 49 18 0 0.0435 5e-06 7.98e-09 0.0228 0.216
11 27 5 3 1 48 18 0 0.0419 4.96e-06 8.85e-09 0.0236 0.223
11 28 5 3 1 47 18 0 0.0404 4.92e-06 9.57e-09 0.0244 0.231
11 29 5 3 1 47 18 0 0.039 4.88e-06 7.86e-09 0.0252 0.238
11 30 5 3 1 38 19 0 0.0378 4.85e-06 7.42e-09 0.026 0.246
11 31 5 3 1 37 19 0 0.0365 4.81e-06 8.51e-09 0.0267 0.253
11 32 5 3 1 38 19 0 0.0354 4.77e-06 7.93e-09 0.0275 0.26
11 33 5 3 1 38 19 0 0.0343 4.73e-06 9.6e-09 0.0283 0.267
11 34 5 3 1 39 19 0 0.0333 4.69e-06 8.28e-09 0.0291 0.274
11 35 5 3 1 39 19 0 0.0323 4.66e-06 9.51e-09 0.0298 0.281
11 36 5 3 1 40 19 0 0.0314 4.62e-06 7.89e-09 0.0306 0.288
11 37 5 3 1 40 19 0 0.0305 4.59e-06 8.79e-09 0.0314 0.295
11 38 5 3 1 40 19 0 0.0297 4.55e-06 9.69e-09 0.0321 0.302
11 39 5 3 1 41 19 0 0.0289 4.52e-06 7.77e-09 0.0329 0.309
11 40 5 3 1 41 19 0 0.0281 4.48e-06 8.43e-09 0.0336 0.315
11 41 5 3 1 41 19 0 0.0274 4.45e-06 9.09e-09 0.0343 0.322
11 42 5 3 1 41 19 0 0.0267 4.41e-06 9.75e-09 0.0351 0.329
11 43 5 3 1 42 19 0 0.0261 4.38e-06 7.65e-09 0.0358 0.335
11 44 5 3 1 42 19 0 0.0254 4.35e-06 8.14e-09 0.0365 0.342
11 45 5 3 1 42 19 0 0.0248 4.32e-06 8.64e-09 0.0372 0.349
11 46 5 3 1 42 19 0 0.0243 4.28e-06 9.13e-09 0.038 0.355
11 47 5 3 1 42 19 0 0.0237 4.25e-06 9.62e-09 0.0387 0.361
11 48 5 3 1 43 19 0 0.0232 4.22e-06 7.42e-09 0.0394 0.368
11 49 5 3 1 43 19 0 0.0227 4.19e-06 7.77e-09 0.0401 0.374
11 50 5 3 1 43 19 0 0.0222 4.16e-06 8.13e-09 0.0408 0.38
11 51 5 3 1 43 19 0 0.0217 4.13e-06 8.48e-09 0.0415 0.387
11 52 5 3 1 43 19 0 0.0212 4.1e-06 8.84e-09 0.0422 0.393
11 53 5 3 1 43 19 0 0.0208 4.07e-06 9.19e-09 0.0429 0.399
11 54 5 3 1 43 19 0 0.0203 4.05e-06 9.54e-09 0.0435 0.405
11 55 5 3 1 43 19 0 0.0199 4.02e-06 9.89e-09 0.0442 0.411
11 56 5 3 1 44 19 0 0.0195 3.99e-06 7.5e-09 0.0449 0.417
11 57 5 3 1 44 19 0 0.0191 3.96e-06 7.75e-09 0.0456 0.423
11 58 5 3 1 44 19 0 0.0188 3.93e-06 8.01e-09 0.0462 0.429
11 59 5 3 1 44 19 0 0.0184 3.91e-06 8.26e-09 0.0469 0.435
11 60 5 3 1 44 19 0 0.0181 3.88e-06 8.51e-09 0.0475 0.441
11 61 5 3 1 44 19 0 0.0177 3.85e-06 8.76e-09 0.0482 0.447
11 62 5 3 1 44 19 0 0.0174 3.83e-06 9e-09 0.0489 0.452
11 63 5 3 1 44 19 0 0.0171 3.8e-06 9.25e-09 0.0495 0.458
11 64 5 3 1 44 19 0 0.0168 3.78e-06 9.49e-09 0.0501 0.464
11 65 5 3 1 44 19 0 0.0165 3.75e-06 9.73e-09 0.0508 0.47
11 66 5 3 1 44 19 0 0.0162 3.73e-06 9.98e-09 0.0514 0.475
11 67 5 3 1 45 19 0 0.0159 3.7e-06 7.49e-09 0.052 0.481
11 68 5 3 1 45 19 0 0.0156 3.68e-06 7.66e-09 0.0527 0.486
11 69 5 3 1 45 19 0 0.0153 3.65e-06 7.84e-09 0.0533 0.492
11 70 5 3 1 45 19 0 0.0151 3.63e-06 8.01e-09 0.0539 0.497
11 71 5 3 1 45 19 0 0.0148 3.61e-06 8.18e-09 0.0545 0.503
11 72 5 3 1 45 19 0 0.0146 3.58e-06 8.35e-09 0.0551 0.508
11 73 5 3 1 45 19 0 0.0143 3.56e-06 8.52e-09 0.0558 0.514
11 74 5 3 1 45 19 0 0.0141 3.54e-06 8.69e-09 0.0564 0.519
11 75 5 3 1 45 19 0 0.0139 3.51e-06 8.86e-09 0.057 0.524
11 76 5 3 1 45 19 0 0.0137 3.49e-06 9.03e-09 0.0576 0.53
11 77 5 3 1 45 19 0 0.0135 3.47e-06 9.19e-09 0.0582 0.535
11 78 5 3 1 45 19 0 0.0132 3.45e-06 9.36e-09 0.0587 0.54
11 79 5 3 1 45 19 0 0.013 3.43e-06 9.52e-09 0.0593 0.545
11 80 5 3 1 45 19 0 0.0128 3.4e-06 9.69e-09 0.0599 0.55
11 81 5 3 1 45 19 0 0.0126 3.38e-06 9.85e-09 0.0605 0.556
11 82 5 3 1 46 19 0 0.0125 3.36e-06 7.33e-09 0.0611 0.561
11 83 5 3 1 46 19 0 0.0123 3.34e-06 7.45e-09 0.0616 0.566
11 84 5 3 1 46 19 0 0.0121 3.32e-06 7.57e-09 0.0622 0.571
11 85 5 3 1 46 19 0 0.0119 3.3e-06 7.68e-09 0.0628 0.576
11 86 5 3 1 46 19 0 0.0117 3.28e-06 7.8e-09 0.0633 0.581
11 87 5 3 1 46 19 0 0.0116 3.26e-06 7.91e-09 0.0639 0.586
11 88 5 3 1 46 19 0 0.0114 3.24e-06 8.03e-09 0.0645 0.59
11 89 5 3 1 46 19 0 0.0112 3.22e-06 8.14e-09 0.065 0.595
11 90 5 3 1 46 19 0 0.0111 3.2e-06 8.25e-09 0.0656 0.6
11 91 5 3 1 46 19 0 0.0109 3.18e-06 8.37e-09 0.0661 0.605
11 92 5 3 1 46 19 0 0.0108 3.16e-06 8.48e-09 0.0667 0.61
11 93 5 3 1 46 19 0 0.0106 3.14e-06 8.59e-09 0.0672 0.615
11 94 5 3 1 46 19 0 0.0105 3.12e-06 8.7e-09 0.0677 0.619
11 95 5 3 1 46 19 0 0.0103 3.1e-06 8.81e-09 0.0683 0.624
11 96 5 3 1 46 19 0 0.0102 3.08e-06 8.92e-09 0.0688 0.629
11 97 5 3 1 46 19 0 0.0101 3.06e-06 9.03e-09 0.0693 0.633
11 98 5 3 1 46 19 0 0.00993 3.04e-06 9.13e-09 0.0699 0.638
11 99 5 3 1 46 19 0 0.00979 3.02e-06 9.24e-09 0.0704 0.642
11 100 5 3 1 46 19 0 0.00967 3e-06 9.35e-09 0.0709 0.647
11 101 5 3 1 46 19 0 0.00954 2.99e-06 9.45e-09 0.0714 0.651
11 102 5 3 1 46 19 0 0.00942 2.97e-06 9.56e-09 0.0719 0.656
11 103 5 3 1 46 19 0 0.0093 2.95e-06 9.66e-09 0.0724 0.66
11 104 5 3 1 46 19 0 0.00918 2.93e-06 9.77e-09 0.0729 0.665
11 105 5 3 1 46 19 0 0.00906 2.91e-06 9.87e-09 0.0734 0.669
11 106 5 3 1 46 19 0 0.00895 2.9e-06 9.97e-09 0.0739 0.674
11 107 5 3 1 47 19 0 0.00884 2.88e-06 7.38e-09 0.0744 0.678
11 108 5 3 1 47 19 0 0.00873 2.86e-06 7.45e-09 0.0749 0.682
11 109 5 3 1 47 19 0 0.00862 2.84e-06 7.52e-09 0.0754 0.687
11 110 5 3 1 47 19 0 0.00851 2.83e-06 7.6e-09 0.0759 0.691
11 111 5 3 1 47 19 0 0.00841 2.81e-06 7.67e-09 0.0764 0.695
11 112 5 3 1 47 19 0 0.00831 2.79e-06 7.74e-09 0.0769 0.699
11 113 5 3 1 47 19 0 0.00821 2.78e-06 7.82e-09 0.0774 0.704
11 114 5 3 1 47 19 0 0.00811 2.76e-06 7.89e-09 0.0778 0.708
11 115 5 3 1 47 19 0 0.00801 2.74e-06 7.96e-09 0.0783 0.712
11 116 5 3 1 47 19 0 0.00792 2.73e-06 8.03e-09 0.0788 0.716
11 117 5 3 1 47 19 0 0.00783 2.71e-06 8.1e-09 0.0792 0.72
11 118 5 3 1 47 19 0 0.00773 2.69e-06 8.17e-09 0.0797 0.724
11 119 5 3 1 47 19 0 0.00764 2.68e-06 8.24e-09 0.0802 0.728
11 120 5 3 1 47 19 0 0.00756 2.66e-06 8.31e-09 0.0806 0.732
11 121 5 3 1 47 19 0 0.00747 2.64e-06 8.38e-09 0.0811 0.736
11 122 5 3 1 47 19 0 0.00738 2.63e-06 8.44e-09 0.0815 0.74
11 123 5 3 1 47 19 0 0.0073 2.62e-06 8.51e-09 0.082 0.744
11 124 5 3 1 47 19 0 0.00722 2.6e-06 8.58e-09 0.0824 0.748
11 125 5 3 1 47 19 0 0.00714 2.59e-06 8.65e-09 0.0829 0.752
11 126 5 3 1 47 19 0 0.00706 2.57e-06 8.71e-09 0.0833 0.756
11 127 5 3 1 47 19 0 0.00698 2.55e-06 8.78e-09 0.0838 0.76
11 128 5 3 1 47 19 0 0.0069 2.54e-06 8.85e-09 0.0842 0.764
11 129 5 3 1 47 19 0 0.00682 2.52e-06 8.91e-09 0.0846 0.768
11 130 5 3 1 47 19 0 0.00675 2.51e-06 8.98e-09 0.0851 0.771
11 131 5 3 1 47 19 0 0.00668 2.49e-06 9.04e-09 0.0855 0.775
11 132 5 3 1 47 19 0 0.0066 2.48e-06 9.1e-09 0.0859 0.779
11 133 5 3 1 47 19 0 0.00653 2.46e-06 9.17e-09 0.0864 0.783
11 134 5 3 1 47 19 0 0.00646 2.45e-06 9.23e-09 0.0868 0.786
11 135 5 3 1 47 19 0 0.00639 2.43e-06 9.3e-09 0.0872 0.79
11 136 5 3 1 47 19 0 0.00632 2.42e-06 9.36e-09 0.0876 0.794
11 137 5 3 1 47 19 0 0.00626 2.41e-06 9.42e-09 0.088 0.797
11 138 5 3 1 47 19 0 0.00619 2.39e-06 9.48e-09 0.0885 0.801
11 139 5 3 1 47 19 0 0.00613 2.38e-06 9.54e-09 0.0889 0.805
11 140 5 3 1 47 19 0 0.00606 2.36e-06 9.6e-09 0.0893 0.808
11 141 5 3 1 47 19 0 0.006 2.35e-06 9.67e-09 0.0897 0.812
11 142 5 3 1 47 19 0 0.00594 2.33e-06 9.73e-09 0.0901 0.815
11 143 5 3 1 47 19 0 0.00588 2.32e-06 9.79e-09 0.0905 0.819
11 144 5 3 1 47 19 0 0.00582 2.31e-06 9.85e-09 0.0909 0.822
11 145 5 3 1 47 19 0 0.00576 2.29e-06 9.91e-09 0.0913 0.826
11 146 5 3 1 47 19 0 0.0057 2.28e-06 9.97e-09 0.0917 0.829
11 147 5 3 1 48 19 0 0.00564 2.27e-06 7.34e-09 0.0921 0.833
11 148 5 3 1 48 19 0 0.00558 2.25e-06 7.38e-09 0.0925 0.836
11 149 5 3 1 48 19 0 0.00553 2.24e-06 7.42e-09 0.0928 0.839
11 150 5 3 1 48 19 0 0.00547 2.23e-06 7.47e-09 0.0932 0.843
11 151 5 3 1 48 19 0 0.00542 2.21e-06 7.51e-09 0.0936 0.846
11 152 5 3 1 48 19 0 0.00536 2.2e-06 7.55e-09 0.094 0.849
11 153 5 3 1 48 19 0 0.00531 2.19e-06 7.59e-09 0.0944 0.853
11 154 5 3 1 48 19 0 0.00526 2.17e-06 7.63e-09 0.0947 0.856
11 155 5 3 1 48 19 0 0.00521 2.16e-06 7.67e-09 0.0951 0.859
11 156 5 3 1 48 19 0 0.00515 2.15e-06 7.71e-09 0.0955 0.863
11 157 5 3 1 48 19 0 0.0051 2.13e-06 7.75e-09 0.0959 0.866
11 158 5 3 1 48 19 0 0.00505 2.12e-06 7.8e-09 0.0962 0.869
11 159 5 3 1 48 19 0 0.00501 2.11e-06 7.84e-09 0.0966 0.872
11 160 5 3 1 48 19 0 0.00496 2.1e-06 7.88e-09 0.0969 0.875
11 161 5 3 1 48 19 0 0.0337 2.08e-06 7.91e-09 0.0973 0.878
11 162 5 3 1 48 19 0 0.00491 5.66e-06 7.94e-09 0.0977 0.883
11 163 5 3 1 48 19 0 0.00637 4.81e-06 8.02e-09 0.098 0.886
11 164 5 3 1 48 19 0 0.00477 1.66e-06 8.08e-09 0.0984 0.888
11 165 5 3 1 48 19 0 0.00473 1.83e-06 8.09e-09 0.0987 0.891
11 166 5 3 1 48 19 0 0.00468 1.92e-06 8.12e-09 0.0991 0.894
11 167 5 3 1 48 19 0 0.00464 1.95e-06 8.15e-09 0.0994 0.897
11 168 5 3 1 48 19 0 0.0046 1.96e-06 8.18e-09 0.0998 0.9
11 169 5 3 1 48 19 0 0.00455 1.96e-06 8.22e-09 0.1 0.903
11 170 5 3 1 48 19 0 0.00451 1.96e-06 8.25e-09 0.1 0.906
11 171 5 3 1 48 19 0 0.0151 1.96e-06 8.29e-09 0.101 0.909
11 172 5 3 1 48 19 0 0.00456 5.82e-06 8.31e-09 0.101 0.913
11 173 5 3 1 48 19 0 0.00605 4.67e-06 8.39e-09 0.101 0.917
11 174 5 3 1 48 19 0 0.00434 1.59e-06 8.45e-09 0.102 0.918
11 175 5 3 1 48 19 0 0.00431 1.73e-06 8.46e-09 0.102 0.921
11 176 5 3 1 48 19 0 0.00427 1.82e-06 8.49e-09 0.102 0.924
11 177 5 3 1 48 19 0 0.00423 1.85e-06 8.51e-09 0.103 0.926
11 178 5 3 1 48 19 0 0.00419 1.87e-06 8.55e-09 0.103 0.929
11 179 5 3 1 48 19 0 0.00415 1.87e-06 8.58e-09 0.103 0.932
11 180 5 3 1 48 19 0 0.00412 1.87e-06 8.61e-09 0.104 0.935
11 181 5 3 1 48 19 0 0.0138 1.87e-06 8.65e-09 0.104 0.938
11 182 5 3 1 48 19 0 0.00425 5.99e-06 8.67e-09 0.104 0.942
11 183 5 3 1 48 19 0 0.00577 4.62e-06 8.75e-09 0.105 0.945
11 184 5 3 1 48 19 0 0.00397 1.53e-06 8.81e-09 0.105 0.947
11 185 5 3 1 48 19 0 0.00394 1.59e-06 8.82e-09 0.105 0.949
11 186 5 3 1 48 19 0 0.0039 1.68e-06 8.83e-09 0.106 0.952
11 187 5 3 1 48 19 0 0.00387 1.72e-06 8.86e-09 0.106 0.954
11 188 5 3 1 48 19 0 0.00383 1.73e-06 8.89e-09 0.106 0.957
11 189 5 3 1 48 19 0 0.0038 1.74e-06 8.92e-09 0.107 0.96
11 190 5 3 1 48 19 0 0.00377 1.74e-06 8.96e-09 0.107 0.962
11 191 5 3 1 48 19 0 0.0127 1.74e-06 8.99e-09 0.107 0.965
11 192 5 3 1 48 19 0 0.00399 5.97e-06 8.25e-09 0.107 0.969
11 193 5 3 1 48 19 0 0.00553 4.99e-06 9.1e-09 0.108 0.972
11 194 5 3 1 48 19 0 0.00363 1.44e-06 9.15e-09 0.108 0.973
11 195 5 3 1 48 19 0 0.00361 1.51e-06 9.14e-09 0.108 0.975
11 196 5 3 1 48 19 0 0.00358 1.6e-06 9.15e-09 0.109 0.978
11 197 5 3 1 48 19 0 0.00355 1.63e-06 9.18e-09 0.109 0.98
11 198 5 3 1 48 19 0 0.00352 1.64e-06 9.21e-09 0.109 0.983
11 199 5 3 1 48 19 0 0.00349 1.65e-06 9.24e-09 0.109 0.985
11 200 5 3 1 48 19 0 0.00346 1.66e-06 9.27e-09 0.11 0.988
11 201 5 3 1 48 19 0 0.0117 1.66e-06 9.31e-09 0.11 0.99
11 202 5 3 1 48 19 0 0.00575 3.76e-06 8.52e-09 0.11 1
11 203 5 3 1 48 19 0 0.00532 4.99e-06 9.37e-09 0.111 1
11 204 5 3 1 48 19 0 0.00337 1.63e-06 9.44e-09 0.111 1
11 205 5 3 1 48 19 0 0.00334 1.41e-06 9.42e-09 0.111 1
11 206 5 3 1 48 19 0 0.00331 1.48e-06 9.43e-09 0.111 1
11 207 5 3 1 48 19 0 0.00328 1.51e-06 9.45e-09 0.112 1.01
11 208 5 3 1 48 19 0 0.00325 1.53e-06 9.48e-09 0.112 1.01
11 209 5 3 1 48 19 0 0.00322 1.54e-06 9.51e-09 0.112 1.01
11 210 5 3 1 48 19 0 0.00319 1.54e-06 9.54e-09 0.113 1.01
11 211 5 3 1 48 19 0 0.0109 1.54e-06 9.57e-09 0.113 1.02
11 212 6 3 1 48 19 0 0.00568 2.09e-06 8.83e-09 0.113 1.02
11 213 5 3 1 48 19 0 0.00463 7.62e-06 9.61e-09 0.113 1.02
11 214 5 3 1 48 19 0 0.00348 2.49e-06 9.65e-09 0.114 1.02
11 215 5 3 1 48 19 0 0.00309 1.56e-06 9.62e-09 0.114 1.02
11 216 5 3 1 48 19 0 0.00297 1.47e-06 9.64e-09 0.114 1.03
11 217 5 3 1 48 19 0 0.00295 1.46e-06 9.67e-09 0.114 1.03
11 218 5 3 1 48 19 0 0.00293 1.43e-06 9.7e-09 0.115 1.03
11 219 5 3 1 48 19 0 0.00292 1.42e-06 9.73e-09 0.115 1.03
11 220 5 3 1 48 19 0 0.0029 1.43e-06 9.76e-09 0.115 1.03
11 221 5 3 1 48 19 0 0.00982 1.43e-06 9.79e-09 0.115 1.04
11 222 5 3 1 48 19 0 0.00529 3.72e-06 9.08e-09 0.116 1.05
11 223 5 3 1 48 19 0 0.00464 3.01e-06 9.88e-09 0.116 1.04
11 224 5 3 1 49 19 0 0.00282 1.31e-06 7.33e-09 0.116 1.05
11 225 5 3 1 49 19 0 0.00279 1.05e-06 7.32e-09 0.116 1.05
11 226 5 3 1 49 19 0 0.00277 1.2e-06 7.33e-09 0.117 1.05
11 227 5 3 1 49 19 0 0.00275 1.3e-06 7.35e-09 0.117 1.05
11 228 5 3 1 49 19 0 0.00273 1.34e-06 7.37e-09 0.117 1.05
11 229 5 3 1 49 19 0 0.00271 1.36e-06 7.39e-09 0.117 1.06
11 230 5 3 1 49 19 0 0.00269 1.37e-06 7.42e-09 0.118 1.06
11 231 5 3 1 49 19 0 0.00801 1.37e-06 7.44e-09 0.118 1.06
11 232 5 3 1 48 19 0 0.00545 5.89e-06 9.43e-09 0.118 1.06
11 233 5 3 1 48 19 0 0.00391 1.64e-06 9.6e-09 0.118 1.06
11 234 5 3 1 48 19 0 0.00306 1.01e-06 9.59e-09 0.118 1.07
11 235 5 3 1 48 19 0 0.00267 1.22e-06 9.6e-09 0.119 1.07
11 236 5 3 1 48 19 0 0.00252 1.3e-06 9.6e-09 0.119 1.07
11 237 5 3 1 48 19 0 0.00251 1.31e-06 9.61e-09 0.119 1.07
11 238 5 3 1 48 19 0 0.0025 1.31e-06 9.63e-09 0.119 1.07
11 239 5 3 1 48 19 0 0.00248 1.31e-06 9.65e-09 0.12 1.07
11 240 5 3 1 48 19 0 0.00247 1.31e-06 9.66e-09 0.12 1.08
11 241 5 3 1 48 19 0 0.00879 1.3e-06 9.69e-09 0.12 1.08
11 242 5 3 1 48 19 0 0.005 8.39e-06 9.52e-09 0.12 1.09
11 243 5 3 1 48 19 0 0.00466 6.12e-06 9.55e-09 0.12 1.09
11 244 5 3 1 48 19 0 0.00273 2.2e-06 9.65e-09 0.121 1.09
11 245 5 3 1 48 19 0 0.00242 1.49e-06 9.64e-09 0.121 1.09
11 246 5 3 1 48 19 0 0.0024 1.26e-06 9.65e-09 0.121 1.09
11 247 5 3 1 48 19 0 0.00238 1.16e-06 9.67e-09 0.121 1.09
11 248 5 3 1 48 19 0 0.00236 1.16e-06 9.69e-09 0.122 1.09
11 249 5 3 1 48 19 0 0.00234 1.16e-06 9.71e-09 0.122 1.1
11 250 5 3 1 48 19 0 0.00232 1.17e-06 9.74e-09 0.122 1.1
11 251 5 3 1 48 19 0 0.00802 1.18e-06 9.76e-09 0.122 1.1
11 252 6 3 1 48 19 0 0.00495 2.44e-06 9.9e-09 0.122 1.1
11 253 5 3 1 48 19 0 0.00457 3.87e-06 9.99e-09 0.123 1.11
11 254 5 3 1 49 19 0 0.00277 2.56e-06 7.37e-09 0.123 1.11
11 255 5 3 1 49 19 0 0.00238 1.17e-06 7.36e-09 0.123 1.11
11 256 5 3 1 49 19 0 0.00218 8.32e-07 7.35e-09 0.123 1.11
11 257 5 3 1 49 19 0 0.00214 1.03e-06 7.35e-09 0.123 1.11
11 258 5 3 1 49 19 0 0.00213 1.12e-06 7.35e-09 0.124 1.11
11 259 5 3 1 49 19 0 0.00212 1.15e-06 7.36e-09 0.124 1.11
11 260 5 3 1 49 19 0 0.00211 1.16e-06 7.38e-09 0.124 1.11
11 261 5 3 1 49 19 0 0.00694 1.16e-06 7.39e-09 0.124 1.12
11 262 5 3 1 48 19 0 0.00472 8.65e-06 9.93e-09 0.124 1.13
11 263 5 3 1 48 19 0 0.0044 6.42e-06 9.96e-09 0.125 1.12
11 264 5 3 1 49 19 0 0.00248 2.23e-06 7.35e-09 0.125 1.12
11 265 5 3 1 49 19 0 0.00209 1.4e-06 7.35e-09 0.125 1.12
11 266 5 3 1 49 19 0 0.00207 1.17e-06 7.35e-09 0.125 1.13
11 267 5 3 1 49 19 0 0.00205 1.04e-06 7.36e-09 0.125 1.13
11 268 5 3 1 49 19 0 0.00204 1.02e-06 7.38e-09 0.126 1.13
11 269 5 3 1 49 19 0 0.00202 1.03e-06 7.39e-09 0.126 1.13
11 270 5 3 1 49 19 0 0.002 1.04e-06 7.41e-09 0.126 1.13
11 271 5 3 1 49 19 0 0.00695 1.05e-06 7.43e-09 0.126 1.13
11 272 6 3 1 49 19 0 0.00469 2.52e-06 7.53e-09 0.126 1.14
11 273 5 3 1 49 19 0 0.00434 4.05e-06 7.59e-09 0.126 1.14
11 274 5 3 1 49 19 0 0.0025 2.71e-06 7.67e-09 0.127 1.14
11 275 5 3 1 49 19 0 0.00212 1.28e-06 7.64e-09 0.127 1.14
11 276 5 3 1 49 19 0 0.00192 7.61e-07 7.63e-09 0.127 1.14
11 277 5 3 1 49 19 0 0.00184 8.99e-07 7.63e-09 0.127 1.14
11 278 5 3 1 49 19 0 0.00183 9.85e-07 7.63e-09 0.127 1.14
11 279 5 3 1 49 19 0 0.00183 1.02e-06 7.64e-09 0.128 1.15
11 280 5 3 1 49 19 0 0.00182 1.03e-06 7.65e-09 0.128 1.15
11 281 5 3 1 49 19 0 0.00596 1.04e-06 7.66e-09 0.128 1.15
11 282 5 3 1 49 19 0 0.00448 8.94e-06 7.53e-09 0.128 1.17
11 283 5 3 1 49 19 0 0.00419 6.67e-06 7.55e-09 0.128 1.16
11 284 5 3 1 49 19 0 0.00227 2.25e-06 7.62e-09 0.128 1.16
11 285 5 3 1 49 19 0 0.00181 1.34e-06 7.61e-09 0.129 1.16
11 286 5 3 1 49 19 0 0.00179 1.09e-06 7.62e-09 0.129 1.16
11 287 5 3 1 49 19 0 0.00178 9.58e-07 7.63e-09 0.129 1.16
11 288 5 3 1 49 19 0 0.00176 9e-07 7.64e-09 0.129 1.16
11 289 5 3 1 49 19 0 0.00175 9.08e-07 7.65e-09 0.129 1.16
11 290 5 3 1 49 19 0 0.00173 9.19e-07 7.67e-09 0.129 1.16
11 291 5 3 1 49 19 0 0.00605 9.28e-07 7.68e-09 0.13 1.17
11 292 6 3 1 49 19 0 0.00537 2.61e-06 7.87e-09 0.13 1.18
11 293 5 3 1 49 19 0 0.00393 5.06e-06 7.85e-09 0.13 1.17
11 294 5 3 1 49 19 0 0.00229 3.4e-06 7.92e-09 0.13 1.17
11 295 5 3 1 49 19 0 0.0019 1.58e-06 7.89e-09 0.13 1.17
11 296 5 3 1 49 19 0 0.0017 7.31e-07 7.88e-09 0.13 1.17
11 297 5 3 1 49 19 0 0.00159 7.77e-07 7.88e-09 0.131 1.17
11 298 5 3 1 49 19 0 0.00158 8.73e-07 7.88e-09 0.131 1.18
11 299 5 3 1 49 19 0 0.00157 9.11e-07 7.89e-09 0.131 1.18
11 300 5 3 1 49 19 0 0.00157 9.25e-07 7.9e-09 0.131 1.18
11 301 5 3 1 49 19 0 0.00524 9.3e-07 7.91e-09 0.131 1.18
11 302 6 3 1 49 19 0 0.00418 2.5e-06 7.79e-09 0.131 1.19
11 303 5 3 1 49 19 0 0.00399 5.83e-06 7.82e-09 0.131 1.18
11 304 5 3 1 49 19 0 0.00217 2.08e-06 7.88e-09 0.132 1.18
11 305 5 3 1 49 19 0 0.00187 1.18e-06 7.88e-09 0.132 1.18
11 306 5 3 1 49 19 0 0.0017 9.71e-07 7.88e-09 0.132 1.19
11 307 5 3 1 49 19 0 0.0016 8.56e-07 7.89e-09 0.132 1.19
11 308 5 3 1 49 19 0 0.00153 7.86e-07 7.9e-09 0.132 1.19
11 309 5 3 1 49 19 0 0.0015 7.86e-07 7.91e-09 0.132 1.19
11 310 5 3 1 49 19 0 0.00148 7.99e-07 7.93e-09 0.133 1.19
11 311 5 3 1 49 19 0 0.00509 8.1e-07 7.94e-09 0.133 1.19
11 312 5 3 1 49 19 0 0.00442 1.6e-06 7.97e-09 0.133 1.21
11 313 5 3 1 49 19 0 0.0055 2.38e-06 7.9e-09 0.133 1.2
11 314 5 3 1 49 19 0 0.00278 1.24e-06 8.01e-09 0.133 1.2
11 315 5 3 1 49 19 0 0.00192 7.95e-07 7.99e-09 0.133 1.2
11 316 5 3 1 49 19 0 0.00158 7.91e-07 7.98e-09 0.133 1.2
11 317 5 3 1 49 19 0 0.00143 8e-07 7.98e-09 0.134 1.2
11 318 5 3 1 49 19 0 0.00142 7.98e-07 7.99e-09 0.134 1.2
11 319 5 3 1 49 19 0 0.00141 7.97e-07 8e-09 0.134 1.2
11 320 5 3 1 49 19 0 0.0014 7.97e-07 8.01e-09 0.134 1.21
11 321 5 3 1 49 19 0 0.00479 7.99e-07 8.02e-09 0.134 1.21
11 322 6 3 1 49 19 0 0.00516 2.84e-06 8.11e-09 0.134 1.22
11 323 5 3 1 49 19 0 0.00359 4.84e-06 8.05e-09 0.134 1.21
11 324 5 3 1 49 19 0 0.00204 1.65e-06 8.13e-09 0.134 1.21
11 325 5 3 1 49 19 0 0.00164 7.51e-07 8.12e-09 0.135 1.21
11 326 5 3 1 49 19 0 0.00144 6.43e-07 8.11e-09 0.135 1.21
11 327 5 3 1 49 19 0 0.00132 7.06e-07 8.11e-09 0.135 1.21
11 328 5 3 1 49 19 0 0.00127 7.29e-07 8.12e-09 0.135 1.22
11 329 5 3 1 49 19 0 0.00127 7.39e-07 8.13e-09 0.135 1.22
11 330 5 3 1 49 19 0 0.00126 7.44e-07 8.14e-09 0.135 1.22
11 331 5 3 1 49 19 0 0.00432 7.47e-07 8.14e-09 0.135 1.22
11 332 6 3 1 49 19 0 0.00396 1.93e-06 8.21e-09 0.136 1.22
11 333 5 3 1 49 19 0 0.00352 4.48e-06 8.16e-09 0.136 1.22
11 334 5 3 1 49 19 0 0.0019 1.58e-06 8.22e-09 0.136 1.22
11 335 5 3 1 49 19 0 0.00159 7.29e-07 8.21e-09 0.136 1.22
11 336 5 3 1 49 19 0 0.00142 5.91e-07 8.21e-09 0.136 1.22
11 337 5 3 1 49 19 0 0.00133 6.5e-07 8.21e-09 0.136 1.22
11 338 5 3 1 49 19 0 0.00126 6.78e-07 8.21e-09 0.136 1.22
11 339 5 3 1 49 19 0 0.00122 6.92e-07 8.22e-09 0.136 1.23
11 340 5 3 1 49 19 0 0.00121 7.02e-07 8.23e-09 0.137 1.23
11 341 5 3 1 49 19 0 0.00407 7.08e-07 8.24e-09 0.137 1.23
11 342 5 2 1 49 19 0 0.00419 2.31e-06 8.27e-09 0.137 1.25
11 343 5 2 1 49 19 0 0.00504 6.52e-06 8.13e-09 0.137 1.23
11 344 5 2 1 49 19 0 0.00255 1.85e-06 8.19e-09 0.137 1.23
11 345 5 2 1 49 19 0 0.00167 1.74e-06 8.21e-09 0.137 1.23
11 346 5 2 1 49 19 0 0.00132 1.82e-06 8.22e-09 0.137 1.23
11 347 5 2 1 49 19 0 0.00116 1.81e-06 8.23e-09 0.137 1.24
11 348 5 2 1 49 19 0 0.00112 1.76e-06 8.24e-09 0.137 1.24
11 349 5 2 1 49 19 0 0.00111 1.69e-06 8.25e-09 0.138 1.24
11 350 5 2 1 49 19 0 0.00111 1.62e-06 8.26e-09 0.138 1.24
11 351 5 2 1 49 19 0 0.00502 1.55e-06 8.27e-09 0.138 1.24
11 352 5 2 1 49 19 0 0.00422 6.74e-06 9.03e-09 0.138 1.25
11 353 5 2 1 49 19 0 0.00157 2.63e-06 9.01e-09 0.138 1.24
11 354 5 2 1 49 19 0 0.00118 1.92e-06 9e-09 0.138 1.24
11 355 5 2 1 49 19 0 0.00108 1.44e-06 8.99e-09 0.138 1.24
11 356 5 2 1 49 19 0 0.00107 1.12e-06 8.99e-09 0.138 1.24
11 357 5 2 1 49 19 0 0.00107 9.63e-07 8.99e-09 0.138 1.25
11 358 5 2 1 49 19 0 0.00106 9.03e-07 9e-09 0.139 1.25
11 359 5 2 1 49 19 0 0.00106 9.09e-07 9.01e-09 0.139 1.25
11 360 5 2 1 49 19 0 0.00105 9.24e-07 9.02e-09 0.139 1.25
11 361 5 2 1 49 19 0 0.00443 9.39e-07 9.03e-09 0.139 1.25
11 362 5 2 1 49 19 0 0.0042 7.5e-06 8.1e-09 0.139 1.26
11 363 5 2 1 49 19 0 0.0053 4.63e-06 8.32e-09 0.139 1.26
11 364 5 2 1 49 19 0 0.00404 5.15e-06 8.39e-09 0.139 1.26
11 365 5 2 1 49 19 0 0.00189 2.13e-06 8.44e-09 0.139 1.25
11 366 5 2 1 49 19 0 0.00126 1.51e-06 8.44e-09 0.139 1.25
11 367 5 2 1 49 19 0 0.00109 1.29e-06 8.43e-09 0.139 1.25
11 368 5 2 1 49 19 0 0.00104 1.17e-06 8.43e-09 0.14 1.26
11 369 5 2 1 49 19 0 0.00101 1.18e-06 8.43e-09 0.14 1.26
11 370 5 2 1 49 19 0 0.000982 1.24e-06 8.43e-09 0.14 1.26
stationary flow nc = 0 i = 370 du = 0.000981722
# Quadtree, 370 steps, 4559.09 CPU, 4582 real, 2.06e+03 points.step/s, 33 var
11 0 5 2 1 49 19 0 0 1.24e-06 8.43e-09 0 0
11 1 5 2 1 5 19 0 1 0 0 0.0009 0
11 2 5 2 1 46 21 0 0.524 3.64e-06 7.42e-09 0.00178 0.0183
11 3 5 2 1 35 21 0 0.353 4.24e-06 7.08e-09 0.00266 0.0301
11 4 5 2 1 33 21 0 0.268 5.05e-06 7.35e-09 0.00353 0.0412
11 5 5 2 1 33 21 0 0.216 5.31e-06 7.59e-09 0.00438 0.0519
11 6 5 2 1 33 21 0 0.181 6.06e-06 9.96e-09 0.00523 0.0623
11 7 5 2 1 34 21 0 0.157 6.17e-06 7e-09 0.00607 0.0732
11 8 5 2 1 34 21 0 0.138 6.27e-06 7.26e-09 0.0069 0.0836
11 9 5 2 1 34 21 0 0.124 6.41e-06 7.47e-09 0.00773 0.094
11 10 5 2 1 34 21 0 0.112 6.53e-06 7.63e-09 0.00854 0.104
11 11 5 2 1 40 20 0 0.103 6.62e-06 7.38e-09 0.00935 0.114
11 12 5 2 1 48 19 0 0.0948 6.69e-06 9.69e-09 0.0101 0.124
11 13 5 2 1 63 18 0 0.0881 6.73e-06 8.48e-09 0.0109 0.134
11 14 5 2 1 63 18 0 0.0823 6.75e-06 9.62e-09 0.0117 0.143
11 15 5 2 1 63 18 0 0.0772 6.82e-06 9.65e-09 0.0125 0.153
11 16 5 2 1 63 18 0 0.0727 6.89e-06 9.65e-09 0.0133 0.162
11 17 5 2 1 63 18 0 0.0687 6.94e-06 9.63e-09 0.014 0.171
11 18 5 2 1 63 18 0 0.0651 6.98e-06 9.6e-09 0.0148 0.18
11 19 5 2 1 63 18 0 0.0619 7e-06 9.55e-09 0.0155 0.189
11 20 5 2 1 63 18 0 0.0589 7.02e-06 9.49e-09 0.0162 0.198
11 21 5 2 1 63 18 0 0.0563 7.03e-06 9.42e-09 0.017 0.206
11 22 5 2 1 63 18 0 0.0538 7.04e-06 9.34e-09 0.0177 0.215
11 23 5 2 1 63 18 0 0.0515 7.03e-06 9.25e-09 0.0184 0.223
11 24 5 2 1 63 18 0 0.0494 7.02e-06 9.15e-09 0.0191 0.231
11 25 5 2 1 63 18 0 0.0475 7.01e-06 9.04e-09 0.0198 0.239
11 26 5 2 1 63 18 0 0.0456 6.98e-06 8.93e-09 0.0205 0.247
11 27 5 2 1 63 18 0 0.0439 6.96e-06 8.81e-09 0.0211 0.255
11 28 5 2 1 63 18 0 0.0424 6.96e-06 8.69e-09 0.0218 0.263
11 29 5 2 1 63 18 0 0.0409 6.95e-06 8.56e-09 0.0225 0.27
11 30 5 2 1 63 18 0 0.0395 6.93e-06 8.43e-09 0.0231 0.278
11 31 5 2 1 63 18 0 0.0381 6.91e-06 8.3e-09 0.0238 0.285
11 32 5 2 1 63 18 0 0.0369 6.89e-06 8.16e-09 0.0244 0.292
11 33 5 2 1 62 18 0 0.0357 6.86e-06 9.95e-09 0.0251 0.3
11 34 5 2 1 62 18 0 0.0346 6.83e-06 9.77e-09 0.0257 0.307
11 35 5 2 1 48 19 0 0.0335 6.8e-06 9.3e-09 0.0263 0.314
11 36 5 2 1 39 20 0 0.0325 6.76e-06 9.77e-09 0.027 0.321
11 37 5 2 1 34 21 0 0.0316 6.73e-06 6.77e-09 0.0276 0.327
11 38 5 2 1 29 22 0 0.0307 6.69e-06 9.1e-09 0.0282 0.334
11 39 5 2 1 29 22 0 0.0298 6.65e-06 8.07e-09 0.0288 0.341
11 40 5 2 1 29 22 0 0.029 6.61e-06 7.9e-09 0.0294 0.347
11 41 5 2 1 29 22 0 0.0282 6.56e-06 7.73e-09 0.03 0.354
11 42 5 2 1 29 22 0 0.0274 6.52e-06 7.55e-09 0.0306 0.36
11 43 5 2 1 29 22 0 0.0267 6.47e-06 7.38e-09 0.0311 0.366
11 44 5 2 1 29 22 0 0.026 6.42e-06 7.21e-09 0.0317 0.372
11 45 5 2 1 29 22 0 0.0253 6.38e-06 7.03e-09 0.0323 0.379
11 46 5 2 1 29 22 0 0.0247 6.33e-06 6.86e-09 0.0328 0.385
11 47 5 2 1 29 22 0 0.0241 6.28e-06 6.68e-09 0.0334 0.391
11 48 5 2 1 29 22 0 0.0235 6.23e-06 6.51e-09 0.0339 0.397
11 49 5 2 1 29 22 0 0.0229 6.18e-06 6.34e-09 0.0345 0.402
11 50 5 2 1 28 22 0 0.0224 6.12e-06 9.74e-09 0.035 0.408
11 51 5 2 1 28 22 0 0.0218 6.07e-06 9.47e-09 0.0355 0.414
11 52 5 2 1 28 22 0 0.0213 6.02e-06 9.2e-09 0.0361 0.42
11 53 5 2 1 28 22 0 0.0208 5.97e-06 8.93e-09 0.0366 0.425
11 54 5 2 1 28 22 0 0.0204 5.92e-06 8.65e-09 0.0371 0.431
11 55 5 2 1 28 22 0 0.0199 5.86e-06 8.39e-09 0.0376 0.436
11 56 5 2 1 28 22 0 0.0195 5.81e-06 8.12e-09 0.0381 0.441
11 57 5 2 1 28 22 0 0.019 5.76e-06 7.85e-09 0.0386 0.447
11 58 5 2 1 28 22 0 0.0186 5.71e-06 7.59e-09 0.0391 0.452
11 59 5 2 1 28 22 0 0.0182 5.66e-06 7.33e-09 0.0396 0.457
11 60 5 2 1 28 22 0 0.0178 5.6e-06 7.22e-09 0.0401 0.462
11 61 5 2 1 28 22 0 0.0175 5.55e-06 7.35e-09 0.0406 0.467
11 62 5 2 1 28 22 0 0.0171 5.5e-06 7.48e-09 0.041 0.472
11 63 5 2 1 28 22 0 0.0167 5.45e-06 7.61e-09 0.0415 0.477
11 64 5 2 1 28 22 0 0.0164 5.4e-06 7.74e-09 0.042 0.482
11 65 5 2 1 28 22 0 0.0161 5.35e-06 7.87e-09 0.0424 0.487
11 66 5 2 1 28 22 0 0.0158 5.29e-06 8e-09 0.0429 0.492
11 67 5 2 1 28 22 0 0.0154 5.24e-06 8.12e-09 0.0433 0.497
11 68 5 2 1 28 22 0 0.0151 5.19e-06 8.25e-09 0.0438 0.502
11 69 5 2 1 28 22 0 0.0148 5.14e-06 8.37e-09 0.0442 0.506
11 70 5 2 1 28 22 0 0.0146 5.09e-06 8.49e-09 0.0447 0.511
11 71 5 2 1 28 22 0 0.0143 5.04e-06 8.61e-09 0.0451 0.515
11 72 5 2 1 28 22 0 0.014 4.99e-06 8.73e-09 0.0455 0.52
11 73 5 2 1 28 22 0 0.0138 4.95e-06 8.85e-09 0.046 0.524
11 74 5 2 1 28 22 0 0.0135 4.9e-06 8.97e-09 0.0464 0.529
11 75 5 2 1 28 22 0 0.0132 4.85e-06 9.09e-09 0.0468 0.533
11 76 5 2 1 28 22 0 0.013 4.8e-06 9.2e-09 0.0472 0.537
11 77 5 2 1 28 22 0 0.0128 4.75e-06 9.32e-09 0.0476 0.542
11 78 5 2 1 28 22 0 0.0125 4.71e-06 9.43e-09 0.048 0.546
11 79 5 2 1 28 22 0 0.0123 4.66e-06 9.54e-09 0.0484 0.55
11 80 5 2 1 28 22 0 0.0121 4.61e-06 9.65e-09 0.0488 0.554
11 81 5 2 1 28 22 0 0.0119 4.57e-06 9.76e-09 0.0492 0.558
11 82 5 2 1 28 22 0 0.0117 4.52e-06 9.87e-09 0.0496 0.562
11 83 5 2 1 28 22 0 0.0115 4.48e-06 9.98e-09 0.05 0.566
11 84 5 2 1 29 22 0 0.0113 4.43e-06 6.38e-09 0.0504 0.57
11 85 5 2 1 29 22 0 0.0111 4.39e-06 6.45e-09 0.0507 0.574
11 86 5 2 1 29 22 0 0.0109 4.35e-06 6.51e-09 0.0511 0.578
11 87 5 2 1 29 22 0 0.0107 4.3e-06 6.58e-09 0.0515 0.582
11 88 5 2 1 29 22 0 0.0105 4.26e-06 6.64e-09 0.0519 0.586
11 89 5 2 1 29 22 0 0.0104 4.22e-06 6.71e-09 0.0522 0.589
11 90 5 2 1 29 22 0 0.0102 4.17e-06 6.77e-09 0.0526 0.593
11 91 5 2 1 29 22 0 0.01 4.13e-06 6.83e-09 0.0529 0.597
11 92 5 2 1 29 22 0 0.00986 4.09e-06 6.89e-09 0.0533 0.601
11 93 5 2 1 29 22 0 0.0097 4.05e-06 6.95e-09 0.0536 0.604
11 94 5 2 1 29 22 0 0.00954 4.01e-06 7.01e-09 0.054 0.608
11 95 5 2 1 29 22 0 0.00939 3.97e-06 7.07e-09 0.0543 0.611
11 96 5 2 1 29 22 0 0.00924 3.93e-06 7.13e-09 0.0546 0.615
11 97 5 2 1 29 22 0 0.00909 3.89e-06 7.19e-09 0.055 0.618
11 98 5 2 1 29 22 0 0.00895 3.85e-06 7.25e-09 0.0553 0.622
11 99 5 2 1 29 22 0 0.00881 3.81e-06 7.31e-09 0.0556 0.625
11 100 5 2 1 29 22 0 0.00867 3.77e-06 7.37e-09 0.056 0.628
11 101 5 2 1 29 22 0 0.00853 3.74e-06 7.42e-09 0.0563 0.632
11 102 5 2 1 29 22 0 0.0084 3.7e-06 7.48e-09 0.0566 0.635
11 103 5 2 1 29 22 0 0.00827 3.66e-06 7.53e-09 0.0569 0.638
11 104 5 2 1 29 22 0 0.00815 3.63e-06 7.59e-09 0.0572 0.641
11 105 5 2 1 29 22 0 0.00802 3.59e-06 7.64e-09 0.0575 0.645
11 106 5 2 1 29 22 0 0.0079 3.55e-06 7.7e-09 0.0578 0.648
11 107 5 2 1 29 22 0 0.00778 3.52e-06 7.75e-09 0.0581 0.651
11 108 5 2 1 29 22 0 0.00767 3.48e-06 7.8e-09 0.0584 0.654
11 109 5 2 1 29 22 0 0.00755 3.45e-06 7.85e-09 0.0587 0.657
11 110 5 2 1 29 22 0 0.00744 3.41e-06 7.91e-09 0.059 0.66
11 111 5 2 1 29 22 0 0.00733 3.38e-06 7.96e-09 0.0593 0.663
11 112 5 2 1 29 22 0 0.00722 3.34e-06 8.01e-09 0.0596 0.666
11 113 5 2 1 29 22 0 0.00712 3.31e-06 8.06e-09 0.0599 0.669
11 114 5 2 1 29 22 0 0.00701 3.28e-06 8.11e-09 0.0602 0.672
11 115 5 2 1 29 22 0 0.00691 3.24e-06 8.16e-09 0.0605 0.675
11 116 5 2 1 29 22 0 0.00681 3.21e-06 8.2e-09 0.0607 0.678
11 117 5 2 1 29 22 0 0.00672 3.18e-06 8.25e-09 0.061 0.68
11 118 5 2 1 29 22 0 0.00662 3.15e-06 8.3e-09 0.0613 0.683
11 119 5 2 1 29 22 0 0.00653 3.12e-06 8.35e-09 0.0615 0.686
11 120 5 2 1 29 22 0 0.00643 3.08e-06 8.39e-09 0.0618 0.689
11 121 5 2 1 29 22 0 0.02 3.05e-06 8.44e-09 0.0621 0.691
11 122 5 2 1 29 22 0 0.00632 3.3e-06 8.49e-09 0.0623 0.696
11 123 5 2 1 29 22 0 0.00617 3.11e-06 8.55e-09 0.0626 0.698
11 124 5 2 1 29 22 0 0.00608 3.05e-06 8.57e-09 0.0628 0.7
11 125 5 2 1 29 22 0 0.00599 2.97e-06 8.61e-09 0.0631 0.703
11 126 5 2 1 29 22 0 0.00591 2.9e-06 8.65e-09 0.0633 0.705
11 127 5 2 1 29 22 0 0.00583 2.84e-06 8.7e-09 0.0636 0.708
11 128 5 2 1 29 22 0 0.00575 2.79e-06 8.74e-09 0.0638 0.71
11 129 5 2 1 29 22 0 0.00567 2.75e-06 8.78e-09 0.0641 0.713
11 130 5 2 1 29 22 0 0.0056 2.72e-06 8.82e-09 0.0643 0.715
11 131 5 2 1 29 22 0 0.00552 2.69e-06 8.87e-09 0.0645 0.718
11 132 5 2 1 29 22 0 0.00602 4.12e-06 8.9e-09 0.0648 0.719
11 133 5 2 1 29 22 0 0.00537 3.39e-06 8.95e-09 0.065 0.722
11 134 5 2 1 29 22 0 0.0053 3e-06 9e-09 0.0652 0.724
11 135 5 2 1 29 22 0 0.00523 2.83e-06 9.04e-09 0.0655 0.727
11 136 5 2 1 29 22 0 0.00516 2.74e-06 9.08e-09 0.0657 0.729
11 137 5 2 1 29 22 0 0.00509 2.7e-06 9.12e-09 0.0659 0.731
11 138 5 2 1 29 22 0 0.00502 2.66e-06 9.16e-09 0.0661 0.734
11 139 5 2 1 29 22 0 0.00495 2.63e-06 9.19e-09 0.0664 0.736
11 140 5 2 1 29 22 0 0.00489 2.59e-06 9.23e-09 0.0666 0.738
11 141 5 2 1 29 22 0 0.0084 2.56e-06 9.27e-09 0.0668 0.74
11 142 5 2 1 29 22 0 0.00496 2.81e-06 9.31e-09 0.067 0.745
11 143 5 2 1 29 22 0 0.0047 2.61e-06 9.36e-09 0.0672 0.746
11 144 5 2 1 29 22 0 0.00463 2.54e-06 9.38e-09 0.0674 0.748
11 145 5 2 1 29 22 0 0.00457 2.47e-06 9.41e-09 0.0676 0.75
11 146 5 2 1 29 22 0 0.00452 2.39e-06 9.44e-09 0.0678 0.752
11 147 5 2 1 29 22 0 0.00446 2.33e-06 9.48e-09 0.068 0.754
11 148 5 2 1 29 22 0 0.0044 2.29e-06 9.51e-09 0.0682 0.756
11 149 5 2 1 29 22 0 0.00435 2.25e-06 9.55e-09 0.0684 0.758
11 150 5 2 1 29 22 0 0.00429 2.22e-06 9.58e-09 0.0686 0.76
11 151 5 2 1 29 22 0 0.00424 2.2e-06 9.62e-09 0.0688 0.762
11 152 5 2 1 29 22 0 0.00525 3.74e-06 9.64e-09 0.069 0.763
11 153 5 2 1 29 22 0 0.00412 2.96e-06 9.68e-09 0.0692 0.765
11 154 5 2 1 29 22 0 0.00407 2.55e-06 9.72e-09 0.0694 0.767
11 155 5 2 1 29 22 0 0.00402 2.36e-06 9.76e-09 0.0696 0.769
11 156 5 2 1 29 22 0 0.00397 2.27e-06 9.79e-09 0.0698 0.771
11 157 5 2 1 29 22 0 0.00392 2.23e-06 9.82e-09 0.0699 0.773
11 158 5 2 1 29 22 0 0.00387 2.2e-06 9.86e-09 0.0701 0.775
11 159 5 2 1 29 22 0 0.00382 2.17e-06 9.89e-09 0.0703 0.777
11 160 5 2 1 29 22 0 0.00378 2.14e-06 9.92e-09 0.0705 0.779
11 161 5 2 1 29 22 0 0.0102 2.11e-06 9.95e-09 0.0706 0.78
11 162 5 2 1 29 22 0 0.00695 5.17e-06 9.99e-09 0.0708 0.792
11 163 5 2 1 30 22 0 0.00378 2.42e-06 6.32e-09 0.071 0.787
11 164 5 2 1 30 22 0 0.00367 2.01e-06 6.32e-09 0.0712 0.788
11 165 5 2 1 30 22 0 0.00359 1.98e-06 6.34e-09 0.0713 0.79
11 166 5 2 1 30 22 0 0.00353 1.94e-06 6.36e-09 0.0715 0.791
11 167 5 2 1 30 22 0 0.00348 1.9e-06 6.38e-09 0.0717 0.793
11 168 5 2 1 30 22 0 0.00344 1.87e-06 6.39e-09 0.0718 0.795
11 169 5 2 1 30 22 0 0.00339 1.84e-06 6.41e-09 0.072 0.797
11 170 5 2 1 30 22 0 0.00335 1.82e-06 6.43e-09 0.0721 0.798
11 171 5 2 1 30 22 0 0.0108 1.8e-06 6.45e-09 0.0723 0.8
11 172 6 2 1 30 22 0 0.0075 2.3e-06 6.46e-09 0.0725 0.8
11 173 5 2 1 30 22 0 0.00479 3.75e-06 6.48e-09 0.0726 0.8
11 174 5 2 1 30 22 0 0.00379 2.04e-06 6.5e-09 0.0728 0.802
11 175 5 2 1 30 22 0 0.00328 1.92e-06 6.52e-09 0.0729 0.804
11 176 5 2 1 30 22 0 0.00302 1.85e-06 6.54e-09 0.0731 0.806
11 177 5 2 1 30 22 0 0.00297 1.8e-06 6.55e-09 0.0732 0.807
11 178 5 2 1 30 22 0 0.00296 1.78e-06 6.57e-09 0.0734 0.809
11 179 5 2 1 30 22 0 0.00294 1.75e-06 6.58e-09 0.0735 0.81
11 180 5 2 1 30 22 0 0.00292 1.73e-06 6.6e-09 0.0737 0.812
11 181 5 2 1 30 22 0 0.007 1.71e-06 6.62e-09 0.0738 0.813
11 182 5 2 1 30 22 0 0.00631 5.43e-06 6.64e-09 0.0739 0.825
11 183 5 2 1 30 22 0 0.00299 2.06e-06 6.66e-09 0.0741 0.819
11 184 5 2 1 30 22 0 0.00289 1.65e-06 6.65e-09 0.0742 0.82
11 185 5 2 1 30 22 0 0.00283 1.63e-06 6.67e-09 0.0743 0.821
11 186 5 2 1 30 22 0 0.00278 1.59e-06 6.69e-09 0.0745 0.823
11 187 5 2 1 30 22 0 0.00274 1.56e-06 6.7e-09 0.0746 0.824
11 188 5 2 1 30 22 0 0.00271 1.53e-06 6.72e-09 0.0747 0.825
11 189 5 2 1 30 22 0 0.00267 1.5e-06 6.73e-09 0.0749 0.827
11 190 5 2 1 30 22 0 0.00264 1.48e-06 6.75e-09 0.075 0.828
11 191 5 2 1 30 22 0 0.00856 1.47e-06 6.76e-09 0.0751 0.83
11 192 6 2 1 30 22 0 0.00693 2.39e-06 6.77e-09 0.0753 0.829
11 193 5 2 1 30 22 0 0.00422 3.9e-06 6.79e-09 0.0754 0.829
11 194 5 2 1 30 22 0 0.00322 1.73e-06 6.8e-09 0.0755 0.831
11 195 5 2 1 30 22 0 0.00271 1.6e-06 6.82e-09 0.0757 0.832
11 196 5 2 1 30 22 0 0.00245 1.53e-06 6.83e-09 0.0758 0.834
11 197 5 2 1 30 22 0 0.00233 1.49e-06 6.85e-09 0.0759 0.835
11 198 5 2 1 30 22 0 0.00232 1.46e-06 6.86e-09 0.076 0.836
11 199 5 2 1 30 22 0 0.00232 1.44e-06 6.87e-09 0.0761 0.837
11 200 5 2 1 30 22 0 0.0023 1.42e-06 6.89e-09 0.0763 0.839
11 201 5 2 1 30 22 0 0.00543 1.4e-06 6.9e-09 0.0764 0.84
11 202 5 2 1 30 22 0 0.00581 5.62e-06 6.92e-09 0.0765 0.852
11 203 5 2 1 30 22 0 0.00239 2.01e-06 6.94e-09 0.0766 0.845
11 204 5 2 1 30 22 0 0.0023 1.55e-06 6.93e-09 0.0767 0.846
11 205 5 2 1 30 22 0 0.00225 1.41e-06 6.94e-09 0.0768 0.847
11 206 5 2 1 30 22 0 0.00221 1.32e-06 6.96e-09 0.0769 0.848
11 207 5 2 1 30 22 0 0.00218 1.28e-06 6.97e-09 0.077 0.849
11 208 5 2 1 30 22 0 0.00215 1.25e-06 6.98e-09 0.0771 0.85
11 209 5 2 1 30 22 0 0.00212 1.23e-06 6.99e-09 0.0773 0.852
11 210 5 2 1 30 22 0 0.0021 1.21e-06 7.01e-09 0.0774 0.853
11 211 5 2 1 30 22 0 0.00691 1.2e-06 7.02e-09 0.0775 0.854
11 212 6 2 1 30 22 0 0.00649 2.45e-06 7.02e-09 0.0776 0.853
11 213 5 2 1 30 22 0 0.00377 4.02e-06 7.04e-09 0.0777 0.853
11 214 5 2 1 30 22 0 0.00278 1.48e-06 7.05e-09 0.0778 0.855
11 215 5 2 1 30 22 0 0.00227 1.51e-06 7.07e-09 0.0779 0.856
11 216 5 2 1 30 22 0 0.00202 1.36e-06 7.08e-09 0.078 0.857
11 217 5 2 1 30 22 0 0.00188 1.23e-06 7.09e-09 0.0781 0.858
11 218 5 2 1 30 22 0 0.00184 1.21e-06 7.1e-09 0.0782 0.859
11 219 5 2 1 30 22 0 0.00183 1.19e-06 7.11e-09 0.0783 0.86
11 220 5 2 1 30 22 0 0.00183 1.17e-06 7.12e-09 0.0784 0.861
11 221 5 2 1 30 22 0 0.00423 1.16e-06 7.13e-09 0.0785 0.862
11 222 5 2 1 30 22 0 0.00542 5.79e-06 7.15e-09 0.0786 0.874
11 223 5 2 1 30 22 0 0.00194 2.1e-06 7.17e-09 0.0787 0.867
11 224 5 2 1 30 22 0 0.00185 1.62e-06 7.15e-09 0.0787 0.867
11 225 5 2 1 30 22 0 0.0018 1.23e-06 7.16e-09 0.0788 0.868
11 226 5 2 1 30 22 0 0.00177 1.13e-06 7.18e-09 0.0789 0.869
11 227 5 2 1 30 22 0 0.00174 1.05e-06 7.19e-09 0.079 0.87
11 228 5 2 1 30 22 0 0.00172 1.02e-06 7.2e-09 0.0791 0.871
11 229 5 2 1 30 22 0 0.0017 1e-06 7.21e-09 0.0792 0.872
11 230 5 2 1 30 22 0 0.00168 9.91e-07 7.22e-09 0.0793 0.873
11 231 5 2 1 30 22 0 0.00564 9.8e-07 7.23e-09 0.0794 0.874
11 232 6 2 1 30 22 0 0.00615 2.5e-06 7.23e-09 0.0795 0.873
11 233 5 2 1 30 22 0 0.00343 4.11e-06 7.25e-09 0.0795 0.872
11 234 5 2 1 30 22 0 0.00243 1.46e-06 7.25e-09 0.0796 0.874
11 235 5 2 1 30 22 0 0.00193 1.49e-06 7.27e-09 0.0797 0.875
11 236 5 2 1 30 22 0 0.00168 1.34e-06 7.28e-09 0.0798 0.876
11 237 5 2 1 30 22 0 0.00154 1.08e-06 7.29e-09 0.0799 0.876
11 238 5 2 1 30 22 0 0.00147 1e-06 7.29e-09 0.08 0.877
11 239 5 2 1 30 22 0 0.00146 9.87e-07 7.3e-09 0.08 0.878
11 240 5 2 1 30 22 0 0.00146 9.7e-07 7.31e-09 0.0801 0.879
11 241 5 2 1 30 22 0 0.00329 9.54e-07 7.32e-09 0.0802 0.88
11 242 5 2 1 30 22 0 0.00512 5.94e-06 7.33e-09 0.0803 0.892
11 243 5 2 1 30 22 0 0.0016 2.17e-06 7.35e-09 0.0803 0.885
11 244 5 2 1 30 22 0 0.0015 1.68e-06 7.34e-09 0.0804 0.885
11 245 5 2 1 30 22 0 0.00145 1.3e-06 7.35e-09 0.0805 0.885
11 246 5 2 1 30 22 0 0.00143 9.92e-07 7.36e-09 0.0806 0.886
11 247 5 2 1 30 22 0 0.0014 8.83e-07 7.37e-09 0.0806 0.887
11 248 5 2 1 30 22 0 0.00139 8.39e-07 7.37e-09 0.0807 0.888
11 249 5 2 1 30 22 0 0.00137 8.22e-07 7.38e-09 0.0808 0.889
11 250 5 2 1 30 22 0 0.00135 8.1e-07 7.39e-09 0.0809 0.889
11 251 5 2 1 30 22 0 0.00464 8.01e-07 7.4e-09 0.0809 0.89
11 252 6 2 1 30 22 0 0.00588 2.54e-06 7.4e-09 0.081 0.889
11 253 5 2 1 30 22 0 0.00328 6.59e-06 7.43e-09 0.0811 0.889
11 254 5 2 1 30 22 0 0.00219 4.32e-06 7.43e-09 0.0811 0.889
11 255 5 2 1 30 22 0 0.00168 3.11e-06 7.44e-09 0.0812 0.89
11 256 5 2 1 30 22 0 0.00143 2.43e-06 7.44e-09 0.0813 0.89
11 257 5 2 1 30 22 0 0.00129 1.84e-06 7.45e-09 0.0813 0.891
11 258 5 3 1 30 22 0 0.0012 5.73e-07 7.46e-09 0.0814 0.891
11 259 5 3 1 30 22 0 0.00118 3.59e-07 7.46e-09 0.0815 0.892
11 260 5 3 1 30 22 0 0.00117 2.88e-07 7.47e-09 0.0815 0.893
11 261 5 3 1 30 22 0 0.00344 2.67e-07 7.48e-09 0.0816 0.893
11 262 5 3 1 30 22 0 0.00462 8.87e-06 7.47e-09 0.0817 0.905
11 263 5 3 1 30 22 0 0.0022 2.07e-06 7.5e-09 0.0817 0.899
11 264 5 3 1 30 22 0 0.00123 1.33e-06 7.49e-09 0.0818 0.899
11 265 5 3 1 30 22 0 0.00119 9.69e-07 7.5e-09 0.0818 0.9
11 266 5 2 1 30 22 0 0.00116 1.09e-06 7.51e-09 0.0819 0.901
11 267 5 3 1 30 22 0 0.00114 5.93e-07 7.51e-09 0.082 0.902
11 268 5 3 1 30 22 0 0.00112 4.26e-07 7.52e-09 0.082 0.902
11 269 5 3 1 30 22 0 0.00111 3.42e-07 7.53e-09 0.0821 0.903
11 270 5 3 1 30 22 0 0.00109 3.1e-07 7.53e-09 0.0821 0.904
11 271 5 3 1 30 22 0 0.00373 2.91e-07 7.54e-09 0.0822 0.904
11 272 5 3 1 30 22 0 0.00567 6.14e-06 7.54e-09 0.0823 0.902
11 273 5 3 1 30 22 0 0.00307 3.37e-06 7.57e-09 0.0823 0.902
11 274 5 3 1 30 22 0 0.00197 1.89e-06 7.57e-09 0.0824 0.902
11 275 5 3 1 30 22 0 0.00147 1.23e-06 7.57e-09 0.0824 0.903
11 276 5 3 1 30 22 0 0.00121 8.95e-07 7.57e-09 0.0825 0.903
11 277 5 3 1 30 22 0 0.00108 6.51e-07 7.58e-09 0.0825 0.903
11 278 5 3 1 30 22 0 0.000998 4.72e-07 7.59e-09 0.0826 0.904
stationary flow nc = 1 i = 278 du = 0.000998461
# Quadtree, 278 steps, 2919.94 CPU, 2935 real, 3.34e+03 points.step/s, 33 var
11 0 5 3 1 30 22 0 0 4.72e-07 7.59e-09 0 0
11 1 5 3 1 5 22 0 1 0 0 0.0008 0
11 2 5 3 1 29 23 0 0.528 9.19e-07 7.4e-09 0.00157 0.023
11 3 5 3 1 27 23 0 0.359 1.39e-06 7.69e-09 0.00234 0.0373
11 4 5 3 1 26 23 0 0.274 3.17e-06 6.53e-09 0.00309 0.0504
11 5 5 3 1 26 23 0 0.222 5.25e-06 6.84e-09 0.00382 0.0631
11 6 5 3 1 26 23 0 0.188 7.36e-06 7.78e-09 0.00455 0.0755
11 7 5 3 1 26 23 0 0.164 8.88e-06 8.2e-09 0.00526 0.088
11 8 5 3 1 26 23 0 0.146 8.8e-06 8.47e-09 0.00595 0.0996
11 9 5 3 1 26 23 0 0.131 8.66e-06 8.7e-09 0.00664 0.111
11 10 5 3 1 26 23 0 0.119 8.51e-06 8.89e-09 0.00731 0.122
11 11 5 3 1 26 23 0 0.109 8.35e-06 9.04e-09 0.00797 0.133
11 12 5 3 1 29 22 0 0.101 8.18e-06 8.67e-09 0.00862 0.144
11 13 5 3 1 33 21 0 0.0936 8e-06 8.49e-09 0.00926 0.154
11 14 5 3 1 38 20 0 0.0874 7.82e-06 9.62e-09 0.00988 0.164
11 15 5 3 1 39 20 0 0.0819 7.63e-06 7.68e-09 0.0105 0.174
11 16 5 3 1 39 20 0 0.077 7.44e-06 7.76e-09 0.0111 0.183
11 17 5 3 1 39 20 0 0.0726 7.25e-06 7.83e-09 0.0117 0.192
11 18 5 3 1 39 20 0 0.0686 7.06e-06 7.89e-09 0.0123 0.201
11 19 5 3 1 39 20 0 0.065 6.88e-06 7.94e-09 0.0128 0.21
11 20 5 3 1 39 20 0 0.0617 6.69e-06 7.98e-09 0.0134 0.218
11 21 5 3 1 39 20 0 0.0587 6.51e-06 8.02e-09 0.0139 0.227
11 22 5 3 1 39 20 0 0.056 6.33e-06 8.06e-09 0.0145 0.235
11 23 5 3 1 39 20 0 0.0534 6.16e-06 8.09e-09 0.015 0.243
11 24 5 3 1 39 20 0 0.0511 5.99e-06 8.12e-09 0.0155 0.25
11 25 5 3 1 39 20 0 0.0489 5.83e-06 8.15e-09 0.016 0.258
11 26 5 3 1 39 20 0 0.0468 5.67e-06 8.17e-09 0.0165 0.265
11 27 5 3 1 39 20 0 0.0449 5.52e-06 8.19e-09 0.017 0.272
11 28 5 3 1 39 20 0 0.0431 5.37e-06 8.2e-09 0.0175 0.279
11 29 5 3 1 34 21 0 0.0414 5.23e-06 7.25e-09 0.018 0.286
11 30 5 3 1 30 22 0 0.0398 5.09e-06 7.19e-09 0.0185 0.293
11 31 5 3 1 30 22 0 0.0383 4.96e-06 6.62e-09 0.0189 0.299
11 32 5 3 1 30 22 0 0.0369 4.83e-06 6.64e-09 0.0194 0.305
11 33 5 3 1 30 22 0 0.0356 4.7e-06 6.65e-09 0.0198 0.312
11 34 5 3 1 30 22 0 0.0343 4.58e-06 6.67e-09 0.0202 0.318
11 35 5 3 1 30 22 0 0.0331 4.46e-06 6.68e-09 0.0207 0.323
11 36 5 3 1 30 22 0 0.032 4.34e-06 6.69e-09 0.0211 0.329
11 37 5 3 1 30 22 0 0.0309 4.23e-06 6.71e-09 0.0215 0.335
11 38 5 3 1 30 22 0 0.0299 4.13e-06 6.72e-09 0.0219 0.34
11 39 5 3 1 30 22 0 0.0289 4.02e-06 6.73e-09 0.0223 0.346
11 40 5 3 1 30 22 0 0.0279 3.92e-06 6.74e-09 0.0227 0.351
11 41 5 3 1 30 22 0 0.0271 3.83e-06 6.75e-09 0.023 0.356
11 42 5 3 1 30 22 0 0.0262 3.73e-06 6.76e-09 0.0234 0.361
11 43 5 3 1 30 22 0 0.0254 3.64e-06 6.77e-09 0.0238 0.366
11 44 5 3 1 30 22 0 0.0246 3.55e-06 6.78e-09 0.0241 0.371
11 45 5 3 1 30 22 0 0.0239 3.47e-06 6.79e-09 0.0245 0.375
11 46 5 3 1 30 22 0 0.0231 3.39e-06 6.79e-09 0.0248 0.38
11 47 5 3 1 30 22 0 0.0225 3.31e-06 6.8e-09 0.0252 0.385
11 48 5 3 1 30 22 0 0.0218 3.23e-06 6.82e-09 0.0255 0.389
11 49 5 3 1 30 22 0 0.0212 3.16e-06 6.88e-09 0.0258 0.393
11 50 5 3 1 30 22 0 0.0206 3.08e-06 6.94e-09 0.0262 0.398
11 51 5 3 1 30 22 0 0.02 3.01e-06 7e-09 0.0265 0.402
11 52 5 3 1 30 22 0 0.0194 2.94e-06 7.05e-09 0.0268 0.406
11 53 5 3 1 30 22 0 0.0189 2.88e-06 7.11e-09 0.0271 0.41
11 54 5 3 1 30 22 0 0.0184 2.81e-06 7.17e-09 0.0274 0.414
11 55 5 3 1 30 22 0 0.0179 2.75e-06 7.22e-09 0.0277 0.417
11 56 5 3 1 30 22 0 0.0174 2.69e-06 7.27e-09 0.028 0.421
11 57 5 3 1 30 22 0 0.0169 2.63e-06 7.33e-09 0.0283 0.425
11 58 5 3 1 30 22 0 0.0165 2.57e-06 7.38e-09 0.0285 0.428
11 59 5 3 1 30 22 0 0.016 2.52e-06 7.43e-09 0.0288 0.432
11 60 5 3 1 30 22 0 0.0156 2.46e-06 7.48e-09 0.0291 0.435
11 61 5 3 1 30 22 0 0.0152 2.41e-06 7.53e-09 0.0293 0.439
11 62 5 3 1 30 22 0 0.0148 2.36e-06 7.58e-09 0.0296 0.442
11 63 5 3 1 30 22 0 0.0144 2.31e-06 7.63e-09 0.0299 0.445
11 64 5 3 1 30 22 0 0.0141 2.26e-06 7.68e-09 0.0301 0.448
11 65 5 3 1 30 22 0 0.0137 2.22e-06 7.73e-09 0.0304 0.452
11 66 5 3 1 30 22 0 0.0134 2.17e-06 7.77e-09 0.0306 0.455
11 67 5 3 1 30 22 0 0.013 2.13e-06 7.82e-09 0.0308 0.458
11 68 5 3 1 30 22 0 0.0127 2.08e-06 7.87e-09 0.0311 0.461
11 69 5 3 1 30 22 0 0.0124 2.04e-06 7.91e-09 0.0313 0.463
11 70 5 3 1 30 22 0 0.0121 2e-06 7.96e-09 0.0315 0.466
11 71 5 3 1 30 22 0 0.0118 1.96e-06 8e-09 0.0317 0.469
11 72 5 3 1 30 22 0 0.0115 1.92e-06 8.04e-09 0.032 0.472
11 73 5 3 1 30 22 0 0.0112 1.88e-06 8.08e-09 0.0322 0.474
11 74 5 3 1 30 22 0 0.011 1.84e-06 8.13e-09 0.0324 0.477
11 75 5 3 1 30 22 0 0.0107 1.8e-06 8.17e-09 0.0326 0.48
11 76 5 3 1 30 22 0 0.0105 1.77e-06 8.21e-09 0.0328 0.482
11 77 5 3 1 30 22 0 0.0102 1.73e-06 8.25e-09 0.033 0.485
11 78 5 3 1 30 22 0 0.00998 1.7e-06 8.29e-09 0.0332 0.487
11 79 5 3 1 30 22 0 0.00975 1.67e-06 8.33e-09 0.0334 0.489
11 80 5 3 1 30 22 0 0.00953 1.63e-06 8.36e-09 0.0335 0.492
11 81 5 3 1 30 22 0 0.00931 1.6e-06 8.4e-09 0.0337 0.494
11 82 5 3 1 30 22 0 0.0091 1.57e-06 8.44e-09 0.0339 0.496
11 83 5 3 1 30 22 0 0.00889 1.54e-06 8.47e-09 0.0341 0.498
11 84 5 3 1 30 22 0 0.00869 1.51e-06 8.51e-09 0.0343 0.501
11 85 5 3 1 30 22 0 0.00849 1.48e-06 8.54e-09 0.0344 0.503
11 86 5 3 1 30 22 0 0.0083 1.45e-06 8.58e-09 0.0346 0.505
11 87 5 3 1 30 22 0 0.00812 1.43e-06 8.61e-09 0.0348 0.507
11 88 5 3 1 30 22 0 0.00794 1.4e-06 8.65e-09 0.0349 0.509
11 89 5 3 1 30 22 0 0.00776 1.37e-06 8.68e-09 0.0351 0.511
11 90 5 3 1 30 22 0 0.00759 1.35e-06 8.71e-09 0.0352 0.513
11 91 5 3 1 30 22 0 0.00743 1.32e-06 8.74e-09 0.0354 0.515
11 92 5 3 1 30 22 0 0.00727 1.3e-06 8.77e-09 0.0356 0.517
11 93 5 3 1 30 22 0 0.00711 1.27e-06 8.8e-09 0.0357 0.518
11 94 5 3 1 30 22 0 0.00695 1.25e-06 8.84e-09 0.0358 0.52
11 95 5 3 1 30 22 0 0.0068 1.22e-06 8.86e-09 0.036 0.522
11 96 5 3 1 30 22 0 0.00666 1.2e-06 8.89e-09 0.0361 0.524
11 97 5 3 1 30 22 0 0.00652 1.18e-06 8.92e-09 0.0363 0.525
11 98 5 3 1 30 22 0 0.00638 1.16e-06 8.95e-09 0.0364 0.527
11 99 5 3 1 30 22 0 0.00624 1.13e-06 8.98e-09 0.0365 0.529
11 100 5 3 1 30 22 0 0.00611 1.11e-06 9.01e-09 0.0367 0.53
11 101 5 3 1 30 22 0 0.00598 1.09e-06 9.03e-09 0.0368 0.532
11 102 5 3 1 30 22 0 0.00586 1.07e-06 9.06e-09 0.0369 0.533
11 103 5 3 1 30 22 0 0.00573 1.05e-06 9.09e-09 0.037 0.535
11 104 5 3 1 30 22 0 0.00561 1.03e-06 9.11e-09 0.0372 0.536
11 105 5 3 1 30 22 0 0.0055 1.01e-06 9.14e-09 0.0373 0.538
11 106 5 3 1 30 22 0 0.00538 9.95e-07 9.16e-09 0.0374 0.539
11 107 5 3 1 30 22 0 0.00527 9.77e-07 9.18e-09 0.0375 0.541
11 108 5 3 1 30 22 0 0.00516 9.59e-07 9.21e-09 0.0376 0.542
11 109 5 3 1 30 22 0 0.00506 9.41e-07 9.23e-09 0.0377 0.544
11 110 5 3 1 30 22 0 0.00495 9.24e-07 9.26e-09 0.0378 0.545
11 111 5 3 1 30 22 0 0.00485 9.07e-07 9.28e-09 0.038 0.546
11 112 5 3 1 30 22 0 0.00475 8.91e-07 9.3e-09 0.0381 0.548
11 113 5 3 1 30 22 0 0.00465 8.74e-07 9.32e-09 0.0382 0.549
11 114 5 3 1 30 22 0 0.00456 8.58e-07 9.34e-09 0.0383 0.55
11 115 5 3 1 30 22 0 0.00447 8.43e-07 9.36e-09 0.0384 0.551
11 116 5 3 1 30 22 0 0.00438 8.27e-07 9.39e-09 0.0385 0.552
11 117 5 3 1 30 22 0 0.00429 8.12e-07 9.41e-09 0.0386 0.554
11 118 5 3 1 30 22 0 0.0042 7.98e-07 9.43e-09 0.0387 0.555
11 119 5 3 1 30 22 0 0.00412 7.83e-07 9.45e-09 0.0387 0.556
11 120 5 3 1 30 22 0 0.00404 7.69e-07 9.46e-09 0.0388 0.557
11 121 5 3 1 30 22 0 0.00396 7.55e-07 9.48e-09 0.0389 0.558
11 122 5 3 1 30 22 0 0.00388 7.41e-07 9.5e-09 0.039 0.559
11 123 5 3 1 30 22 0 0.0038 7.28e-07 9.52e-09 0.0391 0.56
11 124 5 3 1 30 22 0 0.00372 7.15e-07 9.54e-09 0.0392 0.561
11 125 5 3 1 30 22 0 0.00365 7.02e-07 9.56e-09 0.0393 0.562
11 126 5 3 1 30 22 0 0.00358 6.89e-07 9.57e-09 0.0394 0.563
11 127 5 3 1 30 22 0 0.00351 6.77e-07 9.59e-09 0.0394 0.564
11 128 5 3 1 30 22 0 0.00344 6.65e-07 9.61e-09 0.0395 0.565
11 129 5 3 1 30 22 0 0.00337 6.53e-07 9.62e-09 0.0396 0.566
11 130 5 3 1 30 22 0 0.0033 6.41e-07 9.64e-09 0.0397 0.567
11 131 5 3 1 30 22 0 0.00324 6.29e-07 9.66e-09 0.0397 0.568
11 132 5 3 1 30 22 0 0.00318 6.18e-07 9.67e-09 0.0398 0.569
11 133 5 3 1 30 22 0 0.00311 6.07e-07 9.69e-09 0.0399 0.57
11 134 5 3 1 30 22 0 0.00305 5.96e-07 9.7e-09 0.04 0.571
11 135 5 3 1 30 22 0 0.00299 5.85e-07 9.72e-09 0.04 0.572
11 136 5 3 1 30 22 0 0.00294 5.75e-07 9.73e-09 0.0401 0.573
11 137 5 3 1 30 22 0 0.00288 5.64e-07 9.75e-09 0.0402 0.573
11 138 5 3 1 30 22 0 0.00282 5.54e-07 9.76e-09 0.0402 0.574
11 139 5 3 1 30 22 0 0.00277 5.44e-07 9.77e-09 0.0403 0.575
11 140 5 3 1 30 22 0 0.00272 5.35e-07 9.79e-09 0.0404 0.576
11 141 5 3 1 30 22 0 0.00266 5.25e-07 9.8e-09 0.0404 0.576
11 142 5 3 1 30 22 0 0.00261 5.16e-07 9.81e-09 0.0405 0.577
11 143 5 3 1 30 22 0 0.00256 5.06e-07 9.83e-09 0.0405 0.578
11 144 5 3 1 30 22 0 0.00251 4.97e-07 9.84e-09 0.0406 0.579
11 145 5 3 1 30 22 0 0.00247 4.88e-07 9.85e-09 0.0407 0.579
11 146 5 3 1 30 22 0 0.00242 4.8e-07 9.86e-09 0.0407 0.58
11 147 5 3 1 30 22 0 0.00237 4.71e-07 9.88e-09 0.0408 0.581
11 148 5 3 1 30 22 0 0.00233 4.63e-07 9.89e-09 0.0408 0.581
11 149 5 3 1 30 22 0 0.00228 4.54e-07 9.9e-09 0.0409 0.582
11 150 5 3 1 30 22 0 0.00224 4.46e-07 9.91e-09 0.0409 0.583
11 151 5 3 1 30 22 0 0.0022 4.38e-07 9.92e-09 0.041 0.583
11 152 5 3 1 30 22 0 0.00215 4.3e-07 9.93e-09 0.041 0.584
11 153 5 3 1 30 22 0 0.00211 4.23e-07 9.94e-09 0.0411 0.585
11 154 5 3 1 30 22 0 0.00207 4.15e-07 9.96e-09 0.0411 0.585
11 155 5 3 1 30 22 0 0.00203 4.08e-07 9.97e-09 0.0412 0.586
11 156 5 3 1 30 22 0 0.002 4.01e-07 9.98e-09 0.0412 0.586
11 157 5 3 1 30 22 0 0.00196 3.93e-07 9.99e-09 0.0413 0.587
11 158 5 3 1 30 22 0 0.00192 3.86e-07 1e-08 0.0413 0.588
11 159 5 3 1 31 22 0 0.00189 3.79e-07 6.29e-09 0.0414 0.588
11 160 5 3 1 31 22 0 0.00185 3.73e-07 6.3e-09 0.0414 0.589
11 161 5 3 1 31 22 0 0.00182 3.66e-07 6.3e-09 0.0415 0.589
11 162 5 3 1 31 22 0 0.00178 3.6e-07 6.31e-09 0.0415 0.59
11 163 5 3 1 31 22 0 0.00175 3.53e-07 6.31e-09 0.0415 0.59
11 164 5 3 1 31 22 0 0.00172 3.47e-07 6.32e-09 0.0416 0.591
11 165 5 3 1 31 22 0 0.00168 3.41e-07 6.32e-09 0.0416 0.591
11 166 5 3 1 31 22 0 0.00165 3.35e-07 6.33e-09 0.0417 0.592
11 167 5 3 1 31 22 0 0.00162 3.29e-07 6.33e-09 0.0417 0.592
11 168 5 3 1 31 22 0 0.00159 3.23e-07 6.34e-09 0.0417 0.593
11 169 5 3 1 31 22 0 0.00156 3.17e-07 6.34e-09 0.0418 0.593
11 170 5 3 1 31 22 0 0.00153 3.11e-07 6.35e-09 0.0418 0.594
11 171 5 3 1 31 22 0 0.0015 3.06e-07 6.35e-09 0.0419 0.594
11 172 5 3 1 31 22 0 0.00148 3e-07 6.36e-09 0.0419 0.595
11 173 5 3 1 31 22 0 0.00145 2.95e-07 6.36e-09 0.0419 0.595
11 174 5 3 1 31 22 0 0.00142 2.9e-07 6.37e-09 0.042 0.595
11 175 5 3 1 31 22 0 0.0014 2.85e-07 6.37e-09 0.042 0.596
11 176 5 3 1 31 22 0 0.00137 2.8e-07 6.38e-09 0.042 0.596
11 177 5 3 1 31 22 0 0.00134 2.75e-07 6.38e-09 0.0421 0.597
11 178 5 3 1 31 22 0 0.00132 2.7e-07 6.38e-09 0.0421 0.597
11 179 5 3 1 31 22 0 0.00129 2.65e-07 6.39e-09 0.0421 0.597
11 180 5 3 1 31 22 0 0.00127 2.6e-07 6.39e-09 0.0422 0.598
11 181 5 3 1 31 22 0 0.00125 2.56e-07 6.4e-09 0.0422 0.598
11 182 5 3 1 31 22 0 0.00122 2.51e-07 6.4e-09 0.0422 0.599
11 183 5 3 1 31 22 0 0.0012 2.47e-07 6.4e-09 0.0423 0.599
11 184 5 3 1 31 22 0 0.00118 2.42e-07 6.41e-09 0.0423 0.599
11 185 5 3 1 31 22 0 0.00116 2.38e-07 6.41e-09 0.0423 0.6
11 186 5 3 1 31 22 0 0.00114 2.34e-07 6.42e-09 0.0423 0.6
11 187 5 3 1 31 22 0 0.00112 2.3e-07 6.42e-09 0.0424 0.6
11 188 5 3 1 31 22 0 0.0011 2.25e-07 6.42e-09 0.0424 0.601
11 189 5 3 1 31 22 0 0.00108 2.21e-07 6.43e-09 0.0424 0.601
11 190 5 3 1 31 22 0 0.00106 2.17e-07 6.43e-09 0.0424 0.601
11 191 5 3 1 31 22 0 0.00104 2.14e-07 6.43e-09 0.0425 0.602
11 192 5 3 1 31 22 0 0.00102 2.1e-07 6.44e-09 0.0425 0.602
11 193 5 3 1 31 22 0 0.000998 2.06e-07 6.44e-09 0.0425 0.602
stationary flow nc = 2 i = 193 du = 0.000998452
# Quadtree, 193 steps, 2608.56 CPU, 2621 real, 3.71e+03 points.step/s, 33 var
11 0 5 3 1 31 22 0 0 2.06e-07 6.44e-09 0 0
11 1 5 3 1 5 22 0 1 0 0 0.000699 0
11 2 5 3 1 29 23 0 0.533 8.95e-07 9.79e-09 0.00137 0.0243
11 3 5 3 1 27 23 0 0.365 1.4e-06 9.88e-09 0.00202 0.0395
11 4 5 3 1 26 23 0 0.281 2.31e-06 9.41e-09 0.00266 0.053
11 5 5 3 1 26 23 0 0.23 6.55e-06 9.7e-09 0.00328 0.0658
11 6 6 3 1 27 23 0 0.193 1.79e-06 6.98e-09 0.00389 0.0777
11 7 5 3 1 27 23 0 0.169 7.85e-06 7.31e-09 0.00448 0.0902
11 8 5 3 1 27 23 0 0.15 7.23e-06 7.62e-09 0.00505 0.102
11 9 5 3 1 27 23 0 0.134 7.02e-06 7.86e-09 0.00561 0.113
11 10 5 3 1 30 22 0 0.122 6.8e-06 8.18e-09 0.00616 0.124
11 11 5 3 1 30 22 0 0.111 6.57e-06 9.17e-09 0.00669 0.134
11 12 5 3 1 30 22 0 0.102 6.34e-06 9.31e-09 0.00721 0.144
11 13 5 3 1 30 22 0 0.0943 6.1e-06 9.41e-09 0.00771 0.154
11 14 5 3 1 30 22 0 0.0876 5.86e-06 9.49e-09 0.0082 0.164
11 15 5 3 1 30 22 0 0.0816 5.62e-06 9.55e-09 0.00868 0.173
11 16 5 3 1 30 22 0 0.0763 5.39e-06 9.58e-09 0.00915 0.181
11 17 5 3 1 30 22 0 0.0716 5.16e-06 9.6e-09 0.0096 0.19
11 18 5 3 1 30 22 0 0.0673 5.03e-06 9.12e-09 0.01 0.198
11 19 5 3 1 30 22 0 0.0634 5.03e-06 9.11e-09 0.0105 0.206
11 20 5 3 1 30 22 0 0.0599 5e-06 9.09e-09 0.0109 0.213
11 21 5 3 1 30 22 0 0.0566 4.97e-06 9.06e-09 0.0113 0.22
11 22 5 3 1 30 22 0 0.0536 4.92e-06 9.01e-09 0.0117 0.227
11 23 5 3 1 30 22 0 0.0509 4.86e-06 9.02e-09 0.0121 0.234
11 24 5 3 1 30 22 0 0.0483 4.79e-06 9.05e-09 0.0124 0.241
11 25 5 3 1 30 22 0 0.046 4.72e-06 9.08e-09 0.0128 0.247
11 26 5 3 1 30 22 0 0.0438 4.63e-06 9.11e-09 0.0132 0.253
11 27 5 3 1 30 22 0 0.0417 4.55e-06 9.13e-09 0.0135 0.259
11 28 5 3 1 30 22 0 0.0398 4.45e-06 9.14e-09 0.0138 0.265
11 29 5 3 1 30 22 0 0.038 4.36e-06 9.16e-09 0.0142 0.27
11 30 5 3 1 27 23 0 0.0363 4.26e-06 9.33e-09 0.0145 0.275
11 31 5 3 1 27 23 0 0.0347 4.16e-06 9.05e-09 0.0148 0.28
11 32 5 3 1 27 23 0 0.0333 4.06e-06 9.06e-09 0.0151 0.285
11 33 5 3 1 27 23 0 0.0319 3.96e-06 9.06e-09 0.0154 0.29
11 34 5 3 1 27 23 0 0.0305 3.86e-06 9.07e-09 0.0157 0.295
11 35 5 3 1 27 23 0 0.0293 3.76e-06 9.07e-09 0.0159 0.299
11 36 5 3 1 25 24 0 0.0281 3.66e-06 7.16e-09 0.0162 0.304
11 37 5 3 1 25 24 0 0.027 3.56e-06 6.64e-09 0.0165 0.308
11 38 5 3 1 25 24 0 0.0259 3.47e-06 6.64e-09 0.0167 0.312
11 39 5 3 1 25 24 0 0.0249 3.37e-06 6.64e-09 0.017 0.316
11 40 5 3 1 25 24 0 0.0239 3.27e-06 6.64e-09 0.0172 0.32
11 41 5 3 1 25 24 0 0.023 3.18e-06 6.64e-09 0.0174 0.323
11 42 5 3 1 25 24 0 0.0222 3.09e-06 6.64e-09 0.0177 0.327
11 43 5 3 1 25 24 0 0.0213 3e-06 6.64e-09 0.0179 0.33
11 44 5 3 1 25 24 0 0.0206 2.91e-06 6.64e-09 0.0181 0.334
11 45 5 3 1 25 24 0 0.0198 2.83e-06 6.64e-09 0.0183 0.337
11 46 5 3 1 25 24 0 0.0191 2.74e-06 6.68e-09 0.0185 0.34
11 47 5 3 1 25 24 0 0.0184 2.66e-06 6.77e-09 0.0187 0.343
11 48 5 3 1 25 24 0 0.0178 2.58e-06 6.84e-09 0.0189 0.346
11 49 5 3 1 25 24 0 0.0171 2.51e-06 6.92e-09 0.0191 0.349
11 50 5 3 1 25 24 0 0.0165 2.43e-06 7e-09 0.0193 0.352
11 51 5 3 1 25 24 0 0.016 2.36e-06 7.08e-09 0.0195 0.354
11 52 5 3 1 25 24 0 0.0154 2.29e-06 7.15e-09 0.0196 0.357
11 53 5 3 1 25 24 0 0.0149 2.22e-06 7.22e-09 0.0198 0.36
11 54 5 3 1 25 24 0 0.0144 2.15e-06 7.29e-09 0.02 0.362
11 55 5 3 1 25 24 0 0.0139 2.08e-06 7.36e-09 0.0201 0.365
11 56 5 3 1 25 24 0 0.0134 2.02e-06 7.43e-09 0.0203 0.367
11 57 5 3 1 25 24 0 0.013 1.96e-06 7.5e-09 0.0204 0.369
11 58 5 3 1 25 24 0 0.0126 1.9e-06 7.57e-09 0.0206 0.371
11 59 5 3 1 25 24 0 0.0121 1.84e-06 7.63e-09 0.0207 0.374
11 60 5 3 1 25 24 0 0.0117 1.79e-06 7.69e-09 0.0209 0.376
11 61 5 3 1 25 24 0 0.0114 1.73e-06 7.76e-09 0.021 0.378
11 62 5 3 1 25 24 0 0.011 1.68e-06 7.82e-09 0.0211 0.38
11 63 5 3 1 25 24 0 0.0106 1.63e-06 7.88e-09 0.0213 0.381
11 64 5 3 1 25 24 0 0.0103 1.58e-06 7.93e-09 0.0214 0.383
11 65 5 3 1 25 24 0 0.00998 1.53e-06 7.99e-09 0.0215 0.385
11 66 5 3 1 25 24 0 0.00967 1.49e-06 8.05e-09 0.0216 0.387
11 67 5 3 1 25 24 0 0.00937 1.44e-06 8.1e-09 0.0217 0.389
11 68 5 3 1 25 24 0 0.00907 1.4e-06 8.16e-09 0.0219 0.39
11 69 5 3 1 25 24 0 0.00879 1.36e-06 8.21e-09 0.022 0.392
11 70 5 3 1 25 24 0 0.00852 1.32e-06 8.26e-09 0.0221 0.393
11 71 5 3 1 25 24 0 0.00826 1.28e-06 8.31e-09 0.0222 0.395
11 72 5 3 1 25 24 0 0.008 1.24e-06 8.36e-09 0.0223 0.396
11 73 5 3 1 25 24 0 0.00776 1.2e-06 8.41e-09 0.0224 0.398
11 74 5 3 1 25 24 0 0.00752 1.17e-06 8.45e-09 0.0225 0.399
11 75 5 3 1 25 24 0 0.00729 1.13e-06 8.5e-09 0.0226 0.401
11 76 5 3 1 25 24 0 0.00707 1.1e-06 8.54e-09 0.0227 0.402
11 77 5 3 1 25 24 0 0.00686 1.07e-06 8.59e-09 0.0227 0.403
11 78 5 3 1 25 24 0 0.00666 1.04e-06 8.63e-09 0.0228 0.404
11 79 5 3 1 25 24 0 0.00646 1.01e-06 8.67e-09 0.0229 0.406
11 80 5 3 1 25 24 0 0.00626 9.76e-07 8.71e-09 0.023 0.407
11 81 5 3 1 25 24 0 0.00608 9.47e-07 8.75e-09 0.0231 0.408
11 82 5 3 1 25 24 0 0.0059 9.2e-07 8.79e-09 0.0231 0.409
11 83 5 3 1 25 24 0 0.00572 8.93e-07 8.83e-09 0.0232 0.41
11 84 5 3 1 25 24 0 0.00556 8.67e-07 8.87e-09 0.0233 0.411
11 85 5 3 1 25 24 0 0.00539 8.42e-07 8.9e-09 0.0234 0.412
11 86 5 3 1 25 24 0 0.00523 8.17e-07 8.94e-09 0.0234 0.413
11 87 5 3 1 25 24 0 0.00508 7.94e-07 8.97e-09 0.0235 0.414
11 88 5 3 1 25 24 0 0.00493 7.71e-07 9.01e-09 0.0236 0.415
11 89 5 3 1 25 24 0 0.00479 7.49e-07 9.04e-09 0.0236 0.416
11 90 5 3 1 25 24 0 0.00465 7.27e-07 9.07e-09 0.0237 0.417
11 91 5 3 1 25 24 0 0.00452 7.06e-07 9.1e-09 0.0238 0.418
11 92 5 3 1 25 24 0 0.00439 6.86e-07 9.13e-09 0.0238 0.419
11 93 5 3 1 25 24 0 0.00426 6.67e-07 9.16e-09 0.0239 0.42
11 94 5 3 1 25 24 0 0.00414 6.48e-07 9.19e-09 0.0239 0.42
11 95 5 3 1 25 24 0 0.00402 6.29e-07 9.22e-09 0.024 0.421
11 96 5 3 1 25 24 0 0.00391 6.11e-07 9.25e-09 0.024 0.422
11 97 5 3 1 25 24 0 0.00379 5.94e-07 9.28e-09 0.0241 0.423
11 98 5 3 1 25 24 0 0.00369 5.77e-07 9.3e-09 0.0241 0.423
11 99 5 3 1 25 24 0 0.00358 5.61e-07 9.33e-09 0.0242 0.424
11 100 5 3 1 25 24 0 0.00348 5.45e-07 9.35e-09 0.0242 0.425
11 101 5 3 1 25 24 0 0.00338 5.3e-07 9.38e-09 0.0243 0.425
11 102 5 3 1 25 24 0 0.00329 5.15e-07 9.4e-09 0.0243 0.426
11 103 5 3 1 25 24 0 0.00319 5.01e-07 9.42e-09 0.0244 0.427
11 104 5 3 1 25 24 0 0.0031 4.87e-07 9.45e-09 0.0244 0.427
11 105 5 3 1 25 24 0 0.00302 4.73e-07 9.47e-09 0.0244 0.428
11 106 5 3 1 25 24 0 0.00293 4.6e-07 9.49e-09 0.0245 0.429
11 107 5 3 1 25 24 0 0.00285 4.47e-07 9.51e-09 0.0245 0.429
11 108 5 3 1 25 24 0 0.00277 4.35e-07 9.53e-09 0.0246 0.43
11 109 5 3 1 25 24 0 0.00269 4.22e-07 9.55e-09 0.0246 0.43
11 110 5 3 1 25 24 0 0.00262 4.11e-07 9.57e-09 0.0246 0.431
11 111 5 3 1 25 24 0 0.00255 3.99e-07 9.59e-09 0.0247 0.431
11 112 5 3 1 25 24 0 0.00248 3.88e-07 9.61e-09 0.0247 0.432
11 113 5 3 1 25 24 0 0.00241 3.78e-07 9.63e-09 0.0247 0.432
11 114 5 3 1 25 24 0 0.00234 3.67e-07 9.65e-09 0.0248 0.433
11 115 5 3 1 25 24 0 0.00227 3.57e-07 9.66e-09 0.0248 0.433
11 116 5 3 1 25 24 0 0.00221 3.47e-07 9.68e-09 0.0248 0.434
11 117 5 3 1 25 24 0 0.00215 3.38e-07 9.7e-09 0.0249 0.434
11 118 5 3 1 25 24 0 0.00209 3.28e-07 9.71e-09 0.0249 0.434
11 119 5 3 1 25 24 0 0.00203 3.19e-07 9.73e-09 0.0249 0.435
11 120 5 3 1 25 24 0 0.00198 3.11e-07 9.74e-09 0.025 0.435
11 121 5 3 1 25 24 0 0.00192 3.02e-07 9.76e-09 0.025 0.436
11 122 5 3 1 25 24 0 0.00187 2.94e-07 9.77e-09 0.025 0.436
11 123 5 3 1 25 24 0 0.00182 2.86e-07 9.79e-09 0.025 0.436
11 124 5 3 1 25 24 0 0.00177 2.78e-07 9.8e-09 0.0251 0.437
11 125 5 3 1 25 24 0 0.00172 2.71e-07 9.81e-09 0.0251 0.437
11 126 5 3 1 25 24 0 0.00167 2.63e-07 9.83e-09 0.0251 0.437
11 127 5 3 1 25 24 0 0.00163 2.56e-07 9.84e-09 0.0251 0.438
11 128 5 3 1 25 24 0 0.00158 2.49e-07 9.85e-09 0.0251 0.438
11 129 5 3 1 25 24 0 0.00154 2.42e-07 9.86e-09 0.0252 0.438
11 130 5 3 1 25 24 0 0.0015 2.36e-07 9.88e-09 0.0252 0.439
11 131 5 3 1 25 24 0 0.00146 2.29e-07 9.89e-09 0.0252 0.439
11 132 5 3 1 25 24 0 0.00142 2.23e-07 9.9e-09 0.0252 0.439
11 133 5 3 1 25 24 0 0.00138 2.17e-07 9.91e-09 0.0253 0.44
11 134 5 3 1 25 24 0 0.00134 2.11e-07 9.92e-09 0.0253 0.44
11 135 5 3 1 25 24 0 0.00131 2.06e-07 9.93e-09 0.0253 0.44
11 136 5 3 1 25 24 0 0.00127 2e-07 9.94e-09 0.0253 0.44
11 137 5 3 1 25 24 0 0.00124 1.95e-07 9.95e-09 0.0253 0.441
11 138 5 3 1 25 24 0 0.0012 1.89e-07 9.96e-09 0.0253 0.441
11 139 5 3 1 25 24 0 0.00117 1.84e-07 9.97e-09 0.0254 0.441
11 140 5 3 1 25 24 0 0.00114 1.79e-07 9.98e-09 0.0254 0.441
11 141 5 3 1 25 24 0 0.00111 1.74e-07 9.99e-09 0.0254 0.442
11 142 5 2 1 25 24 0 0.00108 2.45e-07 1e-08 0.0254 0.442
11 143 5 2 1 26 24 0 0.00105 3.73e-07 5.71e-09 0.0254 0.442
11 144 5 2 1 26 24 0 0.00102 3.63e-07 5.72e-09 0.0254 0.442
11 145 5 2 1 26 24 0 0.000992 3.53e-07 5.72e-09 0.0254 0.442
stationary flow nc = 3 i = 145 du = 0.000992487
# Quadtree, 145 steps, 2185.89 CPU, 2197 real, 4.06e+03 points.step/s, 33 var
11 0 5 2 1 26 24 0 0 3.53e-07 5.72e-09 0 0
11 1 5 2 1 5 24 0 1 0 0 0.000599 0
11 2 5 2 1 25 25 0 0.54 3.58e-06 7.21e-09 0.00117 0.0238
11 3 5 2 1 23 25 0 0.372 4.01e-06 7.02e-09 0.00171 0.0388
11 4 5 2 1 22 25 0 0.286 5.1e-06 7.93e-09 0.00224 0.0521
11 5 5 2 1 22 25 0 0.232 5.21e-06 8.56e-09 0.00276 0.0645
11 6 5 2 1 22 25 0 0.194 5.5e-06 9.51e-09 0.00325 0.0764
11 7 5 2 1 22 25 0 0.169 5.97e-06 9.84e-09 0.00373 0.0881
11 8 5 2 1 23 25 0 0.148 5.9e-06 5.84e-09 0.0042 0.0992
11 9 5 2 1 23 25 0 0.132 5.78e-06 5.98e-09 0.00464 0.11
11 10 5 2 1 23 25 0 0.118 5.75e-06 6.08e-09 0.00507 0.12
11 11 5 2 1 25 24 0 0.107 5.71e-06 6.06e-09 0.00549 0.13
11 12 5 2 1 27 23 0 0.0977 5.63e-06 8.13e-09 0.00589 0.139
11 13 5 2 1 30 22 0 0.0895 5.55e-06 9.09e-09 0.00628 0.148
11 14 5 2 1 31 22 0 0.0824 5.56e-06 6.58e-09 0.00665 0.156
11 15 5 2 1 31 22 0 0.0761 5.56e-06 6.63e-09 0.00701 0.165
11 16 5 2 1 31 22 0 0.0706 5.55e-06 6.67e-09 0.00736 0.172
11 17 5 2 1 31 22 0 0.0656 5.52e-06 6.7e-09 0.00769 0.18
11 18 5 2 1 31 22 0 0.0612 5.48e-06 6.72e-09 0.00802 0.187
11 19 5 2 1 31 22 0 0.0572 5.43e-06 6.74e-09 0.00833 0.194
11 20 5 2 1 31 22 0 0.0535 5.38e-06 6.75e-09 0.00863 0.201
11 21 5 2 1 31 22 0 0.0502 5.31e-06 6.76e-09 0.00891 0.207
11 22 5 2 1 31 22 0 0.0471 5.24e-06 6.76e-09 0.00919 0.213
11 23 5 2 1 31 22 0 0.0444 5.17e-06 6.76e-09 0.00946 0.219
11 24 5 2 1 31 22 0 0.0418 5.09e-06 6.76e-09 0.00972 0.224
11 25 5 2 1 31 22 0 0.0394 5.01e-06 6.76e-09 0.00997 0.23
11 26 5 2 1 31 22 0 0.0372 4.92e-06 6.75e-09 0.0102 0.235
11 27 5 2 1 31 22 0 0.0352 4.83e-06 6.75e-09 0.0104 0.24
11 28 5 2 1 31 22 0 0.0333 4.74e-06 6.74e-09 0.0107 0.244
11 29 5 2 1 31 22 0 0.0316 4.65e-06 6.73e-09 0.0109 0.249
11 30 5 2 1 31 22 0 0.0299 4.55e-06 6.72e-09 0.0111 0.253
11 31 5 2 1 31 22 0 0.0284 4.45e-06 6.71e-09 0.0113 0.258
11 32 5 2 1 31 22 0 0.027 4.36e-06 6.7e-09 0.0115 0.262
11 33 5 2 1 31 22 0 0.0256 4.26e-06 6.69e-09 0.0117 0.265
11 34 5 2 1 31 22 0 0.0244 4.16e-06 6.67e-09 0.0118 0.269
11 35 5 2 1 31 22 0 0.0232 4.07e-06 6.66e-09 0.012 0.273
11 36 5 2 1 27 23 0 0.0221 3.97e-06 9.61e-09 0.0122 0.276
11 37 5 2 1 27 23 0 0.0211 3.87e-06 8.88e-09 0.0123 0.279
11 38 5 2 1 27 23 0 0.0201 3.78e-06 8.87e-09 0.0125 0.282
11 39 5 2 1 27 23 0 0.0192 3.68e-06 8.87e-09 0.0126 0.285
11 40 5 2 1 27 23 0 0.0183 3.59e-06 8.86e-09 0.0128 0.288
11 41 5 2 1 27 23 0 0.0175 3.5e-06 8.85e-09 0.0129 0.291
11 42 5 2 1 27 23 0 0.0167 3.4e-06 8.84e-09 0.013 0.294
11 43 5 2 1 27 23 0 0.016 3.31e-06 8.84e-09 0.0132 0.296
11 44 5 2 1 27 23 0 0.0153 3.22e-06 8.83e-09 0.0133 0.299
11 45 5 2 1 27 23 0 0.0146 3.14e-06 8.83e-09 0.0134 0.301
11 46 5 2 1 27 23 0 0.014 3.05e-06 8.84e-09 0.0135 0.304
11 47 5 2 1 27 23 0 0.0134 2.97e-06 8.86e-09 0.0136 0.306
11 48 5 2 1 27 23 0 0.0128 2.88e-06 8.88e-09 0.0137 0.308
11 49 5 2 1 27 23 0 0.0123 2.8e-06 8.89e-09 0.0138 0.31
11 50 5 2 1 27 23 0 0.0118 2.72e-06 8.91e-09 0.0139 0.312
11 51 5 2 1 27 23 0 0.0113 2.64e-06 8.93e-09 0.014 0.314
11 52 5 2 1 27 23 0 0.0108 2.57e-06 8.94e-09 0.0141 0.316
11 53 5 2 1 27 23 0 0.0104 2.49e-06 8.96e-09 0.0142 0.317
11 54 5 2 1 27 23 0 0.00997 2.42e-06 8.97e-09 0.0143 0.319
11 55 5 2 1 27 23 0 0.00956 2.35e-06 8.99e-09 0.0144 0.321
11 56 5 2 1 27 23 0 0.00918 2.28e-06 9e-09 0.0144 0.322
11 57 5 2 1 27 23 0 0.00882 2.21e-06 9.02e-09 0.0145 0.324
11 58 5 2 1 27 23 0 0.00847 2.14e-06 9.03e-09 0.0146 0.325
11 59 5 2 1 27 23 0 0.00814 2.08e-06 9.05e-09 0.0147 0.327
11 60 5 2 1 27 23 0 0.00782 2.02e-06 9.06e-09 0.0147 0.328
11 61 5 2 1 27 23 0 0.00751 1.96e-06 9.07e-09 0.0148 0.329
11 62 5 2 1 27 23 0 0.00722 1.9e-06 9.09e-09 0.0148 0.33
11 63 5 2 1 27 23 0 0.00694 1.84e-06 9.1e-09 0.0149 0.332
11 64 5 2 1 27 23 0 0.00667 1.79e-06 9.12e-09 0.015 0.333
11 65 5 2 1 27 23 0 0.00641 1.74e-06 9.13e-09 0.015 0.334
11 66 5 2 1 27 23 0 0.00617 1.69e-06 9.14e-09 0.0151 0.335
11 67 5 2 1 27 23 0 0.00593 1.63e-06 9.15e-09 0.0151 0.336
11 68 5 2 1 27 23 0 0.0057 1.59e-06 9.16e-09 0.0152 0.337
11 69 5 2 1 27 23 0 0.00549 1.54e-06 9.18e-09 0.0152 0.338
11 70 5 2 1 27 23 0 0.00528 1.49e-06 9.19e-09 0.0153 0.339
11 71 5 2 1 27 23 0 0.00508 1.45e-06 9.2e-09 0.0153 0.34
11 72 5 2 1 27 23 0 0.00489 1.4e-06 9.21e-09 0.0154 0.34
11 73 5 2 1 27 23 0 0.00471 1.36e-06 9.22e-09 0.0154 0.341
11 74 5 2 1 27 23 0 0.00453 1.32e-06 9.23e-09 0.0154 0.342
11 75 5 2 1 27 23 0 0.00436 1.28e-06 9.24e-09 0.0155 0.343
11 76 5 2 1 27 23 0 0.0042 1.24e-06 9.25e-09 0.0155 0.343
11 77 5 2 1 27 23 0 0.00404 1.2e-06 9.26e-09 0.0155 0.344
11 78 5 2 1 27 23 0 0.00389 1.16e-06 9.27e-09 0.0156 0.345
11 79 5 2 1 27 23 0 0.00375 1.13e-06 9.28e-09 0.0156 0.345
11 80 5 2 1 27 23 0 0.00361 1.09e-06 9.29e-09 0.0156 0.346
11 81 5 2 1 27 23 0 0.00348 1.06e-06 9.3e-09 0.0157 0.347
11 82 5 2 1 27 23 0 0.00335 1.02e-06 9.31e-09 0.0157 0.347
11 83 5 2 1 27 23 0 0.00323 9.91e-07 9.32e-09 0.0157 0.348
11 84 5 2 1 27 23 0 0.00311 9.6e-07 9.32e-09 0.0158 0.348
11 85 5 2 1 27 23 0 0.00299 9.3e-07 9.33e-09 0.0158 0.349
11 86 5 2 1 27 23 0 0.00288 9e-07 9.34e-09 0.0158 0.349
11 87 5 2 1 27 23 0 0.00278 8.72e-07 9.35e-09 0.0158 0.35
11 88 5 2 1 27 23 0 0.00268 8.44e-07 9.36e-09 0.0159 0.35
11 89 5 2 1 27 23 0 0.00258 8.17e-07 9.36e-09 0.0159 0.351
11 90 5 2 1 27 23 0 0.00248 7.91e-07 9.37e-09 0.0159 0.351
11 91 5 2 1 27 23 0 0.00239 7.66e-07 9.38e-09 0.0159 0.352
11 92 5 2 1 27 23 0 0.00231 7.41e-07 9.38e-09 0.0159 0.352
11 93 5 2 1 27 23 0 0.00222 7.18e-07 9.39e-09 0.016 0.352
11 94 5 2 1 27 23 0 0.00214 6.95e-07 9.4e-09 0.016 0.353
11 95 5 2 1 27 23 0 0.00206 6.73e-07 9.4e-09 0.016 0.353
11 96 5 2 1 27 23 0 0.00199 6.52e-07 9.41e-09 0.016 0.353
11 97 5 2 1 27 23 0 0.00191 6.32e-07 9.41e-09 0.016 0.354
11 98 5 2 1 27 23 0 0.00184 6.12e-07 9.42e-09 0.0161 0.354
11 99 5 2 1 27 23 0 0.00178 5.92e-07 9.42e-09 0.0161 0.354
11 100 5 2 1 27 23 0 0.00171 5.73e-07 9.43e-09 0.0161 0.355
11 101 5 2 1 27 23 0 0.00165 5.55e-07 9.43e-09 0.0161 0.355
11 102 5 2 1 27 23 0 0.00159 5.37e-07 9.44e-09 0.0161 0.355
11 103 5 2 1 27 23 0 0.00153 5.2e-07 9.44e-09 0.0161 0.355
11 104 5 2 1 27 23 0 0.00148 5.04e-07 9.45e-09 0.0161 0.356
11 105 5 2 1 27 23 0 0.00142 4.88e-07 9.45e-09 0.0162 0.356
11 106 5 2 1 27 23 0 0.00137 4.72e-07 9.46e-09 0.0162 0.356
11 107 5 2 1 27 23 0 0.00132 4.57e-07 9.46e-09 0.0162 0.356
11 108 5 2 1 27 23 0 0.00127 4.42e-07 9.47e-09 0.0162 0.357
11 109 5 2 1 27 23 0 0.00123 4.28e-07 9.47e-09 0.0162 0.357
11 110 5 2 1 27 23 0 0.00118 4.14e-07 9.47e-09 0.0162 0.357
11 111 5 2 1 27 23 0 0.0122 4.01e-07 9.48e-09 0.0162 0.357
11 112 5 2 1 27 23 0 0.0132 5.56e-06 9.49e-09 0.0162 0.368
11 113 5 2 1 27 23 0 0.00907 4.95e-06 9.34e-09 0.0162 0.356
11 114 5 2 1 27 23 0 0.00587 9.34e-07 9.37e-09 0.0162 0.358
11 115 5 2 1 27 23 0 0.00358 6.12e-07 9.45e-09 0.0162 0.358
11 116 5 2 1 27 23 0 0.00247 4.35e-07 9.47e-09 0.0163 0.358
11 117 5 2 1 27 23 0 0.00189 3.38e-07 9.48e-09 0.0163 0.358
11 118 5 2 1 27 23 0 0.00155 3.13e-07 9.49e-09 0.0163 0.358
11 119 5 2 1 27 23 0 0.00133 2.99e-07 9.5e-09 0.0163 0.358
11 120 5 2 1 27 23 0 0.00118 2.88e-07 9.5e-09 0.0163 0.359
11 121 5 2 1 27 23 0 0.00107 2.79e-07 9.51e-09 0.0163 0.359
11 122 5 2 1 27 23 0 0.000977 2.71e-07 9.52e-09 0.0163 0.359
stationary flow nc = 4 i = 122 du = 0.000976991
# Quadtree, 122 steps, 2091.52 CPU, 2102 real, 4.09e+03 points.step/s, 33 var
11 0 5 2 1 27 23 0 0 2.71e-07 9.52e-09 0 0
11 1 5 2 1 5 23 0 1 0 0 0.000499 0
11 2 5 2 1 27 24 0 0.544 3.34e-06 6.71e-09 0.000964 0.0228
11 3 5 2 1 25 24 0 0.372 3.99e-06 7.19e-09 0.00141 0.0374
11 4 5 2 1 24 24 0 0.283 4.71e-06 7.25e-09 0.00184 0.0504
11 5 5 2 1 24 24 0 0.226 4.85e-06 7.55e-09 0.00225 0.0625
11 6 5 2 1 24 24 0 0.19 4.81e-06 8.39e-09 0.00264 0.0742
11 7 5 2 1 24 24 0 0.161 5.2e-06 8.55e-09 0.00302 0.0858
11 8 5 2 1 24 24 0 0.139 5.09e-06 8.7e-09 0.00337 0.0965
11 9 5 2 1 24 24 0 0.122 5.23e-06 8.78e-09 0.00372 0.107
11 10 5 2 1 24 24 0 0.109 5.33e-06 8.8e-09 0.00405 0.117
11 11 5 2 1 24 24 0 0.0973 5.41e-06 8.79e-09 0.00436 0.126
11 12 5 2 1 27 23 0 0.0878 5.45e-06 6.4e-09 0.00466 0.135
11 13 5 2 1 27 23 0 0.0797 5.48e-06 6.65e-09 0.00494 0.143
11 14 5 2 1 27 23 0 0.0726 5.48e-06 6.64e-09 0.00521 0.151
11 15 5 2 1 27 23 0 0.0665 5.47e-06 6.62e-09 0.00547 0.159
11 16 5 2 1 27 23 0 0.0612 5.44e-06 6.59e-09 0.00572 0.166
11 17 5 2 1 27 23 0 0.0564 5.4e-06 6.56e-09 0.00595 0.173
11 18 5 2 1 27 23 0 0.0522 5.35e-06 6.52e-09 0.00618 0.18
11 19 5 2 1 27 23 0 0.0484 5.29e-06 6.48e-09 0.00639 0.186
11 20 5 2 1 27 23 0 0.045 5.21e-06 6.44e-09 0.0066 0.192
11 21 5 2 1 27 23 0 0.0419 5.13e-06 6.4e-09 0.00679 0.198
11 22 5 2 1 27 23 0 0.0392 5.04e-06 6.35e-09 0.00698 0.203
11 23 5 2 1 27 23 0 0.0367 4.95e-06 6.31e-09 0.00715 0.209
11 24 5 2 1 27 23 0 0.0344 4.85e-06 6.26e-09 0.00732 0.213
11 25 5 2 1 27 23 0 0.0323 4.75e-06 6.22e-09 0.00748 0.218
11 26 5 2 1 27 23 0 0.0304 4.64e-06 6.18e-09 0.00763 0.223
11 27 5 2 1 26 23 0 0.0286 4.53e-06 9.96e-09 0.00778 0.227
11 28 5 2 1 26 23 0 0.027 4.42e-06 9.9e-09 0.00792 0.231
11 29 5 2 1 26 23 0 0.0254 4.31e-06 9.84e-09 0.00805 0.235
11 30 5 2 1 26 23 0 0.024 4.2e-06 9.78e-09 0.00818 0.238
11 31 5 2 1 26 23 0 0.0226 4.09e-06 9.72e-09 0.0083 0.242
11 32 5 2 1 26 23 0 0.0214 3.97e-06 9.67e-09 0.00841 0.245
11 33 5 2 1 26 23 0 0.0203 3.86e-06 9.62e-09 0.00852 0.248
11 34 5 2 1 26 23 0 0.0193 3.75e-06 9.57e-09 0.00862 0.251
11 35 5 2 1 26 23 0 0.0183 3.64e-06 9.53e-09 0.00872 0.254
11 36 5 2 1 26 23 0 0.0174 3.53e-06 9.48e-09 0.00882 0.256
11 37 5 2 1 26 23 0 0.0165 3.42e-06 9.44e-09 0.00891 0.259
11 38 5 2 1 26 23 0 0.0157 3.32e-06 9.4e-09 0.00899 0.261
11 39 5 2 1 26 23 0 0.0149 3.21e-06 9.37e-09 0.00907 0.264
11 40 5 2 1 26 23 0 0.0142 3.11e-06 9.33e-09 0.00915 0.266
11 41 5 2 1 26 23 0 0.0135 3.01e-06 9.3e-09 0.00923 0.268
11 42 5 2 1 26 23 0 0.0129 2.91e-06 9.27e-09 0.0093 0.27
11 43 5 2 1 26 23 0 0.0122 2.81e-06 9.25e-09 0.00936 0.272
11 44 5 2 1 26 23 0 0.0116 2.72e-06 9.22e-09 0.00943 0.274
11 45 5 2 1 26 23 0 0.0111 2.63e-06 9.2e-09 0.00949 0.275
11 46 5 2 1 26 23 0 0.0106 2.54e-06 9.17e-09 0.00955 0.277
11 47 5 2 1 26 23 0 0.0101 2.45e-06 9.15e-09 0.0096 0.279
11 48 5 2 1 26 23 0 0.00958 2.36e-06 9.13e-09 0.00965 0.28
11 49 5 2 1 26 23 0 0.00912 2.28e-06 9.11e-09 0.00971 0.282
11 50 5 2 1 26 23 0 0.00869 2.2e-06 9.1e-09 0.00975 0.283
11 51 5 2 1 26 23 0 0.00828 2.12e-06 9.08e-09 0.0098 0.284
11 52 5 2 1 26 23 0 0.00789 2.05e-06 9.07e-09 0.00984 0.285
11 53 5 2 1 26 23 0 0.00752 1.97e-06 9.06e-09 0.00988 0.286
11 54 5 2 1 26 23 0 0.00717 1.9e-06 9.05e-09 0.00992 0.288
11 55 5 2 1 26 23 0 0.00683 1.83e-06 9.04e-09 0.00996 0.289
11 56 5 2 1 26 23 0 0.00651 1.76e-06 9.03e-09 0.01 0.29
11 57 5 2 1 26 23 0 0.00621 1.7e-06 9.02e-09 0.01 0.291
11 58 5 2 1 26 23 0 0.00592 1.64e-06 9.01e-09 0.0101 0.291
11 59 5 2 1 26 23 0 0.00564 1.58e-06 9e-09 0.0101 0.292
11 60 5 2 1 26 23 0 0.00538 1.52e-06 9e-09 0.0101 0.293
11 61 5 2 1 26 23 0 0.00513 1.46e-06 8.99e-09 0.0102 0.294
11 62 5 2 1 26 23 0 0.00489 1.4e-06 8.99e-09 0.0102 0.295
11 63 5 2 1 26 23 0 0.00467 1.35e-06 8.98e-09 0.0102 0.295
11 64 5 2 1 26 23 0 0.00445 1.3e-06 8.98e-09 0.0102 0.296
11 65 5 2 1 26 23 0 0.00424 1.25e-06 8.97e-09 0.0103 0.297
11 66 5 2 1 26 23 0 0.00405 1.21e-06 8.97e-09 0.0103 0.297
11 67 5 2 1 26 23 0 0.00386 1.16e-06 8.97e-09 0.0103 0.298
11 68 5 2 1 26 23 0 0.00368 1.12e-06 8.96e-09 0.0103 0.298
11 69 5 2 1 26 23 0 0.00351 1.08e-06 8.96e-09 0.0103 0.299
11 70 5 2 1 26 23 0 0.00335 1.04e-06 8.96e-09 0.0104 0.299
11 71 5 2 1 26 23 0 0.0032 9.96e-07 8.96e-09 0.0104 0.3
11 72 5 2 1 26 23 0 0.00305 9.58e-07 8.96e-09 0.0104 0.3
11 73 5 2 1 26 23 0 0.00291 9.22e-07 8.96e-09 0.0104 0.301
11 74 5 2 1 26 23 0 0.00278 8.86e-07 8.95e-09 0.0104 0.301
11 75 5 2 1 26 23 0 0.00265 8.52e-07 8.95e-09 0.0104 0.302
11 76 5 2 1 26 23 0 0.00253 8.2e-07 8.95e-09 0.0104 0.302
11 77 5 2 1 26 23 0 0.00241 7.88e-07 8.95e-09 0.0105 0.302
11 78 5 2 1 26 23 0 0.0023 7.57e-07 8.95e-09 0.0105 0.303
11 79 5 2 1 26 23 0 0.00219 7.28e-07 8.95e-09 0.0105 0.303
11 80 5 2 1 26 23 0 0.00209 7e-07 8.95e-09 0.0105 0.303
11 81 5 2 1 26 23 0 0.002 6.73e-07 8.95e-09 0.0105 0.304
11 82 5 2 1 26 23 0 0.00191 6.46e-07 8.95e-09 0.0105 0.304
11 83 5 2 1 26 23 0 0.00182 6.21e-07 8.95e-09 0.0105 0.304
11 84 5 2 1 26 23 0 0.00173 5.97e-07 8.95e-09 0.0105 0.304
11 85 5 2 1 26 23 0 0.00165 5.73e-07 8.95e-09 0.0105 0.305
11 86 5 2 1 26 23 0 0.00158 5.51e-07 8.95e-09 0.0106 0.305
11 87 5 2 1 26 23 0 0.00151 5.29e-07 8.95e-09 0.0106 0.305
11 88 5 2 1 26 23 0 0.00144 5.08e-07 8.95e-09 0.0106 0.305
11 89 5 2 1 26 23 0 0.00137 4.88e-07 8.96e-09 0.0106 0.306
11 90 5 2 1 26 23 0 0.00131 4.69e-07 8.96e-09 0.0106 0.306
11 91 5 2 1 26 23 0 0.00125 4.5e-07 8.96e-09 0.0106 0.306
11 92 5 2 1 26 23 0 0.00119 4.32e-07 8.96e-09 0.0106 0.306
11 93 5 2 1 26 23 0 0.00114 4.15e-07 8.96e-09 0.0106 0.306
11 94 5 2 1 26 23 0 0.00109 3.99e-07 8.96e-09 0.0106 0.306
11 95 5 2 1 26 23 0 0.00104 3.83e-07 8.96e-09 0.0106 0.307
11 96 5 2 1 26 23 0 0.000988 3.67e-07 8.96e-09 0.0106 0.307
stationary flow nc = 5 i = 96 du = 0.000988096
# Quadtree, 96 steps, 1752.18 CPU, 1762 real, 4.33e+03 points.step/s, 33 var
11 0 5 2 1 26 23 0 0 3.67e-07 8.96e-09 0 0
11 1 5 2 1 5 23 0 1 0 0 0.000399 0
11 2 5 2 1 33 24 0 0.536 3.78e-06 9.41e-09 0.000765 0.0214
11 3 5 2 1 26 24 0 0.358 4.3e-06 6.8e-09 0.00111 0.0354
11 4 5 2 1 23 24 0 0.267 6.44e-06 9.1e-09 0.00144 0.0479
11 5 6 2 1 23 24 0 0.211 4.47e-06 8.46e-09 0.00175 0.0594
11 6 5 3 1 23 24 0 0.176 6.04e-06 9.67e-09 0.00205 0.0701
11 7 6 4 1 23 24 0 0.148 1.61e-06 9.89e-09 0.00233 0.081
11 8 5 5 1 24 24 0 0.128 6.99e-06 5.82e-09 0.0026 0.091
11 9 5 5 1 24 24 0 0.112 6.24e-06 5.87e-09 0.00285 0.1
11 10 5 5 1 24 24 0 0.0986 5.71e-06 5.87e-09 0.00309 0.109
11 11 5 5 1 26 23 0 0.088 5.23e-06 6.89e-09 0.00331 0.118
11 12 5 5 1 26 23 0 0.079 4.78e-06 7.51e-09 0.00353 0.125
11 13 5 5 1 26 23 0 0.0714 4.4e-06 7.41e-09 0.00373 0.133
11 14 5 5 1 26 23 0 0.0651 4.08e-06 7.28e-09 0.00392 0.14
11 15 5 5 1 26 23 0 0.0596 3.79e-06 7.15e-09 0.0041 0.146
11 16 5 5 1 26 23 0 0.0548 3.51e-06 7e-09 0.00427 0.153
11 17 5 5 1 26 23 0 0.0505 3.25e-06 6.85e-09 0.00443 0.158
11 18 5 5 1 26 23 0 0.0466 3.01e-06 6.34e-09 0.00458 0.164
11 19 5 5 1 26 23 0 0.0432 2.78e-06 6.18e-09 0.00472 0.169
11 20 5 5 1 25 23 0 0.0401 2.58e-06 9.91e-09 0.00486 0.174
11 21 5 5 1 25 23 0 0.0373 2.38e-06 9.69e-09 0.00498 0.178
11 22 5 5 1 25 23 0 0.0349 2.2e-06 9.48e-09 0.0051 0.183
11 23 5 5 1 25 23 0 0.0326 2.04e-06 9.28e-09 0.00522 0.187
11 24 5 5 1 25 23 0 0.0305 1.89e-06 9.08e-09 0.00532 0.19
11 25 5 5 1 25 23 0 0.0286 1.75e-06 8.88e-09 0.00543 0.194
11 26 5 5 1 25 23 0 0.0269 1.62e-06 8.69e-09 0.00552 0.197
11 27 5 5 1 25 23 0 0.0252 1.5e-06 8.51e-09 0.00561 0.201
11 28 5 5 1 25 23 0 0.0237 1.39e-06 8.38e-09 0.0057 0.203
11 29 5 5 1 25 23 0 0.0223 1.28e-06 8.25e-09 0.00578 0.206
11 30 5 5 1 25 23 0 0.021 1.19e-06 8.12e-09 0.00585 0.209
11 31 5 5 1 25 23 0 0.0197 1.1e-06 8e-09 0.00593 0.211
11 32 5 5 1 25 23 0 0.0186 1.02e-06 7.88e-09 0.00599 0.214
11 33 5 5 1 25 23 0 0.0175 9.46e-07 7.77e-09 0.00606 0.216
11 34 5 5 1 25 23 0 0.0165 8.78e-07 7.65e-09 0.00612 0.218
11 35 5 5 1 25 23 0 0.0155 8.14e-07 7.55e-09 0.00618 0.22
11 36 5 5 1 25 23 0 0.0147 7.55e-07 7.44e-09 0.00623 0.222
11 37 5 5 1 25 23 0 0.0138 7.01e-07 7.35e-09 0.00628 0.223
11 38 5 5 1 25 23 0 0.013 6.51e-07 7.25e-09 0.00633 0.225
11 39 5 5 1 25 23 0 0.0123 6.04e-07 7.16e-09 0.00637 0.227
11 40 5 5 1 25 23 0 0.0116 5.61e-07 7.18e-09 0.00642 0.228
11 41 5 5 1 25 23 0 0.011 5.21e-07 7.28e-09 0.00646 0.229
11 42 5 5 1 25 23 0 0.0103 4.85e-07 7.39e-09 0.00649 0.231
11 43 5 5 1 25 23 0 0.00977 4.5e-07 7.48e-09 0.00653 0.232
11 44 5 5 1 25 23 0 0.00923 4.19e-07 7.58e-09 0.00656 0.233
11 45 5 5 1 25 23 0 0.00871 3.9e-07 7.67e-09 0.0066 0.234
11 46 5 5 1 25 23 0 0.00823 3.63e-07 7.77e-09 0.00663 0.235
11 47 5 5 1 25 23 0 0.00778 3.37e-07 7.85e-09 0.00666 0.236
11 48 5 5 1 25 23 0 0.00735 3.14e-07 7.94e-09 0.00668 0.237
11 49 5 5 1 25 23 0 0.00694 2.93e-07 8.02e-09 0.00671 0.238
11 50 5 5 1 25 23 0 0.00656 2.73e-07 8.1e-09 0.00673 0.239
11 51 5 5 1 25 23 0 0.0062 2.54e-07 8.18e-09 0.00675 0.239
11 52 5 5 1 25 23 0 0.00586 2.37e-07 8.26e-09 0.00678 0.24
11 53 5 5 1 25 23 0 0.00554 2.21e-07 8.33e-09 0.0068 0.241
11 54 5 5 1 25 23 0 0.00523 2.06e-07 8.4e-09 0.00682 0.241
11 55 5 5 1 25 23 0 0.00495 1.92e-07 8.47e-09 0.00683 0.242
11 56 5 5 1 25 23 0 0.00467 1.81e-07 8.54e-09 0.00685 0.243
11 57 5 5 1 25 23 0 0.00442 1.72e-07 8.6e-09 0.00687 0.243
11 58 5 5 1 25 23 0 0.00418 1.62e-07 8.66e-09 0.00688 0.244
11 59 5 5 1 25 23 0 0.00395 1.54e-07 8.72e-09 0.0069 0.244
11 60 5 5 1 25 23 0 0.00373 1.46e-07 8.78e-09 0.00691 0.244
11 61 5 5 1 25 23 0 0.00353 1.38e-07 8.84e-09 0.00692 0.245
11 62 5 5 1 25 23 0 0.00334 1.3e-07 8.89e-09 0.00694 0.245
11 63 5 5 1 25 23 0 0.00315 1.23e-07 8.94e-09 0.00695 0.246
11 64 5 5 1 25 23 0 0.00298 1.16e-07 8.99e-09 0.00696 0.246
11 65 5 5 1 25 23 0 0.00282 1.1e-07 9.04e-09 0.00697 0.246
11 66 5 5 1 25 23 0 0.00267 1.04e-07 9.09e-09 0.00698 0.247
11 67 5 5 1 25 23 0 0.00252 9.82e-08 9.13e-09 0.00699 0.247
11 68 5 5 1 25 23 0 0.00238 9.28e-08 9.18e-09 0.00699 0.247
11 69 5 5 1 25 23 0 0.00225 8.76e-08 9.22e-09 0.007 0.247
11 70 5 5 1 25 23 0 0.00213 8.27e-08 9.26e-09 0.00701 0.248
11 71 5 5 1 25 23 0 0.00201 7.81e-08 9.3e-09 0.00702 0.248
11 72 5 5 1 25 23 0 0.0019 7.37e-08 9.34e-09 0.00702 0.248
11 73 5 5 1 25 23 0 0.0018 6.96e-08 9.37e-09 0.00703 0.248
11 74 5 5 1 25 23 0 0.0017 6.57e-08 9.41e-09 0.00704 0.249
11 75 5 5 1 25 23 0 0.00161 6.2e-08 9.44e-09 0.00704 0.249
11 76 5 5 1 25 23 0 0.00152 5.85e-08 9.47e-09 0.00705 0.249
11 77 5 5 1 25 23 0 0.00144 5.52e-08 9.5e-09 0.00705 0.249
11 78 5 5 1 25 23 0 0.00136 5.21e-08 9.53e-09 0.00706 0.249
11 79 5 5 1 25 23 0 0.00129 4.91e-08 9.56e-09 0.00706 0.249
11 80 5 5 1 25 23 0 0.00122 4.64e-08 9.59e-09 0.00707 0.25
11 81 5 5 1 25 23 0 0.00115 4.37e-08 9.61e-09 0.00707 0.25
11 82 5 5 1 25 23 0 0.00109 4.13e-08 9.64e-09 0.00707 0.25
11 83 5 5 1 25 23 0 0.00103 3.98e-08 9.66e-09 0.00708 0.25
11 84 5 5 1 25 23 0 0.000972 3.84e-08 9.68e-09 0.00708 0.25
stationary flow nc = 6 i = 84 du = 0.000972425
# Quadtree, 84 steps, 1546.11 CPU, 1556 real, 4.66e+03 points.step/s, 33 var
11 0 5 5 1 25 23 0 0 3.84e-08 9.68e-09 0 0
11 1 5 5 1 5 23 0 1 0 0 0.000299 0
11 2 5 4 1 31 24 0 0.518 2.85e-07 9.84e-09 0.000568 0.02
11 3 5 4 1 27 24 0 0.345 5.57e-07 9.54e-09 0.000822 0.0322
11 4 5 4 1 25 24 0 0.256 9.94e-07 8.65e-09 0.00106 0.0431
11 5 5 4 1 25 24 0 0.202 1.2e-06 8.4e-09 0.00129 0.0533
11 6 5 4 1 25 24 0 0.168 1.76e-06 8.85e-09 0.0015 0.063
11 7 5 4 1 25 24 0 0.14 1.66e-06 8.84e-09 0.0017 0.0725
11 8 5 4 1 25 24 0 0.121 1.75e-06 8.8e-09 0.00188 0.0812
11 9 5 4 1 25 24 0 0.105 1.8e-06 8.69e-09 0.00206 0.0894
11 10 5 4 1 25 24 0 0.0931 1.83e-06 8.53e-09 0.00222 0.0971
11 11 5 4 1 28 23 0 0.083 1.83e-06 6.9e-09 0.00238 0.104
11 12 5 4 1 28 23 0 0.0746 1.81e-06 7.41e-09 0.00252 0.111
11 13 5 4 1 28 23 0 0.0677 1.78e-06 7.28e-09 0.00266 0.117
11 14 5 4 1 28 23 0 0.0617 1.73e-06 7.14e-09 0.00279 0.123
11 15 5 4 1 28 23 0 0.0564 1.68e-06 7.01e-09 0.00291 0.129
11 16 5 4 1 28 23 0 0.0518 1.62e-06 6.87e-09 0.00302 0.134
11 17 5 4 1 28 23 0 0.0477 1.56e-06 6.74e-09 0.00313 0.139
11 18 5 4 1 28 23 0 0.044 1.49e-06 6.61e-09 0.00323 0.143
11 19 5 4 1 28 23 0 0.0407 1.42e-06 6.48e-09 0.00332 0.148
11 20 5 4 1 28 23 0 0.0376 1.36e-06 6.35e-09 0.00341 0.151
11 21 5 4 1 27 23 0 0.0349 1.29e-06 9.92e-09 0.00349 0.155
11 22 5 4 1 27 23 0 0.0324 1.23e-06 9.74e-09 0.00356 0.159
11 23 5 4 1 27 23 0 0.0301 1.16e-06 9.56e-09 0.00364 0.162
11 24 5 4 1 27 23 0 0.028 1.1e-06 9.39e-09 0.0037 0.165
11 25 5 4 1 27 23 0 0.0261 1.04e-06 9.23e-09 0.00377 0.168
11 26 5 4 1 31 22 0 0.0243 9.81e-07 7.47e-09 0.00383 0.17
11 27 5 4 1 31 22 0 0.0227 9.25e-07 7.58e-09 0.00388 0.173
11 28 5 4 1 31 22 0 0.0212 8.72e-07 7.45e-09 0.00393 0.175
11 29 5 4 1 31 22 0 0.0198 8.21e-07 7.32e-09 0.00398 0.177
11 30 5 4 1 31 22 0 0.0185 7.73e-07 7.2e-09 0.00403 0.179
11 31 5 4 1 31 22 0 0.0173 7.27e-07 7.08e-09 0.00407 0.181
11 32 5 4 1 31 22 0 0.0161 6.84e-07 6.96e-09 0.00411 0.183
11 33 5 4 1 31 22 0 0.0151 6.43e-07 6.86e-09 0.00415 0.184
11 34 5 4 1 31 22 0 0.0141 6.04e-07 6.75e-09 0.00418 0.186
11 35 5 4 1 31 22 0 0.0132 5.68e-07 6.65e-09 0.00422 0.187
11 36 5 4 1 30 22 0 0.0124 5.34e-07 9.9e-09 0.00425 0.189
11 37 5 4 1 30 22 0 0.0116 5.02e-07 9.77e-09 0.00428 0.19
11 38 5 4 1 30 22 0 0.0108 4.72e-07 9.64e-09 0.0043 0.191
11 39 5 4 1 30 22 0 0.0101 4.44e-07 9.52e-09 0.00433 0.192
11 40 5 4 1 30 22 0 0.0095 4.17e-07 9.4e-09 0.00435 0.193
11 41 5 4 1 30 22 0 0.0089 3.92e-07 9.29e-09 0.00437 0.194
11 42 5 4 1 30 22 0 0.00834 3.68e-07 9.18e-09 0.00439 0.195
11 43 5 4 1 30 22 0 0.00781 3.46e-07 9.08e-09 0.00441 0.196
11 44 5 4 1 30 22 0 0.00732 3.25e-07 8.99e-09 0.00443 0.196
11 45 5 4 1 30 22 0 0.00686 3.06e-07 8.89e-09 0.00445 0.197
11 46 5 4 1 30 22 0 0.00642 2.88e-07 8.81e-09 0.00446 0.198
11 47 5 4 1 30 22 0 0.00602 2.7e-07 8.72e-09 0.00448 0.198
11 48 5 4 1 30 22 0 0.00564 2.54e-07 8.64e-09 0.00449 0.199
11 49 5 4 1 30 22 0 0.00529 2.39e-07 8.57e-09 0.00451 0.199
11 50 5 4 1 30 22 0 0.00496 2.25e-07 8.49e-09 0.00452 0.2
11 51 5 4 1 30 22 0 0.00465 2.11e-07 8.43e-09 0.00453 0.2
11 52 5 4 1 30 22 0 0.00435 1.99e-07 8.36e-09 0.00454 0.201
11 53 5 4 1 30 22 0 0.00408 1.87e-07 8.3e-09 0.00455 0.201
11 54 5 4 1 30 22 0 0.00383 1.76e-07 8.24e-09 0.00456 0.202
11 55 5 4 1 30 22 0 0.00359 1.65e-07 8.18e-09 0.00457 0.202
11 56 5 4 1 30 22 0 0.00336 1.55e-07 8.12e-09 0.00458 0.202
11 57 5 4 1 30 22 0 0.00315 1.46e-07 8.07e-09 0.00458 0.203
11 58 5 4 1 30 22 0 0.00295 1.37e-07 8.02e-09 0.00459 0.203
11 59 5 4 1 30 22 0 0.00277 1.29e-07 7.98e-09 0.0046 0.203
11 60 5 4 1 30 22 0 0.0026 1.22e-07 7.93e-09 0.0046 0.203
11 61 5 4 1 30 22 0 0.00243 1.14e-07 7.89e-09 0.00461 0.204
11 62 5 4 1 30 22 0 0.00228 1.08e-07 7.85e-09 0.00462 0.204
11 63 5 4 1 30 22 0 0.00214 1.01e-07 7.81e-09 0.00462 0.204
11 64 5 4 1 30 22 0 0.002 9.6e-08 7.77e-09 0.00463 0.204
11 65 5 4 1 30 22 0 0.00188 9.21e-08 7.74e-09 0.00463 0.204
11 66 5 4 1 30 22 0 0.00176 8.83e-08 7.7e-09 0.00463 0.205
11 67 5 4 1 30 22 0 0.00165 8.47e-08 7.67e-09 0.00464 0.205
11 68 5 4 1 30 22 0 0.00155 8.12e-08 7.64e-09 0.00464 0.205
11 69 5 4 1 30 22 0 0.00145 7.79e-08 7.61e-09 0.00465 0.205
11 70 5 4 1 30 22 0 0.00136 7.47e-08 7.58e-09 0.00465 0.205
11 71 5 4 1 30 22 0 0.00128 7.16e-08 7.56e-09 0.00465 0.205
11 72 5 4 1 30 22 0 0.0012 6.87e-08 7.53e-09 0.00466 0.205
11 73 5 4 1 30 22 0 0.00112 6.58e-08 7.51e-09 0.00466 0.206
11 74 5 4 1 30 22 0 0.00105 6.31e-08 7.49e-09 0.00466 0.206
11 75 5 4 1 30 22 0 0.000986 6.05e-08 7.46e-09 0.00466 0.206
stationary flow nc = 7 i = 75 du = 0.000985735
# Quadtree, 75 steps, 1520.87 CPU, 1530 real, 4.58e+03 points.step/s, 33 var
11 0 5 4 1 30 22 0 0 6.05e-08 7.46e-09 0 0
11 1 5 4 1 5 22 0 1 0 0 0.000249 0
11 2 5 4 1 39 23 0 0.512 3.98e-07 9.57e-09 0.000471 0.0189
11 3 5 4 1 33 23 0 0.34 5.19e-07 8.48e-09 0.000681 0.0297
11 4 5 3 1 30 23 0 0.252 1.21e-06 8.43e-09 0.000878 0.0393
11 5 5 3 1 30 23 0 0.199 1.96e-06 8.28e-09 0.00106 0.0482
11 6 5 3 1 30 23 0 0.165 2.85e-06 8.34e-09 0.00124 0.0566
11 7 5 3 1 30 23 0 0.138 3.56e-06 8.28e-09 0.0014 0.0649
11 8 5 3 1 30 23 0 0.118 3.51e-06 8.2e-09 0.00155 0.0724
11 9 5 3 1 30 23 0 0.103 3.46e-06 8.09e-09 0.0017 0.0794
11 10 5 3 1 30 23 0 0.0915 3.39e-06 7.95e-09 0.00183 0.086
11 11 5 3 1 34 22 0 0.0818 3.31e-06 9.51e-09 0.00196 0.0921
11 12 5 3 1 35 22 0 0.0736 3.23e-06 7.19e-09 0.00207 0.0978
11 13 5 3 1 35 22 0 0.0666 3.14e-06 7.02e-09 0.00218 0.103
11 14 5 3 1 34 22 0 0.0606 3.06e-06 9.81e-09 0.00229 0.108
11 15 5 3 1 34 22 0 0.0553 2.97e-06 9.55e-09 0.00238 0.113
11 16 5 3 1 34 22 0 0.0506 2.89e-06 9.3e-09 0.00248 0.117
11 17 5 3 1 34 22 0 0.0465 2.81e-06 9.05e-09 0.00256 0.121
11 18 5 3 1 34 22 0 0.0428 2.73e-06 8.81e-09 0.00264 0.125
11 19 5 3 1 30 23 0 0.0394 2.66e-06 7.01e-09 0.00271 0.128
11 20 5 3 1 29 23 0 0.0364 2.58e-06 9.4e-09 0.00278 0.131
11 21 5 3 1 29 23 0 0.0337 2.51e-06 9.15e-09 0.00285 0.134
11 22 5 3 1 29 23 0 0.0312 2.43e-06 8.9e-09 0.00291 0.137
11 23 5 3 1 29 23 0 0.0289 2.36e-06 8.66e-09 0.00297 0.14
11 24 5 3 1 29 23 0 0.0268 2.28e-06 8.42e-09 0.00302 0.142
11 25 5 3 1 29 23 0 0.0249 2.2e-06 8.19e-09 0.00307 0.144
11 26 5 3 1 29 23 0 0.0231 2.13e-06 7.97e-09 0.00311 0.146
11 27 5 3 1 29 23 0 0.0215 2.05e-06 7.76e-09 0.00316 0.148
11 28 5 3 1 29 23 0 0.02 1.97e-06 7.56e-09 0.0032 0.15
11 29 5 3 1 29 23 0 0.0186 1.89e-06 7.36e-09 0.00324 0.152
11 30 5 3 1 29 23 0 0.0174 1.81e-06 7.17e-09 0.00327 0.153
11 31 5 3 1 29 23 0 0.0162 1.73e-06 6.99e-09 0.0033 0.155
11 32 5 3 1 29 23 0 0.0151 1.65e-06 6.81e-09 0.00333 0.156
11 33 5 3 1 29 23 0 0.014 1.58e-06 6.64e-09 0.00336 0.157
11 34 5 3 1 28 23 0 0.0131 1.51e-06 9.88e-09 0.00339 0.158
11 35 5 3 1 28 23 0 0.0122 1.43e-06 9.65e-09 0.00341 0.16
11 36 5 3 1 28 23 0 0.0114 1.36e-06 9.42e-09 0.00344 0.161
11 37 5 3 1 28 23 0 0.0106 1.3e-06 9.21e-09 0.00346 0.162
11 38 5 3 1 28 23 0 0.00991 1.23e-06 9.01e-09 0.00348 0.162
11 39 5 3 1 28 23 0 0.00925 1.17e-06 8.81e-09 0.0035 0.163
11 40 5 3 1 28 23 0 0.00863 1.11e-06 8.63e-09 0.00352 0.164
11 41 5 3 1 28 23 0 0.00805 1.05e-06 8.45e-09 0.00353 0.165
11 42 5 3 1 28 23 0 0.00752 1e-06 8.28e-09 0.00355 0.166
11 43 5 3 1 28 23 0 0.00702 9.49e-07 8.11e-09 0.00356 0.166
11 44 5 3 1 28 23 0 0.00655 9e-07 7.96e-09 0.00358 0.167
11 45 5 3 1 28 23 0 0.00611 8.54e-07 7.81e-09 0.00359 0.167
11 46 5 3 1 28 23 0 0.0057 8.09e-07 7.67e-09 0.0036 0.168
11 47 5 3 1 28 23 0 0.00532 7.67e-07 7.53e-09 0.00361 0.168
11 48 5 3 1 28 23 0 0.00497 7.27e-07 7.43e-09 0.00362 0.169
11 49 5 3 1 28 23 0 0.00464 6.89e-07 7.37e-09 0.00363 0.169
11 50 5 3 1 28 23 0 0.00433 6.52e-07 7.31e-09 0.00364 0.17
11 51 5 3 1 28 23 0 0.00404 6.18e-07 7.25e-09 0.00365 0.17
11 52 5 3 1 28 23 0 0.00377 5.85e-07 7.2e-09 0.00365 0.17
11 53 5 3 1 28 23 0 0.00352 5.53e-07 7.14e-09 0.00366 0.171
11 54 5 3 1 28 23 0 0.00328 5.23e-07 7.09e-09 0.00367 0.171
11 55 5 3 1 28 23 0 0.00306 4.95e-07 7.05e-09 0.00367 0.171
11 56 5 3 1 28 23 0 0.00286 4.68e-07 7e-09 0.00368 0.171
11 57 5 3 1 28 23 0 0.00266 4.42e-07 6.96e-09 0.00368 0.172
11 58 5 3 1 28 23 0 0.00249 4.18e-07 6.91e-09 0.00369 0.172
11 59 5 3 1 28 23 0 0.00232 3.95e-07 6.88e-09 0.00369 0.172
11 60 5 3 1 28 23 0 0.00216 3.73e-07 6.84e-09 0.0037 0.172
11 61 5 3 1 28 23 0 0.00202 3.52e-07 6.8e-09 0.0037 0.173
11 62 5 3 1 28 23 0 0.00188 3.32e-07 6.77e-09 0.00371 0.173
11 63 5 3 1 28 23 0 0.00176 3.14e-07 6.74e-09 0.00371 0.173
11 64 5 3 1 28 23 0 0.00164 2.96e-07 6.7e-09 0.00371 0.173
11 65 5 3 1 28 23 0 0.00153 2.79e-07 6.68e-09 0.00372 0.173
11 66 5 3 1 28 23 0 0.00143 2.63e-07 6.65e-09 0.00372 0.173
11 67 5 3 1 28 23 0 0.00133 2.48e-07 6.62e-09 0.00372 0.173
11 68 5 3 1 28 23 0 0.00124 2.34e-07 6.6e-09 0.00372 0.174
11 69 5 3 1 28 23 0 0.00116 2.21e-07 6.57e-09 0.00373 0.174
11 70 5 3 1 28 23 0 0.00108 2.08e-07 6.55e-09 0.00373 0.174
11 71 5 3 1 28 23 0 0.00101 1.96e-07 6.53e-09 0.00373 0.174
11 72 5 3 1 28 23 0 0.000938 1.85e-07 6.5e-09 0.00373 0.174
stationary flow nc = 8 i = 72 du = 0.00093826
# Quadtree, 72 steps, 1561.97 CPU, 1570 real, 4.45e+03 points.step/s, 33 var
