t dt mgp.i mgp.nrelax mgpf.i mgpf.nrelax mgu.i mgu.nrelax grid->tn perf.t perf.speed npe
0 8.87784e-05 0 0 0 0 0 0 670293 0 0 1
8.87784e-05 8.87784e-05 1 4 0 0 0 0 756428 43.2824 17476.6 1
0.000262659 0.000173881 5 4 0 0 0 0 752445 62.3992 24181 1
0.000469837 0.000207177 4 5 0 0 0 0 866125 80.7741 29403 1
0.000708091 0.000238254 5 4 0 0 0 0 1086870 103.572 33424.9 1
0.0009662 0.000258109 5 2 0 0 0 0 1190519 127.278 36552.8 1
0.00124851 0.000282306 6 2 0 0 0 0 1284382 152.182 39011 1
0.00154022 0.000291716 6 2 0 0 0 0 1422828 178.819 41156.6 1
0.00184236 0.000302135 7 2 0 0 0 0 1586838 209.895 42623.4 1
0.00215611 0.000313755 6 2 0 0 0 0 1741510 241.372 44280 1
0.00248294 0.000326829 6 2 0 0 0 0 1858928 274.933 45636.1 1
0.00280977 0.000326829 6 2 0 0 0 0 1975744 311.256 46658.1 1
0.0031366 0.000326829 7 2 0 0 0 0 2083418 350.845 47331.5 1
0.00346343 0.000326829 8 2 0 0 0 0 2187382 394.341 47657.8 1
0.00379026 0.000326829 8 2 0 0 0 0 2267427 439.394 47931.6 1
0.00411708 0.000326829 15 2 0 0 0 0 2339016 504.177 46412 1
0.00442671 0.000309627 16 2 0 0 0 0 2400175 573.242 45007.2 1
0.00473634 0.000309627 9 2 0 0 0 0 2458464 623.846 45297.2 1
0.00504597 0.000309627 12 2 0 0 0 0 2522430 683.671 45023 1
0.00533738 0.000291414 12 2 0 0 0 0 2571899 745.276 44752.3 1
0.00562879 0.000291414 10 2 0 0 0 0 2617994 801.722 44866.9 1
0.00592021 0.000291414 8 2 0 0 0 0 2659602 852.69 45304.2 1
0.00621162 0.000291414 8 2 0 0 0 0 2697101 904.283 45702 1
0.00650303 0.000291414 7 2 0 0 0 0 2730708 953.566 46203.7 1
0.00679445 0.000291414 7 2 0 0 0 0 2760521 1003.18 46670.4 1
0.00706158 0.000267129 6 2 0 0 0 0 2785861 1050.25 47231.2 1
0.00732871 0.000267129 6 2 0 0 0 0 2808527 1097.55 47754.8 1
0.00759584 0.000267129 7 2 0 0 0 0 2829695 1147.98 48121.7 1
0.00786297 0.000267129 5 2 0 0 0 0 2848196 1192.56 48711.1 1
0.00813009 0.000267129 6 2 0 0 0 0 2866305 1240.92 49122.8 1
0.00839722 0.000267129 5 2 0 0 0 0 2881733 1286 49641.5 1
0.00866435 0.000267129 7 2 0 0 0 0 2895397 1337.61 49890.7 1
0.00893148 0.000267129 9 2 0 0 0 0 2909677 1395.62 49902 1
0.00919861 0.000267129 5 2 0 0 0 0 2923019 1441.15 50353.7 1
0.00946574 0.000267129 7 2 0 0 0 0 2936025 1493.41 50557.5 1
0.00973287 0.000267129 5 2 0 0 0 0 2949178 1539.3 50966.4 1
0.01 0.000267129 7 2 0 0 0 0 2961512 1591.7 51149.1 1
0.0102632 0.000263158 6 2 0 0 0 0 2972684 1673.74 50418 1
0.0105263 0.000263158 5 2 0 0 0 0 2982673 1720.17 50791.1 1
0.0107895 0.000263158 5 2 0 0 0 0 2992487 1766.72 51146.7 1
0.0110526 0.000263158 5 2 0 0 0 0 3002420 1813.21 51491.1 1
0.0113158 0.000263158 5 2 0 0 0 0 3010883 1859.75 51821.4 1
0.0115789 0.000263158 5 2 0 0 0 0 3019633 1906.31 52139.9 1
0.0118421 0.000263158 5 2 0 0 0 0 3027802 1953.02 52443.1 1
0.0121053 0.000263158 5 2 0 0 0 0 3036636 1999.78 52735.3 1
0.0123599 0.000254669 5 2 0 0 0 0 3044021 2046.45 53020.1 1
0.0126146 0.000254669 5 2 0 0 0 0 3051630 2093.2 53293.8 1
0.0128693 0.000254669 5 2 0 0 0 0 3059253 2140.06 53556.5 1
0.0131239 0.000254669 5 2 0 0 0 0 3066148 2187.02 53808.3 1
0.0133786 0.000254669 5 2 0 0 0 0 3073008 2234.23 54047 1
0.0136333 0.000254669 5 2 0 0 0 0 3080071 2281.41 54279.3 1
0.0138879 0.000254669 5 2 0 0 0 0 3085314 2328.67 54502.6 1
0.0141426 0.000254669 4 2 0 0 0 0 3091460 2372.75 54792.9 1
0.0143973 0.000254669 5 2 0 0 0 0 3097725 2420.14 55000.1 1
0.014652 0.000254669 5 2 0 0 0 0 3103864 2467.66 55198.7 1
0.0149066 0.000254669 5 2 0 0 0 0 3109513 2515.31 55389.2 1
0.0151613 0.000254669 5 2 0 0 0 0 3115953 2562.95 55575.5 1
0.015416 0.000254669 5 2 0 0 0 0 3122064 2610.61 55756.7 1
0.0156706 0.000254669 5 2 0 0 0 0 3127146 2658.34 55932 1
0.0159253 0.000254669 7 2 0 0 0 0 3133488 2712.76 55965 1
0.01618 0.000254669 9 2 0 0 0 0 3139431 2773.86 55864.1 1
0.0164346 0.000254669 6 2 0 0 0 0 3144765 2825.21 55961.8 1
0.0166893 0.000254669 6 2 0 0 0 0 3149546 2876.58 56057.4 1
0.016944 0.000254669 5 2 0 0 0 0 3154859 2924.65 56214.8 1
0.0171986 0.000254669 6 2 0 0 0 0 3159836 2976.19 56302.9 1
0.0174533 0.000254669 6 2 0 0 0 0 3164526 3028.06 56383.5 1
0.017708 0.000254669 5 2 0 0 0 0 3169727 3076.81 56520.3 1
0.0179626 0.000254669 7 2 0 0 0 0 3174851 3132.46 56529.9 1
0.0182173 0.000254669 5 2 0 0 0 0 3180192 3181.36 56660.5 1
0.018472 0.000254669 6 2 0 0 0 0 3186051 3233.68 56729 1
0.0187267 0.000254669 6 2 0 0 0 0 3191280 3286.12 56794.9 1
0.0189813 0.000254669 5 2 0 0 0 0 3197601 3335.26 56916.8 1
0.019236 0.000254669 6 2 0 0 0 0 3202837 3387.88 56978.3 1
0.0194907 0.000254669 6 2 0 0 0 0 3209249 3440.71 57036 1
0.0197453 0.000254669 5 2 0 0 0 0 3214793 3490.38 57145.4 1
0.02 0.000254669 6 2 0 0 0 0 3220435 3543.34 57200.1 1
0.0202564 0.00025641 5 2 0 0 0 0 3225818 3626.88 56772.1 1
0.0205128 0.00025641 7 2 0 0 0 0 3230900 3683.51 56776.4 1
0.0207692 0.00025641 6 2 0 0 0 0 3235611 3736.58 56835.9 1
0.0210256 0.00025641 7 2 0 0 0 0 3240434 3793.09 56843.6 1
0.0212821 0.00025641 6 2 0 0 0 0 3245635 3845.97 56905.8 1
0.0215385 0.00025641 5 2 0 0 0 0 3249044 3896.01 57008.9 1
0.0217949 0.00025641 7 2 0 0 0 0 3252950 3952.54 57016.6 1
0.0220513 0.00025641 5 2 0 0 0 0 3257269 4002.39 57120.2 1
0.0223077 0.00025641 7 2 0 0 0 0 3260314 4059.13 57124.9 1
0.0225641 0.00025641 7 2 0 0 0 0 3263373 4115.74 57132.1 1
0.0228205 0.00025641 9 2 0 0 0 0 3266768 4179.34 57044.3 1
0.0230769 0.00025641 7 2 0 0 0 0 3270086 4236.12 57051.8 1
0.0233333 0.00025641 6 2 0 0 0 0 3274146 4289.67 57102.8 1
0.0235897 0.00025641 7 2 0 0 0 0 3278115 4346.9 57105.1 1
0.0238462 0.00025641 8 2 0 0 0 0 3281447 4407.3 57067 1
0.0241026 0.00025641 5 2 0 0 0 0 3285416 4457.39 57162.9 1
0.024359 0.00025641 7 2 0 0 0 0 3288594 4514.68 57165.9 1
0.0246154 0.00025641 10 2 0 0 0 0 3292164 4582.3 57040.8 1
0.0248718 0.00025641 7 2 0 0 0 0 3294033 4639.66 57045.5 1
0.0251282 0.00025641 6 2 0 0 0 0 3296532 4693.51 57093.4 1
0.0253846 0.00025641 7 2 0 0 0 0 3299731 4750.89 57098.3 1
0.025641 0.00025641 6 2 0 0 0 0 3302181 4804.86 57144.2 1
0.0258974 0.00025641 7 2 0 0 0 0 3305751 4862.37 57148.3 1
0.0261538 0.00025641 7 2 0 0 0 0 3308467 4919.94 57152.1 1
0.0264103 0.00025641 6 2 0 0 0 0 3310875 4974.02 57196.3 1
0.0266667 0.00025641 6 2 0 0 0 0 3313451 5028.2 57238.9 1
0.0269231 0.00025641 9 2 0 0 0 0 3315187 5092.94 57162.3 1
0.0271795 0.00025641 8 2 0 0 0 0 3317763 5154.55 57122.7 1
0.0274359 0.00025641 7 2 0 0 0 0 3321571 5212.48 57125.1 1
0.0276923 0.00025641 9 2 0 0 0 0 3324035 5277.46 57051.6 1
0.0279487 0.00025641 7 2 0 0 0 0 3326597 5335.45 57055 1
0.0282051 0.00025641 6 2 0 0 0 0 3328725 5389.96 57095.6 1
0.0284615 0.00025641 8 2 0 0 0 0 3330685 5451.69 57060 1
0.0287179 0.00025641 6 2 0 0 0 0 3333478 5506.54 57097 1
0.0289744 0.00025641 5 2 0 0 0 0 3336551 5557.75 57171.3 1
0.0292308 0.00025641 6 2 0 0 0 0 3338889 5612.62 57207.2 1
0.0294872 0.00025641 7 2 0 0 0 0 3342550 5670.93 57208.5 1
0.0297436 0.00025641 7 2 0 0 0 0 3346449 5729.4 57208.7 1
0.03 0.00025641 8 2 0 0 0 0 3349753 5791.7 57171.7 1
0.0302778 0.000277778 10 2 0 0 0 0 3353603 5897.2 56717.5 1
0.0305556 0.000277778 11 2 0 0 0 0 3357180 5970.14 56586.9 1
0.0308333 0.000277778 7 2 0 0 0 0 3360505 6028.78 56593.9 1
0.0311111 0.000277778 12 2 0 0 0 0 3363452 6104.96 56438.6 1
0.0313889 0.000277778 11 2 0 0 0 0 3366154 6177.79 56318.2 1
0.0316667 0.000277778 9 2 0 0 0 0 3369297 6244.04 56260.2 1
0.0319444 0.000277778 6 2 0 0 0 0 3371705 6299.4 56301 1
0.0322222 0.000277778 7 2 0 0 0 0 3375226 6358.27 56310.7 1
0.0325 0.000277778 10 2 0 0 0 0 3377746 6428.08 56224.6 1
0.0327778 0.000277778 8 2 0 0 0 0 3381239 6490.75 56202.6 1
0.0330556 0.000277778 8 2 0 0 0 0 3383836 6553.24 56183.1 1
0.0333333 0.000277778 8 2 0 0 0 0 3386300 6615.8 56163.6 1
0.0336111 0.000277778 8 2 0 0 0 0 3389205 6678.39 56144.8 1
0.0338889 0.000277778 6 2 0 0 0 0 3392376 6734 56184.9 1
0.0341667 0.000277778 7 2 0 0 0 0 3394154 6793.26 56194.3 1
0.0344444 0.000277778 6 2 0 0 0 0 3396072 6848.89 56233.8 1
0.0347222 0.000277778 7 2 0 0 0 0 3398655 6908.12 56243.6 1
0.035 0.000277778 8 2 0 0 0 0 3401126 6971.02 56224 1
0.0352778 0.000277778 6 2 0 0 0 0 3403156 7026.91 56261.2 1
0.0355556 0.000277778 10 2 0 0 0 0 3406446 7097.08 56184.9 1
0.0358333 0.000277778 6 2 0 0 0 0 3408721 7152.94 56222.7 1
0.0361111 0.000277778 11 2 0 0 0 0 3410632 7227.01 56118.3 1
0.0363889 0.000277778 8 2 0 0 0 0 3413026 7290.21 56100 1
0.0366667 0.000277778 6 2 0 0 0 0 3415525 7346.33 56136.4 1
0.0369444 0.000277778 9 2 0 0 0 0 3418689 7413.24 56090.9 1
0.0372222 0.000277778 11 2 0 0 0 0 3421447 7487.48 55991.7 1
0.0375 0.000277778 9 2 0 0 0 0 3423946 7554.49 55948.3 1
0.0377778 0.000277778 7 2 0 0 0 0 3426634 7614.46 55957.6 1
0.0380556 0.000277778 10 2 0 0 0 0 3429399 7685.36 55887.6 1
0.0383333 0.000277778 9 2 0 0 0 0 3431086 7752.69 55844.8 1
0.0386111 0.000277778 10 2 0 0 0 0 3434166 7823.66 55777.2 1
0.0388889 0.000277778 9 2 0 0 0 0 3437680 7891.54 55733 1
0.0391667 0.000277778 7 2 0 0 0 0 3439808 7952.1 55741.1 1
0.0394444 0.000277778 7 2 0 0 0 0 3442944 8012.44 55751.1 1
0.0397222 0.000277778 10 2 0 0 0 0 3445051 8084.23 55682.1 1
0.04 0.000277778 8 2 0 0 0 0 3447767 8148.56 55665.6 1
0.0402778 0.000277778 7 2 0 0 0 0 3450245 8246.74 55421.3 1
0.0405556 0.000277778 7 2 0 0 0 0 3453178 8307.05 55434.6 1
0.0408333 0.000277778 7 2 0 0 0 0 3455355 8367.54 55446.9 1
0.0411111 0.000277778 6 2 0 0 0 0 3457553 8424.47 55482.6 1
0.0413889 0.000277778 7 2 0 0 0 0 3459506 8485.02 55494.4 1
0.0416667 0.000277778 9 2 0 0 0 0 3461536 8552.96 55458.2 1
0.0419444 0.000277778 8 2 0 0 0 0 3463797 8617.77 55443.2 1
0.0422222 0.000277778 9 2 0 0 0 0 3466352 8685.97 55406.9 1
0.0425 0.000277778 8 2 0 0 0 0 3468200 8750.64 55393.8 1
0.0427778 0.000277778 9 2 0 0 0 0 3470055 8819.2 55356.6 1
0.0430556 0.000277778 9 2 0 0 0 0 3472141 8887.58 55321.3 1
0.0433333 0.000277778 11 2 0 0 0 0 3474024 8963.69 55239.2 1
0.0436111 0.000277778 9 2 0 0 0 0 3475389 9032.16 55205.2 1
0.0438773 0.000266204 7 2 0 0 0 0 3477321 9093.42 55215.7 1
0.0441435 0.000266204 9 2 0 0 0 0 3478336 9162.11 55181.4 1
0.0444097 0.000266204 6 2 0 0 0 0 3479939 9219.89 55213 1
0.0446759 0.000266204 6 2 0 0 0 0 3481325 9277.71 55244.2 1
0.0449421 0.000266204 8 2 0 0 0 0 3483005 9342.89 55231.6 1
0.0452083 0.000266204 6 2 0 0 0 0 3484853 9400.78 55262.1 1
0.0454745 0.000266204 7 2 0 0 0 0 3487177 9462.19 55272 1
0.0457407 0.000266204 7 2 0 0 0 0 3489529 9523.6 55282 1
0.0460069 0.000266204 9 2 0 0 0 0 3491440 9592.88 55246.8 1
0.0462731 0.000266204 10 2 0 0 0 0 3493659 9666.28 55188.7 1
0.0465394 0.000266204 6 2 0 0 0 0 3495745 9724.58 55217.3 1
0.0468056 0.000266204 6 2 0 0 0 0 3497866 9783.21 55243.9 1
0.0470718 0.000266204 6 2 0 0 0 0 3499910 9841.59 55271.8 1
0.047338 0.000266204 5 2 0 0 0 0 3501842 9896.3 55320.1 1
0.0476042 0.000266204 6 2 0 0 0 0 3503277 9957.43 55332.3 1
0.0478704 0.000266204 9 2 0 0 0 0 3505111 10026.7 55299.4 1
0.0481366 0.000266204 5 2 0 0 0 0 3507253 10081 55349.5 1
0.0484028 0.000266204 7 2 0 0 0 0 3508457 10142.9 55358 1
0.048669 0.000266204 5 2 0 0 0 0 3510753 10197.3 55407 1
0.0489352 0.000266204 6 2 0 0 0 0 3512377 10255.4 55435.1 1
0.0492014 0.000266204 7 2 0 0 0 0 3514295 10317.4 55442.7 1
0.0494676 0.000266204 6 2 0 0 0 0 3516304 10375.7 55470.2 1
0.0497338 0.000266204 7 2 0 0 0 0 3517928 10437.5 55479.1 1
0.05 0.000266204 7 2 0 0 0 0 3519818 10499.2 55487.9 1
0.0502703 0.00027027 6 2 0 0 0 0 3522317 10596.2 55312.6 1
0.0505405 0.00027027 9 2 0 0 0 0 3525075 10666.4 55278.8 1
0.0508108 0.00027027 7 2 0 0 0 0 3527532 10729.3 55283.8 1
0.0510811 0.00027027 6 2 0 0 0 0 3529415 10788.5 55307.2 1
0.0513514 0.00027027 7 2 0 0 0 0 3531200 10851.4 55312.1 1
0.0516216 0.00027027 6 2 0 0 0 0 3532677 10910.5 55336.5 1
0.0518919 0.00027027 11 2 0 0 0 0 3535428 10988.9 55263.3 1
0.0521622 0.00027027 14 2 0 0 0 0 3537486 11078.4 55136.2 1
0.0524324 0.00027027 11 3 0 0 0 0 3539775 11157.6 55061.9 1
0.0527027 0.00027027 5 3 0 0 0 0 3542281 11217.4 55084.3 1
0.052973 0.00027027 7 2 0 0 0 0 3544458 11281.2 55087.1 1
0.0532432 0.00027027 7 2 0 0 0 0 3546733 11344.1 55094 1
0.0535135 0.00027027 7 2 0 0 0 0 3549071 11407.2 55100.6 1
0.0537838 0.00027027 7 2 0 0 0 0 3551381 11470.4 55106.8 1
0.0540541 0.00027027 7 2 0 0 0 0 3553502 11534.1 55110.5 1
0.0543243 0.00027027 7 2 0 0 0 0 3556666 11597.6 55115.1 1
0.0545946 0.00027027 7 2 0 0 0 0 3558402 11661.3 55119.1 1
0.0548649 0.00027027 7 2 0 0 0 0 3560691 11725 55123.5 1
0.0551351 0.00027027 7 2 0 0 0 0 3563631 11788 55131.4 1
0.0554054 0.00027027 10 2 0 0 0 0 3566795 11862.6 55085.4 1
0.0556757 0.00027027 7 2 0 0 0 0 3569273 11926.2 55090.9 1
0.0559459 0.00027027 7 2 0 0 0 0 3571751 11989.6 55097.5 1
0.0562162 0.00027027 6 2 0 0 0 0 3574803 12049.1 55122 1
0.0564685 0.000252252 6 2 0 0 0 0 3576686 12108.7 55146 1
0.0567207 0.000252252 6 2 0 0 0 0 3578863 12168.4 55169.4 1
0.056973 0.000252252 6 2 0 0 0 0 3581404 12228.3 55192.4 1
0.0572252 0.000252252 6 2 0 0 0 0 3583350 12288 55215.6 1
0.0574775 0.000252252 7 2 0 0 0 0 3586010 12351.8 55221 1
0.0577297 0.000252252 7 2 0 0 0 0 3588054 12415.6 55225.9 1
0.057982 0.000252252 7 2 0 0 0 0 3590616 12479.5 55230.9 1
0.0582342 0.000252252 6 2 0 0 0 0 3592107 12539.2 55254.4 1
0.0584865 0.000252252 6 2 0 0 0 0 3594368 12599 55277.6 1
0.0587387 0.000252252 6 2 0 0 0 0 3596902 12658.9 55300.3 1
0.058991 0.000252252 6 2 0 0 0 0 3598820 12718.8 55322.5 1
0.0592432 0.000252252 6 2 0 0 0 0 3600696 12778.9 55344.2 1
0.0594955 0.000252252 6 2 0 0 0 0 3602432 12838.9 55366.2 1
0.0597477 0.000252252 6 2 0 0 0 0 3604679 12898.9 55388.2 1
0.06 0.000252252 6 2 0 0 0 0 3606618 12958.9 55410.1 1
0.0602703 0.00027027 6 2 0 0 0 0 3609264 13058.9 55262 1
0.0605405 0.00027027 6 2 0 0 0 0 3611056 13119 55284 1
0.0608108 0.00027027 7 2 0 0 0 0 3612708 13183.1 55289.3 1
0.0610811 0.00027027 7 2 0 0 0 0 3614451 13247.2 55294.8 1
0.0613514 0.00027027 7 2 0 0 0 0 3616950 13311.4 55299.9 1
0.0616216 0.00027027 7 2 0 0 0 0 3619365 13375.6 55304.7 1
0.0618919 0.00027027 10 2 0 0 0 0 3622487 13451.3 55262.9 1
0.0621622 0.00027027 7 2 0 0 0 0 3623831 13515.5 55268.5 1
0.0624324 0.00027027 7 2 0 0 0 0 3626176 13579.8 55273.9 1
0.0627027 0.00027027 6 2 0 0 0 0 3629361 13640.3 55294.8 1
0.062973 0.00027027 7 2 0 0 0 0 3631839 13705.1 55298.3 1
