11 0 0 6.88708e-05 7.00028 0.149156 0 0.100001 0.491563 1.08609e-08 
11 74 0.01 0.000136453 7.00028 0.150038 1.65814e-06 0.0999975 0.500375 0.00150034 
11 147 0.02 0.000136986 7.00028 0.150037 4.20643e-06 0.100004 0.500371 0.00299986 
11 220 0.03 0.000136986 7.00028 0.149926 2.14468e-06 0.100007 0.499265 0.00449964 
11 293 0.04 0.000136986 7.00028 0.149895 2.3457e-06 0.100016 0.498952 0.00599949 
11 366 0.05 0.000136986 7.00028 0.14995 -7.91107e-08 0.100006 0.499504 0.00749822 
11 439 0.06 0.000136986 7.00028 0.149927 3.31428e-07 0.100019 0.499265 0.00899881 
11 512 0.07 0.000136986 7.00028 0.149925 -3.19939e-06 0.100011 0.499249 0.0104973 
11 585 0.08 0.000136986 7.00028 0.149916 1.25023e-06 0.10002 0.499158 0.0119961 
11 658 0.09 0.000136986 7.00028 0.149882 9.53301e-10 0.100018 0.498819 0.0134965 
11 731 0.1 0.000136986 7.00028 0.149952 -1.18477e-07 0.100018 0.499516 0.0149951 
11 804 0.11 0.000136986 7.00028 0.149936 1.58998e-06 0.100023 0.499361 0.016495 
11 877 0.12 0.000136986 7.00028 0.149907 1.15809e-06 0.100025 0.499065 0.0179941 
11 950 0.13 0.000136986 7.00028 0.149926 -1.03408e-06 0.100021 0.499257 0.0194927 
11 1023 0.14 0.000136986 7.00028 0.149901 7.09594e-07 0.100017 0.499012 0.0209936 
11 1096 0.15 0.000136986 7.00028 0.149951 1.08389e-06 0.100021 0.499511 0.0224919 
11 1169 0.16 0.000136986 7.00028 0.149913 -9.5686e-07 0.100019 0.499129 0.0239912 
11 1242 0.17 0.000136986 7.00028 0.149893 -3.20832e-07 0.100022 0.498929 0.025491 
11 1315 0.18 0.000136986 7.00028 0.149944 7.86981e-07 0.100019 0.499443 0.0269897 
11 1388 0.19 0.000136986 7.00028 0.149929 -1.18018e-07 0.100021 0.499286 0.0284902 
11 1461 0.2 0.000136986 7.00028 0.149927 2.49778e-07 0.100018 0.499272 0.0299887 
11 1534 0.21 0.000136986 7.00028 0.149905 -1.60616e-06 0.100021 0.499052 0.0314874 
11 1607 0.22 0.000136986 7.00028 0.149877 8.15402e-07 0.10002 0.498767 0.0329879 
11 1680 0.23 0.000136986 7.00028 0.149948 4.95081e-07 0.10002 0.499481 0.0344864 
11 1753 0.24 0.000136986 7.00028 0.149929 -7.80868e-08 0.100023 0.499288 0.0359861 
11 1826 0.25 0.000136986 7.00028 0.149905 -9.16786e-07 0.100024 0.499051 0.0374852 
11 1899 0.26 0.000136986 7.00028 0.14992 1.01296e-06 0.100022 0.499203 0.0389838 
11 1972 0.27 0.000136986 7.00028 0.149891 -3.76633e-08 0.100016 0.498905 0.0404846 
11 2045 0.28 0.000136986 7.00028 0.149933 -6.37832e-08 0.100018 0.499334 0.0419828 
11 2118 0.29 0.000136986 7.00028 0.149905 -3.3722e-07 0.100022 0.499046 0.0434819 
11 2191 0.3 0.000136986 7.00028 0.149883 -1.41166e-06 0.100023 0.498829 0.0449817 
11 2264 0.31 0.000136986 7.00028 0.149939 -1.32144e-06 0.10002 0.499387 0.0464803 
11 2337 0.32 0.000136986 7.00028 0.149918 -1.64865e-06 0.10002 0.499178 0.0479805 
11 2410 0.33 0.000136986 7.00028 0.149903 -7.046e-07 0.100018 0.499028 0.049479 
11 2483 0.34 0.000136986 7.00028 0.149899 1.26344e-06 0.100021 0.498994 0.0509775 
11 2556 0.35 0.000136986 7.00028 0.149872 -1.91367e-07 0.10002 0.498723 0.052478 
11 2629 0.36 0.000136986 7.00028 0.149932 4.44162e-07 0.10002 0.499319 0.0539763 
11 2702 0.37 0.000136986 7.00028 0.149902 -2.25164e-06 0.100019 0.499024 0.0554758 
11 2775 0.38 0.000136986 7.00028 0.149881 1.24484e-06 0.100023 0.498811 0.0569748 
11 2848 0.39 0.000136986 7.00028 0.149905 1.72004e-07 0.100022 0.499046 0.0584732 
11 2921 0.4 0.000136986 7.00028 0.149885 1.6952e-07 0.10002 0.498852 0.0599738 
11 2994 0.41 0.000136986 7.00028 0.149912 5.41589e-07 0.100017 0.499122 0.0614719 
11 3067 0.42 0.000136986 7.00028 0.149876 1.43838e-06 0.100021 0.498758 0.0629707 
11 3140 0.43 0.000136986 7.00028 0.149857 -6.76593e-08 0.100023 0.498572 0.0644704 
11 3213 0.44 0.000136986 7.00028 0.149918 1.25472e-06 0.100019 0.499177 0.0659687 
11 3286 0.45 0.000136986 7.00028 0.149906 5.00082e-07 0.100019 0.499058 0.0674687 
11 3359 0.46 0.000136986 7.00028 0.149892 1.22472e-07 0.100023 0.498918 0.0689671 
11 3432 0.47 0.000136986 7.00028 0.149885 2.45437e-06 0.100022 0.498849 0.0704655 
11 3505 0.48 0.000136986 7.00028 0.149852 -1.59566e-08 0.100022 0.498522 0.0719658 
11 3578 0.49 0.000136986 7.00028 0.149911 -1.59245e-07 0.100014 0.499113 0.0734639 
11 3651 0.5 0.000136986 7.00028 0.149885 8.21978e-07 0.100018 0.498854 0.0749631 
11 3724 0.51 0.000136986 7.00028 0.149868 2.43951e-07 0.100023 0.498678 0.0764621 
11 3797 0.52 0.000136986 7.00028 0.149895 1.67566e-07 0.100019 0.498949 0.0779604 
11 3870 0.53 0.000136986 7.00028 0.149881 -1.38097e-06 0.100021 0.498813 0.0794608 
11 3943 0.54 0.000136986 7.00028 0.149892 8.28579e-07 0.100015 0.498924 0.0809588 
11 4016 0.55 0.000136986 7.00028 0.149869 -4.28032e-07 0.100022 0.498691 0.0824574 
11 4089 0.56 0.000136986 7.00028 0.149846 2.40231e-07 0.100022 0.498463 0.0839571 
11 4162 0.57 0.000136986 7.00028 0.149907 2.05681e-06 0.100021 0.499068 0.0854552 
11 4235 0.58 0.000136986 7.00028 0.149886 9.75475e-07 0.100021 0.498857 0.086955 
11 4308 0.59 0.000136986 7.00028 0.149868 -5.51036e-07 0.100025 0.498677 0.0884533 
11 4381 0.6 0.000136986 7.00028 0.149861 -2.68284e-07 0.100017 0.498615 0.0899514 
11 4454 0.61 0.000136986 7.00028 0.149837 -8.10714e-07 0.100018 0.498373 0.0914516 
11 4527 0.62 0.000136986 7.00028 0.149897 8.71962e-07 0.100015 0.498972 0.0929496 
11 4600 0.63 0.000136986 7.00028 0.149868 4.08764e-07 0.100018 0.498681 0.0944486 
11 4673 0.64 0.000136986 7.00028 0.149849 -7.05662e-08 0.100024 0.49849 0.0959475 
11 4746 0.65 0.000136986 7.00028 0.149877 -7.02963e-07 0.100015 0.498772 0.0974457 
11 4819 0.66 0.000136986 7.00028 0.149872 2.07522e-06 0.100021 0.498722 0.0989459 
11 4892 0.67 0.000136986 7.00028 0.149872 -1.41919e-08 0.100012 0.49872 0.100444 
11 4965 0.68 0.000136986 7.00028 0.149859 -2.37404e-08 0.10002 0.498592 0.101942 
11 5038 0.69 0.000136986 7.00028 0.149827 4.07843e-07 0.100021 0.498275 0.103442 
11 5111 0.7 0.000136986 7.00028 0.149895 6.26187e-07 0.10002 0.498955 0.10494 
11 5184 0.71 0.000136986 7.00028 0.149872 6.63554e-07 0.100021 0.498722 0.106439 
11 5257 0.72 0.000136986 7.00028 0.149861 2.99131e-07 0.100024 0.498606 0.107938 
11 5330 0.73 0.000136986 7.00028 0.149852 2.53718e-07 0.10002 0.498524 0.109436 
11 5403 0.74 0.000136986 7.00028 0.149829 5.39082e-07 0.100012 0.498286 0.110936 
11 5476 0.75 0.000136986 7.00028 0.149879 -3.45314e-07 0.100016 0.498786 0.112434 
11 5549 0.76 0.000136986 7.00028 0.149854 -1.77093e-07 0.100016 0.49854 0.113932 
11 5622 0.77 0.000136986 7.00028 0.149831 -9.66098e-09 0.100021 0.49831 0.115431 
11 5695 0.78 0.000136986 7.00028 0.149871 7.52721e-08 0.100014 0.49871 0.116929 
11 5768 0.79 0.000136986 7.00028 0.14986 2.08798e-07 0.100022 0.498601 0.118429 
11 5841 0.8 0.000136986 7.00028 0.14986 4.46491e-07 0.100012 0.498597 0.119927 
11 5914 0.81 0.000136986 7.00028 0.149846 8.36904e-07 0.100021 0.498463 0.121425 
11 5987 0.82 0.000136986 7.00028 0.149816 -8.60522e-08 0.100019 0.498156 0.122925 
11 6060 0.83 0.000136986 7.00028 0.149885 -1.00571e-06 0.100022 0.498845 0.124423 
11 6133 0.84 0.000136986 7.00028 0.149864 9.19001e-07 0.100025 0.49864 0.125922 
11 6206 0.85 0.000136986 7.00028 0.149839 -5.51112e-07 0.100024 0.498387 0.12742 
11 6279 0.86 0.000136986 7.00028 0.149846 -7.31385e-07 0.100021 0.498458 0.128918 
11 6352 0.87 0.000136986 7.00028 0.149822 1.90113e-07 0.100012 0.49822 0.130418 
11 6425 0.88 0.000136986 7.00028 0.149874 6.33303e-07 0.100021 0.498738 0.131916 
11 6498 0.89 0.000136986 7.00028 0.14984 -1.21297e-06 0.100017 0.498402 0.133414 
11 6571 0.9 0.000136986 7.00028 0.149813 -2.31042e-06 0.100023 0.498132 0.134913 
11 6644 0.91 0.000136986 7.00028 0.149857 -3.88297e-07 0.100013 0.498574 0.136411 
11 6717 0.92 0.000136986 7.00028 0.149848 -1.60024e-06 0.10002 0.498483 0.137911 
11 6790 0.93 0.000136986 7.00028 0.149848 1.18094e-07 0.100015 0.498485 0.139409 
11 6863 0.94 0.000136986 7.00028 0.149834 -4.81681e-07 0.100022 0.498343 0.140907 
11 6936 0.95 0.000136986 7.00028 0.149804 -2.26589e-07 0.100019 0.498041 0.142406 
11 7009 0.96 0.000136986 7.00028 0.149868 -8.72991e-07 0.100019 0.498683 0.143904 
11 7082 0.97 0.000136986 7.00028 0.149854 5.06932e-07 0.100022 0.498542 0.145403 
11 7155 0.98 0.000136986 7.00028 0.149821 -4.98669e-07 0.100024 0.498206 0.146901 
11 7228 0.99 0.000136986 7.00028 0.149838 -1.1573e-06 0.100022 0.498378 0.148399 
11 7301 1 0.000136986 7.00028 0.149801 7.10294e-07 0.100011 0.498009 0.149899 
11 7374 1.01 0.000136986 7.00028 0.149856 6.26204e-07 0.100018 0.498564 0.151396 
11 7447 1.02 0.000136986 7.00028 0.149819 5.09114e-10 0.100019 0.498195 0.152895 
11 7520 1.03 0.000136986 7.00028 0.149798 7.13166e-08 0.100021 0.497977 0.154394 
11 7593 1.04 0.000136986 7.00028 0.149845 5.66208e-07 0.100018 0.498452 0.155891 
11 7666 1.05 0.000136986 7.00028 0.149838 5.82457e-07 0.10002 0.498383 0.157391 
11 7739 1.06 0.000136986 7.00028 0.149825 5.58406e-07 0.100014 0.498254 0.158888 
11 7812 1.07 0.000136986 7.00028 0.149819 -3.52073e-07 0.100022 0.498187 0.160386 
11 7885 1.08 0.000136986 7.00028 0.149797 -1.79359e-07 0.100022 0.497974 0.161886 
11 7958 1.09 0.000136986 7.00028 0.14986 -1.21144e-06 0.100019 0.498602 0.163384 
11 8031 1.1 0.000136986 7.00028 0.14984 -2.59043e-07 0.100023 0.498403 0.164882 
11 8104 1.11 0.000136986 7.00028 0.14981 3.33724e-07 0.100025 0.498104 0.166381 
11 8177 1.12 0.000136986 7.00028 0.14983 -5.06299e-07 0.100022 0.498297 0.167878 
11 8250 1.13 0.000136986 7.00028 0.149804 8.65033e-07 0.100016 0.498041 0.169378 
11 8323 1.14 0.000136986 7.00028 0.149847 1.0017e-06 0.100016 0.498467 0.170876 
11 8396 1.15 0.000136986 7.00028 0.149817 -9.30598e-07 0.100021 0.498171 0.172374 
11 8469 1.16 0.000136986 7.00028 0.149792 1.23264e-06 0.100022 0.497916 0.173873 
11 8542 1.17 0.000136986 7.00028 0.149846 -9.11386e-07 0.100021 0.49846 0.17537 
11 8615 1.18 0.000136986 7.00028 0.149834 -4.20241e-07 0.100019 0.498343 0.17687 
11 8688 1.19 0.000136986 7.00028 0.149822 -1.92223e-06 0.100022 0.498217 0.178367 
11 8761 1.2 0.000136986 7.00028 0.149814 -5.453e-07 0.100023 0.498144 0.179865 
11 8834 1.21 0.000136986 7.00028 0.149785 -3.64717e-07 0.100019 0.497846 0.181365 
11 8907 1.22 0.000136986 7.00028 0.149854 -2.36134e-06 0.10002 0.498538 0.182862 
11 8980 1.23 0.000136986 7.00028 0.14982 -3.82795e-07 0.100022 0.498197 0.184361 
11 9053 1.24 0.000136986 7.00028 0.149797 -1.31893e-06 0.100023 0.497968 0.185859 
11 9126 1.25 0.000136986 7.00028 0.149822 -1.50323e-06 0.100022 0.498215 0.187357 
11 9199 1.26 0.000136986 7.00028 0.149802 -3.65863e-07 0.100019 0.498017 0.188856 
11 9272 1.27 0.000136986 7.00028 0.149827 6.18452e-07 0.100016 0.498271 0.190353 
11 9345 1.28 0.000136986 7.00028 0.149805 1.23413e-07 0.10002 0.49805 0.191851 
11 9418 1.29 0.000136986 7.00028 0.149788 -2.13228e-07 0.100023 0.497881 0.19335 
11 9491 1.3 0.000136986 7.00028 0.14985 -2.49231e-06 0.100022 0.498503 0.194848 
11 9564 1.31 0.000136986 7.00028 0.149827 -3.68122e-06 0.100019 0.49827 0.196347 
11 9637 1.32 0.000136986 7.00028 0.149808 -2.37047e-06 0.100022 0.498076 0.197845 
11 9710 1.33 0.000136986 7.00028 0.149803 -1.20019e-06 0.100021 0.498033 0.199342 
11 9783 1.34 0.000136986 7.00028 0.149773 -1.4424e-06 0.100013 0.497735 0.200842 
11 9856 1.35 0.000136986 7.00028 0.149844 -1.0117e-06 0.100016 0.498442 0.202339 
11 9929 1.36 0.000136986 7.00028 0.149806 1.67227e-07 0.100013 0.498061 0.203838 
11 10002 1.37 0.000136986 7.00028 0.149786 8.90097e-08 0.100023 0.497857 0.205336 
11 10075 1.38 0.000136986 7.00028 0.149817 6.95162e-07 0.100017 0.498172 0.206834 
11 10148 1.39 0.000136986 7.00028 0.149808 -4.6913e-07 0.100022 0.498082 0.208333 
11 10221 1.4 0.000136986 7.00028 0.149816 2.41527e-06 0.100011 0.498155 0.209831 
11 10294 1.41 0.000136986 7.00028 0.149801 1.08156e-06 0.100022 0.498009 0.211328 
11 10367 1.42 0.000136986 7.00028 0.149765 -7.29772e-07 0.100017 0.497647 0.212827 
11 10440 1.43 0.000136986 7.00028 0.149837 -1.05464e-07 0.100019 0.498373 0.214325 
11 10513 1.44 0.000136986 7.00028 0.149816 -3.34438e-07 0.100023 0.498164 0.215824 
11 10586 1.45 0.000136986 7.00028 0.1498 3.67847e-07 0.100023 0.497997 0.217321 
11 10659 1.46 0.000136986 7.00028 0.149789 -3.66699e-07 0.10002 0.497885 0.218819 
11 10732 1.47 0.000136986 7.00028 0.149764 -1.06347e-07 0.10001 0.497644 0.220318 
11 10805 1.48 0.000136986 7.00028 0.149823 1.42159e-07 0.100014 0.498225 0.221816 
11 10878 1.49 0.000136986 7.00028 0.149798 6.98417e-07 0.100016 0.497983 0.223314 
11 10951 1.5 0.000136986 7.00028 0.149778 1.63276e-06 0.10002 0.497782 0.224812 
11 11024 1.51 0.000136986 7.00028 0.149821 -3.435e-06 0.100013 0.498213 0.22631 
11 11097 1.52 0.000136986 7.00028 0.149805 -2.04254e-06 0.100021 0.498052 0.227809 
11 11170 1.53 0.000136986 7.00028 0.149799 -9.37506e-07 0.100011 0.497994 0.229306 
11 11243 1.54 0.000136986 7.00028 0.149793 -1.69459e-06 0.10002 0.49793 0.230804 
11 11316 1.55 0.000136986 7.00028 0.149759 -7.00383e-08 0.100019 0.497589 0.232303 
11 11389 1.56 0.000136986 7.00028 0.149827 1.45162e-07 0.10002 0.498266 0.2338 
11 11462 1.57 0.000136986 7.00028 0.149811 -2.44961e-07 0.100024 0.498106 0.235299 
11 11535 1.58 0.000136986 7.00028 0.149786 -5.53538e-07 0.100022 0.497858 0.236797 
11 11608 1.59 0.000136986 7.00028 0.14979 -9.09265e-07 0.100019 0.497903 0.238294 
11 11681 1.6 0.000136986 7.00028 0.149767 -2.35902e-07 0.100011 0.497668 0.239794 
11 11754 1.61 0.000136986 7.00028 0.149816 -1.03579e-06 0.100013 0.498157 0.241291 
11 11827 1.62 0.000136986 7.00028 0.149781 -3.95379e-07 0.100013 0.497809 0.242789 
11 11900 1.63 0.000136986 7.00028 0.149767 -1.49744e-06 0.100023 0.497667 0.244287 
11 11973 1.64 0.000136986 7.00028 0.149805 -8.02849e-07 0.100013 0.498053 0.245785 
11 12046 1.65 0.000136986 7.00028 0.149799 -6.04203e-07 0.100021 0.497991 0.247284 
11 12119 1.66 0.000136986 7.00028 0.149799 -7.18109e-07 0.100014 0.497989 0.248781 
11 12192 1.67 0.000136986 7.00028 0.149785 1.84759e-07 0.100021 0.497846 0.250279 
11 12265 1.68 0.000136986 7.00028 0.149754 -1.16322e-06 0.100019 0.497545 0.251778 
11 12338 1.69 0.000136986 7.00028 0.14982 -6.97077e-07 0.100022 0.4982 0.253275 
11 12411 1.7 0.000136986 7.00028 0.149809 -3.76861e-07 0.100026 0.498095 0.254773 
11 12484 1.71 0.000136986 7.00028 0.149784 1.72039e-08 0.100025 0.497838 0.256271 
11 12557 1.72 0.000136986 7.00028 0.149797 -9.76487e-07 0.100019 0.497966 0.257769 
11 12630 1.73 0.000136986 7.00028 0.149764 -4.04665e-07 0.10001 0.497637 0.259268 
11 12703 1.74 0.000136986 7.00028 0.14981 -3.80925e-07 0.100014 0.498098 0.260765 
11 12776 1.75 0.000136986 7.00028 0.149783 5.6388e-07 0.100019 0.497835 0.262263 
11 12849 1.76 0.000136986 7.00028 0.149759 -8.53267e-07 0.100022 0.497585 0.263762 
11 12922 1.77 0.000136986 7.00028 0.149806 5.68365e-07 0.100017 0.498063 0.265259 
11 12995 1.78 0.000136986 7.00028 0.149797 4.02477e-07 0.10002 0.497966 0.266758 
11 13068 1.79 0.000136986 7.00028 0.149787 3.16529e-08 0.100019 0.497873 0.268255 
11 13141 1.8 0.000136986 7.00028 0.149781 6.25054e-07 0.100022 0.497815 0.269753 
11 13214 1.81 0.000136986 7.00028 0.149757 1.61555e-06 0.10002 0.497566 0.271252 
11 13287 1.82 0.000136986 7.00028 0.149815 1.0737e-06 0.100018 0.498148 0.272749 
11 13360 1.83 0.000136986 7.00028 0.14979 -2.4339e-07 0.100021 0.497896 0.274247 
11 13433 1.84 0.000136986 7.00028 0.149768 -3.36232e-07 0.100023 0.497682 0.275745 
11 13506 1.85 0.000136986 7.00028 0.149785 -1.82205e-07 0.100021 0.49785 0.277242 
11 13579 1.86 0.000136986 7.00028 0.149763 1.85889e-07 0.100014 0.497626 0.278742 
11 13652 1.87 0.000136986 7.00028 0.149799 -1.3506e-07 0.100017 0.497993 0.280239 
11 13725 1.88 0.000136986 7.00028 0.149772 8.56179e-07 0.100023 0.49772 0.281736 
11 13798 1.89 0.000136986 7.00028 0.149746 -2.05787e-07 0.100019 0.497462 0.283235 
11 13871 1.9 0.000136986 7.00028 0.149804 4.06219e-07 0.100018 0.498043 0.284732 
11 13944 1.91 0.000136986 7.00028 0.149798 -4.97904e-07 0.10002 0.497984 0.286231 
11 14017 1.92 0.000136986 7.00028 0.149781 -9.74798e-07 0.100019 0.497807 0.287728 
11 14090 1.93 0.000136986 7.00028 0.149783 -2.32102e-06 0.100019 0.497834 0.289226 
11 14163 1.94 0.000136986 7.00028 0.149751 -2.69249e-07 0.100019 0.49751 0.290725 
11 14236 1.95 0.000136986 7.00028 0.149813 2.24217e-07 0.100018 0.498131 0.292222 
11 14309 1.96 0.000136986 7.00028 0.149784 -3.08763e-07 0.100013 0.497845 0.29372 
11 14382 1.97 0.000136986 7.00028 0.149766 -1.5926e-07 0.100022 0.497665 0.295218 
11 14455 1.98 0.000136986 7.00028 0.14979 -1.26713e-07 0.100019 0.4979 0.296716 
11 14528 1.99 0.000136986 7.00028 0.149778 -1.52482e-07 0.100019 0.497782 0.298215 
11 14601 2 0.000136986 7.00028 0.149794 -3.10146e-07 0.100015 0.497935 0.299712 
11 14674 2.01 0.000136986 7.00028 0.149771 -1.54359e-06 0.100021 0.497708 0.30121 
11 14747 2.02 0.000136986 7.00028 0.149751 1.04759e-06 0.100021 0.49751 0.302708 
11 14820 2.03 0.000136986 7.00028 0.149805 8.70891e-07 0.100018 0.498049 0.304205 
11 14893 2.04 0.000136986 7.00028 0.149789 -1.7794e-06 0.100022 0.497893 0.305704 
11 14966 2.05 0.000136986 7.00028 0.149776 1.05365e-06 0.100023 0.497764 0.307202 
11 15039 2.06 0.000136986 7.00028 0.149768 -8.88049e-08 0.100019 0.497681 0.308699 
11 15112 2.07 0.000136986 7.00028 0.14974 -3.16797e-07 0.100016 0.4974 0.310198 
11 15185 2.08 0.000136986 7.00028 0.149803 -3.01012e-07 0.100015 0.498033 0.311695 
11 15258 2.09 0.000136986 7.00028 0.149768 3.2584e-08 0.100012 0.497679 0.313193 
11 15331 2.1 0.000136986 7.00028 0.149751 6.3557e-07 0.100021 0.497513 0.314691 
11 15404 2.11 0.000136986 7.00028 0.149784 4.99933e-08 0.100017 0.497844 0.316188 
11 15477 2.12 0.000136986 7.00028 0.149775 -4.30153e-07 0.100022 0.497749 0.317687 
11 15550 2.13 0.000136986 7.00028 0.149783 -1.32308e-07 0.100009 0.497834 0.319184 
11 15623 2.14 0.000136986 7.00028 0.149782 -3.75676e-07 0.10002 0.497816 0.320682 
11 15696 2.15 0.000136986 7.00028 0.149742 -2.19609e-07 0.10002 0.497416 0.322181 
11 15769 2.16 0.000136986 7.00028 0.149808 1.97053e-07 0.100019 0.498076 0.323678 
11 15842 2.17 0.000136986 7.00028 0.149791 -1.50395e-07 0.100023 0.49791 0.325176 
11 15915 2.18 0.000136986 7.00028 0.149769 -8.95882e-07 0.100023 0.497694 0.326674 
11 15988 2.19 0.000136986 7.00028 0.149762 -2.83292e-07 0.10002 0.497624 0.328171 
11 16061 2.2 0.000136986 7.00028 0.149739 8.59175e-07 0.10001 0.497389 0.32967 
11 16134 2.21 0.000136986 7.00028 0.149796 -7.9355e-07 0.100015 0.497955 0.331167 
11 16207 2.22 0.000136986 7.00028 0.149766 -1.61056e-06 0.100012 0.497658 0.332665 
11 16280 2.23 0.000136986 7.00028 0.149752 5.5925e-07 0.100023 0.497525 0.334163 
11 16353 2.24 0.000136986 7.00028 0.149786 -1.52188e-06 0.100012 0.497857 0.33566 
11 16426 2.25 0.000136986 7.00028 0.149781 -1.29438e-06 0.100021 0.497811 0.33716 
11 16499 2.26 0.000136986 7.00028 0.14978 -1.39284e-07 0.10001 0.497805 0.338657 
11 16572 2.27 0.000136986 7.00028 0.14977 -1.00683e-06 0.100022 0.497702 0.340154 
11 16645 2.28 0.000136986 7.00028 0.149735 -3.05628e-07 0.100019 0.497346 0.341653 
11 16718 2.29 0.000136986 7.00028 0.149799 -7.13506e-07 0.100018 0.49799 0.34315 
11 16791 2.3 0.000136986 7.00028 0.149783 -9.59166e-07 0.100023 0.49783 0.344648 
11 16864 2.31 0.000136986 7.00028 0.149758 -3.80762e-07 0.100023 0.497581 0.346146 
11 16937 2.32 0.000136986 7.00028 0.149768 -4.34693e-07 0.10002 0.497683 0.347643 
11 17010 2.33 0.000136986 7.00028 0.149738 -3.22353e-07 0.100007 0.497379 0.349142 
11 17083 2.34 0.000136986 7.00028 0.149792 1.30296e-06 0.100017 0.497925 0.350639 
11 17156 2.35 0.000136986 7.00028 0.149766 9.97315e-07 0.100017 0.497661 0.352137 
11 17229 2.36 0.000136986 7.00028 0.149739 2.2176e-06 0.100022 0.497386 0.353635 
11 17302 2.37 0.000136986 7.00028 0.149785 2.20636e-06 0.100014 0.497845 0.355132 
11 17375 2.38 0.000136986 7.00028 0.14978 4.93241e-07 0.10002 0.497805 0.356631 
11 17448 2.39 0.000136986 7.00028 0.149776 1.68697e-06 0.100018 0.497759 0.358128 
11 17521 2.4 0.000136986 7.00028 0.149758 1.15228e-06 0.10002 0.497577 0.359625 
11 17594 2.41 0.000136986 7.00028 0.149732 3.52265e-07 0.100019 0.497318 0.361124 
11 17667 2.42 0.000136986 7.00028 0.149796 3.23122e-07 0.10002 0.497964 0.362621 
11 17740 2.43 0.000136986 7.00028 0.149787 5.23643e-07 0.100026 0.497868 0.36412 
11 17813 2.44 0.000136986 7.00028 0.149755 3.53827e-07 0.100023 0.497549 0.365617 
11 17886 2.45 0.000136986 7.00028 0.149772 4.41932e-07 0.100021 0.497725 0.367114 
11 17959 2.46 0.000136986 7.00028 0.149744 1.02357e-08 0.100012 0.497441 0.368614 
11 18032 2.47 0.000136986 7.00028 0.149791 1.75297e-07 0.100018 0.497914 0.370111 
11 18105 2.48 0.000136986 7.00028 0.149758 -1.19788e-06 0.10002 0.497577 0.371608 
11 18178 2.49 0.000136986 7.00028 0.149736 -1.24567e-07 0.100021 0.497362 0.373106 
11 18251 2.5 0.000136986 7.00028 0.149789 -3.99226e-09 0.100021 0.497888 0.374604 
11 18324 2.51 0.000136986 7.00028 0.149775 -6.46987e-07 0.10002 0.497745 0.376102 
11 18397 2.52 0.000136986 7.00028 0.149764 2.53277e-07 0.10002 0.497637 0.377599 
11 18470 2.53 0.000136986 7.00028 0.14976 3.71359e-07 0.100022 0.497605 0.379096 
11 18543 2.54 0.000136986 7.00028 0.149736 7.48706e-07 0.10002 0.49736 0.380596 
11 18616 2.55 0.000136986 7.00028 0.149799 1.51966e-07 0.100017 0.497988 0.382093 
11 18689 2.56 0.000136986 7.00028 0.149776 -5.89851e-07 0.100019 0.497757 0.383591 
11 18762 2.57 0.000136986 7.00028 0.149744 2.90154e-07 0.100023 0.497437 0.385088 
11 18835 2.58 0.000136986 7.00028 0.149775 -6.13708e-07 0.100021 0.497747 0.386585 
11 18908 2.59 0.000136986 7.00028 0.149758 7.52833e-07 0.100018 0.497581 0.388085 
11 18981 2.6 0.000136986 7.00028 0.149778 9.8542e-07 0.100014 0.497781 0.389582 
11 19054 2.61 0.000136986 7.00028 0.149754 7.46555e-07 0.100021 0.49754 0.391079 
11 19127 2.62 0.000136986 7.00028 0.149733 -1.77466e-07 0.100021 0.497326 0.392577 
11 19200 2.63 0.000136986 7.00028 0.149791 3.56128e-07 0.100021 0.497906 0.394075 
11 19273 2.64 0.000136986 7.00028 0.149783 1.76071e-07 0.100021 0.497828 0.395573 
11 19346 2.65 0.000136986 7.00028 0.149764 -1.21977e-07 0.100023 0.497639 0.39707 
11 19419 2.66 0.000136986 7.00028 0.14976 1.62612e-07 0.100019 0.497598 0.398567 
11 19492 2.67 0.000136986 7.00028 0.149725 -1.14884e-06 0.10001 0.497254 0.400067 
11 19565 2.68 0.000136986 7.00028 0.149794 -2.39245e-07 0.100015 0.497942 0.401564 
11 19638 2.69 0.000136986 7.00028 0.14976 7.10406e-07 0.100013 0.497601 0.403062 
11 19711 2.7 0.000136986 7.00028 0.14974 3.83007e-07 0.100022 0.497404 0.404559 
11 19784 2.71 0.000136986 7.00028 0.149768 -3.43816e-07 0.100016 0.497678 0.406056 
11 19857 2.72 0.000136986 7.00028 0.149759 4.77941e-07 0.100022 0.497585 0.407555 
11 19930 2.73 0.000136986 7.00028 0.149771 -1.43958e-07 0.100011 0.497707 0.409052 
11 20003 2.74 0.000136986 7.00028 0.149758 -7.39386e-07 0.100021 0.497578 0.41055 
11 20076 2.75 0.000136986 7.00028 0.149733 3.86524e-07 0.100016 0.497326 0.412048 
11 20149 2.76 0.000136986 7.00028 0.149798 7.57292e-07 0.100022 0.497983 0.413545 
11 20222 2.77 0.000136986 7.00028 0.149778 2.72909e-07 0.100024 0.497778 0.415044 
11 20295 2.78 0.000136986 7.00028 0.149755 -1.22422e-06 0.100024 0.497549 0.416541 
11 20368 2.79 0.000136986 7.00028 0.149753 1.16351e-07 0.100019 0.497526 0.418038 
11 20441 2.8 0.000136986 7.00028 0.149733 -9.01925e-08 0.100011 0.497326 0.419537 
11 20514 2.81 0.000136986 7.00028 0.14979 2.8563e-07 0.100019 0.497904 0.421034 
11 20587 2.82 0.000136986 7.00028 0.149752 -1.34732e-07 0.100014 0.497519 0.422532 
11 20660 2.83 0.000136986 7.00028 0.149725 -3.46514e-08 0.100022 0.497247 0.42403 
11 20733 2.84 0.000136986 7.00028 0.14977 -5.49896e-08 0.100015 0.497696 0.425527 
11 20806 2.85 0.000136986 7.00028 0.149769 -6.96301e-08 0.100023 0.497689 0.427026 
11 20879 2.86 0.000136986 7.00028 0.149766 4.3767e-07 0.100013 0.497663 0.428523 
11 20952 2.87 0.000136986 7.00028 0.149755 6.18868e-07 0.100018 0.497553 0.43002 
11 21025 2.88 0.000136986 7.00028 0.149721 -1.22181e-07 0.100016 0.497214 0.431518 
11 21098 2.89 0.000136986 7.00028 0.14979 -3.20961e-07 0.100019 0.497902 0.433015 
11 21171 2.9 0.000136986 7.00028 0.149767 -4.26085e-07 0.100023 0.497668 0.434514 
11 21244 2.91 0.000136986 7.00028 0.149754 4.98625e-07 0.100024 0.497537 0.436011 
11 21317 2.92 0.000136986 7.00028 0.149751 2.90069e-07 0.10002 0.497512 0.437508 
11 21390 2.93 0.000136986 7.00028 0.149726 7.85343e-07 0.100008 0.497257 0.439007 
11 21463 2.94 0.000136986 7.00028 0.149782 -5.23863e-07 0.100016 0.497815 0.440504 
11 21536 2.95 0.000136986 7.00028 0.149752 2.22781e-07 0.100017 0.497515 0.442002 
11 21609 2.96 0.000136986 7.00028 0.149734 1.31799e-06 0.100023 0.497339 0.4435 
11 21682 2.97 0.000136986 7.00028 0.149775 1.195e-06 0.100011 0.497754 0.444997 
11 21755 2.98 0.000136986 7.00028 0.149773 -2.31728e-08 0.10002 0.497725 0.446496 
11 21828 2.99 0.000136986 7.00028 0.149757 -3.80276e-08 0.100008 0.497573 0.447993 
11 21901 3 0.000136986 7.00028 0.149761 3.74725e-07 0.100022 0.497612 0.44949 
11 21974 3.01 0.000136986 7.00028 0.149725 2.46122e-07 0.100018 0.497246 0.450989 
11 22047 3.02 0.000136986 7.00028 0.14979 -3.7291e-07 0.100019 0.497903 0.452486 
11 22120 3.03 0.000136986 7.00028 0.14977 1.27166e-07 0.100022 0.497702 0.453984 
11 22193 3.04 0.000136986 7.00028 0.149747 3.64948e-07 0.100024 0.497474 0.455481 
11 22266 3.05 0.000136986 7.00028 0.149764 3.48751e-07 0.100022 0.497639 0.456978 
11 22339 3.06 0.000136986 7.00028 0.149736 -1.32234e-07 0.10001 0.497361 0.458478 
11 22412 3.07 0.000136986 7.00028 0.149778 -1.05757e-08 0.100016 0.497783 0.459974 
11 22485 3.08 0.000136986 7.00028 0.149756 -4.58001e-07 0.10002 0.497556 0.461472 
11 22558 3.09 0.000136986 7.00028 0.149731 2.88022e-07 0.100021 0.497305 0.46297 
11 22631 3.1 0.000136986 7.00028 0.149784 3.61786e-07 0.100017 0.497839 0.464467 
11 22704 3.11 0.000136986 7.00028 0.149768 7.00115e-07 0.100019 0.497677 0.465966 
11 22777 3.12 0.000136986 7.00028 0.149764 5.41028e-07 0.100018 0.497638 0.467463 
11 22850 3.13 0.000136986 7.00028 0.149748 -4.65682e-08 0.100022 0.497479 0.46896 
11 22923 3.14 0.000136986 7.00028 0.14972 -1.26612e-06 0.100019 0.497198 0.470459 
11 22996 3.15 0.000136986 7.00028 0.149781 -6.58623e-07 0.100015 0.497813 0.471956 
11 23069 3.16 0.000136986 7.00028 0.149763 2.70049e-07 0.100018 0.497634 0.473454 
11 23142 3.17 0.000136986 7.00028 0.149747 1.467e-07 0.100024 0.497471 0.474951 
11 23215 3.18 0.000136986 7.00028 0.149769 1.05881e-06 0.100021 0.497692 0.476448 
11 23288 3.19 0.000136986 7.00028 0.149745 3.22432e-07 0.100017 0.497448 0.477948 
11 23361 3.2 0.000136986 7.00028 0.149779 -2.82299e-07 0.100018 0.497787 0.479444 
11 23434 3.21 0.000136986 7.00028 0.149758 8.9966e-07 0.100023 0.497581 0.480942 
11 23507 3.22 0.000136986 7.00028 0.149723 -1.18969e-07 0.100018 0.49723 0.48244 
11 23580 3.23 0.000136986 7.00028 0.149786 6.28643e-07 0.100019 0.497859 0.483937 
11 23653 3.24 0.000136986 7.00028 0.149769 2.94083e-08 0.100021 0.497693 0.485436 
11 23726 3.25 0.000136986 7.00028 0.149759 4.79081e-07 0.100022 0.497585 0.486933 
11 23799 3.26 0.000136986 7.00028 0.14975 -4.33301e-07 0.100019 0.497498 0.48843 
11 23872 3.27 0.000136986 7.00028 0.149726 -1.94306e-07 0.100015 0.497263 0.489929 
11 23945 3.28 0.000136986 7.00028 0.149783 6.063e-08 0.100017 0.497835 0.491426 
11 24018 3.29 0.000136986 7.00028 0.149762 5.35812e-07 0.100014 0.497621 0.492924 
11 24091 3.3 0.000136986 7.00028 0.149743 2.91861e-07 0.100022 0.497427 0.494422 
11 24164 3.31 0.000136986 7.00028 0.149772 -6.52376e-08 0.10002 0.497719 0.495919 
11 24237 3.32 0.000136986 7.00028 0.149756 -4.54594e-07 0.100023 0.497559 0.497418 
11 24310 3.33 0.000136986 7.00028 0.149766 -6.18547e-08 0.100006 0.49766 0.498914 
11 24383 3.34 0.000136986 7.00028 0.149739 3.76594e-07 0.100022 0.497385 0.500412 
11 24456 3.35 0.000136986 7.00028 0.149717 2.22146e-07 0.100019 0.497174 0.50191 
11 24529 3.36 0.000136986 7.00028 0.149785 -5.40677e-08 0.100021 0.497852 0.503407 
11 24602 3.37 0.000136986 7.00028 0.149774 5.56971e-07 0.10002 0.497741 0.504906 
11 24675 3.38 0.000136986 7.00028 0.149755 2.29245e-07 0.100024 0.497548 0.506403 
11 24748 3.39 0.000136986 7.00028 0.14976 7.04415e-07 0.100021 0.497599 0.5079 
11 24821 3.4 0.000136986 7.00028 0.149726 1.01286e-06 0.100016 0.497256 0.509399 
11 24894 3.41 0.000136986 7.00028 0.149789 3.85703e-07 0.100019 0.497886 0.510896 
11 24967 3.42 0.000136986 7.00028 0.149751 8.77025e-07 0.10001 0.497514 0.512394 
11 25040 3.43 0.000136986 7.00028 0.149733 5.29284e-07 0.100023 0.497329 0.513891 
11 25113 3.44 0.000136986 7.00028 0.149769 3.68888e-07 0.100016 0.497695 0.515388 
11 25186 3.45 0.000136986 7.00028 0.14976 6.01047e-07 0.10002 0.497601 0.516888 
11 25259 3.46 0.000136986 7.00028 0.14976 1.073e-08 0.10001 0.497596 0.518384 
11 25332 3.47 0.000136986 7.00028 0.149754 -6.66733e-07 0.100021 0.497538 0.519881 
11 25405 3.48 0.000136986 7.00028 0.149727 -2.58329e-07 0.100019 0.497266 0.52138 
11 25478 3.49 0.000136986 7.00028 0.149788 -5.60753e-08 0.100019 0.497883 0.522877 
11 25551 3.5 0.000136986 7.00028 0.149771 -6.9658e-07 0.100024 0.497709 0.524375 
11 25624 3.51 0.000136986 7.00028 0.14975 3.18911e-07 0.100025 0.4975 0.525873 
11 25697 3.52 0.000136986 7.00028 0.149747 1.81074e-07 0.100019 0.49747 0.52737 
11 25770 3.53 0.000136986 7.00028 0.149725 4.75315e-07 0.100011 0.49725 0.528869 
11 25843 3.54 0.000136986 7.00028 0.149777 -1.6656e-07 0.100016 0.497772 0.530365 
11 25916 3.55 0.000136986 7.00028 0.149741 9.95683e-07 0.100014 0.497409 0.531863 
11 25989 3.56 0.000136986 7.00028 0.149724 6.5664e-07 0.100022 0.497241 0.533361 
11 26062 3.57 0.000136986 7.00028 0.149765 -2.40717e-07 0.100012 0.497645 0.534858 
11 26135 3.58 0.000136986 7.00028 0.149766 -2.6292e-07 0.100019 0.49766 0.536357 
11 26208 3.59 0.000136986 7.00028 0.149755 7.41268e-07 0.100012 0.497553 0.537854 
11 26281 3.6 0.000136986 7.00028 0.149761 -2.13256e-07 0.100021 0.49761 0.539351 
11 26354 3.61 0.000136986 7.00028 0.14972 3.69836e-07 0.100017 0.4972 0.54085 
11 26427 3.62 0.000136986 7.00028 0.149791 2.07655e-07 0.10002 0.497908 0.542347 
11 26500 3.63 0.000136986 7.00028 0.149771 -3.17964e-07 0.100023 0.49771 0.543845 
11 26573 3.64 0.000136986 7.00028 0.14975 -2.79144e-07 0.100023 0.497502 0.545342 
11 26646 3.65 0.000136986 7.00028 0.149757 -5.59432e-07 0.100021 0.497569 0.546839 
11 26719 3.66 0.000136986 7.00028 0.149724 1.70874e-07 0.100004 0.497242 0.548339 
11 26792 3.67 0.000136986 7.00028 0.14977 -4.63647e-07 0.100014 0.497701 0.549835 
11 26865 3.68 0.000136986 7.00028 0.149756 4.69688e-07 0.100018 0.497561 0.551333 
11 26938 3.69 0.000136986 7.00028 0.149731 -3.50692e-07 0.100023 0.497308 0.552831 
11 27011 3.7 0.000136986 7.00028 0.149771 4.17439e-07 0.100014 0.497707 0.554328 
11 27084 3.71 0.000136986 7.00028 0.149767 1.92309e-06 0.100018 0.49767 0.555827 
11 27157 3.72 0.000136986 7.00028 0.149761 2.45783e-06 0.100018 0.497611 0.557324 
11 27230 3.73 0.000136986 7.00028 0.149746 9.6168e-07 0.10002 0.497461 0.558821 
11 27303 3.74 0.000136986 7.00028 0.149715 1.48743e-07 0.100017 0.497152 0.56032 
11 27376 3.75 0.000136986 7.00028 0.149781 4.8397e-07 0.100018 0.497807 0.561816 
11 27449 3.76 0.000136986 7.00028 0.14976 4.53677e-07 0.10002 0.497604 0.563315 
11 27522 3.77 0.000136986 7.00028 0.149735 5.91661e-07 0.100022 0.497355 0.564812 
11 27595 3.78 0.000136986 7.00028 0.14976 4.44948e-09 0.10002 0.497596 0.566309 
11 27668 3.79 0.000136986 7.00028 0.149731 -3.53295e-07 0.100014 0.497312 0.567808 
11 27741 3.8 0.000136986 7.00028 0.149772 -1.31838e-06 0.100016 0.497719 0.569305 
11 27814 3.81 0.000136986 7.00028 0.149753 -2.6196e-06 0.10002 0.497527 0.570802 
11 27887 3.82 0.000136986 7.00028 0.149723 -1.32655e-06 0.100023 0.497226 0.5723 
11 27960 3.83 0.000136986 7.00028 0.149783 -1.14408e-06 0.100016 0.497829 0.573797 
11 28033 3.84 0.000136986 7.00028 0.149768 -1.42198e-07 0.100018 0.497684 0.575296 
11 28106 3.85 0.000136986 7.00028 0.14976 -3.39091e-07 0.100022 0.497598 0.576793 
11 28179 3.86 0.000136986 7.00028 0.149743 -3.9524e-07 0.10002 0.497434 0.57829 
11 28252 3.87 0.000136986 7.00028 0.14972 -3.23648e-07 0.100019 0.497201 0.579789 
11 28325 3.88 0.000136986 7.00028 0.149778 -7.29637e-07 0.100017 0.497781 0.581286 
11 28398 3.89 0.000136986 7.00028 0.149765 -1.55795e-07 0.100017 0.497649 0.582784 
11 28471 3.9 0.000136986 7.00028 0.149736 -1.84143e-07 0.100022 0.497358 0.584282 
11 28544 3.91 0.000136986 7.00028 0.149761 -1.80792e-07 0.100014 0.497615 0.585778 
11 28617 3.92 0.000136986 7.00028 0.149754 -1.7861e-06 0.100023 0.49754 0.587278 
11 28690 3.93 0.000136986 7.00028 0.149768 -1.72497e-06 0.100008 0.497681 0.588774 
11 28763 3.94 0.000136986 7.00028 0.149746 -9.63591e-07 0.10002 0.497457 0.590272 
11 28836 3.95 0.000136986 7.00028 0.149722 3.41345e-08 0.100021 0.497221 0.59177 
11 28909 3.96 0.000136986 7.00028 0.149784 1.11203e-07 0.100021 0.497841 0.593267 
11 28982 3.97 0.000136986 7.00028 0.149766 6.53763e-07 0.100023 0.497657 0.594766 
11 29055 3.98 0.000136986 7.00028 0.149746 3.35674e-07 0.100022 0.497465 0.596263 
11 29128 3.99 0.000136986 7.00028 0.149745 1.39983e-06 0.10002 0.497445 0.59776 
11 29201 4 0.000136986 7.00028 0.149722 -9.54329e-08 0.100016 0.497216 0.599259 
11 29274 4.01 0.000136986 7.00028 0.149779 7.55418e-07 0.100016 0.497793 0.600755 
11 29347 4.02 0.000136986 7.00028 0.149753 1.78093e-07 0.100012 0.497532 0.602253 
11 29420 4.03 0.000136986 7.00028 0.149727 3.18819e-07 0.100022 0.497266 0.603751 
11 29493 4.04 0.000136986 7.00028 0.149765 1.95403e-07 0.100016 0.497653 0.605248 
11 29566 4.05 0.000136986 7.00028 0.149758 5.25601e-07 0.100022 0.497577 0.606747 
11 29639 4.06 0.000136986 7.00028 0.149767 -1.02609e-07 0.10001 0.497666 0.608244 
11 29712 4.07 0.000136986 7.00028 0.14975 -7.21996e-08 0.10002 0.497498 0.609741 
11 29785 4.08 0.000136986 7.00028 0.149721 -6.88086e-07 0.100019 0.497208 0.61124 
11 29858 4.09 0.000136986 7.00028 0.149783 7.25283e-07 0.100021 0.497826 0.612736 
11 29931 4.1 0.000136986 7.00028 0.149772 1.03168e-06 0.100022 0.497718 0.614235 
11 30004 4.11 0.000136986 7.00028 0.149747 -4.07105e-08 0.100024 0.497471 0.615732 
11 30077 4.12 0.000136986 7.00028 0.14975 1.13302e-06 0.10002 0.497501 0.617229 
11 30150 4.13 0.000136986 7.00028 0.149721 1.00981e-07 0.100008 0.497211 0.618728 
11 30223 4.14 0.000136986 7.00028 0.149784 6.18524e-07 0.100017 0.497839 0.620225 
11 30296 4.15 0.000136986 7.00028 0.149743 1.14949e-07 0.100012 0.497426 0.621723 
11 30369 4.16 0.000136986 7.00028 0.14973 -2.51895e-07 0.100022 0.497298 0.623221 
11 30442 4.17 0.000136986 7.00028 0.149762 1.51206e-06 0.100011 0.497621 0.624718 
11 30515 4.18 0.000136986 7.00028 0.149757 -6.22055e-07 0.100021 0.497573 0.626216 
11 30588 4.19 0.000136986 7.00028 0.149751 -6.79145e-07 0.100009 0.49751 0.627713 
11 30661 4.2 0.000136986 7.00028 0.149746 -1.21302e-07 0.100021 0.497464 0.62921 
11 30734 4.21 0.000136986 7.00028 0.14972 3.96477e-07 0.100016 0.497197 0.630709 
11 30807 4.22 0.000136986 7.00028 0.149785 1.06091e-06 0.10002 0.497851 0.632206 
11 30880 4.23 0.000136986 7.00028 0.149767 -2.30545e-06 0.100022 0.497674 0.633704 
11 30953 4.24 0.000136986 7.00028 0.149741 -1.23898e-06 0.100024 0.497412 0.635202 
11 31026 4.25 0.000136986 7.00028 0.149749 -6.60011e-07 0.100019 0.497493 0.636698 
11 31099 4.26 0.000136986 7.00028 0.149723 -7.86377e-07 0.100007 0.497232 0.638198 
11 31172 4.27 0.000136986 7.00028 0.149776 4.18037e-08 0.100015 0.497759 0.639694 
11 31245 4.28 0.000136986 7.00028 0.149744 -2.41606e-07 0.100017 0.497439 0.641192 
11 31318 4.29 0.000136986 7.00028 0.149722 1.82592e-08 0.100021 0.497223 0.64269 
11 31391 4.3 0.000136986 7.00028 0.149768 7.21097e-08 0.100015 0.497681 0.644187 
11 31464 4.31 0.000136986 7.00028 0.149766 -1.97494e-07 0.100018 0.497663 0.645686 
11 31537 4.32 0.000136986 7.00028 0.149755 -7.97744e-07 0.100016 0.497551 0.647183 
11 31610 4.33 0.000136986 7.00028 0.149758 3.37468e-07 0.100021 0.497577 0.64868 
11 31683 4.34 0.000136986 7.00028 0.149718 1.53039e-06 0.100017 0.49718 0.650178 
11 31756 4.35 0.000136986 7.00028 0.149788 3.6157e-07 0.100018 0.497881 0.651675 
11 31829 4.36 0.000136986 7.00028 0.149764 5.40612e-07 0.100024 0.497645 0.653173 
11 31902 4.37 0.000136986 7.00028 0.149741 6.47464e-07 0.100024 0.497407 0.654671 
11 31975 4.38 0.000136986 7.00028 0.14975 2.96694e-07 0.100018 0.497502 0.656168 
11 32048 4.39 0.000136986 7.00028 0.149729 1.3898e-06 0.100015 0.497291 0.657667 
11 32121 4.4 0.000136986 7.00028 0.149771 9.25595e-07 0.100018 0.497706 0.659164 
11 32194 4.41 0.000136986 7.00028 0.149752 5.68885e-07 0.100022 0.497522 0.660661 
11 32267 4.42 0.000136986 7.00028 0.149726 -1.00937e-06 0.100022 0.497258 0.662159 
11 32340 4.43 0.000136986 7.00028 0.149776 6.34939e-08 0.100017 0.49776 0.663656 
11 32413 4.44 0.000136986 7.00028 0.149766 -8.33879e-07 0.100019 0.497664 0.665155 
11 32486 4.45 0.000136986 7.00028 0.149753 -5.37547e-09 0.100019 0.497533 0.666652 
11 32559 4.46 0.000136986 7.00028 0.14975 -4.84499e-07 0.10002 0.497496 0.668149 
11 32632 4.47 0.000136986 7.00028 0.14972 2.15463e-07 0.100018 0.497201 0.669648 
11 32705 4.48 0.000136986 7.00028 0.149785 -3.0128e-07 0.100017 0.497851 0.671145 
11 32778 4.49 0.000136986 7.00028 0.149761 -4.53226e-07 0.100017 0.49761 0.672643 
11 32851 4.5 0.000136986 7.00028 0.149733 -4.44293e-07 0.100021 0.497335 0.67414 
11 32924 4.51 0.000136986 7.00028 0.149763 -6.80988e-07 0.100019 0.49763 0.675637 
11 32997 4.52 0.000136986 7.00028 0.149748 -2.85256e-07 0.100021 0.497476 0.677137 
11 33070 4.53 0.000136986 7.00028 0.149763 1.36314e-07 0.100012 0.497635 0.678633 
11 33143 4.54 0.000136986 7.00028 0.149753 -7.65074e-07 0.10002 0.49753 0.68013 
11 33216 4.55 0.000136986 7.00028 0.149722 -1.43747e-06 0.10002 0.497223 0.681629 
11 33289 4.56 0.000136986 7.00028 0.149788 3.86113e-08 0.100021 0.497881 0.683126 
11 33362 4.57 0.000136986 7.00028 0.149762 7.16314e-07 0.10002 0.497622 0.684624 
11 33435 4.58 0.000136986 7.00028 0.149753 4.99159e-07 0.100022 0.49753 0.686121 
11 33508 4.59 0.000136986 7.00028 0.14974 3.52566e-07 0.100021 0.497396 0.687618 
11 33581 4.6 0.000136986 7.00028 0.149716 8.85248e-07 0.100014 0.497165 0.689117 
11 33654 4.61 0.000136986 7.00028 0.149776 2.31716e-07 0.100015 0.497764 0.690614 
11 33727 4.62 0.000136986 7.00028 0.149756 2.0356e-07 0.100012 0.497563 0.692112 
11 33800 4.63 0.000136986 7.00028 0.149734 3.35954e-07 0.100022 0.497337 0.69361 
11 33873 4.64 0.000136986 7.00028 0.149769 -1.95221e-06 0.100018 0.497694 0.695107 
11 33946 4.65 0.000136986 7.00028 0.149757 -2.519e-06 0.100022 0.497572 0.696606 
11 34019 4.66 0.000136986 7.00028 0.149761 -1.76255e-06 0.10001 0.497609 0.698102 
11 34092 4.67 0.000136986 7.00028 0.149756 -7.72179e-07 0.100022 0.497558 0.6996 
11 34165 4.68 0.000136986 7.00028 0.149722 -7.80213e-07 0.100019 0.497219 0.701098 
11 34238 4.69 0.000136986 7.00028 0.149786 -4.36605e-07 0.100017 0.497857 0.702595 
11 34311 4.7 0.000136986 7.00028 0.149771 -6.92905e-07 0.100021 0.497714 0.704094 
11 34384 4.71 0.000136986 7.00028 0.149748 -6.85906e-07 0.100024 0.497479 0.705591 
11 34457 4.72 0.000136986 7.00028 0.149745 7.38012e-08 0.100019 0.497452 0.707088 
11 34530 4.73 0.000136986 7.00028 0.149723 -1.04343e-07 0.100008 0.49723 0.708587 
11 34603 4.74 0.000136986 7.00028 0.149776 -4.62503e-07 0.100015 0.497759 0.710084 
11 34676 4.75 0.000136986 7.00028 0.149747 -4.00346e-07 0.100012 0.497468 0.711581 
11 34749 4.76 0.000136986 7.00028 0.149732 2.42198e-08 0.100021 0.497315 0.713079 
11 34822 4.77 0.000136986 7.00028 0.149767 -2.07409e-07 0.100011 0.497671 0.714576 
11 34895 4.78 0.000136986 7.00028 0.14976 3.69692e-07 0.100018 0.497596 0.716075 
11 34968 4.79 0.000136986 7.00028 0.14976 3.83994e-07 0.100011 0.497598 0.717572 
11 35041 4.8 0.000136986 7.00028 0.149746 2.90317e-07 0.100022 0.497457 0.719069 
11 35114 4.81 0.000136986 7.00028 0.149711 -7.37524e-08 0.100016 0.497115 0.720568 
11 35187 4.82 0.000136986 7.00028 0.149778 -2.65626e-08 0.100018 0.497785 0.722065 
11 35260 4.83 0.000136986 7.00028 0.149763 -2.69063e-08 0.100023 0.497635 0.723563 
11 35333 4.84 0.000136986 7.00028 0.149744 -2.11801e-07 0.100023 0.497436 0.72506 
11 35406 4.85 0.000136986 7.00028 0.149758 9.10713e-07 0.10002 0.497583 0.726557 
11 35479 4.86 0.000136986 7.00028 0.149723 -3.06962e-07 0.100009 0.497229 0.728056 
11 35552 4.87 0.000136986 7.00028 0.149778 4.97945e-07 0.100018 0.497779 0.729553 
11 35625 4.88 0.000136986 7.00028 0.14975 -5.34095e-07 0.100018 0.497498 0.731051 
11 35698 4.89 0.000136986 7.00028 0.149726 3.85699e-07 0.100022 0.497262 0.732549 
11 35771 4.9 0.000136986 7.00028 0.149767 -2.05549e-07 0.100011 0.497674 0.734046 
11 35844 4.91 0.000136986 7.00028 0.149762 6.2088e-07 0.10002 0.497622 0.735544 
11 35917 4.92 0.000136986 7.00028 0.149755 8.79724e-08 0.100017 0.49755 0.737041 
11 35990 4.93 0.000136986 7.00028 0.149747 1.3899e-07 0.100021 0.497467 0.738538 
11 36063 4.94 0.000136986 7.00028 0.14972 -1.08611e-06 0.100017 0.497202 0.740037 
11 36136 4.95 0.000136986 7.00028 0.149783 -9.26278e-07 0.100019 0.497825 0.741534 
11 36209 4.96 0.000136986 7.00028 0.149761 2.40684e-08 0.10002 0.497608 0.743032 
11 36282 4.97 0.000136986 7.00028 0.149747 5.60647e-07 0.100024 0.497465 0.74453 
11 36355 4.98 0.000136986 7.00028 0.149758 5.49308e-08 0.100023 0.497576 0.746026 
11 36428 4.99 0.000136986 7.00028 0.149727 1.58703e-07 0.100008 0.497273 0.747526 
11 36501 5 0.000136986 7.00028 0.149777 1.27731e-07 0.100019 0.497767 0.749022 
11 36574 5.01 0.000136986 7.00028 0.149743 4.47886e-07 0.10002 0.497431 0.75052 
11 36647 5.02 0.000136986 7.00028 0.149716 -7.20471e-07 0.100022 0.497155 0.752018 
11 36720 5.03 0.000136986 7.00028 0.149772 1.97627e-08 0.10002 0.497724 0.753515 
11 36793 5.04 0.000136986 7.00028 0.149766 1.37546e-07 0.100018 0.497661 0.755014 
11 36866 5.05 0.000136986 7.00028 0.149754 9.64361e-07 0.100021 0.497544 0.75651 
11 36939 5.06 0.000136986 7.00028 0.149753 2.2382e-06 0.10002 0.497533 0.758007 
11 37012 5.07 0.000136986 7.00028 0.149721 5.94613e-07 0.10002 0.497215 0.759506 
11 37085 5.08 0.000136986 7.00028 0.149785 1.13958e-06 0.100016 0.497847 0.761003 
11 37158 5.09 0.000136986 7.00028 0.149761 9.79618e-07 0.100019 0.497614 0.762501 
11 37231 5.1 0.000136986 7.00028 0.149737 5.03101e-07 0.100024 0.497374 0.763999 
11 37304 5.11 0.000136986 7.00028 0.149759 4.05116e-07 0.100022 0.497587 0.765496 
11 37377 5.12 0.000136986 7.00028 0.149744 1.07057e-06 0.10002 0.497437 0.766995 
11 37450 5.13 0.000136986 7.00028 0.149766 3.05655e-07 0.100016 0.497657 0.768492 
11 37523 5.14 0.000136986 7.00028 0.149753 1.2684e-06 0.100021 0.497534 0.769989 
11 37596 5.15 0.000136986 7.00028 0.149727 -1.58179e-07 0.100021 0.497268 0.771487 
11 37669 5.16 0.000136986 7.00028 0.149784 2.31085e-06 0.100021 0.497836 0.772984 
11 37742 5.17 0.000136986 7.00028 0.149769 1.53421e-06 0.100019 0.497687 0.774483 
11 37815 5.18 0.000136986 7.00028 0.149753 -6.41078e-08 0.100021 0.497533 0.77598 
11 37888 5.19 0.000136986 7.00028 0.149749 1.05834e-07 0.10002 0.497486 0.777477 
11 37961 5.2 0.000136986 7.00028 0.149719 9.69007e-08 0.100017 0.497193 0.778976 
11 38034 5.21 0.000136986 7.00028 0.149779 -2.00051e-07 0.100014 0.497787 0.780473 
11 38107 5.22 0.000136986 7.00028 0.149747 -1.64424e-07 0.100012 0.497466 0.781971 
11 38180 5.23 0.000136986 7.00028 0.149727 9.03926e-07 0.100023 0.497273 0.783468 
11 38253 5.24 0.000136986 7.00028 0.149761 -6.14407e-08 0.10002 0.497609 0.784965 
11 38326 5.25 0.000136986 7.00028 0.149755 -1.04789e-07 0.100022 0.497553 0.786464 
11 38399 5.26 0.000136986 7.00028 0.149761 -5.89675e-07 0.100011 0.497609 0.787961 
11 38472 5.27 0.000136986 7.00028 0.149755 -6.93468e-07 0.10002 0.497554 0.789458 
11 38545 5.28 0.000136986 7.00028 0.149719 2.82439e-08 0.10002 0.497189 0.790957 
11 38618 5.29 0.000136986 7.00028 0.149788 1.53569e-06 0.100021 0.497877 0.792454 
11 38691 5.3 0.000136986 7.00028 0.14977 1.14402e-06 0.100024 0.497701 0.793952 
11 38764 5.31 0.000136986 7.00028 0.149748 -3.08415e-07 0.100023 0.497484 0.795449 
11 38837 5.32 0.000136986 7.00028 0.149742 1.54948e-07 0.100019 0.497421 0.796946 
11 38910 5.33 0.000136986 7.00028 0.149719 3.24504e-07 0.10001 0.497192 0.798445 
11 38983 5.34 0.000136986 7.00028 0.149776 -5.81732e-08 0.100017 0.497755 0.799942 
11 39056 5.35 0.000136986 7.00028 0.149745 3.28914e-07 0.10001 0.49745 0.80144 
11 39129 5.36 0.000136986 7.00028 0.14973 3.42093e-07 0.100022 0.497299 0.802938 
11 39202 5.37 0.000136986 7.00028 0.149765 2.16701e-07 0.100012 0.497648 0.804435 
11 39275 5.38 0.000136986 7.00028 0.14976 8.33176e-07 0.100021 0.497595 0.805934 
11 39348 5.39 0.000136986 7.00028 0.149764 -1.33393e-06 0.100011 0.497638 0.80743 
11 39421 5.4 0.000136986 7.00028 0.149747 -5.3472e-07 0.100021 0.497471 0.808928 
11 39494 5.41 0.000136986 7.00028 0.149715 -1.77788e-07 0.100016 0.497149 0.810426 
11 39567 5.42 0.000136986 7.00028 0.149781 1.47812e-07 0.100021 0.497812 0.811923 
11 39640 5.43 0.000136986 7.00028 0.149763 5.20634e-08 0.100024 0.497635 0.813421 
11 39713 5.44 0.000136986 7.00028 0.149743 7.21623e-07 0.100025 0.497425 0.814919 
11 39786 5.45 0.000136986 7.00028 0.149748 -2.35871e-08 0.10002 0.497475 0.816415 
11 39859 5.46 0.000136986 7.00028 0.149719 1.96385e-08 0.100006 0.497192 0.817915 
11 39932 5.47 0.000136986 7.00028 0.149774 -3.27727e-07 0.100016 0.497741 0.819411 
11 40005 5.48 0.000136986 7.00028 0.149746 6.0496e-07 0.100012 0.497464 0.820909 
11 40078 5.49 0.000136986 7.00028 0.149729 1.11596e-06 0.100024 0.497292 0.822407 
11 40151 5.5 0.000136986 7.00028 0.149771 2.83747e-07 0.100012 0.497713 0.823904 
11 40224 5.51 0.000136986 7.00028 0.149765 7.88977e-08 0.10002 0.497652 0.825403 
11 40297 5.52 0.000136986 7.00028 0.149758 9.13435e-09 0.100014 0.497581 0.8269 
11 40370 5.53 0.000136986 7.00028 0.149746 -1.53034e-08 0.100023 0.497463 0.828397 
11 40443 5.54 0.000136986 7.00028 0.149717 -2.3736e-07 0.100019 0.497168 0.829896 
11 40516 5.55 0.000136986 7.00028 0.14978 1.06316e-07 0.10002 0.497803 0.831392 
11 40589 5.56 0.000136986 7.00028 0.149771 -3.12267e-07 0.100022 0.497707 0.832891 
11 40662 5.57 0.000136986 7.00028 0.149742 1.27685e-06 0.100023 0.497418 0.834388 
11 40735 5.58 0.000136986 7.00028 0.149758 9.75324e-07 0.10002 0.497582 0.835885 
11 40808 5.59 0.000136986 7.00028 0.149729 4.94725e-07 0.100012 0.497285 0.837384 
11 40881 5.6 0.000136986 7.00028 0.149776 7.03774e-07 0.100016 0.497764 0.838881 
11 40954 5.61 0.000136986 7.00028 0.149746 6.17846e-08 0.100021 0.497465 0.840378 
11 41027 5.62 0.000136986 7.00028 0.149724 5.41165e-07 0.100025 0.497245 0.841877 
11 41100 5.63 0.000136986 7.00028 0.149768 1.1731e-07 0.100014 0.49768 0.843373 
11 41173 5.64 0.000136986 7.00028 0.149759 -1.99198e-07 0.10002 0.497593 0.844872 
11 41246 5.65 0.000136986 7.00028 0.149753 4.27481e-07 0.100021 0.497534 0.846369 
11 41319 5.66 0.000136986 7.00028 0.149743 1.18841e-07 0.100021 0.497426 0.847866 
11 41392 5.67 0.000136986 7.00028 0.149715 -8.95044e-07 0.100017 0.497151 0.849365 
11 41465 5.68 0.000136986 7.00028 0.149781 -2.87602e-06 0.100018 0.497813 0.850862 
11 41538 5.69 0.000136986 7.00028 0.149763 -3.77845e-07 0.10002 0.49763 0.85236 
11 41611 5.7 0.000136986 7.00028 0.149732 -3.78173e-07 0.100022 0.497315 0.853857 
11 41684 5.71 0.000136986 7.00028 0.149756 7.46803e-09 0.10002 0.49756 0.855354 
11 41757 5.72 0.000136986 7.00028 0.149745 6.48935e-07 0.100021 0.49745 0.856853 
11 41830 5.73 0.000136986 7.00028 0.149768 1.07893e-07 0.100013 0.49768 0.85835 
11 41903 5.74 0.000136986 7.00028 0.14974 -2.89163e-07 0.100021 0.497402 0.859847 
11 41976 5.75 0.000136986 7.00028 0.149719 -2.72436e-07 0.100021 0.497194 0.861346 
11 42049 5.76 0.000136986 7.00028 0.149779 2.87677e-07 0.100022 0.49779 0.862843 
11 42122 5.77 0.000136986 7.00028 0.149769 3.16893e-07 0.100019 0.497693 0.864341 
11 42195 5.78 0.000136986 7.00028 0.149749 -1.19458e-06 0.100021 0.497488 0.865838 
11 42268 5.79 0.000136986 7.00028 0.149748 -2.41107e-07 0.10002 0.497482 0.867335 
11 42341 5.8 0.000136986 7.00028 0.149715 -1.4073e-06 0.100014 0.497155 0.868834 
11 42414 5.81 0.000136986 7.00028 0.149784 -1.4692e-06 0.100016 0.497845 0.870331 
11 42487 5.82 0.000136986 7.00028 0.149754 -1.63305e-06 0.100015 0.497544 0.871829 
11 42560 5.83 0.000136986 7.00028 0.149735 -4.93637e-07 0.100022 0.497345 0.873327 
11 42633 5.84 0.000136986 7.00028 0.149759 5.59213e-07 0.100019 0.497593 0.874823 
11 42706 5.85 0.000136986 7.00028 0.149749 -4.60279e-07 0.100022 0.497494 0.876323 
11 42779 5.86 0.000136986 7.00028 0.149763 -1.21378e-07 0.100014 0.497628 0.877819 
11 42852 5.87 0.000136986 7.00028 0.149742 8.54625e-07 0.10002 0.497424 0.879316 
11 42925 5.88 0.000136986 7.00028 0.149721 -8.35453e-07 0.10002 0.497205 0.880815 
11 42998 5.89 0.000136986 7.00028 0.149783 -8.51117e-07 0.100019 0.497827 0.882312 
11 43071 5.9 0.000136986 7.00028 0.149769 -8.44621e-08 0.10002 0.497691 0.88381 
11 43144 5.91 0.000136986 7.00028 0.14975 -1.61472e-06 0.100023 0.497502 0.885307 
11 43217 5.92 0.000136986 7.00028 0.149749 -7.4588e-07 0.100019 0.497486 0.886804 
11 43290 5.93 0.000136986 7.00028 0.14972 -8.60511e-07 0.100012 0.497199 0.888304 
11 43363 5.94 0.000136986 7.00028 0.14978 -6.65028e-07 0.100017 0.497804 0.8898 
11 43436 5.95 0.000136986 7.00028 0.149747 -3.07326e-07 0.100012 0.497466 0.891298 
11 43509 5.96 0.000136986 7.00028 0.149728 -6.18434e-07 0.100023 0.497276 0.892796 
11 43582 5.97 0.000136986 7.00028 0.149762 -2.90471e-07 0.100015 0.497622 0.894293 
11 43655 5.98 0.000136986 7.00028 0.149757 -1.20126e-07 0.100018 0.497567 0.895792 
11 43728 5.99 0.000136986 7.00028 0.149756 2.3306e-08 0.100009 0.497556 0.897289 
11 43801 6 0.000136986 7.00028 0.149751 5.26495e-08 0.10002 0.497513 0.898786 
11 43874 6.01 0.000136986 7.00028 0.149718 8.42667e-07 0.100017 0.49718 0.900284 
11 43947 6.02 0.000136986 7.00028 0.149788 -5.05515e-07 0.10002 0.497876 0.901781 
11 44020 6.03 0.000136986 7.00028 0.149763 8.48912e-08 0.100023 0.497631 0.90328 
11 44093 6.04 0.000136986 7.00028 0.149747 -1.65965e-07 0.100025 0.497469 0.904777 
11 44166 6.05 0.000136986 7.00028 0.149741 -6.02181e-07 0.100019 0.497405 0.906274 
11 44239 6.06 0.000136986 7.00028 0.149713 2.87611e-07 0.100006 0.497133 0.907773 
11 44312 6.07 0.000136986 7.00028 0.14977 6.26925e-08 0.100012 0.497704 0.90927 
11 44385 6.08 0.000136986 7.00028 0.149745 8.39193e-07 0.100014 0.497448 0.910767 
11 44458 6.09 0.000136986 7.00028 0.149727 -1.57605e-07 0.10002 0.49727 0.912265 
11 44531 6.1 0.000136986 7.00028 0.149766 3.17575e-07 0.100015 0.497657 0.913762 
11 44604 6.11 0.000136986 7.00028 0.149762 -3.83179e-07 0.100019 0.497623 0.915261 
11 44677 6.12 0.000136986 7.00028 0.149756 6.9332e-08 0.100015 0.497562 0.916758 
11 44750 6.13 0.000136986 7.00028 0.149752 -3.58671e-07 0.100022 0.497518 0.918255 
11 44823 6.14 0.000136986 7.00028 0.14972 -1.11815e-08 0.100019 0.497199 0.919754 
11 44896 6.15 0.000136986 7.00028 0.149791 -9.84744e-08 0.100021 0.497909 0.921251 
11 44969 6.16 0.000136986 7.00028 0.149773 -1.0307e-07 0.100025 0.497727 0.922749 
11 45042 6.17 0.000136986 7.00028 0.149742 -1.50086e-09 0.100024 0.497424 0.924246 
11 45115 6.18 0.000136986 7.00028 0.149757 -5.88166e-08 0.100019 0.497567 0.925743 
11 45188 6.19 0.000136986 7.00028 0.149728 1.38435e-07 0.100008 0.497277 0.927242 
11 45261 6.2 0.000136986 7.00028 0.149775 3.11404e-07 0.100018 0.497751 0.928739 
11 45334 6.21 0.000136986 7.00028 0.149753 4.88858e-08 0.10002 0.497532 0.930237 
11 45407 6.22 0.000136986 7.00028 0.149729 -1.48955e-07 0.100022 0.497289 0.931735 
11 45480 6.23 0.000136986 7.00028 0.149775 4.87084e-08 0.100013 0.497755 0.933232 
11 45553 6.24 0.000136986 7.00028 0.149761 1.18627e-07 0.100018 0.497607 0.934731 
11 45626 6.25 0.000136986 7.00028 0.149757 5.51216e-07 0.100018 0.497575 0.936227 
11 45699 6.26 0.000136986 7.00028 0.149737 -3.09279e-07 0.100018 0.497367 0.937724 
11 45772 6.27 0.000136986 7.00028 0.149713 3.7367e-07 0.100019 0.497133 0.939223 
11 45845 6.28 0.000136986 7.00028 0.149778 -1.38071e-07 0.100017 0.497785 0.94072 
11 45918 6.29 0.000136986 7.00028 0.149766 -6.86162e-07 0.10002 0.497659 0.942218 
11 45991 6.3 0.000136986 7.00028 0.14974 4.73978e-07 0.100024 0.497399 0.943716 
11 46064 6.31 0.000136986 7.00028 0.149765 2.20167e-06 0.10002 0.497646 0.945213 
11 46137 6.32 0.000136986 7.00028 0.14974 6.88318e-07 0.100018 0.4974 0.946712 
11 46210 6.33 0.000136986 7.00028 0.149767 5.02318e-07 0.10001 0.497671 0.948208 
11 46283 6.34 0.000136986 7.00028 0.149754 -1.12232e-06 0.100021 0.497544 0.949706 
11 46356 6.35 0.000136986 7.00028 0.14972 -2.91137e-07 0.100021 0.497202 0.951204 
11 46429 6.36 0.000136986 7.00028 0.149775 1.58793e-07 0.100016 0.497754 0.952701 
11 46502 6.37 0.000136986 7.00028 0.149765 2.20429e-07 0.100021 0.497648 0.9542 
11 46575 6.38 0.000136986 7.00028 0.149751 1.59149e-07 0.10002 0.49751 0.955697 
11 46648 6.39 0.000136986 7.00028 0.149745 2.23947e-07 0.100021 0.497447 0.957194 
11 46721 6.4 0.000136986 7.00028 0.149718 -7.47444e-08 0.100015 0.497176 0.958693 
11 46794 6.41 0.000136986 7.00028 0.14978 -2.16962e-07 0.100017 0.497802 0.960189 
11 46867 6.42 0.000136986 7.00028 0.149754 8.31839e-07 0.100011 0.497544 0.961687 
11 46940 6.43 0.000136986 7.00028 0.149738 2.60711e-07 0.100021 0.497376 0.963185 
11 47013 6.44 0.000136986 7.00028 0.149766 5.04358e-08 0.100018 0.497657 0.964682 
11 47086 6.45 0.000136986 7.00028 0.14975 -3.26082e-09 0.10002 0.497498 0.966181 
11 47159 6.46 0.000136986 7.00028 0.149767 -9.15731e-08 0.100011 0.49767 0.967678 
11 47232 6.47 0.000136986 7.00028 0.149742 1.07502e-07 0.100021 0.49742 0.969175 
11 47305 6.48 0.000136986 7.00028 0.149713 2.63792e-07 0.100018 0.497133 0.970673 
11 47378 6.49 0.000136986 7.00028 0.149781 -3.31454e-07 0.100021 0.49781 0.97217 
11 47451 6.5 0.000136986 7.00028 0.149765 -4.36416e-08 0.100021 0.497648 0.973669 
11 47524 6.51 0.000136986 7.00028 0.149747 -1.10651e-06 0.100023 0.497469 0.975166 
11 47597 6.52 0.000136986 7.00028 0.149753 4.87951e-07 0.100019 0.497535 0.976663 
11 47670 6.53 0.000136986 7.00028 0.149721 7.07589e-07 0.100012 0.497215 0.978162 
11 47743 6.54 0.000136986 7.00028 0.149781 6.69104e-07 0.100016 0.497814 0.979659 
11 47816 6.55 0.000136986 7.00028 0.14975 -6.76261e-07 0.100011 0.497501 0.981157 
11 47889 6.56 0.000136986 7.00028 0.149735 3.76216e-07 0.100024 0.497349 0.982654 
11 47962 6.57 0.000136986 7.00028 0.149765 4.25418e-08 0.100015 0.497648 0.984151 
11 48035 6.58 0.000136986 7.00028 0.149756 2.06488e-07 0.100021 0.497561 0.98565 
11 48108 6.59 0.000136986 7.00028 0.149753 -3.4578e-08 0.100005 0.497526 0.987147 
11 48181 6.6 0.000136986 7.00028 0.149751 2.02527e-08 0.100021 0.497512 0.988644 
11 48254 6.61 0.000136986 7.00028 0.149721 3.20117e-08 0.100017 0.497205 0.990143 
11 48327 6.62 0.000136986 7.00028 0.149784 -5.21275e-07 0.100022 0.497836 0.99164 
11 48400 6.63 0.000136986 7.00028 0.149766 -4.45803e-07 0.100022 0.497662 0.993138 
11 48473 6.64 0.000136986 7.00028 0.149749 -4.97202e-07 0.100023 0.497491 0.994635 
11 48546 6.65 0.000136986 7.00028 0.149746 1.76699e-07 0.100018 0.497459 0.996132 
11 48619 6.66 0.000136986 7.00028 0.14972 -3.04598e-08 0.100007 0.497198 0.997631 
11 48692 6.67 0.000136986 7.00028 0.14978 -1.94901e-08 0.100016 0.497802 0.999128 
11 48765 6.68 0.000136986 7.00028 0.149739 3.3188e-07 0.100014 0.497391 1.00063 
11 48838 6.69 0.000136986 7.00028 0.149722 2.94837e-07 0.100022 0.497223 1.00212 
11 48911 6.7 0.000136986 7.00028 0.149762 1.33011e-07 0.100012 0.497618 1.00362 
11 48984 6.71 0.000136986 7.00028 0.149759 5.69641e-08 0.100021 0.49759 1.00512 
11 49057 6.72 0.000136986 7.00028 0.14975 7.214e-08 0.100009 0.497503 1.00662 
11 49130 6.73 0.000136986 7.00028 0.149758 -3.14407e-07 0.100021 0.497585 1.00811 
11 49203 6.74 0.000136986 7.00028 0.14972 3.67495e-07 0.100019 0.497198 1.00961 
11 49276 6.75 0.000136986 7.00028 0.149787 6.71226e-08 0.10002 0.497869 1.01111 
11 49349 6.76 0.000136986 7.00028 0.149766 2.28404e-07 0.100025 0.497664 1.01261 
11 49422 6.77 0.000136986 7.00028 0.149749 -8.14562e-08 0.100024 0.497486 1.0141 
11 49495 6.78 0.000136986 7.00028 0.149753 -7.4761e-08 0.100019 0.497532 1.0156 
11 49568 6.79 0.000136986 7.00028 0.149724 -4.16446e-07 0.100008 0.497243 1.0171 
11 49641 6.8 0.000136986 7.00028 0.14977 -3.07858e-07 0.100013 0.4977 1.0186 
11 49714 6.81 0.000136986 7.00028 0.149757 -8.83272e-07 0.10002 0.497565 1.0201 
11 49787 6.82 0.000136986 7.00028 0.149726 -4.42584e-07 0.100021 0.497265 1.02159 
11 49860 6.83 0.000136986 7.00028 0.149771 -2.01907e-07 0.100013 0.497705 1.02309 
11 49933 6.84 0.000136986 7.00028 0.149763 -6.15192e-07 0.100019 0.49763 1.02459 
11 50006 6.85 0.000136986 7.00028 0.149762 4.09794e-07 0.10002 0.497619 1.02609 
11 50079 6.86 0.000136986 7.00028 0.149746 -5.85476e-07 0.10002 0.497464 1.02758 
11 50152 6.87 0.000136986 7.00028 0.149718 2.12067e-07 0.100018 0.497175 1.02908 
11 50225 6.88 0.000136986 7.00028 0.149784 2.28112e-07 0.10002 0.497841 1.03058 
11 50298 6.89 0.000136986 7.00028 0.149758 3.53057e-07 0.10002 0.49758 1.03208 
11 50371 6.9 0.000136986 7.00028 0.149733 -1.20244e-06 0.100024 0.497334 1.03357 
11 50444 6.91 0.000136986 7.00028 0.149756 -3.36443e-08 0.100021 0.497557 1.03507 
11 50517 6.92 0.000136986 7.00028 0.149733 4.08292e-08 0.100014 0.497334 1.03657 
11 50590 6.93 0.000136986 7.00028 0.149768 4.80838e-07 0.100015 0.497682 1.03807 
11 50663 6.94 0.000136986 7.00028 0.149758 -1.55349e-06 0.10002 0.497575 1.03956 
11 50736 6.95 0.000136986 7.00028 0.149723 -6.17889e-07 0.100021 0.497226 1.04106 
11 50809 6.96 0.000136986 7.00028 0.149782 -3.4186e-07 0.100018 0.49782 1.04256 
11 50882 6.97 0.000136986 7.00028 0.149765 -2.05676e-07 0.10002 0.497653 1.04406 
11 50955 6.98 0.000136986 7.00028 0.149762 -2.41744e-07 0.100021 0.497623 1.04556 
11 51028 6.99 0.000136986 7.00028 0.149743 -5.14975e-07 0.100021 0.497431 1.04705 
11 51101 7 0.000136986 7.00028 0.149712 -7.52953e-07 0.100018 0.497117 1.04855 
11 51174 7.01 0.000136986 7.00028 0.149769 6.95104e-07 0.100014 0.497689 1.05005 
11 51247 7.02 0.000136986 7.00028 0.149761 1.16899e-06 0.100017 0.497614 1.05155 
11 51320 7.03 0.000136986 7.00028 0.149735 -2.68042e-07 0.100022 0.497347 1.05304 
11 51393 7.04 0.000136986 7.00028 0.149766 6.8727e-08 0.100022 0.497658 1.05454 
11 51466 7.05 0.000136986 7.00028 0.149749 -1.40841e-07 0.10002 0.497487 1.05604 
11 51539 7.06 0.000136986 7.00028 0.149774 -1.36073e-07 0.100016 0.497745 1.05754 
11 51612 7.07 0.000136986 7.00028 0.149746 2.34757e-07 0.100022 0.497463 1.05903 
11 51685 7.08 0.000136986 7.00028 0.149721 -2.34262e-07 0.100021 0.497208 1.06053 
11 51758 7.09 0.000136986 7.00028 0.149779 2.11566e-07 0.10002 0.497787 1.06203 
11 51831 7.1 0.000136986 7.00028 0.149761 -7.78487e-08 0.10002 0.497614 1.06353 
11 51904 7.11 0.000136986 7.00028 0.149747 -3.12644e-08 0.100022 0.497475 1.06502 
11 51977 7.12 0.000136986 7.00028 0.149741 2.37898e-07 0.100019 0.497415 1.06652 
11 52050 7.13 0.000136986 7.00028 0.149717 1.46828e-07 0.100017 0.497172 1.06802 
11 52123 7.14 0.000136986 7.00028 0.149779 9.74841e-07 0.100016 0.497788 1.06952 
11 52196 7.15 0.000136986 7.00028 0.149752 1.67384e-06 0.100014 0.497524 1.07102 
11 52269 7.16 0.000136986 7.00028 0.149727 -2.22753e-08 0.100022 0.497266 1.07251 
11 52342 7.17 0.000136986 7.00028 0.149763 1.15964e-07 0.100015 0.497626 1.07401 
11 52415 7.18 0.000136986 7.00028 0.149757 -2.63024e-07 0.100023 0.497568 1.07551 
11 52488 7.19 0.000136986 7.00028 0.149767 -4.16652e-07 0.100009 0.497671 1.07701 
11 52561 7.2 0.000136986 7.00028 0.14975 1.60914e-09 0.100022 0.497503 1.0785 
11 52634 7.21 0.000136986 7.00028 0.149716 -6.28644e-08 0.100018 0.497165 1.08 
11 52707 7.22 0.000136986 7.00028 0.149782 -2.07839e-08 0.100019 0.497823 1.0815 
11 52780 7.23 0.000136986 7.00028 0.149773 1.75557e-08 0.100023 0.497726 1.083 
11 52853 7.24 0.000136986 7.00028 0.149747 -3.01996e-08 0.100023 0.497467 1.08449 
11 52926 7.25 0.000136986 7.00028 0.149751 2.15827e-08 0.100019 0.497513 1.08599 
11 52999 7.26 0.000136986 7.00028 0.149716 9.20657e-07 0.100012 0.497163 1.08749 
11 53072 7.27 0.000136986 7.00028 0.14978 6.10752e-07 0.100017 0.497799 1.08899 
11 53145 7.28 0.000136986 7.00028 0.149736 1.9192e-07 0.100013 0.497358 1.09048 
11 53218 7.29 0.000136986 7.00028 0.149725 4.4366e-07 0.100021 0.497248 1.09198 
11 53291 7.3 0.000136986 7.00028 0.14976 5.33766e-07 0.100011 0.497598 1.09348 
11 53364 7.31 0.000136986 7.00028 0.149758 4.96492e-08 0.100022 0.497576 1.09498 
11 53437 7.32 0.000136986 7.00028 0.149752 -2.58797e-07 0.100011 0.497525 1.09647 
11 53510 7.33 0.000136986 7.00028 0.149752 2.29151e-07 0.100023 0.497517 1.09797 
11 53583 7.34 0.000136986 7.00028 0.149718 1.93302e-07 0.100016 0.497179 1.09947 
11 53656 7.35 0.000136986 7.00028 0.149785 -7.19378e-07 0.10002 0.497851 1.10097 
11 53729 7.36 0.000136986 7.00028 0.149764 -4.13745e-07 0.100023 0.497638 1.10247 
11 53802 7.37 0.000136986 7.00028 0.149739 -4.89758e-07 0.100024 0.497386 1.10396 
11 53875 7.38 0.000136986 7.00028 0.149745 2.75348e-07 0.100018 0.497446 1.10546 
11 53948 7.39 0.000136986 7.00028 0.149721 -2.42412e-07 0.100006 0.497205 1.10696 
11 54021 7.4 0.000136986 7.00028 0.149776 -2.4608e-07 0.100015 0.497763 1.10846 
11 54094 7.41 0.000136986 7.00028 0.149744 -2.95184e-07 0.10002 0.497437 1.10995 
11 54167 7.42 0.000136986 7.00028 0.149721 -1.08148e-07 0.100022 0.497211 1.11145 
11 54240 7.43 0.000136986 7.00028 0.149764 3.03296e-08 0.100013 0.497639 1.11295 
11 54313 7.44 0.000136986 7.00028 0.149765 -1.51525e-09 0.100018 0.497649 1.11445 
11 54386 7.45 0.000136986 7.00028 0.149754 -2.64994e-07 0.100016 0.497536 1.11594 
11 54459 7.46 0.000136986 7.00028 0.149755 -3.22297e-07 0.100021 0.497555 1.11744 
11 54532 7.47 0.000136986 7.00028 0.149721 2.34919e-07 0.100019 0.497207 1.11894 
11 54605 7.48 0.000136986 7.00028 0.149787 1.7817e-06 0.100019 0.497872 1.12044 
11 54678 7.49 0.000136986 7.00028 0.149759 6.90374e-07 0.100023 0.497592 1.12193 
11 54751 7.5 0.000136986 7.00028 0.149741 6.62484e-07 0.100024 0.497413 1.12343 
11 54824 7.51 0.000136986 7.00028 0.149751 8.39789e-07 0.10002 0.497511 1.12493 
11 54897 7.52 0.000136986 7.00028 0.149725 3.4722e-07 0.100012 0.497245 1.12643 
11 54970 7.53 0.000136986 7.00028 0.149769 5.0453e-08 0.100015 0.497689 1.12792 
11 55043 7.54 0.000136986 7.00028 0.149745 -2.48492e-07 0.10002 0.497451 1.12942 
11 55116 7.55 0.000136986 7.00028 0.149724 1.33032e-06 0.100023 0.49724 1.13092 
11 55189 7.56 0.000136986 7.00028 0.149772 -3.41089e-07 0.100014 0.49772 1.13242 
11 55262 7.57 0.000136986 7.00028 0.149767 1.16047e-06 0.100019 0.497671 1.13392 
11 55335 7.58 0.000136986 7.00028 0.149756 -8.52531e-09 0.100021 0.497555 1.13541 
11 55408 7.59 0.000136986 7.00028 0.149752 -4.67438e-07 0.100023 0.497517 1.13691 
11 55481 7.6 0.000136986 7.00028 0.149717 -1.02182e-06 0.100016 0.497166 1.13841 
11 55554 7.61 0.000136986 7.00028 0.149785 -4.39763e-08 0.100019 0.497851 1.13991 
11 55627 7.62 0.000136986 7.00028 0.149761 3.29092e-07 0.100021 0.497608 1.1414 
11 55700 7.63 0.000136986 7.00028 0.149732 2.11416e-07 0.100022 0.497322 1.1429 
11 55773 7.64 0.000136986 7.00028 0.149758 1.33405e-07 0.100019 0.49758 1.1444 
11 55846 7.65 0.000136986 7.00028 0.149746 5.40709e-08 0.100019 0.49746 1.1459 
11 55919 7.66 0.000136986 7.00028 0.149764 -1.71415e-06 0.100014 0.497644 1.14739 
11 55992 7.67 0.000136986 7.00028 0.149747 -7.9948e-07 0.100021 0.497473 1.14889 
11 56065 7.68 0.000136986 7.00028 0.149723 -9.45426e-07 0.100021 0.49723 1.15039 
11 56138 7.69 0.000136986 7.00028 0.149789 -5.73268e-07 0.100022 0.497886 1.15189 
11 56211 7.7 0.000136986 7.00028 0.149764 -5.18217e-07 0.10002 0.497638 1.15339 
11 56284 7.71 0.000136986 7.00028 0.149757 -7.96882e-08 0.100024 0.497566 1.15488 
11 56357 7.72 0.000136986 7.00028 0.149738 3.6939e-08 0.100019 0.497385 1.15638 
11 56430 7.73 0.000136986 7.00028 0.149713 -3.03138e-07 0.100013 0.497128 1.15788 
11 56503 7.74 0.000136986 7.00028 0.149775 -7.92097e-08 0.100016 0.497753 1.15938 
11 56576 7.75 0.000136986 7.00028 0.149755 -7.83309e-07 0.100012 0.497549 1.16087 
11 56649 7.76 0.000136986 7.00028 0.149733 8.69865e-07 0.100021 0.497326 1.16237 
11 56722 7.77 0.000136986 7.00028 0.149766 -2.27286e-08 0.100016 0.497663 1.16387 
11 56795 7.78 0.000136986 7.00028 0.149755 1.27694e-06 0.10002 0.497553 1.16537 
11 56868 7.79 0.000136986 7.00028 0.149765 7.50632e-07 0.100013 0.497654 1.16686 
11 56941 7.8 0.000136986 7.00028 0.149752 -1.70412e-06 0.100021 0.497517 1.16836 
11 57014 7.81 0.000136986 7.00028 0.149722 -3.35006e-08 0.100017 0.497216 1.16986 
11 57087 7.82 0.000136986 7.00028 0.149788 -3.98639e-08 0.100019 0.497881 1.17136 
11 57160 7.83 0.000136986 7.00028 0.149772 -3.72626e-07 0.100023 0.497722 1.17285 
11 57233 7.84 0.000136986 7.00028 0.149749 3.33165e-08 0.100024 0.497485 1.17435 
11 57306 7.85 0.000136986 7.00028 0.149752 4.51293e-08 0.100021 0.497518 1.17585 
11 57379 7.86 0.000136986 7.00028 0.149724 1.71325e-08 0.100014 0.49724 1.17735 
11 57452 7.87 0.000136986 7.00028 0.149777 5.9844e-08 0.100017 0.497774 1.17884 
11 57525 7.88 0.000136986 7.00028 0.149749 7.86208e-08 0.100011 0.497492 1.18034 
11 57598 7.89 0.000136986 7.00028 0.149733 -4.17465e-08 0.100021 0.49733 1.18184 
11 57671 7.9 0.000136986 7.00028 0.149769 1.91325e-07 0.100012 0.497689 1.18334 
11 57744 7.91 0.000136986 7.00028 0.14976 -1.59422e-07 0.100019 0.497598 1.18484 
11 57817 7.92 0.000136986 7.00028 0.149759 -1.64305e-07 0.100012 0.497593 1.18633 
11 57890 7.93 0.000136986 7.00028 0.149745 -2.2832e-07 0.100021 0.497449 1.18783 
11 57963 7.94 0.000136986 7.00028 0.149713 -9.53384e-07 0.100019 0.497127 1.18933 
11 58036 7.95 0.000136986 7.00028 0.149779 2.25887e-09 0.100021 0.497795 1.19083 
11 58109 7.96 0.000136986 7.00028 0.149771 -3.95129e-08 0.100024 0.497706 1.19232 
11 58182 7.97 0.000136986 7.00028 0.149746 -1.78806e-06 0.100024 0.497458 1.19382 
11 58255 7.98 0.000136986 7.00028 0.149759 -9.17251e-07 0.100023 0.497593 1.19532 
11 58328 7.99 0.000136986 7.00028 0.149714 -1.87307e-06 0.100008 0.497142 1.19682 
11 58401 8 0.000136986 7.00028 0.149773 -1.81198e-06 0.100018 0.497733 1.19831 
11 58474 8.01 0.000136986 7.00028 0.149742 -6.33732e-07 0.100015 0.497423 1.19981 
11 58547 8.02 0.000136986 7.00028 0.149725 -4.42533e-07 0.100023 0.497248 1.20131 
11 58620 8.03 0.000136986 7.00028 0.149763 -4.27343e-07 0.100009 0.497634 1.20281 
11 58693 8.04 0.000136986 7.00028 0.149763 6.68292e-08 0.100021 0.497631 1.20431 
11 58766 8.05 0.000136986 7.00028 0.149749 -4.67141e-07 0.100011 0.497491 1.2058 
11 58839 8.06 0.000136986 7.00028 0.149746 -4.74611e-07 0.100019 0.497458 1.2073 
11 58912 8.07 0.000136986 7.00028 0.14972 1.13523e-06 0.100018 0.497199 1.2088 
11 58985 8.08 0.000136986 7.00028 0.149784 4.22243e-07 0.10002 0.497839 1.21029 
11 59058 8.09 0.000136986 7.00028 0.149768 1.84645e-06 0.100023 0.497679 1.21179 
11 59131 8.1 0.000136986 7.00028 0.149746 -1.47835e-07 0.100024 0.497459 1.21329 
11 59204 8.11 0.000136986 7.00028 0.149756 7.47893e-08 0.100019 0.497559 1.21479 
11 59277 8.12 0.000136986 7.00028 0.149728 4.72515e-07 0.10001 0.49728 1.21629 
11 59350 8.13 0.000136986 7.00028 0.14977 -3.52506e-07 0.100013 0.4977 1.21778 
11 59423 8.14 0.000136986 7.00028 0.149745 6.39936e-07 0.100019 0.497454 1.21928 
11 59496 8.15 0.000136986 7.00028 0.149718 4.98653e-07 0.100022 0.497177 1.22078 
11 59569 8.16 0.000136986 7.00028 0.149769 1.16954e-07 0.100015 0.497689 1.22228 
11 59642 8.17 0.000136986 7.00028 0.149767 -1.83137e-07 0.10002 0.497672 1.22377 
11 59715 8.18 0.000136986 7.00028 0.149754 -2.27518e-07 0.10002 0.497536 1.22527 
11 59788 8.19 0.000136986 7.00028 0.149757 1.10118e-06 0.100023 0.497569 1.22677 
11 59861 8.2 0.000136986 7.00028 0.149718 1.27994e-06 0.100018 0.49718 1.22827 
11 59934 8.21 0.000136986 7.00028 0.149787 8.33684e-08 0.10002 0.497874 1.22976 
11 60007 8.22 0.000136986 7.00028 0.149764 -9.34843e-08 0.100019 0.497642 1.23126 
11 60080 8.23 0.000136986 7.00028 0.149741 2.26556e-07 0.100021 0.497414 1.23276 
11 60153 8.24 0.000136986 7.00028 0.149761 1.41003e-07 0.100019 0.49761 1.23426 
11 60226 8.25 0.000136986 7.00028 0.149744 -3.24328e-07 0.100015 0.497437 1.23576 
11 60299 8.26 0.000136986 7.00028 0.149765 -2.23361e-07 0.100011 0.497645 1.23725 
11 60372 8.27 0.000136986 7.00028 0.149753 1.24394e-07 0.100021 0.497533 1.23875 
11 60445 8.28 0.000136986 7.00028 0.149723 2.96611e-07 0.100019 0.497227 1.24025 
11 60518 8.29 0.000136986 7.00028 0.149781 -6.71884e-07 0.100021 0.497806 1.24175 
11 60591 8.3 0.000136986 7.00028 0.149767 -7.28872e-07 0.100019 0.497666 1.24324 
11 60664 8.31 0.000136986 7.00028 0.149753 3.08349e-07 0.100021 0.497533 1.24474 
11 60737 8.32 0.000136986 7.00028 0.149743 9.61739e-08 0.100019 0.497429 1.24624 
11 60810 8.33 0.000136986 7.00028 0.149721 -9.54735e-08 0.100021 0.497213 1.24774 
11 60883 8.34 0.000136986 7.00028 0.149779 5.51528e-07 0.100016 0.497793 1.24923 
11 60956 8.35 0.000136986 7.00028 0.149751 -3.26758e-07 0.100014 0.497509 1.25073 
11 61029 8.36 0.000136986 7.00028 0.149729 -3.42086e-07 0.100022 0.497295 1.25223 
11 61102 8.37 0.000136986 7.00028 0.149762 -9.25108e-08 0.100018 0.497618 1.25373 
11 61175 8.38 0.000136986 7.00028 0.149755 -4.61659e-08 0.100021 0.497546 1.25523 
11 61248 8.39 0.000136986 7.00028 0.14976 3.7453e-07 0.10001 0.497599 1.25672 
11 61321 8.4 0.000136986 7.00028 0.149751 1.43237e-06 0.10002 0.497509 1.25822 
11 61394 8.41 0.000136986 7.00028 0.149718 3.43988e-07 0.100018 0.497175 1.25972 
11 61467 8.42 0.000136986 7.00028 0.149786 2.68814e-07 0.10002 0.497857 1.26121 
11 61540 8.43 0.000136986 7.00028 0.149769 8.63148e-07 0.100021 0.497689 1.26271 
11 61613 8.44 0.000136986 7.00028 0.149758 2.51899e-07 0.100024 0.497577 1.26421 
11 61686 8.45 0.000136986 7.00028 0.149747 1.40234e-07 0.10002 0.497465 1.26571 
11 61759 8.46 0.000136986 7.00028 0.149722 -4.92447e-07 0.100013 0.497223 1.26721 
11 61832 8.47 0.000136986 7.00028 0.149775 2.88877e-07 0.100015 0.497754 1.2687 
11 61905 8.48 0.000136986 7.00028 0.149748 3.73246e-07 0.100012 0.497481 1.2702 
11 61978 8.49 0.000136986 7.00028 0.149731 1.77205e-06 0.100022 0.497305 1.2717 
11 62051 8.5 0.000136986 7.00028 0.149767 1.54661e-06 0.100014 0.497674 1.2732 
11 62124 8.51 0.000136986 7.00028 0.149759 1.76999e-06 0.10002 0.497592 1.27469 
11 62197 8.52 0.000136986 7.00028 0.14976 6.36099e-07 0.100008 0.497596 1.27619 
11 62270 8.53 0.000136986 7.00028 0.149748 1.96619e-07 0.10002 0.497481 1.27769 
11 62343 8.54 0.000136986 7.00028 0.149718 6.98514e-07 0.100019 0.497181 1.27919 
11 62416 8.55 0.000136986 7.00028 0.149782 8.45599e-08 0.10002 0.497816 1.28068 
11 62489 8.56 0.000136986 7.00028 0.149764 2.77784e-07 0.100024 0.497639 1.28218 
11 62562 8.57 0.000136986 7.00028 0.149744 1.32488e-07 0.100025 0.49744 1.28368 
11 62635 8.58 0.000136986 7.00028 0.149748 3.44726e-07 0.10002 0.497483 1.28518 
11 62708 8.59 0.000136986 7.00028 0.149717 -6.56255e-08 0.100007 0.497174 1.28668 
11 62781 8.6 0.000136986 7.00028 0.149778 -1.47606e-07 0.100019 0.497782 1.28817 
11 62854 8.61 0.000136986 7.00028 0.149749 -3.43031e-07 0.100014 0.497491 1.28967 
11 62927 8.62 0.000136986 7.00028 0.149726 -3.50381e-07 0.100025 0.497263 1.29117 
11 63000 8.63 0.000136986 7.00028 0.149762 -6.26969e-08 0.10001 0.497618 1.29267 
11 63073 8.64 0.000136986 7.00028 0.149762 7.68244e-07 0.10002 0.497619 1.29416 
11 63146 8.65 0.000136986 7.00028 0.149761 1.50202e-07 0.100012 0.497609 1.29566 
11 63219 8.66 0.000136986 7.00028 0.149748 -3.37436e-07 0.100022 0.497479 1.29716 
11 63292 8.67 0.000136986 7.00028 0.149716 4.02114e-07 0.100017 0.497162 1.29866 
11 63365 8.68 0.000136986 7.00028 0.149784 1.22072e-07 0.10002 0.497841 1.30015 
11 63438 8.69 0.000136986 7.00028 0.149769 2.85144e-07 0.100023 0.497694 1.30165 
11 63511 8.7 0.000136986 7.00028 0.149741 1.86223e-07 0.100023 0.497411 1.30315 
11 63584 8.71 0.000136986 7.00028 0.149756 1.79473e-07 0.100018 0.497557 1.30465 
11 63657 8.72 0.000136986 7.00028 0.149723 4.06587e-07 0.100009 0.497234 1.30615 
11 63730 8.73 0.000136986 7.00028 0.149778 7.44349e-08 0.100016 0.497781 1.30764 
11 63803 8.74 0.000136986 7.00028 0.149746 1.66831e-07 0.100018 0.497458 1.30914 
11 63876 8.75 0.000136986 7.00028 0.149724 -2.67929e-07 0.100023 0.497236 1.31064 
11 63949 8.76 0.000136986 7.00028 0.149769 -4.62818e-07 0.100016 0.497689 1.31213 
11 64022 8.77 0.000136986 7.00028 0.149757 2.05759e-07 0.100017 0.497574 1.31363 
11 64095 8.78 0.000136986 7.00028 0.149754 3.68948e-07 0.100019 0.497542 1.31513 
11 64168 8.79 0.000136986 7.00028 0.149744 1.37117e-06 0.10002 0.497439 1.31663 
11 64241 8.8 0.000136986 7.00028 0.149719 7.46508e-07 0.10002 0.497188 1.31813 
11 64314 8.81 0.000136986 7.00028 0.149781 7.53154e-08 0.100018 0.497809 1.31962 
11 64387 8.82 0.000136986 7.00028 0.149765 2.37738e-07 0.100018 0.497653 1.32112 
11 64460 8.83 0.000136986 7.00028 0.149737 1.20834e-07 0.100023 0.497374 1.32262 
11 64533 8.84 0.000136986 7.00028 0.149762 -2.20772e-07 0.100022 0.497622 1.32412 
11 64606 8.85 0.000136986 7.00028 0.149743 -3.71724e-07 0.100019 0.497434 1.32561 
11 64679 8.86 0.000136986 7.00028 0.149776 -1.63317e-07 0.100013 0.497758 1.32711 
11 64752 8.87 0.000136986 7.00028 0.149748 1.25146e-07 0.100021 0.49748 1.32861 
11 64825 8.88 0.000136986 7.00028 0.149711 -6.6349e-08 0.100019 0.497107 1.33011 
11 64898 8.89 0.000136986 7.00028 0.149769 2.18814e-07 0.100016 0.497693 1.3316 
11 64971 8.9 0.000136986 7.00028 0.14977 -5.29569e-09 0.100022 0.497701 1.3331 
11 65044 8.91 0.000136986 7.00028 0.149753 -4.31796e-08 0.100023 0.497532 1.3346 
11 65117 8.92 0.000136986 7.00028 0.14975 2.41013e-06 0.10002 0.497504 1.3361 
11 65190 8.93 0.000136986 7.00028 0.14971 -5.00477e-07 0.100014 0.497099 1.3376 
11 65263 8.94 0.000136986 7.00028 0.149782 5.12874e-07 0.100018 0.497819 1.33909 
11 65336 8.95 0.000136986 7.00028 0.14975 2.79401e-07 0.100017 0.497501 1.34059 
11 65409 8.96 0.000136986 7.00028 0.149732 6.45448e-08 0.100022 0.497325 1.34209 
11 65482 8.97 0.000136986 7.00028 0.149758 -1.16561e-06 0.10002 0.497575 1.34358 
11 65555 8.98 0.000136986 7.00028 0.149744 1.29852e-07 0.100019 0.497442 1.34508 
11 65628 8.99 0.000136986 7.00028 0.149764 -5.27127e-07 0.100013 0.497642 1.34658 
11 65701 9 0.000136986 7.00028 0.149748 -1.9063e-07 0.100021 0.497477 1.34808 
11 65774 9.01 0.000136986 7.00028 0.14972 2.88451e-07 0.100017 0.497198 1.34958 
11 65847 9.02 0.000136986 7.00028 0.149786 -1.33466e-06 0.100021 0.497862 1.35107 
11 65920 9.03 0.000136986 7.00028 0.149768 -2.08235e-06 0.10002 0.497682 1.35257 
11 65993 9.04 0.000136986 7.00028 0.149751 2.845e-07 0.100024 0.497509 1.35407 
11 66066 9.05 0.000136986 7.00028 0.149751 3.06856e-07 0.10002 0.497507 1.35557 
11 66139 9.06 0.000136986 7.00028 0.149718 4.35958e-07 0.100011 0.497178 1.35706 
11 66212 9.07 0.000136986 7.00028 0.149783 2.92986e-07 0.100018 0.497833 1.35856 
11 66285 9.08 0.000136986 7.00028 0.149744 -1.73075e-07 0.100011 0.497445 1.36006 
11 66358 9.09 0.000136986 7.00028 0.149726 4.26249e-07 0.100021 0.497261 1.36156 
11 66431 9.1 0.000136986 7.00028 0.14976 3.94692e-07 0.100013 0.497597 1.36305 
11 66504 9.11 0.000136986 7.00028 0.149756 2.91877e-07 0.100019 0.497562 1.36455 
11 66577 9.12 0.000136986 7.00028 0.149756 1.86371e-07 0.100011 0.497563 1.36605 
11 66650 9.13 0.000136986 7.00028 0.149753 1.03134e-07 0.100019 0.497526 1.36755 
11 66723 9.14 0.000136986 7.00028 0.149721 -2.45653e-07 0.100019 0.497206 1.36905 
11 66796 9.15 0.000136986 7.00028 0.149788 -1.93595e-07 0.100021 0.497879 1.37054 
11 66869 9.16 0.000136986 7.00028 0.149762 5.81015e-07 0.100023 0.497618 1.37204 
11 66942 9.17 0.000136986 7.00028 0.149747 4.10284e-07 0.100024 0.497467 1.37354 
11 67015 9.18 0.000136986 7.00028 0.149742 -1.04159e-07 0.100021 0.497424 1.37503 
11 67088 9.19 0.000136986 7.00028 0.149716 1.18425e-07 0.10001 0.497163 1.37653 
11 67161 9.2 0.000136986 7.00028 0.149773 -4.91061e-07 0.100015 0.497733 1.37803 
11 67234 9.21 0.000136986 7.00028 0.149745 -2.181e-06 0.100015 0.497452 1.37953 
11 67307 9.22 0.000136986 7.00028 0.149728 -5.31941e-07 0.100022 0.497281 1.38103 
11 67380 9.23 0.000136986 7.00028 0.149768 -2.59581e-07 0.100013 0.497681 1.38252 
11 67453 9.24 0.000136986 7.00028 0.149763 -8.2491e-08 0.10002 0.497632 1.38402 
11 67526 9.25 0.000136986 7.00028 0.149756 1.31581e-07 0.100012 0.497564 1.38552 
11 67599 9.26 0.000136986 7.00028 0.149754 -1.32716e-07 0.100021 0.497535 1.38702 
11 67672 9.27 0.000136986 7.00028 0.149722 -8.37825e-07 0.10002 0.497216 1.38851 
11 67745 9.28 0.000136986 7.00028 0.149784 -4.52027e-07 0.10002 0.497844 1.39001 
11 67818 9.29 0.000136986 7.00028 0.149768 -5.16916e-07 0.100024 0.497684 1.39151 
11 67891 9.3 0.000136986 7.00028 0.149742 -2.03278e-07 0.100025 0.497419 1.39301 
11 67964 9.31 0.000136986 7.00028 0.14975 -7.05315e-08 0.100019 0.497501 1.3945 
11 68037 9.32 0.000136986 7.00028 0.149723 -2.62245e-07 0.100007 0.497232 1.396 
11 68110 9.33 0.000136986 7.00028 0.149773 5.88585e-08 0.100016 0.497732 1.3975 
11 68183 9.34 0.000136986 7.00028 0.14975 -6.48592e-07 0.10002 0.497497 1.399 
11 68256 9.35 0.000136986 7.00028 0.149728 -1.92945e-07 0.100022 0.497276 1.4005 
11 68329 9.36 0.000136986 7.00028 0.149772 -3.02513e-07 0.10001 0.497717 1.40199 
11 68402 9.37 0.000136986 7.00028 0.149762 -1.83716e-07 0.100017 0.497616 1.40349 
11 68475 9.38 0.000136986 7.00028 0.14976 2.05247e-07 0.100016 0.497596 1.40499 
11 68548 9.39 0.000136986 7.00028 0.14974 -1.50431e-07 0.10002 0.497404 1.40649 
11 68621 9.4 0.000136986 7.00028 0.149711 -4.92078e-07 0.100017 0.497112 1.40798 
11 68694 9.41 0.000136986 7.00028 0.149779 -3.92663e-07 0.100019 0.497787 1.40948 
11 68767 9.42 0.000136986 7.00028 0.149764 -5.89276e-08 0.100023 0.497645 1.41098 
11 68840 9.43 0.000136986 7.00028 0.149738 -5.46283e-08 0.100023 0.497378 1.41248 
11 68913 9.44 0.000136986 7.00028 0.149764 -2.51337e-07 0.100022 0.497637 1.41397 
11 68986 9.45 0.000136986 7.00028 0.149731 -5.04729e-07 0.100016 0.497306 1.41547 
11 69059 9.46 0.000136986 7.00028 0.149769 -7.19475e-07 0.100017 0.497693 1.41697 
11 69132 9.47 0.000136986 7.00028 0.149744 4.55095e-07 0.100021 0.497439 1.41847 
11 69205 9.48 0.000136986 7.00028 0.149719 7.37317e-07 0.100022 0.49719 1.41996 
11 69278 9.49 0.000136986 7.00028 0.149777 6.02213e-07 0.100019 0.49777 1.42146 
11 69351 9.5 0.000136986 7.00028 0.149766 2.62962e-07 0.100021 0.497657 1.42296 
11 69424 9.51 0.000136986 7.00028 0.149752 4.38854e-07 0.10002 0.497522 1.42446 
11 69497 9.52 0.000136986 7.00028 0.149748 -1.29925e-07 0.100021 0.497477 1.42595 
11 69570 9.53 0.000136986 7.00028 0.149722 2.80973e-07 0.100018 0.497217 1.42745 
11 69643 9.54 0.000136986 7.00028 0.149779 2.27691e-07 0.100016 0.497789 1.42895 
11 69716 9.55 0.000136986 7.00028 0.149757 2.22078e-07 0.100017 0.497571 1.43045 
11 69789 9.56 0.000136986 7.00028 0.149739 5.31275e-07 0.100022 0.497392 1.43195 
11 69862 9.57 0.000136986 7.00028 0.149762 -4.80647e-07 0.100017 0.497625 1.43344 
11 69935 9.58 0.000136986 7.00028 0.149749 4.28349e-08 0.10002 0.497492 1.43494 
11 70008 9.59 0.000136986 7.00028 0.149773 2.57467e-07 0.100016 0.497733 1.43644 
11 70081 9.6 0.000136986 7.00028 0.149737 -1.95055e-07 0.100021 0.497369 1.43794 
11 70154 9.61 0.000136986 7.00028 0.149712 -1.02453e-07 0.100018 0.497121 1.43943 
11 70227 9.62 0.000136986 7.00028 0.149777 -9.77524e-08 0.100018 0.497768 1.44093 
11 70300 9.63 0.000136986 7.00028 0.149771 -4.1359e-07 0.100021 0.497705 1.44243 
11 70373 9.64 0.000136986 7.00028 0.14975 7.53358e-07 0.100023 0.497504 1.44393 
11 70446 9.65 0.000136986 7.00028 0.149752 9.42821e-07 0.100019 0.497517 1.44542 
11 70519 9.66 0.000136986 7.00028 0.14972 7.24703e-07 0.100012 0.497205 1.44692 
11 70592 9.67 0.000136986 7.00028 0.149781 1.3972e-06 0.100014 0.497812 1.44842 
11 70665 9.68 0.000136986 7.00028 0.149749 3.36354e-07 0.100011 0.497488 1.44992 
11 70738 9.69 0.000136986 7.00028 0.149732 6.92541e-07 0.100022 0.497316 1.45142 
11 70811 9.7 0.000136986 7.00028 0.14976 4.90372e-07 0.100013 0.497598 1.45291 
11 70884 9.71 0.000136986 7.00028 0.149753 7.24876e-07 0.10002 0.497526 1.45441 
11 70957 9.72 0.000136986 7.00028 0.149754 4.4385e-07 0.100007 0.49754 1.45591 
11 71030 9.73 0.000136986 7.00028 0.149751 -1.29992e-07 0.100021 0.497513 1.45741 
11 71103 9.74 0.000136986 7.00028 0.149718 -9.94034e-07 0.100015 0.497177 1.4589 
11 71176 9.75 0.000136986 7.00028 0.149781 -7.4127e-07 0.100019 0.497813 1.4604 
11 71249 9.76 0.000136986 7.00028 0.149769 -5.23786e-07 0.100024 0.49769 1.4619 
11 71322 9.77 0.000136986 7.00028 0.149752 -4.59383e-07 0.100025 0.497518 1.4634 
11 71395 9.78 0.000136986 7.00028 0.149748 -3.53904e-07 0.100019 0.497478 1.46489 
11 71468 9.79 0.000136986 7.00028 0.149722 3.34849e-08 0.10001 0.497215 1.46639 
11 71541 9.8 0.000136986 7.00028 0.149779 -8.87242e-08 0.100018 0.497792 1.46789 
11 71614 9.81 0.000136986 7.00028 0.149737 8.75816e-07 0.100012 0.497366 1.46939 
11 71687 9.82 0.000136986 7.00028 0.149723 7.16305e-07 0.100022 0.497229 1.47088 
11 71760 9.83 0.000136986 7.00028 0.14976 2.25405e-07 0.100013 0.497601 1.47238 
11 71833 9.84 0.000136986 7.00028 0.149762 -1.0176e-07 0.10002 0.497623 1.47388 
11 71906 9.85 0.000136986 7.00028 0.149751 -1.55567e-08 0.100009 0.497508 1.47538 
11 71979 9.86 0.000136986 7.00028 0.149757 2.53763e-07 0.100022 0.497571 1.47687 
11 72052 9.87 0.000136986 7.00028 0.149716 8.90048e-08 0.100017 0.49716 1.47837 
11 72125 9.88 0.000136986 7.00028 0.149787 -1.42187e-08 0.10002 0.497869 1.47987 
11 72198 9.89 0.000136986 7.00028 0.14977 -5.53351e-08 0.100024 0.497703 1.48137 
11 72271 9.9 0.000136986 7.00028 0.149747 -1.64427e-08 0.100025 0.497471 1.48287 
11 72344 9.91 0.000136986 7.00028 0.149746 -1.08379e-07 0.100019 0.497461 1.48436 
11 72417 9.92 0.000136986 7.00028 0.149719 -7.39335e-07 0.100007 0.497195 1.48586 
11 72490 9.93 0.000136986 7.00028 0.14977 4.71337e-07 0.100015 0.497704 1.48736 
11 72563 9.94 0.000136986 7.00028 0.149748 -4.5754e-07 0.100017 0.497483 1.48886 
11 72636 9.95 0.000136986 7.00028 0.149726 -1.53517e-06 0.100021 0.497264 1.49035 
11 72709 9.96 0.000136986 7.00028 0.149764 -6.71469e-07 0.100009 0.497644 1.49185 
11 72782 9.97 0.000136986 7.00028 0.149759 -1.09947e-06 0.100018 0.497586 1.49335 
11 72855 9.98 0.000136986 7.00028 0.149755 -1.0657e-06 0.100016 0.497553 1.49485 
11 72928 9.99 0.000136986 7.00028 0.149742 -6.18448e-08 0.10002 0.497417 1.49634 
11 73001 10 0.000136986 7.00028 0.149713 -4.28482e-07 0.100018 0.497133 1.49784 
11 73074 10.01 0.000136986 7.00028 0.14978 1.7138e-08 0.100018 0.497796 1.49934 
11 73147 10.02 0.000136986 7.00028 0.14976 3.81838e-07 0.100021 0.497605 1.50084 
11 73220 10.03 0.000136986 7.00028 0.149738 2.16612e-07 0.100025 0.497379 1.50233 
11 73293 10.04 0.000136986 7.00028 0.149757 -1.14778e-07 0.100023 0.497572 1.50383 
11 73366 10.05 0.000136986 7.00028 0.149734 -4.32487e-07 0.100015 0.497343 1.50533 
11 73439 10.06 0.000136986 7.00028 0.149771 -1.44233e-08 0.100017 0.497712 1.50683 
11 73512 10.07 0.000136986 7.00028 0.149756 -2.03651e-07 0.100021 0.497562 1.50832 
11 73585 10.08 0.000136986 7.00028 0.149724 4.60241e-08 0.100023 0.497241 1.50982 
11 73658 10.09 0.000136986 7.00028 0.149783 9.31662e-08 0.10002 0.497827 1.51132 
11 73731 10.1 0.000136986 7.00028 0.149768 1.45546e-07 0.10002 0.497678 1.51282 
11 73804 10.11 0.000136986 7.00028 0.149763 -4.54469e-08 0.10002 0.497627 1.51432 
11 73877 10.12 0.000136986 7.00028 0.149747 2.6157e-08 0.100022 0.497466 1.51581 
11 73950 10.13 0.000136986 7.00028 0.149717 3.58134e-07 0.100016 0.497174 1.51731 
11 74023 10.14 0.000136986 7.00028 0.149781 -7.99011e-08 0.100019 0.497806 1.51881 
11 74096 10.15 0.000136986 7.00028 0.149766 1.86815e-07 0.100018 0.497661 1.52031 
11 74169 10.16 0.000136986 7.00028 0.149736 4.07006e-07 0.100023 0.497364 1.5218 
11 74242 10.17 0.000136986 7.00028 0.149763 -1.05603e-08 0.10002 0.497633 1.5233 
11 74315 10.18 0.000136986 7.00028 0.149748 -4.19627e-07 0.10002 0.497483 1.5248 
11 74388 10.19 0.000136986 7.00028 0.149774 6.83258e-08 0.100016 0.497742 1.5263 
11 74461 10.2 0.000136986 7.00028 0.149745 2.77576e-07 0.10002 0.497455 1.52779 
11 74534 10.21 0.000136986 7.00028 0.149719 -1.92091e-07 0.100019 0.497188 1.52929 
11 74607 10.22 0.000136986 7.00028 0.14978 -4.90433e-07 0.10002 0.497798 1.53079 
11 74680 10.23 0.000136986 7.00028 0.149759 4.35851e-08 0.100021 0.497593 1.53229 
11 74753 10.24 0.000136986 7.00028 0.149749 -1.69848e-07 0.100022 0.497488 1.53379 
11 74826 10.25 0.000136986 7.00028 0.149742 1.01625e-07 0.100021 0.497422 1.53528 
11 74899 10.26 0.000136986 7.00028 0.149716 -1.37414e-07 0.100017 0.497156 1.53678 
11 74972 10.27 0.000136986 7.00028 0.14978 -1.10511e-06 0.100017 0.497804 1.53828 
11 75045 10.28 0.000136986 7.00028 0.149756 4.49859e-08 0.100013 0.497557 1.53978 
11 75118 10.29 0.000136986 7.00028 0.149732 6.89499e-07 0.100023 0.497325 1.54127 
11 75191 10.3 0.000136986 7.00028 0.149768 -2.20918e-07 0.100015 0.497676 1.54277 
11 75264 10.31 0.000136986 7.00028 0.149759 -1.86667e-07 0.100022 0.497588 1.54427 
11 75337 10.32 0.000136986 7.00028 0.149767 -6.75629e-07 0.100013 0.49767 1.54577 
11 75410 10.33 0.000136986 7.00028 0.149742 -2.4138e-07 0.10002 0.497422 1.54726 
