cellnumber,    x-coordinate,    y-coordinate,    z-coordinate
         1, 1.022330020E-02, 1.955097332E-06, 0.000000000E+00
         2, 1.022332069E-02, 4.972229817E-06, 0.000000000E+00
         3, 1.022339426E-02, 9.051397683E-06, 0.000000000E+00
         4, 1.022357959E-02, 1.508566220E-05, 0.000000000E+00
         5, 1.022386737E-02, 2.111992762E-05, 0.000000000E+00
         6, 1.022426877E-02, 2.715419214E-05, 0.000000000E+00
         7, 1.022479963E-02, 3.318845847E-05, 0.000000000E+00
         8, 1.022527460E-02, 3.759817264E-05, 0.000000000E+00
         9, 1.022564992E-02, 4.061530490E-05, 0.000000000E+00
        10, 1.022624690E-02, 4.525698751E-05, 0.000000000E+00
        11, 1.022706460E-02, 5.129125202E-05, 0.000000000E+00
        12, 1.022795122E-02, 5.732551654E-05, 0.000000000E+00
        13, 1.022894681E-02, 6.335978105E-05, 0.000000000E+00
        14, 1.023010351E-02, 6.939405284E-05, 0.000000000E+00
        15, 1.023111958E-02, 7.394591375E-05, 0.000000000E+00
        16, 1.023188513E-02, 7.696304237E-05, 0.000000000E+00
        17, 1.023300458E-02, 8.146258187E-05, 0.000000000E+00
        18, 1.023452077E-02, 8.749684639E-05, 0.000000000E+00
        19, 1.023620646E-02, 9.353111091E-05, 0.000000000E+00
        20, 1.023734547E-02, 9.716244676E-05, 0.000000000E+00
        21, 1.023839694E-02, 1.001795754E-04, 0.000000000E+00
        22, 1.024021301E-02, 1.055996399E-04, 0.000000000E+00
        23, 1.024237555E-02, 1.116339045E-04, 0.000000000E+00
        24, 1.024358999E-02, 1.147423100E-04, 0.000000000E+00
        25, 1.024484634E-02, 1.177594459E-04, 0.000000000E+00
        26, 1.024731342E-02, 1.237024408E-04, 0.000000000E+00
        27, 1.024912950E-02, 1.278324780E-04, 0.000000000E+00
        28, 1.025063079E-02, 1.308496139E-04, 0.000000000E+00
        29, 1.025298610E-02, 1.357709698E-04, 0.000000000E+00
        30, 1.025507879E-02, 1.399782486E-04, 0.000000000E+00
        31, 1.025677007E-02, 1.429953845E-04, 0.000000000E+00
        32, 1.025941409E-02, 1.478394988E-04, 0.000000000E+00
        33, 1.026143041E-02, 1.514520554E-04, 0.000000000E+00
        34, 1.026328187E-02, 1.544691913E-04, 0.000000000E+00
        35, 1.026631240E-02, 1.593230845E-04, 0.000000000E+00
        36, 1.026828494E-02, 1.623402204E-04, 0.000000000E+00
        37, 1.027063932E-02, 1.659422851E-04, 0.000000000E+00
        38, 1.027326193E-02, 1.698573760E-04, 0.000000000E+00
        39, 1.027548313E-02, 1.728745119E-04, 0.000000000E+00
        40, 1.027851366E-02, 1.769169321E-04, 0.000000000E+00
        41, 1.028088015E-02, 1.799340680E-04, 0.000000000E+00
        42, 1.028391067E-02, 1.837139425E-04, 0.000000000E+00
        43, 1.028634608E-02, 1.867310784E-04, 0.000000000E+00
        44, 1.028918009E-02, 1.900793577E-04, 0.000000000E+00
        45, 1.029192563E-02, 1.933085150E-04, 0.000000000E+00
        46, 1.029469818E-02, 1.963256655E-04, 0.000000000E+00
        47, 1.029772870E-02, 1.995975617E-04, 0.000000000E+00
        48, 1.030072570E-02, 2.026146976E-04, 0.000000000E+00
        49, 1.030375715E-02, 2.056432131E-04, 0.000000000E+00
        50, 1.030699443E-02, 2.086603345E-04, 0.000000000E+00
        51, 1.031002495E-02, 2.114623057E-04, 0.000000000E+00
        52, 1.031333674E-02, 2.142715239E-04, 0.000000000E+00
        53, 1.031661313E-02, 2.170256193E-04, 0.000000000E+00
        54, 1.031964459E-02, 2.194330154E-04, 0.000000000E+00
        55, 1.032346766E-02, 2.224501513E-04, 0.000000000E+00
        56, 1.032649912E-02, 2.247959201E-04, 0.000000000E+00
        57, 1.033058856E-02, 2.278130560E-04, 0.000000000E+00
        58, 1.033361908E-02, 2.299931075E-04, 0.000000000E+00
        59, 1.033758186E-02, 2.325156092E-04, 0.000000000E+00
        60, 1.034138724E-02, 2.348417183E-04, 0.000000000E+00
        61, 1.034441777E-02, 2.366953559E-04, 0.000000000E+00
        62, 1.034970488E-02, 2.396557538E-04, 0.000000000E+00
        63, 1.035283972E-02, 2.413138573E-04, 0.000000000E+00
        64, 1.035587024E-02, 2.423640399E-04, 0.000000000E+00
        65, 1.036182791E-02, 2.440656972E-04, 0.000000000E+00
        66, 1.036788896E-02, 2.451550681E-04, 0.000000000E+00
        67, 1.037395000E-02, 2.455019858E-04, 0.000000000E+00
        68, 1.038001198E-02, 2.450932225E-04, 0.000000000E+00
        69, 1.038607303E-02, 2.442174300E-04, 0.000000000E+00
        70, 1.039213408E-02, 2.431562025E-04, 0.000000000E+00
        71, 1.039811503E-02, 2.419834054E-04, 0.000000000E+00
        72, 1.040114556E-02, 2.413448092E-04, 0.000000000E+00
        73, 1.040425710E-02, 2.405041741E-04, 0.000000000E+00
        74, 1.041031815E-02, 2.390362060E-04, 0.000000000E+00
        75, 1.041637920E-02, 2.377966011E-04, 0.000000000E+00
        76, 1.042244118E-02, 2.366567351E-04, 0.000000000E+00
        77, 1.042768825E-02, 2.357198682E-04, 0.000000000E+00
        78, 1.043071970E-02, 2.351897710E-04, 0.000000000E+00
        79, 1.043456327E-02, 2.346252004E-04, 0.000000000E+00
        80, 1.044062525E-02, 2.338912018E-04, 0.000000000E+00
        81, 1.044668630E-02, 2.333371231E-04, 0.000000000E+00
        82, 1.045274734E-02, 2.329275012E-04, 0.000000000E+00
        83, 1.045880839E-02, 2.326447138E-04, 0.000000000E+00
        84, 1.046487037E-02, 2.324804518E-04, 0.000000000E+00
        85, 1.047093142E-02, 2.324268280E-04, 0.000000000E+00
        86, 1.047699247E-02, 2.324737870E-04, 0.000000000E+00
        87, 1.048305444E-02, 2.326169051E-04, 0.000000000E+00
        88, 1.048911549E-02, 2.328532428E-04, 0.000000000E+00
        89, 1.049517654E-02, 2.331791475E-04, 0.000000000E+00
        90, 1.050123852E-02, 2.335946047E-04, 0.000000000E+00
        91, 1.050729956E-02, 2.341037471E-04, 0.000000000E+00
        92, 1.051336061E-02, 2.347191185E-04, 0.000000000E+00
        93, 1.051746588E-02, 2.351959993E-04, 0.000000000E+00
        94, 1.052049734E-02, 2.355853212E-04, 0.000000000E+00
        95, 1.052548364E-02, 2.362171799E-04, 0.000000000E+00
        96, 1.053154469E-02, 2.369691792E-04, 0.000000000E+00
        97, 1.053760573E-02, 2.376909688E-04, 0.000000000E+00
        98, 1.054366678E-02, 2.383762039E-04, 0.000000000E+00
        99, 1.054972876E-02, 2.390157897E-04, 0.000000000E+00
       100, 1.055578981E-02, 2.395997872E-04, 0.000000000E+00
       101, 1.056185085E-02, 2.401175443E-04, 0.000000000E+00
       102, 1.056791283E-02, 2.405518026E-04, 0.000000000E+00
       103, 1.057397388E-02, 2.408785804E-04, 0.000000000E+00
       104, 1.058003493E-02, 2.410781890E-04, 0.000000000E+00
       105, 1.058609691E-02, 2.411358582E-04, 0.000000000E+00
       106, 1.059215795E-02, 2.410450252E-04, 0.000000000E+00
       107, 1.059821900E-02, 2.408247237E-04, 0.000000000E+00
       108, 1.060428098E-02, 2.405103878E-04, 0.000000000E+00
       109, 1.061034203E-02, 2.401366073E-04, 0.000000000E+00
       110, 1.061640307E-02, 2.397340722E-04, 0.000000000E+00
       111, 1.062246412E-02, 2.393264731E-04, 0.000000000E+00
       112, 1.062852610E-02, 2.389298170E-04, 0.000000000E+00
       113, 1.063458715E-02, 2.385550470E-04, 0.000000000E+00
       114, 1.064064819E-02, 2.382099192E-04, 0.000000000E+00
       115, 1.064671017E-02, 2.378999343E-04, 0.000000000E+00
       116, 1.065277122E-02, 2.376290795E-04, 0.000000000E+00
       117, 1.065883227E-02, 2.374003088E-04, 0.000000000E+00
       118, 1.066489425E-02, 2.372152667E-04, 0.000000000E+00
       119, 1.067095529E-02, 2.370747679E-04, 0.000000000E+00
       120, 1.067701634E-02, 2.369784488E-04, 0.000000000E+00
       121, 1.068307739E-02, 2.369252907E-04, 0.000000000E+00
       122, 1.068913937E-02, 2.369137364E-04, 0.000000000E+00
       123, 1.069520041E-02, 2.369409194E-04, 0.000000000E+00
       124, 1.070126146E-02, 2.370036382E-04, 0.000000000E+00
       125, 1.070732251E-02, 2.370973380E-04, 0.000000000E+00
       126, 1.071338449E-02, 2.372161980E-04, 0.000000000E+00
       127, 1.071944553E-02, 2.373543248E-04, 0.000000000E+00
       128, 1.072550751E-02, 2.375053737E-04, 0.000000000E+00
       129, 1.073156763E-02, 2.376629418E-04, 0.000000000E+00
       130, 1.073762961E-02, 2.378209465E-04, 0.000000000E+00
       131, 1.074369065E-02, 2.379736252E-04, 0.000000000E+00
       132, 1.074975263E-02, 2.381157246E-04, 0.000000000E+00
       133, 1.075581368E-02, 2.382427192E-04, 0.000000000E+00
       134, 1.076187473E-02, 2.383507381E-04, 0.000000000E+00
       135, 1.076793578E-02, 2.384364197E-04, 0.000000000E+00
       136, 1.077399775E-02, 2.384972904E-04, 0.000000000E+00
       137, 1.078005880E-02, 2.385325643E-04, 0.000000000E+00
       138, 1.078611985E-02, 2.385412517E-04, 0.000000000E+00
       139, 1.079218183E-02, 2.385207481E-04, 0.000000000E+00
       140, 1.079824287E-02, 2.384699037E-04, 0.000000000E+00
       141, 1.080430392E-02, 2.383906103E-04, 0.000000000E+00
       142, 1.081036497E-02, 2.382859821E-04, 0.000000000E+00
       143, 1.081642602E-02, 2.381597151E-04, 0.000000000E+00
       144, 1.082248800E-02, 2.380156511E-04, 0.000000000E+00
       145, 1.082854904E-02, 2.378575882E-04, 0.000000000E+00
       146, 1.083461102E-02, 2.376891935E-04, 0.000000000E+00
       147, 1.084067207E-02, 2.375137847E-04, 0.000000000E+00
       148, 1.084673312E-02, 2.373343304E-04, 0.000000000E+00
       149, 1.085279416E-02, 2.371534938E-04, 0.000000000E+00
       150, 1.085885614E-02, 2.369735157E-04, 0.000000000E+00
       151, 1.086491719E-02, 2.367962734E-04, 0.000000000E+00
       152, 1.087097824E-02, 2.366231929E-04, 0.000000000E+00
       153, 1.087704021E-02, 2.364553657E-04, 0.000000000E+00
       154, 1.088310126E-02, 2.362937521E-04, 0.000000000E+00
       155, 1.088916324E-02, 2.361389634E-04, 0.000000000E+00
       156, 1.089522429E-02, 2.359910141E-04, 0.000000000E+00
       157, 1.090128534E-02, 2.358496713E-04, 0.000000000E+00
       158, 1.090734638E-02, 2.357144695E-04, 0.000000000E+00
       159, 1.091340743E-02, 2.355846082E-04, 0.000000000E+00
       160, 1.091946941E-02, 2.354590688E-04, 0.000000000E+00
       161, 1.092403103E-02, 2.353667951E-04, 0.000000000E+00
       162, 1.092706155E-02, 2.353064629E-04, 0.000000000E+00
       163, 1.093159243E-02, 2.352185547E-04, 0.000000000E+00
       164, 1.093765348E-02, 2.351039147E-04, 0.000000000E+00
       165, 1.094371453E-02, 2.349911665E-04, 0.000000000E+00
       166, 1.094977558E-02, 2.348783892E-04, 0.000000000E+00
       167, 1.095583756E-02, 2.347637492E-04, 0.000000000E+00
       168, 1.096189860E-02, 2.346455149E-04, 0.000000000E+00
       169, 1.096795965E-02, 2.345221437E-04, 0.000000000E+00
       170, 1.097402070E-02, 2.343920787E-04, 0.000000000E+00
       171, 1.098008268E-02, 2.342540101E-04, 0.000000000E+00
       172, 1.098614372E-02, 2.341066720E-04, 0.000000000E+00
       173, 1.099220477E-02, 2.339490020E-04, 0.000000000E+00
       174, 1.099826675E-02, 2.337800397E-04, 0.000000000E+00
       175, 1.100432780E-02, 2.335988393E-04, 0.000000000E+00
       176, 1.101038884E-02, 2.334046585E-04, 0.000000000E+00
       177, 1.101644989E-02, 2.331965079E-04, 0.000000000E+00
       178, 1.102251187E-02, 2.329736308E-04, 0.000000000E+00
       179, 1.102857292E-02, 2.327349212E-04, 0.000000000E+00
       180, 1.103463396E-02, 2.324792731E-04, 0.000000000E+00
       181, 1.104069594E-02, 2.322054061E-04, 0.000000000E+00
       182, 1.104675699E-02, 2.319114865E-04, 0.000000000E+00
       183, 1.105281804E-02, 2.315956081E-04, 0.000000000E+00
       184, 1.105888002E-02, 2.312547003E-04, 0.000000000E+00
       185, 1.106494106E-02, 2.308854018E-04, 0.000000000E+00
       186, 1.107100211E-02, 2.304820518E-04, 0.000000000E+00
       187, 1.107706316E-02, 2.300365304E-04, 0.000000000E+00
       188, 1.108296867E-02, 2.295521408E-04, 0.000000000E+00
       189, 1.108599920E-02, 2.292879799E-04, 0.000000000E+00
       190, 1.108918618E-02, 2.290005214E-04, 0.000000000E+00
       191, 1.109524723E-02, 2.284610819E-04, 0.000000000E+00
       192, 1.110130921E-02, 2.279299079E-04, 0.000000000E+00
       193, 1.110737026E-02, 2.273975551E-04, 0.000000000E+00
       194, 1.111343130E-02, 2.268533426E-04, 0.000000000E+00
       195, 1.111949235E-02, 2.262877242E-04, 0.000000000E+00
       196, 1.112555433E-02, 2.256916487E-04, 0.000000000E+00
       197, 1.113161538E-02, 2.250511607E-04, 0.000000000E+00
       198, 1.113767643E-02, 2.243456547E-04, 0.000000000E+00
       199, 1.114319451E-02, 2.236205182E-04, 0.000000000E+00
       200, 1.114622410E-02, 2.231881226E-04, 0.000000000E+00
       201, 1.114979945E-02, 2.226813667E-04, 0.000000000E+00
       202, 1.115586050E-02, 2.218428126E-04, 0.000000000E+00
       203, 1.116192248E-02, 2.210211242E-04, 0.000000000E+00
       204, 1.116798352E-02, 2.201798634E-04, 0.000000000E+00
       205, 1.117404457E-02, 2.192744432E-04, 0.000000000E+00
       206, 1.118010562E-02, 2.182605531E-04, 0.000000000E+00
       207, 1.118431613E-02, 2.174772962E-04, 0.000000000E+00
       208, 1.118734665E-02, 2.168621431E-04, 0.000000000E+00
       209, 1.119222865E-02, 2.159252035E-04, 0.000000000E+00
       210, 1.119828969E-02, 2.147992345E-04, 0.000000000E+00
       211, 1.120435167E-02, 2.136449184E-04, 0.000000000E+00
       212, 1.121041272E-02, 2.123362792E-04, 0.000000000E+00
       213, 1.121420693E-02, 2.114103991E-04, 0.000000000E+00
       214, 1.121723745E-02, 2.106095926E-04, 0.000000000E+00
       215, 1.122253481E-02, 2.093067887E-04, 0.000000000E+00
       216, 1.122859679E-02, 2.078260732E-04, 0.000000000E+00
       217, 1.123460941E-02, 2.061117411E-04, 0.000000000E+00
       218, 1.123763993E-02, 2.051478514E-04, 0.000000000E+00
       219, 1.124071889E-02, 2.041896805E-04, 0.000000000E+00
       220, 1.124678086E-02, 2.023444104E-04, 0.000000000E+00
       221, 1.125284191E-02, 2.002856781E-04, 0.000000000E+00
       222, 1.125587337E-02, 1.991309837E-04, 0.000000000E+00
       223, 1.125890389E-02, 1.980012312E-04, 0.000000000E+00
       224, 1.126496401E-02, 1.956630149E-04, 0.000000000E+00
       225, 1.126942225E-02, 1.937753987E-04, 0.000000000E+00
       226, 1.127245184E-02, 1.923450764E-04, 0.000000000E+00
       227, 1.127708703E-02, 1.902321383E-04, 0.000000000E+00
       228, 1.128178369E-02, 1.879664196E-04, 0.000000000E+00
       229, 1.128481422E-02, 1.863125799E-04, 0.000000000E+00
       230, 1.128921006E-02, 1.840272307E-04, 0.000000000E+00
       231, 1.129340846E-02, 1.817597367E-04, 0.000000000E+00
       232, 1.129643898E-02, 1.798852318E-04, 0.000000000E+00
       233, 1.130133215E-02, 1.769010123E-04, 0.000000000E+00
       234, 1.130440924E-02, 1.750265947E-04, 0.000000000E+00
       235, 1.130743977E-02, 1.730835647E-04, 0.000000000E+00
       236, 1.131193340E-02, 1.700664434E-04, 0.000000000E+00
       237, 1.131496485E-02, 1.678269036E-04, 0.000000000E+00
       238, 1.131898630E-02, 1.648097677E-04, 0.000000000E+00
       239, 1.132201683E-02, 1.624891447E-04, 0.000000000E+00
       240, 1.132557821E-02, 1.596824004E-04, 0.000000000E+00
       241, 1.132884808E-02, 1.571012835E-04, 0.000000000E+00
       242, 1.133187953E-02, 1.544821425E-04, 0.000000000E+00
       243, 1.133532636E-02, 1.514650212E-04, 0.000000000E+00
       244, 1.133835781E-02, 1.485936518E-04, 0.000000000E+00
       245, 1.134149451E-02, 1.455765159E-04, 0.000000000E+00
       246, 1.134452503E-02, 1.424443035E-04, 0.000000000E+00
       247, 1.134739816E-02, 1.394271676E-04, 0.000000000E+00
       248, 1.135042869E-02, 1.359805174E-04, 0.000000000E+00
       249, 1.135304011E-02, 1.329633815E-04, 0.000000000E+00
       250, 1.135558914E-02, 1.297366980E-04, 0.000000000E+00
       251, 1.135843340E-02, 1.261109137E-04, 0.000000000E+00
       252, 1.136069186E-02, 1.230937778E-04, 0.000000000E+00
       253, 1.136372145E-02, 1.188865499E-04, 0.000000000E+00
       254, 1.136584207E-02, 1.158694213E-04, 0.000000000E+00
       255, 1.136850938E-02, 1.116339045E-04, 0.000000000E+00
       256, 1.137067471E-02, 1.080392321E-04, 0.000000000E+00
       257, 1.137244701E-02, 1.050221035E-04, 0.000000000E+00
       258, 1.137544122E-02, 9.956537542E-05, 0.000000000E+00
       259, 1.137706265E-02, 9.648115520E-05, 0.000000000E+00
       260, 1.137851644E-02, 9.346402658E-05, 0.000000000E+00
       261, 1.138123590E-02, 8.749683911E-05, 0.000000000E+00
       262, 1.138284896E-02, 8.378456550E-05, 0.000000000E+00
       263, 1.138412394E-02, 8.076743688E-05, 0.000000000E+00
       264, 1.138610393E-02, 7.542831008E-05, 0.000000000E+00
       265, 1.138816867E-02, 6.939404557E-05, 0.000000000E+00
       266, 1.138921920E-02, 6.637055048E-05, 0.000000000E+00
       267, 1.139013655E-02, 6.335341459E-05, 0.000000000E+00
       268, 1.139177848E-02, 5.732552017E-05, 0.000000000E+00
       269, 1.139318198E-02, 5.129125202E-05, 0.000000000E+00
       270, 1.139452029E-02, 4.525698751E-05, 0.000000000E+00
       271, 1.139523182E-02, 4.198520401E-05, 0.000000000E+00
       272, 1.139579993E-02, 3.896806811E-05, 0.000000000E+00
       273, 1.139673963E-02, 3.318845847E-05, 0.000000000E+00
       274, 1.139749307E-02, 2.715419396E-05, 0.000000000E+00
       275, 1.139807794E-02, 2.111992762E-05, 0.000000000E+00
       276, 1.139851194E-02, 1.508566311E-05, 0.000000000E+00
       277, 1.139879692E-02, 9.051397683E-06, 0.000000000E+00
       278, 1.139891334E-02, 4.829912541E-06, 0.000000000E+00
       279, 1.139894500E-02, 1.812780170E-06, 0.000000000E+00
