cellnumber,    x-coordinate,    y-coordinate,    z-coordinate
         1, 1.207628660E-02, 1.065618903E-06, 0.000000000E+00
         2, 1.207630243E-02, 4.082751275E-06, 0.000000000E+00
         3, 1.207636017E-02, 9.051397683E-06, 0.000000000E+00
         4, 1.207649335E-02, 1.508566220E-05, 0.000000000E+00
         5, 1.207670011E-02, 2.111992762E-05, 0.000000000E+00
         6, 1.207698416E-02, 2.715419214E-05, 0.000000000E+00
         7, 1.207735576E-02, 3.318845847E-05, 0.000000000E+00
         8, 1.207782887E-02, 3.922272299E-05, 0.000000000E+00
         9, 1.207842305E-02, 4.525698751E-05, 0.000000000E+00
        10, 1.207917836E-02, 5.129125202E-05, 0.000000000E+00
        11, 1.207990665E-02, 5.602057718E-05, 0.000000000E+00
        12, 1.208044682E-02, 5.903770943E-05, 0.000000000E+00
        13, 1.208124589E-02, 6.335978105E-05, 0.000000000E+00
        14, 1.208241004E-02, 6.939404557E-05, 0.000000000E+00
        15, 1.208370645E-02, 7.542831736E-05, 0.000000000E+00
        16, 1.208528411E-02, 8.146258187E-05, 0.000000000E+00
        17, 1.208622009E-02, 8.462856931E-05, 0.000000000E+00
        18, 1.208720356E-02, 8.764569793E-05, 0.000000000E+00
        19, 1.208911277E-02, 9.353110363E-05, 0.000000000E+00
        20, 1.209121291E-02, 9.934017726E-05, 0.000000000E+00
        21, 1.209243573E-02, 1.023573059E-04, 0.000000000E+00
        22, 1.209379919E-02, 1.055996399E-04, 0.000000000E+00
        23, 1.209641527E-02, 1.116339045E-04, 0.000000000E+00
        24, 1.209808141E-02, 1.152269615E-04, 0.000000000E+00
        25, 1.209963579E-02, 1.182440901E-04, 0.000000000E+00
        26, 1.210244279E-02, 1.237024408E-04, 0.000000000E+00
        27, 1.210423373E-02, 1.270777138E-04, 0.000000000E+00
        28, 1.210597623E-02, 1.300948497E-04, 0.000000000E+00
        29, 1.210900676E-02, 1.352226682E-04, 0.000000000E+00
        30, 1.211088616E-02, 1.382398041E-04, 0.000000000E+00
        31, 1.211309526E-02, 1.418052270E-04, 0.000000000E+00
        32, 1.211575791E-02, 1.459865161E-04, 0.000000000E+00
        33, 1.211786922E-02, 1.490036375E-04, 0.000000000E+00
        34, 1.212089974E-02, 1.533089380E-04, 0.000000000E+00
        35, 1.212307531E-02, 1.563260739E-04, 0.000000000E+00
        36, 1.212566998E-02, 1.599080279E-04, 0.000000000E+00
        37, 1.212826651E-02, 1.634589571E-04, 0.000000000E+00
        38, 1.213063672E-02, 1.664760930E-04, 0.000000000E+00
        39, 1.213366818E-02, 1.702765003E-04, 0.000000000E+00
        40, 1.213618554E-02, 1.732936216E-04, 0.000000000E+00
        41, 1.213921607E-02, 1.768725197E-04, 0.000000000E+00
        42, 1.214183029E-02, 1.798896556E-04, 0.000000000E+00
        43, 1.214486081E-02, 1.833149727E-04, 0.000000000E+00
        44, 1.214755792E-02, 1.863320940E-04, 0.000000000E+00
        45, 1.215058845E-02, 1.896255126E-04, 0.000000000E+00
        46, 1.215338055E-02, 1.926426485E-04, 0.000000000E+00
        47, 1.215641107E-02, 1.958039065E-04, 0.000000000E+00
        48, 1.215931494E-02, 1.988210424E-04, 0.000000000E+00
        49, 1.216234546E-02, 2.018465020E-04, 0.000000000E+00
        50, 1.216537971E-02, 2.048636234E-04, 0.000000000E+00
        51, 1.216841023E-02, 2.077479294E-04, 0.000000000E+00
        52, 1.217159908E-02, 2.107650653E-04, 0.000000000E+00
        53, 1.217462961E-02, 2.135048417E-04, 0.000000000E+00
        54, 1.217800844E-02, 2.165219776E-04, 0.000000000E+00
        55, 1.218103990E-02, 2.191526728E-04, 0.000000000E+00
        56, 1.218460873E-02, 2.221698087E-04, 0.000000000E+00
        57, 1.218763925E-02, 2.246712829E-04, 0.000000000E+00
        58, 1.219154056E-02, 2.276884188E-04, 0.000000000E+00
        59, 1.219457109E-02, 2.298925101E-04, 0.000000000E+00
        60, 1.219840813E-02, 2.319450141E-04, 0.000000000E+00
        61, 1.220446918E-02, 2.342882362E-04, 0.000000000E+00
        62, 1.220826898E-02, 2.352528682E-04, 0.000000000E+00
        63, 1.221129950E-02, 2.355666948E-04, 0.000000000E+00
        64, 1.221659128E-02, 2.356189798E-04, 0.000000000E+00
        65, 1.221986860E-02, 2.353886375E-04, 0.000000000E+00
        66, 1.222289912E-02, 2.347716800E-04, 0.000000000E+00
        67, 1.222871523E-02, 2.331569121E-04, 0.000000000E+00
        68, 1.223477535E-02, 2.308698749E-04, 0.000000000E+00
        69, 1.223817654E-02, 2.294675069E-04, 0.000000000E+00
        70, 1.224120799E-02, 2.282176574E-04, 0.000000000E+00
        71, 1.224689838E-02, 2.259326429E-04, 0.000000000E+00
        72, 1.225178409E-02, 2.239999303E-04, 0.000000000E+00
        73, 1.225481369E-02, 2.227969380E-04, 0.000000000E+00
        74, 1.225902047E-02, 2.214437118E-04, 0.000000000E+00
        75, 1.226508245E-02, 2.197805879E-04, 0.000000000E+00
        76, 1.227114350E-02, 2.182984317E-04, 0.000000000E+00
        77, 1.227515936E-02, 2.174152905E-04, 0.000000000E+00
        78, 1.227818988E-02, 2.168662322E-04, 0.000000000E+00
        79, 1.228326652E-02, 2.161464799E-04, 0.000000000E+00
        80, 1.228932757E-02, 2.155940601E-04, 0.000000000E+00
        81, 1.229538862E-02, 2.153422975E-04, 0.000000000E+00
        82, 1.230145060E-02, 2.153691894E-04, 0.000000000E+00
        83, 1.230751164E-02, 2.156594855E-04, 0.000000000E+00
        84, 1.231357269E-02, 2.162282472E-04, 0.000000000E+00
        85, 1.231846493E-02, 2.169094951E-04, 0.000000000E+00
        86, 1.232149545E-02, 2.174450929E-04, 0.000000000E+00
        87, 1.232569572E-02, 2.182777971E-04, 0.000000000E+00
        88, 1.233175676E-02, 2.195805282E-04, 0.000000000E+00
        89, 1.233781781E-02, 2.210465027E-04, 0.000000000E+00
        90, 1.234311890E-02, 2.225493517E-04, 0.000000000E+00
        91, 1.234614942E-02, 2.235259599E-04, 0.000000000E+00
        92, 1.234994084E-02, 2.247292723E-04, 0.000000000E+00
        93, 1.235600188E-02, 2.265495277E-04, 0.000000000E+00
        94, 1.236206386E-02, 2.283215726E-04, 0.000000000E+00
        95, 1.236524526E-02, 2.292603021E-04, 0.000000000E+00
        96, 1.236827578E-02, 2.300155611E-04, 0.000000000E+00
        97, 1.237418596E-02, 2.311944554E-04, 0.000000000E+00
        98, 1.238024700E-02, 2.319095220E-04, 0.000000000E+00
        99, 1.238630898E-02, 2.321955835E-04, 0.000000000E+00
       100, 1.239237096E-02, 2.320524654E-04, 0.000000000E+00
       101, 1.239843108E-02, 2.314804733E-04, 0.000000000E+00
       102, 1.240449306E-02, 2.304762456E-04, 0.000000000E+00
       103, 1.240862440E-02, 2.295832819E-04, 0.000000000E+00
       104, 1.241165493E-02, 2.288168762E-04, 0.000000000E+00
       105, 1.241661515E-02, 2.276258310E-04, 0.000000000E+00
       106, 1.242267713E-02, 2.261888294E-04, 0.000000000E+00
       107, 1.242873818E-02, 2.246877702E-04, 0.000000000E+00
       108, 1.243307628E-02, 2.235928550E-04, 0.000000000E+00
       109, 1.243610773E-02, 2.228422818E-04, 0.000000000E+00
       110, 1.244086027E-02, 2.218394075E-04, 0.000000000E+00
       111, 1.244692225E-02, 2.207921643E-04, 0.000000000E+00
       112, 1.245298330E-02, 2.199381124E-04, 0.000000000E+00
       113, 1.245904434E-02, 2.192617394E-04, 0.000000000E+00
       114, 1.246510539E-02, 2.187630016E-04, 0.000000000E+00
       115, 1.247116737E-02, 2.184345794E-04, 0.000000000E+00
       116, 1.247722842E-02, 2.182822500E-04, 0.000000000E+00
       117, 1.248328947E-02, 2.183062315E-04, 0.000000000E+00
       118, 1.248935144E-02, 2.184951736E-04, 0.000000000E+00
       119, 1.249541249E-02, 2.188349608E-04, 0.000000000E+00
       120, 1.250147354E-02, 2.193002729E-04, 0.000000000E+00
       121, 1.250753552E-02, 2.198608563E-04, 0.000000000E+00
       122, 1.251359656E-02, 2.204908524E-04, 0.000000000E+00
       123, 1.251965761E-02, 2.211709070E-04, 0.000000000E+00
       124, 1.252571959E-02, 2.218897716E-04, 0.000000000E+00
       125, 1.253178064E-02, 2.226452489E-04, 0.000000000E+00
       126, 1.253572851E-02, 2.231500839E-04, 0.000000000E+00
       127, 1.253875904E-02, 2.235325519E-04, 0.000000000E+00
       128, 1.254390273E-02, 2.241106995E-04, 0.000000000E+00
       129, 1.254996471E-02, 2.246704680E-04, 0.000000000E+00
       130, 1.255602576E-02, 2.251030237E-04, 0.000000000E+00
       131, 1.256208774E-02, 2.254231658E-04, 0.000000000E+00
       132, 1.256814878E-02, 2.256476728E-04, 0.000000000E+00
       133, 1.257420983E-02, 2.257905289E-04, 0.000000000E+00
       134, 1.258027181E-02, 2.258580353E-04, 0.000000000E+00
       135, 1.258633286E-02, 2.258559252E-04, 0.000000000E+00
       136, 1.259239390E-02, 2.257948217E-04, 0.000000000E+00
       137, 1.259845495E-02, 2.256847074E-04, 0.000000000E+00
       138, 1.260451600E-02, 2.255328291E-04, 0.000000000E+00
       139, 1.261057798E-02, 2.253445855E-04, 0.000000000E+00
       140, 1.261663903E-02, 2.251232945E-04, 0.000000000E+00
       141, 1.262270007E-02, 2.248695382E-04, 0.000000000E+00
       142, 1.262876205E-02, 2.245819487E-04, 0.000000000E+00
       143, 1.263482310E-02, 2.242572518E-04, 0.000000000E+00
       144, 1.264088415E-02, 2.238897578E-04, 0.000000000E+00
       145, 1.264684834E-02, 2.234811545E-04, 0.000000000E+00
       146, 1.264987979E-02, 2.232605038E-04, 0.000000000E+00
       147, 1.265300717E-02, 2.230217942E-04, 0.000000000E+00
       148, 1.265906822E-02, 2.225612261E-04, 0.000000000E+00
       149, 1.266512927E-02, 2.221045434E-04, 0.000000000E+00
       150, 1.267119125E-02, 2.216513240E-04, 0.000000000E+00
       151, 1.267725229E-02, 2.212037070E-04, 0.000000000E+00
       152, 1.268331334E-02, 2.207649668E-04, 0.000000000E+00
       153, 1.268937532E-02, 2.203383774E-04, 0.000000000E+00
       154, 1.269543637E-02, 2.199292649E-04, 0.000000000E+00
       155, 1.270149741E-02, 2.195431734E-04, 0.000000000E+00
       156, 1.270755846E-02, 2.191865060E-04, 0.000000000E+00
       157, 1.271362044E-02, 2.188672370E-04, 0.000000000E+00
       158, 1.271968149E-02, 2.185910998E-04, 0.000000000E+00
       159, 1.272574253E-02, 2.183642937E-04, 0.000000000E+00
       160, 1.273180451E-02, 2.181926102E-04, 0.000000000E+00
       161, 1.273786556E-02, 2.180784941E-04, 0.000000000E+00
       162, 1.274392661E-02, 2.180246083E-04, 0.000000000E+00
       163, 1.274998859E-02, 2.180316806E-04, 0.000000000E+00
       164, 1.275604963E-02, 2.180981828E-04, 0.000000000E+00
       165, 1.276211068E-02, 2.182226162E-04, 0.000000000E+00
       166, 1.276817173E-02, 2.184006880E-04, 0.000000000E+00
       167, 1.277423371E-02, 2.186249912E-04, 0.000000000E+00
       168, 1.278029475E-02, 2.188860817E-04, 0.000000000E+00
       169, 1.278635580E-02, 2.191735693E-04, 0.000000000E+00
       170, 1.279241685E-02, 2.194766566E-04, 0.000000000E+00
       171, 1.279847883E-02, 2.197848517E-04, 0.000000000E+00
       172, 1.280453987E-02, 2.200886083E-04, 0.000000000E+00
       173, 1.281060092E-02, 2.203779441E-04, 0.000000000E+00
       174, 1.281666290E-02, 2.206437639E-04, 0.000000000E+00
       175, 1.282272395E-02, 2.208772057E-04, 0.000000000E+00
       176, 1.282878499E-02, 2.210678504E-04, 0.000000000E+00
       177, 1.283484697E-02, 2.212067629E-04, 0.000000000E+00
       178, 1.284090802E-02, 2.212862601E-04, 0.000000000E+00
       179, 1.284696907E-02, 2.213029074E-04, 0.000000000E+00
       180, 1.285303012E-02, 2.212540858E-04, 0.000000000E+00
       181, 1.285909209E-02, 2.211312822E-04, 0.000000000E+00
       182, 1.286515314E-02, 2.209299419E-04, 0.000000000E+00
       183, 1.287121419E-02, 2.206522186E-04, 0.000000000E+00
       184, 1.287727617E-02, 2.203022741E-04, 0.000000000E+00
       185, 1.288333721E-02, 2.198835718E-04, 0.000000000E+00
       186, 1.288939826E-02, 2.193965774E-04, 0.000000000E+00
       187, 1.289545931E-02, 2.188386134E-04, 0.000000000E+00
       188, 1.290152129E-02, 2.182027529E-04, 0.000000000E+00
       189, 1.290706452E-02, 2.175488771E-04, 0.000000000E+00
       190, 1.291009597E-02, 2.171662200E-04, 0.000000000E+00
       191, 1.291364338E-02, 2.167263738E-04, 0.000000000E+00
       192, 1.291970536E-02, 2.160076692E-04, 0.000000000E+00
       193, 1.292576641E-02, 2.153294190E-04, 0.000000000E+00
       194, 1.293182746E-02, 2.146733168E-04, 0.000000000E+00
       195, 1.293788943E-02, 2.140287397E-04, 0.000000000E+00
       196, 1.294395048E-02, 2.133873932E-04, 0.000000000E+00
       197, 1.295001153E-02, 2.127412154E-04, 0.000000000E+00
       198, 1.295607351E-02, 2.120823629E-04, 0.000000000E+00
       199, 1.296154968E-02, 2.114741073E-04, 0.000000000E+00
       200, 1.296458021E-02, 2.111314971E-04, 0.000000000E+00
       201, 1.296819560E-02, 2.107533510E-04, 0.000000000E+00
       202, 1.297425665E-02, 2.101718710E-04, 0.000000000E+00
       203, 1.298031863E-02, 2.096576063E-04, 0.000000000E+00
       204, 1.298637968E-02, 2.091939532E-04, 0.000000000E+00
       205, 1.299244072E-02, 2.087726898E-04, 0.000000000E+00
       206, 1.299850177E-02, 2.083885047E-04, 0.000000000E+00
       207, 1.300456375E-02, 2.080368722E-04, 0.000000000E+00
       208, 1.301062480E-02, 2.077138051E-04, 0.000000000E+00
       209, 1.301668584E-02, 2.074159274E-04, 0.000000000E+00
       210, 1.302274782E-02, 2.071404015E-04, 0.000000000E+00
       211, 1.302880887E-02, 2.068845788E-04, 0.000000000E+00
       212, 1.303486992E-02, 2.066457091E-04, 0.000000000E+00
       213, 1.304093096E-02, 2.064208675E-04, 0.000000000E+00
       214, 1.304699294E-02, 2.062069834E-04, 0.000000000E+00
       215, 1.305305399E-02, 2.060007537E-04, 0.000000000E+00
       216, 1.305911597E-02, 2.057986858E-04, 0.000000000E+00
       217, 1.306517702E-02, 2.055970108E-04, 0.000000000E+00
       218, 1.307123806E-02, 2.053916833E-04, 0.000000000E+00
       219, 1.307598688E-02, 2.052263007E-04, 0.000000000E+00
       220, 1.307901740E-02, 2.051179908E-04, 0.000000000E+00
       221, 1.308336109E-02, 2.049622271E-04, 0.000000000E+00
       222, 1.308942214E-02, 2.047438320E-04, 0.000000000E+00
       223, 1.309548318E-02, 2.045222500E-04, 0.000000000E+00
       224, 1.310154423E-02, 2.042948909E-04, 0.000000000E+00
       225, 1.310760621E-02, 2.040595573E-04, 0.000000000E+00
       226, 1.311366726E-02, 2.038145030E-04, 0.000000000E+00
       227, 1.311972830E-02, 2.035581419E-04, 0.000000000E+00
       228, 1.312579028E-02, 2.032890334E-04, 0.000000000E+00
       229, 1.313185133E-02, 2.030058386E-04, 0.000000000E+00
       230, 1.313791238E-02, 2.027072333E-04, 0.000000000E+00
       231, 1.314397436E-02, 2.023921843E-04, 0.000000000E+00
       232, 1.315003540E-02, 2.020594402E-04, 0.000000000E+00
       233, 1.315609645E-02, 2.017074294E-04, 0.000000000E+00
       234, 1.316215750E-02, 2.013336780E-04, 0.000000000E+00
       235, 1.316821948E-02, 2.009342716E-04, 0.000000000E+00
       236, 1.317428052E-02, 2.005046554E-04, 0.000000000E+00
       237, 1.318034250E-02, 2.000382810E-04, 0.000000000E+00
       238, 1.318640262E-02, 1.995269558E-04, 0.000000000E+00
       239, 1.319011021E-02, 1.991948957E-04, 0.000000000E+00
       240, 1.319314074E-02, 1.989124139E-04, 0.000000000E+00
       241, 1.319852564E-02, 1.984239643E-04, 0.000000000E+00
       242, 1.320458669E-02, 1.978914806E-04, 0.000000000E+00
       243, 1.321064867E-02, 1.973679755E-04, 0.000000000E+00
       244, 1.321670972E-02, 1.968401775E-04, 0.000000000E+00
       245, 1.322277077E-02, 1.962978567E-04, 0.000000000E+00
       246, 1.322883181E-02, 1.957302738E-04, 0.000000000E+00
       247, 1.323489379E-02, 1.951271406E-04, 0.000000000E+00
       248, 1.324095484E-02, 1.944828546E-04, 0.000000000E+00
       249, 1.324701682E-02, 1.937831403E-04, 0.000000000E+00
       250, 1.325124782E-02, 1.932565210E-04, 0.000000000E+00
       251, 1.325427741E-02, 1.928563433E-04, 0.000000000E+00
       252, 1.325913891E-02, 1.922334341E-04, 0.000000000E+00
       253, 1.326519996E-02, 1.914806489E-04, 0.000000000E+00
       254, 1.327126194E-02, 1.907379192E-04, 0.000000000E+00
       255, 1.327732299E-02, 1.899643539E-04, 0.000000000E+00
       256, 1.328338403E-02, 1.891325519E-04, 0.000000000E+00
       257, 1.328944601E-02, 1.882145589E-04, 0.000000000E+00
       258, 1.329426281E-02, 1.873948495E-04, 0.000000000E+00
       259, 1.329729427E-02, 1.868304826E-04, 0.000000000E+00
       260, 1.330156811E-02, 1.860712509E-04, 0.000000000E+00
       261, 1.330762915E-02, 1.850285189E-04, 0.000000000E+00
       262, 1.331369113E-02, 1.839776960E-04, 0.000000000E+00
       263, 1.331975218E-02, 1.828167296E-04, 0.000000000E+00
       264, 1.332519017E-02, 1.816096337E-04, 0.000000000E+00
       265, 1.332822070E-02, 1.808711386E-04, 0.000000000E+00
       266, 1.333187427E-02, 1.800094324E-04, 0.000000000E+00
       267, 1.333793625E-02, 1.786247594E-04, 0.000000000E+00
       268, 1.334399730E-02, 1.771459647E-04, 0.000000000E+00
       269, 1.334918384E-02, 1.756703132E-04, 0.000000000E+00
       270, 1.335221436E-02, 1.747087372E-04, 0.000000000E+00
       271, 1.335612033E-02, 1.735814440E-04, 0.000000000E+00
       272, 1.336218137E-02, 1.717094419E-04, 0.000000000E+00
       273, 1.336745825E-02, 1.698195993E-04, 0.000000000E+00
       274, 1.337048877E-02, 1.686475152E-04, 0.000000000E+00
       275, 1.337430347E-02, 1.671811042E-04, 0.000000000E+00
       276, 1.338036545E-02, 1.646945311E-04, 0.000000000E+00
       277, 1.338382531E-02, 1.631438208E-04, 0.000000000E+00
       278, 1.338685583E-02, 1.616996451E-04, 0.000000000E+00
       279, 1.339248754E-02, 1.589761087E-04, 0.000000000E+00
       280, 1.339601446E-02, 1.571845060E-04, 0.000000000E+00
       281, 1.339904498E-02, 1.554971823E-04, 0.000000000E+00
       282, 1.340431534E-02, 1.524800464E-04, 0.000000000E+00
       283, 1.340734586E-02, 1.506588160E-04, 0.000000000E+00
       284, 1.341067161E-02, 1.486470574E-04, 0.000000000E+00
       285, 1.341510564E-02, 1.458277402E-04, 0.000000000E+00
       286, 1.341813523E-02, 1.436431194E-04, 0.000000000E+00
       287, 1.342222095E-02, 1.406259980E-04, 0.000000000E+00
       288, 1.342525147E-02, 1.383154304E-04, 0.000000000E+00
       289, 1.342885662E-02, 1.354423002E-04, 0.000000000E+00
       290, 1.343204919E-02, 1.328978542E-04, 0.000000000E+00
       291, 1.343507972E-02, 1.301977900E-04, 0.000000000E+00
       292, 1.343843155E-02, 1.271806541E-04, 0.000000000E+00
       293, 1.344146207E-02, 1.241525606E-04, 0.000000000E+00
       294, 1.344444603E-02, 1.211354247E-04, 0.000000000E+00
       295, 1.344747655E-02, 1.177363883E-04, 0.000000000E+00
       296, 1.345013268E-02, 1.147192525E-04, 0.000000000E+00
       297, 1.345257368E-02, 1.116339045E-04, 0.000000000E+00
       298, 1.345554274E-02, 1.078586065E-04, 0.000000000E+00
       299, 1.345777977E-02, 1.048414779E-04, 0.000000000E+00
       300, 1.346081123E-02, 1.005297163E-04, 0.000000000E+00
       301, 1.346286666E-02, 9.751258040E-05, 0.000000000E+00
       302, 1.346523967E-02, 9.353111091E-05, 0.000000000E+00
       303, 1.346759684E-02, 8.938109386E-05, 0.000000000E+00
       304, 1.346930675E-02, 8.636396524E-05, 0.000000000E+00
       305, 1.347174682E-02, 8.146257460E-05, 0.000000000E+00
       306, 1.347372588E-02, 7.721178554E-05, 0.000000000E+00
       307, 1.347514149E-02, 7.419464964E-05, 0.000000000E+00
       308, 1.347706746E-02, 6.939404557E-05, 0.000000000E+00
       309, 1.347927283E-02, 6.336493971E-05, 0.000000000E+00
       310, 1.348037925E-02, 6.034780745E-05, 0.000000000E+00
       311, 1.348134875E-02, 5.732552017E-05, 0.000000000E+00
       312, 1.348307543E-02, 5.129125202E-05, 0.000000000E+00
       313, 1.348453388E-02, 4.525698751E-05, 0.000000000E+00
       314, 1.348583587E-02, 3.953262421E-05, 0.000000000E+00
       315, 1.348651201E-02, 3.651548832E-05, 0.000000000E+00
       316, 1.348712761E-02, 3.318845847E-05, 0.000000000E+00
       317, 1.348806452E-02, 2.715419396E-05, 0.000000000E+00
       318, 1.348875649E-02, 2.111992762E-05, 0.000000000E+00
       319, 1.348925941E-02, 1.508566311E-05, 0.000000000E+00
       320, 1.348958723E-02, 9.051397683E-06, 0.000000000E+00
       321, 1.348972321E-02, 4.660094419E-06, 0.000000000E+00
       322, 1.348976046E-02, 1.642961706E-06, 0.000000000E+00
