cellnumber,    x-coordinate,    y-coordinate,    z-coordinate
         1, 5.912201479E-03, 1.203980105E-06, 0.000000000E+00
         2, 5.912214983E-03, 4.221112704E-06, 0.000000000E+00
         3, 5.912274122E-03, 9.051397683E-06, 0.000000000E+00
         4, 5.912436172E-03, 1.508566220E-05, 0.000000000E+00
         5, 5.912736058E-03, 2.111992762E-05, 0.000000000E+00
         6, 5.913191475E-03, 2.715419396E-05, 0.000000000E+00
         7, 5.913781933E-03, 3.318845847E-05, 0.000000000E+00
         8, 5.914472509E-03, 3.922272299E-05, 0.000000000E+00
         9, 5.915322807E-03, 4.525698751E-05, 0.000000000E+00
        10, 5.915827584E-03, 4.838059249E-05, 0.000000000E+00
        11, 5.916396622E-03, 5.139772475E-05, 0.000000000E+00
        12, 5.917511415E-03, 5.732551654E-05, 0.000000000E+00
        13, 5.918698385E-03, 6.335978105E-05, 0.000000000E+00
        14, 5.920012947E-03, 6.939405284E-05, 0.000000000E+00
        15, 5.921308883E-03, 7.448701217E-05, 0.000000000E+00
        16, 5.922194105E-03, 7.750414807E-05, 0.000000000E+00
        17, 5.923375953E-03, 8.146258187E-05, 0.000000000E+00
        18, 5.925166886E-03, 8.749683911E-05, 0.000000000E+00
        19, 5.927016027E-03, 9.308771405E-05, 0.000000000E+00
        20, 5.928152241E-03, 9.610484994E-05, 0.000000000E+00
        21, 5.929487757E-03, 9.956537542E-05, 0.000000000E+00
        22, 5.931818392E-03, 1.055996399E-04, 0.000000000E+00
        23, 5.933513399E-03, 1.096731939E-04, 0.000000000E+00
        24, 5.934971850E-03, 1.126903298E-04, 0.000000000E+00
        25, 5.937275477E-03, 1.176681690E-04, 0.000000000E+00
        26, 5.939367227E-03, 1.220061677E-04, 0.000000000E+00
        27, 5.941024981E-03, 1.250233036E-04, 0.000000000E+00
        28, 5.943563301E-03, 1.297366980E-04, 0.000000000E+00
        29, 5.945663434E-03, 1.335314446E-04, 0.000000000E+00
        30, 5.947498139E-03, 1.365485659E-04, 0.000000000E+00
        31, 5.950528663E-03, 1.414244762E-04, 0.000000000E+00
        32, 5.952486303E-03, 1.444416121E-04, 0.000000000E+00
        33, 5.954728927E-03, 1.478394988E-04, 0.000000000E+00
        34, 5.957490299E-03, 1.519061479E-04, 0.000000000E+00
        35, 5.959716626E-03, 1.549232984E-04, 0.000000000E+00
        36, 5.962747149E-03, 1.589312014E-04, 0.000000000E+00
        37, 5.965139251E-03, 1.619483373E-04, 0.000000000E+00
        38, 5.968169775E-03, 1.656456443E-04, 0.000000000E+00
        39, 5.970660597E-03, 1.686627802E-04, 0.000000000E+00
        40, 5.973529536E-03, 1.719765569E-04, 0.000000000E+00
        41, 5.976300221E-03, 1.751641685E-04, 0.000000000E+00
        42, 5.979133770E-03, 1.781813044E-04, 0.000000000E+00
        43, 5.982164294E-03, 1.813895651E-04, 0.000000000E+00
        44, 5.985231604E-03, 1.844067010E-04, 0.000000000E+00
        45, 5.988262128E-03, 1.873732108E-04, 0.000000000E+00
        46, 5.991601385E-03, 1.903903321E-04, 0.000000000E+00
        47, 5.994632374E-03, 1.931094885E-04, 0.000000000E+00
        48, 5.997676868E-03, 1.956452616E-04, 0.000000000E+00
        49, 6.001270376E-03, 1.986493880E-04, 0.000000000E+00
        50, 6.004300900E-03, 2.010991157E-04, 0.000000000E+00
        51, 6.008096505E-03, 2.041162516E-04, 0.000000000E+00
        52, 6.011127029E-03, 2.064805303E-04, 0.000000000E+00
        53, 6.015230902E-03, 2.094976662E-04, 0.000000000E+00
        54, 6.018261891E-03, 2.116751857E-04, 0.000000000E+00
        55, 6.021921989E-03, 2.140798897E-04, 0.000000000E+00
        56, 6.025838666E-03, 2.166211198E-04, 0.000000000E+00
        57, 6.028869189E-03, 2.186450729E-04, 0.000000000E+00
        58, 6.033644080E-03, 2.216622088E-04, 0.000000000E+00
        59, 6.036674604E-03, 2.235383727E-04, 0.000000000E+00
        60, 6.040106062E-03, 2.255022264E-04, 0.000000000E+00
        61, 6.044984795E-03, 2.282487985E-04, 0.000000000E+00
        62, 6.048015784E-03, 2.300007764E-04, 0.000000000E+00
        63, 6.052228622E-03, 2.321399807E-04, 0.000000000E+00
        64, 6.057038903E-03, 2.344584209E-04, 0.000000000E+00
        65, 6.060069893E-03, 2.359709906E-04, 0.000000000E+00
        66, 6.064351182E-03, 2.378976642E-04, 0.000000000E+00
        67, 6.069858093E-03, 2.402801474E-04, 0.000000000E+00
        68, 6.072888616E-03, 2.415611234E-04, 0.000000000E+00
        69, 6.076473743E-03, 2.426166611E-04, 0.000000000E+00
        70, 6.082535256E-03, 2.442661207E-04, 0.000000000E+00
        71, 6.086821668E-03, 2.453697962E-04, 0.000000000E+00
        72, 6.089851726E-03, 2.459988755E-04, 0.000000000E+00
        73, 6.094657816E-03, 2.466581354E-04, 0.000000000E+00
        74, 6.100719329E-03, 2.471873886E-04, 0.000000000E+00
        75, 6.106780376E-03, 2.473971690E-04, 0.000000000E+00
        76, 6.112841889E-03, 2.473295026E-04, 0.000000000E+00
        77, 6.118903402E-03, 2.470382315E-04, 0.000000000E+00
        78, 6.124964450E-03, 2.465870930E-04, 0.000000000E+00
        79, 6.131025963E-03, 2.460170945E-04, 0.000000000E+00
        80, 6.134127267E-03, 2.456967777E-04, 0.000000000E+00
        81, 6.137157790E-03, 2.452646731E-04, 0.000000000E+00
        82, 6.143148523E-03, 2.444825368E-04, 0.000000000E+00
        83, 6.149210036E-03, 2.438177034E-04, 0.000000000E+00
        84, 6.155271083E-03, 2.432418114E-04, 0.000000000E+00
        85, 6.161332596E-03, 2.427312575E-04, 0.000000000E+00
        86, 6.167394109E-03, 2.422704274E-04, 0.000000000E+00
        87, 6.173455156E-03, 2.418533404E-04, 0.000000000E+00
        88, 6.178962998E-03, 2.415130002E-04, 0.000000000E+00
        89, 6.181993522E-03, 2.413250913E-04, 0.000000000E+00
        90, 6.185577717E-03, 2.410897432E-04, 0.000000000E+00
        91, 6.191639230E-03, 2.407637512E-04, 0.000000000E+00
        92, 6.197700277E-03, 2.405363339E-04, 0.000000000E+00
        93, 6.203761790E-03, 2.403923281E-04, 0.000000000E+00
        94, 6.209822837E-03, 2.403207327E-04, 0.000000000E+00
        95, 6.215884350E-03, 2.403132676E-04, 0.000000000E+00
        96, 6.221945863E-03, 2.403636900E-04, 0.000000000E+00
        97, 6.228006911E-03, 2.404681145E-04, 0.000000000E+00
        98, 6.234068424E-03, 2.406231069E-04, 0.000000000E+00
        99, 6.240129471E-03, 2.408258442E-04, 0.000000000E+00
       100, 6.246190984E-03, 2.410744783E-04, 0.000000000E+00
       101, 6.250780541E-03, 2.412903123E-04, 0.000000000E+00
       102, 6.253811531E-03, 2.414248738E-04, 0.000000000E+00
       103, 6.258313544E-03, 2.415962372E-04, 0.000000000E+00
       104, 6.264375057E-03, 2.418314252E-04, 0.000000000E+00
       105, 6.270436104E-03, 2.420661622E-04, 0.000000000E+00
       106, 6.276497617E-03, 2.422956313E-04, 0.000000000E+00
       107, 6.282558665E-03, 2.425153652E-04, 0.000000000E+00
       108, 6.288620178E-03, 2.427214786E-04, 0.000000000E+00
       109, 6.294681691E-03, 2.429105080E-04, 0.000000000E+00
       110, 6.300742738E-03, 2.430796158E-04, 0.000000000E+00
       111, 6.306804251E-03, 2.432267065E-04, 0.000000000E+00
       112, 6.312865764E-03, 2.433501213E-04, 0.000000000E+00
       113, 6.318926811E-03, 2.434487542E-04, 0.000000000E+00
       114, 6.324988324E-03, 2.435222705E-04, 0.000000000E+00
       115, 6.331049372E-03, 2.435708302E-04, 0.000000000E+00
       116, 6.337110884E-03, 2.435954229E-04, 0.000000000E+00
       117, 6.343171932E-03, 2.435975766E-04, 0.000000000E+00
       118, 6.349233445E-03, 2.435786591E-04, 0.000000000E+00
       119, 6.355294958E-03, 2.435408242E-04, 0.000000000E+00
       120, 6.361356005E-03, 2.434871276E-04, 0.000000000E+00
       121, 6.367417518E-03, 2.434209455E-04, 0.000000000E+00
       122, 6.373478565E-03, 2.433457848E-04, 0.000000000E+00
       123, 6.379540078E-03, 2.432648471E-04, 0.000000000E+00
       124, 6.385601591E-03, 2.431810572E-04, 0.000000000E+00
       125, 6.391662639E-03, 2.430969180E-04, 0.000000000E+00
       126, 6.397724152E-03, 2.430146269E-04, 0.000000000E+00
       127, 6.403785199E-03, 2.429360029E-04, 0.000000000E+00
       128, 6.409846712E-03, 2.428624866E-04, 0.000000000E+00
       129, 6.415907759E-03, 2.427952422E-04, 0.000000000E+00
       130, 6.421969272E-03, 2.427351428E-04, 0.000000000E+00
       131, 6.428030320E-03, 2.426827559E-04, 0.000000000E+00
       132, 6.434091832E-03, 2.426384162E-04, 0.000000000E+00
       133, 6.440153345E-03, 2.426021674E-04, 0.000000000E+00
       134, 6.446214858E-03, 2.425738785E-04, 0.000000000E+00
       135, 6.452275906E-03, 2.425532148E-04, 0.000000000E+00
       136, 6.458337419E-03, 2.425396524E-04, 0.000000000E+00
       137, 6.464398466E-03, 2.425324928E-04, 0.000000000E+00
       138, 6.470459979E-03, 2.425309794E-04, 0.000000000E+00
       139, 6.476521026E-03, 2.425342100E-04, 0.000000000E+00
       140, 6.482582074E-03, 2.425411949E-04, 0.000000000E+00
       141, 6.488643587E-03, 2.425509010E-04, 0.000000000E+00
       142, 6.494705100E-03, 2.425623097E-04, 0.000000000E+00
       143, 6.500766147E-03, 2.425745333E-04, 0.000000000E+00
       144, 6.506828126E-03, 2.425866260E-04, 0.000000000E+00
       145, 6.512889173E-03, 2.425978164E-04, 0.000000000E+00
       146, 6.518950686E-03, 2.426072460E-04, 0.000000000E+00
       147, 6.525011733E-03, 2.426142455E-04, 0.000000000E+00
       148, 6.531073246E-03, 2.426181018E-04, 0.000000000E+00
       149, 6.537134293E-03, 2.426183055E-04, 0.000000000E+00
       150, 6.543195806E-03, 2.426142892E-04, 0.000000000E+00
       151, 6.549256854E-03, 2.426055580E-04, 0.000000000E+00
       152, 6.555318367E-03, 2.425917191E-04, 0.000000000E+00
       153, 6.561379880E-03, 2.425724670E-04, 0.000000000E+00
       154, 6.567440927E-03, 2.425475832E-04, 0.000000000E+00
       155, 6.573502440E-03, 2.425169077E-04, 0.000000000E+00
       156, 6.579563953E-03, 2.424802951E-04, 0.000000000E+00
       157, 6.585625000E-03, 2.424376289E-04, 0.000000000E+00
       158, 6.591686513E-03, 2.423888072E-04, 0.000000000E+00
       159, 6.597747561E-03, 2.423336991E-04, 0.000000000E+00
       160, 6.603809074E-03, 2.422721736E-04, 0.000000000E+00
       161, 6.609870121E-03, 2.422040998E-04, 0.000000000E+00
       162, 6.615931634E-03, 2.421292302E-04, 0.000000000E+00
       163, 6.621992681E-03, 2.420473611E-04, 0.000000000E+00
       164, 6.628054194E-03, 2.419580560E-04, 0.000000000E+00
       165, 6.634115707E-03, 2.418607619E-04, 0.000000000E+00
       166, 6.640176754E-03, 2.417547803E-04, 0.000000000E+00
       167, 6.646238267E-03, 2.416392381E-04, 0.000000000E+00
       168, 6.652299315E-03, 2.415130293E-04, 0.000000000E+00
       169, 6.656942423E-03, 2.414088522E-04, 0.000000000E+00
       170, 6.659973413E-03, 2.413235925E-04, 0.000000000E+00
       171, 6.664422341E-03, 2.411723835E-04, 0.000000000E+00
       172, 6.670483388E-03, 2.409604494E-04, 0.000000000E+00
       173, 6.676544901E-03, 2.407417778E-04, 0.000000000E+00
       174, 6.682605948E-03, 2.405158884E-04, 0.000000000E+00
       175, 6.688667461E-03, 2.402821992E-04, 0.000000000E+00
       176, 6.694728509E-03, 2.400400990E-04, 0.000000000E+00
       177, 6.700790022E-03, 2.397885401E-04, 0.000000000E+00
       178, 6.706851535E-03, 2.395268675E-04, 0.000000000E+00
       179, 6.712912582E-03, 2.392535680E-04, 0.000000000E+00
       180, 6.718974095E-03, 2.389674919E-04, 0.000000000E+00
       181, 6.725035142E-03, 2.386665728E-04, 0.000000000E+00
       182, 6.731096655E-03, 2.383488900E-04, 0.000000000E+00
       183, 6.737158168E-03, 2.380121732E-04, 0.000000000E+00
       184, 6.743219215E-03, 2.376532939E-04, 0.000000000E+00
       185, 6.749280728E-03, 2.372684976E-04, 0.000000000E+00
       186, 6.755341776E-03, 2.368514251E-04, 0.000000000E+00
       187, 6.761403289E-03, 2.363943495E-04, 0.000000000E+00
       188, 6.767464336E-03, 2.358839411E-04, 0.000000000E+00
       189, 6.771882530E-03, 2.354747412E-04, 0.000000000E+00
       190, 6.774913520E-03, 2.351732110E-04, 0.000000000E+00
       191, 6.779587362E-03, 2.347112895E-04, 0.000000000E+00
       192, 6.785648409E-03, 2.341183717E-04, 0.000000000E+00
       193, 6.791709922E-03, 2.335234021E-04, 0.000000000E+00
       194, 6.797770970E-03, 2.329091076E-04, 0.000000000E+00
       195, 6.803832483E-03, 2.322575165E-04, 0.000000000E+00
       196, 6.809893996E-03, 2.315489546E-04, 0.000000000E+00
       197, 6.815955043E-03, 2.307590039E-04, 0.000000000E+00
       198, 6.822016556E-03, 2.298429026E-04, 0.000000000E+00
       199, 6.825165823E-03, 2.293242142E-04, 0.000000000E+00
       200, 6.828196812E-03, 2.287982497E-04, 0.000000000E+00
       201, 6.834139116E-03, 2.277943131E-04, 0.000000000E+00
       202, 6.840200629E-03, 2.267879900E-04, 0.000000000E+00
       203, 6.846261676E-03, 2.257256128E-04, 0.000000000E+00
       204, 6.852323189E-03, 2.245245851E-04, 0.000000000E+00
       205, 6.856547669E-03, 2.235737629E-04, 0.000000000E+00
       206, 6.859578192E-03, 2.228107187E-04, 0.000000000E+00
       207, 6.864445750E-03, 2.216563444E-04, 0.000000000E+00
       208, 6.870506797E-03, 2.202462347E-04, 0.000000000E+00
       209, 6.876568310E-03, 2.186870115E-04, 0.000000000E+00
       210, 6.880481727E-03, 2.175370901E-04, 0.000000000E+00
       211, 6.883512251E-03, 2.165313927E-04, 0.000000000E+00
       212, 6.888690870E-03, 2.149388747E-04, 0.000000000E+00
       213, 6.894752383E-03, 2.130058274E-04, 0.000000000E+00
       214, 6.898704451E-03, 2.115812094E-04, 0.000000000E+00
       215, 6.901735440E-03, 2.103733859E-04, 0.000000000E+00
       216, 6.906874944E-03, 2.084154112E-04, 0.000000000E+00
       217, 6.912217010E-03, 2.062241692E-04, 0.000000000E+00
       218, 6.915247533E-03, 2.048131573E-04, 0.000000000E+00
       219, 6.918997504E-03, 2.031057811E-04, 0.000000000E+00
       220, 6.924550515E-03, 2.004405105E-04, 0.000000000E+00
       221, 6.927581038E-03, 1.988404110E-04, 0.000000000E+00
       222, 6.931120064E-03, 1.969718433E-04, 0.000000000E+00
       223, 6.936058402E-03, 1.942450472E-04, 0.000000000E+00
       224, 6.939088926E-03, 1.923924137E-04, 0.000000000E+00
       225, 6.943242624E-03, 1.899512426E-04, 0.000000000E+00
       226, 6.947088055E-03, 1.876381575E-04, 0.000000000E+00
       227, 6.950118579E-03, 1.855693845E-04, 0.000000000E+00
       228, 6.954475772E-03, 1.825522631E-04, 0.000000000E+00
       229, 6.957506761E-03, 1.803550695E-04, 0.000000000E+00
       230, 6.961427163E-03, 1.775009296E-04, 0.000000000E+00
       231, 6.964653730E-03, 1.751566742E-04, 0.000000000E+00
       232, 6.967684720E-03, 1.727720228E-04, 0.000000000E+00
       233, 6.971436553E-03, 1.697548869E-04, 0.000000000E+00
       234, 6.974467542E-03, 1.671281207E-04, 0.000000000E+00
       235, 6.977872923E-03, 1.641109848E-04, 0.000000000E+00
       236, 6.980903447E-03, 1.612796041E-04, 0.000000000E+00
       237, 6.984048057E-03, 1.582624682E-04, 0.000000000E+00
       238, 6.987079047E-03, 1.552274771E-04, 0.000000000E+00
       239, 6.990003865E-03, 1.522103412E-04, 0.000000000E+00
       240, 6.993034389E-03, 1.489312563E-04, 0.000000000E+00
       241, 6.995746866E-03, 1.459141058E-04, 0.000000000E+00
       242, 6.998777390E-03, 1.423168142E-04, 0.000000000E+00
       243, 7.001259830E-03, 1.392996783E-04, 0.000000000E+00
       244, 7.003914565E-03, 1.357709698E-04, 0.000000000E+00
       245, 7.006510627E-03, 1.322644821E-04, 0.000000000E+00
       246, 7.008676883E-03, 1.292473462E-04, 0.000000000E+00
       247, 7.011707872E-03, 1.248768094E-04, 0.000000000E+00
       248, 7.013756782E-03, 1.218596881E-04, 0.000000000E+00
       249, 7.016306743E-03, 1.176681690E-04, 0.000000000E+00
       250, 7.018528879E-03, 1.138684966E-04, 0.000000000E+00
       251, 7.020293269E-03, 1.108513607E-04, 0.000000000E+00
       252, 7.023112848E-03, 1.055996399E-04, 0.000000000E+00
       253, 7.024860010E-03, 1.021894859E-04, 0.000000000E+00
       254, 7.026345935E-03, 9.917235002E-05, 0.000000000E+00
       255, 7.028916851E-03, 9.353111091E-05, 0.000000000E+00
       256, 7.030672859E-03, 8.947520109E-05, 0.000000000E+00
       257, 7.031967398E-03, 8.645806520E-05, 0.000000000E+00
       258, 7.033850532E-03, 8.146258187E-05, 0.000000000E+00
       259, 7.035984192E-03, 7.542831008E-05, 0.000000000E+00
       260, 7.037131581E-03, 7.223084685E-05, 0.000000000E+00
       261, 7.038070820E-03, 6.921371096E-05, 0.000000000E+00
       262, 7.039712276E-03, 6.335978105E-05, 0.000000000E+00
       263, 7.041229866E-03, 5.732552017E-05, 0.000000000E+00
       264, 7.042618934E-03, 5.164967661E-05, 0.000000000E+00
       265, 7.043345831E-03, 4.863254435E-05, 0.000000000E+00
       266, 7.044021506E-03, 4.525698751E-05, 0.000000000E+00
       267, 7.045077626E-03, 3.922272299E-05, 0.000000000E+00
       268, 7.045937702E-03, 3.318845847E-05, 0.000000000E+00
       269, 7.046641782E-03, 2.715419396E-05, 0.000000000E+00
       270, 7.047208492E-03, 2.111992762E-05, 0.000000000E+00
       271, 7.047642954E-03, 1.508566311E-05, 0.000000000E+00
       272, 7.047931198E-03, 9.051397683E-06, 0.000000000E+00
       273, 7.048042491E-03, 5.403145224E-06, 0.000000000E+00
       274, 7.048076950E-03, 2.386012738E-06, 0.000000000E+00
