cellnumber,    x-coordinate,    y-coordinate,    z-coordinate
         1, 9.160828777E-03, 1.085570943E-06, 0.000000000E+00
         2, 9.160851128E-03, 4.102703315E-06, 0.000000000E+00
         3, 9.160934947E-03, 9.051397683E-06, 0.000000000E+00
         4, 9.161122143E-03, 1.508566220E-05, 0.000000000E+00
         5, 9.161407128E-03, 2.111992762E-05, 0.000000000E+00
         6, 9.161789902E-03, 2.715419214E-05, 0.000000000E+00
         7, 9.162281640E-03, 3.318845847E-05, 0.000000000E+00
         8, 9.162899107E-03, 3.922272299E-05, 0.000000000E+00
         9, 9.163664654E-03, 4.525698751E-05, 0.000000000E+00
        10, 9.164401330E-03, 5.011589019E-05, 0.000000000E+00
        11, 9.164921008E-03, 5.313302609E-05, 0.000000000E+00
        12, 9.165661409E-03, 5.732551654E-05, 0.000000000E+00
        13, 9.166761301E-03, 6.335978105E-05, 0.000000000E+00
        14, 9.167939425E-03, 6.939404557E-05, 0.000000000E+00
        15, 9.169276804E-03, 7.542831736E-05, 0.000000000E+00
        16, 9.170388803E-03, 7.976678171E-05, 0.000000000E+00
        17, 9.171272628E-03, 8.278391761E-05, 0.000000000E+00
        18, 9.172607213E-03, 8.749684639E-05, 0.000000000E+00
        19, 9.174345993E-03, 9.353110363E-05, 0.000000000E+00
        20, 9.176041931E-03, 9.872311057E-05, 0.000000000E+00
        21, 9.177166037E-03, 1.017402465E-04, 0.000000000E+00
        22, 9.178579785E-03, 1.055996399E-04, 0.000000000E+00
        23, 9.180835448E-03, 1.116339045E-04, 0.000000000E+00
        24, 9.182451293E-03, 1.156002472E-04, 0.000000000E+00
        25, 9.183840826E-03, 1.186173831E-04, 0.000000000E+00
        26, 9.186091833E-03, 1.237024408E-04, 0.000000000E+00
        27, 9.188181721E-03, 1.281937148E-04, 0.000000000E+00
        28, 9.189780802E-03, 1.312108361E-04, 0.000000000E+00
        29, 9.192109108E-03, 1.357709698E-04, 0.000000000E+00
        30, 9.194320999E-03, 1.399535249E-04, 0.000000000E+00
        31, 9.196115658E-03, 1.429706463E-04, 0.000000000E+00
        32, 9.198984131E-03, 1.478394988E-04, 0.000000000E+00
        33, 9.200922213E-03, 1.510889706E-04, 0.000000000E+00
        34, 9.202859364E-03, 1.541061065E-04, 0.000000000E+00
        35, 9.205889888E-03, 1.586720900E-04, 0.000000000E+00
        36, 9.208044969E-03, 1.616892259E-04, 0.000000000E+00
        37, 9.211075492E-03, 1.658952533E-04, 0.000000000E+00
        38, 9.213244542E-03, 1.689123892E-04, 0.000000000E+00
        39, 9.215579368E-03, 1.719765569E-04, 0.000000000E+00
        40, 9.218572639E-03, 1.758064755E-04, 0.000000000E+00
        41, 9.221115150E-03, 1.788235968E-04, 0.000000000E+00
        42, 9.224145673E-03, 1.823514031E-04, 0.000000000E+00
        43, 9.226862341E-03, 1.853685244E-04, 0.000000000E+00
        44, 9.229892865E-03, 1.886470272E-04, 0.000000000E+00
        45, 9.232780896E-03, 1.916641486E-04, 0.000000000E+00
        46, 9.235811420E-03, 1.947226556E-04, 0.000000000E+00
        47, 9.238898754E-03, 1.977397915E-04, 0.000000000E+00
        48, 9.241929278E-03, 2.006078139E-04, 0.000000000E+00
        49, 9.245228022E-03, 2.036249498E-04, 0.000000000E+00
        50, 9.248258546E-03, 2.063351712E-04, 0.000000000E+00
        51, 9.251817130E-03, 2.093523071E-04, 0.000000000E+00
        52, 9.254847653E-03, 2.118680422E-04, 0.000000000E+00
        53, 9.258667007E-03, 2.147737832E-04, 0.000000000E+00
        54, 9.261840023E-03, 2.171221568E-04, 0.000000000E+00
        55, 9.264870547E-03, 2.193007240E-04, 0.000000000E+00
        56, 9.269085713E-03, 2.223178453E-04, 0.000000000E+00
        57, 9.272116236E-03, 2.244804346E-04, 0.000000000E+00
        58, 9.276671335E-03, 2.274975704E-04, 0.000000000E+00
        59, 9.279702790E-03, 2.294296719E-04, 0.000000000E+00
        60, 9.282912128E-03, 2.313226432E-04, 0.000000000E+00
        61, 9.287931025E-03, 2.342121734E-04, 0.000000000E+00
        62, 9.290961549E-03, 2.359497012E-04, 0.000000000E+00
        63, 9.295035154E-03, 2.380442456E-04, 0.000000000E+00
        64, 9.299918078E-03, 2.404480183E-04, 0.000000000E+00
        65, 9.302948602E-03, 2.417957294E-04, 0.000000000E+00
        66, 9.307158180E-03, 2.430944733E-04, 0.000000000E+00
        67, 9.313219227E-03, 2.446940343E-04, 0.000000000E+00
        68, 9.317124262E-03, 2.455544891E-04, 0.000000000E+00
        69, 9.320154786E-03, 2.459124662E-04, 0.000000000E+00
        70, 9.325342253E-03, 2.461946860E-04, 0.000000000E+00
        71, 9.331403300E-03, 2.461009426E-04, 0.000000000E+00
        72, 9.335613810E-03, 2.458187228E-04, 0.000000000E+00
        73, 9.338644333E-03, 2.454062342E-04, 0.000000000E+00
        74, 9.343525395E-03, 2.446193248E-04, 0.000000000E+00
        75, 9.349587373E-03, 2.436339564E-04, 0.000000000E+00
        76, 9.355648421E-03, 2.426686842E-04, 0.000000000E+00
        77, 9.361101314E-03, 2.417775977E-04, 0.000000000E+00
        78, 9.364132769E-03, 2.412204776E-04, 0.000000000E+00
        79, 9.367770515E-03, 2.404573461E-04, 0.000000000E+00
        80, 9.373832494E-03, 2.393523609E-04, 0.000000000E+00
        81, 9.379893541E-03, 2.384451363E-04, 0.000000000E+00
        82, 9.385954589E-03, 2.376710472E-04, 0.000000000E+00
        83, 9.392016567E-03, 2.370020520E-04, 0.000000000E+00
        84, 9.398077615E-03, 2.364273532E-04, 0.000000000E+00
        85, 9.404139593E-03, 2.359462233E-04, 0.000000000E+00
        86, 9.410200641E-03, 2.355650504E-04, 0.000000000E+00
        87, 9.414141066E-03, 2.353683958E-04, 0.000000000E+00
        88, 9.417172521E-03, 2.352611191E-04, 0.000000000E+00
        89, 9.422322735E-03, 2.351378353E-04, 0.000000000E+00
        90, 9.428384714E-03, 2.350933355E-04, 0.000000000E+00
        91, 9.434445761E-03, 2.351477306E-04, 0.000000000E+00
        92, 9.439604357E-03, 2.352674492E-04, 0.000000000E+00
        93, 9.442634881E-03, 2.353654127E-04, 0.000000000E+00
        94, 9.446568787E-03, 2.355322213E-04, 0.000000000E+00
        95, 9.452629834E-03, 2.358409401E-04, 0.000000000E+00
        96, 9.458690882E-03, 2.362103405E-04, 0.000000000E+00
        97, 9.464751929E-03, 2.366289846E-04, 0.000000000E+00
        98, 9.470812976E-03, 2.370867005E-04, 0.000000000E+00
        99, 9.476874955E-03, 2.375742188E-04, 0.000000000E+00
       100, 9.482936002E-03, 2.380831429E-04, 0.000000000E+00
       101, 9.488997050E-03, 2.386054839E-04, 0.000000000E+00
       102, 9.495059028E-03, 2.391333401E-04, 0.000000000E+00
       103, 9.501120076E-03, 2.396597411E-04, 0.000000000E+00
       104, 9.507181123E-03, 2.401760576E-04, 0.000000000E+00
       105, 9.513243102E-03, 2.406726999E-04, 0.000000000E+00
       106, 9.519304149E-03, 2.411393507E-04, 0.000000000E+00
       107, 9.522389621E-03, 2.413671464E-04, 0.000000000E+00
       108, 9.525420144E-03, 2.415012423E-04, 0.000000000E+00
       109, 9.531427175E-03, 2.417272044E-04, 0.000000000E+00
       110, 9.537488222E-03, 2.418799559E-04, 0.000000000E+00
       111, 9.543549269E-03, 2.419591910E-04, 0.000000000E+00
       112, 9.549611248E-03, 2.419696684E-04, 0.000000000E+00
       113, 9.555672295E-03, 2.419160737E-04, 0.000000000E+00
       114, 9.561733343E-03, 2.418045042E-04, 0.000000000E+00
       115, 9.567794390E-03, 2.416422358E-04, 0.000000000E+00
       116, 9.573233314E-03, 2.414599294E-04, 0.000000000E+00
       117, 9.576263838E-03, 2.413377661E-04, 0.000000000E+00
       118, 9.579917416E-03, 2.411373134E-04, 0.000000000E+00
       119, 9.585978463E-03, 2.408045548E-04, 0.000000000E+00
       120, 9.592039511E-03, 2.404822153E-04, 0.000000000E+00
       121, 9.598101489E-03, 2.401793608E-04, 0.000000000E+00
       122, 9.604162537E-03, 2.399020887E-04, 0.000000000E+00
       123, 9.610223584E-03, 2.396544878E-04, 0.000000000E+00
       124, 9.616285563E-03, 2.394389157E-04, 0.000000000E+00
       125, 9.622346610E-03, 2.392565511E-04, 0.000000000E+00
       126, 9.628407657E-03, 2.391076414E-04, 0.000000000E+00
       127, 9.634469636E-03, 2.389917354E-04, 0.000000000E+00
       128, 9.640530683E-03, 2.389078290E-04, 0.000000000E+00
       129, 9.646591730E-03, 2.388540161E-04, 0.000000000E+00
       130, 9.652652778E-03, 2.388286521E-04, 0.000000000E+00
       131, 9.658714756E-03, 2.388301364E-04, 0.000000000E+00
       132, 9.664775804E-03, 2.388554421E-04, 0.000000000E+00
       133, 9.670836851E-03, 2.389011206E-04, 0.000000000E+00
       134, 9.676898830E-03, 2.389637521E-04, 0.000000000E+00
       135, 9.682959877E-03, 2.390395239E-04, 0.000000000E+00
       136, 9.689020924E-03, 2.391249291E-04, 0.000000000E+00
       137, 9.695081972E-03, 2.392164461E-04, 0.000000000E+00
       138, 9.701143950E-03, 2.393104660E-04, 0.000000000E+00
       139, 9.707204998E-03, 2.394034818E-04, 0.000000000E+00
       140, 9.713266045E-03, 2.394920593E-04, 0.000000000E+00
       141, 9.719328023E-03, 2.395728952E-04, 0.000000000E+00
       142, 9.725389071E-03, 2.396430064E-04, 0.000000000E+00
       143, 9.731450118E-03, 2.396998898E-04, 0.000000000E+00
       144, 9.737512097E-03, 2.397411736E-04, 0.000000000E+00
       145, 9.743573144E-03, 2.397652133E-04, 0.000000000E+00
       146, 9.749634191E-03, 2.397710487E-04, 0.000000000E+00
       147, 9.755695239E-03, 2.397572098E-04, 0.000000000E+00
       148, 9.761757217E-03, 2.397228382E-04, 0.000000000E+00
       149, 9.767818265E-03, 2.396687050E-04, 0.000000000E+00
       150, 9.773879312E-03, 2.395963529E-04, 0.000000000E+00
       151, 9.779941291E-03, 2.395077609E-04, 0.000000000E+00
       152, 9.786002338E-03, 2.394052135E-04, 0.000000000E+00
       153, 9.792063385E-03, 2.392910246E-04, 0.000000000E+00
       154, 9.798124433E-03, 2.391674789E-04, 0.000000000E+00
       155, 9.804186411E-03, 2.390367299E-04, 0.000000000E+00
       156, 9.810247459E-03, 2.389007277E-04, 0.000000000E+00
       157, 9.816308506E-03, 2.387611603E-04, 0.000000000E+00
       158, 9.822370484E-03, 2.386194828E-04, 0.000000000E+00
       159, 9.828431532E-03, 2.384768159E-04, 0.000000000E+00
       160, 9.834492579E-03, 2.383341052E-04, 0.000000000E+00
       161, 9.840554558E-03, 2.381919330E-04, 0.000000000E+00
       162, 9.846615605E-03, 2.380507503E-04, 0.000000000E+00
       163, 9.852676652E-03, 2.379107027E-04, 0.000000000E+00
       164, 9.858737700E-03, 2.377717756E-04, 0.000000000E+00
       165, 9.864798747E-03, 2.376337507E-04, 0.000000000E+00
       166, 9.870860726E-03, 2.374962060E-04, 0.000000000E+00
       167, 9.876921773E-03, 2.373586030E-04, 0.000000000E+00
       168, 9.882983752E-03, 2.372201998E-04, 0.000000000E+00
       169, 9.889044799E-03, 2.370801521E-04, 0.000000000E+00
       170, 9.895105846E-03, 2.369374124E-04, 0.000000000E+00
       171, 9.901167825E-03, 2.367908746E-04, 0.000000000E+00
       172, 9.907228872E-03, 2.366392873E-04, 0.000000000E+00
       173, 9.913289919E-03, 2.364810789E-04, 0.000000000E+00
       174, 9.919350967E-03, 2.363145322E-04, 0.000000000E+00
       175, 9.925412945E-03, 2.361377701E-04, 0.000000000E+00
       176, 9.931473993E-03, 2.359488863E-04, 0.000000000E+00
       177, 9.937535040E-03, 2.357451303E-04, 0.000000000E+00
       178, 9.943596087E-03, 2.355233446E-04, 0.000000000E+00
       179, 9.947487153E-03, 2.353719756E-04, 0.000000000E+00
       180, 9.950517677E-03, 2.352469455E-04, 0.000000000E+00
       181, 9.955719113E-03, 2.350293653E-04, 0.000000000E+00
       182, 9.961780161E-03, 2.347691188E-04, 0.000000000E+00
       183, 9.967842139E-03, 2.345006505E-04, 0.000000000E+00
       184, 9.973903187E-03, 2.342228545E-04, 0.000000000E+00
       185, 9.979964234E-03, 2.339342172E-04, 0.000000000E+00
       186, 9.986026213E-03, 2.336335601E-04, 0.000000000E+00
       187, 9.992087260E-03, 2.333188750E-04, 0.000000000E+00
       188, 9.998148307E-03, 2.329881681E-04, 0.000000000E+00
       189, 1.000420935E-02, 2.326388785E-04, 0.000000000E+00
       190, 1.001027133E-02, 2.322677610E-04, 0.000000000E+00
       191, 1.001633238E-02, 2.318714542E-04, 0.000000000E+00
       192, 1.002239436E-02, 2.314445446E-04, 0.000000000E+00
       193, 1.002845541E-02, 2.309806732E-04, 0.000000000E+00
       194, 1.003451645E-02, 2.304689260E-04, 0.000000000E+00
       195, 1.004057750E-02, 2.298943000E-04, 0.000000000E+00
       196, 1.004487090E-02, 2.294457518E-04, 0.000000000E+00
       197, 1.004790142E-02, 2.291032433E-04, 0.000000000E+00
       198, 1.005270053E-02, 2.285728842E-04, 0.000000000E+00
       199, 1.005876157E-02, 2.279154287E-04, 0.000000000E+00
       200, 1.006482262E-02, 2.272593847E-04, 0.000000000E+00
       201, 1.007088460E-02, 2.265833755E-04, 0.000000000E+00
       202, 1.007694565E-02, 2.258654276E-04, 0.000000000E+00
       203, 1.008300763E-02, 2.250855759E-04, 0.000000000E+00
       204, 1.008906774E-02, 2.242086484E-04, 0.000000000E+00
       205, 1.009343378E-02, 2.235036663E-04, 0.000000000E+00
       206, 1.009646431E-02, 2.229731763E-04, 0.000000000E+00
       207, 1.010119077E-02, 2.221746399E-04, 0.000000000E+00
       208, 1.010725182E-02, 2.211805840E-04, 0.000000000E+00
       209, 1.011331379E-02, 2.201724856E-04, 0.000000000E+00
       210, 1.011937484E-02, 2.190771193E-04, 0.000000000E+00
       211, 1.012517791E-02, 2.178666182E-04, 0.000000000E+00
       212, 1.012820844E-02, 2.171703527E-04, 0.000000000E+00
       213, 1.013149694E-02, 2.164021716E-04, 0.000000000E+00
       214, 1.013755891E-02, 2.150487562E-04, 0.000000000E+00
       215, 1.014361996E-02, 2.136845869E-04, 0.000000000E+00
       216, 1.014967635E-02, 2.120840509E-04, 0.000000000E+00
       217, 1.015270688E-02, 2.111975627E-04, 0.000000000E+00
       218, 1.015574299E-02, 2.102883154E-04, 0.000000000E+00
       219, 1.016180404E-02, 2.085393935E-04, 0.000000000E+00
       220, 1.016786508E-02, 2.066583547E-04, 0.000000000E+00
       221, 1.017147303E-02, 2.053918724E-04, 0.000000000E+00
       222, 1.017450355E-02, 2.042773122E-04, 0.000000000E+00
       223, 1.017998811E-02, 2.023141715E-04, 0.000000000E+00
       224, 1.018543541E-02, 2.001847461E-04, 0.000000000E+00
       225, 1.018846594E-02, 1.988443255E-04, 0.000000000E+00
       226, 1.019211020E-02, 1.972662867E-04, 0.000000000E+00
       227, 1.019808743E-02, 1.945355762E-04, 0.000000000E+00
       228, 1.020111796E-02, 1.930493745E-04, 0.000000000E+00
       229, 1.020423323E-02, 1.914625609E-04, 0.000000000E+00
       230, 1.020982210E-02, 1.884925441E-04, 0.000000000E+00
       231, 1.021285355E-02, 1.867702667E-04, 0.000000000E+00
       232, 1.021635626E-02, 1.847996027E-04, 0.000000000E+00
       233, 1.022097562E-02, 1.820744365E-04, 0.000000000E+00
       234, 1.022400707E-02, 1.800622995E-04, 0.000000000E+00
       235, 1.022847835E-02, 1.771489478E-04, 0.000000000E+00
       236, 1.023164671E-02, 1.750974625E-04, 0.000000000E+00
       237, 1.023467723E-02, 1.730002987E-04, 0.000000000E+00
       238, 1.023887843E-02, 1.699831628E-04, 0.000000000E+00
       239, 1.024190895E-02, 1.676080283E-04, 0.000000000E+00
       240, 1.024566777E-02, 1.645908924E-04, 0.000000000E+00
       241, 1.024869829E-02, 1.620675030E-04, 0.000000000E+00
       242, 1.025219169E-02, 1.590503671E-04, 0.000000000E+00
       243, 1.025522221E-02, 1.563959377E-04, 0.000000000E+00
       244, 1.025845204E-02, 1.533788018E-04, 0.000000000E+00
       245, 1.026148349E-02, 1.505252731E-04, 0.000000000E+00
       246, 1.026444137E-02, 1.475081517E-04, 0.000000000E+00
       247, 1.026747283E-02, 1.443927031E-04, 0.000000000E+00
       248, 1.027019788E-02, 1.413755672E-04, 0.000000000E+00
       249, 1.027322840E-02, 1.379741589E-04, 0.000000000E+00
       250, 1.027577370E-02, 1.349570230E-04, 0.000000000E+00
       251, 1.027880423E-02, 1.312378445E-04, 0.000000000E+00
       252, 1.028117817E-02, 1.282207086E-04, 0.000000000E+00
       253, 1.028420869E-02, 1.240780402E-04, 0.000000000E+00
       254, 1.028634515E-02, 1.210609189E-04, 0.000000000E+00
       255, 1.028852351E-02, 1.176681690E-04, 0.000000000E+00
       256, 1.029126998E-02, 1.133069236E-04, 0.000000000E+00
       257, 1.029316429E-02, 1.102897877E-04, 0.000000000E+00
       258, 1.029580459E-02, 1.055996399E-04, 0.000000000E+00
       259, 1.029779390E-02, 1.018853436E-04, 0.000000000E+00
       260, 1.029938739E-02, 9.886821499E-05, 0.000000000E+00
       261, 1.030194387E-02, 9.353111091E-05, 0.000000000E+00
       262, 1.030377112E-02, 8.950365736E-05, 0.000000000E+00
       263, 1.030514110E-02, 8.648652874E-05, 0.000000000E+00
       264, 1.030712947E-02, 8.146258187E-05, 0.000000000E+00
       265, 1.030926406E-02, 7.567545254E-05, 0.000000000E+00
       266, 1.031040866E-02, 7.265831664E-05, 0.000000000E+00
       267, 1.031147502E-02, 6.939404557E-05, 0.000000000E+00
       268, 1.031323988E-02, 6.335978833E-05, 0.000000000E+00
       269, 1.031482778E-02, 5.732552017E-05, 0.000000000E+00
       270, 1.031599194E-02, 5.283590872E-05, 0.000000000E+00
       271, 1.031675842E-02, 4.981877646E-05, 0.000000000E+00
       272, 1.031772606E-02, 4.525698751E-05, 0.000000000E+00
       273, 1.031877659E-02, 3.922272299E-05, 0.000000000E+00
       274, 1.031965297E-02, 3.318845847E-05, 0.000000000E+00
       275, 1.032039337E-02, 2.715419214E-05, 0.000000000E+00
       276, 1.032100152E-02, 2.111992762E-05, 0.000000000E+00
       277, 1.032147277E-02, 1.508566311E-05, 0.000000000E+00
       278, 1.032179222E-02, 9.051397683E-06, 0.000000000E+00
       279, 1.032191236E-02, 5.778090326E-06, 0.000000000E+00
       280, 1.032194961E-02, 2.760958068E-06, 0.000000000E+00
