cellnumber,    x-coordinate,    y-coordinate,    z-coordinate
         1, 3.267122898E-03, 3.542032445E-08, 0.000000000E+00
         2, 3.267160384E-03, 3.052552984E-06, 0.000000000E+00
         3, 3.267312422E-03, 9.051397683E-06, 0.000000000E+00
         4, 3.267613240E-03, 1.508566220E-05, 0.000000000E+00
         5, 3.268036293E-03, 2.111992762E-05, 0.000000000E+00
         6, 3.268556437E-03, 2.715419214E-05, 0.000000000E+00
         7, 3.269168083E-03, 3.318845847E-05, 0.000000000E+00
         8, 3.269884270E-03, 3.922272299E-05, 0.000000000E+00
         9, 3.270738525E-03, 4.525698751E-05, 0.000000000E+00
        10, 3.271775786E-03, 5.129125566E-05, 0.000000000E+00
        11, 3.272729926E-03, 5.591217996E-05, 0.000000000E+00
        12, 3.273453563E-03, 5.892931222E-05, 0.000000000E+00
        13, 3.274500603E-03, 6.335978105E-05, 0.000000000E+00
        14, 3.275932511E-03, 6.939404557E-05, 0.000000000E+00
        15, 3.277519485E-03, 7.542831736E-05, 0.000000000E+00
        16, 3.278777469E-03, 7.956129411E-05, 0.000000000E+00
        17, 3.279834054E-03, 8.257843001E-05, 0.000000000E+00
        18, 3.281472018E-03, 8.749684639E-05, 0.000000000E+00
        19, 3.283576807E-03, 9.353111091E-05, 0.000000000E+00
        20, 3.284969600E-03, 9.712661267E-05, 0.000000000E+00
        21, 3.286280436E-03, 1.001437486E-04, 0.000000000E+00
        22, 3.288572654E-03, 1.055996399E-04, 0.000000000E+00
        23, 3.290558932E-03, 1.100629452E-04, 0.000000000E+00
        24, 3.292099107E-03, 1.130800738E-04, 0.000000000E+00
        25, 3.294352675E-03, 1.176681690E-04, 0.000000000E+00
        26, 3.296581563E-03, 1.220174308E-04, 0.000000000E+00
        27, 3.298329189E-03, 1.250345667E-04, 0.000000000E+00
        28, 3.300984390E-03, 1.297366980E-04, 0.000000000E+00
        29, 3.303044476E-03, 1.333080436E-04, 0.000000000E+00
        30, 3.304962534E-03, 1.363251795E-04, 0.000000000E+00
        31, 3.307993291E-03, 1.410091209E-04, 0.000000000E+00
        32, 3.310044995E-03, 1.440262422E-04, 0.000000000E+00
        33, 3.312641056E-03, 1.478394988E-04, 0.000000000E+00
        34, 3.315107897E-03, 1.514000032E-04, 0.000000000E+00
        35, 3.317396855E-03, 1.544171246E-04, 0.000000000E+00
        36, 3.320427379E-03, 1.583189587E-04, 0.000000000E+00
        37, 3.322910052E-03, 1.613360946E-04, 0.000000000E+00
        38, 3.325940808E-03, 1.649237820E-04, 0.000000000E+00
        39, 3.328572027E-03, 1.679409179E-04, 0.000000000E+00
        40, 3.331602551E-03, 1.712726953E-04, 0.000000000E+00
        41, 3.334399546E-03, 1.742898312E-04, 0.000000000E+00
        42, 3.337430302E-03, 1.773785043E-04, 0.000000000E+00
        43, 3.340434516E-03, 1.803956402E-04, 0.000000000E+00
        44, 3.343465272E-03, 1.832638663E-04, 0.000000000E+00
        45, 3.346702782E-03, 1.862810022E-04, 0.000000000E+00
        46, 3.349733306E-03, 1.889706182E-04, 0.000000000E+00
        47, 3.353212494E-03, 1.919877541E-04, 0.000000000E+00
        48, 3.356243251E-03, 1.945405675E-04, 0.000000000E+00
        49, 3.359981114E-03, 1.975576888E-04, 0.000000000E+00
        50, 3.363011871E-03, 1.999545057E-04, 0.000000000E+00
        51, 3.367063589E-03, 2.029122406E-04, 0.000000000E+00
        52, 3.370173275E-03, 2.051056217E-04, 0.000000000E+00
        53, 3.373203799E-03, 2.071552299E-04, 0.000000000E+00
        54, 3.377674380E-03, 2.101723658E-04, 0.000000000E+00
        55, 3.380705137E-03, 2.122219448E-04, 0.000000000E+00
        56, 3.385247663E-03, 2.150300861E-04, 0.000000000E+00
        57, 3.388600890E-03, 2.170245425E-04, 0.000000000E+00
        58, 3.391631646E-03, 2.188173385E-04, 0.000000000E+00
        59, 3.396906890E-03, 2.218344889E-04, 0.000000000E+00
        60, 3.399937414E-03, 2.235518332E-04, 0.000000000E+00
        61, 3.403431736E-03, 2.253610728E-04, 0.000000000E+00
        62, 3.408852033E-03, 2.280941844E-04, 0.000000000E+00
        63, 3.411882790E-03, 2.296522580E-04, 0.000000000E+00
        64, 3.415554296E-03, 2.313397272E-04, 0.000000000E+00
        65, 3.421615576E-03, 2.339805360E-04, 0.000000000E+00
        66, 3.424701514E-03, 2.353101881E-04, 0.000000000E+00
        67, 3.427732037E-03, 2.365919499E-04, 0.000000000E+00
        68, 3.433738137E-03, 2.390201553E-04, 0.000000000E+00
        69, 3.438154468E-03, 2.407816792E-04, 0.000000000E+00
        70, 3.441185225E-03, 2.418753575E-04, 0.000000000E+00
        71, 3.445860930E-03, 2.431901376E-04, 0.000000000E+00
        72, 3.451732453E-03, 2.448445593E-04, 0.000000000E+00
        73, 3.454763209E-03, 2.457344963E-04, 0.000000000E+00
        74, 3.457983490E-03, 2.463905548E-04, 0.000000000E+00
        75, 3.464044770E-03, 2.475381480E-04, 0.000000000E+00
        76, 3.469039220E-03, 2.484272991E-04, 0.000000000E+00
        77, 3.472069744E-03, 2.489169710E-04, 0.000000000E+00
        78, 3.476167331E-03, 2.493354259E-04, 0.000000000E+00
        79, 3.482228843E-03, 2.498083340E-04, 0.000000000E+00
        80, 3.488290124E-03, 2.501214331E-04, 0.000000000E+00
        81, 3.494351404E-03, 2.502984717E-04, 0.000000000E+00
        82, 3.500412684E-03, 2.503514115E-04, 0.000000000E+00
        83, 3.506473964E-03, 2.502964344E-04, 0.000000000E+00
        84, 3.512535477E-03, 2.501595009E-04, 0.000000000E+00
        85, 3.518596524E-03, 2.499713155E-04, 0.000000000E+00
        86, 3.524658037E-03, 2.497574023E-04, 0.000000000E+00
        87, 3.530719550E-03, 2.495332446E-04, 0.000000000E+00
        88, 3.536780830E-03, 2.493066713E-04, 0.000000000E+00
        89, 3.542842111E-03, 2.490813786E-04, 0.000000000E+00
        90, 3.548505949E-03, 2.488743339E-04, 0.000000000E+00
        91, 3.551536473E-03, 2.487586171E-04, 0.000000000E+00
        92, 3.554964671E-03, 2.486038429E-04, 0.000000000E+00
        93, 3.561025951E-03, 2.483610879E-04, 0.000000000E+00
        94, 3.567087231E-03, 2.481640549E-04, 0.000000000E+00
        95, 3.573148511E-03, 2.480048861E-04, 0.000000000E+00
        96, 3.579210024E-03, 2.478779643E-04, 0.000000000E+00
        97, 3.585271304E-03, 2.477790404E-04, 0.000000000E+00
        98, 3.591332585E-03, 2.477047383E-04, 0.000000000E+00
        99, 3.597393865E-03, 2.476521477E-04, 0.000000000E+00
       100, 3.603455145E-03, 2.476187947E-04, 0.000000000E+00
       101, 3.609516425E-03, 2.476023219E-04, 0.000000000E+00
       102, 3.615577938E-03, 2.476006921E-04, 0.000000000E+00
       103, 3.621639218E-03, 2.476118680E-04, 0.000000000E+00
       104, 3.627700498E-03, 2.476338996E-04, 0.000000000E+00
       105, 3.633761778E-03, 2.476648951E-04, 0.000000000E+00
       106, 3.639823059E-03, 2.477029338E-04, 0.000000000E+00
       107, 3.645884339E-03, 2.477463859E-04, 0.000000000E+00
       108, 3.651945852E-03, 2.477935923E-04, 0.000000000E+00
       109, 3.658007132E-03, 2.478430979E-04, 0.000000000E+00
       110, 3.664068412E-03, 2.478935639E-04, 0.000000000E+00
       111, 3.670129692E-03, 2.479437098E-04, 0.000000000E+00
       112, 3.676190972E-03, 2.479924588E-04, 0.000000000E+00
       113, 3.682252485E-03, 2.480387921E-04, 0.000000000E+00
       114, 3.688313765E-03, 2.480818657E-04, 0.000000000E+00
       115, 3.694375046E-03, 2.481210395E-04, 0.000000000E+00
       116, 3.700436326E-03, 2.481557603E-04, 0.000000000E+00
       117, 3.706497606E-03, 2.481856791E-04, 0.000000000E+00
       118, 3.712558886E-03, 2.482105629E-04, 0.000000000E+00
       119, 3.718620399E-03, 2.482303826E-04, 0.000000000E+00
       120, 3.724681679E-03, 2.482452546E-04, 0.000000000E+00
       121, 3.730742959E-03, 2.482554119E-04, 0.000000000E+00
       122, 3.736804239E-03, 2.482612326E-04, 0.000000000E+00
       123, 3.742865520E-03, 2.482631535E-04, 0.000000000E+00
       124, 3.748926800E-03, 2.482615528E-04, 0.000000000E+00
       125, 3.754988313E-03, 2.482568962E-04, 0.000000000E+00
       126, 3.761049593E-03, 2.482496784E-04, 0.000000000E+00
       127, 3.767110873E-03, 2.482404525E-04, 0.000000000E+00
       128, 3.773172153E-03, 2.482296550E-04, 0.000000000E+00
       129, 3.779233433E-03, 2.482178097E-04, 0.000000000E+00
       130, 3.785294946E-03, 2.482053824E-04, 0.000000000E+00
       131, 3.791356226E-03, 2.481927804E-04, 0.000000000E+00
       132, 3.797417507E-03, 2.481803531E-04, 0.000000000E+00
       133, 3.803478787E-03, 2.481683623E-04, 0.000000000E+00
       134, 3.809540067E-03, 2.481569536E-04, 0.000000000E+00
       135, 3.815601347E-03, 2.481463016E-04, 0.000000000E+00
       136, 3.821662860E-03, 2.481363772E-04, 0.000000000E+00
       137, 3.827724140E-03, 2.481271804E-04, 0.000000000E+00
       138, 3.833785420E-03, 2.481187403E-04, 0.000000000E+00
       139, 3.839846700E-03, 2.481109696E-04, 0.000000000E+00
       140, 3.845907981E-03, 2.481038973E-04, 0.000000000E+00
       141, 3.851969261E-03, 2.480974363E-04, 0.000000000E+00
       142, 3.858030774E-03, 2.480915282E-04, 0.000000000E+00
       143, 3.864092054E-03, 2.480858820E-04, 0.000000000E+00
       144, 3.870153334E-03, 2.480803523E-04, 0.000000000E+00
       145, 3.876214614E-03, 2.480745316E-04, 0.000000000E+00
       146, 3.882275894E-03, 2.480682160E-04, 0.000000000E+00
       147, 3.888337174E-03, 2.480611729E-04, 0.000000000E+00
       148, 3.894398687E-03, 2.480531984E-04, 0.000000000E+00
       149, 3.900459968E-03, 2.480441763E-04, 0.000000000E+00
       150, 3.906521015E-03, 2.480339608E-04, 0.000000000E+00
       151, 3.912582528E-03, 2.480222611E-04, 0.000000000E+00
       152, 3.918643575E-03, 2.480086696E-04, 0.000000000E+00
       153, 3.924705088E-03, 2.479927207E-04, 0.000000000E+00
       154, 3.930766601E-03, 2.479738614E-04, 0.000000000E+00
       155, 3.936827648E-03, 2.479516843E-04, 0.000000000E+00
       156, 3.942889161E-03, 2.479258110E-04, 0.000000000E+00
       157, 3.948950209E-03, 2.478958922E-04, 0.000000000E+00
       158, 3.955011722E-03, 2.478616370E-04, 0.000000000E+00
       159, 3.961073235E-03, 2.478225506E-04, 0.000000000E+00
       160, 3.967134282E-03, 2.477779926E-04, 0.000000000E+00
       161, 3.973195795E-03, 2.477271773E-04, 0.000000000E+00
       162, 3.979256842E-03, 2.476692316E-04, 0.000000000E+00
       163, 3.985318355E-03, 2.476032532E-04, 0.000000000E+00
       164, 3.991379403E-03, 2.475284855E-04, 0.000000000E+00
       165, 3.997440916E-03, 2.474442008E-04, 0.000000000E+00
       166, 4.003502429E-03, 2.473498171E-04, 0.000000000E+00
       167, 4.009563476E-03, 2.472443739E-04, 0.000000000E+00
       168, 4.015624989E-03, 2.471267944E-04, 0.000000000E+00
       169, 4.021686036E-03, 2.469954779E-04, 0.000000000E+00
       170, 4.027747549E-03, 2.468484454E-04, 0.000000000E+00
       171, 4.033809062E-03, 2.466831065E-04, 0.000000000E+00
       172, 4.039870109E-03, 2.464960853E-04, 0.000000000E+00
       173, 4.045931622E-03, 2.462828706E-04, 0.000000000E+00
       174, 4.051992670E-03, 2.460364194E-04, 0.000000000E+00
       175, 4.057124723E-03, 2.457964001E-04, 0.000000000E+00
       176, 4.060155246E-03, 2.456211951E-04, 0.000000000E+00
       177, 4.064115696E-03, 2.453273919E-04, 0.000000000E+00
       178, 4.070176743E-03, 2.448746236E-04, 0.000000000E+00
       179, 4.076238256E-03, 2.444181009E-04, 0.000000000E+00
       180, 4.082299303E-03, 2.439534146E-04, 0.000000000E+00
       181, 4.088360816E-03, 2.434688358E-04, 0.000000000E+00
       182, 4.094422329E-03, 2.429478918E-04, 0.000000000E+00
       183, 4.100483377E-03, 2.423787664E-04, 0.000000000E+00
       184, 4.106535111E-03, 2.417258074E-04, 0.000000000E+00
       185, 4.109565634E-03, 2.413688781E-04, 0.000000000E+00
       186, 4.112605937E-03, 2.408270084E-04, 0.000000000E+00
       187, 4.118667450E-03, 2.397978242E-04, 0.000000000E+00
       188, 4.124728497E-03, 2.388076100E-04, 0.000000000E+00
       189, 4.130790010E-03, 2.377207129E-04, 0.000000000E+00
       190, 4.136851523E-03, 2.364917600E-04, 0.000000000E+00
       191, 4.140948411E-03, 2.355924516E-04, 0.000000000E+00
       192, 4.143978935E-03, 2.348762791E-04, 0.000000000E+00
       193, 4.148974083E-03, 2.336726320E-04, 0.000000000E+00
       194, 4.155035596E-03, 2.321977663E-04, 0.000000000E+00
       195, 4.161096644E-03, 2.306509705E-04, 0.000000000E+00
       196, 4.164842423E-03, 2.295687591E-04, 0.000000000E+00
       197, 4.167873412E-03, 2.284806833E-04, 0.000000000E+00
       198, 4.173219204E-03, 2.266840747E-04, 0.000000000E+00
       199, 4.179280717E-03, 2.246399672E-04, 0.000000000E+00
       200, 4.182632081E-03, 2.234194253E-04, 0.000000000E+00
       201, 4.185663071E-03, 2.220894385E-04, 0.000000000E+00
       202, 4.191403277E-03, 2.196104615E-04, 0.000000000E+00
       203, 4.195533227E-03, 2.177717106E-04, 0.000000000E+00
       204, 4.198563751E-03, 2.163234749E-04, 0.000000000E+00
       205, 4.203525838E-03, 2.139142744E-04, 0.000000000E+00
       206, 4.207547754E-03, 2.118072152E-04, 0.000000000E+00
       207, 4.210577812E-03, 2.100043348E-04, 0.000000000E+00
       208, 4.215648398E-03, 2.071699564E-04, 0.000000000E+00
       209, 4.218944348E-03, 2.053477656E-04, 0.000000000E+00
       210, 4.221974872E-03, 2.034076606E-04, 0.000000000E+00
       211, 4.226526711E-03, 2.003905392E-04, 0.000000000E+00
       212, 4.229557700E-03, 1.982363901E-04, 0.000000000E+00
       213, 4.233832471E-03, 1.953332103E-04, 0.000000000E+00
       214, 4.237006418E-03, 1.932104351E-04, 0.000000000E+00
       215, 4.240036942E-03, 1.909495331E-04, 0.000000000E+00
       216, 4.243943840E-03, 1.879323972E-04, 0.000000000E+00
       217, 4.246974830E-03, 1.853886060E-04, 0.000000000E+00
       218, 4.250525497E-03, 1.823714847E-04, 0.000000000E+00
       219, 4.253556021E-03, 1.797145233E-04, 0.000000000E+00
       220, 4.256892018E-03, 1.766973874E-04, 0.000000000E+00
       221, 4.259922542E-03, 1.738516294E-04, 0.000000000E+00
       222, 4.262995906E-03, 1.708344935E-04, 0.000000000E+00
       223, 4.266026430E-03, 1.677718683E-04, 0.000000000E+00
       224, 4.268905148E-03, 1.647547469E-04, 0.000000000E+00
       225, 4.271935672E-03, 1.614844659E-04, 0.000000000E+00
       226, 4.274639767E-03, 1.584673300E-04, 0.000000000E+00
       227, 4.277670290E-03, 1.549297594E-04, 0.000000000E+00
       228, 4.280185793E-03, 1.519126236E-04, 0.000000000E+00
       229, 4.283216316E-03, 1.480137871E-04, 0.000000000E+00
       230, 4.285495263E-03, 1.449966512E-04, 0.000000000E+00
       231, 4.287722055E-03, 1.418052270E-04, 0.000000000E+00
       232, 4.290611017E-03, 1.376467262E-04, 0.000000000E+00
       233, 4.292700440E-03, 1.346296049E-04, 0.000000000E+00
       234, 4.295730963E-03, 1.299675932E-04, 0.000000000E+00
       235, 4.297636449E-03, 1.269504573E-04, 0.000000000E+00
       236, 4.299517721E-03, 1.237024262E-04, 0.000000000E+00
       237, 4.302387591E-03, 1.186696609E-04, 0.000000000E+00
       238, 4.304133356E-03, 1.156525250E-04, 0.000000000E+00
       239, 4.306182265E-03, 1.116339045E-04, 0.000000000E+00
       240, 4.308617674E-03, 1.066455807E-04, 0.000000000E+00
       241, 4.310139921E-03, 1.036284448E-04, 0.000000000E+00
       242, 4.311943892E-03, 9.956536815E-05, 0.000000000E+00
       243, 4.314433318E-03, 9.358146053E-05, 0.000000000E+00
       244, 4.315683618E-03, 9.056433191E-05, 0.000000000E+00
       245, 4.316881765E-03, 8.749684639E-05, 0.000000000E+00
       246, 4.319028463E-03, 8.146258187E-05, 0.000000000E+00
       247, 4.320860840E-03, 7.582920080E-05, 0.000000000E+00
       248, 4.321863409E-03, 7.281207218E-05, 0.000000000E+00
       249, 4.322918598E-03, 6.939404557E-05, 0.000000000E+00
       250, 4.324571695E-03, 6.335978105E-05, 0.000000000E+00
       251, 4.325975664E-03, 5.732551654E-05, 0.000000000E+00
       252, 4.327211995E-03, 5.170176883E-05, 0.000000000E+00
       253, 4.327877890E-03, 4.868463657E-05, 0.000000000E+00
       254, 4.328543786E-03, 4.525698751E-05, 0.000000000E+00
       255, 4.329569172E-03, 3.922272299E-05, 0.000000000E+00
       256, 4.330392461E-03, 3.318845847E-05, 0.000000000E+00
       257, 4.331058823E-03, 2.715419214E-05, 0.000000000E+00
       258, 4.331592005E-03, 2.111992762E-05, 0.000000000E+00
       259, 4.331996199E-03, 1.508566311E-05, 0.000000000E+00
       260, 4.332262091E-03, 9.051397683E-06, 0.000000000E+00
       261, 4.332364537E-03, 5.300876182E-06, 0.000000000E+00
       262, 4.332396667E-03, 2.283743697E-06, 0.000000000E+00
