cellnumber,    x-coordinate,    y-coordinate,    z-coordinate
         1, 9.144086391E-03, 1.895492005E-06, 0.000000000E+00
         2, 9.144371375E-03, 4.912624718E-06, 0.000000000E+00
         3, 9.145498276E-03, 8.224258636E-06, 0.000000000E+00
         4, 9.146983735E-03, 1.124139180E-05, 0.000000000E+00
         5, 9.150015190E-03, 1.445113139E-05, 0.000000000E+00
         6, 9.153824300E-03, 1.746826274E-05, 0.000000000E+00
         7, 9.156854823E-03, 1.891487773E-05, 0.000000000E+00
         8, 9.161686525E-03, 2.013698395E-05, 0.000000000E+00
         9, 9.167747572E-03, 2.016905637E-05, 0.000000000E+00
        10, 9.172689170E-03, 1.894694833E-05, 0.000000000E+00
        11, 9.175720625E-03, 1.753198740E-05, 0.000000000E+00
        12, 9.179532528E-03, 1.451485423E-05, 0.000000000E+00
        13, 9.182563052E-03, 1.146513569E-05, 0.000000000E+00
        14, 9.184058756E-03, 8.448003427E-06, 0.000000000E+00
        15, 9.185376577E-03, 4.329778676E-06, 0.000000000E+00
        16, 9.185646661E-03, 1.312646305E-06, 0.000000000E+00
        17, 9.518475272E-03, 1.154426513E-06, 0.000000000E+00
        18, 9.518760256E-03, 4.171558885E-06, 0.000000000E+00
        19, 9.519927204E-03, 9.051397683E-06, 0.000000000E+00
        20, 9.521630593E-03, 1.300347503E-05, 0.000000000E+00
        21, 9.524165653E-03, 1.602060729E-05, 0.000000000E+00
        22, 9.527196176E-03, 1.906625766E-05, 0.000000000E+00
        23, 9.531426243E-03, 2.143318125E-05, 0.000000000E+00
        24, 9.537488222E-03, 2.329330528E-05, 0.000000000E+00
        25, 9.543549269E-03, 2.364177999E-05, 0.000000000E+00
        26, 9.549610317E-03, 2.272989332E-05, 0.000000000E+00
        27, 9.555560537E-03, 2.001449866E-05, 0.000000000E+00
        28, 9.558591992E-03, 1.799664642E-05, 0.000000000E+00
        29, 9.561063722E-03, 1.497951416E-05, 0.000000000E+00
        30, 9.564095177E-03, 1.035078003E-05, 0.000000000E+00
        31, 9.565263055E-03, 7.333647318E-06, 0.000000000E+00
        32, 9.566009976E-03, 3.759971833E-06, 0.000000000E+00
        33, 9.566303343E-03, 7.428393474E-07, 0.000000000E+00
        34, 9.635115974E-03, 1.845024826E-06, 0.000000000E+00
        35, 9.635160677E-03, 4.862157311E-06, 0.000000000E+00
        36, 9.635320865E-03, 9.051397683E-06, 0.000000000E+00
        37, 9.635722265E-03, 1.508566220E-05, 0.000000000E+00
        38, 9.636368603E-03, 2.111992762E-05, 0.000000000E+00
        39, 9.637128562E-03, 2.619273073E-05, 0.000000000E+00
        40, 9.637678042E-03, 2.920986117E-05, 0.000000000E+00
        41, 9.638472460E-03, 3.318845847E-05, 0.000000000E+00
        42, 9.639757685E-03, 3.922272299E-05, 0.000000000E+00
        43, 9.641217068E-03, 4.525698751E-05, 0.000000000E+00
        44, 9.642783552E-03, 5.059072282E-05, 0.000000000E+00
        45, 9.643810801E-03, 5.360785508E-05, 0.000000000E+00
        46, 9.645093232E-03, 5.732551654E-05, 0.000000000E+00
        47, 9.647218511E-03, 6.335978833E-05, 0.000000000E+00
        48, 9.648967534E-03, 6.784660218E-05, 0.000000000E+00
        49, 9.650311433E-03, 7.086373807E-05, 0.000000000E+00
        50, 9.652234614E-03, 7.542831736E-05, 0.000000000E+00
        51, 9.654575959E-03, 8.077042003E-05, 0.000000000E+00
        52, 9.656038135E-03, 8.378755592E-05, 0.000000000E+00
        53, 9.657748044E-03, 8.749684639E-05, 0.000000000E+00
        54, 9.660424665E-03, 9.321652760E-05, 0.000000000E+00
        55, 9.661915712E-03, 9.623365622E-05, 0.000000000E+00
        56, 9.663493372E-03, 9.956537542E-05, 0.000000000E+00
        57, 9.666336700E-03, 1.055996399E-04, 0.000000000E+00
        58, 9.667789564E-03, 1.086488337E-04, 0.000000000E+00
        59, 9.669179097E-03, 1.116659696E-04, 0.000000000E+00
        60, 9.671842679E-03, 1.176681690E-04, 0.000000000E+00
        61, 9.673500434E-03, 1.214712829E-04, 0.000000000E+00
        62, 9.674845263E-03, 1.244884188E-04, 0.000000000E+00
        63, 9.676944464E-03, 1.297366980E-04, 0.000000000E+00
        64, 9.678998031E-03, 1.350832026E-04, 0.000000000E+00
        65, 9.680221789E-03, 1.381003385E-04, 0.000000000E+00
        66, 9.681553580E-03, 1.418052270E-04, 0.000000000E+00
        67, 9.683553129E-03, 1.478394988E-04, 0.000000000E+00
        68, 9.685250930E-03, 1.530253649E-04, 0.000000000E+00
        69, 9.686292149E-03, 1.560425007E-04, 0.000000000E+00
        70, 9.687486105E-03, 1.599080279E-04, 0.000000000E+00
        71, 9.689185768E-03, 1.659422851E-04, 0.000000000E+00
        72, 9.690872394E-03, 1.719765569E-04, 0.000000000E+00
        73, 9.691900574E-03, 1.754715922E-04, 0.000000000E+00
        74, 9.692793712E-03, 1.784887281E-04, 0.000000000E+00
        75, 9.694337845E-03, 1.840450859E-04, 0.000000000E+00
        76, 9.695990011E-03, 1.900793577E-04, 0.000000000E+00
        77, 9.697476402E-03, 1.949318830E-04, 0.000000000E+00
        78, 9.698536247E-03, 1.979490044E-04, 0.000000000E+00
        79, 9.699963965E-03, 2.021478867E-04, 0.000000000E+00
        80, 9.702141397E-03, 2.081821440E-04, 0.000000000E+00
        81, 9.703745134E-03, 2.120786521E-04, 0.000000000E+00
        82, 9.705184959E-03, 2.150957880E-04, 0.000000000E+00
        83, 9.707893245E-03, 2.202506730E-04, 0.000000000E+00
        84, 9.709913284E-03, 2.237802109E-04, 0.000000000E+00
        85, 9.711912833E-03, 2.267973323E-04, 0.000000000E+00
        86, 9.714943357E-03, 2.306994138E-04, 0.000000000E+00
        87, 9.719328023E-03, 2.334564197E-04, 0.000000000E+00
        88, 9.725389071E-03, 2.349712740E-04, 0.000000000E+00
        89, 9.731450118E-03, 2.342872031E-04, 0.000000000E+00
        90, 9.737512097E-03, 2.322231594E-04, 0.000000000E+00
        91, 9.742160328E-03, 2.301502100E-04, 0.000000000E+00
        92, 9.745190851E-03, 2.285384689E-04, 0.000000000E+00
        93, 9.749634191E-03, 2.262176858E-04, 0.000000000E+00
        94, 9.754044935E-03, 2.239641617E-04, 0.000000000E+00
        95, 9.757075459E-03, 2.224565251E-04, 0.000000000E+00
        96, 9.761757217E-03, 2.204298944E-04, 0.000000000E+00
        97, 9.767281823E-03, 2.182240569E-04, 0.000000000E+00
        98, 9.770312347E-03, 2.170071966E-04, 0.000000000E+00
        99, 9.773879312E-03, 2.158744755E-04, 0.000000000E+00
       100, 9.779941291E-03, 2.142251906E-04, 0.000000000E+00
       101, 9.786002338E-03, 2.127963380E-04, 0.000000000E+00
       102, 9.791282937E-03, 2.116548276E-04, 0.000000000E+00
       103, 9.794313461E-03, 2.110357746E-04, 0.000000000E+00
       104, 9.798124433E-03, 2.104297164E-04, 0.000000000E+00
       105, 9.804186411E-03, 2.096860990E-04, 0.000000000E+00
       106, 9.810247459E-03, 2.091974748E-04, 0.000000000E+00
       107, 9.816308506E-03, 2.089388145E-04, 0.000000000E+00
       108, 9.822370484E-03, 2.089062764E-04, 0.000000000E+00
       109, 9.828431532E-03, 2.090953931E-04, 0.000000000E+00
       110, 9.834492579E-03, 2.095190284E-04, 0.000000000E+00
       111, 9.840554558E-03, 2.102055441E-04, 0.000000000E+00
       112, 9.845090099E-03, 2.109091001E-04, 0.000000000E+00
       113, 9.848120622E-03, 2.114982781E-04, 0.000000000E+00
       114, 9.852676652E-03, 2.124519378E-04, 0.000000000E+00
       115, 9.858737700E-03, 2.138433774E-04, 0.000000000E+00
       116, 9.864799678E-03, 2.154522372E-04, 0.000000000E+00
       117, 9.869130328E-03, 2.167789498E-04, 0.000000000E+00
       118, 9.872160852E-03, 2.178415307E-04, 0.000000000E+00
       119, 9.876921773E-03, 2.194258559E-04, 0.000000000E+00
       120, 9.882983752E-03, 2.213609259E-04, 0.000000000E+00
       121, 9.887503460E-03, 2.227937366E-04, 0.000000000E+00
       122, 9.890533984E-03, 2.237479348E-04, 0.000000000E+00
       123, 9.895105846E-03, 2.248749661E-04, 0.000000000E+00
       124, 9.901167825E-03, 2.259156754E-04, 0.000000000E+00
       125, 9.907228872E-03, 2.264786162E-04, 0.000000000E+00
       126, 9.913289919E-03, 2.266053489E-04, 0.000000000E+00
       127, 9.919350967E-03, 2.263305360E-04, 0.000000000E+00
       128, 9.925412945E-03, 2.256737935E-04, 0.000000000E+00
       129, 9.931473993E-03, 2.246722288E-04, 0.000000000E+00
       130, 9.936370887E-03, 2.236814180E-04, 0.000000000E+00
       131, 9.939402342E-03, 2.230028767E-04, 0.000000000E+00
       132, 9.943597019E-03, 2.221206087E-04, 0.000000000E+00
       133, 9.949658066E-03, 2.209385420E-04, 0.000000000E+00
       134, 9.955719113E-03, 2.198379370E-04, 0.000000000E+00
       135, 9.961781092E-03, 2.188057697E-04, 0.000000000E+00
       136, 9.967842139E-03, 2.178641153E-04, 0.000000000E+00
       137, 9.971632622E-03, 2.173261455E-04, 0.000000000E+00
       138, 9.974663146E-03, 2.169611980E-04, 0.000000000E+00
       139, 9.979964234E-03, 2.164412581E-04, 0.000000000E+00
       140, 9.986026213E-03, 2.160358563E-04, 0.000000000E+00
       141, 9.992087260E-03, 2.158060815E-04, 0.000000000E+00
       142, 9.998148307E-03, 2.157390409E-04, 0.000000000E+00
       143, 1.000420935E-02, 2.158167190E-04, 0.000000000E+00
       144, 1.001027133E-02, 2.160324657E-04, 0.000000000E+00
       145, 1.001633238E-02, 2.163877944E-04, 0.000000000E+00
       146, 1.002239343E-02, 2.168868232E-04, 0.000000000E+00
       147, 1.002568379E-02, 2.172035602E-04, 0.000000000E+00
       148, 1.002871338E-02, 2.175440168E-04, 0.000000000E+00
       149, 1.003451645E-02, 2.181986347E-04, 0.000000000E+00
       150, 1.004057750E-02, 2.188779326E-04, 0.000000000E+00
       151, 1.004663948E-02, 2.195312409E-04, 0.000000000E+00
       152, 1.005270053E-02, 2.201434545E-04, 0.000000000E+00
       153, 1.005876157E-02, 2.207014040E-04, 0.000000000E+00
       154, 1.006482262E-02, 2.211914252E-04, 0.000000000E+00
       155, 1.007088460E-02, 2.215941786E-04, 0.000000000E+00
       156, 1.007694565E-02, 2.218875743E-04, 0.000000000E+00
       157, 1.008300669E-02, 2.220527094E-04, 0.000000000E+00
       158, 1.008906867E-02, 2.220729948E-04, 0.000000000E+00
       159, 1.009512972E-02, 2.219362068E-04, 0.000000000E+00
       160, 1.010119077E-02, 2.216429566E-04, 0.000000000E+00
       161, 1.010725182E-02, 2.212054387E-04, 0.000000000E+00
       162, 1.011331379E-02, 2.206434438E-04, 0.000000000E+00
       163, 1.011937484E-02, 2.199786686E-04, 0.000000000E+00
       164, 1.012543589E-02, 2.192203101E-04, 0.000000000E+00
       165, 1.013149787E-02, 2.183814213E-04, 0.000000000E+00
       166, 1.013692282E-02, 2.175893605E-04, 0.000000000E+00
       167, 1.013995335E-02, 2.171347005E-04, 0.000000000E+00
       168, 1.014361996E-02, 2.166355553E-04, 0.000000000E+00
       169, 1.014968101E-02, 2.158984571E-04, 0.000000000E+00
       170, 1.015574299E-02, 2.152827510E-04, 0.000000000E+00
       171, 1.016180404E-02, 2.147900668E-04, 0.000000000E+00
       172, 1.016786508E-02, 2.144257305E-04, 0.000000000E+00
       173, 1.017392706E-02, 2.141895966E-04, 0.000000000E+00
       174, 1.017998811E-02, 2.140860161E-04, 0.000000000E+00
       175, 1.018604916E-02, 2.141128352E-04, 0.000000000E+00
       176, 1.019211113E-02, 2.142651792E-04, 0.000000000E+00
       177, 1.019817218E-02, 2.145400504E-04, 0.000000000E+00
       178, 1.020423323E-02, 2.149280044E-04, 0.000000000E+00
       179, 1.021029428E-02, 2.154151298E-04, 0.000000000E+00
       180, 1.021635626E-02, 2.159923170E-04, 0.000000000E+00
       181, 1.022241730E-02, 2.166575723E-04, 0.000000000E+00
       182, 1.022633258E-02, 2.171229135E-04, 0.000000000E+00
       183, 1.022936404E-02, 2.174962137E-04, 0.000000000E+00
       184, 1.023453940E-02, 2.180808515E-04, 0.000000000E+00
       185, 1.024060138E-02, 2.186616330E-04, 0.000000000E+00
       186, 1.024666242E-02, 2.191125386E-04, 0.000000000E+00
       187, 1.025272347E-02, 2.194351546E-04, 0.000000000E+00
       188, 1.025878545E-02, 2.196333226E-04, 0.000000000E+00
       189, 1.026484650E-02, 2.197045542E-04, 0.000000000E+00
       190, 1.027090847E-02, 2.196492569E-04, 0.000000000E+00
       191, 1.027696952E-02, 2.194713015E-04, 0.000000000E+00
       192, 1.028303057E-02, 2.191817039E-04, 0.000000000E+00
       193, 1.028909162E-02, 2.187966020E-04, 0.000000000E+00
       194, 1.029515266E-02, 2.183316828E-04, 0.000000000E+00
       195, 1.030121464E-02, 2.178042196E-04, 0.000000000E+00
       196, 1.030576229E-02, 2.173803368E-04, 0.000000000E+00
       197, 1.030879281E-02, 2.170861553E-04, 0.000000000E+00
       198, 1.031333767E-02, 2.166649356E-04, 0.000000000E+00
       199, 1.031939872E-02, 2.161402663E-04, 0.000000000E+00
       200, 1.032545976E-02, 2.156611736E-04, 0.000000000E+00
       201, 1.033152081E-02, 2.152263623E-04, 0.000000000E+00
       202, 1.033758279E-02, 2.148336062E-04, 0.000000000E+00
       203, 1.034364384E-02, 2.144813625E-04, 0.000000000E+00
       204, 1.034970488E-02, 2.141679724E-04, 0.000000000E+00
       205, 1.035576593E-02, 2.138914715E-04, 0.000000000E+00
       206, 1.036182791E-02, 2.136517724E-04, 0.000000000E+00
       207, 1.036788896E-02, 2.134481474E-04, 0.000000000E+00
       208, 1.037395000E-02, 2.132802038E-04, 0.000000000E+00
       209, 1.038001198E-02, 2.131497022E-04, 0.000000000E+00
       210, 1.038607303E-02, 2.130563807E-04, 0.000000000E+00
       211, 1.039213501E-02, 2.130012872E-04, 0.000000000E+00
       212, 1.039819606E-02, 2.129866334E-04, 0.000000000E+00
       213, 1.040425710E-02, 2.130118955E-04, 0.000000000E+00
       214, 1.041031815E-02, 2.130776993E-04, 0.000000000E+00
       215, 1.041637920E-02, 2.131830843E-04, 0.000000000E+00
       216, 1.042244118E-02, 2.133235830E-04, 0.000000000E+00
       217, 1.042850222E-02, 2.134939423E-04, 0.000000000E+00
       218, 1.043456420E-02, 2.136872354E-04, 0.000000000E+00
       219, 1.044062432E-02, 2.138955169E-04, 0.000000000E+00
       220, 1.044668630E-02, 2.141106233E-04, 0.000000000E+00
       221, 1.045274734E-02, 2.143230231E-04, 0.000000000E+00
       222, 1.045880839E-02, 2.145235630E-04, 0.000000000E+00
       223, 1.046487037E-02, 2.147038176E-04, 0.000000000E+00
       224, 1.047093142E-02, 2.148543863E-04, 0.000000000E+00
       225, 1.047699247E-02, 2.149683423E-04, 0.000000000E+00
       226, 1.048305444E-02, 2.150404034E-04, 0.000000000E+00
       227, 1.048911549E-02, 2.150653308E-04, 0.000000000E+00
       228, 1.049517654E-02, 2.150392975E-04, 0.000000000E+00
       229, 1.050123852E-02, 2.149575157E-04, 0.000000000E+00
       230, 1.050729956E-02, 2.148179919E-04, 0.000000000E+00
       231, 1.051336061E-02, 2.146241895E-04, 0.000000000E+00
       232, 1.051942166E-02, 2.143809397E-04, 0.000000000E+00
       233, 1.052548364E-02, 2.140930155E-04, 0.000000000E+00
       234, 1.053154469E-02, 2.137650881E-04, 0.000000000E+00
       235, 1.053760573E-02, 2.134009555E-04, 0.000000000E+00
       236, 1.054366771E-02, 2.130039065E-04, 0.000000000E+00
       237, 1.054972876E-02, 2.125768078E-04, 0.000000000E+00
       238, 1.055578981E-02, 2.121209254E-04, 0.000000000E+00
       239, 1.056185178E-02, 2.116381074E-04, 0.000000000E+00
       240, 1.056602411E-02, 2.112948132E-04, 0.000000000E+00
       241, 1.056905370E-02, 2.110419009E-04, 0.000000000E+00
       242, 1.057397388E-02, 2.106508036E-04, 0.000000000E+00
       243, 1.058003493E-02, 2.102001308E-04, 0.000000000E+00
       244, 1.058609691E-02, 2.097815595E-04, 0.000000000E+00
       245, 1.059215795E-02, 2.093930234E-04, 0.000000000E+00
       246, 1.059821900E-02, 2.090334165E-04, 0.000000000E+00
       247, 1.060428098E-02, 2.087019529E-04, 0.000000000E+00
       248, 1.061034203E-02, 2.083981963E-04, 0.000000000E+00
       249, 1.061640307E-02, 2.081217535E-04, 0.000000000E+00
       250, 1.062246505E-02, 2.078728430E-04, 0.000000000E+00
       251, 1.062852610E-02, 2.076518576E-04, 0.000000000E+00
       252, 1.063458715E-02, 2.074584336E-04, 0.000000000E+00
       253, 1.064064819E-02, 2.072927309E-04, 0.000000000E+00
       254, 1.064671017E-02, 2.071544004E-04, 0.000000000E+00
       255, 1.065277122E-02, 2.070422343E-04, 0.000000000E+00
       256, 1.065883227E-02, 2.069561888E-04, 0.000000000E+00
       257, 1.066489331E-02, 2.068947360E-04, 0.000000000E+00
       258, 1.067095529E-02, 2.068558242E-04, 0.000000000E+00
       259, 1.067701634E-02, 2.068387985E-04, 0.000000000E+00
       260, 1.068307739E-02, 2.068401227E-04, 0.000000000E+00
       261, 1.068913843E-02, 2.068549074E-04, 0.000000000E+00
       262, 1.069520041E-02, 2.068800386E-04, 0.000000000E+00
       263, 1.070126146E-02, 2.069122856E-04, 0.000000000E+00
       264, 1.070732251E-02, 2.069473994E-04, 0.000000000E+00
       265, 1.071338356E-02, 2.069814655E-04, 0.000000000E+00
       266, 1.071944553E-02, 2.070103219E-04, 0.000000000E+00
       267, 1.072550658E-02, 2.070298942E-04, 0.000000000E+00
       268, 1.073156856E-02, 2.070373012E-04, 0.000000000E+00
       269, 1.073762961E-02, 2.070286282E-04, 0.000000000E+00
       270, 1.074369159E-02, 2.069997572E-04, 0.000000000E+00
       271, 1.074975263E-02, 2.069476468E-04, 0.000000000E+00
       272, 1.075581368E-02, 2.068681060E-04, 0.000000000E+00
       273, 1.076187473E-02, 2.067564637E-04, 0.000000000E+00
       274, 1.076793578E-02, 2.066095622E-04, 0.000000000E+00
       275, 1.077399775E-02, 2.064250730E-04, 0.000000000E+00
       276, 1.078005880E-02, 2.062008134E-04, 0.000000000E+00
       277, 1.078611985E-02, 2.059342369E-04, 0.000000000E+00
       278, 1.079218183E-02, 2.056220692E-04, 0.000000000E+00
       279, 1.079749595E-02, 2.053095668E-04, 0.000000000E+00
       280, 1.080052648E-02, 2.051169577E-04, 0.000000000E+00
       281, 1.080430392E-02, 2.048669849E-04, 0.000000000E+00
       282, 1.081036497E-02, 2.044600260E-04, 0.000000000E+00
       283, 1.081642695E-02, 2.040466643E-04, 0.000000000E+00
       284, 1.082248800E-02, 2.036270307E-04, 0.000000000E+00
       285, 1.082854904E-02, 2.032014017E-04, 0.000000000E+00
       286, 1.083461102E-02, 2.027691808E-04, 0.000000000E+00
       287, 1.084067207E-02, 2.023291599E-04, 0.000000000E+00
       288, 1.084673312E-02, 2.018796076E-04, 0.000000000E+00
       289, 1.085279509E-02, 2.014177444E-04, 0.000000000E+00
       290, 1.085885614E-02, 2.009405434E-04, 0.000000000E+00
       291, 1.086491719E-02, 2.004439011E-04, 0.000000000E+00
       292, 1.087097824E-02, 1.999222295E-04, 0.000000000E+00
       293, 1.087680180E-02, 1.993925689E-04, 0.000000000E+00
       294, 1.087983232E-02, 1.991075551E-04, 0.000000000E+00
       295, 1.088310126E-02, 1.988068252E-04, 0.000000000E+00
       296, 1.088916231E-02, 1.982718968E-04, 0.000000000E+00
       297, 1.089522429E-02, 1.977692882E-04, 0.000000000E+00
       298, 1.090128534E-02, 1.972864557E-04, 0.000000000E+00
       299, 1.090734638E-02, 1.968149882E-04, 0.000000000E+00
       300, 1.091340743E-02, 1.963488903E-04, 0.000000000E+00
       301, 1.091946941E-02, 1.958830835E-04, 0.000000000E+00
       302, 1.092553046E-02, 1.954105683E-04, 0.000000000E+00
       303, 1.093159150E-02, 1.949242578E-04, 0.000000000E+00
       304, 1.093765348E-02, 1.944158575E-04, 0.000000000E+00
       305, 1.094371453E-02, 1.938745845E-04, 0.000000000E+00
       306, 1.094925124E-02, 1.933454332E-04, 0.000000000E+00
       307, 1.095228177E-02, 1.930429426E-04, 0.000000000E+00
       308, 1.095583756E-02, 1.926940313E-04, 0.000000000E+00
       309, 1.096189860E-02, 1.921200892E-04, 0.000000000E+00
       310, 1.096795965E-02, 1.915727480E-04, 0.000000000E+00
       311, 1.097402070E-02, 1.910379069E-04, 0.000000000E+00
       312, 1.098008268E-02, 1.905045356E-04, 0.000000000E+00
       313, 1.098614372E-02, 1.899672934E-04, 0.000000000E+00
       314, 1.099220477E-02, 1.894209854E-04, 0.000000000E+00
       315, 1.099826675E-02, 1.888583793E-04, 0.000000000E+00
       316, 1.100432780E-02, 1.882680081E-04, 0.000000000E+00
       317, 1.101038884E-02, 1.876340684E-04, 0.000000000E+00
       318, 1.101446990E-02, 1.871832210E-04, 0.000000000E+00
       319, 1.101750135E-02, 1.868383988E-04, 0.000000000E+00
       320, 1.102251187E-02, 1.862955687E-04, 0.000000000E+00
       321, 1.102857292E-02, 1.856728632E-04, 0.000000000E+00
       322, 1.103463396E-02, 1.850731351E-04, 0.000000000E+00
       323, 1.104069594E-02, 1.844794751E-04, 0.000000000E+00
       324, 1.104675699E-02, 1.838751632E-04, 0.000000000E+00
       325, 1.105281804E-02, 1.832530834E-04, 0.000000000E+00
       326, 1.105888002E-02, 1.826132648E-04, 0.000000000E+00
       327, 1.106494106E-02, 1.819464087E-04, 0.000000000E+00
       328, 1.107034087E-02, 1.813159761E-04, 0.000000000E+00
       329, 1.107337140E-02, 1.809458627E-04, 0.000000000E+00
       330, 1.107706409E-02, 1.805047359E-04, 0.000000000E+00
       331, 1.108312514E-02, 1.798095618E-04, 0.000000000E+00
       332, 1.108918618E-02, 1.791490795E-04, 0.000000000E+00
       333, 1.109524723E-02, 1.784943597E-04, 0.000000000E+00
       334, 1.110130921E-02, 1.778206497E-04, 0.000000000E+00
       335, 1.110737026E-02, 1.771159004E-04, 0.000000000E+00
       336, 1.111343130E-02, 1.763667969E-04, 0.000000000E+00
       337, 1.111949235E-02, 1.755527192E-04, 0.000000000E+00
       338, 1.112295873E-02, 1.750600350E-04, 0.000000000E+00
       339, 1.112598926E-02, 1.746173657E-04, 0.000000000E+00
       340, 1.113161538E-02, 1.738368155E-04, 0.000000000E+00
       341, 1.113767643E-02, 1.730385993E-04, 0.000000000E+00
       342, 1.114373840E-02, 1.722302113E-04, 0.000000000E+00
       343, 1.114979945E-02, 1.713797101E-04, 0.000000000E+00
       344, 1.115586143E-02, 1.704619353E-04, 0.000000000E+00
       345, 1.116166078E-02, 1.694698294E-04, 0.000000000E+00
       346, 1.116469130E-02, 1.689090423E-04, 0.000000000E+00
       347, 1.116798352E-02, 1.683167648E-04, 0.000000000E+00
       348, 1.117404457E-02, 1.672616345E-04, 0.000000000E+00
       349, 1.118010562E-02, 1.662298164E-04, 0.000000000E+00
       350, 1.118616760E-02, 1.651305211E-04, 0.000000000E+00
       351, 1.119222865E-02, 1.638743415E-04, 0.000000000E+00
       352, 1.119582355E-02, 1.630620100E-04, 0.000000000E+00
       353, 1.119885407E-02, 1.623580465E-04, 0.000000000E+00
       354, 1.120435074E-02, 1.611528714E-04, 0.000000000E+00
       355, 1.121041272E-02, 1.598230738E-04, 0.000000000E+00
       356, 1.121647377E-02, 1.582926925E-04, 0.000000000E+00
       357, 1.122047566E-02, 1.571725006E-04, 0.000000000E+00
       358, 1.122350618E-02, 1.563163532E-04, 0.000000000E+00
       359, 1.122859679E-02, 1.549321460E-04, 0.000000000E+00
       360, 1.123465784E-02, 1.530924492E-04, 0.000000000E+00
       361, 1.123940665E-02, 1.514595206E-04, 0.000000000E+00
       362, 1.124243718E-02, 1.503971580E-04, 0.000000000E+00
       363, 1.124677993E-02, 1.488529961E-04, 0.000000000E+00
       364, 1.125284191E-02, 1.465003879E-04, 0.000000000E+00
       365, 1.125630923E-02, 1.450274140E-04, 0.000000000E+00
       366, 1.125933975E-02, 1.436893799E-04, 0.000000000E+00
       367, 1.126496494E-02, 1.411459816E-04, 0.000000000E+00
       368, 1.126884855E-02, 1.392618287E-04, 0.000000000E+00
       369, 1.127187908E-02, 1.376287692E-04, 0.000000000E+00
       370, 1.127708703E-02, 1.348018995E-04, 0.000000000E+00
       371, 1.128040534E-02, 1.329440856E-04, 0.000000000E+00
       372, 1.128343586E-02, 1.310891530E-04, 0.000000000E+00
       373, 1.128812600E-02, 1.280720171E-04, 0.000000000E+00
       374, 1.129115652E-02, 1.259189303E-04, 0.000000000E+00
       375, 1.129526831E-02, 1.229017944E-04, 0.000000000E+00
       376, 1.129829884E-02, 1.206828601E-04, 0.000000000E+00
       377, 1.130133215E-02, 1.182123888E-04, 0.000000000E+00
       378, 1.130496524E-02, 1.151977049E-04, 0.000000000E+00
       379, 1.130799577E-02, 1.123533511E-04, 0.000000000E+00
       380, 1.131114736E-02, 1.093362152E-04, 0.000000000E+00
       381, 1.131417882E-02, 1.061107687E-04, 0.000000000E+00
       382, 1.131695416E-02, 1.030936401E-04, 0.000000000E+00
       383, 1.131982915E-02, 9.956537542E-05, 0.000000000E+00
       384, 1.132239122E-02, 9.635286551E-05, 0.000000000E+00
       385, 1.132457424E-02, 9.333572962E-05, 0.000000000E+00
       386, 1.132760476E-02, 8.903839625E-05, 0.000000000E+00
       387, 1.132964529E-02, 8.602126763E-05, 0.000000000E+00
       388, 1.133236196E-02, 8.146258187E-05, 0.000000000E+00
       389, 1.133435499E-02, 7.789704250E-05, 0.000000000E+00
       390, 1.133596245E-02, 7.487990661E-05, 0.000000000E+00
       391, 1.133859344E-02, 6.939404557E-05, 0.000000000E+00
       392, 1.134033129E-02, 6.549534737E-05, 0.000000000E+00
       393, 1.134164166E-02, 6.247821148E-05, 0.000000000E+00
       394, 1.134355739E-02, 5.732552017E-05, 0.000000000E+00
       395, 1.134553924E-02, 5.129125566E-05, 0.000000000E+00
       396, 1.134665310E-02, 4.783021723E-05, 0.000000000E+00
       397, 1.134753320E-02, 4.481308497E-05, 0.000000000E+00
       398, 1.134892739E-02, 3.922272299E-05, 0.000000000E+00
       399, 1.135012228E-02, 3.318845847E-05, 0.000000000E+00
       400, 1.135113090E-02, 2.715419396E-05, 0.000000000E+00
       401, 1.135197934E-02, 2.111992762E-05, 0.000000000E+00
       402, 1.135260891E-02, 1.556439202E-05, 0.000000000E+00
       403, 1.135290135E-02, 1.254725885E-05, 0.000000000E+00
       404, 1.135311369E-02, 9.051397683E-06, 0.000000000E+00
       405, 1.135332510E-02, 3.275058134E-06, 0.000000000E+00
       406, 1.135337353E-02, 2.579256488E-07, 0.000000000E+00
