9.989 0.05416812420519501 0.08212460374624886 0.09344154287635836
9.989 0.05416812420519501 0.08212460374624886 0.09344154287635836
9.989 0.05416812420519501 0.08212460374624886 0.09344154287635836
9.989 0.05458606151952827 0.08157511130500872 0.0929961053559546
9.989 0.05458606151952827 0.08157511130500872 0.0929961053559546
9.989 0.05458606151952827 0.08157511130500872 0.0929961053559546
9.989 0.05458606151952827 0.08157511130500872 0.0929961053559546
9.989 0.05458606151952827 0.08157511130500872 0.0929961053559546
0.989 0.04038199281795313 0.05043378608064081 0.05696288953418477
1.989 0.04038199281795313 0.05043378608064081 0.05696288953418477
7.989 0.05095122246282985 0.08079730570532295 0.08932920579283882
8.989 0.051413948782984165 0.08119007031683007 0.08851314760995238
9.989 0.05416812420519501 0.08212460374624886 0.09344154287635836
9.989 0.05416812420519501 0.08212460374624886 0.09344154287635836
9.989 0.05416812420519501 0.08212460374624886 0.09344154287635836
9.989 0.05416812420519501 0.08212460374624886 0.09344154287635836
0.989 0.04038199281795313 0.05043378608064081 0.05696288953418477
1.989 0.04038199281795313 0.05043378608064081 0.05696288953418477
7.989 0.05095122246282985 0.08079730570532295 0.08932920579283882
8.989 0.051413948782984165 0.08119007031683007 0.08851314760995238
9.989 0.05416812420519501 0.08212460374624886 0.09344154287635836
0.989 0.04038199281795313 0.05043378608064081 0.05696288953418477
1.989 0.04038199281795313 0.05043378608064081 0.05696288953418477
7.989 0.05095122246282985 0.08079730570532295 0.08932920579283882
8.989 0.051413948782984165 0.08119007031683007 0.08851314760995238
9.989 0.05416812420519501 0.08212460374624886 0.09344154287635836
0.989 0.04038199281795313 0.05043378608064081 0.05696288953418477
1.989 0.04038199281795313 0.05043378608064081 0.05696288953418477
7.989 0.05095122246282985 0.08079730570532295 0.08932920579283882
8.989 0.051413948782984165 0.08119007031683007 0.08851314760995238
9.989 0.05416812420519501 0.08212460374624886 0.09344154287635836
9.989 0.05458606151952827 0.08157511130500872 0.0929961053559546
9.989 0.05458606151952827 0.08157511130500872 0.0929961053559546
9.989 0.05458606151952827 0.08157511130500872 0.0929961053559546
9.989 0.05458606151952827 0.08157511130500872 0.0929961053559546
9.989 0.05458606151952827 0.08157511130500872 0.0929961053559546
9.989 0.05458606151952827 0.08157511130500872 0.0929961053559546
9.989 0.05458606151952827 0.08157511130500872 0.0929961053559546
9.989 0.05458606151952827 0.08157511130500872 0.0929961053559546
0.989 0.041172249848305476 0.05002047457175568 0.056423682421589405
1.989 0.041172249848305476 0.05002047457175568 0.056423682421589405
7.989 0.05133375052803146 0.08024278014303787 0.08857564096221265
8.989 0.05222532092876686 0.08084121117588572 0.08854747626709292
9.989 0.05458606151952827 0.08157511130500872 0.0929961053559546
0.989 0.041172249848305476 0.05002047457175568 0.056423682421589405
1.989 0.041172249848305476 0.05002047457175568 0.056423682421589405
7.989 0.05133375052803146 0.08024278014303787 0.08857564096221265
0.989 0.041172249848305476 0.05002047457175568 0.056423682421589405
1.989 0.041172249848305476 0.05002047457175568 0.056423682421589405
7.989 0.05133375052803146 0.08024278014303787 0.08857564096221265
0.989 0.041172249848305476 0.05002047457175568 0.056423682421589405
1.989 0.041172249848305476 0.05002047457175568 0.056423682421589405
7.989 0.05133375052803146 0.08024278014303787 0.08857564096221265
7.989 0.05133375052803146 0.08024278014303787 0.08857564096221265 0.05133375052803146 0.19760001080254497 11.882736206054688 0.010553832309297535 15.236715316772461 0.010553832309297535
7.989 0.05133375052803146 0.08024278014303787 0.08857564096221265 0.05133375052803146 0.19760001080254497 11.882736206054688 0.010553832309297535 15.236715316772461 0.010553832309297535
7.989 0.05095122246282985 0.08079730570532295 0.08932920579283882 0.05095122246282985 0.19320520587986229 11.882554054260254 0.021427478856362783 15.229925155639648 0.021427478856362783
7.989 0.05095122246282985 0.08079730570532295 0.08932920579283882 0.05095122246282985 0.19320520587986229 11.882554054260254 0.021427478856362783 15.229925155639648 0.021427478856362783
7.989 0.05095122246282985 0.08079730570532295 0.08932920579283882 0.05095122246282985 0.19320520587986229 11.882554054260254 0.021427478856362783 15.229925155639648 0.021427478856362783
7.989 0.05095122246282985 0.08079730570532295 0.08932920579283882 0.05095122246282985 0.19320520587986229 11.882554054260254 0.021427478856362783 15.229925155639648 0.021427478856362783
7.989 0.05095122246282985 0.08079730570532295 0.08932920579283882 0.05095122246282985 0.19320520587986229 11.882554054260254 0.021427478856362783 15.229925155639648 0.021427478856362783
7.989 0.05095122246282985 0.08079730570532295 0.08932920579283882 0.05095122246282985 0.19320520587986229 11.882554054260254 0.021427478856362783 15.229925155639648 0.021427478856362783
7.989 0.05095122246282985 0.08079730570532295 0.08932920579283882 0.05095122246282985 0.19320520587986229 11.882554054260254 0.021427478856362783 15.229925155639648 0.021427478856362783
7.989 0.05095122246282985 0.08079730570532295 0.08932920579283882 0.05095122246282985 0.19320520587986229 11.882554054260254 0.021427478856362783 15.229925155639648 0.021427478856362783
7.989 0.05095122246282985 0.08079730570532295 0.08932920579283882 0.05095122246282985 0.19320520587986229 11.882554054260254 0.021427478856362783 15.229925155639648 0.021427478856362783
7.989 0.05095122246282985 0.08079730570532295 0.08932920579283882 0.05095122246282985 0.19320520587986229 11.882554054260254 0.021427478856362783 15.229925155639648 0.021427478856362783
7.989 0.05095122246282985 0.08079730570532295 0.08932920579283882 0.05095122246282985 0.19320520587986229 11.882554054260254 0.021427478856362783 15.229925155639648 0.021427478856362783
7.989 0.05095122246282985 0.08079730570532295 0.08932920579283882 0.05095122246282985 0.19320520587986229 11.882554054260254 0.021427478856362783 15.229925155639648 0.021427478856362783
7.989 0.05133375052803146 0.08024278014303787 0.08857564096221265 0.05133375052803146 0.19760001080254497 11.882736206054688 0.010553832309297535 15.236715316772461 0.010553832309297535
7.989 0.05133375052803146 0.07988716509487498 0.0891673579782577 0.05133375052803146 0.19760001080254497 11.882736206054688 0.010553832309297535 15.236715316772461 0.010553832309297535
7.989 0.05133375052803146 0.07988716509487498 0.0891673579782577 0.05133375052803146 0.19760001080254497 11.882736206054688 0.010553832309297535 15.236715316772461 0.010553832309297535
7.989 0.05095122246282985 0.08041159423227362 0.09062861220874135 0.05095122246282985 0.19320520587986229 11.882554054260254 0.021427478856362783 15.229925155639648 0.021427478856362783
7.989 0.05133375052803146 0.07988716509487498 0.0891673579782577 0.05133375052803146 0.19760001080254497 11.882736206054688 0.010553832309297535 15.236715316772461 0.010553832309297535
7.989 0.05133375052803146 0.07988716509487498 0.0891673579782577 0.05133375052803146 0.19760001080254497 11.882736206054688 0.010553832309297535 15.236715316772461 0.010553832309297535
7.989 0.05133375052803146 0.07988716509487498 0.0891673579782577 0.05133375052803146 0.19760001080254497 11.882736206054688 0.010553832309297535 15.236715316772461 0.010553832309297535
7.989 0.05133375052803146 0.07988716509487498 0.0891673579782577 0.05133375052803146 0.19760001080254497 11.882736206054688 0.010553832309297535 15.236715316772461 0.010553832309297535
0.989 0.04038199281795313 0.05043378608064081 0.05970886714449525 0.04501269509805805 0.057511426487286355 3.0667245388031006 0.021427478856362783 6.169914722442627 0.021427478856362783
1.989 0.04038199281795313 0.05043378608064081 0.05970886714449525 0.04501269215496273 0.057511426487286355 3.0667245388031006 0.021427478856362783 6.169938087463379 0.021427478856362783
7.989 0.05095122246282985 0.08041159423227362 0.09597149998064686 0.058003681127072604 0.09193347822809095 11.882554054260254 0.021427478856362783 15.229925155639648 0.021427478856362783
-0.989 0.04038199281795313 0.04989906175401182 0.05970886714449525 0.04501269509805805 0.05316991220358053 3.0667245388031006 0.021427478856362783 6.169914722442627 0.021427478856362783
1.989 0.04038199281795313 0.04989906175401182 0.05970886714449525 0.04501269509805805 0.05316991220358053 3.0667245388031006 0.021427478856362783 6.169914722442627 0.021427478856362783
7.989 0.05095122246282985 0.07954939937259764 0.09597149998064686 0.05800368112707255 0.09193347822809095 11.882554054260254 0.021427478856362783 15.229925155639648 0.021427478856362783
7.989 0.05095122246282985 0.07954939937259764 0.09597149998064686 0.05800368112707255 0.09193347822809095 11.882554054260254 0.021427478856362783 15.229925155639648 0.021427478856362783
7.989 0.05133375052803146 0.07901839405791211 0.0952388485799206 0.05833656943082566 0.09147535381576044 11.882736206054688 0.010553832309297535 15.236715316772461 0.010553832309297535
7.989 0.05133375052803146 0.07901839405791211 0.0952388485799206 0.05833656943082566 0.09147535381576044 11.882736206054688 0.010553832309297535 15.236715316772461 0.010553832309297535
7.989 0.05133375052803146 0.07901839405791211 0.0952388485799206 0.05833656943082566 0.09147535381576044 11.882736206054688 0.010553832309297535 15.236715316772461 0.010553832309297535
7.989 0.05133375052803146 0.07901839405791211 0.0952388485799206 0.05853393619740532 0.09145213799307039 11.882201194763184 0.010553832309297535 15.242323875427246 0.010553832309297535
7.989 0.05133375052803146 0.07901839405791211 0.0952388485799206 0.058533936197405156 0.09145213799307045 11.882201194763184 0.010553832309297535 15.242323875427246 0.010553832309297535
7.989 0.05133375052803146 0.07901839405791211 0.0952388485799206 0.05853393619740521 0.09145213799307034 11.882201194763184 0.010553832309297535 15.242323875427246 0.010553832309297535
7.989 0.05133375052803146 0.07901839405791211 0.0952388485799206 0.05853393619740521 0.09145213799307034 11.882201194763184 0.010553832309297535 15.242323875427246 0.010553832309297535
7.989 0.05133375052803146 0.07901839405791211 0.0952388485799206 0.05853393619740521 0.09145213799307034 11.882201194763184 0.010553832309297535 15.242323875427246 0.010553832309297535
7.989 0.05133375052803146 0.07901839405791211 0.0952388485799206 0.05853393619740532 0.09145213799307039 11.882201194763184 0.010553832309297535 15.242323875427246 0.010553832309297535
0.989 0.041172249848305476 0.04949067546069169 0.06446311057545956 0.04467685003359151 0.05278159239606689 3.067167043685913 0.010553832309297535 6.169355869293213 0.010553832309297535
1.989 0.041172249848305476 0.04949067546069169 0.06446311057545956 0.04467685003359145 0.05278159239606689 3.067167043685913 0.010553832309297535 6.169355869293213 0.010553832309297535
7.989 0.05133375052803146 0.07901839405791211 0.0952388485799206 0.05853393619740521 0.09145213799307034 11.882201194763184 0.010553832309297535 15.242323875427246 0.010553832309297535
