20 0 -0.5 0.00717358
20 0 -0.49 0.0111631
20 0 -0.48 0.0151526
20 0 -0.47 0.0191422
20 0 -0.46 0.0231317
20 0 -0.45 0.0271212
20 0 -0.44 0.031164
20 0 -0.43 0.0363926
20 0 -0.42 0.0416212
20 0 -0.41 0.0468497
20 0 -0.4 0.0520783
20 0 -0.39 0.0573069
20 0 -0.38 0.0625355
20 0 -0.37 0.067764
20 0 -0.36 0.0729724
20 0 -0.35 0.077625
20 0 -0.34 0.0822777
20 0 -0.33 0.0869304
20 0 -0.32 0.091583
20 0 -0.31 0.0962357
20 0 -0.3 0.100888
20 0 -0.29 0.105541
20 0 -0.28 0.110166
20 0 -0.27 0.113797
20 0 -0.26 0.117429
20 0 -0.25 0.12106
20 0 -0.24 0.124692
20 0 -0.23 0.128323
20 0 -0.22 0.131954
20 0 -0.21 0.135586
20 0 -0.2 0.139195
20 0 -0.19 0.141664
20 0 -0.18 0.144133
20 0 -0.17 0.146601
20 0 -0.16 0.14907
20 0 -0.15 0.151539
20 0 -0.14 0.154008
20 0 -0.13 0.156477
20 0 -0.12 0.158932
20 0 -0.11 0.160181
20 0 -0.1 0.16143
20 0 -0.09 0.162679
20 0 -0.08 0.163927
20 0 -0.07 0.165176
20 0 -0.06 0.166425
20 0 -0.05 0.167674
20 0 -0.04 0.168918
20 0 -0.03 0.168918
20 0 -0.02 0.168918
20 0 -0.01 0.168919
20 0 0 0.168919
20 0 0.01 0.168919
20 0 0.02 0.168919
20 0 0.03 0.168919
20 0 0.04 0.168919
20 0 0.05 0.167676
20 0 0.06 0.166427
20 0 0.07 0.165178
20 0 0.08 0.16393
20 0 0.09 0.162681
20 0 0.1 0.161433
20 0 0.11 0.160184
20 0 0.12 0.158935
20 0 0.13 0.156481
20 0 0.14 0.154012
20 0 0.15 0.151543
20 0 0.16 0.149075
20 0 0.17 0.146606
20 0 0.18 0.144137
20 0 0.19 0.141669
20 0 0.2 0.1392
20 0 0.21 0.135591
20 0 0.22 0.13196
20 0 0.23 0.128328
20 0 0.24 0.124697
20 0 0.25 0.121066
20 0 0.26 0.117434
20 0 0.27 0.113803
20 0 0.28 0.110172
20 0 0.29 0.105547
20 0 0.3 0.100894
20 0 0.31 0.0962409
20 0 0.32 0.091588
20 0 0.33 0.0869352
20 0 0.34 0.0822823
20 0 0.35 0.0776294
20 0 0.36 0.0729766
20 0 0.37 0.0677679
20 0 0.38 0.0625389
20 0 0.39 0.0573099
20 0 0.4 0.052081
20 0 0.41 0.046852
20 0 0.42 0.0416231
20 0 0.43 0.0363941
20 0 0.44 0.0311651
20 0 0.45 0.0271222
20 0 0.46 0.0231325
20 0 0.47 0.0191429
20 0 0.48 0.0151532
20 0 0.49 0.0111635
20 0 0.5 0.00717387
