t dt mgp.i mgp.nrelax mgpf.i mgpf.nrelax mgu.i mgu.nrelax grid->tn perf.t perf.speed npe
0 2e-05 0 0 0 0 0 0 0 0 0 1
2e-05 2e-05 2 4 0 0 2 4 0 5.66948 0 1
4e-05 2e-05 2 4 0 0 2 4 0 6.09774 0 1
6e-05 2e-05 2 4 0 0 2 4 0 40.8835 0 1
8e-05 2e-05 2 4 0 0 2 4 0 43.3714 0 1
0.0001 2e-05 2 4 0 0 2 4 0 45.4548 0 1
0.00012 2e-05 2 4 0 0 2 4 0 47.3542 0 1
0.00014 2e-05 2 4 0 0 2 4 0 49.7294 0 1
0.00016 2e-05 2 4 0 0 2 4 0 52.8288 0 1
0.00018 2e-05 2 4 0 0 2 4 0 55.1573 0 1
0.0002 2e-05 2 4 0 0 2 4 0 58.0583 0 1
0.00022 2e-05 2 4 0 0 2 4 0 61.1085 0 1
0.00024 2e-05 2 4 0 0 2 4 0 64.1429 0 1
0.00026 2e-05 2 4 0 0 2 4 0 67.2 0 1
0.00028 2e-05 2 4 0 0 2 4 0 70.2539 0 1
0.0003 2e-05 2 4 0 0 2 4 0 73.276 0 1
0.00032 2e-05 2 4 0 0 2 4 0 76.2941 0 1
0.00034 2e-05 2 4 0 0 2 4 0 79.3512 0 1
0.00036 2e-05 2 4 0 0 2 4 0 81.6571 0 1
0.00038 2e-05 2 4 0 0 2 4 0 83.6823 0 1
0.0004 2e-05 2 4 0 0 2 4 0 86.3646 0 1
0.00042 2e-05 2 4 0 0 2 4 0 89.4509 0 1
0.00044 2e-05 2 4 0 0 2 4 0 92.5034 0 1
0.00046 2e-05 2 4 0 0 2 4 0 95.5624 0 1
0.00048 2e-05 2 4 0 0 100 100 0 145.339 0 1
0.0005 2e-05 2 4 0 0 100 100 0 192.557 0 1
0.00052 2e-05 100 100 0 0 100 100 0 245.935 0 1
0.00054 2e-05 100 100 0 0 100 100 0 299.996 0 1
0.00056 2e-05 100 100 0 0 100 100 0 358.352 0 1
0.00058 2e-05 100 100 0 0 100 100 0 417.843 0 1
0.0006 2e-05 100 100 0 0 100 100 0 480.447 0 1
0.00062 2e-05 100 100 0 0 100 100 0 539.45 0 1
0.00064 2e-05 100 100 0 0 100 100 0 604.743 0 1
0.00066 2e-05 100 100 0 0 100 100 0 665.209 0 1
0.00068 2e-05 100 100 0 0 100 100 0 727.355 0 1
0.0007 2e-05 100 100 0 0 100 100 0 795.076 0 1
0.00072 2e-05 100 100 0 0 100 100 0 851.472 0 1
0.00074 2e-05 100 100 0 0 100 100 0 916.963 0 1
0.00076 2e-05 100 100 0 0 100 100 0 976.305 0 1
0.00078 2e-05 100 100 0 0 100 100 0 1025.9 0 1
0.0008 2e-05 100 100 0 0 100 100 0 1084.51 0 1
0.00082 2e-05 100 100 0 0 100 100 0 1144.47 0 1
0.00084 2e-05 100 100 0 0 100 100 0 1199.61 0 1
0.00086 2e-05 100 100 0 0 100 100 0 1255.67 0 1
0.00088 2e-05 100 100 0 0 100 100 0 1316.34 0 1
0.0009 2e-05 100 100 0 0 100 100 0 1379.87 0 1
0.00092 2e-05 100 100 0 0 100 100 0 1441.48 0 1
0.00094 2e-05 100 100 0 0 100 100 0 1501.12 0 1
0.00096 2e-05 100 100 0 0 100 100 0 1558.46 0 1
0.00098 2e-05 100 100 0 0 100 100 0 1617.51 0 1
0.001 2e-05 100 100 0 0 100 100 0 1676.89 0 1
0.00102 2e-05 100 100 0 0 100 100 0 1730.31 0 1
0.00104 2e-05 100 100 0 0 100 100 0 1788.14 0 1
0.00106 2e-05 100 100 0 0 100 100 0 1848.55 0 1
0.00108 2e-05 100 100 0 0 100 100 0 1911.23 0 1
0.0011 2e-05 100 100 0 0 100 100 0 1975.17 0 1
0.00112 2e-05 100 100 0 0 100 100 0 2030.11 0 1
0.00114 2e-05 100 100 0 0 100 100 0 2086.58 0 1
0.00116 2e-05 100 100 0 0 100 100 0 2147.17 0 1
0.00118 2e-05 100 100 0 0 100 100 0 2206.15 0 1
0.0012 2e-05 100 100 0 0 100 100 0 2263.36 0 1
0.00122 2e-05 100 100 0 0 100 100 0 2325.99 0 1
0.00124 2e-05 100 100 0 0 100 100 0 2390.11 0 1
0.00126 2e-05 100 100 0 0 100 100 0 2450.51 0 1
0.00128 2e-05 100 100 0 0 100 100 0 2508.12 0 1
0.0013 2e-05 100 100 0 0 100 100 0 2567.41 0 1
0.00132 2e-05 100 100 0 0 100 100 0 2623.7 0 1
0.00134 2e-05 100 100 0 0 100 100 0 2681.97 0 1
0.00136 2e-05 100 100 0 0 100 100 0 2741.06 0 1
0.00138 2e-05 100 100 0 0 100 100 0 2799.1 0 1
0.0014 2e-05 100 100 0 0 100 100 0 2858.15 0 1
0.00142 2e-05 100 100 0 0 100 100 0 2916.13 0 1
0.00144 2e-05 100 100 0 0 100 100 0 2972.94 0 1
0.00146 2e-05 100 100 0 0 100 100 0 3030.43 0 1
0.00148 2e-05 100 100 0 0 100 100 0 3085.3 0 1
0.0015 2e-05 100 100 0 0 100 100 0 3138.75 0 1
0.00152 2e-05 100 100 0 0 100 100 0 3199.59 0 1
0.00154 2e-05 100 100 0 0 100 100 0 3258.54 0 1
0.00156 2e-05 100 100 0 0 100 100 0 3318.81 0 1
0.00158 2e-05 100 100 0 0 100 100 0 3377.05 0 1
0.0016 2e-05 100 100 0 0 100 100 0 3440.61 0 1
0.00162 2e-05 100 100 0 0 100 100 0 3499.04 0 1
0.00164 2e-05 100 100 0 0 100 100 0 3559.75 0 1
0.00166 2e-05 100 100 0 0 100 100 0 3616.13 0 1
0.00168 2e-05 100 100 0 0 100 100 0 3675.29 0 1
0.0017 2e-05 100 100 0 0 100 100 0 3734.18 0 1
0.00172 2e-05 100 100 0 0 100 100 0 3795.47 0 1
0.00174 2e-05 100 100 0 0 100 100 0 3856.94 0 1
0.00176 2e-05 100 100 0 0 100 100 0 3919.07 0 1
0.00178 2e-05 100 100 0 0 100 100 0 3978.22 0 1
0.0018 2e-05 100 100 0 0 100 100 0 4035.85 0 1
0.00182 2e-05 100 100 0 0 100 100 0 4102.29 0 1
0.00184 2e-05 100 100 0 0 100 100 0 4163.72 0 1
0.00186 2e-05 100 100 0 0 100 100 0 4215.56 0 1
0.00188 2e-05 100 100 0 0 100 100 0 4266.57 0 1
0.0019 2e-05 100 100 0 0 100 100 0 4318.23 0 1
0.00192 2e-05 100 100 0 0 100 100 0 4368.86 0 1
0.00194 2e-05 100 100 0 0 100 100 0 4427.99 0 1
0.00196 2e-05 100 100 0 0 100 100 0 4481.96 0 1
0.00198 2e-05 100 100 0 0 100 100 0 4536.02 0 1
0.002 2e-05 100 100 0 0 100 100 0 4592.23 0 1
0.00202 2e-05 100 100 0 0 100 100 0 4652.15 0 1
0.00204 2e-05 100 100 0 0 100 100 0 4711.86 0 1
0.00206 2e-05 100 100 0 0 100 100 0 4775.35 0 1
0.00208 2e-05 100 100 0 0 100 100 0 4837.23 0 1
0.0021 2e-05 100 100 0 0 100 100 0 4906.09 0 1
0.00212 2e-05 100 100 0 0 100 100 0 4965.24 0 1
0.00214 2e-05 100 100 0 0 100 100 0 5022.39 0 1
0.00216 2e-05 100 100 0 0 100 100 0 5076.05 0 1
0.00218 2e-05 100 100 0 0 100 100 0 5128.48 0 1
0.0022 2e-05 100 100 0 0 100 100 0 5184.03 0 1
0.00222 2e-05 100 100 0 0 100 100 0 5247.21 0 1
0.00224 2e-05 100 100 0 0 100 100 0 5305.34 0 1
0.00226 2e-05 100 100 0 0 100 100 0 5366.48 0 1
0.00228 2e-05 100 100 0 0 100 100 0 5427.92 0 1
0.0023 2e-05 100 100 0 0 100 100 0 5487.39 0 1
0.00232 2e-05 100 100 0 0 100 100 0 5539.23 0 1
0.00234 2e-05 100 100 0 0 100 100 0 5600.76 0 1
0.00236 2e-05 100 100 0 0 100 100 0 5661.32 0 1
0.00238 2e-05 100 100 0 0 100 100 0 5725.95 0 1
0.0024 2e-05 100 100 0 0 100 100 0 5779.22 0 1
0.00242 2e-05 100 100 0 0 100 100 0 5831.91 0 1
0.00244 2e-05 100 100 0 0 100 100 0 5888.26 0 1
0.00246 2e-05 100 100 0 0 100 100 0 5945.96 0 1
0.00248 2e-05 100 100 0 0 100 100 0 5997.73 0 1
0.0025 2e-05 100 100 0 0 100 100 0 6057.86 0 1
0.00252 2e-05 100 100 0 0 100 100 0 6111.52 0 1
0.00254 2e-05 100 100 0 0 100 100 0 6169.68 0 1
0.00256 2e-05 100 100 0 0 100 100 0 6233.05 0 1
0.00258 2e-05 100 100 0 0 100 100 0 6294.39 0 1
0.0026 2e-05 100 100 0 0 100 100 0 6353.27 0 1
0.00262 2e-05 100 100 0 0 100 100 0 6407.55 0 1
0.00264 2e-05 100 100 0 0 100 100 0 6463.62 0 1
0.00266 2e-05 100 100 0 0 100 100 0 6519.66 0 1
0.00268 2e-05 100 100 0 0 100 100 0 6578.89 0 1
0.0027 2e-05 100 100 0 0 100 100 0 6637.45 0 1
0.00272 2e-05 100 100 0 0 100 100 0 6692.79 0 1
0.00274 2e-05 100 100 0 0 100 100 0 6752.98 0 1
0.00276 2e-05 100 100 0 0 100 100 0 6806.01 0 1
0.00278 2e-05 100 100 0 0 100 100 0 6866.91 0 1
0.0028 2e-05 100 100 0 0 100 100 0 6927.41 0 1
0.00282 2e-05 100 100 0 0 100 100 0 6979.15 0 1
0.00284 2e-05 100 100 0 0 100 100 0 7031.71 0 1
0.00286 2e-05 100 100 0 0 100 100 0 7089.36 0 1
0.00288 2e-05 100 100 0 0 100 100 0 7144.75 0 1
0.0029 2e-05 100 100 0 0 100 100 0 7206.1 0 1
0.00292 2e-05 100 100 0 0 100 100 0 7264.14 0 1
0.00294 2e-05 100 100 0 0 100 100 0 7323.43 0 1
0.00296 2e-05 100 100 0 0 100 100 0 7384.25 0 1
0.00298 2e-05 100 100 0 0 100 100 0 7444.9 0 1
0.003 2e-05 100 100 0 0 100 100 0 7504.49 0 1
0.00302 2e-05 100 100 0 0 100 100 0 7559.72 0 1
0.00304 2e-05 100 100 0 0 100 100 0 7616.04 0 1
0.00306 2e-05 100 100 0 0 100 100 0 7674.42 0 1
0.00308 2e-05 100 100 0 0 100 100 0 7728.13 0 1
0.0031 2e-05 100 100 0 0 100 100 0 7781.81 0 1
0.00312 2e-05 100 100 0 0 100 100 0 7840.71 0 1
0.00314 2e-05 100 100 0 0 100 100 0 7903.64 0 1
0.00316 2e-05 100 100 0 0 100 100 0 7961.97 0 1
0.00318 2e-05 100 100 0 0 100 100 0 8017.65 0 1
0.0032 2e-05 100 100 0 0 100 100 0 8074.86 0 1
0.00322 2e-05 100 100 0 0 100 100 0 8131.28 0 1
0.00324 2e-05 100 100 0 0 100 100 0 8186.45 0 1
0.00326 2e-05 100 100 0 0 100 100 0 8244.6 0 1
0.00328 2e-05 100 100 0 0 100 100 0 8302.53 0 1
0.0033 2e-05 100 100 0 0 100 100 0 8360.22 0 1
0.00332 2e-05 100 100 0 0 100 100 0 8416.34 0 1
0.00334 2e-05 100 100 0 0 100 100 0 8474.84 0 1
0.00336 2e-05 100 100 0 0 100 100 0 8535.28 0 1
0.00338 2e-05 100 100 0 0 100 100 0 8598.58 0 1
0.0034 2e-05 100 100 0 0 100 100 0 8658.08 0 1
0.00342 2e-05 100 100 0 0 100 100 0 8714.41 0 1
0.00344 2e-05 100 100 0 0 100 100 0 8773.76 0 1
0.00346 2e-05 100 100 0 0 100 100 0 8833.03 0 1
0.00348 2e-05 100 100 0 0 100 100 0 8890.76 0 1
0.0035 2e-05 100 100 0 0 100 100 0 8952.15 0 1
0.00352 2e-05 100 100 0 0 100 100 0 9006.75 0 1
0.00354 2e-05 100 100 0 0 100 100 0 9065.05 0 1
0.00356 2e-05 100 100 0 0 100 100 0 9119.53 0 1
0.00358 2e-05 100 100 0 0 100 100 0 9183.75 0 1
0.0036 2e-05 100 100 0 0 100 100 0 9243.8 0 1
0.00362 2e-05 100 100 0 0 100 100 0 9304.56 0 1
0.00364 2e-05 100 100 0 0 100 100 0 9363.77 0 1
0.00366 2e-05 100 100 0 0 100 100 0 9425.18 0 1
0.00368 2e-05 100 100 0 0 100 100 0 9489.83 0 1
0.0037 2e-05 100 100 0 0 100 100 0 9549.1 0 1
0.00372 2e-05 100 100 0 0 100 100 0 9608.16 0 1
0.00374 2e-05 100 100 0 0 100 100 0 9666.78 0 1
0.00376 2e-05 100 100 0 0 100 100 0 9723.15 0 1
0.00378 2e-05 100 100 0 0 100 100 0 9786.06 0 1
0.0038 2e-05 100 100 0 0 100 100 0 9843.82 0 1
0.00382 2e-05 100 100 0 0 100 100 0 9897.97 0 1
0.00384 2e-05 100 100 0 0 100 100 0 9953.35 0 1
0.00386 2e-05 100 100 0 0 100 100 0 10023.6 0 1
0.00388 2e-05 100 100 0 0 100 100 0 10085.5 0 1
0.0039 2e-05 100 100 0 0 100 100 0 10148.2 0 1
0.00392 2e-05 100 100 0 0 100 100 0 10206.7 0 1
0.00394 2e-05 100 100 0 0 100 100 0 10271.8 0 1
0.00396 2e-05 100 100 0 0 100 100 0 10331 0 1
0.00398 2e-05 100 100 0 0 100 100 0 10387.7 0 1
0.004 2e-05 100 100 0 0 100 100 0 10444.6 0 1
0.00402 2e-05 100 100 0 0 100 100 0 10504.1 0 1
0.00404 2e-05 100 100 0 0 100 100 0 10567.3 0 1
0.00406 2e-05 100 100 0 0 100 100 0 10625.8 0 1
0.00408 2e-05 100 100 0 0 100 100 0 10681.9 0 1
0.0041 2e-05 100 100 0 0 100 100 0 10742.2 0 1
0.00412 2e-05 100 100 0 0 100 100 0 10801.8 0 1
0.00414 2e-05 100 100 0 0 100 100 0 10855.1 0 1
0.00416 2e-05 100 100 0 0 100 100 0 10917.3 0 1
0.00418 2e-05 100 100 0 0 100 100 0 10975.3 0 1
0.0042 2e-05 100 100 0 0 100 100 0 11031.7 0 1
0.00422 2e-05 100 100 0 0 100 100 0 11090.2 0 1
0.00424 2e-05 100 100 0 0 100 100 0 11147.2 0 1
0.00426 2e-05 100 100 0 0 100 100 0 11204.4 0 1
0.00428 2e-05 100 100 0 0 100 100 0 11261.5 0 1
0.0043 2e-05 100 100 0 0 100 100 0 11314.1 0 1
0.00432 2e-05 100 100 0 0 100 100 0 11367.3 0 1
0.00434 2e-05 100 100 0 0 100 100 0 11425.9 0 1
0.00436 2e-05 100 100 0 0 100 100 0 11480.4 0 1
0.00438 2e-05 100 100 0 0 100 100 0 11541.2 0 1
0.0044 2e-05 100 100 0 0 100 100 0 11603.8 0 1
0.00442 2e-05 100 100 0 0 100 100 0 11666.4 0 1
0.00444 2e-05 100 100 0 0 100 100 0 11730.1 0 1
0.00446 2e-05 100 100 0 0 100 100 0 11791.2 0 1
0.00448 2e-05 100 100 0 0 100 100 0 11844.5 0 1
0.0045 2e-05 100 100 0 0 100 100 0 11897.1 0 1
0.00452 2e-05 100 100 0 0 100 100 0 11950.9 0 1
0.00454 2e-05 100 100 0 0 100 100 0 12019.5 0 1
0.00456 2e-05 100 100 0 0 100 100 0 12078.4 0 1
0.00458 2e-05 100 100 0 0 100 100 0 12137.1 0 1
0.0046 2e-05 100 100 0 0 100 100 0 12194.6 0 1
0.00462 2e-05 100 100 0 0 100 100 0 12246.3 0 1
0.00464 2e-05 100 100 0 0 100 100 0 12297.4 0 1
0.00466 2e-05 100 100 0 0 100 100 0 12349.3 0 1
0.00468 2e-05 100 100 0 0 100 100 0 12407.6 0 1
0.0047 2e-05 100 100 0 0 100 100 0 12465.9 0 1
0.00472 2e-05 100 100 0 0 100 100 0 12519.1 0 1
0.00474 2e-05 100 100 0 0 100 100 0 12572.5 0 1
0.00476 2e-05 100 100 0 0 100 100 0 12629.7 0 1
0.00478 2e-05 100 100 0 0 100 100 0 12693.3 0 1
0.0048 2e-05 100 100 0 0 100 100 0 12750.9 0 1
0.00482 2e-05 100 100 0 0 100 100 0 12816 0 1
0.00484 2e-05 100 100 0 0 100 100 0 12875.2 0 1
0.00486 2e-05 100 100 0 0 100 100 0 12930.4 0 1
0.00488 2e-05 100 100 0 0 100 100 0 12987.5 0 1
0.0049 2e-05 100 100 0 0 100 100 0 13049.6 0 1
0.00492 2e-05 100 100 0 0 100 100 0 13110.4 0 1
0.00494 2e-05 100 100 0 0 100 100 0 13168.4 0 1
0.00496 2e-05 100 100 0 0 100 100 0 13228.5 0 1
0.00498 2e-05 100 100 0 0 100 100 0 13291.5 0 1
0.005 2e-05 100 100 0 0 100 100 0 13352.1 0 1
0.00502 2e-05 100 100 0 0 100 100 0 13411.5 0 1
0.00504 2e-05 100 100 0 0 100 100 0 13471.3 0 1
0.00506 2e-05 100 100 0 0 100 100 0 13526.3 0 1
0.00508 2e-05 100 100 0 0 100 100 0 13586.9 0 1
0.0051 2e-05 100 100 0 0 100 100 0 13646.2 0 1
0.00512 2e-05 100 100 0 0 100 100 0 13704.7 0 1
0.00514 2e-05 100 100 0 0 100 100 0 13764.4 0 1
0.00516 2e-05 100 100 0 0 100 100 0 13823 0 1
0.00518 2e-05 100 100 0 0 100 100 0 13882.8 0 1
0.0052 2e-05 100 100 0 0 100 100 0 13942.3 0 1
0.00522 2e-05 100 100 0 0 100 100 0 14003.9 0 1
0.00524 2e-05 100 100 0 0 100 100 0 14070.8 0 1
0.00526 2e-05 100 100 0 0 100 100 0 14131.1 0 1
0.00528 2e-05 100 100 0 0 100 100 0 14190.8 0 1
0.0053 2e-05 100 100 0 0 100 100 0 14247.2 0 1
0.00532 2e-05 100 100 0 0 100 100 0 14302 0 1
0.00534 2e-05 100 100 0 0 100 100 0 14363.1 0 1
0.00536 2e-05 100 100 0 0 100 100 0 14422.1 0 1
0.00538 2e-05 100 100 0 0 100 100 0 14481.3 0 1
0.0054 2e-05 100 100 0 0 100 100 0 14541.8 0 1
0.00542 2e-05 100 100 0 0 100 100 0 14602.8 0 1
0.00544 2e-05 100 100 0 0 100 100 0 14662.5 0 1
0.00546 2e-05 100 100 0 0 100 100 0 14726.2 0 1
0.00548 2e-05 100 100 0 0 100 100 0 14786 0 1
0.0055 2e-05 100 100 0 0 100 100 0 14844.3 0 1
0.00552 2e-05 100 100 0 0 100 100 0 14902.9 0 1
0.00554 2e-05 100 100 0 0 100 100 0 14960.8 0 1
0.00556 2e-05 100 100 0 0 100 100 0 15016.4 0 1
0.00558 2e-05 100 100 0 0 100 100 0 15081.1 0 1
0.0056 2e-05 100 100 0 0 100 100 0 15148.5 0 1
0.00562 2e-05 100 100 0 0 100 100 0 15200.4 0 1
0.00564 2e-05 100 100 0 0 100 100 0 15252.1 0 1
0.00566 2e-05 100 100 0 0 100 100 0 15307.3 0 1
0.00568 2e-05 100 100 0 0 100 100 0 15368.8 0 1
0.0057 2e-05 100 100 0 0 100 100 0 15431.4 0 1
0.00572 2e-05 100 100 0 0 100 100 0 15495.1 0 1
0.00574 2e-05 100 100 0 0 100 100 0 15553.8 0 1
0.00576 2e-05 100 100 0 0 100 100 0 15610.4 0 1
0.00578 2e-05 100 100 0 0 100 100 0 15668.9 0 1
0.0058 2e-05 100 100 0 0 100 100 0 15723.3 0 1
0.00582 2e-05 100 100 0 0 100 100 0 15791.2 0 1
0.00584 2e-05 100 100 0 0 100 100 0 15850.1 0 1
0.00586 2e-05 100 100 0 0 100 100 0 15911.2 0 1
0.00588 2e-05 100 100 0 0 100 100 0 15974.2 0 1
0.0059 2e-05 100 100 0 0 100 100 0 16032 0 1
0.00592 2e-05 100 100 0 0 100 100 0 16094.1 0 1
0.00594 2e-05 100 100 0 0 100 100 0 16149.1 0 1
0.00596 2e-05 100 100 0 0 100 100 0 16213.1 0 1
0.00598 2e-05 100 100 0 0 100 100 0 16271.2 0 1
0.006 2e-05 100 100 0 0 100 100 0 16328.4 0 1
0.00602 2e-05 100 100 0 0 100 100 0 16387.5 0 1
0.00604 2e-05 100 100 0 0 100 100 0 16444.8 0 1
0.00606 2e-05 100 100 0 0 100 100 0 16505.3 0 1
0.00608 2e-05 100 100 0 0 100 100 0 16562.9 0 1
0.0061 2e-05 100 100 0 0 100 100 0 16619.6 0 1
0.00612 2e-05 100 100 0 0 100 100 0 16671.8 0 1
0.00614 2e-05 100 100 0 0 100 100 0 16729.5 0 1
0.00616 2e-05 100 100 0 0 100 100 0 16790.5 0 1
0.00618 2e-05 100 100 0 0 100 100 0 16847.7 0 1
0.0062 2e-05 100 100 0 0 100 100 0 16908.1 0 1
0.00622 2e-05 100 100 0 0 100 100 0 16966.9 0 1
0.00624 2e-05 100 100 0 0 100 100 0 17024.1 0 1
0.00626 2e-05 100 100 0 0 100 100 0 17083 0 1
0.00628 2e-05 100 100 0 0 100 100 0 17141 0 1
0.0063 2e-05 100 100 0 0 100 100 0 17199.1 0 1
0.00632 2e-05 100 100 0 0 100 100 0 17256.3 0 1
0.00634 2e-05 100 100 0 0 100 100 0 17316.7 0 1
0.00636 2e-05 100 100 0 0 100 100 0 17377.6 0 1
0.00638 2e-05 100 100 0 0 100 100 0 17431.1 0 1
0.0064 2e-05 100 100 0 0 100 100 0 17480.5 0 1
0.00642 2e-05 100 100 0 0 100 100 0 17539.7 0 1
0.00644 2e-05 100 100 0 0 100 100 0 17600.7 0 1
0.00646 2e-05 100 100 0 0 100 100 0 17648.4 0 1
0.00648 2e-05 100 100 0 0 100 100 0 17703 0 1
0.0065 2e-05 100 100 0 0 100 100 0 17755.3 0 1
0.00652 2e-05 100 100 0 0 100 100 0 17813.3 0 1
0.00654 2e-05 100 100 0 0 100 100 0 17871.3 0 1
0.00656 2e-05 100 100 0 0 100 100 0 17931.9 0 1
0.00658 2e-05 100 100 0 0 100 100 0 17989.5 0 1
0.0066 2e-05 100 100 0 0 100 100 0 18042.1 0 1
0.00662 2e-05 100 100 0 0 100 100 0 18097.1 0 1
0.00664 2e-05 100 100 0 0 100 100 0 18155 0 1
0.00666 2e-05 100 100 0 0 100 100 0 18207.8 0 1
0.00668 2e-05 100 100 0 0 100 100 0 18262.2 0 1
0.0067 2e-05 100 100 0 0 100 100 0 18313.2 0 1
0.00672 2e-05 100 100 0 0 100 100 0 18358 0 1
0.00674 2e-05 100 100 0 0 100 100 0 18414.3 0 1
0.00676 2e-05 100 100 0 0 100 100 0 18472.1 0 1
0.00678 2e-05 100 100 0 0 100 100 0 18532.3 0 1
0.0068 2e-05 100 100 0 0 100 100 0 18589.2 0 1
0.00682 2e-05 100 100 0 0 100 100 0 18642.7 0 1
0.00684 2e-05 100 100 0 0 100 100 0 18703.1 0 1
0.00686 2e-05 100 100 0 0 100 100 0 18762.4 0 1
0.00688 2e-05 100 100 0 0 100 100 0 18819.6 0 1
0.0069 2e-05 100 100 0 0 100 100 0 18874.6 0 1
0.00692 2e-05 100 100 0 0 100 100 0 18934 0 1
0.00694 2e-05 100 100 0 0 100 100 0 18994.9 0 1
0.00696 2e-05 100 100 0 0 100 100 0 19056.8 0 1
0.00698 2e-05 100 100 0 0 100 100 0 19115.2 0 1
0.007 2e-05 100 100 0 0 100 100 0 19175.7 0 1
0.00702 2e-05 100 100 0 0 100 100 0 19238 0 1
0.00704 2e-05 100 100 0 0 100 100 0 19294 0 1
0.00706 2e-05 100 100 0 0 100 100 0 19354 0 1
0.00708 2e-05 100 100 0 0 100 100 0 19412.5 0 1
0.0071 2e-05 100 100 0 0 100 100 0 19472.7 0 1
0.00712 2e-05 100 100 0 0 100 100 0 19527 0 1
0.00714 2e-05 100 100 0 0 100 100 0 19594.9 0 1
0.00716 2e-05 100 100 0 0 100 100 0 19661.1 0 1
0.00718 2e-05 100 100 0 0 100 100 0 19724.8 0 1
0.0072 2e-05 100 100 0 0 100 100 0 19786.9 0 1
0.00722 2e-05 100 100 0 0 100 100 0 19849.2 0 1
0.00724 2e-05 100 100 0 0 100 100 0 19907.3 0 1
0.00726 2e-05 100 100 0 0 100 100 0 19965.2 0 1
0.00728 2e-05 100 100 0 0 100 100 0 20019.2 0 1
0.0073 2e-05 100 100 0 0 100 100 0 20084.2 0 1
0.00732 2e-05 100 100 0 0 100 100 0 20144.5 0 1
0.00734 2e-05 100 100 0 0 100 100 0 20204.8 0 1
0.00736 2e-05 100 100 0 0 100 100 0 20264.7 0 1
0.00738 2e-05 100 100 0 0 100 100 0 20323.9 0 1
0.0074 2e-05 100 100 0 0 100 100 0 20382.9 0 1
0.00742 2e-05 100 100 0 0 100 100 0 20440.8 0 1
0.00744 2e-05 100 100 0 0 100 100 0 20500.7 0 1
0.00746 2e-05 100 100 0 0 100 100 0 20558.1 0 1
0.00748 2e-05 100 100 0 0 100 100 0 20617.1 0 1
0.0075 2e-05 100 100 0 0 100 100 0 20673.7 0 1
0.00752 2e-05 100 100 0 0 100 100 0 20736.5 0 1
0.00754 2e-05 100 100 0 0 100 100 0 20801.9 0 1
0.00756 2e-05 100 100 0 0 100 100 0 20862.9 0 1
0.00758 2e-05 100 100 0 0 100 100 0 20920.1 0 1
0.0076 2e-05 100 100 0 0 100 100 0 20976.9 0 1
0.00762 2e-05 100 100 0 0 100 100 0 21036.4 0 1
0.00764 2e-05 100 100 0 0 100 100 0 21090.5 0 1
0.00766 2e-05 100 100 0 0 100 100 0 21146.7 0 1
0.00768 2e-05 100 100 0 0 100 100 0 21204.7 0 1
0.0077 2e-05 100 100 0 0 100 100 0 21258.6 0 1
0.00772 2e-05 100 100 0 0 100 100 0 21310.2 0 1
0.00774 2e-05 100 100 0 0 100 100 0 21360.8 0 1
0.00776 2e-05 100 100 0 0 100 100 0 21419 0 1
0.00778 2e-05 100 100 0 0 100 100 0 21478.4 0 1
0.0078 2e-05 100 100 0 0 100 100 0 21535 0 1
0.00782 2e-05 100 100 0 0 100 100 0 21589.5 0 1
0.00784 2e-05 100 100 0 0 100 100 0 21649.2 0 1
0.00786 2e-05 100 100 0 0 100 100 0 21706 0 1
0.00788 2e-05 100 100 0 0 100 100 0 21768.8 0 1
0.0079 2e-05 100 100 0 0 100 100 0 21830.4 0 1
0.00792 2e-05 100 100 0 0 100 100 0 21891.3 0 1
0.00794 2e-05 100 100 0 0 100 100 0 21950 0 1
0.00796 2e-05 100 100 0 0 100 100 0 22012.4 0 1
0.00798 2e-05 100 100 0 0 100 100 0 22073 0 1
0.008 2e-05 100 100 0 0 100 100 0 22129.8 0 1
0.00802 2e-05 100 100 0 0 100 100 0 22185.5 0 1
0.00804 2e-05 100 100 0 0 100 100 0 22245.1 0 1
0.00806 2e-05 100 100 0 0 100 100 0 22307.3 0 1
0.00808 2e-05 100 100 0 0 100 100 0 22366.7 0 1
0.0081 2e-05 100 100 0 0 100 100 0 22421.9 0 1
0.00812 2e-05 100 100 0 0 100 100 0 22474.5 0 1
0.00814 2e-05 100 100 0 0 100 100 0 22528.8 0 1
0.00816 2e-05 100 100 0 0 100 100 0 22585.4 0 1
0.00818 2e-05 100 100 0 0 100 100 0 22647.1 0 1
0.0082 2e-05 100 100 0 0 100 100 0 22708.3 0 1
0.00822 2e-05 100 100 0 0 100 100 0 22767.3 0 1
0.00824 2e-05 100 100 0 0 100 100 0 22824.1 0 1
0.00826 2e-05 100 100 0 0 100 100 0 22881.1 0 1
0.00828 2e-05 100 100 0 0 100 100 0 22934.8 0 1
0.0083 2e-05 100 100 0 0 100 100 0 22990.2 0 1
0.00832 2e-05 100 100 0 0 100 100 0 23046.1 0 1
0.00834 2e-05 100 100 0 0 100 100 0 23102.3 0 1
0.00836 2e-05 100 100 0 0 100 100 0 23167.9 0 1
0.00838 2e-05 100 100 0 0 100 100 0 23224.1 0 1
0.0084 2e-05 100 100 0 0 100 100 0 23282.2 0 1
0.00842 2e-05 100 100 0 0 100 100 0 23339.2 0 1
0.00844 2e-05 100 100 0 0 100 100 0 23398.5 0 1
0.00846 2e-05 100 100 0 0 100 100 0 23461.4 0 1
0.00848 2e-05 100 100 0 0 100 100 0 23522.8 0 1
0.0085 2e-05 100 100 0 0 100 100 0 23586.1 0 1
0.00852 2e-05 100 100 0 0 100 100 0 23650.1 0 1
0.00854 2e-05 100 100 0 0 100 100 0 23712.8 0 1
0.00856 2e-05 100 100 0 0 100 100 0 23775.7 0 1
0.00858 2e-05 100 100 0 0 100 100 0 23833.5 0 1
0.0086 2e-05 100 100 0 0 100 100 0 23898 0 1
0.00862 2e-05 100 100 0 0 100 100 0 23957.7 0 1
0.00864 2e-05 100 100 0 0 100 100 0 24020.8 0 1
0.00866 2e-05 100 100 0 0 100 100 0 24081 0 1
0.00868 2e-05 100 100 0 0 100 100 0 24142.9 0 1
0.0087 2e-05 100 100 0 0 100 100 0 24201.3 0 1
0.00872 2e-05 100 100 0 0 100 100 0 24256.9 0 1
0.00874 2e-05 100 100 0 0 100 100 0 24312.5 0 1
0.00876 2e-05 100 100 0 0 100 100 0 24363.9 0 1
0.00878 2e-05 100 100 0 0 100 100 0 24423.2 0 1
0.0088 2e-05 100 100 0 0 100 100 0 24487.4 0 1
0.00882 2e-05 100 100 0 0 100 100 0 24547.5 0 1
0.00884 2e-05 100 100 0 0 100 100 0 24610.9 0 1
0.00886 2e-05 100 100 0 0 100 100 0 24671.4 0 1
0.00888 2e-05 100 100 0 0 100 100 0 24727.6 0 1
0.0089 2e-05 100 100 0 0 100 100 0 24785.5 0 1
0.00892 2e-05 100 100 0 0 100 100 0 24845 0 1
0.00894 2e-05 100 100 0 0 100 100 0 24904.7 0 1
0.00896 2e-05 100 100 0 0 100 100 0 24964.6 0 1
0.00898 2e-05 100 100 0 0 100 100 0 25019.1 0 1
0.009 2e-05 100 100 0 0 100 100 0 25071.7 0 1
0.00902 2e-05 100 100 0 0 100 100 0 25127.3 0 1
0.00904 2e-05 100 100 0 0 100 100 0 25178 0 1
0.00906 2e-05 100 100 0 0 100 100 0 25228 0 1
0.00908 2e-05 100 100 0 0 100 100 0 25282 0 1
0.0091 2e-05 100 100 0 0 100 100 0 25338.8 0 1
0.00912 2e-05 100 100 0 0 100 100 0 25395.9 0 1
0.00914 2e-05 100 100 0 0 100 100 0 25455.8 0 1
0.00916 2e-05 100 100 0 0 100 100 0 25510.9 0 1
0.00918 2e-05 100 100 0 0 100 100 0 25567.1 0 1
0.0092 2e-05 100 100 0 0 100 100 0 25627.8 0 1
0.00922 2e-05 100 100 0 0 100 100 0 25688.3 0 1
0.00924 2e-05 100 100 0 0 100 100 0 25751.1 0 1
0.00926 2e-05 100 100 0 0 100 100 0 25812.5 0 1
0.00928 2e-05 100 100 0 0 100 100 0 25873.3 0 1
0.0093 2e-05 100 100 0 0 100 100 0 25935 0 1
0.00932 2e-05 100 100 0 0 100 100 0 25988.6 0 1
0.00934 2e-05 100 100 0 0 100 100 0 26043.8 0 1
0.00936 2e-05 100 100 0 0 100 100 0 26096.6 0 1
0.00938 2e-05 100 100 0 0 100 100 0 26153.4 0 1
0.0094 2e-05 100 100 0 0 100 100 0 26211.6 0 1
0.00942 2e-05 100 100 0 0 100 100 0 26270.6 0 1
0.00944 2e-05 100 100 0 0 100 100 0 26330.3 0 1
0.00946 2e-05 100 100 0 0 100 100 0 26382.5 0 1
0.00948 2e-05 100 100 0 0 100 100 0 26442.6 0 1
0.0095 2e-05 100 100 0 0 100 100 0 26502.8 0 1
0.00952 2e-05 100 100 0 0 100 100 0 26561.7 0 1
0.00954 2e-05 100 100 0 0 100 100 0 26615.8 0 1
0.00956 2e-05 100 100 0 0 100 100 0 26674.5 0 1
0.00958 2e-05 100 100 0 0 100 100 0 26731.7 0 1
0.0096 2e-05 100 100 0 0 100 100 0 26786.8 0 1
0.00962 2e-05 100 100 0 0 100 100 0 26841.8 0 1
0.00964 2e-05 100 100 0 0 100 100 0 26896.1 0 1
0.00966 2e-05 100 100 0 0 100 100 0 26952.7 0 1
0.00968 2e-05 100 100 0 0 100 100 0 27010 0 1
0.0097 2e-05 100 100 0 0 100 100 0 27067.3 0 1
0.00972 2e-05 100 100 0 0 100 100 0 27129.3 0 1
0.00974 2e-05 100 100 0 0 100 100 0 27192.9 0 1
0.00976 2e-05 100 100 0 0 100 100 0 27253.6 0 1
0.00978 2e-05 100 100 0 0 100 100 0 27313.9 0 1
0.0098 2e-05 100 100 0 0 100 100 0 27370.3 0 1
0.00982 2e-05 100 100 0 0 100 100 0 27428.9 0 1
0.00984 2e-05 100 100 0 0 100 100 0 27484.8 0 1
0.00986 2e-05 2 100 0 0 100 100 0 27534.7 0 1
0.00988 2e-05 2 100 0 0 100 100 0 27582.7 0 1
0.0099 2e-05 2 100 0 0 100 100 0 27633.7 0 1
0.00992 2e-05 2 100 0 0 100 100 0 27680.3 0 1
0.00994 2e-05 2 100 0 0 100 100 0 27725.1 0 1
0.00996 2e-05 2 100 0 0 100 100 0 27770.8 0 1
0.00998 2e-05 2 100 0 0 100 100 0 27815.4 0 1
0.01 2e-05 2 100 0 0 100 100 0 27862.3 0 1
