0.00195312	0.000179476
0.00585938	0.000179476
0.00976562	0.000179476
0.0136719	0.000179476
0.0175781	0.000179476
0.0214844	0.000179476
0.0253906	0.000179476
0.0292969	0.000179476
0.0332031	0.000179476
0.0371094	0.000179476
0.0410156	0.000179476
0.0449219	0.000179476
0.0488281	0.000179476
0.0527344	0.000179476
0.0566406	0.000179476
0.0605469	0.000179476
0.0644531	0.000179476
0.0683594	0.000179476
0.0722656	0.000179476
0.0761719	0.000179476
0.0800781	0.000179476
0.0839844	0.000179476
0.0878906	0.000179476
0.0917969	0.000179476
0.0957031	0.000179476
0.0996094	0.000179476
0.103516	0.000179476
0.107422	0.000179476
0.111328	0.000179476
0.115234	0.000179476
0.119141	0.000179476
0.123047	0.000179476
0.126953	-0.00193889
0.130859	-0.00193889
0.134766	-0.00193889
0.138672	-0.00193889
0.142578	-0.00193889
0.146484	-0.00193889
0.150391	-0.00193889
0.154297	-0.00193889
0.158203	-0.00193889
0.162109	-0.00193889
0.166016	-0.00193889
0.169922	-0.00193889
0.173828	-0.00193889
0.177734	-0.00193889
0.181641	-0.00193889
0.185547	-0.00193889
0.189453	-0.0290767
0.193359	-0.0290767
0.197266	-0.0290767
0.201172	-0.0290767
0.205078	-0.0290767
0.208984	-0.0290767
0.212891	-0.0290767
0.216797	-0.0290767
0.220703	-0.0290767
0.224609	-0.0290767
0.228516	-0.0290767
0.232422	-0.0290767
0.236328	-0.0290767
0.240234	-0.0290767
0.244141	-0.0290767
0.248047	-0.0290767
0.251953	-0.0752548
0.255859	-0.0752548
0.259766	-0.0752548
0.263672	-0.0752548
0.267578	-0.0752548
0.271484	-0.0752548
0.275391	-0.0752548
0.279297	-0.0752548
0.283203	-0.084009
0.287109	-0.084009
0.291016	-0.084009
0.294922	-0.084009
0.298828	-0.084009
0.302734	-0.084009
0.306641	-0.084009
0.310547	-0.084009
0.314453	-0.0168408
0.318359	-0.0168408
0.322266	-0.0168408
0.326172	-0.0168408
0.330078	-0.0168408
0.333984	-0.0168408
0.337891	-0.0168408
0.341797	-0.0168408
0.345703	0.172434
0.349609	0.172434
0.353516	0.172434
0.357422	0.172434
0.361328	0.172434
0.365234	0.172434
0.369141	0.172434
0.373047	0.172434
0.376953	0.46719
0.380859	0.46719
0.384766	0.46719
0.388672	0.46719
0.392578	0.46719
0.396484	0.46719
0.400391	0.46719
0.404297	0.46719
0.408203	0.69144
0.412109	0.69144
0.416016	0.69144
0.419922	0.69144
0.423828	0.802156
0.427734	0.802156
0.431641	0.802156
0.435547	0.802156
0.439453	0.856782
0.443359	0.856782
0.447266	0.856782
0.451172	0.856782
0.455078	0.840274
0.458984	0.840274
0.462891	0.840274
0.466797	0.840274
0.470703	0.747516
0.474609	0.747516
0.478516	0.747516
0.482422	0.747516
0.486328	0.585245
0.490234	0.585245
0.494141	0.585245
0.498047	0.585245
0.501953	0.253339
0.505859	0.253339
0.509766	0.253339
0.513672	0.253339
0.517578	0.253339
0.521484	0.253339
0.525391	0.253339
0.529297	0.253339
0.533203	-0.101806
0.537109	-0.101806
0.541016	-0.101806
0.544922	-0.101806
0.548828	-0.304002
0.552734	-0.304002
0.556641	-0.304002
0.560547	-0.304002
0.564453	-0.453287
0.568359	-0.453287
0.572266	-0.453287
0.576172	-0.453287
0.580078	-0.538913
0.583984	-0.538913
0.587891	-0.538913
0.591797	-0.538913
0.595703	-0.560853
0.599609	-0.560853
0.603516	-0.560853
0.607422	-0.560853
0.611328	-0.528301
0.615234	-0.528301
0.619141	-0.528301
0.623047	-0.528301
0.626953	-0.41153
0.630859	-0.41153
0.634766	-0.41153
0.638672	-0.41153
0.642578	-0.41153
0.646484	-0.41153
0.650391	-0.41153
0.654297	-0.41153
0.658203	-0.218238
0.662109	-0.218238
0.666016	-0.218238
0.669922	-0.218238
0.673828	-0.218238
0.677734	-0.218238
0.681641	-0.218238
0.685547	-0.218238
0.689453	-0.0702792
0.693359	-0.0702792
0.697266	-0.0702792
0.701172	-0.0702792
0.705078	-0.0702792
0.708984	-0.0702792
0.712891	-0.0702792
0.716797	-0.0702792
0.720703	0.0030923
0.724609	0.0030923
0.728516	0.0030923
0.732422	0.0030923
0.736328	0.0030923
0.740234	0.0030923
0.744141	0.0030923
0.748047	0.0030923
0.751953	0.0207349
0.755859	0.0207349
0.759766	0.0207349
0.763672	0.0207349
0.767578	0.0207349
0.771484	0.0207349
0.775391	0.0207349
0.779297	0.0207349
0.783203	0.0207349
0.787109	0.0207349
0.791016	0.0207349
0.794922	0.0207349
0.798828	0.0207349
0.802734	0.0207349
0.806641	0.0207349
0.810547	0.0207349
0.814453	0.00515114
0.818359	0.00515114
0.822266	0.00515114
0.826172	0.00515114
0.830078	0.00515114
0.833984	0.00515114
0.837891	0.00515114
0.841797	0.00515114
0.845703	0.00515114
0.849609	0.00515114
0.853516	0.00515114
0.857422	0.00515114
0.861328	0.00515114
0.865234	0.00515114
0.869141	0.00515114
0.873047	0.00515114
0.876953	-1.70785e-05
0.880859	-1.70785e-05
0.884766	-1.70785e-05
0.888672	-1.70785e-05
0.892578	-1.70785e-05
0.896484	-1.70785e-05
0.900391	-1.70785e-05
0.904297	-1.70785e-05
0.908203	-1.70785e-05
0.912109	-1.70785e-05
0.916016	-1.70785e-05
0.919922	-1.70785e-05
0.923828	-1.70785e-05
0.927734	-1.70785e-05
0.931641	-1.70785e-05
0.935547	-1.70785e-05
0.939453	-1.70785e-05
0.943359	-1.70785e-05
0.947266	-1.70785e-05
0.951172	-1.70785e-05
0.955078	-1.70785e-05
0.958984	-1.70785e-05
0.962891	-1.70785e-05
0.966797	-1.70785e-05
0.970703	-1.70785e-05
0.974609	-1.70785e-05
0.978516	-1.70785e-05
0.982422	-1.70785e-05
0.986328	-1.70785e-05
0.990234	-1.70785e-05
0.994141	-1.70785e-05
0.998047	-1.70785e-05
