0.00195312	1.45029e-05
0.00585938	1.77384e-05
0.00976562	2.15693e-05
0.0136719	2.60802e-05
0.0175781	3.13629e-05
0.0214844	3.75151e-05
0.0253906	4.46402e-05
0.0292969	5.28447e-05
0.0332031	6.2237e-05
0.0371094	7.29239e-05
0.0410156	8.50073e-05
0.0449219	9.85791e-05
0.0488281	0.000113716
0.0527344	0.00013047
0.0566406	0.000148865
0.0605469	0.000168881
0.0644531	0.000190443
0.0683594	0.000213411
0.0722656	0.000237559
0.0761719	0.000262559
0.0800781	0.000287957
0.0839844	0.000313156
0.0878906	0.00033738
0.0917969	0.000359654
0.0957031	0.000378768
0.0996094	0.000393244
0.103516	0.0004013
0.107422	0.00040081
0.111328	0.000389269
0.115234	0.000363745
0.119141	0.000320845
0.123047	0.000256668
0.126953	0.000166771
0.130859	4.61306e-05
0.134766	-0.000110893
0.138672	-0.000310578
0.142578	-0.000559863
0.146484	-0.000866362
0.150391	-0.00123836
0.154297	-0.00168479
0.158203	-0.00221523
0.162109	-0.00283984
0.166016	-0.00356928
0.169922	-0.00441467
0.173828	-0.0053874
0.177734	-0.00649908
0.181641	-0.00776127
0.185547	-0.00918538
0.189453	-0.0107824
0.193359	-0.0125625
0.197266	-0.014535
0.201172	-0.0167077
0.205078	-0.0190871
0.208984	-0.021677
0.212891	-0.0244793
0.216797	-0.0274924
0.220703	-0.0307116
0.224609	-0.0341283
0.228516	-0.0377292
0.232422	-0.0414964
0.236328	-0.0454066
0.240234	-0.0494304
0.244141	-0.0535325
0.248047	-0.0576707
0.251953	-0.0617961
0.255859	-0.0658524
0.259766	-0.0697759
0.263672	-0.0734956
0.267578	-0.076933
0.271484	-0.0800023
0.275391	-0.0826106
0.279297	-0.0846588
0.283203	-0.0860414
0.287109	-0.0866481
0.291016	-0.086364
0.294922	-0.0850711
0.298828	-0.0826495
0.302734	-0.0789787
0.306641	-0.0739393
0.310547	-0.0674144
0.314453	-0.0592919
0.318359	-0.0494663
0.322266	-0.0378404
0.326172	-0.024328
0.330078	-0.0088555
0.333984	0.00863562
0.337891	0.0281869
0.341797	0.0498208
0.345703	0.0735387
0.349609	0.0993193
0.353516	0.127117
0.357422	0.156861
0.361328	0.188454
0.365234	0.221769
0.369141	0.256655
0.373047	0.29293
0.376953	0.330388
0.380859	0.368793
0.384766	0.407886
0.388672	0.447383
0.392578	0.486981
0.396484	0.526356
0.400391	0.565169
0.404297	0.603068
0.408203	0.639692
0.412109	0.674677
0.416016	0.707656
0.419922	0.738268
0.423828	0.766159
0.427734	0.79099
0.431641	0.812437
0.435547	0.830201
0.439453	0.844009
0.443359	0.853618
0.447266	0.858821
0.451172	0.859449
0.455078	0.855374
0.458984	0.846513
0.462891	0.832828
0.466797	0.814328
0.470703	0.791072
0.474609	0.763167
0.478516	0.730765
0.482422	0.694067
0.486328	0.65332
0.490234	0.60881
0.494141	0.560865
0.498047	0.509845
0.501953	0.456146
0.505859	0.400186
0.509766	0.342409
0.513672	0.283271
0.517578	0.223244
0.521484	0.162801
0.525391	0.102418
0.529297	0.0425621
0.533203	-0.016308
0.537109	-0.0737515
0.541016	-0.129349
0.544922	-0.182707
0.548828	-0.233461
0.552734	-0.281284
0.556641	-0.32588
0.560547	-0.366998
0.564453	-0.404425
0.568359	-0.437992
0.572266	-0.467573
0.576172	-0.493086
0.580078	-0.514491
0.583984	-0.531791
0.587891	-0.545028
0.591797	-0.554284
0.595703	-0.559676
0.599609	-0.561353
0.603516	-0.559494
0.607422	-0.554305
0.611328	-0.546013
0.615234	-0.534865
0.619141	-0.521122
0.623047	-0.505056
0.626953	-0.486945
0.630859	-0.467074
0.634766	-0.445723
0.638672	-0.423171
0.642578	-0.399691
0.646484	-0.375546
0.650391	-0.350986
0.654297	-0.326248
0.658203	-0.301554
0.662109	-0.277107
0.666016	-0.253092
0.669922	-0.229676
0.673828	-0.207004
0.677734	-0.185203
0.681641	-0.164379
0.685547	-0.144619
0.689453	-0.125991
0.693359	-0.108545
0.697266	-0.0923138
0.701172	-0.0773151
0.705078	-0.0635512
0.708984	-0.0510112
0.712891	-0.0396725
0.716797	-0.0295022
0.720703	-0.0204582
0.724609	-0.012491
0.728516	-0.00554505
0.732422	0.000440126
0.736328	0.00552848
0.740234	0.0097863
0.744141	0.0132811
0.748047	0.0160808
0.751953	0.0182524
0.755859	0.0198618
0.759766	0.0209727
0.763672	0.0216461
0.767578	0.0219402
0.771484	0.0219093
0.775391	0.0216044
0.779297	0.0210725
0.783203	0.0203564
0.787109	0.0194953
0.791016	0.018524
0.794922	0.0174736
0.798828	0.0163715
0.802734	0.0152414
0.806641	0.0141037
0.810547	0.0129754
0.814453	0.0118707
0.818359	0.0108014
0.822266	0.0097763
0.826172	0.00880249
0.830078	0.00788492
0.833984	0.00702688
0.837891	0.00623018
0.841797	0.00549541
0.845703	0.0048221
0.849609	0.00420891
0.853516	0.00365383
0.857422	0.00315428
0.861328	0.00270732
0.865234	0.00230968
0.869141	0.00195795
0.873047	0.0016486
0.876953	0.00137811
0.880859	0.00114299
0.884766	0.000939849
0.888672	0.000765433
0.892578	0.000616653
0.896484	0.000490609
0.900391	0.000384599
0.904297	0.00029613
0.908203	0.00022292
0.912109	0.000162899
0.916016	0.000114197
0.919922	7.51441e-05
0.923828	4.42533e-05
0.927734	2.02145e-05
0.931641	1.87906e-06
0.935547	-1.17522e-05
0.939453	-2.15425e-05
0.943359	-2.82318e-05
0.947266	-3.24499e-05
0.951172	-3.47282e-05
0.955078	-3.55115e-05
0.958984	-3.51688e-05
0.962891	-3.40029e-05
0.966797	-3.22598e-05
0.970703	-3.01366e-05
0.974609	-2.77894e-05
0.978516	-2.53391e-05
0.982422	-2.2878e-05
0.986328	-2.04743e-05
0.990234	-1.81767e-05
0.994141	-1.60183e-05
0.998047	-1.40197e-05
