0.0166876 0.054152612590541105
0.0341775 0.053267810544700145
0.0516673 0.05388347000869409
0.0691572 0.048647569763789034
0.086647 0.05116546040331976
0.104137 0.05027307391995062
0.121627 0.048975941410216384
0.139117 0.052187403962288326
0.156606 0.051916970210755364
0.174096 0.051675597777676885
0.191586 0.04923416053372742
0.209076 0.05096292360399596
0.226566 0.04848813734840701
0.244056 0.04933951962035388
0.261545 0.0489940098025885
0.279035 0.05013521735725712
0.296525 0.05102761063613087
0.314015 0.04858710965596441
0.331505 0.04840285019041979
0.348995 0.05453328231208321
0.366485 0.051686799231839
0.383974 0.052772727885649684
0.401464 0.05333342437756583
0.418954 0.04913931757414597
0.436444 0.05291508091992958
0.453934 0.050755134914924005
0.471424 0.04810306983445933
0.488914 0.05079923876607351
0.506403 0.050399883890850816
0.523893 0.048973415780487584
0.541383 0.047882583850174465
0.558873 0.04635377143308034
0.576363 0.046168466011402454
0.593853 0.04768170331513866
0.611342 0.045786225023832505
0.628832 0.04654566823074474
0.646322 0.04405586919450061
0.663812 0.04837979353896582
0.681302 0.045875151856733576
0.698792 0.04375583846783826
0.716282 0.04371736867142889
0.733771 0.0432878971202707
0.751261 0.042233381040434226
0.768751 0.042254684066435344
0.786241 0.04128670934776396
0.803731 0.04246004023733785
0.821221 0.038890949899490324
0.83871 0.041800604692747656
0.8562 0.03829220089802576
0.87369 0.03829220089802576
0.89118 0.038717987611321114
0.90867 0.03616396764203483
0.92616 0.03769334739979341
0.94365 0.04027200290913746
0.960265 0.03462212593243913
0.961139 0.036373379940200345
1.00399 0.033861703992809467
1.04771 0.03529304695060559
1.09144 0.03394442220228938
1.13516 0.030834126700613196
1.17889 0.03021894640528111
1.22261 0.027409110363702527
1.26634 0.028304498420350988
1.31006 0.025926829470469925
1.35379 0.025439775921552388
1.39751 0.026028882529876063
1.44124 0.02113594757576792
1.48496 0.023430231722912254
1.52868 0.022156081459065446
1.57241 0.02116866830105102
1.61613 0.021523547997686188
1.65986 0.02175860374506261
1.70358 0.017089263595682525
1.79103 0.018469785837636588
1.83476 0.020074410141324606
1.87761 0.021366556668448555
1.92046 0.021787753086254746
1.96331 0.016260420926527297
2.00616 0.019347928545692006
2.04988 0.019024700799914585
2.09361 0.021086991184790294
2.13733 0.019983268299034074
2.18106 0.017423379787074644
2.22478 0.021842210598593037
2.26851 0.021337144603535474
2.31223 0.020374934078839835
2.35595 0.0214958259677287
2.39968 0.0191913198624849
2.4434 0.020797771320299918
2.48713 0.021077214876378203
2.53085 0.019426616379570938
2.57458 0.018373673766402532
2.6183 0.018373673766402532
2.66203 0.02106874378470469
2.70575 0.020492286706407847
2.74948 0.022046227682438135
2.7932 0.01929119839286747
2.83693 0.02094382727544586
2.88065 0.0206507726943177
2.92437 0.016507010844284298
