0.0166876 0.49753695
0.0341775 0.49753695
0.0516673 0.49753695
0.0691572 0.499424696
0.086647 0.5
0.104137 0.499448719
0.121627 0.49753695
0.139117 0.49753695
0.156606 0.499377191
0.174096 0.49753695
0.191586 0.49999747833
0.209076 0.499685084
0.226566 0.4988992
0.244056 0.49753695
0.261545 0.49753695
0.279035 0.499322274
0.296525 0.49753695
0.314015 0.5
0.331505 0.49753695
0.348995 0.49753695
0.366485 0.4990862
0.383974 0.499272568
0.401464 0.49753695
0.418954 0.49753695
0.436444 0.49753695
0.453934 0.49753695
0.471424 0.49753695
0.488914 0.49753695
0.506403 0.499419425
0.523893 0.49753695
0.541383 0.49753695
0.558873 0.49753695
0.576363 0.499118324
0.593853 0.49753695
0.611342 0.49973115
0.628832 0.49999792956
0.646322 0.49753695
0.663812 0.4999508385
0.681302 0.49835347
0.698792 0.49999170691
0.716282 0.499858646
0.733771 0.49753695
0.751261 0.5
0.768751 0.49753695
0.786241 0.49753695
0.803731 0.499644973
0.821221 0.49753695
0.83871 0.49753695
0.8562 0.49753695
0.87369 0.49753695
0.89118 0.5
0.90867 0.49822538
0.92616 0.49753695
0.94365 0.49753695
0.960265 0.49753695
0.961139 0.49753695
1.00399 0.49753695
1.04771 0.49753695
1.09144 0.49753695
1.13516 0.49896184
1.17889 0.49753695
1.22261 0.49753695
1.26634 0.49753695
1.31006 0.49753695
1.35379 0.49753695
1.39751 0.49753695
1.44124 0.49753695
1.48496 0.49753695
1.52868 0.49753695
1.57241 0.49781835
1.61613 0.49753695
1.65986 0.49753695
1.70358 0.499487628
1.79103 0.5
1.83476 0.49753695
1.87761 0.49753695
1.92046 0.49753695
1.96331 0.49753695
2.00616 0.49753695
2.04988 0.49753695
2.09361 0.49753695
2.13733 0.49753695
2.18106 0.49753695
2.22478 0.49753695
2.26851 0.499795991
2.31223 0.499824496
2.35595 0.49753695
2.39968 0.499478499
2.4434 0.49753695
2.48713 0.499716069
2.53085 0.49860242
2.57458 0.49753695
2.6183 0.49753695
2.66203 0.5
2.70575 0.49753695
2.74948 0.49753695
2.7932 0.5
2.83693 0.49772778
2.88065 0.499887893
2.92437 0.49753695
