0.0166876 0.047060999999999964
0.0341775 0.04518999999999995
0.0516673 0.04230800000000001
0.0691572 0.03837799999999997
0.086647 0.03608199999999995
0.104137 0.03165800000000002
0.121627 0.028769999999999962
0.139117 0.026543999999999957
0.156606 0.025218000000000018
0.174096 0.02328100000000005
0.191586 0.021930000000000005
0.209076 0.020247000000000015
0.226566 0.019172000000000022
0.244056 0.01859700000000003
0.261545 0.018849000000000005
0.279035 0.01812600000000003
0.296525 0.018789999999999973
0.314015 0.018813000000000024
0.331505 0.020777999999999963
0.348995 0.02183400000000002
0.366485 0.02291099999999996
0.383974 0.022702999999999973
0.401464 0.02251700000000001
0.418954 0.02171999999999996
0.436444 0.019811999999999996
0.453934 0.019111999999999962
0.471424 0.019955
0.488914 0.019648999999999972
0.506403 0.01904499999999998
0.523893 0.01836199999999999
0.541383 0.017906000000000033
0.558873 0.016666999999999987
0.576363 0.013428999999999969
0.593853 0.013770999999999978
0.611342 0.014585000000000015
0.628832 0.01470100000000002
0.646322 0.014434000000000002
0.663812 0.014243999999999979
0.681302 0.014585000000000015
0.698792 0.01411800000000002
0.716282 0.01562600000000003
0.733771 0.015522000000000036
0.751261 0.015349999999999975
0.768751 0.015149999999999997
0.786241 0.014894999999999992
0.803731 0.01399499999999998
0.821221 0.013734000000000024
0.83871 0.013172000000000017
0.8562 0.013556999999999986
0.87369 0.013556999999999986
0.89118 0.012164999999999981
0.90867 0.013666000000000011
0.92616 0.012777000000000038
0.94365 0.013443000000000038
0.960265 0.012892000000000015
0.961139 0.012893000000000043
1.00399 0.012777999999999956
1.04771 0.01322299999999993
1.09144 0.012947000000000042
1.13516 0.012231000000000047
1.17889 0.013043999999999945
1.22261 0.012764000000000053
1.26634 0.012893999999999961
1.31006 0.012755000000000016
1.35379 0.011994999999999978
1.39751 0.01165900000000003
1.44124 0.011047999999999947
1.48496 0.01025799999999999
1.52868 0.01099300000000003
1.57241 0.008774999999999977
1.61613 0.010548999999999975
1.65986 0.009464999999999946
1.70358 0.009452000000000016
1.79103 0.010468000000000033
1.83476 0.008427999999999991
1.87761 0.010313000000000017
1.92046 0.009961999999999971
1.96331 0.009805000000000008
2.00616 0.009516999999999998
2.04988 0.00938599999999995
2.09361 0.009438000000000002
2.13733 0.008251000000000008
2.18106 0.009419999999999984
2.22478 0.008335000000000037
2.26851 0.008168000000000009
2.31223 0.008477999999999986
2.35595 0.010155000000000025
2.39968 0.009072999999999942
2.4434 0.010070999999999997
2.48713 0.009377999999999997
2.53085 0.010160000000000058
2.57458 0.009421000000000013
2.6183 0.009421000000000013
2.66203 0.008788000000000018
2.70575 0.009742000000000028
2.74948 0.010122999999999938
2.7932 0.009855000000000003
2.83693 0.010133000000000003
2.88065 0.008743000000000056
2.92437 0.008742000000000028
