x y a x y ga.x x y ga.y 
-0.09375 -0.09375 nan -0.09375 -0.09375 nan -0.09375 -0.09375 nan 
-0.09375 -0.03125 nan -0.09375 -0.03125 nan -0.09375 -0.03125 nan 
-0.09375 0.03125 nan -0.09375 0.03125 nan -0.09375 0.03125 nan 
-0.09375 0.09375 nan -0.09375 0.09375 nan -0.09375 0.09375 nan 
-0.09375 0.15625 nan -0.09375 0.15625 nan -0.09375 0.15625 nan 
-0.03125 -0.09375 nan -0.03125 -0.09375 nan -0.03125 -0.09375 nan 
-0.03125 -0.03125 nan -0.03125 -0.03125 nan -0.03125 -0.03125 nan 
-0.03125 0.03125 nan -0.03125 0.03125 nan -0.03125 0.03125 nan 
-0.03125 0.09375 nan -0.03125 0.09375 nan -0.03125 0.09375 nan 
-0.03125 0.15625 nan -0.03125 0.15625 nan -0.03125 0.15625 nan 
0.03125 -0.09375 nan 0.03125 -0.09375 nan 0.03125 -0.09375 nan 
0.03125 -0.03125 nan 0.03125 -0.03125 nan 0.03125 -0.03125 nan 
0.03125 0.03125 0.03125 0.03125 0.03125 nan 0.03125 0.03125 nan 
0.03125 0.09375 0.03125 0.03125 0.09375 nan 0.03125 0.09375 nan 
0.03125 0.15625 0.03125 0.03125 0.15625 nan 0.03125 0.15625 nan 
0.09375 -0.09375 nan 0.09375 -0.09375 nan 0.09375 -0.09375 nan 
0.09375 -0.03125 nan 0.09375 -0.03125 nan 0.09375 -0.03125 nan 
0.09375 0.03125 0.09375 0.09375 0.03125 nan 0.09375 0.03125 nan 
0.09375 0.09375 0.09375 0.09375 0.09375 nan 0.09375 0.09375 nan 
0.09375 0.15625 0.09375 0.09375 0.15625 nan 0.09375 0.15625 nan 
0.15625 -0.09375 nan 0.15625 -0.09375 nan 0.15625 -0.09375 nan 
0.15625 -0.03125 nan 0.15625 -0.03125 nan 0.15625 -0.03125 nan 
0.15625 0.03125 0.15625 0.15625 0.03125 nan 0.15625 0.03125 nan 
0.15625 0.09375 0.15625 0.15625 0.09375 nan 0.15625 0.09375 nan 
0.15625 0.15625 0.15625 0.15625 0.15625 nan 0.15625 0.15625 nan 
