cellnumber,    x-coordinate,    y-coordinate
         1, 2.153721638E-03, 2.470000027E-06
         2, 2.153789857E-03, 7.132930023E-06
         3, 2.153846202E-03, 9.602929822E-06
         4, 2.153967042E-03, 1.235000036E-05
         5, 2.154232701E-03, 1.728999996E-05
         6, 2.154580317E-03, 2.223000047E-05
         7, 2.155054128E-03, 2.717000098E-05
         8, 2.155631315E-03, 3.210999785E-05
         9, 2.156343777E-03, 3.704999835E-05
        10, 2.157172188E-03, 4.198999886E-05
        11, 2.158079995E-03, 4.692999937E-05
        12, 2.158675808E-03, 4.989443551E-05
        13, 2.159189200E-03, 5.236443758E-05
        14, 2.160195960E-03, 5.681000039E-05
        15, 2.161398996E-03, 6.174999726E-05
        16, 2.162675606E-03, 6.669000140E-05
        17, 2.163533121E-03, 6.979453610E-05
        18, 2.164244186E-03, 7.226453454E-05
        19, 2.165535698E-03, 7.657000242E-05
        20, 2.167101484E-03, 8.150999929E-05
        21, 2.168280073E-03, 8.503977006E-05
        22, 2.169159940E-03, 8.750976849E-05
        23, 2.170574153E-03, 9.139000031E-05
        24, 2.172457287E-03, 9.632999718E-05
        25, 2.173513174E-03, 9.898956341E-05
        26, 2.174556954E-03, 1.014595691E-04
        27, 2.176593989E-03, 1.062099982E-04
        28, 2.178107155E-03, 1.095555635E-04
        29, 2.179302974E-03, 1.120255547E-04
        30, 2.181266667E-03, 1.160899992E-04
        31, 2.182973549E-03, 1.194706347E-04
        32, 2.184319310E-03, 1.219406331E-04
        33, 2.186502330E-03, 1.259699930E-04
        34, 2.188133076E-03, 1.288801286E-04
        35, 2.189626917E-03, 1.313501270E-04
        36, 2.192097018E-03, 1.353804691E-04
        37, 2.193688648E-03, 1.378504676E-04
        38, 2.195581561E-03, 1.407899981E-04
        39, 2.197722904E-03, 1.440261694E-04
        40, 2.199519426E-03, 1.464961679E-04
        41, 2.201989293E-03, 1.498382335E-04
        42, 2.203911543E-03, 1.523082319E-04
        43, 2.206381643E-03, 1.554384799E-04
        44, 2.208329970E-03, 1.579084783E-04
        45, 2.210512990E-03, 1.605500001E-04
        46, 2.212833380E-03, 1.633314241E-04
        47, 2.215068555E-03, 1.658014226E-04
        48, 2.217538655E-03, 1.684997551E-04
        49, 2.219964750E-03, 1.709697535E-04
        50, 2.222434850E-03, 1.734550751E-04
        51, 2.225069562E-03, 1.759250736E-04
        52, 2.227539662E-03, 1.782124309E-04
        53, 2.230409998E-03, 1.806550281E-04
        54, 2.232911298E-03, 1.827525994E-04
        55, 2.235381166E-03, 1.846734231E-04
        56, 2.238543006E-03, 1.871434361E-04
        57, 2.241012873E-03, 1.890182175E-04
        58, 2.244443400E-03, 1.914882014E-04
        59, 2.246913267E-03, 1.932321611E-04
        60, 2.250170102E-03, 1.952830644E-04
        61, 2.253303304E-03, 1.971808961E-04
        62, 2.255773405E-03, 1.986540447E-04
        63, 2.260050038E-03, 2.010036114E-04
        64, 2.262742259E-03, 2.024195710E-04
        65, 2.265212359E-03, 2.036248188E-04
        66, 2.269929973E-03, 2.057901438E-04
        67, 2.273122314E-03, 2.071753261E-04
        68, 2.275592182E-03, 2.081770363E-04
        69, 2.279809909E-03, 2.097554534E-04
        70, 2.284750110E-03, 2.114315430E-04
        71, 2.287543612E-03, 2.123231097E-04
        72, 2.290013479E-03, 2.130203648E-04
        73, 2.294630045E-03, 2.142318262E-04
        74, 2.299570013E-03, 2.153812966E-04
        75, 2.304509981E-03, 2.163820027E-04
        76, 2.308622468E-03, 2.171021624E-04
        77, 2.311092336E-03, 2.174893743E-04
        78, 2.314390149E-03, 2.179286676E-04
        79, 2.319330117E-03, 2.184938057E-04
        80, 2.324269852E-03, 2.189512161E-04
        81, 2.329210052E-03, 2.193065011E-04
        82, 2.334150020E-03, 2.195678680E-04
        83, 2.339089988E-03, 2.197446011E-04
        84, 2.344029956E-03, 2.198463771E-04
        85, 2.348969923E-03, 2.198825969E-04
        86, 2.353910124E-03, 2.198624134E-04
        87, 2.358850092E-03, 2.197944268E-04
        88, 2.363790059E-03, 2.196865826E-04
        89, 2.368730027E-03, 2.195460256E-04
        90, 2.373669995E-03, 2.193792461E-04
        91, 2.378609963E-03, 2.191919339E-04
        92, 2.383549931E-03, 2.189891384E-04
        93, 2.388490131E-03, 2.187751961E-04
        94, 2.393429866E-03, 2.185537742E-04
        95, 2.398370067E-03, 2.183280158E-04
        96, 2.403310034E-03, 2.181003219E-04
        97, 2.408250002E-03, 2.178723516E-04
        98, 2.413189970E-03, 2.176453709E-04
        99, 2.417531563E-03, 2.174461551E-04
       100, 2.420001430E-03, 2.173318353E-04
       101, 2.423069905E-03, 2.171888627E-04
       102, 2.428010106E-03, 2.169633372E-04
       103, 2.432950074E-03, 2.167467755E-04
       104, 2.437890042E-03, 2.165404876E-04
       105, 2.442830009E-03, 2.163452446E-04
       106, 2.447769977E-03, 2.161615412E-04
       107, 2.452709945E-03, 2.159896831E-04
       108, 2.457649913E-03, 2.158298303E-04
       109, 2.462590113E-03, 2.156819683E-04
       110, 2.467530081E-03, 2.155459515E-04
       111, 2.472470049E-03, 2.154215472E-04
       112, 2.477410017E-03, 2.153083769E-04
       113, 2.482349984E-03, 2.152060333E-04
       114, 2.487289952E-03, 2.151140216E-04
       115, 2.492229920E-03, 2.150318032E-04
       116, 2.497170120E-03, 2.149587963E-04
       117, 2.502110088E-03, 2.148944186E-04
       118, 2.507050056E-03, 2.148380154E-04
       119, 2.511990024E-03, 2.147889754E-04
       120, 2.516929992E-03, 2.147466585E-04
       121, 2.521869959E-03, 2.147104242E-04
       122, 2.526809927E-03, 2.146796178E-04
       123, 2.531750128E-03, 2.146536572E-04
       124, 2.536690095E-03, 2.146318875E-04
       125, 2.541630063E-03, 2.146137122E-04
       126, 2.546570031E-03, 2.145985491E-04
       127, 2.551509999E-03, 2.145858307E-04
       128, 2.556449967E-03, 2.145750041E-04
       129, 2.561389934E-03, 2.145655162E-04
       130, 2.566329902E-03, 2.145568724E-04
       131, 2.571269870E-03, 2.145485632E-04
       132, 2.576210070E-03, 2.145401086E-04
       133, 2.581150038E-03, 2.145310573E-04
       134, 2.586090006E-03, 2.145209437E-04
       135, 2.591029974E-03, 2.145093604E-04
       136, 2.595969941E-03, 2.144958562E-04
       137, 2.600909909E-03, 2.144800674E-04
       138, 2.605850110E-03, 2.144615573E-04
       139, 2.610790078E-03, 2.144399623E-04
       140, 2.615730045E-03, 2.144149039E-04
       141, 2.620670013E-03, 2.143859892E-04
       142, 2.625609981E-03, 2.143528545E-04
       143, 2.630549949E-03, 2.143151214E-04
       144, 2.635489916E-03, 2.142723824E-04
       145, 2.640430117E-03, 2.142242884E-04
       146, 2.645370085E-03, 2.141704026E-04
       147, 2.650310053E-03, 2.141103178E-04
       148, 2.655250020E-03, 2.140435972E-04
       149, 2.660189988E-03, 2.139697754E-04
       150, 2.665129956E-03, 2.138883865E-04
       151, 2.670069924E-03, 2.137988922E-04
       152, 2.675010124E-03, 2.137007541E-04
       153, 2.679950092E-03, 2.135934337E-04
       154, 2.684890060E-03, 2.134762763E-04
       155, 2.689830028E-03, 2.133486560E-04
       156, 2.694769995E-03, 2.132098452E-04
       157, 2.699709963E-03, 2.130589419E-04
       158, 2.704650164E-03, 2.128948836E-04
       159, 2.709589899E-03, 2.127164189E-04
       160, 2.714514267E-03, 2.125217288E-04
       161, 2.716984134E-03, 2.124193270E-04
       162, 2.719470067E-03, 2.123039158E-04
       163, 2.724410035E-03, 2.120659919E-04
       164, 2.729350002E-03, 2.118112898E-04
       165, 2.734289970E-03, 2.115399111E-04
       166, 2.739229938E-03, 2.112513175E-04
       167, 2.744169906E-03, 2.109447669E-04
       168, 2.749110106E-03, 2.106195025E-04
       169, 2.754050074E-03, 2.102746657E-04
       170, 2.758990042E-03, 2.099095000E-04
       171, 2.763930010E-03, 2.095228992E-04
       172, 2.768869977E-03, 2.091141505E-04
       173, 2.773809945E-03, 2.086817403E-04
       174, 2.778750146E-03, 2.082240826E-04
       175, 2.783689881E-03, 2.077372483E-04
       176, 2.786184661E-03, 2.074827935E-04
       177, 2.788654529E-03, 2.072045172E-04
       178, 2.793570049E-03, 2.066325978E-04
       179, 2.798510017E-03, 2.060227998E-04
       180, 2.803449985E-03, 2.053797944E-04
       181, 2.808389952E-03, 2.047039015E-04
       182, 2.813329920E-03, 2.039945539E-04
       183, 2.818269888E-03, 2.032520133E-04
       184, 2.821725560E-03, 2.027062874E-04
       185, 2.824195661E-03, 2.022878180E-04
       186, 2.828150056E-03, 2.015900100E-04
       187, 2.833090024E-03, 2.006744617E-04
       188, 2.838029992E-03, 1.997144427E-04
       189, 2.842970192E-03, 1.987168071E-04
       190, 2.846810501E-03, 1.979046210E-04
       191, 2.849280601E-03, 1.973503968E-04
       192, 2.852850128E-03, 1.965150586E-04
       193, 2.857790096E-03, 1.953122555E-04
       194, 2.862730063E-03, 1.940609218E-04
       195, 2.866582945E-03, 1.930433355E-04
       196, 2.869052812E-03, 1.923517993E-04
       197, 2.872609999E-03, 1.913202432E-04
       198, 2.877549967E-03, 1.898390619E-04
       199, 2.882142784E-03, 1.884006197E-04
       200, 2.884612884E-03, 1.876003225E-04
       201, 2.887429902E-03, 1.866343955E-04
       202, 2.892370103E-03, 1.849082037E-04
       203, 2.896483988E-03, 1.834041177E-04
       204, 2.898953855E-03, 1.824521169E-04
       205, 2.902250038E-03, 1.811420225E-04
       206, 2.907190006E-03, 1.791452378E-04
       207, 2.909962088E-03, 1.779853192E-04
       208, 2.912431955E-03, 1.768733637E-04
       209, 2.917070175E-03, 1.747873757E-04
       210, 2.920279745E-03, 1.732840174E-04
       211, 2.922749845E-03, 1.720376895E-04
       212, 2.926950110E-03, 1.699463755E-04
       213, 2.930068644E-03, 1.683386799E-04
       214, 2.932538744E-03, 1.669571939E-04
       215, 2.936830046E-03, 1.645719458E-04
       216, 2.939425875E-03, 1.631047489E-04
       217, 2.941895975E-03, 1.616228692E-04
       218, 2.945905318E-03, 1.591528708E-04
       219, 2.948375186E-03, 1.575263886E-04
       220, 2.951649949E-03, 1.554073533E-04
       221, 2.954586409E-03, 1.534909679E-04
       222, 2.957056277E-03, 1.517428900E-04
       223, 2.960463520E-03, 1.492728916E-04
       224, 2.962933620E-03, 1.473604207E-04
       225, 2.966098487E-03, 1.448904222E-04
       226, 2.968568588E-03, 1.429431577E-04
       227, 2.971410053E-03, 1.406484807E-04
       228, 2.974075032E-03, 1.384953066E-04
       229, 2.976544900E-03, 1.363556512E-04
       230, 2.979358658E-03, 1.338856528E-04
       231, 2.981828758E-03, 1.315706177E-04
       232, 2.984432504E-03, 1.291006192E-04
       233, 2.986902371E-03, 1.266262698E-04
       234, 2.989336848E-03, 1.241562568E-04
       235, 2.991806949E-03, 1.214963704E-04
       236, 2.994071227E-03, 1.190263720E-04
       237, 2.996541094E-03, 1.161249384E-04
       238, 2.998611191E-03, 1.136549399E-04
       239, 3.000583034E-03, 1.111500023E-04
       240, 3.003021935E-03, 1.080754810E-04
       241, 3.004935337E-03, 1.056054825E-04
       242, 3.007405438E-03, 1.022939177E-04
       243, 3.009221982E-03, 9.982391930E-05
       244, 3.011561697E-03, 9.633000445E-05
       245, 3.013269510E-03, 9.367633902E-05
       246, 3.014816437E-03, 9.120634058E-05
       247, 3.017286304E-03, 8.711266855E-05
       248, 3.018751740E-03, 8.464267012E-05
       249, 3.020450007E-03, 8.150999929E-05
       250, 3.022508230E-03, 7.752772945E-05
       251, 3.023781115E-03, 7.505773101E-05
       252, 3.025400918E-03, 7.162999827E-05
       253, 3.027369967E-03, 6.717661017E-05
       254, 3.028442152E-03, 6.470661174E-05
       255, 3.029613756E-03, 6.175000453E-05
       256, 3.031444503E-03, 5.681000039E-05
       257, 3.032742999E-03, 5.307210449E-05
       258, 3.033554880E-03, 5.060210606E-05
       259, 3.034656867E-03, 4.692999937E-05
       260, 3.036008682E-03, 4.198999886E-05
       261, 3.037216607E-03, 3.705000199E-05
       262, 3.037939779E-03, 3.377651592E-05
       263, 3.038425930E-03, 3.130651749E-05
       264, 3.039154923E-03, 2.717000098E-05
       265, 3.039891599E-03, 2.222999865E-05
       266, 3.040484153E-03, 1.728999996E-05
       267, 3.040928626E-03, 1.234999945E-05
       268, 3.041225718E-03, 7.409999853E-06
       269, 3.041356336E-03, 2.470000027E-06
