cellnumber,    x-coordinate,    y-coordinate
         1, 2.188768471E-03, 8.233333233E-07
         2, 2.188777551E-03, 2.470000027E-06
         3, 2.188798739E-03, 4.116666787E-06
         4, 2.188830404E-03, 5.763333320E-06
         5, 2.188872546E-03, 7.409999853E-06
         6, 2.188925399E-03, 9.056666386E-06
         7, 2.188988728E-03, 1.070333383E-05
         8, 2.189062769E-03, 1.235000036E-05
         9, 2.189147286E-03, 1.399666689E-05
        10, 2.189242514E-03, 1.564333252E-05
        11, 2.189347986E-03, 1.728999996E-05
        12, 2.189464401E-03, 1.893666558E-05
        13, 2.189591294E-03, 2.058333303E-05
        14, 2.189728664E-03, 2.223000047E-05
        15, 2.189876279E-03, 2.387666609E-05
        16, 2.190009691E-03, 2.527434481E-05
        17, 2.190091647E-03, 2.609767762E-05
        18, 2.190203639E-03, 2.716999916E-05
        19, 2.190383384E-03, 2.881666660E-05
        20, 2.190574771E-03, 3.046333222E-05
        21, 2.190776635E-03, 3.210999785E-05
        22, 2.190989442E-03, 3.375666711E-05
        23, 2.191212960E-03, 3.540333273E-05
        24, 2.191446489E-03, 3.704999835E-05
        25, 2.191639505E-03, 3.835800817E-05
        26, 2.191765234E-03, 3.918134098E-05
        27, 2.191947307E-03, 4.034333324E-05
        28, 2.192213899E-03, 4.198999886E-05
        29, 2.192492364E-03, 4.363666449E-05
        30, 2.192781772E-03, 4.528333375E-05
        31, 2.193080494E-03, 4.692999937E-05
        32, 2.193296095E-03, 4.808105950E-05
        33, 2.193455817E-03, 4.890438868E-05
        34, 2.193714958E-03, 5.022333426E-05
        35, 2.194048371E-03, 5.186999988E-05
        36, 2.194393892E-03, 5.351666550E-05
        37, 2.194748493E-03, 5.516333113E-05
        38, 2.194967354E-03, 5.615456394E-05
        39, 2.195155248E-03, 5.697789675E-05
        40, 2.195496345E-03, 5.845666601E-05
        41, 2.195887500E-03, 6.010333163E-05
        42, 2.196288202E-03, 6.174999726E-05
        43, 2.196571790E-03, 6.288690929E-05
        44, 2.196783898E-03, 6.371024210E-05
        45, 2.197129885E-03, 6.504333578E-05
        46, 2.197566675E-03, 6.669000140E-05
        47, 2.198014641E-03, 6.833666703E-05
        48, 2.198270056E-03, 6.925962953E-05
        49, 2.198505215E-03, 7.008296234E-05
        50, 2.198950388E-03, 7.162999827E-05
        51, 2.199433977E-03, 7.327666390E-05
        52, 2.199812327E-03, 7.453362923E-05
        53, 2.200067975E-03, 7.535696204E-05
        54, 2.200445160E-03, 7.657000242E-05
        55, 2.200963907E-03, 7.821666804E-05
        56, 2.201410243E-03, 7.959506183E-05
        57, 2.201684518E-03, 8.041839465E-05
        58, 2.202049131E-03, 8.150999929E-05
        59, 2.202603733E-03, 8.315666491E-05
        60, 2.203062410E-03, 8.448033623E-05
        61, 2.203356940E-03, 8.530367631E-05
        62, 2.203766024E-03, 8.644999616E-05
        63, 2.204356482E-03, 8.809666906E-05
        64, 2.204770688E-03, 8.921857807E-05
        65, 2.205085242E-03, 9.004191088E-05
        66, 2.205597237E-03, 9.139000031E-05
        67, 2.206222154E-03, 9.300919919E-05
        68, 2.206545323E-03, 9.383253200E-05
        69, 2.206884557E-03, 9.468333155E-05
        70, 2.207543235E-03, 9.633000445E-05
        71, 2.208027057E-03, 9.751029575E-05
        72, 2.208377002E-03, 9.833362856E-05
        73, 2.208919264E-03, 9.962333570E-05
        74, 2.209545346E-03, 1.010955239E-04
        75, 2.209907398E-03, 1.019188567E-04
        76, 2.210345818E-03, 1.029166669E-04
        77, 2.211072249E-03, 1.045633326E-04
        78, 2.211457118E-03, 1.054183012E-04
        79, 2.211836400E-03, 1.062416341E-04
        80, 2.212578198E-03, 1.078566711E-04
        81, 2.213038504E-03, 1.088384015E-04
        82, 2.213437576E-03, 1.096617343E-04
        83, 2.214146312E-03, 1.111500023E-04
        84, 2.214652253E-03, 1.121901005E-04
        85, 2.215068555E-03, 1.130134333E-04
        86, 2.215774963E-03, 1.144433336E-04
        87, 2.216296736E-03, 1.154790734E-04
        88, 2.216728637E-03, 1.163023990E-04
        89, 2.217464382E-03, 1.177366648E-04
        90, 2.217972418E-03, 1.187102680E-04
        91, 2.218418987E-03, 1.195336008E-04
        92, 2.219220391E-03, 1.210299961E-04
        93, 2.219684655E-03, 1.218883044E-04
        94, 2.220140770E-03, 1.227116300E-04
        95, 2.220964059E-03, 1.241916325E-04
        96, 2.221435308E-03, 1.250149653E-04
        97, 2.221973613E-03, 1.259699930E-04
        98, 2.222714713E-03, 1.272725494E-04
        99, 2.223210176E-03, 1.280958822E-04
       100, 2.223886782E-03, 1.292633387E-04
       101, 2.224499825E-03, 1.303115423E-04
       102, 2.225010656E-03, 1.311348606E-04
       103, 2.225834178E-03, 1.324855402E-04
       104, 2.226342680E-03, 1.333088585E-04
       105, 2.226890065E-03, 1.342033356E-04
       106, 2.227664227E-03, 1.354453125E-04
       107, 2.228207653E-03, 1.362686453E-04
       108, 2.228992060E-03, 1.374966669E-04
       109, 2.229547827E-03, 1.383728231E-04
       110, 2.230086597E-03, 1.391961559E-04
       111, 2.230909886E-03, 1.404358482E-04
       112, 2.231483813E-03, 1.412591810E-04
       113, 2.232277766E-03, 1.424366637E-04
       114, 2.232850762E-03, 1.432979770E-04
       115, 2.233413514E-03, 1.441213099E-04
       116, 2.234236803E-03, 1.452990837E-04
       117, 2.234842861E-03, 1.461224165E-04
       118, 2.235666150E-03, 1.472684526E-04
       119, 2.236258937E-03, 1.480917854E-04
       120, 2.236917382E-03, 1.490233408E-04
       121, 2.237655222E-03, 1.500535873E-04
       122, 2.238278510E-03, 1.508769201E-04
       123, 2.239101799E-03, 1.519616926E-04
       124, 2.239749301E-03, 1.527850254E-04
       125, 2.240572823E-03, 1.538526994E-04
       126, 2.241205657E-03, 1.546760323E-04
       127, 2.241914393E-03, 1.556099887E-04
       128, 2.242645482E-03, 1.565684215E-04
       129, 2.243301831E-03, 1.573917543E-04
       130, 2.244125120E-03, 1.584127749E-04
       131, 2.244814066E-03, 1.592360932E-04
       132, 2.245637355E-03, 1.602204866E-04
       133, 2.246337943E-03, 1.610438194E-04
       134, 2.247161232E-03, 1.620162075E-04
       135, 2.247860422E-03, 1.628395548E-04
       136, 2.248683712E-03, 1.638112008E-04
       137, 2.249375917E-03, 1.646345336E-04
       138, 2.250103280E-03, 1.654899970E-04
       139, 2.250897465E-03, 1.664176962E-04
       140, 2.251624828E-03, 1.672410435E-04
       141, 2.252448117E-03, 1.681667636E-04
       142, 2.253199229E-03, 1.689900964E-04
       143, 2.254022518E-03, 1.698877750E-04
       144, 2.254791558E-03, 1.707111223E-04
       145, 2.255614847E-03, 1.715879771E-04
       146, 2.256398555E-03, 1.724113099E-04
       147, 2.257221844E-03, 1.732710080E-04
       148, 2.258019056E-03, 1.740943408E-04
       149, 2.258842345E-03, 1.749385847E-04
       150, 2.259653062E-03, 1.757619175E-04
       151, 2.260476351E-03, 1.765916095E-04
       152, 2.261300804E-03, 1.774149423E-04
       153, 2.262124093E-03, 1.782306208E-04
       154, 2.262962982E-03, 1.790539391E-04
       155, 2.263786271E-03, 1.798559242E-04
       156, 2.264640294E-03, 1.806792570E-04
       157, 2.265463816E-03, 1.814676652E-04
       158, 2.266334370E-03, 1.822909981E-04
       159, 2.267157659E-03, 1.830651308E-04
       160, 2.268047770E-03, 1.838884637E-04
       161, 2.268871060E-03, 1.846461237E-04
       162, 2.269786550E-03, 1.854694565E-04
       163, 2.270609839E-03, 1.862054487E-04
       164, 2.271559555E-03, 1.870287815E-04
       165, 2.272383077E-03, 1.877354662E-04
       166, 2.273223363E-03, 1.884392841E-04
       167, 2.274180762E-03, 1.892471628E-04
       168, 2.275004052E-03, 1.899423078E-04
       169, 2.275978448E-03, 1.907656406E-04
       170, 2.276801737E-03, 1.914649474E-04
       171, 2.277783118E-03, 1.922882802E-04
       172, 2.278606407E-03, 1.929799037E-04
       173, 2.279619453E-03, 1.938032365E-04
       174, 2.280442743E-03, 1.944670803E-04
       175, 2.281456720E-03, 1.952457387E-04
       176, 2.282333560E-03, 1.959086658E-04
       177, 2.283157082E-03, 1.965305419E-04
       178, 2.284234157E-03, 1.973538747E-04
       179, 2.285057679E-03, 1.979976514E-04
       180, 2.286142204E-03, 1.988209842E-04
       181, 2.286965493E-03, 1.994467457E-04
       182, 2.288043266E-03, 2.002184774E-04
       183, 2.288932446E-03, 2.008417359E-04
       184, 2.289755736E-03, 2.014221100E-04
       185, 2.290914534E-03, 2.022454282E-04
       186, 2.291737823E-03, 2.028478339E-04
       187, 2.292926656E-03, 2.036711667E-04
       188, 2.293749945E-03, 2.042294218E-04
       189, 2.294630045E-03, 2.048045571E-04
       190, 2.295808634E-03, 2.055851364E-04
       191, 2.296632156E-03, 2.061519917E-04
       192, 2.297894564E-03, 2.069753245E-04
       193, 2.298718086E-03, 2.075006778E-04
       194, 2.299570013E-03, 2.080292616E-04
       195, 2.300851978E-03, 2.088319161E-04
       196, 2.301675268E-03, 2.093647927E-04
       197, 2.302863402E-03, 2.100814017E-04
       198, 2.303848974E-03, 2.106666070E-04
       199, 2.304672264E-03, 2.111687500E-04
       200, 2.306066919E-03, 2.119920682E-04
       201, 2.306890208E-03, 2.124785387E-04
       202, 2.307803370E-03, 2.129948116E-04
       203, 2.309164498E-03, 2.137596020E-04
       204, 2.309987787E-03, 2.142366429E-04
       205, 2.311096527E-03, 2.148389904E-04
       206, 2.312316326E-03, 2.154923568E-04
       207, 2.313139616E-03, 2.159495052E-04
       208, 2.314389916E-03, 2.166015620E-04
       209, 2.315530321E-03, 2.171887172E-04
       210, 2.316353610E-03, 2.176244743E-04
       211, 2.317683306E-03, 2.182890748E-04
       212, 2.318814397E-03, 2.188479411E-04
       213, 2.319637686E-03, 2.192634129E-04
       214, 2.320976695E-03, 2.199037117E-04
       215, 2.322177403E-03, 2.204703196E-04
       216, 2.323000692E-03, 2.208667574E-04
       217, 2.324269852E-03, 2.214475680E-04
       218, 2.325629583E-03, 2.220574825E-04
       219, 2.326452872E-03, 2.224339842E-04
       220, 2.327563241E-03, 2.229189413E-04
       221, 2.329183975E-03, 2.236082946E-04
       222, 2.330007264E-03, 2.239589230E-04
       223, 2.330856631E-03, 2.243083582E-04
       224, 2.332503209E-03, 2.249723329E-04
       225, 2.333692042E-03, 2.254462015E-04
       226, 2.334515331E-03, 2.257750166E-04
       227, 2.335796598E-03, 2.262655908E-04
       228, 2.337443177E-03, 2.268765529E-04
       229, 2.338346327E-03, 2.272092970E-04
       230, 2.339169616E-03, 2.275051083E-04
       231, 2.340736566E-03, 2.280558547E-04
       232, 2.342368709E-03, 2.286140807E-04
       233, 2.343191998E-03, 2.288920659E-04
       234, 2.344029956E-03, 2.291637211E-04
       235, 2.345676534E-03, 2.296892781E-04
       236, 2.347323345E-03, 2.301973873E-04
       237, 2.348287962E-03, 2.304897644E-04
       238, 2.349111484E-03, 2.307325049E-04
       239, 2.350616502E-03, 2.311634889E-04
       240, 2.352263313E-03, 2.316196624E-04
       241, 2.353728050E-03, 2.320120111E-04
       242, 2.354551572E-03, 2.322291984E-04
       243, 2.355556469E-03, 2.324815578E-04
       244, 2.357203281E-03, 2.328822156E-04
       245, 2.358849859E-03, 2.332691511E-04
       246, 2.360496670E-03, 2.336389007E-04
       247, 2.361337189E-03, 2.338229096E-04
       248, 2.362160478E-03, 2.339932835E-04
       249, 2.363790059E-03, 2.343220694E-04
       250, 2.365436638E-03, 2.346386900E-04
       251, 2.367083216E-03, 2.349395509E-04
       252, 2.368730027E-03, 2.352233132E-04
       253, 2.369909082E-03, 2.354170138E-04
       254, 2.370732371E-03, 2.355465986E-04
       255, 2.372023417E-03, 2.357393969E-04
       256, 2.373669995E-03, 2.359713108E-04
       257, 2.375316806E-03, 2.361885126E-04
       258, 2.376963384E-03, 2.363905805E-04
       259, 2.378609963E-03, 2.365775290E-04
       260, 2.380256541E-03, 2.367494599E-04
       261, 2.381903352E-03, 2.369068534E-04
       262, 2.383549931E-03, 2.370492148E-04
       263, 2.384397900E-03, 2.371181909E-04
       264, 2.385221189E-03, 2.371771698E-04
       265, 2.386843320E-03, 2.372865856E-04
       266, 2.388489898E-03, 2.373846073E-04
       267, 2.390136477E-03, 2.374702744E-04
       268, 2.391783288E-03, 2.375441982E-04
       269, 2.393429866E-03, 2.376067569E-04
       270, 2.395076677E-03, 2.376584453E-04
       271, 2.396723256E-03, 2.376997145E-04
       272, 2.398370067E-03, 2.377310884E-04
       273, 2.400016645E-03, 2.377531200E-04
       274, 2.401663456E-03, 2.377663041E-04
       275, 2.403310034E-03, 2.377712080E-04
       276, 2.404956613E-03, 2.377683268E-04
       277, 2.406603191E-03, 2.377581695E-04
       278, 2.408250002E-03, 2.377412457E-04
       279, 2.409896581E-03, 2.377180354E-04
       280, 2.411543159E-03, 2.376890188E-04
       281, 2.413189970E-03, 2.376546327E-04
       282, 2.414836781E-03, 2.376153425E-04
       283, 2.416483359E-03, 2.375715703E-04
       284, 2.418129938E-03, 2.375235199E-04
       285, 2.419776749E-03, 2.374719188E-04
       286, 2.421423327E-03, 2.374167525E-04
       287, 2.423069905E-03, 2.373592579E-04
       288, 2.424716717E-03, 2.373001189E-04
       289, 2.426363295E-03, 2.372393792E-04
       290, 2.428009873E-03, 2.371757000E-04
       291, 2.429096727E-03, 2.371312148E-04
       292, 2.429920249E-03, 2.370961593E-04
       293, 2.431303263E-03, 2.370394504E-04
       294, 2.432949841E-03, 2.369715075E-04
       295, 2.434596652E-03, 2.369012655E-04
       296, 2.436243230E-03, 2.368303976E-04
       297, 2.437890042E-03, 2.367589041E-04
       298, 2.439536620E-03, 2.366871777E-04
       299, 2.441183198E-03, 2.366154222E-04
       300, 2.442830009E-03, 2.365437831E-04
       301, 2.444476588E-03, 2.364724496E-04
       302, 2.446123399E-03, 2.364015527E-04
       303, 2.447769977E-03, 2.363311942E-04
       304, 2.449416555E-03, 2.362614759E-04
       305, 2.451063367E-03, 2.361924708E-04
       306, 2.452709945E-03, 2.361242077E-04
       307, 2.454356756E-03, 2.360568178E-04
       308, 2.456003334E-03, 2.359901264E-04
       309, 2.457649913E-03, 2.359230421E-04
       310, 2.459296724E-03, 2.358564088E-04
       311, 2.460943302E-03, 2.357900958E-04
       312, 2.462589880E-03, 2.357273625E-04
       313, 2.464236692E-03, 2.356675832E-04
       314, 2.465883270E-03, 2.356134646E-04
       315, 2.467529848E-03, 2.355677134E-04
       316, 2.469176659E-03, 2.355290490E-04
       317, 2.470733365E-03, 2.354929748E-04
       318, 2.471556654E-03, 2.354708849E-04
       319, 2.472470049E-03, 2.354290045E-04
       320, 2.474116627E-03, 2.353595628E-04
       321, 2.475763205E-03, 2.353017480E-04
       322, 2.477410017E-03, 2.352477895E-04
       323, 2.479056595E-03, 2.351967560E-04
       324, 2.480703173E-03, 2.351481089E-04
       325, 2.482349984E-03, 2.351016738E-04
       326, 2.483996563E-03, 2.350573632E-04
       327, 2.485643374E-03, 2.350150171E-04
       328, 2.487289952E-03, 2.349746210E-04
       329, 2.488936530E-03, 2.349360584E-04
       330, 2.490583342E-03, 2.348993003E-04
       331, 2.492229920E-03, 2.348643320E-04
       332, 2.493876731E-03, 2.348311100E-04
       333, 2.495523309E-03, 2.347995760E-04
       334, 2.497169888E-03, 2.347697591E-04
       335, 2.498816699E-03, 2.347415866E-04
       336, 2.500463277E-03, 2.347150730E-04
       337, 2.502109855E-03, 2.346901601E-04
       338, 2.503756667E-03, 2.346668625E-04
       339, 2.505403245E-03, 2.346451220E-04
       340, 2.507050056E-03, 2.346249385E-04
       341, 2.508696634E-03, 2.346062538E-04
       342, 2.510343213E-03, 2.345890825E-04
       343, 2.511990024E-03, 2.345733665E-04
       344, 2.513636602E-03, 2.345590619E-04
       345, 2.515283413E-03, 2.345461544E-04
       346, 2.516929992E-03, 2.345346147E-04
       347, 2.518576803E-03, 2.345243847E-04
       348, 2.520223381E-03, 2.345154644E-04
       349, 2.521869959E-03, 2.345077810E-04
       350, 2.523516770E-03, 2.345013054E-04
       351, 2.525163349E-03, 2.344960085E-04
       352, 2.526809927E-03, 2.344918612E-04
       353, 2.528456738E-03, 2.344888053E-04
       354, 2.530103317E-03, 2.344868117E-04
       355, 2.531749895E-03, 2.344858367E-04
       356, 2.533396473E-03, 2.344858367E-04
       357, 2.535043284E-03, 2.344867826E-04
       358, 2.536689863E-03, 2.344886452E-04
       359, 2.538336674E-03, 2.344913519E-04
       360, 2.539983252E-03, 2.344949025E-04
       361, 2.541630063E-03, 2.344992245E-04
       362, 2.543276642E-03, 2.345043031E-04
       363, 2.544923453E-03, 2.345100802E-04
       364, 2.546570031E-03, 2.345165267E-04
       365, 2.548216609E-03, 2.345236280E-04
       366, 2.549863420E-03, 2.345313260E-04
       367, 2.551509999E-03, 2.345395769E-04
       368, 2.553156577E-03, 2.345483663E-04
       369, 2.554803388E-03, 2.345576504E-04
       370, 2.556449967E-03, 2.345674002E-04
       371, 2.558096545E-03, 2.345775720E-04
       372, 2.559743356E-03, 2.345881367E-04
       373, 2.561389934E-03, 2.345990797E-04
       374, 2.563036745E-03, 2.346103429E-04
       375, 2.564683324E-03, 2.346219117E-04
       376, 2.566329902E-03, 2.346337569E-04
       377, 2.567976713E-03, 2.346458350E-04
       378, 2.569623291E-03, 2.346581459E-04
       379, 2.571269870E-03, 2.346706315E-04
       380, 2.572916681E-03, 2.346832916E-04
       381, 2.574563259E-03, 2.346960828E-04
       382, 2.576210070E-03, 2.347089758E-04
       383, 2.577856649E-03, 2.347219561E-04
       384, 2.579503227E-03, 2.347350091E-04
       385, 2.581150038E-03, 2.347480913E-04
       386, 2.582796616E-03, 2.347612026E-04
       387, 2.584443195E-03, 2.347742993E-04
       388, 2.586090006E-03, 2.347873669E-04
       389, 2.587736584E-03, 2.348003909E-04
       390, 2.589383395E-03, 2.348133567E-04
       391, 2.591029974E-03, 2.348262351E-04
       392, 2.592676552E-03, 2.348390117E-04
       393, 2.594323363E-03, 2.348516718E-04
       394, 2.595969941E-03, 2.348641865E-04
       395, 2.597616520E-03, 2.348765702E-04
       396, 2.599263331E-03, 2.348887792E-04
       397, 2.600909909E-03, 2.349007991E-04
       398, 2.602556720E-03, 2.349126444E-04
       399, 2.604203299E-03, 2.349242714E-04
       400, 2.605849877E-03, 2.349356946E-04
       401, 2.607496688E-03, 2.349468850E-04
       402, 2.609143266E-03, 2.349578281E-04
       403, 2.610789845E-03, 2.349685528E-04
       404, 2.612436656E-03, 2.349790011E-04
       405, 2.614083234E-03, 2.349891874E-04
       406, 2.615730045E-03, 2.349990973E-04
       407, 2.617376624E-03, 2.350087452E-04
       408, 2.619023202E-03, 2.350181021E-04
       409, 2.620670013E-03, 2.350271825E-04
       410, 2.622316591E-03, 2.350359573E-04
       411, 2.623963403E-03, 2.350444265E-04
       412, 2.625609981E-03, 2.350526192E-04
       413, 2.627256559E-03, 2.350604918E-04
       414, 2.628903370E-03, 2.350680588E-04
       415, 2.630549949E-03, 2.350753348E-04
       416, 2.632196527E-03, 2.350822906E-04
       417, 2.633843338E-03, 2.350889408E-04
       418, 2.635489916E-03, 2.350953000E-04
       419, 2.637136728E-03, 2.351013391E-04
       420, 2.638783306E-03, 2.351070725E-04
       421, 2.640429884E-03, 2.351125149E-04
       422, 2.642076695E-03, 2.351176372E-04
       423, 2.643723274E-03, 2.351224830E-04
       424, 2.645369852E-03, 2.351270232E-04
       425, 2.647016663E-03, 2.351312723E-04
       426, 2.648663241E-03, 2.351352450E-04
       427, 2.650310053E-03, 2.351389267E-04
       428, 2.651956631E-03, 2.351423318E-04
       429, 2.653603209E-03, 2.351454605E-04
       430, 2.655250020E-03, 2.351483272E-04
       431, 2.656896599E-03, 2.351509320E-04
       432, 2.658543177E-03, 2.351532894E-04
       433, 2.660189988E-03, 2.351553994E-04
       434, 2.661836566E-03, 2.351572621E-04
       435, 2.663483378E-03, 2.351588773E-04
       436, 2.665129956E-03, 2.351602743E-04
       437, 2.666776534E-03, 2.351614385E-04
       438, 2.668423345E-03, 2.351623989E-04
       439, 2.670069924E-03, 2.351631410E-04
       440, 2.671716735E-03, 2.351636940E-04
       441, 2.673363313E-03, 2.351640433E-04
       442, 2.675009891E-03, 2.351642179E-04
       443, 2.676656703E-03, 2.351642179E-04
       444, 2.678303281E-03, 2.351640287E-04
       445, 2.679949859E-03, 2.351636940E-04
       446, 2.681596670E-03, 2.351631847E-04
       447, 2.683243249E-03, 2.351625444E-04
       448, 2.684890060E-03, 2.351617586E-04
       449, 2.686536638E-03, 2.351608273E-04
       450, 2.688183216E-03, 2.351597941E-04
       451, 2.689830028E-03, 2.351586299E-04
       452, 2.691476606E-03, 2.351573494E-04
       453, 2.693123184E-03, 2.351559815E-04
       454, 2.694769995E-03, 2.351545118E-04
       455, 2.696416574E-03, 2.351529401E-04
       456, 2.698063385E-03, 2.351512958E-04
       457, 2.699709963E-03, 2.351495787E-04
       458, 2.701356541E-03, 2.351477888E-04
       459, 2.703003353E-03, 2.351459261E-04
       460, 2.704649931E-03, 2.351440198E-04
       461, 2.706296509E-03, 2.351420699E-04
       462, 2.707943320E-03, 2.351400617E-04
       463, 2.709589899E-03, 2.351380099E-04
       464, 2.711236710E-03, 2.351359290E-04
       465, 2.712883288E-03, 2.351338335E-04
       466, 2.714529866E-03, 2.351317089E-04
       467, 2.716176677E-03, 2.351295552E-04
       468, 2.717823256E-03, 2.351274161E-04
       469, 2.719470067E-03, 2.351252479E-04
       470, 2.721116645E-03, 2.351230796E-04
       471, 2.722763224E-03, 2.351209114E-04
       472, 2.724410035E-03, 2.351187577E-04
       473, 2.726056613E-03, 2.351166040E-04
       474, 2.727703191E-03, 2.351144794E-04
       475, 2.729350002E-03, 2.351123549E-04
       476, 2.730996581E-03, 2.351102448E-04
       477, 2.732643392E-03, 2.351081785E-04
       478, 2.734289970E-03, 2.351061266E-04
       479, 2.735936549E-03, 2.351041039E-04
       480, 2.737583360E-03, 2.351021249E-04
       481, 2.739229938E-03, 2.351001749E-04
       482, 2.740876516E-03, 2.350982541E-04
       483, 2.742523327E-03, 2.350963769E-04
       484, 2.744169906E-03, 2.350945433E-04
       485, 2.745816717E-03, 2.350927534E-04
       486, 2.747463295E-03, 2.350910072E-04
       487, 2.749109874E-03, 2.350893046E-04
       488, 2.750756685E-03, 2.350876603E-04
       489, 2.752403263E-03, 2.350860595E-04
       490, 2.754049841E-03, 2.350844879E-04
       491, 2.755696652E-03, 2.350829891E-04
       492, 2.757343231E-03, 2.350815339E-04
       493, 2.758990042E-03, 2.350801369E-04
       494, 2.760636620E-03, 2.350787981E-04
       495, 2.762283199E-03, 2.350775030E-04
       496, 2.763930010E-03, 2.350762516E-04
       497, 2.765576588E-03, 2.350750729E-04
       498, 2.767223399E-03, 2.350739378E-04
       499, 2.768869977E-03, 2.350728610E-04
       500, 2.770516556E-03, 2.350718278E-04
       501, 2.772163367E-03, 2.350708528E-04
       502, 2.773809945E-03, 2.350699360E-04
       503, 2.775456524E-03, 2.350690629E-04
       504, 2.777103335E-03, 2.350682626E-04
       505, 2.778749913E-03, 2.350674913E-04
       506, 2.780396724E-03, 2.350667783E-04
       507, 2.782043302E-03, 2.350661234E-04
       508, 2.783689881E-03, 2.350655122E-04
       509, 2.785336692E-03, 2.350649447E-04
       510, 2.786983270E-03, 2.350644354E-04
       511, 2.788629849E-03, 2.350639697E-04
       512, 2.790276660E-03, 2.350635332E-04
       513, 2.791923238E-03, 2.350631694E-04
       514, 2.793570049E-03, 2.350628347E-04
       515, 2.795216627E-03, 2.350625437E-04
       516, 2.796863206E-03, 2.350622963E-04
       517, 2.798510017E-03, 2.350620925E-04
       518, 2.800156595E-03, 2.350619179E-04
       519, 2.801803173E-03, 2.350617870E-04
       520, 2.803449985E-03, 2.350616996E-04
       521, 2.805096563E-03, 2.350616560E-04
       522, 2.806743374E-03, 2.350616269E-04
       523, 2.808389952E-03, 2.350616414E-04
       524, 2.810036531E-03, 2.350616851E-04
       525, 2.811683342E-03, 2.350617578E-04
       526, 2.813329920E-03, 2.350618597E-04
       527, 2.814976731E-03, 2.350619907E-04
       528, 2.816623310E-03, 2.350621653E-04
       529, 2.818269888E-03, 2.350623545E-04
       530, 2.819916699E-03, 2.350625582E-04
       531, 2.821563277E-03, 2.350627910E-04
       532, 2.823209856E-03, 2.350630530E-04
       533, 2.824856667E-03, 2.350633295E-04
       534, 2.826503245E-03, 2.350636350E-04
       535, 2.828150056E-03, 2.350639406E-04
       536, 2.829796635E-03, 2.350642753E-04
       537, 2.831443213E-03, 2.350646246E-04
       538, 2.833090024E-03, 2.350650029E-04
       539, 2.834736602E-03, 2.350653667E-04
       540, 2.836383181E-03, 2.350657742E-04
       541, 2.838029992E-03, 2.350661671E-04
       542, 2.839676570E-03, 2.350665891E-04
       543, 2.841323381E-03, 2.350670111E-04
       544, 2.842969960E-03, 2.350674476E-04
       545, 2.844616538E-03, 2.350678842E-04
       546, 2.846263349E-03, 2.350683353E-04
       547, 2.847909927E-03, 2.350687864E-04
       548, 2.849556739E-03, 2.350692521E-04
       549, 2.851203317E-03, 2.350697032E-04
       550, 2.852849895E-03, 2.350701689E-04
       551, 2.854496706E-03, 2.350706491E-04
       552, 2.856143285E-03, 2.350711147E-04
       553, 2.857789863E-03, 2.350715804E-04
       554, 2.859436674E-03, 2.350720606E-04
       555, 2.861083252E-03, 2.350725263E-04
       556, 2.862730063E-03, 2.350730065E-04
       557, 2.864376642E-03, 2.350734721E-04
       558, 2.866023220E-03, 2.350739378E-04
       559, 2.867670031E-03, 2.350744035E-04
       560, 2.869316610E-03, 2.350748691E-04
       561, 2.870963188E-03, 2.350753202E-04
       562, 2.872609999E-03, 2.350757713E-04
       563, 2.874256577E-03, 2.350762079E-04
       564, 2.875903388E-03, 2.350766445E-04
       565, 2.877549967E-03, 2.350770810E-04
       566, 2.879196545E-03, 2.350775176E-04
       567, 2.880843356E-03, 2.350779250E-04
       568, 2.882489935E-03, 2.350783470E-04
       569, 2.884136513E-03, 2.350787545E-04
       570, 2.885783324E-03, 2.350791474E-04
       571, 2.887429902E-03, 2.350795257E-04
       572, 2.889076713E-03, 2.350799186E-04
       573, 2.890723292E-03, 2.350802824E-04
       574, 2.892369870E-03, 2.350806462E-04
       575, 2.894016681E-03, 2.350809955E-04
       576, 2.895663260E-03, 2.350813447E-04
       577, 2.897310071E-03, 2.350816649E-04
       578, 2.898956649E-03, 2.350819996E-04
       579, 2.900603227E-03, 2.350823052E-04
       580, 2.902250038E-03, 2.350825962E-04
       581, 2.903896617E-03, 2.350829018E-04
       582, 2.905543195E-03, 2.350831637E-04
       583, 2.907190006E-03, 2.350834402E-04
       584, 2.908836585E-03, 2.350836876E-04
       585, 2.910483396E-03, 2.350839350E-04
       586, 2.912129974E-03, 2.350841678E-04
       587, 2.913776552E-03, 2.350843861E-04
       588, 2.915423363E-03, 2.350846044E-04
       589, 2.917069942E-03, 2.350847935E-04
       590, 2.918716520E-03, 2.350849827E-04
       591, 2.920363331E-03, 2.350851573E-04
       592, 2.922009910E-03, 2.350853174E-04
       593, 2.923656721E-03, 2.350854629E-04
       594, 2.925303299E-03, 2.350855939E-04
       595, 2.926949877E-03, 2.350857249E-04
       596, 2.928596688E-03, 2.350858267E-04
       597, 2.930243267E-03, 2.350859286E-04
       598, 2.931889845E-03, 2.350860159E-04
       599, 2.933536656E-03, 2.350860741E-04
       600, 2.935183235E-03, 2.350861323E-04
       601, 2.936830046E-03, 2.350861760E-04
       602, 2.938476624E-03, 2.350862051E-04
       603, 2.940123202E-03, 2.350862196E-04
       604, 2.941770013E-03, 2.350862342E-04
       605, 2.943416592E-03, 2.350862051E-04
       606, 2.945063403E-03, 2.350861905E-04
       607, 2.946709981E-03, 2.350861469E-04
       608, 2.948356560E-03, 2.350860887E-04
       609, 2.950003371E-03, 2.350860159E-04
       610, 2.951649949E-03, 2.350859431E-04
       611, 2.953296527E-03, 2.350858267E-04
       612, 2.954943338E-03, 2.350857249E-04
       613, 2.956589917E-03, 2.350855793E-04
       614, 2.958236728E-03, 2.350854338E-04
       615, 2.959883306E-03, 2.350852737E-04
       616, 2.961529884E-03, 2.350850846E-04
       617, 2.963176696E-03, 2.350848954E-04
       618, 2.964823274E-03, 2.350846771E-04
       619, 2.966469852E-03, 2.350844443E-04
       620, 2.968116663E-03, 2.350841823E-04
       621, 2.969763242E-03, 2.350839204E-04
       622, 2.971410053E-03, 2.350836294E-04
       623, 2.973056631E-03, 2.350833238E-04
       624, 2.974703209E-03, 2.350829891E-04
       625, 2.976350021E-03, 2.350826398E-04
       626, 2.977996599E-03, 2.350822760E-04
       627, 2.979643177E-03, 2.350818831E-04
       628, 2.981289988E-03, 2.350814757E-04
       629, 2.982936567E-03, 2.350810391E-04
       630, 2.984583378E-03, 2.350805735E-04
       631, 2.986229956E-03, 2.350800933E-04
       632, 2.987876534E-03, 2.350795839E-04
       633, 2.989523346E-03, 2.350790455E-04
       634, 2.991169924E-03, 2.350784926E-04
       635, 2.992816735E-03, 2.350779105E-04
       636, 2.994463313E-03, 2.350772993E-04
       637, 2.996109892E-03, 2.350766590E-04
       638, 2.997756703E-03, 2.350759896E-04
       639, 2.999403281E-03, 2.350752911E-04
       640, 3.001049859E-03, 2.350745490E-04
       641, 3.002696671E-03, 2.350737923E-04
       642, 3.004343249E-03, 2.350729919E-04
       643, 3.005990060E-03, 2.350721625E-04
       644, 3.007636638E-03, 2.350712894E-04
       645, 3.009283217E-03, 2.350703871E-04
       646, 3.010930028E-03, 2.350694413E-04
       647, 3.012576606E-03, 2.350684663E-04
       648, 3.014223184E-03, 2.350674331E-04
       649, 3.015869996E-03, 2.350663708E-04
       650, 3.017516574E-03, 2.350652649E-04
       651, 3.019163385E-03, 2.350641007E-04
       652, 3.020809963E-03, 2.350629074E-04
       653, 3.022456542E-03, 2.350616560E-04
       654, 3.024103353E-03, 2.350603463E-04
       655, 3.025749931E-03, 2.350589930E-04
       656, 3.027396509E-03, 2.350575814E-04
       657, 3.029043321E-03, 2.350561117E-04
       658, 3.030689899E-03, 2.350545983E-04
       659, 3.032336710E-03, 2.350529976E-04
       660, 3.033983288E-03, 2.350513532E-04
       661, 3.035629867E-03, 2.350496361E-04
       662, 3.037276678E-03, 2.350478608E-04
       663, 3.038923256E-03, 2.350459981E-04
       664, 3.040570067E-03, 2.350440773E-04
       665, 3.042216646E-03, 2.350420691E-04
       666, 3.043863224E-03, 2.350399882E-04
       667, 3.045510035E-03, 2.350378199E-04
       668, 3.047156613E-03, 2.350355790E-04
       669, 3.048803192E-03, 2.350332361E-04
       670, 3.050450003E-03, 2.350308205E-04
       671, 3.052096581E-03, 2.350283030E-04
       672, 3.053743392E-03, 2.350256837E-04
       673, 3.055389971E-03, 2.350229624E-04
       674, 3.057036549E-03, 2.350201394E-04
       675, 3.058683360E-03, 2.350172144E-04
       676, 3.060329938E-03, 2.350141731E-04
       677, 3.061976517E-03, 2.350110008E-04
       678, 3.063623328E-03, 2.350077266E-04
       679, 3.065269906E-03, 2.350043214E-04
       680, 3.066916717E-03, 2.350007853E-04
       681, 3.068563296E-03, 2.349971328E-04
       682, 3.070209874E-03, 2.349933202E-04
       683, 3.071856685E-03, 2.349893766E-04
       684, 3.073503263E-03, 2.349852875E-04
       685, 3.075149842E-03, 2.349810529E-04
       686, 3.076796653E-03, 2.349766437E-04
       687, 3.078443231E-03, 2.349720889E-04
       688, 3.080090042E-03, 2.349673596E-04
       689, 3.081736621E-03, 2.349624556E-04
       690, 3.083383199E-03, 2.349573624E-04
       691, 3.085030010E-03, 2.349520946E-04
       692, 3.086676588E-03, 2.349466376E-04
       693, 3.088323399E-03, 2.349409624E-04
       694, 3.089969978E-03, 2.349350980E-04
       695, 3.091616556E-03, 2.349290153E-04
       696, 3.093263367E-03, 2.349227143E-04
       697, 3.094909946E-03, 2.349161805E-04
       698, 3.096556524E-03, 2.349093993E-04
       699, 3.098203335E-03, 2.349023853E-04
       700, 3.099849913E-03, 2.348950948E-04
       701, 3.101496724E-03, 2.348875569E-04
       702, 3.103143303E-03, 2.348797279E-04
       703, 3.104789881E-03, 2.348716225E-04
       704, 3.106436692E-03, 2.348632115E-04
       705, 3.108083270E-03, 2.348544949E-04
       706, 3.109729849E-03, 2.348454582E-04
       707, 3.111376660E-03, 2.348360722E-04
       708, 3.113023238E-03, 2.348263515E-04
       709, 3.114670049E-03, 2.348162525E-04
       710, 3.116316628E-03, 2.348057897E-04
       711, 3.117963206E-03, 2.347949194E-04
       712, 3.119610017E-03, 2.347836416E-04
       713, 3.121256595E-03, 2.347719565E-04
       714, 3.122903174E-03, 2.347598056E-04
       715, 3.124549985E-03, 2.347472182E-04
       716, 3.126196563E-03, 2.347341506E-04
       717, 3.127843374E-03, 2.347205882E-04
       718, 3.129489953E-03, 2.347065165E-04
       719, 3.131136531E-03, 2.346919209E-04
       720, 3.132783342E-03, 2.346767724E-04
       721, 3.134429920E-03, 2.346610563E-04
       722, 3.136076732E-03, 2.346447727E-04
       723, 3.137723310E-03, 2.346278634E-04
       724, 3.139370121E-03, 2.346103574E-04
       725, 3.141016699E-03, 2.345921821E-04
       726, 3.142663278E-03, 2.345733519E-04
       727, 3.144309856E-03, 2.345538524E-04
       728, 3.145956434E-03, 2.345336397E-04
       729, 3.147603245E-03, 2.345127286E-04
       730, 3.149250057E-03, 2.344910608E-04
       731, 3.150896635E-03, 2.344686363E-04
       732, 3.152543446E-03, 2.344454551E-04
       733, 3.154190024E-03, 2.344214445E-04
       734, 3.155836603E-03, 2.343966189E-04
       735, 3.157483181E-03, 2.343709348E-04
       736, 3.159129992E-03, 2.343443484E-04
       737, 3.160776803E-03, 2.343168162E-04
       738, 3.162423149E-03, 2.342882071E-04
       739, 3.164069960E-03, 2.342584776E-04
       740, 3.165716538E-03, 2.342275839E-04
       741, 3.167363349E-03, 2.341950603E-04
       742, 3.169010160E-03, 2.341616200E-04
       743, 3.170656739E-03, 2.341257932E-04
       744, 3.172303317E-03, 2.340897190E-04
       745, 3.173949895E-03, 2.340516949E-04
       746, 3.175596474E-03, 2.340136416E-04
       747, 3.177243285E-03, 2.339791245E-04
       748, 3.178889863E-03, 2.339474740E-04
       749, 3.180536674E-03, 2.339088969E-04
       750, 3.182084532E-03, 2.338555641E-04
       751, 3.182907822E-03, 2.338226914E-04
       752, 3.183830064E-03, 2.337930055E-04
       753, 3.185476642E-03, 2.337355254E-04
       754, 3.187123220E-03, 2.336754987E-04
       755, 3.188770032E-03, 2.336166654E-04
       756, 3.190416610E-03, 2.335547324E-04
       757, 3.192063188E-03, 2.334909950E-04
       758, 3.193709999E-03, 2.334251330E-04
       759, 3.195356578E-03, 2.333571028E-04
       760, 3.197003389E-03, 2.332869044E-04
       761, 3.198649967E-03, 2.332144650E-04
       762, 3.200296545E-03, 2.331397845E-04
       763, 3.201943357E-03, 2.330627904E-04
       764, 3.203589935E-03, 2.329834970E-04
       765, 3.205236746E-03, 2.329017880E-04
       766, 3.206883324E-03, 2.328176488E-04
       767, 3.208529903E-03, 2.327310503E-04
       768, 3.210176714E-03, 2.326417889E-04
       769, 3.211823292E-03, 2.325500391E-04
       770, 3.213470103E-03, 2.324552479E-04
       771, 3.215116682E-03, 2.323570079E-04
       772, 3.216763260E-03, 2.322547225E-04
       773, 3.217755817E-03, 2.321911452E-04
       774, 3.218579106E-03, 2.321371139E-04
       775, 3.220056649E-03, 2.320399362E-04
       776, 3.221703228E-03, 2.319282503E-04
       777, 3.223350039E-03, 2.318118641E-04
       778, 3.224996617E-03, 2.316920290E-04
       779, 3.226643195E-03, 2.315685124E-04
       780, 3.228290007E-03, 2.314412559E-04
       781, 3.229936585E-03, 2.313102596E-04
       782, 3.231583396E-03, 2.311754506E-04
       783, 3.233229974E-03, 2.310368873E-04
       784, 3.234876553E-03, 2.308944822E-04
       785, 3.236523364E-03, 2.307482355E-04
       786, 3.238101490E-03, 2.306037641E-04
       787, 3.238924779E-03, 2.305267844E-04
       788, 3.239816753E-03, 2.304400696E-04
       789, 3.241463332E-03, 2.302774228E-04
       790, 3.243109910E-03, 2.301099012E-04
       791, 3.244756721E-03, 2.299375192E-04
       792, 3.246403299E-03, 2.297604224E-04
       793, 3.248050110E-03, 2.295785234E-04
       794, 3.249696689E-03, 2.293918951E-04
       795, 3.251343267E-03, 2.292006102E-04
       796, 3.252990078E-03, 2.290044940E-04
       797, 3.253885545E-03, 2.288959367E-04
       798, 3.254708834E-03, 2.287921234E-04
       799, 3.256283235E-03, 2.285906230E-04
       800, 3.257930046E-03, 2.283738431E-04
       801, 3.259576624E-03, 2.281514462E-04
       802, 3.261223203E-03, 2.279235341E-04
       803, 3.262870014E-03, 2.276901650E-04
       804, 3.264516592E-03, 2.274519065E-04
       805, 3.265637904E-03, 2.272858255E-04
       806, 3.266461194E-03, 2.271596313E-04
       807, 3.267809981E-03, 2.269504621E-04
       808, 3.269456560E-03, 2.266891097E-04
       809, 3.271103371E-03, 2.264209470E-04
       810, 3.272749949E-03, 2.261467453E-04
       811, 3.274396760E-03, 2.258674067E-04
       812, 3.275591880E-03, 2.256599983E-04
       813, 3.276415169E-03, 2.255123254E-04
       814, 3.277689917E-03, 2.252812410E-04
       815, 3.279336728E-03, 2.249767422E-04
       816, 3.280983306E-03, 2.246646036E-04
       817, 3.282629885E-03, 2.243464696E-04
       818, 3.284049220E-03, 2.240663453E-04
       819, 3.284872277E-03, 2.238996676E-04
       820, 3.285923274E-03, 2.236834698E-04
       821, 3.287569853E-03, 2.233397827E-04
       822, 3.289216664E-03, 2.229873353E-04
       823, 3.290863242E-03, 2.226296201E-04
       824, 3.292011330E-03, 2.223749325E-04
       825, 3.292834852E-03, 2.221858158E-04
       826, 3.294156631E-03, 2.218808368E-04
       827, 3.295803210E-03, 2.214942506E-04
       828, 3.297450021E-03, 2.211004758E-04
       829, 3.298771800E-03, 2.207779180E-04
       830, 3.299595090E-03, 2.205706696E-04
       831, 3.300743178E-03, 2.202798496E-04
       832, 3.302389989E-03, 2.198573929E-04
       833, 3.304036800E-03, 2.194273402E-04
       834, 3.305230523E-03, 2.191091480E-04
       835, 3.306053812E-03, 2.188817307E-04
       836, 3.307329956E-03, 2.185292833E-04
       837, 3.308976768E-03, 2.180683223E-04
       838, 3.310623346E-03, 2.175974805E-04
       839, 3.311446635E-03, 2.173600224E-04
       840, 3.312270157E-03, 2.171156375E-04
       841, 3.313916735E-03, 2.166219638E-04
       842, 3.315563081E-03, 2.161224256E-04
       843, 3.316628980E-03, 2.157927956E-04
       844, 3.317452269E-03, 2.155283728E-04
       845, 3.318856703E-03, 2.150792861E-04
       846, 3.320503281E-03, 2.145491744E-04
       847, 3.321639495E-03, 2.141749137E-04
       848, 3.322463017E-03, 2.138929995E-04
       849, 3.323796671E-03, 2.134393435E-04
       850, 3.325443482E-03, 2.128769265E-04
       851, 3.326500766E-03, 2.125072497E-04
       852, 3.327324055E-03, 2.122080623E-04
       853, 3.328736639E-03, 2.116985706E-04
       854, 3.330383217E-03, 2.110983914E-04
       855, 3.331233747E-03, 2.107845357E-04
       856, 3.332057269E-03, 2.104720334E-04
       857, 3.333676606E-03, 2.098570549E-04
       858, 3.335024696E-03, 2.093350195E-04
       859, 3.335848218E-03, 2.090043708E-04
       860, 3.336969996E-03, 2.085568703E-04
       861, 3.338616574E-03, 2.079003607E-04
       862, 3.339538584E-03, 2.075245284E-04
       863, 3.340361873E-03, 2.071773051E-04
       864, 3.341909964E-03, 2.065321169E-04
       865, 3.343134653E-03, 2.060114930E-04
       866, 3.343957942E-03, 2.056457888E-04
       867, 3.345203353E-03, 2.051030751E-04
       868, 3.346649930E-03, 2.044672729E-04
       869, 3.347473452E-03, 2.040907857E-04
       870, 3.348496743E-03, 2.036250226E-04
       871, 3.350090934E-03, 2.028975723E-04
       872, 3.350914223E-03, 2.025128488E-04
       873, 3.351790132E-03, 2.020978282E-04
       874, 3.353436710E-03, 2.013157209E-04
       875, 3.354285378E-03, 2.009074087E-04
       876, 3.355108667E-03, 2.005006245E-04
       877, 3.356730100E-03, 1.996995270E-04
       878, 3.357592039E-03, 1.992689067E-04
       879, 3.358415328E-03, 1.988458389E-04
       880, 3.360017203E-03, 1.980225206E-04
       881, 3.360840492E-03, 1.975963823E-04
       882, 3.361669835E-03, 1.971589663E-04
       883, 3.363210242E-03, 1.963392424E-04
       884, 3.364033764E-03, 1.958896610E-04
       885, 3.364963457E-03, 1.953861356E-04
       886, 3.366352990E-03, 1.946264965E-04
       887, 3.367176279E-03, 1.941528608E-04
       888, 3.368256614E-03, 1.935525070E-04
       889, 3.369448707E-03, 1.928829734E-04
       890, 3.370271996E-03, 1.923885575E-04
       891, 3.371550003E-03, 1.916510082E-04
       892, 3.372502746E-03, 1.910991123E-04
       893, 3.373326035E-03, 1.905972022E-04
       894, 3.374686930E-03, 1.897738694E-04
       895, 3.375510219E-03, 1.892613946E-04
       896, 3.376489971E-03, 1.886688551E-04
       897, 3.377659013E-03, 1.879508054E-04
       898, 3.378482303E-03, 1.874085137E-04
       899, 3.379771486E-03, 1.865851955E-04
       900, 3.380594775E-03, 1.860647317E-04
       901, 3.381429939E-03, 1.855314185E-04
       902, 3.382670227E-03, 1.847166859E-04
       903, 3.383493517E-03, 1.841427438E-04
       904, 3.384714713E-03, 1.833194110E-04
       905, 3.385538235E-03, 1.827735832E-04
       906, 3.386370139E-03, 1.822159684E-04
       907, 3.387551988E-03, 1.813990530E-04
       908, 3.388375277E-03, 1.807950612E-04
       909, 3.389524994E-03, 1.799717138E-04
       910, 3.390348284E-03, 1.793788833E-04
       911, 3.391310107E-03, 1.787023793E-04
       912, 3.392318496E-03, 1.779868326E-04
       913, 3.393142018E-03, 1.773687254E-04
       914, 3.394231433E-03, 1.765453926E-04
       915, 3.395054722E-03, 1.758987491E-04
       916, 3.396124812E-03, 1.750754163E-04
       917, 3.396948334E-03, 1.744431938E-04
       918, 3.397896653E-03, 1.737257408E-04
       919, 3.398845671E-03, 1.730058721E-04
       920, 3.399668960E-03, 1.723527967E-04
       921, 3.400693880E-03, 1.715294638E-04
       922, 3.401517170E-03, 1.708421332E-04
       923, 3.402502974E-03, 1.700188150E-04
       924, 3.403326264E-03, 1.693194499E-04
       925, 3.404299961E-03, 1.684961171E-04
       926, 3.405123251E-03, 1.677976252E-04
       927, 3.406096250E-03, 1.669742924E-04
       928, 3.406919772E-03, 1.662828145E-04
       929, 3.407776589E-03, 1.655547385E-04
       930, 3.408703953E-03, 1.647619065E-04
       931, 3.409527242E-03, 1.640347182E-04
       932, 3.410452977E-03, 1.632113854E-04
       933, 3.411276266E-03, 1.624598372E-04
       934, 3.412173362E-03, 1.616365043E-04
       935, 3.412996652E-03, 1.608672901E-04
       936, 3.413873259E-03, 1.600439427E-04
       937, 3.414696548E-03, 1.592598419E-04
       938, 3.415555460E-03, 1.584365091E-04
       939, 3.416378750E-03, 1.576384529E-04
       940, 3.417221829E-03, 1.568151201E-04
       941, 3.418045351E-03, 1.560032397E-04
       942, 3.418873763E-03, 1.551798923E-04
       943, 3.419697052E-03, 1.543538237E-04
       944, 3.420511028E-03, 1.535304909E-04
       945, 3.421334317E-03, 1.526896376E-04
       946, 3.422134556E-03, 1.518663048E-04
       947, 3.422957845E-03, 1.510097645E-04
       948, 3.423744114E-03, 1.501864317E-04
       949, 3.424567403E-03, 1.493125601E-04
       950, 3.425338771E-03, 1.484892273E-04
       951, 3.426162060E-03, 1.475943718E-04
       952, 3.426915733E-03, 1.467710390E-04
       953, 3.427739022E-03, 1.458479092E-04
       954, 3.428468481E-03, 1.450245763E-04
       955, 3.429276636E-03, 1.440833294E-04
       956, 3.429991426E-03, 1.432433346E-04
       957, 3.430681536E-03, 1.424200018E-04
       958, 3.431504825E-03, 1.414462022E-04
       959, 3.432201687E-03, 1.406228839E-04
       960, 3.433024976E-03, 1.396482403E-04
       961, 3.433723701E-03, 1.388249075E-04
       962, 3.434546757E-03, 1.378378511E-04
       963, 3.435233841E-03, 1.370145037E-04
       964, 3.436057130E-03, 1.359892194E-04
       965, 3.436710918E-03, 1.351658866E-04
       966, 3.437441075E-03, 1.342033356E-04
       967, 3.438146785E-03, 1.332678366E-04
       968, 3.438776359E-03, 1.324444893E-04
       969, 3.439599648E-03, 1.313699613E-04
       970, 3.440242726E-03, 1.305466285E-04
       971, 3.441066016E-03, 1.294497342E-04
       972, 3.441680688E-03, 1.286264014E-04
       973, 3.442393849E-03, 1.276166586E-04
       974, 3.443069756E-03, 1.266518084E-04
       975, 3.443660447E-03, 1.258284756E-04
       976, 3.444483737E-03, 1.246676547E-04
       977, 3.445079550E-03, 1.238443219E-04
       978, 3.445876297E-03, 1.226766617E-04
       979, 3.446446732E-03, 1.218182151E-04
       980, 3.446993418E-03, 1.209948823E-04
       981, 3.447816707E-03, 1.197604433E-04
       982, 3.448379692E-03, 1.189371105E-04
       983, 3.449151758E-03, 1.177366648E-04
       984, 3.449715208E-03, 1.168414892E-04
       985, 3.450238844E-03, 1.160181564E-04
       986, 3.451062134E-03, 1.147085204E-04
       987, 3.451589728E-03, 1.138851876E-04
       988, 3.452243749E-03, 1.127966680E-04
       989, 3.452890785E-03, 1.117088541E-04
       990, 3.453397891E-03, 1.108855213E-04
       991, 3.454211866E-03, 1.095033294E-04
       992, 3.454697318E-03, 1.086657794E-04
       993, 3.455169266E-03, 1.078424466E-04
       994, 3.455992322E-03, 1.063954187E-04
       995, 3.456467064E-03, 1.055720859E-04
       996, 3.457020037E-03, 1.045633326E-04
       997, 3.457729705E-03, 1.032497312E-04
       998, 3.458188381E-03, 1.024263984E-04
       999, 3.458797466E-03, 1.012700013E-04
      1000, 3.459432395E-03, 1.000468546E-04
      1001, 3.459872445E-03, 9.922351455E-05
      1002, 3.460503882E-03, 9.797667008E-05
      1003, 3.461101558E-03, 9.678099741E-05
      1004, 3.461522749E-03, 9.595766460E-05
      1005, 3.462143010E-03, 9.468333155E-05
      1006, 3.462736961E-03, 9.344585851E-05
      1007, 3.463140456E-03, 9.262252570E-05
      1008, 3.463717410E-03, 9.139000031E-05
      1009, 3.464340232E-03, 9.003384912E-05
      1010, 3.464725567E-03, 8.921051631E-05
      1011, 3.465226386E-03, 8.809666178E-05
      1012, 3.465910675E-03, 8.653533587E-05
      1013, 3.466274124E-03, 8.571200306E-05
      1014, 3.466662951E-03, 8.480333781E-05
      1015, 3.467349801E-03, 8.315667219E-05
      1016, 3.467784263E-03, 8.211110253E-05
      1017, 3.468126291E-03, 8.128776244E-05
      1018, 3.468699055E-03, 7.986333367E-05
      1019, 3.469276242E-03, 7.839866885E-05
      1020, 3.469601972E-03, 7.757532876E-05
      1021, 3.469985444E-03, 7.657000242E-05
      1022, 3.470596159E-03, 7.492333680E-05
      1023, 3.471035743E-03, 7.372899563E-05
      1024, 3.471339354E-03, 7.290566282E-05
      1025, 3.471793141E-03, 7.162999827E-05
      1026, 3.472361015E-03, 6.998333265E-05
      1027, 3.472730517E-03, 6.890208897E-05
      1028, 3.473010147E-03, 6.807875616E-05
      1029, 3.473467659E-03, 6.669000140E-05
      1030, 3.473993856E-03, 6.504333578E-05
      1031, 3.474359866E-03, 6.388111797E-05
      1032, 3.474617377E-03, 6.305778516E-05
      1033, 3.475013422E-03, 6.174999726E-05
      1034, 3.475498641E-03, 6.010333527E-05
      1035, 3.475925885E-03, 5.861697719E-05
      1036, 3.476160578E-03, 5.779364437E-05
      1037, 3.476431128E-03, 5.681000039E-05
      1038, 3.476873040E-03, 5.516333476E-05
      1039, 3.477302846E-03, 5.351666550E-05
      1040, 3.477636958E-03, 5.220155799E-05
      1041, 3.477843944E-03, 5.137822154E-05
      1042, 3.478124039E-03, 5.022333426E-05
      1043, 3.478511469E-03, 4.857666863E-05
      1044, 3.478887258E-03, 4.692999937E-05
      1045, 3.479239298E-03, 4.533031461E-05
      1046, 3.479417413E-03, 4.450698179E-05
      1047, 3.479597857E-03, 4.363666812E-05
      1048, 3.479931736E-03, 4.198999886E-05
      1049, 3.480253741E-03, 4.034333324E-05
      1050, 3.480562475E-03, 3.869666762E-05
      1051, 3.480857238E-03, 3.705000199E-05
      1052, 3.481027205E-03, 3.607344115E-05
      1053, 3.481165040E-03, 3.525010834E-05
      1054, 3.481407650E-03, 3.375666711E-05
      1055, 3.481663065E-03, 3.210999785E-05
      1056, 3.481906140E-03, 3.046333222E-05
      1057, 3.482136177E-03, 2.881666660E-05
      1058, 3.482353408E-03, 2.717000098E-05
      1059, 3.482556902E-03, 2.552333353E-05
      1060, 3.482677508E-03, 2.450177817E-05
      1061, 3.482769709E-03, 2.367844536E-05
      1062, 3.482925007E-03, 2.223000047E-05
      1063, 3.483089851E-03, 2.058333303E-05
      1064, 3.483241890E-03, 1.893666740E-05
      1065, 3.483381355E-03, 1.728999996E-05
      1066, 3.483508248E-03, 1.564333434E-05
      1067, 3.483622335E-03, 1.399666689E-05
      1068, 3.483723849E-03, 1.235000036E-05
      1069, 3.483812790E-03, 1.070333292E-05
      1070, 3.483888693E-03, 9.056666386E-06
      1071, 3.483952023E-03, 7.410000308E-06
      1072, 3.484002780E-03, 5.763333320E-06
      1073, 3.484040732E-03, 4.116666787E-06
      1074, 3.484066110E-03, 2.470000027E-06
      1075, 3.484077053E-03, 8.233333233E-07
