cellnumber,    x-coordinate,    y-coordinate
         1, 3.046575002E-03, 2.470000027E-06
         2, 3.046643222E-03, 7.409999853E-06
         3, 3.046801547E-03, 1.235000036E-05
         4, 3.047041129E-03, 1.728999996E-05
         5, 3.047361039E-03, 2.223000047E-05
         6, 3.047760576E-03, 2.716018025E-05
         7, 3.047980834E-03, 2.963018051E-05
         8, 3.048239741E-03, 3.211000148E-05
         9, 3.048796905E-03, 3.705000199E-05
        10, 3.049442312E-03, 4.199000250E-05
        11, 3.050178522E-03, 4.692999937E-05
        12, 3.051002743E-03, 5.186999988E-05
        13, 3.051913809E-03, 5.681000039E-05
        14, 3.052655375E-03, 6.052173558E-05
        15, 3.053182270E-03, 6.299173401E-05
        16, 3.054010915E-03, 6.669000140E-05
        17, 3.055203008E-03, 7.162999827E-05
        18, 3.056497313E-03, 7.657000242E-05
        19, 3.057513153E-03, 8.020464884E-05
        20, 3.058247734E-03, 8.267465455E-05
        21, 3.059408395E-03, 8.644999616E-05
        22, 3.061016090E-03, 9.139000031E-05
        23, 3.062325297E-03, 9.514506382E-05
        24, 3.063239856E-03, 9.761506954E-05
        25, 3.064629855E-03, 1.012700013E-04
        26, 3.066604957E-03, 1.062099982E-04
        27, 3.067684826E-03, 1.087915516E-04
        28, 3.068789374E-03, 1.112615573E-04
        29, 3.070992650E-03, 1.160899992E-04
        30, 3.072413150E-03, 1.190447365E-04
        31, 3.073691856E-03, 1.215147349E-04
        32, 3.076024121E-03, 1.259699930E-04
        33, 3.077482339E-03, 1.286523620E-04
        34, 3.078924725E-03, 1.311223605E-04
        35, 3.081394825E-03, 1.352418330E-04
        36, 3.082975047E-03, 1.377118315E-04
        37, 3.084950615E-03, 1.407899981E-04
        38, 3.087005811E-03, 1.439085900E-04
        39, 3.088806523E-03, 1.463785884E-04
        40, 3.091276623E-03, 1.496812620E-04
        41, 3.093248233E-03, 1.521512604E-04
        42, 3.095718101E-03, 1.551583846E-04
        43, 3.097784240E-03, 1.576283830E-04
        44, 3.100254340E-03, 1.604076097E-04
        45, 3.102456685E-03, 1.628776081E-04
        46, 3.104926553E-03, 1.654012740E-04
        47, 3.107350552E-03, 1.678712724E-04
        48, 3.109820653E-03, 1.701367873E-04
        49, 3.112522652E-03, 1.726067858E-04
        50, 3.114992520E-03, 1.746804628E-04
        51, 3.117980668E-03, 1.771504467E-04
        52, 3.120450769E-03, 1.790990500E-04
        53, 3.123793053E-03, 1.815690484E-04
        54, 3.126263153E-03, 1.833389542E-04
        55, 3.129489953E-03, 1.853832218E-04
        56, 3.132644342E-03, 1.872942812E-04
        57, 3.135114210E-03, 1.887480175E-04
        58, 3.139370121E-03, 1.910325809E-04
        59, 3.142202506E-03, 1.924745739E-04
        60, 3.144672373E-03, 1.936365152E-04
        61, 3.149250057E-03, 1.956346096E-04
        62, 3.152953228E-03, 1.971280872E-04
        63, 3.155423328E-03, 1.980659436E-04
        64, 3.159129992E-03, 1.993318147E-04
        65, 3.164069960E-03, 2.008558076E-04
        66, 3.168413881E-03, 2.020599350E-04
        67, 3.170883982E-03, 2.026953298E-04
        68, 3.173950128E-03, 2.033810451E-04
        69, 3.178890096E-03, 2.043780405E-04
        70, 3.183830064E-03, 2.052436612E-04
        71, 3.188770032E-03, 2.059769176E-04
        72, 3.193709999E-03, 2.065855660E-04
        73, 3.198649967E-03, 2.070798073E-04
        74, 3.202416236E-03, 2.073898504E-04
        75, 3.204886103E-03, 2.075602388E-04
        76, 3.208529903E-03, 2.077673707E-04
        77, 3.213469870E-03, 2.079869300E-04
        78, 3.218410071E-03, 2.081409475E-04
        79, 3.223350039E-03, 2.082355932E-04
        80, 3.228290007E-03, 2.082773572E-04
        81, 3.233229974E-03, 2.082729770E-04
        82, 3.238169942E-03, 2.082289720E-04
        83, 3.243109910E-03, 2.081512939E-04
        84, 3.248049878E-03, 2.080448903E-04
        85, 3.252990078E-03, 2.079135302E-04
        86, 3.257930046E-03, 2.077603713E-04
        87, 3.262870014E-03, 2.075879602E-04
        88, 3.265553853E-03, 2.074885851E-04
        89, 3.268023720E-03, 2.073886135E-04
        90, 3.272749949E-03, 2.071944036E-04
        91, 3.277689917E-03, 2.069883631E-04
        92, 3.282630118E-03, 2.067826426E-04
        93, 3.287570085E-03, 2.065793378E-04
        94, 3.292510053E-03, 2.063802094E-04
        95, 3.297450021E-03, 2.061866544E-04
        96, 3.302389989E-03, 2.059998660E-04
        97, 3.307329956E-03, 2.058207174E-04
        98, 3.312269924E-03, 2.056499216E-04
        99, 3.317210125E-03, 2.054879442E-04
       100, 3.322150093E-03, 2.053351054E-04
       101, 3.327090060E-03, 2.051915653E-04
       102, 3.332030028E-03, 2.050573967E-04
       103, 3.336969996E-03, 2.049325121E-04
       104, 3.341909964E-03, 2.048167953E-04
       105, 3.346849931E-03, 2.047100133E-04
       106, 3.351789899E-03, 2.046118898E-04
       107, 3.356730100E-03, 2.045221336E-04
       108, 3.361670068E-03, 2.044403809E-04
       109, 3.366610035E-03, 2.043662389E-04
       110, 3.371550003E-03, 2.042993437E-04
       111, 3.376490204E-03, 2.042392734E-04
       112, 3.381430171E-03, 2.041856205E-04
       113, 3.386369906E-03, 2.041379485E-04
       114, 3.391310107E-03, 2.040958643E-04
       115, 3.396250075E-03, 2.040589752E-04
       116, 3.401190042E-03, 2.040268882E-04
       117, 3.406130010E-03, 2.039991814E-04
       118, 3.411069978E-03, 2.039755054E-04
       119, 3.416009946E-03, 2.039554965E-04
       120, 3.420949914E-03, 2.039388201E-04
       121, 3.425890114E-03, 2.039251412E-04
       122, 3.430830082E-03, 2.039141254E-04
       123, 3.435769817E-03, 2.039055107E-04
       124, 3.440710017E-03, 2.038990060E-04
       125, 3.445649985E-03, 2.038943348E-04
       126, 3.450589953E-03, 2.038912644E-04
       127, 3.455529921E-03, 2.038895764E-04
       128, 3.460470121E-03, 2.038890379E-04
       129, 3.465410089E-03, 2.038894600E-04
       130, 3.470350057E-03, 2.038906387E-04
       131, 3.475290025E-03, 2.038924140E-04
       132, 3.480229992E-03, 2.038946550E-04
       133, 3.485169960E-03, 2.038971870E-04
       134, 3.490109928E-03, 2.038998791E-04
       135, 3.495049896E-03, 2.039026149E-04
       136, 3.499990096E-03, 2.039052779E-04
       137, 3.504930064E-03, 2.039077954E-04
       138, 3.509870032E-03, 2.039100364E-04
       139, 3.514810000E-03, 2.039119281E-04
       140, 3.519749967E-03, 2.039133979E-04
       141, 3.524689935E-03, 2.039143874E-04
       142, 3.529629903E-03, 2.039148094E-04
       143, 3.534570104E-03, 2.039146057E-04
       144, 3.539510071E-03, 2.039137471E-04
       145, 3.544450039E-03, 2.039121609E-04
       146, 3.549390007E-03, 2.039097890E-04
       147, 3.554330207E-03, 2.039066021E-04
       148, 3.559269942E-03, 2.039025567E-04
       149, 3.564209910E-03, 2.038975945E-04
       150, 3.569150111E-03, 2.038916864E-04
       151, 3.574090078E-03, 2.038847888E-04
       152, 3.579029813E-03, 2.038768580E-04
       153, 3.583970014E-03, 2.038678649E-04
       154, 3.588910215E-03, 2.038577368E-04
       155, 3.593850182E-03, 2.038464445E-04
       156, 3.598789917E-03, 2.038339298E-04
       157, 3.603730118E-03, 2.038201492E-04
       158, 3.608670086E-03, 2.038050297E-04
       159, 3.613609821E-03, 2.037885279E-04
       160, 3.618550021E-03, 2.037705854E-04
       161, 3.623489989E-03, 2.037511149E-04
       162, 3.628429957E-03, 2.037300437E-04
       163, 3.633369925E-03, 2.037072845E-04
       164, 3.638309892E-03, 2.036827791E-04
       165, 3.643249860E-03, 2.036563819E-04
       166, 3.648190061E-03, 2.036280202E-04
       167, 3.653130028E-03, 2.035975922E-04
       168, 3.658069996E-03, 2.035649377E-04
       169, 3.663009964E-03, 2.035299258E-04
       170, 3.667949932E-03, 2.034924546E-04
       171, 3.672889899E-03, 2.034523204E-04
       172, 3.677830100E-03, 2.034093923E-04
       173, 3.682770068E-03, 2.033634373E-04
       174, 3.687710036E-03, 2.033142955E-04
       175, 3.692650003E-03, 2.032617340E-04
       176, 3.697589971E-03, 2.032054908E-04
       177, 3.702529939E-03, 2.031453041E-04
       178, 3.707470139E-03, 2.030807955E-04
       179, 3.712409874E-03, 2.030115284E-04
       180, 3.717350075E-03, 2.029368479E-04
       181, 3.722290043E-03, 2.028556919E-04
       182, 3.727230011E-03, 2.027666633E-04
       183, 3.732169978E-03, 2.026685397E-04
       184, 3.736312734E-03, 2.025785361E-04
       185, 3.738782601E-03, 2.025212598E-04
       186, 3.742049914E-03, 2.024406567E-04
       187, 3.746990114E-03, 2.023144771E-04
       188, 3.751930082E-03, 2.021833789E-04
       189, 3.756870050E-03, 2.020472311E-04
       190, 3.761810018E-03, 2.019056265E-04
       191, 3.766749986E-03, 2.017582301E-04
       192, 3.771689953E-03, 2.016046492E-04
       193, 3.776629921E-03, 2.014444763E-04
       194, 3.781570122E-03, 2.012773039E-04
       195, 3.786510089E-03, 2.011026372E-04
       196, 3.791450057E-03, 2.009199379E-04
       197, 3.796390025E-03, 2.007286676E-04
       198, 3.801329993E-03, 2.005282149E-04
       199, 3.806269960E-03, 2.003179252E-04
       200, 3.811210161E-03, 2.000971290E-04
       201, 3.816150129E-03, 1.998650987E-04
       202, 3.821090097E-03, 1.996210922E-04
       203, 3.826030064E-03, 1.993643091E-04
       204, 3.830970032E-03, 1.990938472E-04
       205, 3.835910000E-03, 1.988086005E-04
       206, 3.840850201E-03, 1.985069684E-04
       207, 3.845790168E-03, 1.981868554E-04
       208, 3.850729903E-03, 1.978456421E-04
       209, 3.853640053E-03, 1.976346975E-04
       210, 3.856109921E-03, 1.974391635E-04
       211, 3.860610072E-03, 1.970698067E-04
       212, 3.865550039E-03, 1.966423588E-04
       213, 3.870490007E-03, 1.961940434E-04
       214, 3.875429975E-03, 1.957243221E-04
       215, 3.880370175E-03, 1.952323946E-04
       216, 3.885309910E-03, 1.947174605E-04
       217, 3.890249878E-03, 1.941785013E-04
       218, 3.895189846E-03, 1.936131594E-04
       219, 3.900130047E-03, 1.930176804E-04
       220, 3.902788274E-03, 1.926859695E-04
       221, 3.905258374E-03, 1.923492819E-04
       222, 3.910009749E-03, 1.916815090E-04
       223, 3.914949950E-03, 1.909516286E-04
       224, 3.919889685E-03, 1.901911019E-04
       225, 3.924829885E-03, 1.894004672E-04
       226, 3.929770086E-03, 1.885798556E-04
       227, 3.933444154E-03, 1.879410847E-04
       228, 3.935914021E-03, 1.874840673E-04
       229, 3.939650021E-03, 1.867636020E-04
       230, 3.944589756E-03, 1.857704774E-04
       231, 3.949529957E-03, 1.847360982E-04
       232, 3.954470158E-03, 1.836708398E-04
       233, 3.957666457E-03, 1.829557004E-04
       234, 3.960136324E-03, 1.823620260E-04
       235, 3.964350093E-03, 1.813210401E-04
       236, 3.969289828E-03, 1.800493192E-04
       237, 3.974230029E-03, 1.787390938E-04
       238, 3.977091983E-03, 1.779587765E-04
       239, 3.979562316E-03, 1.772330870E-04
       240, 3.984109964E-03, 1.758681028E-04
       241, 3.989049699E-03, 1.743403263E-04
       242, 3.992499318E-03, 1.732352976E-04
       243, 3.994969185E-03, 1.723915339E-04
       244, 3.998929635E-03, 1.710104843E-04
       245, 4.003869835E-03, 1.692467049E-04
       246, 4.006819800E-03, 1.681577560E-04
       247, 4.009290133E-03, 1.671791542E-04
       248, 4.013749771E-03, 1.654031657E-04
       249, 4.017832223E-03, 1.637140231E-04
       250, 4.020302091E-03, 1.626334706E-04
       251, 4.023630172E-03, 1.611525222E-04
       252, 4.028202500E-03, 1.590690517E-04
       253, 4.030672833E-03, 1.578895026E-04
       254, 4.033510108E-03, 1.564886043E-04
       255, 4.038034007E-03, 1.542091049E-04
       256, 4.040503874E-03, 1.529004512E-04
       257, 4.043390043E-03, 1.513437746E-04
       258, 4.047418479E-03, 1.491133298E-04
       259, 4.049888812E-03, 1.476391189E-04
       260, 4.053269979E-03, 1.456548052E-04
       261, 4.056451377E-03, 1.437456813E-04
       262, 4.058921244E-03, 1.421253837E-04
       263, 4.062661435E-03, 1.396553853E-04
       264, 4.065131769E-03, 1.379551686E-04
       265, 4.068090115E-03, 1.359229063E-04
       266, 4.071113653E-03, 1.338177390E-04
       267, 4.073583521E-03, 1.319528092E-04
       268, 4.076781217E-03, 1.294828107E-04
       269, 4.079251550E-03, 1.274557435E-04
       270, 4.082201514E-03, 1.249857451E-04
       271, 4.084671382E-03, 1.228693727E-04
       272, 4.087455105E-03, 1.203993743E-04
       273, 4.089925438E-03, 1.181886546E-04
       274, 4.092537798E-03, 1.157186562E-04
       275, 4.095007665E-03, 1.133709593E-04
       276, 4.097433761E-03, 1.109009609E-04
       277, 4.099903628E-03, 1.083725656E-04
       278, 4.102162085E-03, 1.059025744E-04
       279, 4.104631953E-03, 1.031827778E-04
       280, 4.106769804E-03, 1.007127794E-04
       281, 4.109239671E-03, 9.780436085E-05
       282, 4.111278336E-03, 9.533435514E-05
       283, 4.113748670E-03, 9.215933824E-05
       284, 4.115620628E-03, 8.968933253E-05
       285, 4.117847420E-03, 8.645000344E-05
       286, 4.119716585E-03, 8.364461246E-05
       287, 4.121330567E-03, 8.117461402E-05
       288, 4.123800900E-03, 7.720463327E-05
       289, 4.125307314E-03, 7.473462756E-05
       290, 4.127027933E-03, 7.163000555E-05
       291, 4.129090346E-03, 6.771076005E-05
       292, 4.130377434E-03, 6.524076161E-05
       293, 4.132033791E-03, 6.175000453E-05
       294, 4.133966286E-03, 5.737355241E-05
       295, 4.135034047E-03, 5.490355034E-05
       296, 4.136215895E-03, 5.186999988E-05
       297, 4.137990531E-03, 4.692999937E-05
       298, 4.139279015E-03, 4.304120739E-05
       299, 4.140049685E-03, 4.057120896E-05
       300, 4.141029436E-03, 3.704999835E-05
       301, 4.142252263E-03, 3.211000148E-05
       302, 4.143309314E-03, 2.716999916E-05
       303, 4.144188482E-03, 2.223000047E-05
       304, 4.144621547E-03, 1.945828808E-05
       305, 4.144928418E-03, 1.698828783E-05
       306, 4.145413637E-03, 1.235000036E-05
       307, 4.145760555E-03, 7.409999853E-06
       308, 4.145912360E-03, 2.470000027E-06
