cellnumber,    x-coordinate,    y-coordinate
         1, 2.936186502E-03, 2.470000027E-06
         2, 2.936258214E-03, 7.409999853E-06
         3, 2.936424222E-03, 1.235000036E-05
         4, 2.936674980E-03, 1.728999996E-05
         5, 2.937009791E-03, 2.223000047E-05
         6, 2.937431214E-03, 2.717000098E-05
         7, 2.937939251E-03, 3.211000148E-05
         8, 2.938529477E-03, 3.704999835E-05
         9, 2.939072670E-03, 4.108725625E-05
        10, 2.939432394E-03, 4.355725468E-05
        11, 2.939965809E-03, 4.692999937E-05
        12, 2.940820530E-03, 5.186999988E-05
        13, 2.941775369E-03, 5.681000039E-05
        14, 2.942821942E-03, 6.174999726E-05
        15, 2.943803789E-03, 6.604166265E-05
        16, 2.944400068E-03, 6.851166108E-05
        17, 2.945198677E-03, 7.162999827E-05
        18, 2.946538851E-03, 7.657000242E-05
        19, 2.947979374E-03, 8.150999929E-05
        20, 2.948949346E-03, 8.466216241E-05
        21, 2.949764021E-03, 8.713216812E-05
        22, 2.951210598E-03, 9.139000031E-05
        23, 2.952984534E-03, 9.632999718E-05
        24, 2.954008058E-03, 9.905955085E-05
        25, 2.955001313E-03, 1.015295493E-04
        26, 2.956917044E-03, 1.062099982E-04
        27, 2.958505647E-03, 1.098758075E-04
        28, 2.959649777E-03, 1.123458132E-04
        29, 2.961399034E-03, 1.160899992E-04
        30, 2.963279374E-03, 1.199375911E-04
        31, 2.964581829E-03, 1.224075968E-04
        32, 2.966456115E-03, 1.259700075E-04
        33, 2.968344372E-03, 1.294160611E-04
        34, 2.969826572E-03, 1.318860595E-04
        35, 2.972203540E-03, 1.358500012E-04
        36, 2.973787021E-03, 1.384477946E-04
        37, 2.975392621E-03, 1.409178076E-04
        38, 2.977862488E-03, 1.445766247E-04
        39, 2.979672747E-03, 1.470466232E-04
        40, 2.982142847E-03, 1.503931271E-04
        41, 2.983989194E-03, 1.528631401E-04
        42, 2.986115403E-03, 1.556099887E-04
        43, 2.988356166E-03, 1.584692218E-04
        44, 2.990471665E-03, 1.609392348E-04
        45, 2.992941765E-03, 1.637707464E-04
        46, 2.995254938E-03, 1.662407594E-04
        47, 2.997725038E-03, 1.688276825E-04
        48, 3.000222379E-03, 1.712976809E-04
        49, 3.002692247E-03, 1.736888516E-04
        50, 3.005420323E-03, 1.761588501E-04
        51, 3.007890191E-03, 1.783505722E-04
        52, 3.010930028E-03, 1.808113739E-04
        53, 3.013410838E-03, 1.827708184E-04
        54, 3.015880939E-03, 1.845672377E-04
        55, 3.019272117E-03, 1.870372362E-04
        56, 3.021742217E-03, 1.887911931E-04
        57, 3.025528742E-03, 1.912611915E-04
        58, 3.027998609E-03, 1.928129641E-04
        59, 3.030690132E-03, 1.943437965E-04
        60, 3.034942085E-03, 1.966608252E-04
        61, 3.037411952E-03, 1.979803783E-04
        62, 3.040570067E-03, 1.994930935E-04
        63, 3.045279067E-03, 2.015827195E-04
        64, 3.047749167E-03, 2.026465809E-04
        65, 3.050450003E-03, 2.036738442E-04
        66, 3.055389971E-03, 2.054359065E-04
        67, 3.059848677E-03, 2.068786416E-04
        68, 3.062318545E-03, 2.076302044E-04
        69, 3.065269906E-03, 2.084133448E-04
        70, 3.070210107E-03, 2.096113603E-04
        71, 3.075150074E-03, 2.106667380E-04
        72, 3.080090042E-03, 2.115727984E-04
        73, 3.084100317E-03, 2.122042933E-04
        74, 3.086570185E-03, 2.125490573E-04
        75, 3.089969978E-03, 2.129523491E-04
        76, 3.094909946E-03, 2.134496899E-04
        77, 3.099850146E-03, 2.138471173E-04
        78, 3.104790114E-03, 2.141509322E-04
        79, 3.109730082E-03, 2.143694728E-04
        80, 3.114670049E-03, 2.145118342E-04
        81, 3.119610017E-03, 2.145871986E-04
        82, 3.124549985E-03, 2.146044135E-04
        83, 3.129489953E-03, 2.145718609E-04
        84, 3.134430153E-03, 2.144973550E-04
        85, 3.139370121E-03, 2.143879683E-04
        86, 3.144310089E-03, 2.142500307E-04
        87, 3.149250057E-03, 2.140891738E-04
        88, 3.154190024E-03, 2.139104618E-04
        89, 3.159129992E-03, 2.137182018E-04
        90, 3.164069960E-03, 2.135161485E-04
        91, 3.169010160E-03, 2.133073867E-04
        92, 3.173950128E-03, 2.130942594E-04
        93, 3.178890096E-03, 2.128784254E-04
        94, 3.183830064E-03, 2.126610052E-04
        95, 3.187763272E-03, 2.124859893E-04
        96, 3.190233372E-03, 2.123737504E-04
        97, 3.193709999E-03, 2.122149162E-04
        98, 3.198649967E-03, 2.119933342E-04
        99, 3.203589935E-03, 2.117799741E-04
       100, 3.208529903E-03, 2.115761017E-04
       101, 3.213470103E-03, 2.113824448E-04
       102, 3.218410071E-03, 2.111994982E-04
       103, 3.223350039E-03, 2.110275527E-04
       104, 3.228290007E-03, 2.108667977E-04
       105, 3.233229974E-03, 2.107172768E-04
       106, 3.238169942E-03, 2.105789026E-04
       107, 3.243109910E-03, 2.104514861E-04
       108, 3.248050110E-03, 2.103347651E-04
       109, 3.252990078E-03, 2.102283470E-04
       110, 3.257930046E-03, 2.101318678E-04
       111, 3.262870014E-03, 2.100448473E-04
       112, 3.267809981E-03, 2.099668054E-04
       113, 3.272749949E-03, 2.098972182E-04
       114, 3.277689917E-03, 2.098355471E-04
       115, 3.282630118E-03, 2.097812539E-04
       116, 3.287570085E-03, 2.097337856E-04
       117, 3.292510053E-03, 2.096925891E-04
       118, 3.297450021E-03, 2.096571261E-04
       119, 3.302390222E-03, 2.096268581E-04
       120, 3.307329956E-03, 2.096012322E-04
       121, 3.312269924E-03, 2.095797681E-04
       122, 3.317209892E-03, 2.095619711E-04
       123, 3.322150093E-03, 2.095473319E-04
       124, 3.327089828E-03, 2.095354139E-04
       125, 3.332030028E-03, 2.095257514E-04
       126, 3.336969996E-03, 2.095179370E-04
       127, 3.341910196E-03, 2.095115487E-04
       128, 3.346850164E-03, 2.095062082E-04
       129, 3.351790132E-03, 2.095015370E-04
       130, 3.356730100E-03, 2.094972006E-04
       131, 3.361670068E-03, 2.094928641E-04
       132, 3.366610035E-03, 2.094882075E-04
       133, 3.371550003E-03, 2.094829251E-04
       134, 3.376489971E-03, 2.094767406E-04
       135, 3.381430171E-03, 2.094693918E-04
       136, 3.386369906E-03, 2.094606025E-04
       137, 3.391310107E-03, 2.094501397E-04
       138, 3.396249842E-03, 2.094377414E-04
       139, 3.401190042E-03, 2.094232041E-04
       140, 3.406130010E-03, 2.094062947E-04
       141, 3.411069978E-03, 2.093867952E-04
       142, 3.416009946E-03, 2.093644725E-04
       143, 3.420949914E-03, 2.093391377E-04
       144, 3.425890114E-03, 2.093105577E-04
       145, 3.430830082E-03, 2.092784998E-04
       146, 3.435769817E-03, 2.092427749E-04
       147, 3.440710017E-03, 2.092031064E-04
       148, 3.445649985E-03, 2.091593051E-04
       149, 3.450589953E-03, 2.091110946E-04
       150, 3.455529921E-03, 2.090581984E-04
       151, 3.460469889E-03, 2.090003545E-04
       152, 3.465410089E-03, 2.089372574E-04
       153, 3.470350057E-03, 2.088686015E-04
       154, 3.475290025E-03, 2.087940229E-04
       155, 3.480229992E-03, 2.087132016E-04
       156, 3.485169960E-03, 2.086257009E-04
       157, 3.490109928E-03, 2.085311571E-04
       158, 3.495049896E-03, 2.084291045E-04
       159, 3.499989863E-03, 2.083190338E-04
       160, 3.504930064E-03, 2.082003630E-04
       161, 3.509870032E-03, 2.080722916E-04
       162, 3.514810000E-03, 2.079336991E-04
       163, 3.519749967E-03, 2.077834069E-04
       164, 3.524689935E-03, 2.076199744E-04
       165, 3.527875990E-03, 2.075073717E-04
       166, 3.530346090E-03, 2.074120566E-04
       167, 3.534570104E-03, 2.072415955E-04
       168, 3.539510071E-03, 2.070307382E-04
       169, 3.544450039E-03, 2.068080357E-04
       170, 3.549390007E-03, 2.065730223E-04
       171, 3.554329975E-03, 2.063251450E-04
       172, 3.559269942E-03, 2.060638071E-04
       173, 3.564209910E-03, 2.057883539E-04
       174, 3.569150111E-03, 2.054981014E-04
       175, 3.574090078E-03, 2.051922784E-04
       176, 3.579030046E-03, 2.048700990E-04
       177, 3.583970014E-03, 2.045306901E-04
       178, 3.588909982E-03, 2.041731786E-04
       179, 3.593849950E-03, 2.037966333E-04
       180, 3.598789917E-03, 2.033997007E-04
       181, 3.603730118E-03, 2.029801399E-04
       182, 3.607374616E-03, 2.026521834E-04
       183, 3.609844483E-03, 2.024143178E-04
       184, 3.613610053E-03, 2.020326065E-04
       185, 3.618550021E-03, 2.015057980E-04
       186, 3.623489989E-03, 2.009507007E-04
       187, 3.628429957E-03, 2.003681439E-04
       188, 3.633369925E-03, 1.997574873E-04
       189, 3.638310125E-03, 1.991181489E-04
       190, 3.643250093E-03, 1.984488626E-04
       191, 3.647422418E-03, 1.978532528E-04
       192, 3.649892518E-03, 1.974822808E-04
       193, 3.653130028E-03, 1.969660807E-04
       194, 3.658069996E-03, 1.961455273E-04
       195, 3.663009964E-03, 1.952832245E-04
       196, 3.667949932E-03, 1.943853422E-04
       197, 3.672890132E-03, 1.934541215E-04
       198, 3.676115302E-03, 1.928202691E-04
       199, 3.678585170E-03, 1.922979864E-04
       200, 3.682770068E-03, 1.913853193E-04
       201, 3.687710036E-03, 1.902591903E-04
       202, 3.692650003E-03, 1.890924032E-04
       203, 3.696643282E-03, 1.881105418E-04
       204, 3.699113382E-03, 1.874699374E-04
       205, 3.702529939E-03, 1.865468075E-04
       206, 3.707470139E-03, 1.851656125E-04
       207, 3.712410107E-03, 1.837342861E-04
       208, 3.715226427E-03, 1.828955428E-04
       209, 3.717696294E-03, 1.821026090E-04
       210, 3.722290043E-03, 1.805973588E-04
       211, 3.727230011E-03, 1.789252856E-04
       212, 3.730006283E-03, 1.779605373E-04
       213, 3.732476383E-03, 1.770374220E-04
       214, 3.737110179E-03, 1.752863755E-04
       215, 3.741349094E-03, 1.736189733E-04
       216, 3.743818961E-03, 1.725983311E-04
       217, 3.746989882E-03, 1.712491794E-04
       218, 3.751930082E-03, 1.691041398E-04
       219, 3.754443722E-03, 1.679832931E-04
       220, 3.756913589E-03, 1.668041950E-04
       221, 3.761810018E-03, 1.644436707E-04
       222, 3.764467314E-03, 1.631294726E-04
       223, 3.766937414E-03, 1.618227252E-04
       224, 3.771546995E-03, 1.593527122E-04
       225, 3.774017096E-03, 1.579903474E-04
       226, 3.776630154E-03, 1.564995619E-04
       227, 3.780681407E-03, 1.541192032E-04
       228, 3.783151275E-03, 1.525593689E-04
       229, 3.786510089E-03, 1.504768734E-04
       230, 3.789515002E-03, 1.485875109E-04
       231, 3.791985102E-03, 1.468977571E-04
       232, 3.795529716E-03, 1.444277732E-04
       233, 3.797999816E-03, 1.426004310E-04
       234, 3.801329993E-03, 1.401306654E-04
       235, 3.803800326E-03, 1.383202325E-04
       236, 3.806270193E-03, 1.364190248E-04
       237, 3.809397575E-03, 1.339490263E-04
       238, 3.811867675E-03, 1.318545401E-04
       239, 3.814725205E-03, 1.293845271E-04
       240, 3.817195073E-03, 1.271408109E-04
       241, 3.819853300E-03, 1.246708125E-04
       242, 3.822323401E-03, 1.222997089E-04
       243, 3.824827494E-03, 1.198297105E-04
       244, 3.827297362E-03, 1.173195560E-04
       245, 3.829660593E-03, 1.148495503E-04
       246, 3.832130693E-03, 1.121724054E-04
       247, 3.834357485E-03, 1.097024069E-04
       248, 3.836827353E-03, 1.067935809E-04
       249, 3.838879522E-03, 1.043235825E-04
       250, 3.841211321E-03, 1.012700013E-04
       251, 3.843181767E-03, 9.863032028E-05
       252, 3.844963852E-03, 9.616032185E-05
       253, 3.847433720E-03, 9.269540169E-05
       254, 3.849172033E-03, 9.022540326E-05
       255, 3.851601155E-03, 8.645000344E-05
       256, 3.853159025E-03, 8.391985466E-05
       257, 3.854609793E-03, 8.144985622E-05
       258, 3.857079661E-03, 7.709501369E-05
       259, 3.858448705E-03, 7.462501526E-05
       260, 3.859971650E-03, 7.162999827E-05
       261, 3.862132784E-03, 6.712479080E-05
       262, 3.863297869E-03, 6.465479237E-05
       263, 3.864546306E-03, 6.175000453E-05
       264, 3.866526065E-03, 5.681000039E-05
       265, 3.867747495E-03, 5.359600618E-05
       266, 3.868628060E-03, 5.112601139E-05
       267, 3.870008979E-03, 4.692999937E-05
       268, 3.871476278E-03, 4.198999886E-05
       269, 3.872565459E-03, 3.792882490E-05
       270, 3.873181297E-03, 3.545882282E-05
       271, 3.873917041E-03, 3.211000148E-05
       272, 3.874873510E-03, 2.716999916E-05
       273, 3.875677707E-03, 2.223000047E-05
       274, 3.876322182E-03, 1.728999996E-05
       275, 3.876805073E-03, 1.234999945E-05
       276, 3.877128009E-03, 7.409999853E-06
       277, 3.877270035E-03, 2.470000027E-06
