7 1e-3 0.0305927 0.34099
7 1e-4 0.0305741 0.121327
7 1e-5 0.0305712 0.109489
7 1e-6 0.0305691 0.141753
8 1e-3 0.0306098 0.662559
8 1e-4 0.0305849 0.116023
8 1e-5 0.0305815 0.203712
8 1e-6 0.0305808 0.199636
9 1e-3 0.0306707 1.25231
9 1e-4 0.0306462 0.110411
9 1e-5 0.0306388 0.404354
9 1e-6 0.0306437 0.431609
10 1e-3 0.0314785 2.12766
10 1e-4 0.0314568 0.176638
10 1e-5 0.0314469 0.66347
10 1e-6 0.031426 0.738806
7 1e-3 0.0305927 0.34099
7 1e-4 0.0576986 0.113892
7 1e-5 0.0111981 1.42604
7 1e-6 0.00123928 45.7675
8 1e-3 0.0306098 0.662559
8 1e-4 0.057764 0.0797369
8 1e-5 0.0112094 0.350823
8 1e-6 0.00123019 11.9541
9 1e-3 0.0306707 1.25231
9 1e-4 0.0578229 0.19122
9 1e-5 0.0117209 0.106546
9 1e-6 0.00671712 2.97055
10 1e-3 0.0314785 2.12766
10 1e-4 0.0586192 0.237277
10 1e-5 0.00755162 0.0412179
10 1e-6 0.00992678 0.0480611
