eta_s=0.001 maxlevel=1111 0 0 0 0 0 0 0 0 0 0 0 0
11 1 5 4 1 5 4 0 1 0 0 0.00095 0
11 2 5 3 1 100 17 0 0.618 2.91e-06 6.05e-08 0.00185 0.0748
11 3 5 3 1 62 17 0 0.422 7.9e-06 8.91e-09 0.00271 0.122
11 4 5 3 1 58 17 0 0.319 7.85e-06 9.82e-09 0.00356 0.157
11 5 5 3 1 58 17 0 0.255 9.77e-06 9.33e-09 0.00439 0.186
11 6 6 3 1 59 17 0 0.213 2.21e-06 9.15e-09 0.0052 0.212
11 7 6 3 1 59 17 0 0.184 2.71e-06 9.18e-09 0.006 0.237
11 8 6 3 1 59 17 0 0.162 2.4e-06 9.13e-09 0.00678 0.258
11 9 6 3 1 59 17 0 0.144 2.27e-06 9.01e-09 0.00755 0.277
11 10 6 3 1 59 17 0 0.13 2.17e-06 8.96e-09 0.00831 0.295
11 11 6 3 1 59 17 0 0.119 2.07e-06 8.93e-09 0.00906 0.312
11 12 6 3 1 59 17 0 0.11 1.99e-06 8.91e-09 0.0098 0.329
11 13 6 3 1 59 17 0 0.102 1.92e-06 8.89e-09 0.0105 0.344
11 14 6 3 1 59 17 0 0.0957 1.85e-06 8.88e-09 0.0112 0.359
11 15 5 3 1 59 17 0 0.0897 9.93e-06 8.87e-09 0.0119 0.374
11 16 5 3 1 59 17 0 0.0845 9.55e-06 8.87e-09 0.0126 0.388
11 17 5 3 1 59 17 0 0.0797 9.2e-06 8.86e-09 0.0133 0.401
11 18 5 3 1 59 17 0 0.0755 8.88e-06 8.86e-09 0.014 0.414
11 19 5 3 1 59 17 0 0.0716 8.59e-06 8.86e-09 0.0147 0.427
11 20 5 3 1 59 17 0 0.0681 8.33e-06 8.86e-09 0.0153 0.44
11 21 5 3 1 59 17 0 0.0649 8.08e-06 8.87e-09 0.016 0.452
11 22 5 3 1 59 17 0 0.0619 7.85e-06 8.87e-09 0.0166 0.464
11 23 5 3 1 59 17 0 0.0592 7.64e-06 8.88e-09 0.0173 0.475
11 24 5 3 1 59 17 0 0.0566 7.44e-06 8.89e-09 0.0179 0.486
11 25 5 3 1 59 17 0 0.0543 7.25e-06 8.9e-09 0.0185 0.497
11 26 5 3 1 59 17 0 0.0521 7.08e-06 8.91e-09 0.0192 0.508
11 27 5 3 1 59 17 0 0.0501 6.91e-06 8.92e-09 0.0198 0.519
11 28 5 3 1 59 17 0 0.0481 6.75e-06 8.93e-09 0.0204 0.529
11 29 5 3 1 59 17 0 0.0463 6.6e-06 8.94e-09 0.021 0.54
11 30 5 3 1 59 17 0 0.0447 6.46e-06 8.95e-09 0.0215 0.55
11 31 5 3 1 59 17 0 0.0431 6.32e-06 8.97e-09 0.0221 0.56
11 32 5 3 1 59 17 0 0.0416 6.19e-06 8.98e-09 0.0227 0.569
11 33 5 3 1 59 17 0 0.0402 6.07e-06 9e-09 0.0233 0.579
11 34 5 3 1 59 17 0 0.0388 5.95e-06 9.01e-09 0.0238 0.588
11 35 5 3 1 59 17 0 0.0376 5.84e-06 9.03e-09 0.0244 0.597
11 36 5 3 1 59 17 0 0.0364 5.73e-06 9.05e-09 0.0249 0.607
11 37 5 3 1 59 17 0 0.0353 5.62e-06 9.06e-09 0.0255 0.616
11 38 5 3 1 59 17 0 0.0342 5.52e-06 9.08e-09 0.026 0.624
11 39 5 3 1 59 17 0 0.0332 5.42e-06 9.1e-09 0.0265 0.633
11 40 5 3 1 59 17 0 0.0322 5.33e-06 9.12e-09 0.0271 0.642
11 41 5 3 1 59 17 0 0.0312 5.24e-06 9.14e-09 0.0276 0.65
11 42 5 3 1 59 17 0 0.0304 5.15e-06 9.16e-09 0.0281 0.659
11 43 5 3 1 59 17 0 0.0295 5.06e-06 9.18e-09 0.0286 0.667
11 44 5 3 1 59 17 0 0.0287 4.98e-06 9.2e-09 0.0291 0.675
11 45 5 3 1 59 17 0 0.0279 4.9e-06 9.22e-09 0.0296 0.683
11 46 5 3 1 59 17 0 0.0272 4.83e-06 9.24e-09 0.0301 0.691
11 47 5 3 1 59 17 0 0.0265 4.75e-06 9.26e-09 0.0306 0.699
11 48 5 3 1 59 17 0 0.0258 4.68e-06 9.28e-09 0.031 0.706
11 49 5 3 1 59 17 0 0.0251 4.61e-06 9.3e-09 0.0315 0.714
11 50 5 3 1 59 17 0 0.0245 4.54e-06 9.32e-09 0.032 0.721
11 51 5 3 1 59 17 0 0.0239 4.47e-06 9.34e-09 0.0324 0.729
11 52 5 3 1 59 17 0 0.0233 4.41e-06 9.36e-09 0.0329 0.736
11 53 5 3 1 59 17 0 0.0227 4.34e-06 9.39e-09 0.0334 0.743
11 54 5 3 1 59 17 0 0.0222 4.28e-06 9.41e-09 0.0338 0.75
11 55 5 3 1 59 17 0 0.0217 4.22e-06 9.43e-09 0.0342 0.757
11 56 5 3 1 59 17 0 0.0212 4.16e-06 9.45e-09 0.0347 0.764
11 57 5 3 1 59 17 0 0.0207 4.1e-06 9.47e-09 0.0351 0.771
11 58 5 3 1 59 17 0 0.0202 4.05e-06 9.49e-09 0.0355 0.778
11 59 5 3 1 59 17 0 0.0198 3.99e-06 9.52e-09 0.036 0.785
11 60 5 3 1 59 17 0 0.0193 3.94e-06 9.54e-09 0.0364 0.791
11 61 5 3 1 59 17 0 0.0479 3.89e-06 9.56e-09 0.0368 0.798
11 62 5 3 1 59 17 0 0.0182 5.39e-06 9.68e-09 0.0372 0.805
11 63 5 3 1 59 17 0 0.018 6.27e-06 9.63e-09 0.0376 0.813
11 64 5 3 1 59 17 0 0.0177 3.53e-06 9.6e-09 0.038 0.818
11 65 5 3 1 59 17 0 0.0173 3.44e-06 9.56e-09 0.0384 0.824
11 66 5 3 1 59 17 0 0.017 3.44e-06 9.61e-09 0.0388 0.83
11 67 5 3 1 59 17 0 0.0166 3.45e-06 9.65e-09 0.0392 0.836
11 68 5 3 1 59 17 0 0.0163 3.44e-06 9.68e-09 0.0396 0.841
11 69 5 3 1 59 17 0 0.016 3.43e-06 9.71e-09 0.0399 0.847
11 70 5 3 1 59 17 0 0.0156 3.41e-06 9.74e-09 0.0403 0.853
11 71 5 3 1 59 17 0 0.0354 3.39e-06 9.77e-09 0.0407 0.859
11 72 5 3 1 59 17 0 0.0147 5.78e-06 9.89e-09 0.041 0.866
11 73 5 3 1 59 17 0 0.0148 6.09e-06 9.84e-09 0.0414 0.872
11 74 5 3 1 59 17 0 0.0145 3.06e-06 9.81e-09 0.0418 0.877
11 75 5 3 1 59 17 0 0.0142 2.98e-06 9.76e-09 0.0421 0.882
11 76 5 3 1 59 17 0 0.0139 3e-06 9.81e-09 0.0425 0.887
11 77 5 3 1 59 17 0 0.0136 3.02e-06 9.85e-09 0.0428 0.893
11 78 5 3 1 59 17 0 0.0134 3.03e-06 9.89e-09 0.0432 0.898
11 79 5 3 1 59 17 0 0.0131 3.03e-06 9.92e-09 0.0435 0.903
11 80 5 3 1 59 17 0 0.0129 3.02e-06 9.94e-09 0.0438 0.908
11 81 5 3 1 59 17 0 0.0292 3e-06 9.96e-09 0.0442 0.913
11 82 5 3 1 60 17 0 0.0121 6.12e-06 7.97e-09 0.0445 0.92
11 83 5 3 1 60 17 0 0.0121 3.28e-06 8.03e-09 0.0448 0.923
11 84 5 3 1 60 17 0 0.0119 3.12e-06 7.92e-09 0.0451 0.928
11 85 5 3 1 60 17 0 0.0117 3.04e-06 7.92e-09 0.0454 0.933
11 86 5 3 1 60 17 0 0.0115 2.98e-06 7.92e-09 0.0458 0.937
11 87 5 3 1 60 17 0 0.0113 2.92e-06 7.93e-09 0.0461 0.942
11 88 5 3 1 60 17 0 0.0111 2.87e-06 7.94e-09 0.0464 0.947
11 89 5 3 1 60 17 0 0.0109 2.83e-06 7.96e-09 0.0467 0.952
11 90 5 3 1 60 17 0 0.0107 2.78e-06 7.97e-09 0.047 0.956
11 91 5 3 1 60 17 0 0.0236 2.74e-06 7.98e-09 0.0472 0.961
11 92 5 3 1 59 17 0 0.0126 5.69e-06 9.65e-09 0.0475 0.979
11 93 5 3 1 59 17 0 0.0134 7.28e-06 9.7e-09 0.0478 0.977
11 94 5 3 1 59 17 0 0.0109 2.26e-06 9.2e-09 0.0481 0.979
11 95 5 3 1 59 17 0 0.00981 2.19e-06 9.24e-09 0.0484 0.982
11 96 5 3 1 59 17 0 0.00963 2.23e-06 9.31e-09 0.0487 0.986
11 97 5 3 1 59 17 0 0.00946 2.27e-06 9.37e-09 0.049 0.989
11 98 5 3 1 59 17 0 0.00931 2.31e-06 9.42e-09 0.0492 0.993
11 99 5 3 1 59 17 0 0.00917 2.33e-06 9.45e-09 0.0495 0.997
11 100 5 3 1 59 17 0 0.00903 2.34e-06 9.48e-09 0.0498 1
11 101 5 3 1 59 17 0 0.0198 2.35e-06 9.5e-09 0.05 1.01
11 102 5 3 1 59 17 0 0.00847 6.23e-06 9.69e-09 0.0503 1.01
11 103 5 3 1 59 17 0 0.0113 5.89e-06 9.72e-09 0.0506 1.02
11 104 5 3 1 59 17 0 0.00852 2.13e-06 9.52e-09 0.0508 1.02
11 105 5 3 1 59 17 0 0.00839 1.94e-06 9.47e-09 0.0511 1.02
11 106 5 3 1 59 17 0 0.00827 1.97e-06 9.52e-09 0.0513 1.03
11 107 5 3 1 59 17 0 0.00814 2.02e-06 9.56e-09 0.0516 1.03
11 108 5 3 1 59 17 0 0.00802 2.06e-06 9.6e-09 0.0518 1.03
11 109 5 3 1 59 17 0 0.00789 2.08e-06 9.62e-09 0.0521 1.04
11 110 5 3 1 59 17 0 0.00778 2.09e-06 9.65e-09 0.0523 1.04
11 111 5 3 1 59 17 0 0.0178 2.09e-06 9.66e-09 0.0525 1.04
11 112 5 3 1 59 17 0 0.00739 6.43e-06 9.85e-09 0.0528 1.05
11 113 5 3 1 59 17 0 0.013 5.78e-06 9.99e-09 0.053 1.07
11 114 5 3 1 60 17 0 0.0145 5.22e-06 7.92e-09 0.0532 1.06
11 115 5 3 1 59 17 0 0.00869 1.85e-06 9.55e-09 0.0534 1.06
11 116 5 3 1 59 17 0 0.00719 1.66e-06 9.59e-09 0.0537 1.07
11 117 5 3 1 59 17 0 0.00705 1.66e-06 9.66e-09 0.0539 1.07
11 118 5 3 1 59 17 0 0.00693 1.72e-06 9.71e-09 0.0541 1.07
11 119 5 3 1 59 17 0 0.00681 1.76e-06 9.75e-09 0.0543 1.07
11 120 5 3 1 59 17 0 0.00671 1.79e-06 9.77e-09 0.0546 1.08
11 121 5 3 1 59 17 0 0.0136 1.81e-06 9.8e-09 0.0548 1.08
11 122 6 3 1 59 17 0 0.0116 2.21e-06 9.94e-09 0.055 1.08
11 123 5 3 1 59 17 0 0.00887 8.81e-06 9.88e-09 0.0552 1.09
11 124 5 3 1 59 17 0 0.00668 2.67e-06 9.88e-09 0.0554 1.09
11 125 5 3 1 59 17 0 0.00609 2e-06 9.67e-09 0.0556 1.09
11 126 5 3 1 59 17 0 0.00601 1.73e-06 9.7e-09 0.0558 1.1
11 127 5 3 1 59 17 0 0.00593 1.6e-06 9.74e-09 0.056 1.1
11 128 5 3 1 59 17 0 0.00586 1.6e-06 9.78e-09 0.0562 1.1
11 129 5 3 1 59 17 0 0.00579 1.63e-06 9.8e-09 0.0564 1.1
11 130 5 3 1 59 17 0 0.00572 1.65e-06 9.83e-09 0.0566 1.11
11 131 5 3 1 59 17 0 0.0131 1.65e-06 9.84e-09 0.0567 1.11
11 132 5 3 1 60 17 0 0.0111 2.88e-06 8.14e-09 0.0569 1.13
11 133 5 3 1 60 17 0 0.0135 4.65e-06 8.34e-09 0.0571 1.13
11 134 5 3 1 59 17 0 0.00752 2.22e-06 9.76e-09 0.0573 1.13
11 135 5 3 1 59 17 0 0.00558 1.73e-06 9.72e-09 0.0575 1.13
11 136 5 3 1 59 17 0 0.00535 1.41e-06 9.81e-09 0.0577 1.13
11 137 5 3 1 59 17 0 0.00526 1.23e-06 9.88e-09 0.0579 1.13
11 138 5 3 1 59 17 0 0.00518 1.29e-06 9.93e-09 0.058 1.13
11 139 5 3 1 59 17 0 0.00511 1.37e-06 9.97e-09 0.0582 1.14
11 140 5 3 1 59 17 0 0.00504 1.42e-06 1e-08 0.0584 1.14
11 141 5 3 1 60 17 0 0.0116 1.46e-06 7.9e-09 0.0586 1.14
11 142 6 3 1 60 17 0 0.00851 3.23e-06 7.98e-09 0.0587 1.15
11 143 5 3 1 60 17 0 0.0096 9.4e-06 8.16e-09 0.0588 1.16
11 144 5 3 1 60 17 0 0.0127 5.15e-06 8.04e-09 0.059 1.16
11 145 5 3 1 59 17 0 0.00773 1.87e-06 9.88e-09 0.0592 1.16
11 146 5 3 1 59 17 0 0.00575 1.39e-06 9.78e-09 0.0593 1.16
11 147 5 3 1 59 17 0 0.00477 1.19e-06 9.86e-09 0.0595 1.16
11 148 5 3 1 59 17 0 0.00431 1.13e-06 9.92e-09 0.0597 1.16
11 149 5 3 1 59 17 0 0.00426 1.2e-06 9.97e-09 0.0598 1.16
11 150 5 3 1 60 17 0 0.00422 1.25e-06 7.89e-09 0.06 1.16
11 151 5 3 1 60 17 0 0.00857 1.28e-06 7.91e-09 0.0601 1.16
11 152 5 3 1 60 17 0 0.00968 8.87e-06 8.19e-09 0.0603 1.17
11 153 5 3 1 60 17 0 0.00638 2.98e-06 8.38e-09 0.0604 1.17
11 154 5 3 1 60 17 0 0.00506 1.24e-06 8.1e-09 0.0606 1.17
11 155 5 3 1 60 17 0 0.00437 1.2e-06 8.09e-09 0.0607 1.17
11 156 5 3 1 60 17 0 0.004 1.3e-06 8.1e-09 0.0609 1.18
11 157 5 3 1 60 17 0 0.0038 1.33e-06 8.11e-09 0.061 1.18
11 158 5 3 1 60 17 0 0.00377 1.34e-06 8.12e-09 0.0611 1.18
11 159 5 3 1 60 17 0 0.00376 1.33e-06 8.13e-09 0.0613 1.18
11 160 5 3 1 60 17 0 0.00374 1.32e-06 8.14e-09 0.0614 1.18
11 161 5 3 1 60 17 0 0.00786 1.3e-06 8.15e-09 0.0615 1.19
11 162 5 3 1 60 17 0 0.0104 7.93e-06 8.02e-09 0.0617 1.2
11 163 5 3 1 60 17 0 0.0117 5.48e-06 8.27e-09 0.0618 1.2
11 164 5 3 1 59 17 0 0.00605 1.34e-06 9.97e-09 0.0619 1.2
11 165 5 3 1 60 17 0 0.00418 1.08e-06 7.91e-09 0.0621 1.2
11 166 5 3 1 60 17 0 0.00363 9.08e-07 7.97e-09 0.0622 1.2
11 167 5 3 1 60 17 0 0.00357 8.54e-07 8.01e-09 0.0623 1.2
11 168 5 3 1 60 17 0 0.00351 9.28e-07 8.04e-09 0.0625 1.2
11 169 5 3 1 60 17 0 0.00346 9.85e-07 8.07e-09 0.0626 1.21
11 170 5 3 1 60 17 0 0.00341 1.03e-06 8.08e-09 0.0627 1.21
11 171 5 3 1 60 17 0 0.00964 1.05e-06 8.1e-09 0.0628 1.21
11 172 6 3 1 60 17 0 0.0068 2.23e-06 8.23e-09 0.0629 1.22
11 173 6 3 1 60 17 0 0.00858 2.24e-06 8.56e-09 0.0631 1.22
11 174 5 3 1 60 17 0 0.00942 7.49e-06 8.1e-09 0.0632 1.22
11 175 5 3 1 60 17 0 0.00594 9.63e-07 7.9e-09 0.0633 1.22
11 176 5 3 1 60 17 0 0.00429 8.81e-07 7.92e-09 0.0634 1.22
11 177 5 3 1 60 17 0 0.00347 8.15e-07 7.97e-09 0.0635 1.22
11 178 5 3 1 60 17 0 0.00301 8.06e-07 8.01e-09 0.0636 1.22
11 179 5 3 1 60 17 0 0.00288 8.42e-07 8.05e-09 0.0638 1.22
11 180 5 3 1 60 17 0 0.00285 8.84e-07 8.07e-09 0.0639 1.22
11 181 5 3 1 60 17 0 0.00544 9.13e-07 8.09e-09 0.064 1.23
11 182 6 3 1 60 17 0 0.00857 1.97e-06 8.34e-09 0.0641 1.23
11 183 5 3 1 60 17 0 0.00523 8.59e-07 8.57e-09 0.0642 1.23
11 184 5 3 1 60 17 0 0.0039 8.87e-07 8.32e-09 0.0643 1.23
11 185 5 3 1 60 17 0 0.00323 9.47e-07 8.29e-09 0.0644 1.23
11 186 5 3 1 60 17 0 0.00287 9.76e-07 8.29e-09 0.0645 1.23
11 187 5 3 1 60 17 0 0.00266 9.81e-07 8.29e-09 0.0646 1.23
11 188 5 3 1 60 17 0 0.00256 9.73e-07 8.29e-09 0.0647 1.24
11 189 5 3 1 60 17 0 0.00253 9.6e-07 8.3e-09 0.0648 1.24
11 190 5 3 1 60 17 0 0.00253 9.45e-07 8.3e-09 0.0649 1.24
11 191 5 3 1 60 17 0 0.00602 9.3e-07 8.31e-09 0.065 1.24
11 192 5 3 1 60 17 0 0.00997 6.98e-06 8.62e-09 0.0651 1.26
11 193 5 3 1 60 17 0 0.0107 1.82e-06 9.04e-09 0.0652 1.25
11 194 5 3 1 60 17 0 0.00517 2.1e-06 8.68e-09 0.0653 1.25
11 195 5 3 1 60 17 0 0.00329 8.13e-07 8.72e-09 0.0654 1.25
11 196 5 3 1 60 17 0 0.00254 5.54e-07 8.77e-09 0.0655 1.25
11 197 5 3 1 60 17 0 0.00242 6.51e-07 8.8e-09 0.0656 1.25
11 198 5 3 1 60 17 0 0.00238 7.34e-07 8.83e-09 0.0657 1.25
11 199 5 3 1 60 17 0 0.00235 7.83e-07 8.85e-09 0.0658 1.26
11 200 5 3 1 60 17 0 0.00232 8.12e-07 8.86e-09 0.0659 1.26
11 201 5 3 1 60 17 0 0.00886 8.28e-07 8.87e-09 0.0659 1.26
11 202 5 3 1 60 17 0 0.00498 4.49e-06 8.44e-09 0.066 1.27
11 203 5 3 1 60 17 0 0.0111 7.29e-06 8.38e-09 0.0661 1.27
11 204 5 3 1 60 17 0 0.00522 1.59e-06 8.31e-09 0.0662 1.27
11 205 5 3 1 60 17 0 0.00324 7.15e-07 8.16e-09 0.0663 1.27
11 206 5 3 1 60 17 0 0.00245 5.13e-07 8.19e-09 0.0664 1.27
11 207 5 3 1 60 17 0 0.0022 5.37e-07 8.23e-09 0.0664 1.27
11 208 5 3 1 60 17 0 0.00216 5.05e-07 8.27e-09 0.0665 1.27
11 209 5 3 1 60 17 0 0.00213 5.61e-07 8.3e-09 0.0666 1.27
11 210 5 3 1 60 17 0 0.0021 6.08e-07 8.31e-09 0.0667 1.27
11 211 5 3 1 60 17 0 0.00441 6.44e-07 8.33e-09 0.0668 1.27
11 212 6 3 1 60 17 0 0.0075 2.78e-06 8.44e-09 0.0668 1.28
11 213 6 3 1 60 17 0 0.00772 2.46e-06 8.61e-09 0.0669 1.28
11 214 5 3 1 60 17 0 0.0102 2.64e-06 8.3e-09 0.067 1.28
11 215 5 3 1 60 17 0 0.00487 1.14e-06 8.11e-09 0.0671 1.28
11 216 5 3 1 60 17 0 0.003 8.41e-07 8.12e-09 0.0671 1.28
11 217 5 3 1 60 17 0 0.00223 6.91e-07 8.15e-09 0.0672 1.28
11 218 5 3 1 60 17 0 0.00199 6.12e-07 8.19e-09 0.0673 1.28
11 219 5 3 1 60 17 0 0.0019 5.67e-07 8.21e-09 0.0674 1.28
11 220 5 3 1 60 17 0 0.00183 5.41e-07 8.23e-09 0.0675 1.28
11 221 5 3 1 60 17 0 0.00531 5.72e-07 8.25e-09 0.0675 1.28
11 222 6 3 1 60 17 0 0.00583 2.14e-06 8.64e-09 0.0675 1.3
11 223 5 3 1 60 17 0 0.00823 9.36e-06 9.05e-09 0.0676 1.29
11 224 5 3 1 60 17 0 0.0047 1.18e-06 8.47e-09 0.0677 1.29
11 225 5 3 1 60 17 0 0.0031 9.26e-07 8.45e-09 0.0678 1.29
11 226 5 3 1 60 17 0 0.00232 8.16e-07 8.47e-09 0.0678 1.29
11 227 5 3 1 60 17 0 0.0019 7.63e-07 8.49e-09 0.0679 1.29
11 228 5 3 1 60 17 0 0.00166 7.36e-07 8.5e-09 0.068 1.29
11 229 5 3 1 60 17 0 0.00151 7.3e-07 8.52e-09 0.068 1.29
11 230 5 3 1 60 17 0 0.00146 7.19e-07 8.53e-09 0.0681 1.29
11 231 5 3 1 60 17 0 0.00393 7.04e-07 8.54e-09 0.0681 1.29
11 232 5 3 1 60 17 0 0.00893 7.69e-06 8.62e-09 0.0682 1.31
11 233 5 3 1 60 17 0 0.00677 7.67e-06 9.21e-09 0.0682 1.3
11 234 5 3 1 60 17 0 0.00437 1.68e-06 8.73e-09 0.0683 1.3
11 235 5 3 1 60 17 0 0.00303 1.07e-06 8.79e-09 0.0684 1.3
11 236 5 3 1 60 17 0 0.00231 5.56e-07 8.84e-09 0.0684 1.3
11 237 5 3 1 60 17 0 0.0019 4.73e-07 8.88e-09 0.0685 1.3
11 238 5 3 1 60 17 0 0.00165 4.88e-07 8.92e-09 0.0686 1.3
11 239 5 3 1 60 17 0 0.00152 4.9e-07 8.94e-09 0.0686 1.3
11 240 5 3 1 60 17 0 0.00146 5.15e-07 8.95e-09 0.0687 1.3
11 241 5 3 1 60 17 0 0.00343 5.34e-07 8.97e-09 0.0687 1.3
11 242 5 3 1 60 17 0 0.00895 6.89e-06 8.47e-09 0.0688 1.32
11 243 5 3 1 60 17 0 0.0104 5.29e-06 8.71e-09 0.0688 1.31
11 244 5 3 1 60 17 0 0.00436 2.33e-06 8.28e-09 0.0689 1.31
11 245 5 3 1 60 17 0 0.00254 1.21e-06 8.16e-09 0.0689 1.31
11 246 5 3 1 60 17 0 0.00183 7.63e-07 8.19e-09 0.069 1.31
11 247 5 3 1 60 17 0 0.0015 5.75e-07 8.24e-09 0.069 1.31
11 248 5 3 1 60 17 0 0.00136 4.89e-07 8.28e-09 0.0691 1.31
11 249 5 3 1 60 17 0 0.00134 4.39e-07 8.3e-09 0.0692 1.31
11 250 5 3 1 60 17 0 0.00133 4.11e-07 8.32e-09 0.0692 1.31
11 251 5 3 1 60 17 0 0.00533 3.94e-07 8.33e-09 0.0692 1.31
11 252 5 3 1 60 17 0 0.00526 9.31e-06 8.69e-09 0.0693 1.33
11 253 5 3 1 60 17 0 0.00745 6.32e-06 9.17e-09 0.0693 1.32
11 254 5 3 1 60 17 0 0.00421 9.59e-07 8.48e-09 0.0694 1.32
11 255 5 3 1 60 17 0 0.00272 7.41e-07 8.46e-09 0.0694 1.32
11 256 5 3 1 60 17 0 0.00197 7.22e-07 8.48e-09 0.0695 1.32
11 257 5 3 1 60 17 0 0.00156 6.62e-07 8.49e-09 0.0695 1.32
11 258 5 3 1 60 17 0 0.00132 5.9e-07 8.51e-09 0.0696 1.32
11 259 5 3 1 60 17 0 0.00117 5.38e-07 8.52e-09 0.0696 1.32
11 260 5 3 1 60 17 0 0.00108 5.33e-07 8.53e-09 0.0697 1.32
11 261 5 3 1 60 17 0 0.00265 5.22e-07 8.54e-09 0.0697 1.32
11 262 5 3 1 60 17 0 0.0086 6.64e-06 8.7e-09 0.0697 1.33
11 263 5 3 1 60 17 0 0.0064 7.67e-06 9.18e-09 0.0698 1.32
11 264 5 3 1 60 17 0 0.00404 9.89e-07 8.74e-09 0.0698 1.32
11 265 5 3 1 60 17 0 0.00269 7.63e-07 8.81e-09 0.0699 1.32
11 266 5 3 1 60 17 0 0.00197 5.11e-07 8.86e-09 0.0699 1.32
11 267 5 3 1 60 17 0 0.00157 4.74e-07 8.89e-09 0.07 1.32
11 268 5 3 1 60 17 0 0.00133 4.7e-07 8.92e-09 0.07 1.32
11 269 5 3 1 60 17 0 0.00118 4.55e-07 8.94e-09 0.07 1.32
11 270 5 3 1 60 17 0 0.0011 4.36e-07 8.95e-09 0.0701 1.32
11 271 5 3 1 60 17 0 0.00268 4.17e-07 8.96e-09 0.0701 1.32
11 272 5 3 1 60 17 0 0.00867 4.85e-06 8.58e-09 0.0701 1.34
11 273 5 3 1 60 17 0 0.0095 2.22e-06 8.75e-09 0.0702 1.33
11 274 5 3 1 60 17 0 0.00402 1.39e-06 8.33e-09 0.0702 1.33
11 275 5 3 1 60 17 0 0.00218 6.01e-07 8.33e-09 0.0703 1.33
11 276 5 3 1 60 17 0 0.00146 6.55e-07 8.35e-09 0.0703 1.33
11 277 5 3 1 60 17 0 0.00114 6.09e-07 8.37e-09 0.0704 1.33
11 278 5 3 1 60 17 0 0.00098 5.38e-07 8.38e-09 0.0704 1.33
stationary flow nc = 0 i = 278 du = 0.00097994
# Quadtree, 278 steps, 4050.15 CPU, 4069 real, 1.76e+03 points.step/s, 33 var
11 0 5 3 1 60 17 0 0 5.38e-07 8.38e-09 0 0
11 1 5 3 1 5 17 0 1 0 0 0.0009 0
11 2 5 3 1 65 19 0 0.636 4.35e-06 9.11e-09 0.00171 0.0997
11 3 5 3 1 47 19 0 0.443 9.83e-06 9.46e-09 0.00249 0.156
11 4 5 3 1 45 19 0 0.339 9.49e-06 7.68e-09 0.00323 0.194
11 5 6 3 1 45 19 0 0.274 4.15e-06 7.69e-09 0.00395 0.223
11 6 6 3 1 46 19 0 0.229 5.37e-06 7.42e-09 0.00465 0.245
11 7 5 3 1 46 19 0 0.201 8.19e-06 7.43e-09 0.00533 0.267
11 8 5 3 1 46 19 0 0.178 7.6e-06 7.54e-09 0.006 0.284
11 9 5 3 1 46 19 0 0.16 6.98e-06 7.6e-09 0.00664 0.301
11 10 5 3 1 46 19 0 0.146 6.47e-06 7.69e-09 0.00728 0.316
11 11 5 3 1 46 19 0 0.134 6.03e-06 7.78e-09 0.0079 0.33
11 12 5 3 1 46 19 0 0.123 5.64e-06 7.88e-09 0.00851 0.343
11 13 5 3 1 46 19 0 0.114 5.3e-06 7.98e-09 0.00911 0.356
11 14 5 3 1 46 19 0 0.107 4.99e-06 8.09e-09 0.0097 0.367
11 15 5 3 1 46 19 0 0.0998 4.71e-06 8.19e-09 0.0103 0.379
11 16 5 3 1 46 19 0 0.0936 4.46e-06 8.29e-09 0.0108 0.389
11 17 5 3 1 46 19 0 0.0881 4.23e-06 8.4e-09 0.0114 0.4
11 18 5 3 1 46 19 0 0.0831 4.02e-06 8.5e-09 0.0119 0.41
11 19 5 3 1 46 19 0 0.0785 3.82e-06 8.6e-09 0.0125 0.419
11 20 5 3 1 46 19 0 0.0744 3.65e-06 8.7e-09 0.013 0.429
11 21 5 3 1 46 19 0 0.0706 3.48e-06 8.79e-09 0.0135 0.438
11 22 5 3 1 46 19 0 0.0671 3.33e-06 8.89e-09 0.014 0.446
11 23 5 3 1 46 19 0 0.0639 3.19e-06 8.99e-09 0.0145 0.455
11 24 5 3 1 46 19 0 0.0609 3.06e-06 9.08e-09 0.015 0.463
11 25 5 3 1 46 19 0 0.0582 2.94e-06 9.17e-09 0.0155 0.471
11 26 5 3 1 46 19 0 0.0556 2.89e-06 9.26e-09 0.016 0.478
11 27 5 3 1 46 19 0 0.0533 2.84e-06 9.35e-09 0.0164 0.486
11 28 5 3 1 46 19 0 0.051 2.79e-06 9.43e-09 0.0169 0.493
11 29 5 3 1 46 19 0 0.049 2.74e-06 9.52e-09 0.0173 0.501
11 30 5 3 1 46 19 0 0.047 2.7e-06 9.6e-09 0.0178 0.508
11 31 5 3 1 46 19 0 0.0452 2.65e-06 9.68e-09 0.0182 0.514
11 32 5 3 1 46 19 0 0.0435 2.6e-06 9.76e-09 0.0186 0.521
11 33 5 3 1 46 19 0 0.0419 2.56e-06 9.84e-09 0.0191 0.528
11 34 5 3 1 46 19 0 0.0403 2.52e-06 9.92e-09 0.0195 0.534
11 35 5 3 1 46 19 0 0.0389 2.48e-06 9.99e-09 0.0199 0.54
11 36 5 3 1 47 19 0 0.0375 2.44e-06 7.27e-09 0.0203 0.546
11 37 5 3 1 47 19 0 0.0362 2.41e-06 7.33e-09 0.0207 0.552
11 38 5 3 1 47 19 0 0.035 2.37e-06 7.38e-09 0.0211 0.558
11 39 5 3 1 47 19 0 0.0339 2.34e-06 7.43e-09 0.0215 0.564
11 40 5 3 1 47 19 0 0.0328 2.3e-06 7.48e-09 0.0218 0.57
11 41 5 3 1 47 19 0 0.0317 2.27e-06 7.52e-09 0.0222 0.575
11 42 5 3 1 47 19 0 0.0307 2.24e-06 7.57e-09 0.0226 0.581
11 43 5 3 1 47 19 0 0.0297 2.2e-06 7.62e-09 0.0229 0.586
11 44 5 3 1 47 19 0 0.0288 2.17e-06 7.66e-09 0.0233 0.591
11 45 5 3 1 47 19 0 0.028 2.14e-06 7.71e-09 0.0236 0.596
11 46 5 3 1 47 19 0 0.0271 2.11e-06 7.75e-09 0.024 0.602
11 47 5 3 1 47 19 0 0.0263 2.08e-06 7.79e-09 0.0243 0.606
11 48 5 3 1 47 19 0 0.0256 2.05e-06 7.84e-09 0.0246 0.611
11 49 5 3 1 47 19 0 0.0249 2.02e-06 7.88e-09 0.025 0.616
11 50 5 3 1 47 19 0 0.0242 1.99e-06 7.92e-09 0.0253 0.621
11 51 5 3 1 47 19 0 0.0235 1.96e-06 7.96e-09 0.0256 0.625
11 52 5 3 1 47 19 0 0.0228 1.93e-06 7.99e-09 0.0259 0.63
11 53 5 3 1 47 19 0 0.0222 1.9e-06 8.03e-09 0.0262 0.634
11 54 5 3 1 47 19 0 0.0216 1.87e-06 8.07e-09 0.0265 0.639
11 55 5 3 1 47 19 0 0.0211 1.84e-06 8.1e-09 0.0268 0.643
11 56 5 3 1 47 19 0 0.0205 1.82e-06 8.14e-09 0.0271 0.647
11 57 5 3 1 47 19 0 0.02 1.79e-06 8.18e-09 0.0274 0.652
11 58 5 3 1 47 19 0 0.0195 1.76e-06 8.21e-09 0.0277 0.656
11 59 5 3 1 47 19 0 0.019 1.74e-06 8.24e-09 0.028 0.66
11 60 5 3 1 47 19 0 0.0185 1.71e-06 8.28e-09 0.0282 0.664
11 61 5 3 1 47 19 0 0.0183 1.69e-06 8.31e-09 0.0285 0.668
11 62 5 3 1 47 19 0 0.0177 3.44e-06 7.77e-09 0.0288 0.673
11 63 5 3 1 47 19 0 0.0172 1.6e-06 7.93e-09 0.029 0.677
11 64 5 3 1 47 19 0 0.0168 1.5e-06 7.89e-09 0.0293 0.68
11 65 5 3 1 47 19 0 0.0164 1.47e-06 7.91e-09 0.0295 0.684
11 66 5 3 1 47 19 0 0.016 1.47e-06 7.94e-09 0.0298 0.687
11 67 5 3 1 47 19 0 0.0156 1.47e-06 7.97e-09 0.03 0.691
11 68 5 3 1 47 19 0 0.0152 1.47e-06 8e-09 0.0303 0.694
11 69 5 3 1 47 19 0 0.0149 1.46e-06 8.02e-09 0.0305 0.698
11 70 5 3 1 47 19 0 0.0145 1.44e-06 8.05e-09 0.0307 0.701
11 71 5 3 1 47 19 0 0.0142 1.43e-06 8.08e-09 0.031 0.704
11 72 5 3 1 47 19 0 0.0138 3.51e-06 8.68e-09 0.0312 0.706
11 73 5 3 1 47 19 0 0.0135 2.02e-06 8.68e-09 0.0314 0.709
11 74 5 3 1 47 19 0 0.0132 1.74e-06 8.73e-09 0.0316 0.713
11 75 5 3 1 47 19 0 0.0129 1.58e-06 8.74e-09 0.0319 0.716
11 76 5 3 1 47 19 0 0.0126 1.48e-06 8.75e-09 0.0321 0.719
11 77 5 3 1 47 19 0 0.0124 1.41e-06 8.77e-09 0.0323 0.722
11 78 5 3 1 47 19 0 0.0121 1.37e-06 8.79e-09 0.0325 0.725
11 79 5 3 1 47 19 0 0.0118 1.33e-06 8.81e-09 0.0327 0.728
11 80 5 3 1 47 19 0 0.0116 1.3e-06 8.83e-09 0.0329 0.73
11 81 5 3 1 47 19 0 0.0113 1.27e-06 8.85e-09 0.0331 0.733
11 82 5 3 1 47 19 0 0.0113 3.97e-06 8.26e-09 0.0333 0.738
11 83 5 3 1 47 19 0 0.0109 1.23e-06 8.43e-09 0.0335 0.74
11 84 5 3 1 47 19 0 0.0107 1.12e-06 8.36e-09 0.0337 0.743
11 85 5 3 1 47 19 0 0.0104 1.1e-06 8.38e-09 0.0339 0.745
11 86 5 3 1 47 19 0 0.0102 1.1e-06 8.4e-09 0.034 0.748
11 87 5 3 1 47 19 0 0.01 1.11e-06 8.42e-09 0.0342 0.75
11 88 5 3 1 47 19 0 0.00981 1.11e-06 8.44e-09 0.0344 0.753
11 89 5 3 1 47 19 0 0.00961 1.1e-06 8.46e-09 0.0346 0.755
11 90 5 3 1 47 19 0 0.00941 1.09e-06 8.48e-09 0.0347 0.758
11 91 5 3 1 47 19 0 0.0184 1.08e-06 8.5e-09 0.0349 0.76
11 92 5 3 1 47 19 0 0.0115 5.81e-06 9.75e-09 0.0351 0.762
11 93 5 3 1 47 19 0 0.00874 3.14e-06 9.19e-09 0.0352 0.763
11 94 5 3 1 47 19 0 0.00863 1.09e-06 9.11e-09 0.0354 0.765
11 95 5 3 1 47 19 0 0.00847 1.09e-06 9.16e-09 0.0356 0.768
11 96 5 3 1 47 19 0 0.0083 1.06e-06 9.16e-09 0.0357 0.77
11 97 5 3 1 47 19 0 0.00814 1.04e-06 9.17e-09 0.0359 0.772
11 98 5 3 1 47 19 0 0.00798 1.01e-06 9.18e-09 0.036 0.774
11 99 5 3 1 47 19 0 0.00783 9.92e-07 9.19e-09 0.0362 0.776
11 100 5 3 1 47 19 0 0.00768 9.72e-07 9.2e-09 0.0363 0.778
11 101 5 3 1 47 19 0 0.0166 9.55e-07 9.22e-09 0.0364 0.781
11 102 5 3 1 47 19 0 0.0139 6.35e-06 8.59e-09 0.0366 0.793
11 103 5 3 1 47 19 0 0.00762 1.27e-06 8.95e-09 0.0367 0.79
11 104 5 3 1 47 19 0 0.00731 9.33e-07 8.7e-09 0.0369 0.79
11 105 5 3 1 47 19 0 0.0071 8.55e-07 8.7e-09 0.037 0.792
11 106 5 3 1 47 19 0 0.00693 8.41e-07 8.71e-09 0.0371 0.794
11 107 5 3 1 47 19 0 0.00678 8.4e-07 8.73e-09 0.0373 0.795
11 108 5 3 1 47 19 0 0.00665 8.39e-07 8.74e-09 0.0374 0.797
11 109 5 3 1 47 19 0 0.00651 8.34e-07 8.76e-09 0.0375 0.799
11 110 5 3 1 47 19 0 0.00639 8.28e-07 8.77e-09 0.0376 0.801
11 111 5 3 1 47 19 0 0.0132 8.19e-07 8.78e-09 0.0378 0.802
11 112 5 3 1 48 19 0 0.0145 5.97e-06 7.28e-09 0.0379 0.802
11 113 5 3 1 47 19 0 0.00891 2.74e-06 9.4e-09 0.038 0.802
11 114 5 3 1 47 19 0 0.0068 1.05e-06 9.36e-09 0.0381 0.804
11 115 5 3 1 47 19 0 0.00574 9.61e-07 9.41e-09 0.0382 0.806
11 116 5 3 1 47 19 0 0.00539 8.87e-07 9.42e-09 0.0384 0.807
11 117 5 3 1 47 19 0 0.00535 8.21e-07 9.43e-09 0.0385 0.809
11 118 5 3 1 47 19 0 0.0053 7.74e-07 9.43e-09 0.0386 0.81
11 119 5 3 1 47 19 0 0.00524 7.42e-07 9.44e-09 0.0387 0.812
11 120 5 3 1 47 19 0 0.00518 7.2e-07 9.45e-09 0.0388 0.814
11 121 5 3 1 47 19 0 0.0105 7.03e-07 9.46e-09 0.0389 0.815
11 122 5 3 1 47 19 0 0.0121 6.75e-06 8.82e-09 0.039 0.828
11 123 5 3 1 47 19 0 0.00532 1.06e-06 9.19e-09 0.0391 0.824
11 124 5 3 1 47 19 0 0.00507 7.01e-07 8.92e-09 0.0392 0.824
11 125 5 3 1 47 19 0 0.00492 6.16e-07 8.92e-09 0.0393 0.825
11 126 5 3 1 47 19 0 0.0048 6.05e-07 8.93e-09 0.0394 0.826
11 127 5 3 1 47 19 0 0.0047 6.08e-07 8.94e-09 0.0395 0.827
11 128 5 3 1 47 19 0 0.00461 6.11e-07 8.96e-09 0.0396 0.828
11 129 5 3 1 47 19 0 0.00452 6.11e-07 8.97e-09 0.0397 0.83
11 130 5 3 1 47 19 0 0.00444 6.08e-07 8.98e-09 0.0398 0.831
11 131 5 3 1 47 19 0 0.0095 6.02e-07 8.99e-09 0.0399 0.832
11 132 5 3 1 48 19 0 0.013 6.17e-06 7.45e-09 0.0399 0.831
11 133 5 3 1 48 19 0 0.0077 3.72e-06 7.67e-09 0.04 0.832
11 134 5 3 1 48 19 0 0.00544 2.08e-06 7.66e-09 0.0401 0.832
11 135 5 3 1 48 19 0 0.00439 1.27e-06 7.65e-09 0.0402 0.833
11 136 5 3 1 48 19 0 0.00384 9.65e-07 7.65e-09 0.0403 0.834
11 137 5 3 1 48 19 0 0.00369 7.95e-07 7.66e-09 0.0404 0.835
11 138 5 3 1 48 19 0 0.00367 6.96e-07 7.66e-09 0.0405 0.836
11 139 5 3 1 48 19 0 0.00365 6.36e-07 7.67e-09 0.0405 0.837
11 140 5 3 1 48 19 0 0.00361 5.96e-07 7.68e-09 0.0406 0.838
11 141 5 3 1 48 19 0 0.00794 5.69e-07 7.68e-09 0.0407 0.839
11 142 5 3 1 47 19 0 0.0125 6.88e-06 9.29e-09 0.0407 0.852
11 143 5 3 1 47 19 0 0.00625 2.03e-06 9.33e-09 0.0408 0.846
11 144 5 3 1 47 19 0 0.00361 1.39e-06 9.1e-09 0.0409 0.847
11 145 5 3 1 47 19 0 0.00348 1.23e-06 9.09e-09 0.041 0.848
11 146 5 3 1 47 19 0 0.00339 9.56e-07 9.1e-09 0.041 0.849
11 147 5 3 1 47 19 0 0.00332 7.21e-07 9.1e-09 0.0411 0.85
11 148 5 3 1 47 19 0 0.00325 5.48e-07 9.11e-09 0.0412 0.851
11 149 5 3 1 47 19 0 0.00319 4.25e-07 9.12e-09 0.0413 0.852
11 150 5 3 1 47 19 0 0.00313 3.9e-07 9.13e-09 0.0413 0.853
11 151 5 3 1 47 19 0 0.00581 4e-07 9.13e-09 0.0414 0.854
11 152 5 3 1 48 19 0 0.012 6.3e-06 7.56e-09 0.0415 0.852
11 153 5 3 1 48 19 0 0.00672 3.79e-06 7.79e-09 0.0415 0.852
11 154 5 3 1 48 19 0 0.00448 2.12e-06 7.78e-09 0.0416 0.853
11 155 5 3 1 48 19 0 0.00344 1.31e-06 7.77e-09 0.0416 0.853
11 156 5 3 1 48 19 0 0.00291 8.59e-07 7.77e-09 0.0417 0.854
11 157 5 3 1 48 19 0 0.00262 6.42e-07 7.77e-09 0.0418 0.854
11 158 5 3 1 48 19 0 0.00256 5.44e-07 7.77e-09 0.0418 0.855
11 159 5 3 1 48 19 0 0.00256 4.86e-07 7.78e-09 0.0419 0.856
11 160 5 3 1 48 19 0 0.00254 4.49e-07 7.78e-09 0.0419 0.857
11 161 5 3 1 48 19 0 0.00543 4.24e-07 7.79e-09 0.042 0.857
11 162 5 3 1 47 19 0 0.012 8.13e-06 9.41e-09 0.042 0.87
11 163 5 3 1 47 19 0 0.00579 2.08e-06 9.46e-09 0.0421 0.864
11 164 5 3 1 47 19 0 0.00281 1.38e-06 9.21e-09 0.0421 0.865
11 165 5 3 1 47 19 0 0.00251 1.21e-06 9.21e-09 0.0422 0.865
11 166 5 3 1 47 19 0 0.00244 9.34e-07 9.21e-09 0.0423 0.866
11 167 5 3 1 47 19 0 0.00238 6.95e-07 9.22e-09 0.0423 0.867
11 168 5 3 1 47 19 0 0.00233 5.17e-07 9.22e-09 0.0424 0.867
11 169 5 3 1 47 19 0 0.00229 3.92e-07 9.23e-09 0.0424 0.868
11 170 5 3 1 47 19 0 0.00224 3.06e-07 9.23e-09 0.0425 0.869
11 171 5 3 1 47 19 0 0.00433 2.78e-07 9.24e-09 0.0425 0.87
11 172 5 3 1 48 19 0 0.0113 6.41e-06 7.64e-09 0.0426 0.868
11 173 5 3 1 48 19 0 0.00654 3.63e-06 8.19e-09 0.0426 0.87
11 174 5 3 1 48 19 0 0.00523 2.34e-06 7.93e-09 0.0426 0.868
11 175 5 3 1 48 19 0 0.00266 1.34e-06 7.83e-09 0.0427 0.868
11 176 5 3 1 48 19 0 0.0022 8.8e-07 7.84e-09 0.0427 0.868
11 177 5 3 1 48 19 0 0.00196 6.05e-07 7.85e-09 0.0428 0.869
11 178 5 3 1 48 19 0 0.00181 4.57e-07 7.85e-09 0.0428 0.869
11 179 5 3 1 48 19 0 0.00179 3.91e-07 7.86e-09 0.0429 0.87
11 180 5 3 1 48 19 0 0.00179 3.5e-07 7.86e-09 0.0429 0.87
11 181 5 3 1 48 19 0 0.0042 3.24e-07 7.86e-09 0.0429 0.871
11 182 5 3 1 47 19 0 0.0117 8.31e-06 9.5e-09 0.043 0.884
11 183 5 3 1 48 19 0 0.0044 1.88e-06 7.23e-09 0.043 0.878
11 184 5 3 1 47 19 0 0.0019 1.15e-06 9.61e-09 0.0431 0.877
11 185 5 3 1 47 19 0 0.00181 6.54e-07 9.58e-09 0.0431 0.877
11 186 5 3 1 47 19 0 0.00175 3.76e-07 9.58e-09 0.0431 0.877
11 187 5 3 1 47 19 0 0.00171 2.4e-07 9.58e-09 0.0432 0.878
11 188 5 3 1 47 19 0 0.00167 2.45e-07 9.58e-09 0.0432 0.878
11 189 5 3 1 47 19 0 0.00164 2.51e-07 9.58e-09 0.0433 0.879
11 190 5 3 1 47 19 0 0.00161 2.53e-07 9.58e-09 0.0433 0.879
11 191 5 3 1 47 19 0 0.00159 2.53e-07 9.58e-09 0.0433 0.88
11 192 5 3 1 47 19 0 0.0104 4.29e-06 9.91e-09 0.0434 0.876
11 193 5 3 1 47 19 0 0.00553 2.34e-06 9.74e-09 0.0434 0.878
11 194 5 3 1 47 19 0 0.00332 1.12e-06 9.88e-09 0.0434 0.879
11 195 5 2 1 47 19 0 0.0023 6.07e-07 9.89e-09 0.0435 0.88
11 196 5 2 1 47 19 0 0.0018 8.68e-07 9.9e-09 0.0435 0.88
11 197 5 2 1 47 19 0 0.00153 7.69e-07 9.91e-09 0.0435 0.881
11 198 5 2 1 47 19 0 0.00138 7.38e-07 9.91e-09 0.0436 0.881
11 199 5 2 1 47 19 0 0.00131 7.19e-07 9.92e-09 0.0436 0.882
11 200 5 2 1 47 19 0 0.00129 7.06e-07 9.92e-09 0.0436 0.882
11 201 5 2 1 47 19 0 0.00207 6.95e-07 9.93e-09 0.0437 0.883
11 202 5 2 1 47 19 0 0.0091 6.72e-06 9.25e-09 0.0437 0.895
11 203 5 2 1 47 19 0 0.00321 1.75e-06 8.51e-09 0.0437 0.89
11 204 5 2 1 47 19 0 0.00794 2.81e-06 9.27e-09 0.0437 0.888
11 205 5 2 1 47 19 0 0.00226 1.54e-06 9.34e-09 0.0438 0.888
11 206 5 2 1 47 19 0 0.00131 1.14e-06 9.35e-09 0.0438 0.888
11 207 5 2 1 47 19 0 0.00127 1.01e-06 9.36e-09 0.0438 0.888
11 208 5 2 1 47 19 0 0.00124 8.7e-07 9.36e-09 0.0439 0.889
11 209 5 2 1 47 19 0 0.00121 7.62e-07 9.37e-09 0.0439 0.889
11 210 5 2 1 47 19 0 0.00119 6.93e-07 9.37e-09 0.0439 0.889
11 211 5 2 1 47 19 0 0.00146 6.45e-07 9.38e-09 0.0439 0.89
11 212 6 2 1 48 19 0 0.011 2.9e-06 8.09e-09 0.044 0.89
11 213 5 2 1 48 19 0 0.00537 9.06e-06 8.44e-09 0.044 0.889
11 214 5 2 1 48 19 0 0.00309 5.55e-06 8.38e-09 0.044 0.889
11 215 5 2 1 48 19 0 0.00204 3.44e-06 8.35e-09 0.044 0.888
11 216 5 2 1 48 19 0 0.00152 2.37e-06 8.35e-09 0.0441 0.888
11 217 5 3 1 48 19 0 0.00124 7.29e-07 8.35e-09 0.0441 0.889
11 218 5 3 1 48 19 0 0.00109 4.94e-07 8.35e-09 0.0441 0.889
11 219 5 3 1 48 19 0 0.000991 3.87e-07 8.35e-09 0.0441 0.889
stationary flow nc = 1 i = 219 du = 0.000991105
# Quadtree, 219 steps, 3152.15 CPU, 3164 real, 2.46e+03 points.step/s, 33 var
11 0 5 3 1 48 19 0 0 3.87e-07 8.35e-09 0 0
11 1 5 3 1 5 19 0 1 0 0 0.0008 0
11 2 5 3 1 41 20 0 0.664 5.05e-06 9.45e-09 0.00147 0.126
11 3 5 3 1 38 20 0 0.479 6.58e-06 8.7e-09 0.00208 0.189
11 4 5 3 1 36 20 0 0.376 8.25e-06 7.92e-09 0.00265 0.226
11 5 6 3 1 36 20 0 0.312 1.49e-06 7.27e-09 0.0032 0.251
11 6 6 3 1 36 20 0 0.267 1.69e-06 7.76e-09 0.00372 0.27
11 7 6 3 1 36 20 0 0.237 1.72e-06 7.72e-09 0.00422 0.288
11 8 6 3 1 36 20 0 0.21 1.44e-06 7.69e-09 0.00471 0.3
11 9 5 3 1 36 20 0 0.189 9.04e-06 7.68e-09 0.00517 0.312
11 10 5 3 1 36 20 0 0.17 7.68e-06 7.73e-09 0.00563 0.322
11 11 5 3 1 36 20 0 0.155 6.6e-06 7.8e-09 0.00606 0.331
11 12 5 3 1 36 20 0 0.142 5.71e-06 7.88e-09 0.00649 0.34
11 13 5 3 1 36 20 0 0.13 4.97e-06 7.97e-09 0.0069 0.348
11 14 5 3 1 36 20 0 0.12 4.35e-06 8.07e-09 0.0073 0.355
11 15 5 3 1 36 20 0 0.112 3.81e-06 8.17e-09 0.00769 0.362
11 16 5 3 1 36 20 0 0.104 3.34e-06 8.27e-09 0.00807 0.369
11 17 5 3 1 36 20 0 0.0966 2.93e-06 8.37e-09 0.00844 0.375
11 18 5 3 1 36 20 0 0.0903 2.82e-06 8.47e-09 0.00879 0.381
11 19 5 3 1 36 20 0 0.0847 2.75e-06 8.57e-09 0.00914 0.387
11 20 5 3 1 36 20 0 0.0795 2.68e-06 8.66e-09 0.00948 0.392
11 21 5 3 1 36 20 0 0.0749 2.61e-06 8.76e-09 0.00981 0.397
11 22 5 3 1 36 20 0 0.0706 2.55e-06 8.85e-09 0.0101 0.402
11 23 5 3 1 36 20 0 0.0667 2.49e-06 8.94e-09 0.0104 0.407
11 24 5 3 1 36 20 0 0.0631 2.43e-06 9.03e-09 0.0107 0.412
11 25 5 3 1 36 20 0 0.0598 2.37e-06 9.12e-09 0.011 0.416
11 26 5 3 1 36 20 0 0.0568 2.31e-06 9.21e-09 0.0113 0.42
11 27 5 3 1 36 20 0 0.054 2.27e-06 9.29e-09 0.0116 0.424
11 28 5 3 1 36 20 0 0.0513 2.25e-06 9.37e-09 0.0119 0.428
11 29 5 3 1 36 20 0 0.0489 2.22e-06 9.45e-09 0.0121 0.433
11 30 5 3 1 36 20 0 0.0466 2.19e-06 9.53e-09 0.0124 0.437
11 31 5 3 1 36 20 0 0.0445 2.16e-06 9.6e-09 0.0127 0.441
11 32 5 3 1 36 20 0 0.0425 2.14e-06 9.67e-09 0.0129 0.445
11 33 5 3 1 36 20 0 0.0407 2.11e-06 9.74e-09 0.0131 0.448
11 34 5 3 1 36 20 0 0.0389 2.08e-06 9.81e-09 0.0134 0.452
11 35 5 3 1 36 20 0 0.0373 2.06e-06 9.87e-09 0.0136 0.456
11 36 5 3 1 36 20 0 0.0358 2.03e-06 9.94e-09 0.0138 0.46
11 37 5 3 1 36 20 0 0.0343 2e-06 1e-08 0.014 0.463
11 38 5 3 1 37 20 0 0.0329 1.97e-06 6.75e-09 0.0142 0.467
11 39 5 3 1 37 20 0 0.0316 1.94e-06 6.79e-09 0.0144 0.47
11 40 5 3 1 37 20 0 0.0304 1.91e-06 6.83e-09 0.0146 0.473
11 41 5 3 1 37 20 0 0.0292 1.89e-06 6.87e-09 0.0148 0.477
11 42 5 3 1 37 20 0 0.0281 1.86e-06 6.9e-09 0.015 0.48
11 43 5 3 1 37 20 0 0.0271 1.83e-06 6.94e-09 0.0152 0.483
11 44 5 3 1 37 20 0 0.0261 1.8e-06 6.97e-09 0.0154 0.486
11 45 5 3 1 37 20 0 0.0251 1.77e-06 7e-09 0.0156 0.489
11 46 5 3 1 37 20 0 0.0242 1.74e-06 7.03e-09 0.0157 0.492
11 47 5 3 1 37 20 0 0.0234 1.71e-06 7.06e-09 0.0159 0.495
11 48 5 3 1 37 20 0 0.0225 1.68e-06 7.09e-09 0.0161 0.497
11 49 5 3 1 37 20 0 0.0217 1.66e-06 7.12e-09 0.0162 0.5
11 50 5 3 1 37 20 0 0.021 1.63e-06 7.14e-09 0.0164 0.503
11 51 5 3 1 37 20 0 0.0203 1.6e-06 7.17e-09 0.0165 0.505
11 52 5 3 1 37 20 0 0.0196 1.57e-06 7.19e-09 0.0167 0.508
11 53 5 3 1 37 20 0 0.0189 1.54e-06 7.22e-09 0.0168 0.51
11 54 5 3 1 37 20 0 0.0183 1.51e-06 7.24e-09 0.017 0.513
11 55 5 3 1 37 20 0 0.0177 1.49e-06 7.27e-09 0.0171 0.515
11 56 5 3 1 37 20 0 0.0171 1.46e-06 7.29e-09 0.0172 0.517
11 57 5 3 1 37 20 0 0.0166 1.43e-06 7.31e-09 0.0174 0.52
11 58 5 3 1 37 20 0 0.016 1.41e-06 7.33e-09 0.0175 0.522
11 59 5 3 1 37 20 0 0.0155 1.38e-06 7.35e-09 0.0176 0.524
11 60 5 3 1 37 20 0 0.015 1.35e-06 7.37e-09 0.0177 0.526
11 61 5 3 1 37 20 0 0.0145 1.33e-06 7.39e-09 0.0178 0.528
11 62 5 3 1 37 20 0 0.0141 1.3e-06 7.4e-09 0.018 0.53
11 63 5 3 1 37 20 0 0.0137 1.28e-06 7.42e-09 0.0181 0.532
11 64 5 3 1 37 20 0 0.0132 1.25e-06 7.44e-09 0.0182 0.534
11 65 5 3 1 37 20 0 0.0128 1.23e-06 7.46e-09 0.0183 0.536
11 66 5 3 1 37 20 0 0.0124 1.2e-06 7.47e-09 0.0184 0.538
11 67 5 3 1 37 20 0 0.0121 1.18e-06 7.49e-09 0.0185 0.54
11 68 5 3 1 37 20 0 0.0117 1.15e-06 7.5e-09 0.0186 0.542
11 69 5 3 1 37 20 0 0.0113 1.13e-06 7.52e-09 0.0187 0.543
11 70 5 3 1 37 20 0 0.011 1.11e-06 7.53e-09 0.0188 0.545
11 71 5 3 1 37 20 0 0.0107 1.09e-06 7.54e-09 0.0189 0.547
11 72 5 3 1 37 20 0 0.0104 1.06e-06 7.56e-09 0.0189 0.548
11 73 5 3 1 37 20 0 0.01 1.04e-06 7.57e-09 0.019 0.55
11 74 5 3 1 37 20 0 0.00975 1.02e-06 7.58e-09 0.0191 0.551
11 75 5 3 1 37 20 0 0.00947 9.98e-07 7.59e-09 0.0192 0.553
11 76 5 3 1 37 20 0 0.00919 9.78e-07 7.6e-09 0.0193 0.554
11 77 5 3 1 37 20 0 0.00893 9.57e-07 7.61e-09 0.0194 0.556
11 78 5 3 1 37 20 0 0.00867 9.37e-07 7.62e-09 0.0194 0.557
11 79 5 3 1 37 20 0 0.00842 9.17e-07 7.64e-09 0.0195 0.558
11 80 5 3 1 37 20 0 0.00818 8.97e-07 7.65e-09 0.0196 0.56
11 81 5 3 1 37 20 0 0.00794 8.78e-07 7.65e-09 0.0196 0.561
11 82 5 3 1 37 20 0 0.00772 8.59e-07 7.66e-09 0.0197 0.562
11 83 5 3 1 37 20 0 0.0075 8.4e-07 7.67e-09 0.0198 0.563
11 84 5 3 1 37 20 0 0.00729 8.22e-07 7.68e-09 0.0198 0.565
11 85 5 3 1 37 20 0 0.00708 8.04e-07 7.69e-09 0.0199 0.566
11 86 5 3 1 37 20 0 0.00688 7.87e-07 7.7e-09 0.02 0.567
11 87 5 3 1 37 20 0 0.00669 7.7e-07 7.71e-09 0.02 0.568
11 88 5 3 1 37 20 0 0.0065 7.53e-07 7.71e-09 0.0201 0.569
11 89 5 3 1 37 20 0 0.00632 7.36e-07 7.72e-09 0.0201 0.57
11 90 5 3 1 37 20 0 0.00615 7.2e-07 7.73e-09 0.0202 0.571
11 91 5 3 1 37 20 0 0.00598 7.04e-07 7.74e-09 0.0203 0.572
11 92 5 3 1 37 20 0 0.00581 6.88e-07 7.74e-09 0.0203 0.573
11 93 5 3 1 37 20 0 0.00565 6.73e-07 7.75e-09 0.0204 0.574
11 94 5 3 1 37 20 0 0.0055 6.58e-07 7.76e-09 0.0204 0.575
11 95 5 3 1 37 20 0 0.00535 6.43e-07 7.76e-09 0.0205 0.576
11 96 5 3 1 37 20 0 0.0052 6.29e-07 7.77e-09 0.0205 0.577
11 97 5 3 1 37 20 0 0.00506 6.14e-07 7.78e-09 0.0206 0.578
11 98 5 3 1 37 20 0 0.00492 6.01e-07 7.78e-09 0.0206 0.579
11 99 5 3 1 37 20 0 0.00479 5.87e-07 7.79e-09 0.0206 0.579
11 100 5 3 1 37 20 0 0.00466 5.74e-07 7.79e-09 0.0207 0.58
11 101 5 3 1 37 20 0 0.00453 5.61e-07 7.8e-09 0.0207 0.581
11 102 5 3 1 37 20 0 0.00441 5.48e-07 7.8e-09 0.0208 0.582
11 103 5 3 1 37 20 0 0.00429 5.35e-07 7.81e-09 0.0208 0.582
11 104 5 3 1 37 20 0 0.00418 5.23e-07 7.81e-09 0.0208 0.583
11 105 5 3 1 37 20 0 0.00407 5.11e-07 7.82e-09 0.0209 0.584
11 106 5 3 1 37 20 0 0.00396 4.99e-07 7.82e-09 0.0209 0.585
11 107 5 3 1 37 20 0 0.00385 4.88e-07 7.83e-09 0.021 0.585
11 108 5 3 1 37 20 0 0.00375 4.77e-07 7.83e-09 0.021 0.586
11 109 5 3 1 37 20 0 0.00365 4.66e-07 7.83e-09 0.021 0.587
11 110 5 3 1 37 20 0 0.00355 4.55e-07 7.84e-09 0.0211 0.587
11 111 5 3 1 37 20 0 0.00346 4.44e-07 7.84e-09 0.0211 0.588
11 112 5 3 1 37 20 0 0.00337 4.34e-07 7.85e-09 0.0211 0.588
11 113 5 3 1 37 20 0 0.00328 4.24e-07 7.85e-09 0.0212 0.589
11 114 5 3 1 37 20 0 0.00319 4.14e-07 7.85e-09 0.0212 0.59
11 115 5 3 1 37 20 0 0.00311 4.04e-07 7.86e-09 0.0212 0.59
11 116 5 3 1 37 20 0 0.00302 3.95e-07 7.86e-09 0.0212 0.591
11 117 5 3 1 37 20 0 0.00294 3.86e-07 7.86e-09 0.0213 0.591
11 118 5 3 1 37 20 0 0.00287 3.77e-07 7.87e-09 0.0213 0.592
11 119 5 3 1 37 20 0 0.00279 3.68e-07 7.87e-09 0.0213 0.592
11 120 5 3 1 37 20 0 0.00272 3.59e-07 7.87e-09 0.0214 0.593
11 121 5 3 1 37 20 0 0.00265 3.51e-07 7.87e-09 0.0214 0.593
11 122 5 3 1 37 20 0 0.00258 3.43e-07 7.88e-09 0.0214 0.594
11 123 5 3 1 37 20 0 0.00251 3.35e-07 7.88e-09 0.0214 0.594
11 124 5 3 1 37 20 0 0.00245 3.27e-07 7.88e-09 0.0215 0.595
11 125 5 3 1 37 20 0 0.00238 3.19e-07 7.89e-09 0.0215 0.595
11 126 5 3 1 37 20 0 0.00232 3.11e-07 7.89e-09 0.0215 0.595
11 127 5 3 1 37 20 0 0.00226 3.04e-07 7.89e-09 0.0215 0.596
11 128 5 3 1 37 20 0 0.0022 2.97e-07 7.89e-09 0.0215 0.596
11 129 5 3 1 37 20 0 0.00214 2.9e-07 7.89e-09 0.0216 0.597
11 130 5 3 1 37 20 0 0.00209 2.83e-07 7.9e-09 0.0216 0.597
11 131 5 3 1 37 20 0 0.00203 2.76e-07 7.9e-09 0.0216 0.597
11 132 5 3 1 37 20 0 0.00198 2.7e-07 7.9e-09 0.0216 0.598
11 133 5 3 1 37 20 0 0.00193 2.63e-07 7.9e-09 0.0216 0.598
11 134 5 3 1 37 20 0 0.00188 2.57e-07 7.91e-09 0.0217 0.598
11 135 5 3 1 37 20 0 0.00183 2.51e-07 7.91e-09 0.0217 0.599
11 136 5 3 1 37 20 0 0.00178 2.45e-07 7.91e-09 0.0217 0.599
11 137 5 3 1 37 20 0 0.00174 2.39e-07 7.91e-09 0.0217 0.599
11 138 5 3 1 37 20 0 0.00169 2.33e-07 7.91e-09 0.0217 0.6
11 139 5 3 1 37 20 0 0.00165 2.28e-07 7.91e-09 0.0217 0.6
11 140 5 3 1 37 20 0 0.00161 2.22e-07 7.92e-09 0.0218 0.6
11 141 5 3 1 37 20 0 0.00157 2.17e-07 7.92e-09 0.0218 0.601
11 142 5 3 1 37 20 0 0.00153 2.12e-07 7.92e-09 0.0218 0.601
11 143 5 3 1 37 20 0 0.00149 2.07e-07 7.92e-09 0.0218 0.601
11 144 5 3 1 37 20 0 0.00145 2.02e-07 7.92e-09 0.0218 0.601
11 145 5 3 1 37 20 0 0.00141 1.97e-07 7.92e-09 0.0218 0.602
11 146 5 3 1 37 20 0 0.00138 1.92e-07 7.93e-09 0.0218 0.602
11 147 5 3 1 37 20 0 0.00134 1.88e-07 7.93e-09 0.0219 0.602
11 148 5 3 1 37 20 0 0.00131 1.83e-07 7.93e-09 0.0219 0.602
11 149 5 3 1 37 20 0 0.00127 1.79e-07 7.93e-09 0.0219 0.603
11 150 5 3 1 37 20 0 0.00124 1.74e-07 7.93e-09 0.0219 0.603
11 151 5 3 1 37 20 0 0.00121 1.7e-07 7.93e-09 0.0219 0.603
11 152 5 3 1 37 20 0 0.00118 1.66e-07 7.93e-09 0.0219 0.603
11 153 5 3 1 37 20 0 0.00115 1.62e-07 7.93e-09 0.0219 0.603
11 154 5 3 1 37 20 0 0.00112 1.58e-07 7.94e-09 0.0219 0.604
11 155 5 3 1 37 20 0 0.00109 1.54e-07 7.94e-09 0.022 0.604
11 156 5 3 1 37 20 0 0.00106 1.51e-07 7.94e-09 0.022 0.604
11 157 5 3 1 37 20 0 0.00104 1.47e-07 7.94e-09 0.022 0.604
11 158 5 3 1 37 20 0 0.00101 1.43e-07 7.94e-09 0.022 0.604
11 159 5 3 1 37 20 0 0.000983 1.4e-07 7.94e-09 0.022 0.605
stationary flow nc = 2 i = 159 du = 0.000983403
# Quadtree, 159 steps, 2426.03 CPU, 2437 real, 3.31e+03 points.step/s, 33 var
11 0 5 3 1 37 20 0 0 1.4e-07 7.94e-09 0 0
11 1 5 3 1 5 20 0 1 0 0 0.000699 0
11 2 5 3 1 37 21 0 0.699 4.92e-06 6.89e-09 0.00123 0.134
11 3 5 3 1 34 21 0 0.526 6.89e-06 7.56e-09 0.00171 0.193
11 4 6 2 1 32 21 0 0.425 2.41e-06 8.21e-09 0.00214 0.225
11 5 6 3 1 32 21 0 0.354 4.29e-06 7.25e-09 0.00255 0.244
11 6 6 4 1 32 21 0 0.295 5.63e-06 7.78e-09 0.00293 0.257
11 7 5 4 1 32 21 0 0.262 9.83e-06 7.65e-09 0.0033 0.269
11 8 5 4 1 32 21 0 0.229 7.32e-06 7.66e-09 0.00364 0.279
11 9 5 4 1 32 21 0 0.202 6.83e-06 7.67e-09 0.00397 0.288
11 10 5 4 1 32 21 0 0.18 6.38e-06 7.71e-09 0.00428 0.296
11 11 5 4 1 32 21 0 0.162 5.93e-06 7.77e-09 0.00458 0.303
11 12 5 4 1 32 21 0 0.146 5.49e-06 7.83e-09 0.00487 0.311
11 13 5 4 1 32 21 0 0.133 5.22e-06 7.91e-09 0.00514 0.317
11 14 5 4 1 32 21 0 0.121 5.06e-06 7.98e-09 0.00541 0.324
11 15 5 4 1 32 21 0 0.111 4.85e-06 8.06e-09 0.00566 0.33
11 16 5 4 1 32 21 0 0.102 4.62e-06 8.13e-09 0.0059 0.336
11 17 5 4 1 32 21 0 0.0941 4.38e-06 8.21e-09 0.00613 0.341
11 18 5 4 1 32 21 0 0.0871 4.13e-06 8.28e-09 0.00635 0.347
11 19 5 4 1 32 21 0 0.0808 3.88e-06 8.35e-09 0.00656 0.352
11 20 5 4 1 32 21 0 0.0752 3.64e-06 8.41e-09 0.00677 0.357
11 21 5 4 1 32 21 0 0.0701 3.4e-06 8.47e-09 0.00696 0.362
11 22 5 4 1 32 21 0 0.0655 3.18e-06 8.53e-09 0.00715 0.367
11 23 5 4 1 32 21 0 0.0613 2.96e-06 8.59e-09 0.00733 0.372
11 24 5 4 1 32 21 0 0.0575 2.75e-06 8.64e-09 0.0075 0.376
11 25 5 4 1 32 21 0 0.054 2.56e-06 8.69e-09 0.00767 0.38
11 26 5 4 1 32 21 0 0.0507 2.37e-06 8.74e-09 0.00783 0.384
11 27 5 3 1 32 21 0 0.0478 2.27e-06 8.78e-09 0.00798 0.388
11 28 5 3 1 32 21 0 0.045 2.51e-06 8.82e-09 0.00813 0.392
11 29 5 3 1 32 21 0 0.0425 2.45e-06 8.86e-09 0.00827 0.396
11 30 5 3 1 32 21 0 0.0402 2.39e-06 8.9e-09 0.00841 0.4
11 31 5 3 1 32 21 0 0.038 2.33e-06 8.93e-09 0.00854 0.403
11 32 5 3 1 32 21 0 0.036 2.27e-06 8.96e-09 0.00866 0.407
11 33 5 3 1 32 21 0 0.0341 2.21e-06 8.99e-09 0.00878 0.41
11 34 5 3 1 32 21 0 0.0323 2.15e-06 9.02e-09 0.0089 0.413
11 35 5 3 1 32 21 0 0.0306 2.09e-06 9.04e-09 0.00901 0.416
11 36 5 3 1 32 21 0 0.0291 2.04e-06 9.06e-09 0.00912 0.419
11 37 5 3 1 32 21 0 0.0276 1.98e-06 9.08e-09 0.00922 0.422
11 38 5 3 1 32 21 0 0.0263 1.93e-06 9.1e-09 0.00932 0.425
11 39 5 3 1 32 21 0 0.025 1.88e-06 9.12e-09 0.00941 0.427
11 40 5 3 1 32 21 0 0.0238 1.83e-06 9.14e-09 0.00951 0.43
11 41 5 3 1 32 21 0 0.0226 1.77e-06 9.15e-09 0.00959 0.432
11 42 5 3 1 32 21 0 0.0216 1.72e-06 9.16e-09 0.00968 0.435
11 43 5 3 1 32 21 0 0.0206 1.68e-06 9.18e-09 0.00976 0.437
11 44 5 3 1 32 21 0 0.0196 1.63e-06 9.19e-09 0.00984 0.439
11 45 5 3 1 32 21 0 0.0187 1.58e-06 9.2e-09 0.00991 0.441
11 46 5 3 1 32 21 0 0.0178 1.53e-06 9.21e-09 0.00998 0.443
11 47 5 3 1 32 21 0 0.017 1.49e-06 9.21e-09 0.0101 0.445
11 48 5 3 1 32 21 0 0.0163 1.45e-06 9.22e-09 0.0101 0.447
11 49 5 3 1 32 21 0 0.0155 1.4e-06 9.23e-09 0.0102 0.449
11 50 5 3 1 32 21 0 0.0148 1.36e-06 9.23e-09 0.0102 0.451
11 51 5 3 1 32 21 0 0.0142 1.32e-06 9.24e-09 0.0103 0.452
11 52 5 3 1 32 21 0 0.0136 1.28e-06 9.24e-09 0.0104 0.454
11 53 5 3 1 32 21 0 0.013 1.24e-06 9.24e-09 0.0104 0.456
11 54 5 3 1 32 21 0 0.0124 1.2e-06 9.25e-09 0.0105 0.457
11 55 5 3 1 32 21 0 0.0119 1.17e-06 9.25e-09 0.0105 0.459
11 56 5 3 1 32 21 0 0.0114 1.13e-06 9.25e-09 0.0106 0.46
11 57 5 3 1 32 21 0 0.0109 1.1e-06 9.25e-09 0.0106 0.461
11 58 5 3 1 32 21 0 0.0104 1.06e-06 9.25e-09 0.0107 0.463
11 59 5 3 1 32 21 0 0.00996 1.03e-06 9.25e-09 0.0107 0.464
11 60 5 3 1 32 21 0 0.00954 9.97e-07 9.25e-09 0.0107 0.465
11 61 5 3 1 32 21 0 0.00914 9.65e-07 9.25e-09 0.0108 0.466
11 62 5 3 1 32 21 0 0.00875 9.35e-07 9.25e-09 0.0108 0.467
11 63 5 3 1 32 21 0 0.00838 9.05e-07 9.25e-09 0.0109 0.469
11 64 5 3 1 32 21 0 0.00803 8.76e-07 9.25e-09 0.0109 0.47
11 65 5 3 1 32 21 0 0.0077 8.48e-07 9.25e-09 0.0109 0.471
11 66 5 3 1 32 21 0 0.00738 8.21e-07 9.24e-09 0.011 0.472
11 67 5 3 1 32 21 0 0.00708 7.95e-07 9.24e-09 0.011 0.472
11 68 5 3 1 32 21 0 0.00678 7.69e-07 9.24e-09 0.011 0.473
11 69 5 3 1 32 21 0 0.00651 7.44e-07 9.24e-09 0.011 0.474
11 70 5 3 1 32 21 0 0.00624 7.2e-07 9.24e-09 0.0111 0.475
11 71 5 3 1 32 21 0 0.00598 6.96e-07 9.23e-09 0.0111 0.476
11 72 5 3 1 32 21 0 0.00574 6.73e-07 9.23e-09 0.0111 0.477
11 73 5 3 1 32 21 0 0.00551 6.51e-07 9.23e-09 0.0112 0.477
11 74 5 3 1 32 21 0 0.00528 6.3e-07 9.22e-09 0.0112 0.478
11 75 5 3 1 32 21 0 0.00507 6.09e-07 9.22e-09 0.0112 0.479
11 76 5 3 1 32 21 0 0.00486 5.89e-07 9.22e-09 0.0112 0.479
11 77 5 3 1 32 21 0 0.00467 5.7e-07 9.22e-09 0.0112 0.48
11 78 5 3 1 32 21 0 0.00448 5.51e-07 9.21e-09 0.0113 0.481
11 79 5 3 1 32 21 0 0.0043 5.32e-07 9.21e-09 0.0113 0.481
11 80 5 3 1 32 21 0 0.00413 5.15e-07 9.21e-09 0.0113 0.482
11 81 5 3 1 32 21 0 0.0134 4.97e-07 9.2e-09 0.0113 0.482
11 82 5 3 1 32 21 0 0.0228 4.66e-06 9.2e-09 0.0113 0.494
11 83 5 3 1 32 21 0 0.0218 5.34e-06 9.19e-09 0.0113 0.485
11 84 5 3 1 32 21 0 0.0124 8.86e-07 9.18e-09 0.0114 0.485
11 85 5 3 1 32 21 0 0.00812 6.5e-07 9.18e-09 0.0114 0.485
11 86 5 3 1 32 21 0 0.00597 5.19e-07 9.17e-09 0.0114 0.485
11 87 5 3 1 32 21 0 0.00479 4.49e-07 9.17e-09 0.0114 0.485
11 88 5 3 1 32 21 0 0.00408 4.09e-07 9.17e-09 0.0114 0.486
11 89 5 3 1 32 21 0 0.00362 3.82e-07 9.17e-09 0.0114 0.486
11 90 5 3 1 32 21 0 0.0033 3.62e-07 9.16e-09 0.0114 0.486
11 91 5 3 1 32 21 0 0.00775 3.47e-07 9.16e-09 0.0114 0.487
11 92 5 3 1 32 21 0 0.0219 4.76e-06 9.16e-09 0.0114 0.498
11 93 5 3 1 32 21 0 0.0209 5.38e-06 9.15e-09 0.0115 0.489
11 94 5 3 1 32 21 0 0.0115 7.83e-07 9.14e-09 0.0115 0.489
11 95 5 3 1 32 21 0 0.00722 5.78e-07 9.14e-09 0.0115 0.489
11 96 5 3 1 32 21 0 0.00508 4.03e-07 9.13e-09 0.0115 0.489
11 97 5 3 1 32 21 0 0.00392 3.26e-07 9.13e-09 0.0115 0.489
11 98 5 3 1 32 21 0 0.00324 2.9e-07 9.13e-09 0.0115 0.489
11 99 5 3 1 32 21 0 0.00281 2.67e-07 9.13e-09 0.0115 0.489
11 100 5 3 1 32 21 0 0.00252 2.52e-07 9.13e-09 0.0115 0.489
11 101 5 3 1 32 21 0 0.00539 2.4e-07 9.13e-09 0.0115 0.489
11 102 5 3 1 32 21 0 0.0213 4.82e-06 9.12e-09 0.0115 0.501
11 103 5 3 1 32 21 0 0.0202 5.42e-06 9.11e-09 0.0115 0.492
11 104 5 3 1 32 21 0 0.0109 7.78e-07 9.11e-09 0.0115 0.491
11 105 5 3 1 32 21 0 0.00658 5.72e-07 9.11e-09 0.0116 0.491
11 106 5 3 1 32 21 0 0.00447 3.96e-07 9.1e-09 0.0116 0.491
11 107 5 3 1 32 21 0 0.00333 2.66e-07 9.1e-09 0.0116 0.491
11 108 5 3 1 32 21 0 0.00267 2.07e-07 9.1e-09 0.0116 0.491
11 109 5 3 1 32 21 0 0.00226 1.88e-07 9.1e-09 0.0116 0.491
11 110 5 3 1 32 21 0 0.00199 1.76e-07 9.1e-09 0.0116 0.491
11 111 5 3 1 32 21 0 0.00381 1.67e-07 9.1e-09 0.0116 0.491
11 112 5 3 1 32 21 0 0.0208 4.86e-06 9.1e-09 0.0116 0.503
11 113 5 3 1 32 21 0 0.0198 5.44e-06 9.09e-09 0.0116 0.494
11 114 5 3 1 32 21 0 0.0104 7.77e-07 9.08e-09 0.0116 0.493
11 115 5 3 1 32 21 0 0.00615 5.7e-07 9.08e-09 0.0116 0.493
11 116 5 3 1 32 21 0 0.00405 3.93e-07 9.08e-09 0.0116 0.492
11 117 5 3 1 32 21 0 0.00293 2.62e-07 9.08e-09 0.0116 0.492
11 118 5 3 1 32 21 0 0.00228 1.69e-07 9.08e-09 0.0116 0.492
11 119 5 3 1 32 21 0 0.00189 1.33e-07 9.08e-09 0.0116 0.492
11 120 5 3 1 32 21 0 0.00163 1.23e-07 9.08e-09 0.0116 0.493
11 121 5 3 1 32 21 0 0.00275 1.16e-07 9.08e-09 0.0116 0.493
11 122 5 3 1 32 21 0 0.0205 4.89e-06 9.07e-09 0.0116 0.504
11 123 5 3 1 32 21 0 0.0195 5.46e-06 9.07e-09 0.0116 0.495
11 124 5 3 1 32 21 0 0.0101 7.85e-07 9.06e-09 0.0116 0.494
11 125 5 3 1 32 21 0 0.00586 5.69e-07 9.06e-09 0.0116 0.494
11 126 5 3 1 32 21 0 0.00377 3.92e-07 9.06e-09 0.0116 0.494
11 127 5 3 1 32 21 0 0.00266 2.61e-07 9.06e-09 0.0116 0.493
11 128 5 3 1 32 21 0 0.00203 1.67e-07 9.06e-09 0.0117 0.493
11 129 5 3 1 32 21 0 0.00164 1.03e-07 9.06e-09 0.0117 0.493
11 130 5 3 1 32 21 0 0.00139 8.63e-08 9.06e-09 0.0117 0.493
11 131 5 3 1 32 21 0 0.00203 8.09e-08 9.06e-09 0.0117 0.494
11 132 5 3 1 32 21 0 0.0247 4.91e-06 9.06e-09 0.0117 0.505
11 133 5 3 1 32 21 0 0.00424 1.95e-06 9.09e-09 0.0117 0.499
11 134 5 3 1 32 21 0 0.00188 6.13e-07 9.1e-09 0.0117 0.498
11 135 5 3 1 32 21 0 0.00113 2.55e-07 9.1e-09 0.0117 0.497
11 136 5 3 1 32 21 0 0.000836 1.65e-07 9.1e-09 0.0117 0.497
stationary flow nc = 3 i = 136 du = 0.000836315
# Quadtree, 136 steps, 2338.5 CPU, 2349 real, 3.58e+03 points.step/s, 33 var
11 0 5 3 1 32 21 0 0 1.65e-07 9.1e-09 0 0
11 1 5 3 1 5 21 0 1 0 0 0.000599 0
11 2 5 3 1 34 22 0 0.75 4.68e-06 8.45e-09 0.00102 0.13
11 3 5 3 1 31 22 0 0.581 5.77e-06 6.49e-09 0.00137 0.184
11 4 6 3 1 29 22 0 0.466 1.7e-06 6.64e-09 0.00169 0.213
11 5 5 3 1 28 22 0 0.38 7.39e-06 9.72e-09 0.00198 0.231
11 6 5 3 1 28 22 0 0.304 5.53e-06 9.67e-09 0.00224 0.244
11 7 5 3 1 28 22 0 0.272 4.22e-06 9.19e-09 0.00249 0.257
11 8 5 3 1 28 22 0 0.232 3.78e-06 8.97e-09 0.00272 0.267
11 9 5 3 1 28 22 0 0.199 3.46e-06 8.86e-09 0.00293 0.276
11 10 5 3 1 28 22 0 0.174 3.21e-06 8.82e-09 0.00313 0.285
11 11 5 3 1 28 22 0 0.153 3.02e-06 8.8e-09 0.00332 0.293
11 12 5 3 1 28 22 0 0.136 2.85e-06 8.82e-09 0.00349 0.3
11 13 5 3 1 28 22 0 0.121 2.73e-06 8.84e-09 0.00365 0.307
11 14 5 3 1 28 22 0 0.109 2.67e-06 8.88e-09 0.00381 0.314
11 15 5 3 1 28 22 0 0.0983 2.61e-06 8.92e-09 0.00395 0.32
11 16 5 3 1 28 22 0 0.089 2.55e-06 8.96e-09 0.00409 0.326
11 17 5 3 1 28 22 0 0.0809 2.5e-06 9.01e-09 0.00421 0.332
11 18 5 3 1 28 22 0 0.0737 2.44e-06 9.06e-09 0.00433 0.338
11 19 5 3 1 28 22 0 0.0673 2.39e-06 9.12e-09 0.00444 0.343
11 20 5 3 1 28 22 0 0.0617 2.34e-06 9.17e-09 0.00454 0.348
11 21 5 3 1 28 22 0 0.0566 2.28e-06 9.22e-09 0.00464 0.352
11 22 5 3 1 28 22 0 0.0521 2.23e-06 9.27e-09 0.00473 0.357
11 23 5 3 1 28 22 0 0.048 2.17e-06 9.32e-09 0.00482 0.361
11 24 5 3 1 28 22 0 0.0443 2.12e-06 9.36e-09 0.0049 0.365
11 25 5 3 1 28 22 0 0.0409 2.06e-06 9.41e-09 0.00498 0.368
11 26 5 3 1 28 22 0 0.0378 2.01e-06 9.45e-09 0.00505 0.372
11 27 5 3 1 28 22 0 0.0351 1.95e-06 9.5e-09 0.00511 0.375
11 28 5 3 1 28 22 0 0.0325 1.89e-06 9.54e-09 0.00518 0.378
11 29 5 3 1 28 22 0 0.0302 1.84e-06 9.57e-09 0.00524 0.381
11 30 5 3 1 28 22 0 0.028 1.79e-06 9.61e-09 0.00529 0.384
11 31 5 3 1 28 22 0 0.0799 1.73e-06 9.64e-09 0.00533 0.386
11 32 5 3 1 28 22 0 0.0702 5.46e-06 9.66e-09 0.00537 0.402
11 33 5 3 1 28 22 0 0.0292 2.69e-06 9.27e-09 0.00542 0.398
11 34 5 3 1 28 22 0 0.023 1.89e-06 9.74e-09 0.00546 0.398
11 35 5 3 1 28 22 0 0.0203 1.65e-06 9.8e-09 0.0055 0.399
11 36 5 3 1 28 22 0 0.0187 1.53e-06 9.82e-09 0.00553 0.401
11 37 5 3 1 28 22 0 0.0174 1.45e-06 9.84e-09 0.00557 0.403
11 38 5 3 1 28 22 0 0.0161 1.39e-06 9.86e-09 0.0056 0.404
11 39 5 3 1 28 22 0 0.015 1.34e-06 9.88e-09 0.00563 0.406
11 40 5 3 1 28 22 0 0.014 1.29e-06 9.9e-09 0.00566 0.407
11 41 5 3 1 28 22 0 0.0894 1.24e-06 9.91e-09 0.00567 0.409
11 42 6 3 1 28 22 0 0.0536 1.85e-06 9.83e-09 0.0057 0.413
11 43 5 3 1 28 22 0 0.0364 9.91e-06 9.51e-09 0.00572 0.405
11 44 5 3 1 29 22 0 0.0299 2.36e-06 6.27e-09 0.00575 0.408
11 45 5 3 1 28 22 0 0.0193 1.27e-06 9.94e-09 0.00577 0.409
11 46 5 3 1 28 22 0 0.0143 8.88e-07 9.96e-09 0.0058 0.41
11 47 5 3 1 28 22 0 0.0118 9.17e-07 9.98e-09 0.00582 0.411
11 48 5 3 1 28 22 0 0.0102 9.09e-07 1e-08 0.00584 0.412
11 49 5 3 1 29 22 0 0.00937 8.86e-07 6.21e-09 0.00586 0.413
11 50 5 3 1 29 22 0 0.00866 8.58e-07 6.22e-09 0.00588 0.414
11 51 5 3 1 29 22 0 0.0121 8.29e-07 6.22e-09 0.00588 0.415
11 52 5 3 1 29 22 0 0.0552 6.69e-06 6.22e-09 0.00589 0.43
11 53 5 3 1 28 22 0 0.0147 2.4e-06 9.54e-09 0.0059 0.424
11 54 5 3 1 29 22 0 0.00886 1.4e-06 6.24e-09 0.00591 0.422
11 55 5 3 1 29 22 0 0.00676 9.13e-07 6.26e-09 0.00592 0.422
11 56 5 3 1 29 22 0 0.00585 7.27e-07 6.26e-09 0.00593 0.422
11 57 5 3 1 29 22 0 0.00529 6.68e-07 6.26e-09 0.00595 0.423
11 58 5 3 1 29 22 0 0.00487 6.3e-07 6.26e-09 0.00596 0.423
11 59 5 3 1 29 22 0 0.00451 6.01e-07 6.26e-09 0.00597 0.424
11 60 5 3 1 29 22 0 0.00419 5.77e-07 6.26e-09 0.00598 0.424
11 61 5 3 1 29 22 0 0.0341 5.54e-07 6.26e-09 0.00597 0.425
11 62 6 3 1 28 22 0 0.0457 1.93e-06 9.99e-09 0.00597 0.429
11 63 6 3 1 28 22 0 0.0291 1.59e-06 9.63e-09 0.00598 0.418
11 64 5 4 1 29 22 0 0.0231 2.27e-06 6.36e-09 0.00599 0.421
11 65 5 4 1 29 22 0 0.0128 8.7e-07 6.25e-09 0.006 0.421
11 66 5 4 1 29 22 0 0.00822 4.86e-07 6.25e-09 0.00601 0.422
11 67 5 4 1 29 22 0 0.006 2.81e-07 6.26e-09 0.00602 0.422
11 68 5 4 1 29 22 0 0.00483 1.71e-07 6.26e-09 0.00603 0.422
11 69 5 4 1 29 22 0 0.00417 1.76e-07 6.26e-09 0.00604 0.423
11 70 5 4 1 29 22 0 0.0038 1.76e-07 6.26e-09 0.00604 0.423
11 71 5 4 1 29 22 0 0.00349 1.72e-07 6.26e-09 0.00603 0.423
11 72 5 4 1 29 22 0 0.0514 6.76e-06 6.25e-09 0.00603 0.439
11 73 5 5 1 28 22 0 0.011 2.46e-06 9.58e-09 0.00604 0.432
11 74 5 6 1 29 22 0 0.00536 8.85e-07 6.27e-09 0.00604 0.43
11 75 5 6 1 29 22 0 0.0033 4.14e-07 6.29e-09 0.00605 0.429
11 76 5 6 1 29 22 0 0.00256 2.58e-07 6.28e-09 0.00605 0.429
11 77 5 6 1 29 22 0 0.00217 1.8e-07 6.28e-09 0.00605 0.429
11 78 5 6 1 29 22 0 0.00191 1.34e-07 6.28e-09 0.00606 0.429
11 79 5 6 1 29 22 0 0.00172 1.05e-07 6.28e-09 0.00606 0.429
11 80 5 6 1 29 22 0 0.00157 8.6e-08 6.27e-09 0.00607 0.429
11 81 5 6 1 29 22 0 0.0197 7.24e-08 6.27e-09 0.00605 0.429
11 82 5 6 1 28 22 0 0.0436 3.31e-06 1e-08 0.00605 0.431
11 83 5 6 1 28 22 0 0.0272 3.6e-06 9.63e-09 0.00605 0.422
11 84 5 7 1 29 22 0 0.0213 7.71e-07 6.37e-09 0.00606 0.424
11 85 5 7 1 29 22 0 0.0111 3.33e-07 6.25e-09 0.00607 0.424
11 86 5 7 1 29 22 0 0.00654 1.99e-07 6.25e-09 0.00607 0.425
11 87 5 7 1 29 22 0 0.00442 1.28e-07 6.26e-09 0.00608 0.425
11 88 5 7 1 29 22 0 0.00335 9.32e-08 6.26e-09 0.00608 0.425
11 89 5 7 1 29 22 0 0.00275 7.24e-08 6.26e-09 0.00609 0.425
11 90 5 7 1 29 22 0 0.00245 5.59e-08 6.26e-09 0.00609 0.425
11 91 5 7 1 29 22 0 0.00581 4.29e-08 6.26e-09 0.00608 0.425
11 92 5 7 1 29 22 0 0.0504 2.58e-06 6.25e-09 0.00608 0.441
11 93 5 7 1 28 22 0 0.00993 1.5e-06 9.56e-09 0.00608 0.434
11 94 5 8 1 29 22 0 0.00438 5.66e-07 6.26e-09 0.00608 0.431
11 95 5 9 1 29 22 0 0.00238 2.74e-07 6.28e-09 0.00608 0.43
11 96 5 9 1 29 22 0 0.00164 1.74e-07 6.28e-09 0.00608 0.43
11 97 5 9 1 29 22 0 0.0013 1.17e-07 6.27e-09 0.00609 0.43
11 98 5 9 1 29 22 0 0.0011 8.22e-08 6.27e-09 0.00609 0.43
11 99 5 9 1 29 22 0 0.000958 6.01e-08 6.27e-09 0.00609 0.43
stationary flow nc = 4 i = 99 du = 0.000957725
# Quadtree, 99 steps, 1743.97 CPU, 1755 real, 4.02e+03 points.step/s, 33 var
11 0 5 9 1 29 22 0 0 6.01e-08 6.27e-09 0 0
11 1 5 9 1 5 22 0 1 0 0 0.000499 0
11 2 5 8 1 30 23 0 0.789 1.67e-06 7.69e-09 0.000808 0.123
11 3 5 8 1 27 23 0 0.606 2.1e-06 9.45e-09 0.00106 0.178
11 4 5 8 1 26 23 0 0.47 2.62e-06 7.55e-09 0.00127 0.208
11 5 5 8 1 26 23 0 0.364 6.54e-06 6.9e-09 0.00146 0.228
11 6 5 8 1 26 23 0 0.306 1.64e-06 6.93e-09 0.00163 0.243
11 7 5 8 1 26 23 0 0.247 1.94e-06 6.82e-09 0.00177 0.257
11 8 5 8 1 26 23 0 0.204 1.67e-06 6.81e-09 0.0019 0.268
11 9 5 8 1 26 23 0 0.17 1.45e-06 6.79e-09 0.00202 0.278
11 10 5 8 1 26 23 0 0.144 1.27e-06 6.77e-09 0.00212 0.288
11 11 5 8 1 26 23 0 0.123 1.13e-06 6.76e-09 0.00221 0.296
11 12 5 8 1 26 23 0 0.106 1e-06 6.75e-09 0.00229 0.304
11 13 5 8 1 26 23 0 0.0916 8.93e-07 6.73e-09 0.00237 0.31
11 14 5 8 1 26 23 0 0.0796 7.94e-07 6.71e-09 0.00243 0.317
11 15 5 8 1 26 23 0 0.0695 7.04e-07 6.68e-09 0.00249 0.322
11 16 5 8 1 26 23 0 0.0608 6.3e-07 6.66e-09 0.00255 0.328
11 17 5 7 1 26 23 0 0.0535 6.6e-07 6.63e-09 0.00259 0.332
11 18 5 7 1 26 23 0 0.0471 6.08e-07 6.59e-09 0.00264 0.336
11 19 5 6 1 26 23 0 0.0416 6.48e-07 6.56e-09 0.00268 0.34
11 20 5 5 1 26 23 0 0.0368 6.83e-07 6.52e-09 0.00271 0.344
11 21 5 5 1 26 23 0 0.0327 6.57e-07 6.49e-09 0.00274 0.347
11 22 5 5 1 26 23 0 0.029 6.41e-07 6.45e-09 0.00277 0.35
11 23 5 5 1 26 23 0 0.0258 6.24e-07 6.41e-09 0.0028 0.353
11 24 5 5 1 26 23 0 0.023 6.06e-07 6.37e-09 0.00282 0.355
11 25 5 4 1 26 23 0 0.0205 6.7e-07 6.33e-09 0.00284 0.357
11 26 5 4 1 26 23 0 0.0183 9.71e-07 6.29e-09 0.00286 0.359
11 27 5 4 1 26 23 0 0.0164 9.32e-07 6.25e-09 0.00287 0.361
11 28 5 4 1 26 23 0 0.0147 8.94e-07 6.21e-09 0.00289 0.363
11 29 5 4 1 26 23 0 0.0131 8.57e-07 6.17e-09 0.0029 0.364
11 30 5 4 1 26 23 0 0.0118 8.21e-07 6.13e-09 0.00291 0.366
11 31 5 4 1 26 23 0 0.0105 7.86e-07 6.09e-09 0.00293 0.367
11 32 5 4 1 26 23 0 0.00946 7.52e-07 6.06e-09 0.00294 0.368
11 33 5 4 1 26 23 0 0.0085 7.19e-07 6.02e-09 0.00294 0.369
11 34 5 4 1 26 23 0 0.00763 6.88e-07 5.98e-09 0.00295 0.37
11 35 5 4 1 26 23 0 0.00686 6.57e-07 5.95e-09 0.00296 0.371
11 36 5 4 1 26 23 0 0.00617 6.27e-07 5.91e-09 0.00297 0.371
11 37 5 4 1 26 23 0 0.00555 5.99e-07 5.88e-09 0.00297 0.372
11 38 5 4 1 26 23 0 0.005 5.72e-07 5.85e-09 0.00298 0.373
11 39 5 4 1 26 23 0 0.0045 5.45e-07 5.82e-09 0.00298 0.373
11 40 5 4 1 26 23 0 0.00405 5.2e-07 5.79e-09 0.00299 0.374
11 41 5 4 1 26 23 0 0.00365 4.96e-07 5.76e-09 0.00299 0.374
11 42 5 4 1 26 23 0 0.00329 4.73e-07 5.73e-09 0.00299 0.375
11 43 5 4 1 26 23 0 0.00297 4.51e-07 5.71e-09 0.003 0.375
11 44 5 4 1 26 23 0 0.00268 4.3e-07 5.68e-09 0.003 0.376
11 45 5 4 1 26 23 0 0.00242 4.1e-07 5.66e-09 0.003 0.376
11 46 5 4 1 25 23 0 0.00218 3.91e-07 9.98e-09 0.00301 0.376
11 47 5 4 1 25 23 0 0.00197 3.72e-07 9.94e-09 0.00301 0.376
11 48 5 4 1 25 23 0 0.00178 3.55e-07 9.9e-09 0.00301 0.377
11 49 5 4 1 25 23 0 0.00161 3.38e-07 9.86e-09 0.00301 0.377
11 50 5 4 1 25 23 0 0.00145 3.22e-07 9.82e-09 0.00301 0.377
11 51 5 4 1 25 23 0 0.00131 3.07e-07 9.79e-09 0.00302 0.377
11 52 5 4 1 25 23 0 0.00119 2.92e-07 9.76e-09 0.00302 0.378
11 53 5 4 1 25 23 0 0.00107 2.78e-07 9.72e-09 0.00302 0.378
11 54 5 4 1 25 23 0 0.000973 2.65e-07 9.69e-09 0.00302 0.378
stationary flow nc = 5 i = 54 du = 0.000972989
# Quadtree, 54 steps, 1105.63 CPU, 1115 real, 3.98e+03 points.step/s, 33 var
11 0 5 4 1 25 23 0 0 2.65e-07 9.69e-09 0 0
11 1 5 4 1 5 23 0 1 0 0 0.000399 0
11 2 5 3 1 32 24 0 0.747 2.84e-06 8.53e-09 0.000613 0.118
11 3 5 3 1 26 24 0 0.528 5.76e-06 6.84e-09 0.000773 0.178
11 4 6 3 1 24 24 0 0.376 2.91e-06 5.72e-09 0.000898 0.215
11 5 6 4 1 23 24 0 0.268 2.74e-06 8.71e-09 0.000998 0.239
11 6 6 4 1 23 24 0 0.233 2.2e-06 9.25e-09 0.00108 0.255
11 7 5 4 1 23 24 0 0.166 5.9e-06 8.83e-09 0.00115 0.27
11 8 5 4 1 23 24 0 0.127 5.4e-06 8.64e-09 0.0012 0.282
11 9 5 4 1 23 24 0 0.0996 4.76e-06 8.47e-09 0.00125 0.291
11 10 5 4 1 23 24 0 0.0792 4.12e-06 8.33e-09 0.00129 0.3
11 11 5 4 1 23 24 0 0.0636 3.53e-06 8.2e-09 0.00132 0.306
11 12 5 4 1 23 24 0 0.0516 3e-06 8.07e-09 0.00134 0.312
11 13 5 4 1 23 24 0 0.0421 2.59e-06 7.95e-09 0.00136 0.317
11 14 5 4 1 23 24 0 0.0345 2.24e-06 7.83e-09 0.00138 0.321
11 15 5 4 1 23 24 0 0.0284 1.94e-06 7.73e-09 0.0014 0.324
11 16 5 4 1 23 24 0 0.0235 1.69e-06 7.63e-09 0.00141 0.327
11 17 5 4 1 23 24 0 0.0197 1.5e-06 7.53e-09 0.00142 0.33
11 18 5 4 1 23 24 0 0.0168 1.42e-06 7.44e-09 0.00143 0.332
11 19 5 4 1 23 24 0 0.0144 1.34e-06 7.35e-09 0.00144 0.334
11 20 5 4 1 23 24 0 0.0123 1.27e-06 7.26e-09 0.00144 0.335
11 21 5 4 1 23 24 0 0.0105 1.23e-06 7.17e-09 0.00145 0.337
11 22 5 4 1 23 24 0 0.00902 1.19e-06 7.09e-09 0.00145 0.338
11 23 5 4 1 23 24 0 0.00773 1.15e-06 7.01e-09 0.00146 0.339
11 24 5 4 1 23 24 0 0.00663 1.1e-06 6.93e-09 0.00146 0.34
11 25 5 4 1 23 24 0 0.0057 1.04e-06 6.86e-09 0.00146 0.34
11 26 5 4 1 23 24 0 0.0049 9.88e-07 6.78e-09 0.00147 0.341
11 27 5 4 1 23 24 0 0.00422 9.33e-07 6.72e-09 0.00147 0.342
11 28 5 4 1 23 24 0 0.00364 8.79e-07 6.65e-09 0.00147 0.342
11 29 5 4 1 23 24 0 0.00314 8.26e-07 6.59e-09 0.00147 0.343
11 30 5 4 1 23 24 0 0.00272 7.74e-07 6.53e-09 0.00147 0.343
11 31 5 4 1 23 24 0 0.00236 7.25e-07 6.47e-09 0.00147 0.343
11 32 5 4 1 23 24 0 0.00205 6.78e-07 6.41e-09 0.00147 0.344
11 33 5 4 1 23 24 0 0.00178 6.33e-07 6.36e-09 0.00147 0.344
11 34 5 4 1 23 24 0 0.00155 5.9e-07 6.31e-09 0.00148 0.344
11 35 5 4 1 23 24 0 0.00136 5.5e-07 6.26e-09 0.00148 0.344
11 36 5 4 1 23 24 0 0.00119 5.12e-07 6.22e-09 0.00148 0.344
11 37 5 4 1 23 24 0 0.00104 4.76e-07 6.17e-09 0.00148 0.345
11 38 5 4 1 23 24 0 0.000919 4.42e-07 6.13e-09 0.00148 0.345
stationary flow nc = 6 i = 38 du = 0.000919195
# Quadtree, 38 steps, 787.316 CPU, 795.6 real, 4.34e+03 points.step/s, 33 var
11 0 5 4 1 23 24 0 0 4.42e-07 6.13e-09 0 0
11 1 5 4 1 5 24 0 1 0 0 0.000299 0
11 2 5 4 1 30 25 0 0.631 2.03e-06 6.82e-09 0.000433 0.11
11 3 5 4 1 26 25 0 0.396 2.57e-06 6.97e-09 0.00052 0.172
11 4 5 4 1 24 25 0 0.258 3.11e-06 6.59e-09 0.00058 0.21
11 5 5 4 1 23 25 0 0.18 4.95e-06 9.84e-09 0.000623 0.235
11 6 5 4 1 23 25 0 0.152 3.09e-06 8.74e-09 0.000653 0.252
11 7 5 4 1 23 25 0 0.0943 2.53e-06 8.13e-09 0.000675 0.265
11 8 5 3 1 23 25 0 0.0662 2.24e-06 7.78e-09 0.000691 0.274
11 9 5 3 1 23 25 0 0.0506 2.84e-06 7.51e-09 0.000703 0.281
11 10 5 3 1 23 25 0 0.0404 2.56e-06 7.3e-09 0.000712 0.286
11 11 5 3 1 23 25 0 0.0324 2.32e-06 7.13e-09 0.000719 0.29
11 12 5 3 1 23 25 0 0.0261 2.11e-06 6.99e-09 0.000725 0.293
11 13 5 3 1 23 25 0 0.0211 1.92e-06 6.86e-09 0.000729 0.296
11 14 5 3 1 23 25 0 0.017 1.76e-06 6.75e-09 0.000732 0.298
11 15 5 3 1 23 25 0 0.0138 1.63e-06 6.65e-09 0.000735 0.299
11 16 5 3 1 23 25 0 0.0113 1.5e-06 6.55e-09 0.000737 0.301
11 17 5 3 1 23 25 0 0.00919 1.39e-06 6.46e-09 0.000739 0.302
11 18 5 3 1 25 24 0 0.00753 1.3e-06 6.96e-09 0.00074 0.302
11 19 5 3 1 27 23 0 0.00619 1.21e-06 9.9e-09 0.000742 0.303
11 20 5 3 1 28 23 0 0.00512 1.13e-06 6.11e-09 0.000743 0.304
11 21 5 3 1 27 23 0 0.00425 1.06e-06 9.97e-09 0.000744 0.304
11 22 5 3 1 27 23 0 0.00354 9.95e-07 9.85e-09 0.000744 0.304
11 23 5 3 1 27 23 0 0.00297 9.36e-07 9.74e-09 0.000745 0.305
11 24 5 3 1 27 23 0 0.00251 8.81e-07 9.63e-09 0.000745 0.305
11 25 5 3 1 27 23 0 0.00213 8.31e-07 9.53e-09 0.000746 0.305
11 26 5 3 1 27 23 0 0.00181 7.84e-07 9.43e-09 0.000746 0.305
11 27 5 3 1 27 23 0 0.00156 7.41e-07 9.34e-09 0.000747 0.306
11 28 5 3 1 27 23 0 0.00134 7.01e-07 9.26e-09 0.000747 0.306
11 29 5 3 1 27 23 0 0.00117 6.64e-07 9.17e-09 0.000747 0.306
11 30 5 3 1 27 23 0 0.00102 6.29e-07 9.1e-09 0.000747 0.306
11 31 5 3 1 27 23 0 0.000898 5.96e-07 9.03e-09 0.000748 0.306
stationary flow nc = 7 i = 31 du = 0.000898362
# Quadtree, 31 steps, 729.15 CPU, 736.3 real, 4.18e+03 points.step/s, 33 var
11 0 5 3 1 27 23 0 0 5.96e-07 9.03e-09 0 0
11 1 5 3 1 5 23 0 1 0 0 0.000249 0
11 2 5 3 1 35 24 0 0.587 4.5e-06 6.86e-09 0.000352 0.104
11 3 5 3 1 29 24 0 0.353 5.74e-06 8.61e-09 0.000415 0.163
11 4 5 3 1 27 24 0 0.222 7.07e-06 6.95e-09 0.000457 0.198
11 5 5 3 1 27 24 0 0.149 7.14e-06 5.98e-09 0.000485 0.221
11 6 5 3 1 26 24 0 0.121 5.51e-06 9.18e-09 0.000504 0.236
11 7 5 3 1 26 24 0 0.077 3.7e-06 8.62e-09 0.000518 0.246
11 8 5 3 1 26 24 0 0.0572 3.42e-06 8.26e-09 0.000528 0.254
11 9 5 3 1 26 24 0 0.044 3.14e-06 7.97e-09 0.000535 0.259
11 10 5 3 1 26 24 0 0.0342 2.91e-06 7.73e-09 0.00054 0.263
11 11 5 3 1 26 24 0 0.0268 2.7e-06 7.51e-09 0.000544 0.266
11 12 5 3 1 26 24 0 0.0211 2.5e-06 7.32e-09 0.000547 0.269
11 13 5 3 1 26 24 0 0.0166 2.31e-06 7.14e-09 0.000549 0.27
11 14 5 3 1 29 23 0 0.0132 2.15e-06 6.74e-09 0.000551 0.272
11 15 5 3 1 32 22 0 0.0105 2e-06 9.51e-09 0.000553 0.273
11 16 5 3 1 37 21 0 0.00842 1.87e-06 9.75e-09 0.000554 0.274
11 17 5 3 1 45 20 0 0.00679 1.74e-06 7.86e-09 0.000555 0.275
11 18 5 3 1 56 19 0 0.00551 1.63e-06 8.91e-09 0.000556 0.275
11 19 5 3 1 59 19 0 0.0045 1.53e-06 8.56e-09 0.000556 0.276
11 20 5 3 1 59 19 0 0.0037 1.43e-06 8.43e-09 0.000557 0.276
11 21 5 3 1 59 19 0 0.00307 1.34e-06 8.3e-09 0.000557 0.277
11 22 5 3 1 59 19 0 0.00256 1.26e-06 8.18e-09 0.000558 0.277
11 23 5 3 1 56 19 0 0.00216 1.19e-06 8.63e-09 0.000558 0.277
11 24 5 3 1 56 19 0 0.00183 1.12e-06 8.51e-09 0.000558 0.278
11 25 5 3 1 56 19 0 0.00157 1.06e-06 8.39e-09 0.000559 0.278
11 26 5 3 1 56 19 0 0.00135 9.96e-07 8.29e-09 0.000559 0.278
11 27 5 3 1 56 19 0 0.00117 9.4e-07 8.19e-09 0.000559 0.278
11 28 5 3 1 56 19 0 0.00103 8.87e-07 8.09e-09 0.000559 0.279
11 29 5 3 1 56 19 0 0.000906 8.38e-07 8e-09 0.000559 0.279
stationary flow nc = 8 i = 29 du = 0.000906362
# Quadtree, 29 steps, 965.447 CPU, 972.6 real, 3.09e+03 points.step/s, 33 var
