t dt mgp.i mgp.nrelax mgpf.i mgpf.nrelax mgu.i mgu.nrelax grid->tn perf.t perf.speed npe
0 0.00142045 0 0 0 0 0 0 48343 0 0 1
0.00142045 0.00142045 5 4 0 0 0 0 43884 1.47607 29730.3 1
0.00412602 0.00270557 6 3 0 0 0 0 43807 2.34556 37386 1
0.00726905 0.00314302 5 3 0 0 0 0 44192 3.21113 41070.6 1
0.0107937 0.00352466 5 3 0 0 0 0 44570 3.97363 44406 1
0.0146583 0.00386455 5 3 0 0 0 0 44766 4.85363 45578 1
0.018826 0.00416772 4 3 0 0 0 0 45088 5.58543 47678.9 1
0.0232637 0.00443775 4 3 0 0 0 0 45368 6.29438 49516.4 1
0.027943 0.00467924 5 2 0 0 0 0 45466 7.08726 50392 1
0.0328428 0.0048998 5 2 0 0 0 0 45529 7.74529 51989 1
0.037942 0.0050992 5 2 0 0 0 0 45585 8.42516 53204.3 1
