eta_s=1e-05 maxlevel=1010 0 0 0 0 0 0 0 0 0 0 0 0
10 1 5 4 1 5 4 0 1 0 0 0.00095 0
10 2 5 3 1 26 4 0 0.739 4.65e-06 7.71e-09 0.00179 0.148
10 3 5 3 1 27 4 0 0.504 7.79e-06 8.24e-09 0.00259 0.229
10 4 5 3 1 27 4 0 0.367 6.99e-06 7.6e-09 0.00337 0.268
10 5 5 3 1 27 4 0 0.283 5.7e-06 8.61e-09 0.00413 0.288
10 6 5 3 1 27 4 0 0.234 5.66e-06 9.6e-09 0.00489 0.305
10 7 5 3 1 28 4 0 0.2 4.6e-06 5.84e-09 0.00563 0.32
10 8 5 3 1 28 4 0 0.175 4.21e-06 6.3e-09 0.00637 0.336
10 9 5 3 1 28 4 0 0.156 4e-06 6.76e-09 0.00709 0.353
10 10 5 3 1 28 4 0 0.141 3.8e-06 7.2e-09 0.0078 0.369
10 11 5 3 1 28 4 0 0.129 3.55e-06 7.62e-09 0.00851 0.386
10 12 5 3 1 28 4 0 0.119 3.3e-06 8.03e-09 0.0092 0.401
10 13 5 3 1 28 4 0 0.11 3.05e-06 8.42e-09 0.00988 0.416
10 14 5 3 1 28 4 0 0.103 2.9e-06 8.8e-09 0.0105 0.431
10 15 5 3 1 28 4 0 0.0963 2.86e-06 9.16e-09 0.0112 0.445
10 16 5 3 1 28 4 0 0.0904 2.81e-06 9.52e-09 0.0119 0.458
10 17 5 3 1 28 4 0 0.0852 2.76e-06 9.86e-09 0.0125 0.471
10 18 5 3 1 29 4 0 0.0805 2.71e-06 5.67e-09 0.0131 0.484
10 19 5 3 1 29 4 0 0.0762 2.66e-06 5.85e-09 0.0138 0.496
10 20 5 3 1 29 4 0 0.0723 2.6e-06 6.02e-09 0.0144 0.509
10 21 5 3 1 29 4 0 0.0687 2.55e-06 6.19e-09 0.015 0.52
10 22 5 3 1 29 4 0 0.0655 2.5e-06 6.36e-09 0.0156 0.532
10 23 5 3 1 29 4 0 0.0625 2.45e-06 6.52e-09 0.0162 0.543
10 24 5 3 1 29 4 0 0.0597 2.4e-06 6.67e-09 0.0168 0.554
10 25 5 3 1 29 4 0 0.0571 2.35e-06 6.82e-09 0.0174 0.565
10 26 5 3 1 29 4 0 0.0548 2.31e-06 6.97e-09 0.0179 0.576
10 27 5 3 1 29 4 0 0.0525 2.26e-06 7.11e-09 0.0185 0.586
10 28 5 3 1 29 4 0 0.0505 2.21e-06 7.25e-09 0.0191 0.597
10 29 5 3 1 29 4 0 0.0485 2.16e-06 7.39e-09 0.0196 0.607
10 30 5 3 1 29 4 0 0.0467 2.12e-06 7.52e-09 0.0202 0.616
10 31 5 3 1 29 4 0 0.045 2.07e-06 7.65e-09 0.0207 0.626
10 32 5 3 1 29 4 0 0.0434 2.03e-06 7.78e-09 0.0212 0.636
10 33 5 3 1 29 4 0 0.0419 1.99e-06 7.9e-09 0.0217 0.645
10 34 5 3 1 29 4 0 0.0404 1.95e-06 8.02e-09 0.0223 0.654
10 35 5 3 1 29 4 0 0.0391 1.9e-06 8.13e-09 0.0228 0.663
10 36 5 3 1 29 4 0 0.0378 1.86e-06 8.24e-09 0.0233 0.672
10 37 5 3 1 29 4 0 0.0366 1.83e-06 8.35e-09 0.0238 0.681
10 38 5 3 1 29 4 0 0.0354 1.79e-06 8.46e-09 0.0243 0.689
10 39 5 3 1 29 4 0 0.0343 1.75e-06 8.56e-09 0.0248 0.698
10 40 5 3 1 29 4 0 0.0333 1.71e-06 8.66e-09 0.0252 0.706
10 41 5 3 1 29 4 0 0.0323 1.68e-06 8.76e-09 0.0257 0.714
10 42 5 3 1 29 4 0 0.0314 1.65e-06 8.85e-09 0.0262 0.723
10 43 5 3 1 29 4 0 0.0305 1.61e-06 8.95e-09 0.0266 0.731
10 44 5 3 1 29 4 0 0.0296 1.58e-06 9.04e-09 0.0271 0.738
10 45 5 3 1 29 4 0 0.0288 1.55e-06 9.12e-09 0.0275 0.746
10 46 5 3 1 29 4 0 0.028 1.51e-06 9.21e-09 0.028 0.754
10 47 5 3 1 29 4 0 0.0272 1.48e-06 9.29e-09 0.0284 0.761
10 48 5 3 1 29 4 0 0.0265 1.45e-06 9.37e-09 0.0289 0.769
10 49 5 3 1 29 4 0 0.0258 1.42e-06 9.45e-09 0.0293 0.776
10 50 5 3 1 29 4 0 0.0251 1.4e-06 9.53e-09 0.0297 0.783
10 51 5 3 1 29 4 0 0.0571 1.37e-06 9.6e-09 0.0301 0.79
10 52 5 2 1 29 4 0 0.0235 2.3e-06 9.68e-09 0.0306 0.798
10 53 5 2 1 29 4 0 0.0233 4.15e-06 9.76e-09 0.031 0.807
10 54 5 2 1 29 4 0 0.0228 3.31e-06 9.82e-09 0.0314 0.813
10 55 5 2 1 29 4 0 0.0222 3.2e-06 9.88e-09 0.0318 0.819
10 56 5 2 1 29 4 0 0.0217 3.1e-06 9.95e-09 0.0322 0.825
10 57 5 2 1 30 4 0 0.0211 3.06e-06 5.56e-09 0.0326 0.831
10 58 5 2 1 30 4 0 0.0206 3.03e-06 5.59e-09 0.0329 0.837
10 59 5 2 1 30 4 0 0.0202 3e-06 5.63e-09 0.0333 0.843
10 60 5 2 1 30 4 0 0.0197 2.97e-06 5.66e-09 0.0337 0.849
10 61 5 2 1 30 4 0 0.0407 2.95e-06 5.69e-09 0.0341 0.856
10 62 5 2 1 30 4 0 0.0185 3.84e-06 5.72e-09 0.0344 0.863
10 63 5 2 1 30 4 0 0.0184 3.86e-06 5.76e-09 0.0348 0.871
10 64 5 2 1 30 4 0 0.018 3e-06 5.79e-09 0.0352 0.876
10 65 5 2 1 30 4 0 0.0176 2.87e-06 5.81e-09 0.0355 0.881
10 66 5 2 1 30 4 0 0.0173 2.8e-06 5.84e-09 0.0359 0.886
10 67 5 2 1 30 4 0 0.0169 2.79e-06 5.86e-09 0.0362 0.891
10 68 5 2 1 30 4 0 0.0165 2.76e-06 5.89e-09 0.0366 0.897
10 69 5 2 1 30 4 0 0.0162 2.73e-06 5.92e-09 0.0369 0.902
10 70 5 2 1 30 4 0 0.0158 2.7e-06 5.94e-09 0.0372 0.908
10 71 5 2 1 30 4 0 0.0328 2.68e-06 5.97e-09 0.0375 0.913
10 72 5 2 1 30 4 0 0.0148 3.66e-06 5.99e-09 0.0379 0.92
10 73 5 2 1 30 4 0 0.0153 3.65e-06 6.02e-09 0.0382 0.927
10 74 5 2 1 30 4 0 0.0146 2.69e-06 6.04e-09 0.0385 0.932
10 75 5 2 1 30 4 0 0.0143 2.56e-06 6.06e-09 0.0388 0.936
10 76 5 2 1 30 4 0 0.014 2.54e-06 6.08e-09 0.0391 0.94
10 77 5 2 1 30 4 0 0.0138 2.53e-06 6.1e-09 0.0394 0.944
10 78 5 2 1 30 4 0 0.0135 2.5e-06 6.12e-09 0.0398 0.949
10 79 5 2 1 30 4 0 0.0132 2.47e-06 6.14e-09 0.0401 0.954
10 80 5 2 1 30 4 0 0.013 2.45e-06 6.16e-09 0.0404 0.959
10 81 5 2 1 30 4 0 0.0269 2.42e-06 6.18e-09 0.0406 0.964
10 82 5 2 1 30 4 0 0.0121 3.55e-06 6.2e-09 0.0409 0.97
10 83 5 2 1 30 4 0 0.0137 3.5e-06 6.23e-09 0.0412 0.976
10 84 5 2 1 30 4 0 0.0121 2.41e-06 6.24e-09 0.0415 0.981
10 85 5 2 1 30 4 0 0.0118 2.27e-06 6.26e-09 0.0418 0.984
10 86 5 2 1 30 4 0 0.0116 2.29e-06 6.27e-09 0.0421 0.988
10 87 5 2 1 30 4 0 0.0114 2.28e-06 6.29e-09 0.0423 0.991
10 88 5 2 1 30 4 0 0.0112 2.25e-06 6.3e-09 0.0426 0.996
10 89 5 2 1 30 4 0 0.011 2.22e-06 6.32e-09 0.0429 1
10 90 5 2 1 30 4 0 0.0108 2.2e-06 6.34e-09 0.0431 1
10 91 5 2 1 30 4 0 0.0224 2.18e-06 6.35e-09 0.0434 1.01
10 92 5 2 1 30 4 0 0.0101 3.49e-06 6.37e-09 0.0436 1.01
10 93 5 2 1 30 4 0 0.0125 3.38e-06 6.4e-09 0.0439 1.02
10 94 5 2 1 30 4 0 0.0101 2.15e-06 6.41e-09 0.0441 1.02
10 95 5 2 1 30 4 0 0.00991 2.01e-06 6.42e-09 0.0444 1.03
10 96 5 2 1 30 4 0 0.00973 2.05e-06 6.43e-09 0.0446 1.03
10 97 5 2 1 30 4 0 0.00956 2.04e-06 6.44e-09 0.0449 1.03
10 98 5 2 1 30 4 0 0.00939 2.01e-06 6.45e-09 0.0451 1.04
10 99 5 2 1 30 4 0 0.00923 1.98e-06 6.47e-09 0.0454 1.04
10 100 5 2 1 30 4 0 0.00908 1.96e-06 6.48e-09 0.0456 1.04
10 101 5 2 1 30 4 0 0.0188 1.94e-06 6.49e-09 0.0458 1.05
10 102 5 2 1 30 4 0 0.0141 2.3e-06 6.51e-09 0.046 1.06
10 103 5 2 1 30 4 0 0.0116 4.06e-06 6.54e-09 0.0463 1.07
10 104 5 2 1 30 4 0 0.00863 2.46e-06 6.54e-09 0.0465 1.07
10 105 5 2 1 30 4 0 0.00844 2.05e-06 6.54e-09 0.0467 1.07
10 106 5 2 1 30 4 0 0.00827 1.85e-06 6.55e-09 0.0469 1.07
10 107 5 2 1 30 4 0 0.00813 1.8e-06 6.56e-09 0.0471 1.07
10 108 5 2 1 30 4 0 0.00799 1.76e-06 6.57e-09 0.0473 1.07
10 109 5 2 1 30 4 0 0.00786 1.73e-06 6.58e-09 0.0476 1.08
10 110 5 2 1 30 4 0 0.00773 1.72e-06 6.59e-09 0.0478 1.08
10 111 5 2 1 30 4 0 0.0163 1.71e-06 6.6e-09 0.048 1.09
10 112 5 2 1 30 4 0 0.0134 7.6e-06 6.61e-09 0.0482 1.09
10 113 5 2 1 30 4 0 0.0108 3.26e-06 6.63e-09 0.0484 1.09
10 114 5 2 1 30 4 0 0.00755 1.64e-06 6.64e-09 0.0486 1.1
10 115 5 2 1 30 4 0 0.00696 1.65e-06 6.64e-09 0.0488 1.1
10 116 5 2 1 30 4 0 0.00685 1.71e-06 6.65e-09 0.049 1.1
10 117 5 2 1 30 4 0 0.00676 1.69e-06 6.66e-09 0.0492 1.1
10 118 5 2 1 30 4 0 0.00667 1.66e-06 6.67e-09 0.0493 1.11
10 119 5 2 1 30 4 0 0.00658 1.62e-06 6.68e-09 0.0495 1.11
10 120 5 2 1 30 4 0 0.00649 1.58e-06 6.69e-09 0.0497 1.11
10 121 5 2 1 30 4 0 0.0133 1.55e-06 6.7e-09 0.0499 1.11
10 122 5 2 1 30 4 0 0.0124 2.39e-06 6.71e-09 0.0501 1.13
10 123 5 2 1 30 4 0 0.0102 4.03e-06 6.73e-09 0.0502 1.13
10 124 5 2 1 30 4 0 0.00629 2.05e-06 6.73e-09 0.0504 1.13
10 125 5 2 1 30 4 0 0.00615 1.74e-06 6.73e-09 0.0506 1.13
10 126 5 2 1 30 4 0 0.00603 1.46e-06 6.74e-09 0.0508 1.13
10 127 5 2 1 30 4 0 0.00593 1.4e-06 6.74e-09 0.0509 1.13
10 128 5 2 1 30 4 0 0.00584 1.36e-06 6.75e-09 0.0511 1.14
10 129 5 2 1 30 4 0 0.00575 1.34e-06 6.76e-09 0.0513 1.14
10 130 5 2 1 30 4 0 0.00567 1.33e-06 6.77e-09 0.0514 1.14
10 131 5 2 1 30 4 0 0.0122 1.33e-06 6.78e-09 0.0516 1.14
10 132 5 2 1 30 4 0 0.0119 6.45e-06 6.78e-09 0.0517 1.15
10 133 5 2 1 30 4 0 0.00962 3.35e-06 6.8e-09 0.0519 1.15
10 134 5 2 1 30 4 0 0.00616 1.4e-06 6.81e-09 0.0521 1.15
10 135 5 2 1 30 4 0 0.00509 1.28e-06 6.81e-09 0.0522 1.15
10 136 5 2 1 30 4 0 0.00502 1.34e-06 6.82e-09 0.0524 1.16
10 137 5 2 1 30 4 0 0.00496 1.34e-06 6.82e-09 0.0525 1.16
10 138 5 2 1 30 4 0 0.0049 1.3e-06 6.83e-09 0.0527 1.16
10 139 5 2 1 30 4 0 0.00485 1.26e-06 6.84e-09 0.0528 1.16
10 140 5 2 1 30 4 0 0.0048 1.23e-06 6.85e-09 0.053 1.16
10 141 5 2 1 30 4 0 0.00981 1.21e-06 6.85e-09 0.0531 1.17
10 142 5 2 1 30 4 0 0.011 2.73e-06 6.86e-09 0.0532 1.18
10 143 5 2 1 30 4 0 0.008 7.11e-06 6.88e-09 0.0534 1.19
10 144 5 2 1 30 4 0 0.00476 3.15e-06 6.88e-09 0.0535 1.18
10 145 5 2 1 30 4 0 0.00462 2.38e-06 6.87e-09 0.0536 1.18
10 146 5 2 1 30 4 0 0.00451 1.76e-06 6.87e-09 0.0538 1.18
10 147 5 2 1 30 4 0 0.00443 1.34e-06 6.87e-09 0.0539 1.18
10 148 5 2 1 30 4 0 0.00436 1.12e-06 6.88e-09 0.0541 1.18
10 149 5 2 1 30 4 0 0.0043 1.05e-06 6.89e-09 0.0542 1.18
10 150 5 2 1 30 4 0 0.00424 1.02e-06 6.89e-09 0.0543 1.19
10 151 5 2 1 30 4 0 0.0116 1.02e-06 6.9e-09 0.0544 1.19
10 152 6 2 1 30 4 0 0.0123 1.44e-06 6.91e-09 0.0545 1.2
10 153 5 2 1 30 4 0 0.0115 5.74e-06 6.93e-09 0.0546 1.21
10 154 5 2 1 30 4 0 0.0122 4.64e-06 6.94e-09 0.0547 1.21
10 155 5 2 1 30 4 0 0.00766 1.61e-06 6.92e-09 0.0549 1.2
10 156 5 2 1 30 4 0 0.00539 1.66e-06 6.92e-09 0.055 1.2
10 157 5 2 1 30 4 0 0.00425 1.48e-06 6.92e-09 0.0551 1.2
10 158 5 2 1 30 4 0 0.00365 1.29e-06 6.92e-09 0.0552 1.2
10 159 5 2 1 30 4 0 0.00346 1.16e-06 6.93e-09 0.0553 1.2
10 160 5 2 1 30 4 0 0.00344 1.07e-06 6.93e-09 0.0555 1.21
10 161 5 2 1 30 4 0 0.00641 1.02e-06 6.94e-09 0.0556 1.21
10 162 5 2 1 30 4 0 0.00998 5.94e-06 6.95e-09 0.0557 1.21
10 163 5 2 1 30 4 0 0.00779 4.92e-06 6.97e-09 0.0558 1.22
10 164 5 2 1 30 4 0 0.00491 2.06e-06 6.96e-09 0.0559 1.22
10 165 5 2 1 30 4 0 0.00408 1.56e-06 6.96e-09 0.056 1.22
10 166 5 2 1 30 4 0 0.00361 1.18e-06 6.97e-09 0.0561 1.22
10 167 5 2 1 30 4 0 0.00333 9.71e-07 6.97e-09 0.0562 1.22
10 168 5 2 1 30 4 0 0.00318 9.01e-07 6.97e-09 0.0563 1.22
10 169 5 2 1 30 4 0 0.00314 8.53e-07 6.98e-09 0.0564 1.22
10 170 5 2 1 30 4 0 0.00312 8.25e-07 6.99e-09 0.0565 1.22
10 171 5 2 1 30 4 0 0.00724 8.09e-07 6.99e-09 0.0566 1.22
10 172 5 2 1 30 4 0 0.00964 4.93e-06 7e-09 0.0567 1.24
10 173 5 2 1 30 4 0 0.00749 3.88e-06 7.03e-09 0.0568 1.24
10 174 5 2 1 30 4 0 0.00377 1.61e-06 7.01e-09 0.0569 1.24
10 175 5 2 1 30 4 0 0.00308 1.14e-06 7.01e-09 0.057 1.24
10 176 5 2 1 30 4 0 0.00301 8.64e-07 7e-09 0.0571 1.23
10 177 5 2 1 30 4 0 0.00295 7.56e-07 7e-09 0.0572 1.23
10 178 5 2 1 30 4 0 0.00291 7.13e-07 7.01e-09 0.0573 1.24
10 179 5 2 1 30 4 0 0.00287 6.97e-07 7.01e-09 0.0574 1.24
10 180 5 2 1 30 4 0 0.00284 7e-07 7.02e-09 0.0575 1.24
10 181 5 2 1 30 4 0 0.00806 7.1e-07 7.02e-09 0.0576 1.24
10 182 5 2 1 30 4 0 0.012 6.87e-06 7.03e-09 0.0576 1.25
10 183 5 2 1 30 4 0 0.0072 4.37e-06 7.05e-09 0.0577 1.25
10 184 5 2 1 30 4 0 0.00435 1.89e-06 7.04e-09 0.0578 1.25
10 185 5 2 1 30 4 0 0.00322 1.36e-06 7.04e-09 0.0579 1.25
10 186 5 2 1 30 4 0 0.00263 1e-06 7.04e-09 0.058 1.25
10 187 5 2 1 30 4 0 0.00244 8.11e-07 7.04e-09 0.0581 1.25
10 188 5 2 1 30 4 0 0.00242 7.36e-07 7.05e-09 0.0582 1.25
10 189 5 2 1 30 4 0 0.0024 6.83e-07 7.05e-09 0.0582 1.25
10 190 5 2 1 30 4 0 0.00238 6.52e-07 7.06e-09 0.0583 1.25
10 191 5 2 1 30 4 0 0.00543 6.36e-07 7.06e-09 0.0584 1.25
10 192 6 2 1 30 4 0 0.00895 1.84e-06 7.07e-09 0.0585 1.26
10 193 5 2 1 30 4 0 0.00703 3.02e-06 7.09e-09 0.0585 1.26
10 194 5 2 1 30 4 0 0.0037 1.37e-06 7.08e-09 0.0586 1.26
10 195 5 2 1 30 4 0 0.0029 9.59e-07 7.08e-09 0.0587 1.26
10 196 5 2 1 30 4 0 0.00248 8.56e-07 7.09e-09 0.0588 1.26
10 197 5 2 1 30 4 0 0.00224 8.03e-07 7.1e-09 0.0589 1.26
10 198 5 2 1 30 4 0 0.0021 7.68e-07 7.1e-09 0.0589 1.26
10 199 5 2 1 30 4 0 0.00207 7.44e-07 7.11e-09 0.059 1.26
10 200 5 2 1 30 4 0 0.00206 7.25e-07 7.11e-09 0.0591 1.26
10 201 5 2 1 30 4 0 0.00459 7.06e-07 7.12e-09 0.0591 1.26
10 202 5 2 1 30 4 0 0.00988 3.94e-06 7.13e-09 0.0592 1.28
10 203 5 2 1 30 4 0 0.00261 2.47e-06 7.14e-09 0.0593 1.27
10 204 5 2 1 30 4 0 0.00209 1.33e-06 7.13e-09 0.0593 1.27
10 205 5 2 1 30 4 0 0.00203 1.02e-06 7.13e-09 0.0594 1.27
10 206 5 2 1 30 4 0 0.00199 7.93e-07 7.14e-09 0.0595 1.27
10 207 5 2 1 30 4 0 0.00197 6.7e-07 7.14e-09 0.0595 1.27
10 208 5 2 1 30 4 0 0.00194 6.05e-07 7.14e-09 0.0596 1.27
10 209 5 2 1 30 4 0 0.00192 5.63e-07 7.15e-09 0.0597 1.28
10 210 5 2 1 30 4 0 0.0019 5.34e-07 7.15e-09 0.0597 1.28
10 211 5 2 1 30 4 0 0.00653 5.12e-07 7.16e-09 0.0598 1.28
10 212 5 2 1 30 4 0 0.00702 2.93e-06 7.16e-09 0.0598 1.29
10 213 5 2 1 30 4 0 0.00214 1.26e-06 7.17e-09 0.0599 1.29
10 214 5 2 1 30 4 0 0.00191 7.75e-07 7.16e-09 0.06 1.28
10 215 5 2 1 30 4 0 0.00184 6.83e-07 7.16e-09 0.06 1.28
10 216 5 2 1 30 4 0 0.00179 6e-07 7.16e-09 0.0601 1.28
10 217 5 2 1 30 4 0 0.00176 5.52e-07 7.16e-09 0.0602 1.29
10 218 5 2 1 30 4 0 0.00173 5.4e-07 7.16e-09 0.0602 1.29
10 219 5 2 1 30 4 0 0.00171 5.27e-07 7.17e-09 0.0603 1.29
10 220 5 2 1 30 4 0 0.00168 5.11e-07 7.17e-09 0.0603 1.29
10 221 5 2 1 30 4 0 0.00699 4.94e-07 7.17e-09 0.0604 1.29
10 222 5 2 1 30 4 0 0.0076 3.83e-06 7.17e-09 0.0604 1.29
10 223 5 2 1 30 4 0 0.0108 1.54e-06 7.19e-09 0.0605 1.29
10 224 5 2 1 30 4 0 0.00485 7.5e-07 7.18e-09 0.0605 1.29
10 225 5 2 1 30 4 0 0.0027 7.75e-07 7.18e-09 0.0606 1.29
10 226 5 2 1 30 4 0 0.00195 7.08e-07 7.18e-09 0.0606 1.29
10 227 5 2 1 30 4 0 0.00173 5.99e-07 7.19e-09 0.0607 1.29
10 228 5 2 1 30 4 0 0.00159 5.04e-07 7.19e-09 0.0607 1.29
10 229 5 2 1 30 4 0 0.00149 4.38e-07 7.19e-09 0.0608 1.3
10 230 5 2 1 30 4 0 0.00144 3.96e-07 7.19e-09 0.0608 1.3
10 231 5 2 1 30 4 0 0.00436 3.73e-07 7.2e-09 0.0609 1.3
10 232 5 2 1 30 4 0 0.006 3.5e-06 7.2e-09 0.0609 1.31
10 233 5 2 1 30 4 0 0.0113 1.85e-06 7.22e-09 0.061 1.31
10 234 5 2 1 30 4 0 0.0051 7.22e-07 7.21e-09 0.061 1.3
10 235 5 2 1 30 4 0 0.00277 6.9e-07 7.2e-09 0.061 1.3
10 236 5 2 1 30 4 0 0.00185 6.71e-07 7.2e-09 0.0611 1.3
10 237 5 2 1 30 4 0 0.00144 5.44e-07 7.2e-09 0.0611 1.3
10 238 5 2 1 30 4 0 0.00128 4.38e-07 7.2e-09 0.0612 1.3
10 239 5 2 1 30 4 0 0.00127 3.89e-07 7.2e-09 0.0612 1.3
10 240 5 2 1 30 4 0 0.00126 3.62e-07 7.21e-09 0.0613 1.3
10 241 5 2 1 30 4 0 0.0053 3.46e-07 7.21e-09 0.0613 1.3
10 242 5 2 1 30 4 0 0.00732 3.86e-06 7.21e-09 0.0614 1.31
10 243 5 2 1 30 4 0 0.0105 1.46e-06 7.22e-09 0.0614 1.31
10 244 5 2 1 30 4 0 0.00463 6.95e-07 7.22e-09 0.0614 1.31
10 245 5 2 1 30 4 0 0.00249 6.9e-07 7.22e-09 0.0615 1.31
10 246 5 2 1 30 4 0 0.00167 6.19e-07 7.22e-09 0.0615 1.31
10 247 5 2 1 30 4 0 0.00145 5.08e-07 7.22e-09 0.0616 1.31
10 248 5 2 1 30 4 0 0.00132 4.12e-07 7.22e-09 0.0616 1.31
10 249 5 2 1 30 4 0 0.00122 3.46e-07 7.23e-09 0.0617 1.31
10 250 5 2 1 30 4 0 0.00116 3.04e-07 7.23e-09 0.0617 1.31
10 251 5 2 1 30 4 0 0.0035 2.79e-07 7.23e-09 0.0617 1.31
10 252 5 2 1 30 4 0 0.00582 3.47e-06 7.24e-09 0.0617 1.32
10 253 5 2 1 30 4 0 0.0111 1.94e-06 7.25e-09 0.0618 1.32
10 254 5 2 1 30 4 0 0.00489 7.5e-07 7.24e-09 0.0618 1.32
10 255 5 2 1 30 4 0 0.00257 6.19e-07 7.23e-09 0.0619 1.31
10 256 5 2 1 30 4 0 0.00165 6.2e-07 7.23e-09 0.0619 1.31
10 257 5 2 1 30 4 0 0.00124 4.96e-07 7.23e-09 0.0619 1.31
10 258 5 2 1 30 4 0 0.00104 3.64e-07 7.23e-09 0.062 1.31
10 259 5 2 1 30 4 0 0.000983 3.11e-07 7.23e-09 0.062 1.31
stationary flow nc = 0 i = 259 du = 0.000982674
# Quadtree, 259 steps, 138.536 CPU, 146.6 real, 2.27e+04 points.step/s, 33 var
10 0 5 2 1 30 4 0 0 3.11e-07 7.23e-09 0 0
10 1 5 2 1 5 4 0 1 0 0 0.000899 0
10 2 6 2 1 27 3 0 0.782 6.15e-06 6.99e-09 0.00163 0.199
10 3 6 2 1 28 3 0 0.551 4.7e-06 6.17e-09 0.0023 0.29
10 4 6 2 1 28 3 0 0.404 3.51e-06 6.83e-09 0.00295 0.316
10 5 6 2 1 28 3 0 0.311 3.33e-06 7.36e-09 0.00359 0.318
10 6 6 2 1 28 3 0 0.261 3e-06 7.66e-09 0.00423 0.32
10 7 6 2 1 28 3 0 0.223 2.65e-06 8.29e-09 0.00487 0.327
10 8 6 2 1 28 3 0 0.197 2.42e-06 8.92e-09 0.00548 0.338
10 9 6 2 1 28 3 0 0.177 2.29e-06 9.55e-09 0.00609 0.352
10 10 5 2 1 29 3 0 0.16 9.79e-06 5.86e-09 0.00668 0.366
10 11 5 2 1 29 3 0 0.146 9.33e-06 6.21e-09 0.00726 0.378
10 12 5 2 1 29 3 0 0.134 8.85e-06 6.55e-09 0.00783 0.39
10 13 5 2 1 29 3 0 0.124 8.38e-06 6.88e-09 0.00838 0.401
10 14 5 2 1 29 3 0 0.115 7.95e-06 7.2e-09 0.00893 0.411
10 15 5 2 1 29 3 0 0.107 7.55e-06 7.51e-09 0.00946 0.421
10 16 5 2 1 29 3 0 0.1 7.19e-06 7.82e-09 0.00999 0.431
10 17 5 2 1 29 3 0 0.0941 6.86e-06 8.12e-09 0.0105 0.44
10 18 5 2 1 29 3 0 0.0885 6.56e-06 8.42e-09 0.011 0.449
10 19 5 2 1 29 3 0 0.0834 6.28e-06 8.71e-09 0.0115 0.458
10 20 5 2 1 29 3 0 0.0788 6.01e-06 9e-09 0.012 0.466
10 21 5 2 1 29 3 0 0.0747 5.76e-06 9.29e-09 0.0125 0.474
10 22 5 2 1 29 3 0 0.0708 5.53e-06 9.57e-09 0.0129 0.482
10 23 5 2 1 29 3 0 0.0673 5.32e-06 9.84e-09 0.0134 0.49
10 24 5 2 1 30 3 0 0.0641 5.14e-06 5.82e-09 0.0139 0.497
10 25 5 2 1 30 3 0 0.0611 5.01e-06 5.97e-09 0.0143 0.504
10 26 5 2 1 30 3 0 0.0583 4.89e-06 6.12e-09 0.0148 0.511
10 27 5 2 1 30 3 0 0.0558 4.77e-06 6.27e-09 0.0152 0.518
10 28 5 2 1 30 3 0 0.0534 4.66e-06 6.42e-09 0.0156 0.525
10 29 5 2 1 30 3 0 0.0511 4.55e-06 6.56e-09 0.016 0.531
10 30 5 2 1 30 3 0 0.049 4.45e-06 6.7e-09 0.0164 0.538
10 31 5 2 1 30 3 0 0.0471 4.35e-06 6.84e-09 0.0168 0.544
10 32 5 2 1 30 3 0 0.0453 4.26e-06 6.98e-09 0.0172 0.55
10 33 5 2 1 30 3 0 0.0435 4.16e-06 7.12e-09 0.0176 0.556
10 34 5 2 1 30 3 0 0.0419 4.07e-06 7.25e-09 0.018 0.562
10 35 5 2 1 30 3 0 0.0404 3.99e-06 7.38e-09 0.0184 0.568
10 36 5 2 1 30 3 0 0.0389 3.9e-06 7.51e-09 0.0188 0.574
10 37 5 2 1 30 3 0 0.0376 3.82e-06 7.64e-09 0.0191 0.579
10 38 5 2 1 30 3 0 0.0363 3.74e-06 7.77e-09 0.0195 0.585
10 39 5 2 1 30 3 0 0.035 3.66e-06 7.89e-09 0.0198 0.59
10 40 5 2 1 30 3 0 0.0339 3.58e-06 8.01e-09 0.0202 0.595
10 41 5 2 1 30 3 0 0.0328 3.51e-06 8.13e-09 0.0205 0.601
10 42 5 2 1 30 3 0 0.0317 3.44e-06 8.25e-09 0.0208 0.606
10 43 5 2 1 30 3 0 0.0307 3.23e-06 8.36e-09 0.0212 0.61
10 44 5 2 1 30 3 0 0.0297 3.2e-06 8.47e-09 0.0215 0.615
10 45 5 2 1 30 3 0 0.0288 3.15e-06 8.58e-09 0.0218 0.62
10 46 5 2 1 30 3 0 0.0279 3.08e-06 8.69e-09 0.0221 0.625
10 47 5 2 1 30 3 0 0.0271 3.02e-06 8.79e-09 0.0224 0.629
10 48 5 2 1 30 3 0 0.0263 2.95e-06 8.89e-09 0.0227 0.634
10 49 5 2 1 30 3 0 0.0255 2.89e-06 9e-09 0.023 0.638
10 50 5 2 1 30 3 0 0.0248 2.83e-06 9.1e-09 0.0233 0.642
10 51 5 2 1 30 3 0 0.0241 2.77e-06 9.2e-09 0.0236 0.647
10 52 5 2 1 30 3 0 0.0236 2.36e-06 9.27e-09 0.0239 0.653
10 53 5 2 1 30 3 0 0.0229 2.9e-06 9.5e-09 0.0242 0.657
10 54 5 2 1 30 3 0 0.0222 2.71e-06 9.57e-09 0.0245 0.66
10 55 5 2 1 30 3 0 0.0216 2.56e-06 9.66e-09 0.0247 0.664
10 56 5 2 1 30 3 0 0.021 2.46e-06 9.75e-09 0.025 0.668
10 57 5 2 1 30 3 0 0.0204 2.38e-06 9.84e-09 0.0252 0.672
10 58 5 2 1 30 3 0 0.0199 2.33e-06 9.93e-09 0.0255 0.675
10 59 5 2 1 31 3 0 0.0194 2.28e-06 5.76e-09 0.0258 0.679
10 60 5 2 1 31 3 0 0.0189 2.23e-06 5.81e-09 0.026 0.683
10 61 5 2 1 31 3 0 0.0184 2.18e-06 5.86e-09 0.0262 0.686
10 62 5 2 1 31 3 0 0.0178 2.54e-06 5.92e-09 0.0265 0.689
10 63 5 2 1 31 3 0 0.0174 2.25e-06 5.91e-09 0.0267 0.692
10 64 5 2 1 31 3 0 0.017 2.21e-06 5.95e-09 0.027 0.695
10 65 5 2 1 31 3 0 0.0166 2.18e-06 6e-09 0.0272 0.699
10 66 5 2 1 31 3 0 0.0162 2.14e-06 6.04e-09 0.0274 0.702
10 67 5 2 1 31 3 0 0.0158 2.09e-06 6.08e-09 0.0276 0.706
10 68 5 2 1 31 3 0 0.0154 2.05e-06 6.12e-09 0.0278 0.709
10 69 5 2 1 31 3 0 0.0151 2e-06 6.16e-09 0.0281 0.712
10 70 5 2 1 31 3 0 0.0147 1.96e-06 6.2e-09 0.0283 0.715
10 71 5 2 1 31 3 0 0.0144 1.92e-06 6.24e-09 0.0285 0.718
10 72 5 2 1 31 3 0 0.0142 2.03e-06 6.26e-09 0.0287 0.723
10 73 5 2 1 31 3 0 0.0138 2.02e-06 6.39e-09 0.0289 0.726
10 74 5 2 1 31 3 0 0.0135 1.84e-06 6.41e-09 0.0291 0.729
10 75 5 2 1 31 3 0 0.0131 1.72e-06 6.44e-09 0.0293 0.731
10 76 5 2 1 31 3 0 0.0128 1.67e-06 6.47e-09 0.0295 0.734
10 77 5 2 1 31 3 0 0.0125 1.62e-06 6.51e-09 0.0296 0.736
10 78 5 2 1 31 3 0 0.0122 1.58e-06 6.55e-09 0.0298 0.739
10 79 5 2 1 31 3 0 0.012 1.55e-06 6.58e-09 0.03 0.742
10 80 5 2 1 31 3 0 0.0117 1.53e-06 6.61e-09 0.0302 0.744
10 81 5 2 1 31 3 0 0.0209 1.51e-06 6.65e-09 0.0304 0.747
10 82 5 2 1 31 3 0 0.0137 7.29e-06 6.45e-09 0.0305 0.75
10 83 5 2 1 31 3 0 0.0108 2.24e-06 6.7e-09 0.0307 0.75
10 84 5 2 1 31 3 0 0.0106 1.57e-06 6.68e-09 0.0309 0.752
10 85 5 2 1 31 3 0 0.0104 1.54e-06 6.72e-09 0.031 0.755
10 86 5 2 1 31 3 0 0.0102 1.56e-06 6.75e-09 0.0312 0.758
10 87 5 2 1 31 3 0 0.00999 1.52e-06 6.77e-09 0.0314 0.76
10 88 5 2 1 31 3 0 0.00978 1.47e-06 6.8e-09 0.0315 0.762
10 89 5 2 1 31 3 0 0.00958 1.42e-06 6.83e-09 0.0317 0.765
10 90 5 2 1 31 3 0 0.00939 1.38e-06 6.85e-09 0.0318 0.767
10 91 5 2 1 31 3 0 0.0199 1.35e-06 6.88e-09 0.032 0.769
10 92 5 2 1 31 3 0 0.0165 3.27e-06 6.88e-09 0.0321 0.782
10 93 5 2 1 31 3 0 0.00935 2.33e-06 7.07e-09 0.0322 0.781
10 94 5 2 1 31 3 0 0.00892 1.5e-06 7.04e-09 0.0324 0.781
10 95 5 2 1 31 3 0 0.00862 1.38e-06 7.06e-09 0.0325 0.781
10 96 5 2 1 31 3 0 0.0084 1.26e-06 7.08e-09 0.0327 0.783
10 97 5 2 1 31 3 0 0.00821 1.25e-06 7.11e-09 0.0328 0.785
10 98 5 2 1 31 3 0 0.00804 1.25e-06 7.13e-09 0.0329 0.787
10 99 5 2 1 31 3 0 0.00787 1.25e-06 7.16e-09 0.0331 0.789
10 100 5 2 1 31 3 0 0.00771 1.25e-06 7.18e-09 0.0332 0.791
10 101 5 2 1 31 3 0 0.0145 1.24e-06 7.2e-09 0.0333 0.793
10 102 5 2 1 31 3 0 0.0169 7.24e-06 6.98e-09 0.0334 0.793
10 103 5 2 1 31 3 0 0.0104 2.44e-06 7.22e-09 0.0336 0.793
10 104 5 2 1 31 3 0 0.00792 1.45e-06 7.19e-09 0.0337 0.795
10 105 5 2 1 31 3 0 0.0067 1.31e-06 7.21e-09 0.0338 0.797
10 106 5 2 1 31 3 0 0.00643 1.2e-06 7.23e-09 0.0339 0.799
10 107 5 2 1 31 3 0 0.00639 1.14e-06 7.24e-09 0.034 0.8
10 108 5 2 1 31 3 0 0.00632 1.1e-06 7.25e-09 0.0341 0.802
10 109 5 2 1 31 3 0 0.00625 1.07e-06 7.26e-09 0.0343 0.804
10 110 5 2 1 31 3 0 0.00616 1.06e-06 7.28e-09 0.0344 0.806
10 111 5 2 1 31 3 0 0.0122 1.04e-06 7.29e-09 0.0345 0.807
10 112 5 2 1 31 3 0 0.0142 3.61e-06 7.29e-09 0.0346 0.82
10 113 5 2 1 31 3 0 0.00639 1.97e-06 7.48e-09 0.0347 0.819
10 114 5 2 1 31 3 0 0.00604 1.1e-06 7.44e-09 0.0348 0.817
10 115 5 2 1 31 3 0 0.00582 1.09e-06 7.44e-09 0.0349 0.817
10 116 5 2 1 31 3 0 0.00567 9.74e-07 7.46e-09 0.035 0.818
10 117 5 2 1 31 3 0 0.00554 9.78e-07 7.47e-09 0.0351 0.819
10 118 5 2 1 31 3 0 0.00543 9.83e-07 7.49e-09 0.0352 0.821
10 119 5 2 1 31 3 0 0.00533 9.84e-07 7.5e-09 0.0352 0.823
10 120 5 2 1 31 3 0 0.00522 9.82e-07 7.52e-09 0.0353 0.824
10 121 5 2 1 31 3 0 0.0102 9.76e-07 7.54e-09 0.0354 0.826
10 122 5 2 1 31 3 0 0.015 7.43e-06 7.29e-09 0.0355 0.825
10 123 5 2 1 31 3 0 0.00887 4.86e-06 7.28e-09 0.0356 0.826
10 124 5 2 1 31 3 0 0.00627 3.1e-06 7.29e-09 0.0357 0.826
10 125 5 2 1 31 3 0 0.00504 1.95e-06 7.29e-09 0.0358 0.827
10 126 5 2 1 31 3 0 0.00442 1.42e-06 7.3e-09 0.0359 0.828
10 127 5 2 1 31 3 0 0.00429 1.24e-06 7.31e-09 0.036 0.829
10 128 5 2 1 31 3 0 0.00428 1.12e-06 7.32e-09 0.036 0.83
10 129 5 2 1 31 3 0 0.00424 1.04e-06 7.32e-09 0.0361 0.832
10 130 5 2 1 31 3 0 0.0042 9.78e-07 7.33e-09 0.0362 0.833
10 131 5 2 1 31 3 0 0.009 9.33e-07 7.34e-09 0.0363 0.834
10 132 5 2 1 31 3 0 0.0146 7.76e-06 7.5e-09 0.0363 0.847
10 133 5 2 1 31 3 0 0.00618 2.07e-06 7.63e-09 0.0364 0.844
10 134 5 2 1 31 3 0 0.00417 1.23e-06 7.58e-09 0.0365 0.842
10 135 5 2 1 31 3 0 0.00399 1.06e-06 7.58e-09 0.0365 0.842
10 136 5 2 1 31 3 0 0.00388 8.74e-07 7.58e-09 0.0366 0.842
10 137 5 2 1 31 3 0 0.00379 8.12e-07 7.59e-09 0.0367 0.843
10 138 5 2 1 31 3 0 0.00372 7.8e-07 7.6e-09 0.0368 0.845
10 139 5 2 1 31 3 0 0.00366 7.64e-07 7.61e-09 0.0368 0.846
10 140 5 2 1 31 3 0 0.00359 7.55e-07 7.62e-09 0.0369 0.847
10 141 5 2 1 31 3 0 0.00353 7.48e-07 7.63e-09 0.037 0.848
10 142 5 2 1 31 3 0 0.0133 3.68e-06 7.73e-09 0.037 0.845
10 143 5 2 1 31 3 0 0.00757 1.77e-06 7.68e-09 0.0371 0.847
10 144 5 2 1 31 3 0 0.00504 1.08e-06 7.7e-09 0.0372 0.848
10 145 5 2 1 31 3 0 0.00387 7.05e-07 7.71e-09 0.0372 0.85
10 146 5 2 1 31 3 0 0.00329 5.93e-07 7.71e-09 0.0373 0.851
10 147 5 2 1 31 3 0 0.00296 5.74e-07 7.71e-09 0.0373 0.852
10 148 5 2 1 31 3 0 0.00293 5.69e-07 7.71e-09 0.0374 0.853
10 149 5 2 1 31 3 0 0.00292 5.68e-07 7.71e-09 0.0375 0.854
10 150 5 2 1 31 3 0 0.0029 5.67e-07 7.71e-09 0.0375 0.855
10 151 5 2 1 31 3 0 0.0056 5.67e-07 7.72e-09 0.0376 0.856
10 152 5 2 1 31 3 0 0.0117 4.04e-06 7.7e-09 0.0376 0.869
10 153 5 2 1 31 3 0 0.00424 1.02e-06 7.57e-09 0.0377 0.867
10 154 5 2 1 31 3 0 0.00989 1.6e-06 7.83e-09 0.0377 0.865
10 155 5 2 1 31 3 0 0.003 9.15e-07 7.85e-09 0.0378 0.863
10 156 5 2 1 31 3 0 0.00277 7.56e-07 7.84e-09 0.0378 0.863
10 157 5 2 1 31 3 0 0.0027 6.09e-07 7.85e-09 0.0379 0.864
10 158 5 2 1 31 3 0 0.00264 5.21e-07 7.86e-09 0.0379 0.865
10 159 5 2 1 31 3 0 0.00259 5.3e-07 7.86e-09 0.038 0.866
10 160 5 2 1 31 3 0 0.00254 5.38e-07 7.87e-09 0.038 0.867
10 161 5 2 1 31 3 0 0.00308 5.43e-07 7.88e-09 0.0381 0.867
10 162 5 2 1 31 3 0 0.0135 7.1e-06 7.63e-09 0.0381 0.868
10 163 5 2 1 31 3 0 0.00705 4.95e-06 7.66e-09 0.0381 0.868
10 164 5 2 1 31 3 0 0.00439 3.06e-06 7.65e-09 0.0382 0.867
10 165 5 2 1 31 3 0 0.00316 1.98e-06 7.65e-09 0.0382 0.867
10 166 5 2 1 31 3 0 0.00254 1.42e-06 7.65e-09 0.0383 0.868
10 167 5 2 1 31 3 0 0.00221 1.05e-06 7.65e-09 0.0383 0.868
10 168 5 2 1 31 3 0 0.00205 8.15e-07 7.65e-09 0.0384 0.869
10 169 5 2 1 31 3 0 0.00203 7.08e-07 7.66e-09 0.0384 0.869
10 170 5 2 1 31 3 0 0.00203 6.35e-07 7.66e-09 0.0385 0.87
10 171 5 2 1 31 3 0 0.00412 5.84e-07 7.66e-09 0.0385 0.871
10 172 5 2 1 31 3 0 0.0107 9.73e-06 7.8e-09 0.0385 0.88
10 173 5 2 1 31 3 0 0.00533 1.71e-06 7.84e-09 0.0386 0.876
10 174 5 2 1 31 3 0 0.00206 9.22e-07 7.8e-09 0.0386 0.875
10 175 5 2 1 31 3 0 0.00194 7.05e-07 7.79e-09 0.0386 0.874
10 176 5 2 1 31 3 0 0.00188 5.59e-07 7.79e-09 0.0387 0.874
10 177 5 2 1 31 3 0 0.00184 4.74e-07 7.79e-09 0.0387 0.875
10 178 5 2 1 31 3 0 0.00181 4.47e-07 7.79e-09 0.0387 0.875
10 179 5 2 1 31 3 0 0.00179 4.36e-07 7.79e-09 0.0388 0.876
10 180 5 2 1 31 3 0 0.00176 4.23e-07 7.79e-09 0.0388 0.877
10 181 5 2 1 31 3 0 0.00173 4.07e-07 7.79e-09 0.0388 0.877
10 182 5 2 1 31 3 0 0.0126 3.77e-06 7.84e-09 0.0389 0.878
10 183 5 2 1 31 3 0 0.00653 1.37e-06 7.95e-09 0.0389 0.879
10 184 5 2 1 31 3 0 0.00394 1.3e-06 7.95e-09 0.0389 0.879
10 185 5 2 1 31 3 0 0.00272 9.95e-07 7.94e-09 0.039 0.88
10 186 5 2 1 31 3 0 0.0021 6.82e-07 7.94e-09 0.039 0.88
10 187 5 2 1 31 3 0 0.00176 5.77e-07 7.94e-09 0.039 0.881
10 188 5 2 1 31 3 0 0.00156 4.7e-07 7.94e-09 0.0391 0.881
10 189 5 2 1 31 3 0 0.00146 3.89e-07 7.94e-09 0.0391 0.882
10 190 5 2 1 31 3 0 0.00143 3.49e-07 7.94e-09 0.0391 0.882
10 191 5 2 1 31 3 0 0.00287 3.37e-07 7.95e-09 0.0391 0.883
10 192 5 2 1 31 3 0 0.013 5.85e-06 7.69e-09 0.0392 0.895
10 193 5 2 1 31 3 0 0.00525 6.68e-06 7.83e-09 0.0392 0.891
10 194 5 2 1 31 3 0 0.00185 3.88e-06 7.77e-09 0.0392 0.887
10 195 5 2 1 31 3 0 0.00149 2.53e-06 7.76e-09 0.0393 0.885
10 196 5 2 1 31 3 0 0.00142 1.73e-06 7.77e-09 0.0393 0.885
10 197 5 2 1 31 3 0 0.00138 1.24e-06 7.77e-09 0.0393 0.885
10 198 5 2 1 31 3 0 0.00135 9.36e-07 7.78e-09 0.0393 0.886
10 199 5 2 1 31 3 0 0.00133 7.38e-07 7.78e-09 0.0394 0.886
10 200 5 2 1 31 3 0 0.0013 6.03e-07 7.79e-09 0.0394 0.887
10 201 5 2 1 31 3 0 0.00435 5.07e-07 7.79e-09 0.0394 0.887
10 202 6 2 1 31 3 0 0.0116 2.04e-06 7.92e-09 0.0394 0.887
10 203 5 2 1 31 3 0 0.0058 1.34e-06 7.93e-09 0.0395 0.887
10 204 5 2 1 31 3 0 0.00329 8.49e-07 7.91e-09 0.0395 0.887
10 205 5 2 1 31 3 0 0.00216 6.74e-07 7.9e-09 0.0395 0.887
10 206 5 2 1 31 3 0 0.00161 5.57e-07 7.89e-09 0.0395 0.887
10 207 5 2 1 31 3 0 0.00133 4.61e-07 7.89e-09 0.0396 0.887
10 208 5 2 1 31 3 0 0.00117 3.82e-07 7.88e-09 0.0396 0.888
10 209 5 2 1 31 3 0 0.00107 3.15e-07 7.88e-09 0.0396 0.888
10 210 5 2 1 31 3 0 0.00101 2.6e-07 7.88e-09 0.0396 0.889
10 211 5 2 1 31 3 0 0.00197 2.46e-07 7.88e-09 0.0396 0.889
10 212 5 2 1 31 3 0 0.0107 2.98e-06 7.99e-09 0.0397 0.899
10 213 5 2 1 31 3 0 0.00542 1.86e-06 8.07e-09 0.0397 0.895
10 214 5 2 1 31 3 0 0.00228 6.57e-07 8.01e-09 0.0397 0.893
10 215 5 2 1 31 3 0 0.0011 3.52e-07 8e-09 0.0397 0.892
10 216 5 2 1 31 3 0 0.001 2.69e-07 8e-09 0.0397 0.892
10 217 5 2 1 31 3 0 0.000971 2.15e-07 8e-09 0.0398 0.893
stationary flow nc = 1 i = 217 du = 0.000971205
# Quadtree, 217 steps, 301.434 CPU, 309.8 real, 1.2e+04 points.step/s, 33 var
10 0 5 2 1 31 3 0 0 2.15e-07 8e-09 0 0
10 1 5 2 1 5 3 0 1 0 0 0.000799 0
10 2 6 2 1 43 3 0 0.855 4.85e-06 7.7e-09 0.00134 0.253
10 3 6 2 1 43 3 0 0.635 4.87e-06 8.68e-09 0.00181 0.338
10 4 6 2 1 26 4 0 0.478 2.66e-06 6.48e-09 0.00227 0.339
10 5 5 2 1 42 3 0 0.379 7.59e-06 8.98e-09 0.00274 0.322
10 6 5 2 1 43 3 0 0.32 6.73e-06 9.32e-09 0.00322 0.317
10 7 5 2 1 43 3 0 0.274 6.57e-06 9.78e-09 0.00368 0.321
10 8 5 2 1 44 3 0 0.24 6.35e-06 7.12e-09 0.00412 0.331
10 9 5 2 1 44 3 0 0.213 6.15e-06 7.38e-09 0.00455 0.341
10 10 5 2 1 44 3 0 0.19 5.83e-06 7.6e-09 0.00496 0.35
10 11 5 2 1 44 3 0 0.172 5.46e-06 7.79e-09 0.00537 0.358
10 12 5 2 1 44 3 0 0.156 5.1e-06 7.95e-09 0.00576 0.364
10 13 5 2 1 44 3 0 0.143 4.79e-06 8.1e-09 0.00613 0.371
10 14 5 2 1 44 3 0 0.131 4.52e-06 8.24e-09 0.0065 0.377
10 15 5 2 1 44 3 0 0.121 4.28e-06 8.36e-09 0.00686 0.383
10 16 5 2 1 44 3 0 0.112 4.07e-06 8.47e-09 0.00721 0.388
10 17 5 2 1 44 3 0 0.104 3.89e-06 8.57e-09 0.00755 0.393
10 18 5 2 1 44 3 0 0.097 3.76e-06 8.66e-09 0.00787 0.399
10 19 5 2 1 44 3 0 0.0907 3.64e-06 8.73e-09 0.00819 0.405
10 20 5 2 1 44 3 0 0.085 3.59e-06 8.8e-09 0.0085 0.41
10 21 5 2 1 44 3 0 0.0799 3.53e-06 8.86e-09 0.0088 0.416
10 22 5 2 1 44 3 0 0.0752 3.48e-06 8.92e-09 0.0091 0.421
10 23 5 2 1 44 3 0 0.0709 3.42e-06 8.96e-09 0.00938 0.427
10 24 5 2 1 44 3 0 0.067 3.36e-06 9e-09 0.00966 0.432
10 25 5 2 1 44 3 0 0.0634 3.3e-06 9.04e-09 0.00993 0.437
10 26 5 2 1 44 3 0 0.0601 3.24e-06 9.06e-09 0.0102 0.442
10 27 5 2 1 44 3 0 0.0571 3.18e-06 9.09e-09 0.0104 0.446
10 28 5 2 1 44 3 0 0.0543 3.12e-06 9.1e-09 0.0107 0.451
10 29 5 2 1 44 3 0 0.0516 3.06e-06 9.11e-09 0.0109 0.455
10 30 5 2 1 44 3 0 0.0492 3e-06 9.12e-09 0.0112 0.46
10 31 5 2 1 44 3 0 0.0469 2.94e-06 9.12e-09 0.0114 0.464
10 32 5 2 1 44 3 0 0.0448 2.87e-06 9.12e-09 0.0116 0.468
10 33 5 2 1 44 3 0 0.0428 2.81e-06 9.12e-09 0.0118 0.473
10 34 5 2 1 44 3 0 0.0409 2.75e-06 9.11e-09 0.0121 0.477
10 35 5 2 1 44 3 0 0.0391 2.69e-06 9.1e-09 0.0123 0.481
10 36 5 2 1 44 3 0 0.0375 2.63e-06 9.08e-09 0.0125 0.485
10 37 5 2 1 44 3 0 0.0359 2.57e-06 9.07e-09 0.0127 0.489
10 38 5 2 1 44 3 0 0.0344 2.51e-06 9.05e-09 0.0128 0.493
10 39 5 2 1 44 3 0 0.0331 2.45e-06 9.03e-09 0.013 0.496
10 40 5 2 1 44 3 0 0.0317 2.39e-06 9e-09 0.0132 0.5
10 41 5 2 1 44 3 0 0.0305 2.33e-06 8.97e-09 0.0134 0.504
10 42 5 2 1 44 3 0 0.0293 2.27e-06 8.95e-09 0.0135 0.507
10 43 5 2 1 44 3 0 0.0282 2.21e-06 8.92e-09 0.0137 0.511
10 44 5 2 1 44 3 0 0.0271 2.16e-06 8.89e-09 0.0139 0.514
10 45 5 2 1 44 3 0 0.0261 2.1e-06 8.85e-09 0.014 0.517
10 46 5 2 1 44 3 0 0.0251 2.05e-06 8.82e-09 0.0142 0.52
10 47 5 2 1 44 3 0 0.0242 1.99e-06 8.78e-09 0.0143 0.524
10 48 5 2 1 44 3 0 0.0233 1.94e-06 8.75e-09 0.0145 0.527
10 49 5 2 1 44 3 0 0.0225 1.89e-06 8.71e-09 0.0146 0.53
10 50 5 2 1 44 3 0 0.0217 1.84e-06 8.67e-09 0.0148 0.532
10 51 5 2 1 44 3 0 0.021 1.78e-06 8.63e-09 0.0149 0.535
10 52 5 2 1 44 3 0 0.0202 1.78e-06 8.6e-09 0.015 0.538
10 53 5 2 1 44 3 0 0.0195 1.64e-06 8.56e-09 0.0151 0.541
10 54 5 2 1 44 3 0 0.0189 1.62e-06 8.52e-09 0.0153 0.543
10 55 5 2 1 44 3 0 0.0182 1.59e-06 8.48e-09 0.0154 0.546
10 56 5 2 1 44 3 0 0.0176 1.55e-06 8.44e-09 0.0155 0.548
10 57 5 2 1 44 3 0 0.017 1.52e-06 8.4e-09 0.0156 0.551
10 58 5 2 1 44 3 0 0.0164 1.48e-06 8.36e-09 0.0157 0.553
10 59 5 2 1 44 3 0 0.0159 1.45e-06 8.32e-09 0.0158 0.556
10 60 5 2 1 44 3 0 0.0154 1.41e-06 8.28e-09 0.0159 0.558
10 61 5 2 1 44 3 0 0.0149 1.38e-06 8.23e-09 0.016 0.56
10 62 5 2 1 44 3 0 0.0144 1.34e-06 8.19e-09 0.0161 0.562
10 63 5 2 1 44 3 0 0.0139 1.31e-06 8.15e-09 0.0162 0.564
10 64 5 2 1 44 3 0 0.0135 1.27e-06 8.12e-09 0.0163 0.566
10 65 5 2 1 44 3 0 0.0131 1.24e-06 8.08e-09 0.0164 0.569
10 66 5 2 1 44 3 0 0.0127 1.21e-06 8.04e-09 0.0165 0.57
10 67 5 2 1 44 3 0 0.0123 1.19e-06 8e-09 0.0166 0.572
10 68 5 2 1 44 3 0 0.0119 1.17e-06 7.96e-09 0.0167 0.574
10 69 5 2 1 44 3 0 0.0115 1.15e-06 7.92e-09 0.0168 0.576
10 70 5 2 1 44 3 0 0.0112 1.13e-06 7.89e-09 0.0169 0.578
10 71 5 2 1 44 3 0 0.0108 1.11e-06 7.85e-09 0.0169 0.58
10 72 5 2 1 44 3 0 0.0105 1.09e-06 7.81e-09 0.017 0.581
10 73 5 2 1 44 3 0 0.0102 1.07e-06 7.78e-09 0.0171 0.583
10 74 5 2 1 44 3 0 0.00985 1.05e-06 7.74e-09 0.0172 0.585
10 75 5 2 1 44 3 0 0.00955 1.03e-06 7.71e-09 0.0172 0.586
10 76 5 2 1 44 3 0 0.00926 1.01e-06 7.67e-09 0.0173 0.588
10 77 5 2 1 44 3 0 0.00899 9.93e-07 7.64e-09 0.0174 0.589
10 78 5 2 1 44 3 0 0.00872 9.74e-07 7.61e-09 0.0174 0.591
10 79 5 2 1 44 3 0 0.00846 9.55e-07 7.57e-09 0.0175 0.592
10 80 5 2 1 44 3 0 0.00821 9.36e-07 7.54e-09 0.0176 0.594
10 81 5 2 1 44 3 0 0.00796 9.18e-07 7.51e-09 0.0176 0.595
10 82 5 2 1 44 3 0 0.00773 8.99e-07 7.48e-09 0.0177 0.596
10 83 5 2 1 44 3 0 0.0075 8.81e-07 7.45e-09 0.0177 0.598
10 84 5 2 1 44 3 0 0.00728 8.63e-07 7.42e-09 0.0178 0.599
10 85 5 2 1 44 3 0 0.00707 8.46e-07 7.39e-09 0.0178 0.6
10 86 5 2 1 44 3 0 0.00686 8.28e-07 7.36e-09 0.0179 0.602
10 87 5 2 1 44 3 0 0.00666 8.11e-07 7.34e-09 0.0179 0.603
10 88 5 2 1 44 3 0 0.00647 7.96e-07 7.31e-09 0.018 0.604
10 89 5 2 1 44 3 0 0.00628 7.83e-07 7.28e-09 0.018 0.605
10 90 5 2 1 44 3 0 0.0061 7.7e-07 7.26e-09 0.0181 0.606
10 91 5 2 1 44 3 0 0.00593 7.58e-07 7.23e-09 0.0181 0.607
10 92 5 2 1 44 3 0 0.00576 7.45e-07 7.21e-09 0.0182 0.608
10 93 5 2 1 44 3 0 0.00559 7.33e-07 7.19e-09 0.0182 0.609
10 94 5 2 1 44 3 0 0.00543 7.21e-07 7.16e-09 0.0183 0.61
10 95 5 2 1 44 3 0 0.00528 7.08e-07 7.14e-09 0.0183 0.611
10 96 5 2 1 44 3 0 0.00513 6.96e-07 7.12e-09 0.0183 0.612
10 97 5 2 1 44 3 0 0.00499 6.84e-07 7.1e-09 0.0184 0.613
10 98 5 2 1 44 3 0 0.00484 6.72e-07 7.08e-09 0.0184 0.614
10 99 5 2 1 44 3 0 0.00471 6.61e-07 7.06e-09 0.0185 0.615
10 100 5 2 1 44 3 0 0.00458 6.49e-07 7.04e-09 0.0185 0.616
10 101 5 2 1 44 3 0 0.00445 6.37e-07 7.02e-09 0.0185 0.616
10 102 5 2 1 44 3 0 0.00432 1.12e-06 7e-09 0.0186 0.617
10 103 5 2 1 44 3 0 0.0042 6.13e-07 6.98e-09 0.0186 0.618
10 104 5 2 1 43 3 0 0.00408 6.06e-07 9.98e-09 0.0186 0.619
10 105 5 2 1 43 3 0 0.00397 5.95e-07 9.95e-09 0.0187 0.62
10 106 5 2 1 43 3 0 0.00386 5.84e-07 9.93e-09 0.0187 0.62
10 107 5 2 1 43 3 0 0.00375 5.73e-07 9.91e-09 0.0187 0.621
10 108 5 2 1 43 3 0 0.00365 5.62e-07 9.88e-09 0.0188 0.622
10 109 5 2 1 43 3 0 0.00355 5.51e-07 9.86e-09 0.0188 0.622
10 110 5 2 1 43 3 0 0.00345 5.4e-07 9.84e-09 0.0188 0.623
10 111 5 2 1 43 3 0 0.00335 5.3e-07 9.82e-09 0.0188 0.624
10 112 5 2 1 43 3 0 0.00326 5.2e-07 9.8e-09 0.0189 0.624
10 113 5 2 1 43 3 0 0.00317 5.09e-07 9.78e-09 0.0189 0.625
10 114 5 2 1 43 3 0 0.00308 4.99e-07 9.76e-09 0.0189 0.626
10 115 5 2 1 43 3 0 0.003 4.9e-07 9.74e-09 0.0189 0.626
10 116 5 2 1 43 3 0 0.00292 4.8e-07 9.73e-09 0.019 0.627
10 117 5 2 1 43 3 0 0.00284 4.7e-07 9.71e-09 0.019 0.627
10 118 5 2 1 43 3 0 0.00276 4.61e-07 9.69e-09 0.019 0.628
10 119 5 2 1 43 3 0 0.00268 4.52e-07 9.68e-09 0.019 0.628
10 120 5 2 1 43 3 0 0.00261 4.43e-07 9.66e-09 0.0191 0.629
10 121 5 2 1 43 3 0 0.00254 4.34e-07 9.65e-09 0.0191 0.629
10 122 5 2 1 43 3 0 0.00247 4.25e-07 9.63e-09 0.0191 0.63
10 123 5 2 1 43 3 0 0.0024 4.16e-07 9.62e-09 0.0191 0.63
10 124 5 2 1 43 3 0 0.00234 4.08e-07 9.6e-09 0.0191 0.631
10 125 5 2 1 43 3 0 0.00227 3.99e-07 9.59e-09 0.0191 0.631
10 126 5 2 1 43 3 0 0.00221 3.91e-07 9.58e-09 0.0192 0.632
10 127 5 2 1 43 3 0 0.00215 3.83e-07 9.57e-09 0.0192 0.632
10 128 5 2 1 43 3 0 0.00209 3.75e-07 9.55e-09 0.0192 0.632
10 129 5 2 1 43 3 0 0.00204 3.67e-07 9.54e-09 0.0192 0.633
10 130 5 2 1 43 3 0 0.00198 3.59e-07 9.53e-09 0.0192 0.633
10 131 5 2 1 43 3 0 0.00193 3.52e-07 9.52e-09 0.0193 0.634
10 132 5 2 1 43 3 0 0.00188 3.44e-07 9.51e-09 0.0193 0.634
10 133 5 2 1 43 3 0 0.00183 3.37e-07 9.5e-09 0.0193 0.634
10 134 5 2 1 43 3 0 0.00178 3.3e-07 9.49e-09 0.0193 0.635
10 135 5 2 1 43 3 0 0.00173 3.23e-07 9.48e-09 0.0193 0.635
10 136 5 2 1 43 3 0 0.00168 3.16e-07 9.47e-09 0.0193 0.635
10 137 5 2 1 43 3 0 0.00164 3.09e-07 9.46e-09 0.0193 0.636
10 138 5 2 1 43 3 0 0.00159 3.02e-07 9.46e-09 0.0194 0.636
10 139 5 2 1 43 3 0 0.00155 2.95e-07 9.45e-09 0.0194 0.636
10 140 5 2 1 43 3 0 0.00151 2.89e-07 9.44e-09 0.0194 0.637
10 141 5 2 1 43 3 0 0.0243 2.83e-07 9.43e-09 0.0194 0.637
10 142 5 2 1 43 3 0 0.013 1.11e-06 9.42e-09 0.0194 0.645
10 143 5 2 1 43 3 0 0.0145 1.52e-06 9.38e-09 0.0194 0.641
10 144 5 2 1 43 3 0 0.00726 9.4e-07 9.37e-09 0.0194 0.639
10 145 5 2 1 43 3 0 0.00453 5.1e-07 9.37e-09 0.0194 0.639
10 146 5 2 1 43 3 0 0.00319 3.54e-07 9.37e-09 0.0194 0.639
10 147 5 2 1 43 3 0 0.00246 3.05e-07 9.37e-09 0.0194 0.639
10 148 5 2 1 43 3 0 0.00203 2.76e-07 9.37e-09 0.0194 0.639
10 149 5 2 1 43 3 0 0.00176 2.59e-07 9.37e-09 0.0195 0.639
10 150 5 2 1 43 3 0 0.00157 2.5e-07 9.36e-09 0.0195 0.639
10 151 5 2 1 43 3 0 0.00143 2.41e-07 9.36e-09 0.0195 0.639
10 152 5 2 1 43 3 0 0.00133 2.33e-07 9.36e-09 0.0195 0.64
10 153 5 2 1 43 3 0 0.00125 2.25e-07 9.35e-09 0.0195 0.64
10 154 5 2 1 43 3 0 0.00118 2.19e-07 9.35e-09 0.0195 0.64
10 155 5 2 1 43 3 0 0.00113 2.16e-07 9.34e-09 0.0195 0.64
10 156 5 2 1 43 3 0 0.00108 2.13e-07 9.34e-09 0.0195 0.64
10 157 5 2 1 43 3 0 0.00104 2.1e-07 9.34e-09 0.0195 0.641
10 158 5 2 1 43 3 0 0.001 2.06e-07 9.33e-09 0.0195 0.641
10 159 5 2 1 43 3 0 0.000972 2.03e-07 9.33e-09 0.0195 0.641
stationary flow nc = 2 i = 159 du = 0.000971534
# Quadtree, 159 steps, 522.287 CPU, 529 real, 7.41e+03 points.step/s, 33 var
10 0 5 2 1 43 3 0 0 2.03e-07 9.33e-09 0 0
10 1 5 2 1 5 3 0 1 0 0 0.000699 0
10 2 6 2 1 28 3 0 0.951 5.94e-06 8.08e-09 0.00107 0.269
10 3 6 2 1 28 3 0 0.753 6.3e-06 7.22e-09 0.00139 0.33
10 4 6 2 1 29 3 0 0.578 6.52e-06 6.99e-09 0.00173 0.313
10 5 6 3 1 28 3 0 0.439 5.7e-06 9.46e-09 0.00207 0.293
10 6 5 3 1 29 3 0 0.366 9.32e-06 5.93e-09 0.00242 0.29
10 7 5 3 1 29 3 0 0.307 7.43e-06 6.52e-09 0.00274 0.297
10 8 5 3 1 29 3 0 0.264 6.54e-06 7.07e-09 0.00305 0.307
10 9 5 3 1 29 3 0 0.231 6.16e-06 7.61e-09 0.00335 0.317
10 10 5 3 1 29 3 0 0.204 5.85e-06 8.13e-09 0.00363 0.326
10 11 5 3 1 29 3 0 0.182 5.47e-06 8.63e-09 0.00389 0.333
10 12 5 3 1 29 3 0 0.163 5.04e-06 9.11e-09 0.00415 0.34
10 13 5 3 1 29 3 0 0.147 4.6e-06 9.57e-09 0.00439 0.347
10 14 5 3 1 30 3 0 0.134 4.26e-06 5.82e-09 0.00463 0.354
10 15 5 3 1 30 3 0 0.122 4.07e-06 6.07e-09 0.00485 0.36
10 16 5 3 1 30 3 0 0.112 3.86e-06 6.31e-09 0.00507 0.366
10 17 5 3 1 30 3 0 0.103 3.66e-06 6.54e-09 0.00527 0.372
10 18 5 3 1 30 3 0 0.0952 3.45e-06 6.76e-09 0.00547 0.378
10 19 5 3 1 30 3 0 0.0881 3.24e-06 6.98e-09 0.00566 0.383
10 20 5 3 1 30 3 0 0.0818 3.04e-06 7.18e-09 0.00584 0.389
10 21 5 3 1 30 3 0 0.0761 2.84e-06 7.38e-09 0.00601 0.394
10 22 5 3 1 30 3 0 0.0709 2.65e-06 7.57e-09 0.00617 0.399
10 23 5 3 1 30 3 0 0.0663 2.47e-06 7.75e-09 0.00633 0.404
10 24 5 3 1 30 3 0 0.062 2.29e-06 7.93e-09 0.00648 0.409
10 25 5 3 1 30 3 0 0.0581 2.13e-06 8.09e-09 0.00663 0.413
10 26 5 3 1 30 3 0 0.0545 1.97e-06 8.25e-09 0.00677 0.417
10 27 5 3 1 30 3 0 0.0513 1.82e-06 8.41e-09 0.0069 0.422
10 28 5 3 1 30 3 0 0.0482 1.68e-06 8.55e-09 0.00703 0.426
10 29 5 3 1 30 3 0 0.0454 1.55e-06 8.7e-09 0.00715 0.429
10 30 5 3 1 30 3 0 0.0428 1.42e-06 8.83e-09 0.00727 0.433
10 31 5 3 1 30 3 0 0.0404 1.31e-06 8.96e-09 0.00738 0.437
10 32 5 2 1 30 3 0 0.0382 2.45e-06 9.08e-09 0.00749 0.44
10 33 5 2 1 30 3 0 0.0361 2.62e-06 9.19e-09 0.0076 0.444
10 34 5 2 1 30 3 0 0.0342 2.52e-06 9.3e-09 0.0077 0.447
10 35 5 2 1 30 3 0 0.0324 2.41e-06 9.41e-09 0.00779 0.45
10 36 5 2 1 30 3 0 0.0307 2.32e-06 9.51e-09 0.00788 0.453
10 37 5 2 1 30 3 0 0.0291 2.22e-06 9.6e-09 0.00797 0.456
10 38 5 2 1 30 3 0 0.0276 2.13e-06 9.69e-09 0.00805 0.459
10 39 5 2 1 30 3 0 0.0262 2.04e-06 9.78e-09 0.00813 0.462
10 40 5 2 1 30 3 0 0.0249 1.95e-06 9.86e-09 0.00821 0.465
10 41 5 2 1 30 3 0 0.0236 1.86e-06 9.94e-09 0.00828 0.467
10 42 5 2 1 31 3 0 0.0225 1.78e-06 5.82e-09 0.00836 0.47
10 43 5 2 1 31 3 0 0.0214 1.7e-06 5.86e-09 0.00842 0.472
10 44 5 2 1 31 3 0 0.0203 1.62e-06 5.89e-09 0.00849 0.474
10 45 5 2 1 31 3 0 0.0194 1.54e-06 5.93e-09 0.00855 0.476
10 46 5 2 1 31 3 0 0.0184 1.47e-06 5.96e-09 0.00861 0.478
10 47 5 2 1 31 3 0 0.0176 1.4e-06 6e-09 0.00867 0.48
10 48 5 2 1 31 3 0 0.0167 1.34e-06 6.03e-09 0.00872 0.482
10 49 5 2 1 31 3 0 0.0159 1.32e-06 6.06e-09 0.00878 0.484
10 50 5 2 1 31 3 0 0.0152 1.3e-06 6.08e-09 0.00883 0.486
10 51 5 2 1 31 3 0 0.0145 1.27e-06 6.11e-09 0.00888 0.488
10 52 5 2 1 31 3 0 0.0138 1.25e-06 6.13e-09 0.00892 0.489
10 53 5 2 1 31 3 0 0.0132 1.23e-06 6.15e-09 0.00897 0.491
10 54 5 2 1 31 3 0 0.0126 1.21e-06 6.17e-09 0.00901 0.492
10 55 5 2 1 31 3 0 0.012 1.18e-06 6.19e-09 0.00905 0.494
10 56 5 2 1 31 3 0 0.0115 1.16e-06 6.21e-09 0.00909 0.495
10 57 5 2 1 31 3 0 0.011 1.14e-06 6.22e-09 0.00913 0.497
10 58 5 2 1 31 3 0 0.0105 1.11e-06 6.24e-09 0.00916 0.498
10 59 5 2 1 31 3 0 0.01 1.09e-06 6.25e-09 0.0092 0.499
10 60 5 2 1 31 3 0 0.00956 1.07e-06 6.27e-09 0.00923 0.5
10 61 5 2 1 31 3 0 0.116 1.05e-06 6.28e-09 0.00925 0.502
10 62 5 2 1 31 3 0 0.0374 7.38e-06 6.29e-09 0.00928 0.514
10 63 5 2 1 31 3 0 0.0126 2.75e-06 6.5e-09 0.0093 0.512
10 64 5 2 1 31 3 0 0.00903 1.34e-06 6.42e-09 0.00933 0.51
10 65 5 2 1 31 3 0 0.00772 1.24e-06 6.42e-09 0.00935 0.509
10 66 5 2 1 31 3 0 0.00708 1.13e-06 6.43e-09 0.00938 0.509
10 67 5 2 1 31 3 0 0.00679 1.02e-06 6.44e-09 0.0094 0.51
10 68 5 2 1 31 3 0 0.00653 9.4e-07 6.45e-09 0.00943 0.511
10 69 5 2 1 31 3 0 0.00628 8.94e-07 6.45e-09 0.00945 0.512
10 70 5 2 1 31 3 0 0.00603 8.64e-07 6.46e-09 0.00947 0.513
10 71 5 2 1 31 3 0 0.00559 8.4e-07 6.47e-09 0.00949 0.514
10 72 5 2 1 31 3 0 0.0295 7.88e-06 6.47e-09 0.00951 0.511
10 73 5 2 1 31 3 0 0.0166 2.28e-06 6.4e-09 0.00953 0.512
10 74 5 2 1 31 3 0 0.0111 1.48e-06 6.41e-09 0.00955 0.513
10 75 5 2 1 31 3 0 0.00833 9.94e-07 6.41e-09 0.00957 0.514
10 76 5 2 1 31 3 0 0.00678 7.02e-07 6.4e-09 0.00959 0.514
10 77 5 2 1 31 3 0 0.00583 6.58e-07 6.39e-09 0.00961 0.515
10 78 5 2 1 31 3 0 0.0052 6.51e-07 6.38e-09 0.00962 0.515
10 79 5 2 1 31 3 0 0.00475 6.35e-07 6.37e-09 0.00964 0.516
10 80 5 2 1 31 3 0 0.00442 6.17e-07 6.36e-09 0.00965 0.516
10 81 5 2 1 31 3 0 0.00818 5.99e-07 6.35e-09 0.00965 0.517
10 82 5 2 1 31 3 0 0.0329 7.88e-06 6.35e-09 0.00966 0.529
10 83 5 2 1 31 3 0 0.00815 2.76e-06 6.56e-09 0.00967 0.526
10 84 5 2 1 31 3 0 0.00473 1.05e-06 6.46e-09 0.00968 0.524
10 85 5 2 1 31 3 0 0.00359 8.4e-07 6.44e-09 0.00969 0.522
10 86 5 2 1 31 3 0 0.00313 7.84e-07 6.44e-09 0.00971 0.522
10 87 5 2 1 31 3 0 0.00291 6.96e-07 6.44e-09 0.00972 0.522
10 88 5 2 1 31 3 0 0.00278 6.26e-07 6.44e-09 0.00973 0.523
10 89 5 2 1 31 3 0 0.00269 5.85e-07 6.44e-09 0.00974 0.523
10 90 5 2 1 31 3 0 0.0026 5.64e-07 6.44e-09 0.00975 0.524
10 91 5 2 1 31 3 0 0.00242 5.5e-07 6.43e-09 0.00976 0.524
10 92 5 2 1 31 3 0 0.0266 8.1e-06 6.43e-09 0.00977 0.521
10 93 5 2 1 31 3 0 0.0137 2.16e-06 6.35e-09 0.00978 0.521
10 94 5 2 1 31 3 0 0.00833 1.34e-06 6.36e-09 0.00979 0.522
10 95 5 2 1 31 3 0 0.00566 8.36e-07 6.35e-09 0.00979 0.523
10 96 5 2 1 31 3 0 0.00421 5.4e-07 6.33e-09 0.0098 0.523
10 97 5 2 1 31 3 0 0.00337 3.96e-07 6.31e-09 0.00981 0.523
10 98 5 2 1 31 3 0 0.00284 4.03e-07 6.3e-09 0.00982 0.523
10 99 5 2 1 31 3 0 0.0025 4.04e-07 6.29e-09 0.00983 0.523
10 100 5 2 1 31 3 0 0.00226 4e-07 6.28e-09 0.00983 0.524
10 101 5 2 1 31 3 0 0.00209 3.94e-07 6.27e-09 0.00983 0.524
10 102 5 2 1 31 3 0 0.0311 8.08e-06 6.26e-09 0.00983 0.536
10 103 5 2 1 31 3 0 0.00633 2.83e-06 6.47e-09 0.00983 0.533
10 104 5 2 1 31 3 0 0.00318 1.07e-06 6.36e-09 0.00983 0.53
10 105 5 2 1 31 3 0 0.0019 7.72e-07 6.34e-09 0.00984 0.528
10 106 5 2 1 31 3 0 0.00151 7.3e-07 6.34e-09 0.00985 0.528
10 107 5 2 1 31 3 0 0.00135 6.09e-07 6.34e-09 0.00985 0.528
10 108 5 2 1 31 3 0 0.00128 5.15e-07 6.33e-09 0.00986 0.528
10 109 5 2 1 31 3 0 0.00122 4.67e-07 6.33e-09 0.00986 0.528
10 110 5 2 1 31 3 0 0.00118 4.47e-07 6.33e-09 0.00987 0.529
10 111 5 2 1 31 3 0 0.0133 4.36e-07 6.33e-09 0.00985 0.529
10 112 6 2 1 31 3 0 0.0312 2.65e-06 6.32e-09 0.00985 0.533
10 113 5 2 1 31 3 0 0.0206 7.09e-06 6.39e-09 0.00986 0.526
10 114 5 2 1 31 3 0 0.0146 2.02e-06 6.24e-09 0.00986 0.526
10 115 5 2 1 31 3 0 0.0078 1.04e-06 6.25e-09 0.00987 0.526
10 116 5 2 1 31 3 0 0.00473 6.51e-07 6.23e-09 0.00987 0.526
10 117 5 2 1 31 3 0 0.00324 4.98e-07 6.21e-09 0.00988 0.526
10 118 5 2 1 31 3 0 0.00244 4.51e-07 6.19e-09 0.00988 0.526
10 119 5 2 1 31 3 0 0.00199 4.21e-07 6.17e-09 0.00989 0.526
10 120 5 2 1 31 3 0 0.00173 3.94e-07 6.16e-09 0.00989 0.526
10 121 5 2 1 31 3 0 0.00341 3.66e-07 6.15e-09 0.00988 0.526
10 122 5 2 1 31 3 0 0.0305 8.13e-06 6.14e-09 0.00988 0.538
10 123 5 2 1 31 3 0 0.0058 2.87e-06 6.35e-09 0.00988 0.535
10 124 5 2 1 31 3 0 0.00268 1.08e-06 6.24e-09 0.00988 0.532
10 125 5 2 1 31 3 0 0.00139 7.01e-07 6.23e-09 0.00989 0.53
10 126 5 2 1 31 3 0 0.00101 6.53e-07 6.22e-09 0.00989 0.53
10 127 5 2 1 31 3 0 0.000876 5.27e-07 6.22e-09 0.00989 0.53
stationary flow nc = 3 i = 127 du = 0.00087601
# Quadtree, 127 steps, 398.298 CPU, 404.6 real, 9.38e+03 points.step/s, 33 var
10 0 5 2 1 31 3 0 0 5.27e-07 6.22e-09 0 0
10 1 5 2 1 5 3 0 1 0 0 0.000599 0
10 2 6 2 1 29 3 0 1.1 5.63e-06 6.08e-09 0.000836 0.26
10 3 6 2 1 30 3 0 0.913 3.7e-06 6.8e-09 0.00104 0.311
10 4 6 2 1 30 3 0 0.68 3.03e-06 7.34e-09 0.00127 0.3
10 5 5 2 1 29 3 0 0.485 8.36e-06 7.81e-09 0.0015 0.289
10 6 5 2 1 29 3 0 0.403 7.26e-06 8.61e-09 0.00173 0.291
10 7 5 2 1 29 3 0 0.328 6.47e-06 9.49e-09 0.00194 0.299
10 8 5 2 1 30 3 0 0.274 6e-06 6.08e-09 0.00213 0.308
10 9 5 2 1 30 3 0 0.234 5.67e-06 6.55e-09 0.00231 0.318
10 10 5 2 1 30 3 0 0.203 5.37e-06 7.01e-09 0.00248 0.326
10 11 5 2 1 30 3 0 0.177 5.06e-06 7.45e-09 0.00263 0.334
10 12 5 2 1 30 3 0 0.157 4.82e-06 7.86e-09 0.00278 0.342
10 13 5 2 1 30 3 0 0.139 4.68e-06 8.26e-09 0.00291 0.349
10 14 5 2 1 30 3 0 0.124 4.52e-06 8.63e-09 0.00304 0.356
10 15 5 2 1 30 3 0 0.112 4.37e-06 8.98e-09 0.00316 0.363
10 16 5 2 1 30 3 0 0.101 4.21e-06 9.32e-09 0.00327 0.369
10 17 5 2 1 30 3 0 0.091 4.06e-06 9.64e-09 0.00337 0.374
10 18 5 2 1 30 3 0 0.0826 3.9e-06 9.94e-09 0.00347 0.38
10 19 5 2 1 31 3 0 0.0752 3.74e-06 6.01e-09 0.00355 0.385
10 20 5 2 1 31 3 0 0.0685 3.58e-06 6.17e-09 0.00364 0.39
10 21 5 2 1 31 3 0 0.172 3.43e-06 6.31e-09 0.0037 0.394
10 22 5 2 1 31 3 0 0.121 4.32e-06 6.46e-09 0.00377 0.411
10 23 5 2 1 31 3 0 0.0661 4.94e-06 7e-09 0.00383 0.413
10 24 5 2 1 31 3 0 0.0522 3.6e-06 7e-09 0.00389 0.414
10 25 5 2 1 31 3 0 0.0459 3.05e-06 7.09e-09 0.00395 0.415
10 26 5 2 1 31 3 0 0.0413 2.77e-06 7.2e-09 0.00401 0.417
10 27 5 2 1 31 3 0 0.0378 2.6e-06 7.31e-09 0.00406 0.42
10 28 5 2 1 31 3 0 0.035 2.49e-06 7.42e-09 0.0041 0.423
10 29 5 2 1 31 3 0 0.0324 2.38e-06 7.52e-09 0.00415 0.426
10 30 5 2 1 31 3 0 0.0301 2.29e-06 7.62e-09 0.00419 0.428
10 31 5 2 1 31 3 0 0.181 2.19e-06 7.71e-09 0.00421 0.431
10 32 6 2 1 31 3 0 0.0844 2.47e-06 7.71e-09 0.00424 0.439
10 33 5 2 1 31 3 0 0.0588 8.45e-06 7.91e-09 0.00428 0.432
10 34 5 2 1 31 3 0 0.046 3.19e-06 7.71e-09 0.00431 0.432
10 35 5 2 1 31 3 0 0.0311 2.24e-06 7.76e-09 0.00434 0.433
10 36 5 2 1 31 3 0 0.0242 1.73e-06 7.79e-09 0.00438 0.435
10 37 5 2 1 31 3 0 0.0205 1.43e-06 7.81e-09 0.0044 0.437
10 38 5 2 1 31 3 0 0.0184 1.3e-06 7.84e-09 0.00443 0.439
10 39 5 2 1 31 3 0 0.0171 1.24e-06 7.86e-09 0.00446 0.441
10 40 5 2 1 31 3 0 0.0158 1.2e-06 7.89e-09 0.00448 0.442
10 41 5 2 1 31 3 0 0.0263 1.17e-06 7.91e-09 0.00448 0.443
10 42 5 2 1 31 3 0 0.0803 2.86e-06 7.94e-09 0.0045 0.46
10 43 5 2 1 31 3 0 0.0293 3.36e-06 8.47e-09 0.00451 0.459
10 44 5 2 1 31 3 0 0.0168 1.91e-06 8.34e-09 0.00453 0.456
10 45 5 2 1 31 3 0 0.0117 1.42e-06 8.33e-09 0.00454 0.454
10 46 5 2 1 31 3 0 0.00965 1.33e-06 8.34e-09 0.00456 0.453
10 47 5 2 1 31 3 0 0.00863 1.17e-06 8.37e-09 0.00457 0.454
10 48 5 2 1 31 3 0 0.00811 1.04e-06 8.4e-09 0.00459 0.455
10 49 5 2 1 31 3 0 0.00772 9.68e-07 8.42e-09 0.0046 0.455
10 50 5 2 1 31 3 0 0.00732 9.3e-07 8.45e-09 0.00461 0.456
10 51 5 2 1 31 3 0 0.0568 9.07e-07 8.47e-09 0.0046 0.457
10 52 6 2 1 31 3 0 0.0663 2.74e-06 8.4e-09 0.00461 0.464
10 53 5 2 1 31 3 0 0.0428 9.52e-06 8.56e-09 0.00461 0.455
10 54 5 2 1 31 3 0 0.0312 3.04e-06 8.26e-09 0.00463 0.453
10 55 5 2 1 31 3 0 0.0172 1.97e-06 8.26e-09 0.00464 0.453
10 56 5 2 1 31 3 0 0.0112 1.39e-06 8.23e-09 0.00465 0.454
10 57 5 2 1 31 3 0 0.00842 1.06e-06 8.21e-09 0.00466 0.455
10 58 5 2 1 31 3 0 0.00698 8.61e-07 8.18e-09 0.00467 0.455
10 59 5 2 1 31 3 0 0.00611 7.26e-07 8.17e-09 0.00468 0.456
10 60 5 2 1 31 3 0 0.00563 6.87e-07 8.15e-09 0.00469 0.456
10 61 5 2 1 31 3 0 0.00524 6.61e-07 8.14e-09 0.00468 0.457
10 62 5 2 1 31 3 0 0.0723 3.75e-06 8.14e-09 0.00468 0.473
10 63 5 2 1 31 3 0 0.0218 2.99e-06 8.66e-09 0.00468 0.472
10 64 5 2 1 31 3 0 0.00973 1.58e-06 8.48e-09 0.00469 0.467
10 65 5 2 1 31 3 0 0.00478 1.02e-06 8.44e-09 0.00469 0.464
10 66 5 2 1 31 3 0 0.00322 9.62e-07 8.43e-09 0.0047 0.463
10 67 5 2 1 31 3 0 0.00262 8.51e-07 8.43e-09 0.0047 0.463
10 68 5 2 1 31 3 0 0.00241 7.4e-07 8.44e-09 0.00471 0.463
10 69 5 2 1 31 3 0 0.00232 6.69e-07 8.44e-09 0.00471 0.464
10 70 5 2 1 31 3 0 0.00226 6.32e-07 8.44e-09 0.00471 0.464
10 71 5 2 1 31 3 0 0.0291 6.13e-07 8.45e-09 0.0047 0.464
10 72 6 2 1 31 3 0 0.0622 2.74e-06 8.36e-09 0.0047 0.471
10 73 6 2 1 31 3 0 0.0392 1.92e-06 8.5e-09 0.0047 0.461
10 74 5 3 1 31 3 0 0.0278 1.94e-06 8.19e-09 0.00471 0.459
10 75 5 3 1 31 3 0 0.014 7.98e-07 8.18e-09 0.00471 0.459
10 76 5 3 1 31 3 0 0.00816 5.28e-07 8.13e-09 0.00472 0.459
10 77 5 3 1 31 3 0 0.00559 3.95e-07 8.1e-09 0.00473 0.459
10 78 5 3 1 31 3 0 0.00434 3.12e-07 8.06e-09 0.00473 0.46
10 79 5 3 1 31 3 0 0.00365 2.56e-07 8.04e-09 0.00474 0.46
10 80 5 3 1 31 3 0 0.00323 2.17e-07 8.01e-09 0.00474 0.46
10 81 5 3 1 31 3 0 0.00836 1.88e-07 7.99e-09 0.00473 0.461
10 82 5 3 1 31 3 0 0.0704 2.66e-06 7.98e-09 0.00473 0.478
10 83 5 3 1 31 3 0 0.02 1.46e-06 8.5e-09 0.00472 0.476
10 84 5 3 1 31 3 0 0.00804 9.91e-07 8.31e-09 0.00472 0.471
10 85 5 3 1 31 3 0 0.00312 6.11e-07 8.27e-09 0.00473 0.468
10 86 5 3 1 31 3 0 0.00167 3.62e-07 8.25e-09 0.00473 0.466
10 87 5 3 1 31 3 0 0.0013 2.12e-07 8.25e-09 0.00473 0.466
10 88 5 3 1 31 3 0 0.00117 1.4e-07 8.25e-09 0.00474 0.466
10 89 5 3 1 31 3 0 0.00109 1.15e-07 8.25e-09 0.00474 0.466
10 90 5 3 1 31 3 0 0.00107 1.02e-07 8.25e-09 0.00474 0.467
10 91 5 3 1 31 3 0 0.0224 9.3e-08 8.25e-09 0.00472 0.467
10 92 5 3 1 31 3 0 0.0612 7.7e-06 8.16e-09 0.00472 0.471
10 93 5 3 1 31 3 0 0.0383 6.14e-06 8.3e-09 0.00472 0.463
10 94 5 3 1 31 3 0 0.027 1.56e-06 7.99e-09 0.00473 0.46
10 95 5 3 1 31 3 0 0.0132 8.24e-07 7.97e-09 0.00473 0.46
10 96 5 3 1 31 3 0 0.00742 5.43e-07 7.93e-09 0.00474 0.46
10 97 5 3 1 31 3 0 0.0049 4.11e-07 7.89e-09 0.00474 0.461
10 98 5 3 1 31 3 0 0.00369 3.26e-07 7.86e-09 0.00475 0.461
10 99 5 3 1 31 3 0 0.00305 2.69e-07 7.83e-09 0.00475 0.461
10 100 5 3 1 31 3 0 0.00266 2.28e-07 7.81e-09 0.00476 0.461
10 101 5 3 1 31 3 0 0.00992 1.99e-07 7.78e-09 0.00474 0.462
10 102 5 3 1 31 3 0 0.0699 2.67e-06 7.77e-09 0.00474 0.479
10 103 5 3 1 31 3 0 0.0196 1.5e-06 8.3e-09 0.00473 0.476
10 104 5 3 1 31 3 0 0.00763 9.87e-07 8.11e-09 0.00473 0.472
10 105 5 3 1 31 3 0 0.00271 6.07e-07 8.07e-09 0.00474 0.469
10 106 5 3 1 31 3 0 0.00128 3.54e-07 8.05e-09 0.00474 0.467
10 107 5 3 1 31 3 0 0.000981 2.13e-07 8.05e-09 0.00474 0.467
stationary flow nc = 4 i = 107 du = 0.000981114
# Quadtree, 107 steps, 392.566 CPU, 397.8 real, 9.22e+03 points.step/s, 33 var
10 0 5 3 1 31 3 0 0 2.13e-07 8.05e-09 0 0
10 1 5 3 1 5 3 0 1 0 0 0.000498 0
10 2 5 3 1 30 3 0 1.24 7.74e-06 6.27e-09 0.000622 0.247
10 3 5 3 1 30 3 0 1.04 7.15e-06 8.38e-09 0.000739 0.306
10 4 5 3 1 31 3 0 0.754 6.77e-06 6.5e-09 0.000867 0.311
10 5 5 3 1 30 3 0 0.57 4.92e-06 8.66e-09 0.000993 0.31
10 6 5 3 1 30 3 0 0.413 3.01e-06 9.58e-09 0.00111 0.314
10 7 5 3 1 31 3 0 0.316 2.56e-06 6.24e-09 0.00121 0.321
10 8 5 3 1 31 3 0 0.253 2.34e-06 6.74e-09 0.00131 0.331
10 9 5 3 1 31 3 0 0.209 2.21e-06 7.22e-09 0.00139 0.34
10 10 5 3 1 31 3 0 0.176 2.1e-06 7.66e-09 0.00146 0.35
10 11 5 3 1 31 3 0 0.149 1.98e-06 8.07e-09 0.00152 0.358
10 12 5 3 1 31 3 0 0.127 1.87e-06 8.43e-09 0.00157 0.366
10 13 5 3 1 31 3 0 0.109 1.74e-06 8.75e-09 0.00162 0.372
10 14 5 3 1 31 3 0 0.0938 1.61e-06 9.04e-09 0.00166 0.378
10 15 5 3 1 31 3 0 0.0807 1.49e-06 9.3e-09 0.0017 0.383
10 16 5 3 1 31 3 0 0.0697 1.38e-06 9.53e-09 0.00173 0.388
10 17 5 3 1 31 3 0 0.0603 1.29e-06 9.74e-09 0.00176 0.392
10 18 5 3 1 31 3 0 0.0524 1.21e-06 9.92e-09 0.00178 0.395
10 19 5 3 1 32 3 0 0.0455 1.12e-06 6.03e-09 0.0018 0.398
10 20 5 3 1 32 3 0 0.0397 1.05e-06 6.12e-09 0.00182 0.401
10 21 5 3 1 32 3 0 0.0346 9.71e-07 6.19e-09 0.00184 0.404
10 22 5 3 1 32 3 0 0.0302 9e-07 6.26e-09 0.00185 0.406
10 23 5 3 1 32 3 0 0.0265 8.33e-07 6.32e-09 0.00187 0.408
10 24 5 3 1 32 3 0 0.0232 7.71e-07 6.38e-09 0.00188 0.41
10 25 5 3 1 32 3 0 0.0203 7.12e-07 6.43e-09 0.00189 0.412
10 26 5 3 1 32 3 0 0.0178 6.64e-07 6.47e-09 0.0019 0.413
10 27 5 3 1 32 3 0 0.0156 6.29e-07 6.5e-09 0.00191 0.415
10 28 5 3 1 32 3 0 0.0137 5.95e-07 6.54e-09 0.00191 0.416
10 29 5 3 1 32 3 0 0.012 5.61e-07 6.56e-09 0.00192 0.417
10 30 5 3 1 32 3 0 0.0106 5.29e-07 6.59e-09 0.00192 0.418
10 31 5 3 1 32 3 0 0.0093 4.98e-07 6.61e-09 0.00193 0.419
10 32 5 3 1 32 3 0 0.00818 4.68e-07 6.62e-09 0.00193 0.419
10 33 5 3 1 32 3 0 0.00719 4.4e-07 6.64e-09 0.00194 0.42
10 34 5 3 1 32 3 0 0.00632 4.22e-07 6.65e-09 0.00194 0.421
10 35 5 3 1 32 3 0 0.00556 4.16e-07 6.65e-09 0.00194 0.421
10 36 5 3 1 32 3 0 0.0049 4.09e-07 6.66e-09 0.00195 0.422
10 37 5 3 1 32 3 0 0.00431 4.02e-07 6.67e-09 0.00195 0.422
10 38 5 3 1 32 3 0 0.00379 3.94e-07 6.67e-09 0.00195 0.423
10 39 5 3 1 32 3 0 0.00334 3.86e-07 6.67e-09 0.00195 0.423
10 40 5 3 1 32 3 0 0.00294 3.77e-07 6.67e-09 0.00195 0.423
10 41 5 3 1 32 3 0 0.00259 3.68e-07 6.67e-09 0.00195 0.424
10 42 5 3 1 32 3 0 0.00228 3.59e-07 6.66e-09 0.00196 0.424
10 43 5 3 1 32 3 0 0.002 3.5e-07 6.66e-09 0.00196 0.424
10 44 5 3 1 32 3 0 0.00176 3.4e-07 6.65e-09 0.00196 0.424
10 45 5 3 1 32 3 0 0.00155 3.31e-07 6.65e-09 0.00196 0.424
10 46 5 3 1 32 3 0 0.00137 3.22e-07 6.64e-09 0.00196 0.425
10 47 5 3 1 32 3 0 0.0012 3.13e-07 6.63e-09 0.00196 0.425
10 48 5 3 1 32 3 0 0.00106 3.03e-07 6.62e-09 0.00196 0.425
10 49 5 3 1 32 3 0 0.00093 2.94e-07 6.61e-09 0.00196 0.425
stationary flow nc = 5 i = 49 du = 0.000929796
# Quadtree, 49 steps, 214.031 CPU, 217.5 real, 8.84e+03 points.step/s, 33 var
10 0 5 3 1 32 3 0 0 2.94e-07 6.61e-09 0 0
10 1 5 3 1 5 3 0 1 0 0 0.000398 0
10 2 5 3 1 37 4 0 1.17 8.13e-06 9.56e-09 0.000432 0.233
10 3 5 3 1 30 4 0 0.989 8.28e-06 7.47e-09 0.000469 0.319
10 4 6 3 1 27 4 0 0.714 3.5e-06 8.36e-09 0.000501 0.351
10 5 6 3 1 50 3 0 0.602 2.31e-06 8.42e-09 0.000529 0.363
10 6 6 3 1 53 3 0 0.363 1.38e-06 8.04e-09 0.000553 0.369
10 7 5 3 1 53 3 0 0.23 9.25e-06 8.71e-09 0.000573 0.374
10 8 5 3 1 53 3 0 0.151 8.09e-06 9.3e-09 0.000589 0.379
10 9 5 3 1 53 3 0 0.104 6.91e-06 9.84e-09 0.000601 0.384
10 10 5 3 1 54 3 0 0.0758 5.83e-06 7.74e-09 0.00061 0.389
10 11 5 3 1 54 3 0 0.057 4.89e-06 8.07e-09 0.000617 0.393
10 12 5 3 1 54 3 0 0.0437 4.04e-06 8.37e-09 0.000622 0.397
10 13 5 3 1 54 3 0 0.0336 3.52e-06 8.64e-09 0.000625 0.4
10 14 5 3 1 54 3 0 0.0256 3.36e-06 8.89e-09 0.000627 0.402
10 15 5 3 1 54 3 0 0.0193 3.17e-06 9.11e-09 0.000629 0.404
10 16 5 3 1 54 3 0 0.0144 2.98e-06 9.3e-09 0.00063 0.405
10 17 5 3 1 54 3 0 0.0106 2.82e-06 9.48e-09 0.000631 0.406
10 18 5 3 1 54 3 0 0.00774 2.72e-06 9.63e-09 0.000631 0.407
10 19 5 3 1 54 3 0 0.00562 2.63e-06 9.77e-09 0.000632 0.408
10 20 5 3 1 54 3 0 0.00407 2.52e-06 9.89e-09 0.000632 0.408
10 21 5 3 1 54 3 0 0.00293 2.4e-06 9.99e-09 0.000632 0.409
10 22 5 3 1 55 3 0 0.0021 2.27e-06 7.56e-09 0.000632 0.409
10 23 5 3 1 55 3 0 0.0015 2.14e-06 7.62e-09 0.000632 0.41
10 24 5 3 1 55 3 0 0.00106 2.02e-06 7.67e-09 0.000632 0.41
10 25 5 3 1 55 3 0 0.000735 1.89e-06 7.71e-09 0.000632 0.41
stationary flow nc = 6 i = 25 du = 0.000734876
# Quadtree, 25 steps, 167.973 CPU, 170.9 real, 6.38e+03 points.step/s, 33 var
10 0 5 3 1 55 3 0 0 1.89e-06 7.71e-09 0 0
10 1 5 3 1 5 3 0 1 0 0 0.000298 0
10 2 5 3 1 39 3 0 1.33 7.34e-06 7.56e-09 0.000272 0.217
10 3 5 3 1 37 3 0 0.479 8.56e-06 9.69e-09 0.000246 0.332
10 4 5 3 1 39 3 0 0.393 7.43e-06 6.79e-09 0.00021 0.395
10 5 5 3 1 39 3 0 0.424 6.92e-06 8.98e-09 0.000175 0.425
10 6 5 2 1 39 3 0 0.547 8.29e-06 7.61e-09 0.000146 0.438
10 7 6 2 1 39 3 0 0.579 2.34e-06 8.81e-09 0.000125 0.441
10 8 5 2 1 39 3 0 0.531 9.28e-06 9.84e-09 0.000111 0.44
10 9 5 2 1 40 3 0 0.423 7.25e-06 7.29e-09 0.000102 0.437
10 10 5 2 1 40 3 0 0.304 6.17e-06 7.82e-09 9.75e-05 0.434
10 11 5 2 1 40 3 0 0.206 5.25e-06 8.28e-09 9.51e-05 0.431
10 12 5 2 1 40 3 0 0.131 4.5e-06 8.7e-09 9.43e-05 0.429
10 13 5 2 1 40 3 0 0.0803 3.88e-06 9.06e-09 9.42e-05 0.427
10 14 5 2 1 40 3 0 0.0471 3.42e-06 9.38e-09 9.45e-05 0.427
10 15 5 2 1 40 3 0 0.0274 3.07e-06 9.68e-09 9.49e-05 0.427
10 16 5 2 1 40 3 0 0.018 2.79e-06 9.95e-09 9.51e-05 0.427
10 17 5 2 1 41 3 0 0.0177 2.55e-06 6.92e-09 9.52e-05 0.427
10 18 5 2 1 41 3 0 0.0163 2.33e-06 7.08e-09 9.52e-05 0.427
10 19 5 2 1 41 3 0 0.0144 2.14e-06 7.22e-09 9.51e-05 0.428
10 20 5 2 1 41 3 0 0.0123 1.97e-06 7.36e-09 9.49e-05 0.428
10 21 5 2 1 41 3 0 0.0105 1.81e-06 7.48e-09 9.47e-05 0.428
10 22 5 2 1 41 3 0 0.00989 1.66e-06 7.59e-09 9.45e-05 0.428
10 23 5 2 1 41 3 0 0.00938 1.52e-06 7.7e-09 9.43e-05 0.428
10 24 5 2 1 41 3 0 0.00864 1.43e-06 7.79e-09 9.42e-05 0.429
10 25 5 2 1 41 3 0 0.00776 1.38e-06 7.88e-09 9.4e-05 0.429
10 26 5 2 1 41 3 0 0.00684 1.33e-06 7.96e-09 9.39e-05 0.429
10 27 5 2 1 41 3 0 0.00596 1.28e-06 8.04e-09 9.38e-05 0.429
10 28 5 2 1 41 3 0 0.00516 1.23e-06 8.1e-09 9.37e-05 0.429
10 29 5 2 1 41 3 0 0.00446 1.18e-06 8.17e-09 9.36e-05 0.429
10 30 5 2 1 41 3 0 0.00387 1.13e-06 8.23e-09 9.36e-05 0.429
10 31 5 2 1 41 3 0 0.00336 1.08e-06 8.28e-09 9.35e-05 0.429
10 32 5 2 1 41 3 0 0.00294 1.04e-06 8.33e-09 9.35e-05 0.429
10 33 5 2 1 41 3 0 0.00259 9.96e-07 8.37e-09 9.34e-05 0.429
10 34 5 2 1 41 3 0 0.00229 9.55e-07 8.41e-09 9.34e-05 0.429
10 35 5 2 1 41 3 0 0.00203 9.16e-07 8.45e-09 9.33e-05 0.429
10 36 5 2 1 41 3 0 0.00182 8.78e-07 8.48e-09 9.33e-05 0.429
10 37 5 2 1 41 3 0 0.00163 8.41e-07 8.51e-09 9.32e-05 0.429
10 38 5 2 1 41 3 0 0.00146 8.06e-07 8.54e-09 9.32e-05 0.429
10 39 5 2 1 41 3 0 0.00132 7.72e-07 8.56e-09 9.32e-05 0.429
10 40 5 2 1 41 3 0 0.00119 7.39e-07 8.58e-09 9.32e-05 0.429
10 41 5 2 1 41 3 0 0.00107 7.08e-07 8.6e-09 9.31e-05 0.429
10 42 5 2 1 41 3 0 0.000962 6.86e-07 8.62e-09 9.31e-05 0.429
stationary flow nc = 7 i = 42 du = 0.000962416
# Quadtree, 42 steps, 253.914 CPU, 257.5 real, 7.47e+03 points.step/s, 33 var
10 0 5 2 1 41 3 0 0 6.86e-07 8.62e-09 0 0
10 1 5 2 1 5 3 0 1 0 0 0.000248 0
10 2 6 2 1 34 3 0 1.44 5.4e-06 6.9e-09 0.000209 0.207
10 3 6 2 1 32 3 0 0.53 5e-06 7.44e-09 0.000171 0.326
10 4 6 2 1 33 3 0 0.581 5.11e-06 7.1e-09 0.000127 0.39
10 5 6 2 1 33 3 0 0.856 3.97e-06 8.02e-09 8.89e-05 0.42
10 6 6 2 1 33 3 0 1.19 3.04e-06 8.93e-09 6.1e-05 0.431
10 7 6 2 1 34 3 0 1.34 2.44e-06 6.78e-09 4.3e-05 0.433
10 8 5 2 1 34 3 0 1.31 9.93e-06 7.69e-09 3.28e-05 0.431
10 9 5 2 1 34 3 0 1.07 9.05e-06 8.53e-09 2.8e-05 0.427
10 10 5 2 1 34 3 0 0.745 8.16e-06 9.31e-09 2.63e-05 0.424
10 11 5 2 1 35 3 0 0.457 7.32e-06 6.51e-09 2.63e-05 0.422
10 12 5 2 1 35 3 0 0.278 6.57e-06 6.96e-09 2.69e-05 0.422
10 13 5 2 1 35 3 0 0.185 5.9e-06 7.39e-09 2.75e-05 0.423
10 14 5 2 1 35 3 0 0.14 5.31e-06 7.8e-09 2.79e-05 0.424
10 15 5 2 1 35 3 0 0.12 4.79e-06 8.19e-09 2.8e-05 0.426
10 16 5 2 1 35 3 0 0.113 4.33e-06 8.56e-09 2.79e-05 0.428
10 17 5 2 1 35 3 0 0.112 3.91e-06 8.92e-09 2.75e-05 0.43
10 18 5 2 1 35 3 0 0.112 3.53e-06 9.26e-09 2.71e-05 0.431
10 19 5 2 1 35 3 0 0.111 3.18e-06 9.59e-09 2.67e-05 0.433
10 20 5 2 1 35 3 0 0.108 2.86e-06 9.9e-09 2.62e-05 0.434
10 21 5 2 1 36 3 0 0.104 2.6e-06 6.61e-09 2.58e-05 0.435
10 22 5 2 1 36 3 0 0.098 2.46e-06 6.79e-09 2.55e-05 0.436
10 23 5 2 1 36 3 0 0.0919 2.33e-06 6.96e-09 2.51e-05 0.437
10 24 5 2 1 36 3 0 0.0857 2.2e-06 7.13e-09 2.49e-05 0.438
10 25 5 2 1 36 3 0 0.0799 2.08e-06 7.29e-09 2.46e-05 0.439
10 26 5 2 1 36 3 0 0.0744 1.96e-06 7.44e-09 2.44e-05 0.439
10 27 5 2 1 36 3 0 0.0694 1.84e-06 7.59e-09 2.42e-05 0.44
10 28 5 2 1 36 3 0 0.0648 1.74e-06 7.72e-09 2.4e-05 0.441
10 29 5 2 1 36 3 0 0.0607 1.63e-06 7.85e-09 2.38e-05 0.441
10 30 5 2 1 36 3 0 0.057 1.54e-06 7.98e-09 2.37e-05 0.442
10 31 5 2 1 36 3 0 0.0536 1.44e-06 8.09e-09 2.35e-05 0.442
10 32 5 2 1 36 3 0 0.0506 1.36e-06 8.21e-09 2.34e-05 0.443
10 33 5 2 1 36 3 0 0.0477 1.31e-06 8.31e-09 2.32e-05 0.443
10 34 5 2 1 36 3 0 0.045 1.28e-06 8.41e-09 2.31e-05 0.443
10 35 5 2 1 36 3 0 0.0425 1.24e-06 8.51e-09 2.3e-05 0.444
10 36 5 2 1 36 3 0 0.0401 1.2e-06 8.6e-09 2.29e-05 0.444
10 37 5 2 1 36 3 0 0.0379 1.16e-06 8.69e-09 2.28e-05 0.445
10 38 5 2 1 36 3 0 0.0359 1.12e-06 8.77e-09 2.27e-05 0.445
10 39 5 2 1 36 3 0 0.034 1.08e-06 8.85e-09 2.26e-05 0.445
10 40 5 2 1 36 3 0 0.0322 1.04e-06 8.92e-09 2.25e-05 0.445
10 41 5 2 1 36 3 0 0.0305 1e-06 8.99e-09 2.25e-05 0.446
10 42 5 2 1 37 3 0 0.0289 9.62e-07 8.46e-09 2.24e-05 0.446
10 43 5 2 1 37 3 0 0.0274 9.24e-07 8.52e-09 2.23e-05 0.446
10 44 5 2 1 37 3 0 0.0259 8.87e-07 8.58e-09 2.23e-05 0.446
10 45 5 2 1 37 3 0 0.0246 8.51e-07 8.63e-09 2.22e-05 0.446
10 46 5 2 1 37 3 0 0.0233 8.16e-07 8.68e-09 2.21e-05 0.447
10 47 5 2 1 37 3 0 0.0221 7.82e-07 8.72e-09 2.21e-05 0.447
10 48 5 2 1 37 3 0 0.021 7.49e-07 8.77e-09 2.2e-05 0.447
10 49 5 2 1 37 3 0 0.02 7.3e-07 8.81e-09 2.2e-05 0.447
10 50 5 2 1 37 3 0 0.019 7.14e-07 8.85e-09 2.19e-05 0.447
10 51 5 2 1 37 3 0 0.0181 6.99e-07 8.88e-09 2.19e-05 0.447
10 52 5 2 1 37 3 0 0.0172 6.83e-07 8.92e-09 2.19e-05 0.447
10 53 5 2 1 37 3 0 0.0163 6.68e-07 8.95e-09 2.18e-05 0.447
10 54 5 2 1 37 3 0 0.0155 6.53e-07 8.98e-09 2.18e-05 0.447
10 55 5 2 1 37 3 0 0.0148 6.37e-07 9.01e-09 2.18e-05 0.447
10 56 5 2 1 37 3 0 0.0141 6.22e-07 9.03e-09 2.17e-05 0.448
10 57 5 2 1 37 3 0 0.0134 6.07e-07 9.06e-09 2.17e-05 0.448
10 58 5 2 1 37 3 0 0.0127 5.92e-07 9.08e-09 2.17e-05 0.448
10 59 5 2 1 37 3 0 0.0122 5.77e-07 9.1e-09 2.16e-05 0.448
10 60 5 2 1 37 3 0 0.0116 5.63e-07 9.12e-09 2.16e-05 0.448
10 61 5 2 1 37 3 0 0.0111 5.48e-07 9.14e-09 2.16e-05 0.448
10 62 5 2 1 37 3 0 0.0105 5.34e-07 9.15e-09 2.16e-05 0.448
10 63 5 2 1 37 3 0 0.01 5.2e-07 9.17e-09 2.16e-05 0.448
10 64 5 2 1 37 3 0 0.00958 5.06e-07 9.18e-09 2.15e-05 0.448
10 65 5 2 1 37 3 0 0.00913 4.92e-07 9.19e-09 2.15e-05 0.448
10 66 5 2 1 37 3 0 0.00872 4.79e-07 9.2e-09 2.15e-05 0.448
10 67 5 2 1 37 3 0 0.00834 4.66e-07 9.22e-09 2.15e-05 0.448
10 68 5 2 1 37 3 0 0.00798 4.53e-07 9.22e-09 2.15e-05 0.448
10 69 5 2 1 37 3 0 0.00762 4.4e-07 9.23e-09 2.15e-05 0.448
10 70 5 2 1 37 3 0 0.00729 4.28e-07 9.24e-09 2.14e-05 0.448
10 71 5 2 1 37 3 0 0.00697 4.15e-07 9.25e-09 2.14e-05 0.448
10 72 5 2 1 37 3 0 0.00666 4.04e-07 9.25e-09 2.14e-05 0.448
10 73 5 2 1 37 3 0 0.00637 3.98e-07 9.26e-09 2.14e-05 0.448
10 74 5 2 1 37 3 0 0.00611 3.92e-07 9.26e-09 2.14e-05 0.448
10 75 5 2 1 37 3 0 0.00586 3.85e-07 9.27e-09 2.14e-05 0.448
10 76 5 2 1 37 3 0 0.00562 3.79e-07 9.27e-09 2.14e-05 0.448
10 77 5 2 1 37 3 0 0.00538 3.73e-07 9.27e-09 2.14e-05 0.448
10 78 5 2 1 37 3 0 0.00516 3.66e-07 9.27e-09 2.14e-05 0.448
10 79 5 2 1 37 3 0 0.00494 3.6e-07 9.27e-09 2.14e-05 0.448
10 80 5 2 1 37 3 0 0.00474 3.53e-07 9.27e-09 2.13e-05 0.448
10 81 5 2 1 37 3 0 0.00454 3.47e-07 9.27e-09 2.13e-05 0.448
10 82 5 2 1 37 3 0 0.00435 3.4e-07 9.27e-09 2.13e-05 0.448
10 83 5 2 1 37 3 0 0.00416 3.34e-07 9.27e-09 2.13e-05 0.448
10 84 5 2 1 37 3 0 0.00399 3.28e-07 9.27e-09 2.13e-05 0.448
10 85 5 2 1 37 3 0 0.00383 3.21e-07 9.27e-09 2.13e-05 0.448
10 86 5 2 1 37 3 0 0.00368 3.15e-07 9.27e-09 2.13e-05 0.448
10 87 5 2 1 37 3 0 0.00354 3.09e-07 9.27e-09 2.13e-05 0.448
10 88 5 2 1 37 3 0 0.00339 3.02e-07 9.26e-09 2.13e-05 0.448
10 89 5 2 1 37 3 0 0.00326 2.96e-07 9.26e-09 2.13e-05 0.448
10 90 5 2 1 37 3 0 0.00313 2.9e-07 9.26e-09 2.13e-05 0.448
10 91 5 2 1 37 3 0 0.003 2.84e-07 9.25e-09 2.13e-05 0.448
10 92 5 2 1 37 3 0 0.00288 2.78e-07 9.25e-09 2.13e-05 0.448
10 93 5 2 1 37 3 0 0.00276 2.72e-07 9.24e-09 2.13e-05 0.448
10 94 5 2 1 37 3 0 0.00265 2.66e-07 9.24e-09 2.13e-05 0.448
10 95 5 2 1 37 3 0 0.00254 2.6e-07 9.24e-09 2.13e-05 0.448
10 96 5 2 1 37 3 0 0.00243 2.54e-07 9.23e-09 2.13e-05 0.448
10 97 5 2 1 37 3 0 0.00233 2.49e-07 9.23e-09 2.13e-05 0.448
10 98 5 2 1 37 3 0 0.00224 2.43e-07 9.22e-09 2.13e-05 0.448
10 99 5 2 1 37 3 0 0.00214 2.38e-07 9.22e-09 2.13e-05 0.448
10 100 5 2 1 37 3 0 0.00205 2.32e-07 9.21e-09 2.13e-05 0.448
10 101 5 2 1 37 3 0 0.00197 2.27e-07 9.21e-09 2.13e-05 0.448
10 102 5 2 1 37 3 0 0.00188 2.22e-07 9.2e-09 2.13e-05 0.448
10 103 5 2 1 37 3 0 0.0018 2.16e-07 9.2e-09 2.13e-05 0.448
10 104 5 2 1 37 3 0 0.00173 2.11e-07 9.19e-09 2.13e-05 0.448
10 105 5 2 1 37 3 0 0.00165 2.06e-07 9.19e-09 2.13e-05 0.448
10 106 5 2 1 37 3 0 0.00158 2.01e-07 9.18e-09 2.13e-05 0.448
10 107 5 2 1 37 3 0 0.00151 1.97e-07 9.17e-09 2.13e-05 0.448
10 108 5 2 1 37 3 0 0.00145 1.92e-07 9.17e-09 2.13e-05 0.448
10 109 5 2 1 37 3 0 0.00138 1.87e-07 9.16e-09 2.13e-05 0.448
10 110 5 2 1 37 3 0 0.00132 1.83e-07 9.16e-09 2.13e-05 0.448
10 111 5 2 1 37 3 0 0.00126 1.78e-07 9.15e-09 2.13e-05 0.448
10 112 5 2 1 37 3 0 0.00121 1.74e-07 9.15e-09 2.13e-05 0.448
10 113 5 2 1 37 3 0 0.00115 1.69e-07 9.14e-09 2.13e-05 0.448
10 114 5 2 1 37 3 0 0.0011 1.65e-07 9.13e-09 2.13e-05 0.448
10 115 5 2 1 37 3 0 0.00105 1.61e-07 9.13e-09 2.13e-05 0.448
10 116 5 2 1 37 3 0 0.001 1.57e-07 9.12e-09 2.13e-05 0.448
10 117 5 2 1 37 3 0 0.000958 1.53e-07 9.12e-09 2.13e-05 0.448
stationary flow nc = 8 i = 117 du = 0.000957536
# Quadtree, 117 steps, 616.732 CPU, 621.5 real, 8.7e+03 points.step/s, 33 var
