7 0.1 26.5088 24.83 0.0676127
8 0.1 24.7892 24.83 0.00164196
9 0.1 24.7037 24.83 0.00508838
7 0.2 54.7781 51.53 0.0630326
8 0.2 50.363 51.53 0.0226465
9 0.2 50.0931 51.53 0.0278848
7 0.3 110.551 102.9 0.0743544
8 0.3 98.8825 102.9 0.0390429
9 0.3 98.1345 102.9 0.0463121
7 0.4 241.325 217.89 0.107552
8 0.4 205.545 217.89 0.0566574
9 0.4 203.264 217.89 0.067125
7 0.5 633.247 532.55 0.189084
8 0.5 485.613 532.55 0.0881371
9 0.5 480.985 532.55 0.0968258
7 0.6 2715.5 1763 0.540272
8 0.6 1493.5 1763 0.152865
