6 1e-3 0.0308873 0.552476
6 1e-4 0.0308692 0.571371
6 1e-5 0.0308646 0.653713
6 1e-6 0.0308632 0.72287
7 1e-3 0.0305891 0.150987
7 1e-4 0.0305741 0.105736
7 1e-5 0.0305712 0.103496
7 1e-6 0.0305691 0.144726
8 1e-3 0.030606 0.0799103
8 1e-4 0.0305849 0.140573
8 1e-5 0.0305814 0.251214
8 1e-6 0.0305808 0.198258
9 1e-3 0.0306683 0.112599
9 1e-4 0.0306465 0.277548
9 1e-5 0.0306436 0.428143
9 1e-6 0.0306446 0.443168
6 1e-3 0.0308873 0.552476
6 1e-4 0.0580691 0.558758
6 1e-5 0.01131 5.60256
6 1e-6 0.00322859 170.098
7 1e-3 0.0305891 0.150987
7 1e-4 0.0576985 0.116061
7 1e-5 0.0111981 1.44982
7 1e-6 0.00123928 45.8443
8 1e-3 0.030606 0.0799103
8 1e-4 0.0577639 0.122966
8 1e-5 0.0112094 0.405387
8 1e-6 0.00123019 11.9761
9 1e-3 0.0306683 0.112599
9 1e-4 0.057823 0.230635
9 1e-5 0.00562937 0.0308134
9 1e-6 0.00419697 0.0094282
