12 1e-1 1e-1 0.1 0.0724814 0.299389 0.300098 2620 6
12 1e-1 1e-2 0.01 0.0334988 0.943718 0.300098 2680 6
12 1e-1 1e-3 0.001 0.0412611 0.446963 0.300098 2668 6
12 1e-1 1e-4 0.0001 0.0390138 0.292003 0.300098 2824 6
12 1e-1 1e-5 1e-05 0.0738833 0.194571 0.300098 3052 6
12 1e-1 1e-6 1e-06 0.0418568 0.155915 0.300098 3052 6
12 1e-1 1e-8 1e-08 0.0368127 0.155808 0.300098 3064 6
12 1e-1 1e-9 1e-09 0.0367357 0.155928 0.300098 3064 6
12 1e-2 1e-1 0.1 0.0684786 0.0693528 0.300098 19036 8
12 1e-2 1e-2 0.01 0.0180668 0.0344407 0.300098 19528 8
12 1e-2 1e-3 0.001 0.00285681 0.0347852 0.300098 21028 8
12 1e-2 1e-4 0.0001 0.00269165 0.0416796 0.300098 22768 8
12 1e-2 1e-5 1e-05 0.00255163 0.0186902 0.300098 23032 8
12 1e-2 1e-6 1e-06 0.00379522 0.0307701 0.300098 23032 8
12 1e-2 1e-7 1e-07 0.00384834 0.0320889 0.300098 23020 8
12 1e-2 1e-8 1e-08 0.00374437 0.0260734 0.300098 23032 8
12 1e-2 1e-9 1e-09 0.00372894 0.025752 0.300098 23032 8
12 1e-3 1e-1 0.1 0.0700059 0.076178 0.300098 238504 9
12 1e-3 1e-2 0.01 0.0181306 0.0288992 0.300098 237388 9
12 1e-3 1e-3 0.001 0.00245239 0.00669486 0.300098 238084 9
12 1e-3 1e-4 0.0001 0.00040958 0.00372604 0.300098 241192 9
12 1e-3 1e-5 1e-05 0.000303863 0.00346064 0.300098 241552 9
12 1e-3 1e-6 1e-06 0.000302208 0.00358308 0.300098 241552 9
12 1e-3 1e-7 1e-07 0.000302508 0.00363772 0.300098 241552 9
12 1e-3 1e-8 1e-08 0.000302751 0.00354674 0.300098 241552 9
12 1e-3 1e-9 1e-09 0.000302795 0.00351999 0.300098 241552 9
12 1e-4 1e-1 0.1 0.0698672 0.0804358 0.300098 2802628 11
12 1e-4 1e-2 0.01 0.0186599 0.0400944 0.26709 2855788 11
12 1e-4 1e-3 0.001 0.00239136 0.0119958 0.300098 2790652 11
12 1e-4 1e-4 0.0001 0.000357932 0.00154529 0.300098 2856280 11
12 1e-4 1e-5 1e-05 9.67617e-05 0.000684921 0.300098 2953648 11
12 1e-4 1e-6 1e-06 6.86745e-05 0.000682505 0.300098 2988784 11
12 1e-4 1e-7 1e-07 6.87197e-05 0.000725535 0.300098 2990968 11
12 1e-4 1e-8 1e-08 6.87356e-05 0.000753551 0.300098 2975416 11
12 1e-4 1e-9 1e-09 6.87381e-05 0.000750282 0.300098 2974132 11
