13 1e-1 1e-1 0.1 45.6548 1.4593e+06 0.000130931 162286 10
13 1e-1 1e-2 0.01 39.2655 7.95467e+06 8.49252e-05 84604 10
13 1e-1 1e-3 0.001 37.8918 1.44845e+06 0.000164879 64585 11
13 1e-1 1e-4 0.0001 37.0644 4.65509e+06 0.000175325 64933 12
13 1e-1 1e-5 1e-05 33.0062 6.94798e+07 0.201887 93448 13
13 1e-1 1e-6 1e-06 19.3736 1.03818e+07 0.108004 87847 13
13 1e-1 1e-7 1e-07 14.0301 2.19973e+08 0.0932425 132160 13
13 1e-1 1e-8 1e-08 18.997 2.80123e+07 0.0800643 135043 13
13 1e-2 1e-1 0.1 0.431631 9336.01 0.0025 31123 10
13 1e-2 1e-2 0.01 0.385776 6004.57 0.00333333 29662 10
13 1e-2 1e-3 0.001 0.402911 7850.04 0.00333333 29644 10
13 1e-2 1e-4 0.0001 0.375538 8550.09 0.002 32596 11
13 1e-2 1e-5 1e-05 0.415464 23089.4 0.00111111 36166 12
13 1e-2 1e-6 1e-06 0.418965 222481 0.00111111 44074 12
13 1e-2 1e-7 1e-07 0.48576 3.20155e+06 0.0005 58465 13
13 1e-2 1e-8 1e-08 3.1525 2.69668e+07 0.0123961 106795 13
13 1e-3 1e-1 0.1 0.232675 1.47336e+06 0.005 245344 10
13 1e-3 1e-2 0.01 0.200832 1.41013e+06 0.005 243034 10
13 1e-3 1e-3 0.001 0.198827 1.58216e+06 0.005 242161 10
13 1e-3 1e-4 0.0001 0.198852 1.6379e+06 0.005 238951 10
13 1e-3 1e-5 1e-05 0.190299 1.33115e+06 0.005 239242 10
13 1e-3 1e-6 1e-06 0.00823849 885505 0.0192124 237358 11
13 1e-3 1e-7 1e-07 13.8645 9.30486e+09 0.00251599 325111 13
13 1e-3 1e-8 1e-08 0.182072 2.94705e+06 0.00111111 241276 13
13 1e-4 1e-1 0.1 1.01367e-05 12541.5 9.09091e-07 2661856 13
13 1e-4 1e-2 0.01 0.0114789 1.8113e+06 0.0192124 3021730 11
13 1e-4 1e-3 0.001 0.00332784 1.42337e+06 0.0192124 3008164 11
13 1e-4 1e-4 0.0001 1.01331e-05 12541.5 9.09091e-07 2661856 13
13 1e-4 1e-5 1e-05 1.01038e-05 12541.5 9.09091e-07 2661856 13
13 1e-4 1e-6 1e-06 9.96535e-06 12541.6 9.09091e-07 2661856 13
13 1e-4 1e-7 1e-07 9.8494e-06 12541.8 9.09091e-07 2661856 13
13 1e-4 1e-8 1e-08 9.8295e-06 12541.8 9.09091e-07 2661856 13
