12 1e-2 1 9.53674e-07 0.00381589 0.0308782 0.300098 23032 8
12 1e-2 2 3.8147e-06 0.00275991 0.0234416 0.300098 23032 8
12 1e-2 3 8.58307e-06 0.00255305 0.0187596 0.300098 23032 8
12 1e-2 4 1.52588e-05 0.00253257 0.0230982 0.0783203 31288 8
12 8e-3 1 9.53674e-07 0.0027426 0.0378625 0.300098 34756 8
12 8e-3 2 3.8147e-06 0.00257685 0.0305208 0.300098 34828 8
12 8e-3 3 8.58307e-06 0.00259489 0.0304942 0.300098 34888 8
12 8e-3 4 1.52588e-05 0.0026263 0.0304841 0.300098 34888 8
12 6e-3 1 9.53674e-07 0.00267804 0.0182687 0.300098 49444 8
12 6e-3 2 3.8147e-06 0.0026717 0.019398 0.300098 49144 8
12 6e-3 3 8.58307e-06 0.00268205 0.0190189 0.300098 49144 8
12 6e-3 4 1.52588e-05 0.00269253 0.0186041 0.300098 49144 8
12 5e-3 1 9.53674e-07 0.00168531 0.0149245 0.300098 55504 8
12 5e-3 2 3.8147e-06 0.00168625 0.015224 0.300098 55504 8
12 5e-3 3 8.58307e-06 0.00169244 0.0149587 0.300098 55504 8
12 5e-3 4 1.52588e-05 0.0017006 0.0145411 0.300098 55504 8
12 4e-3 1 9.53674e-07 0.00209745 0.0251043 0.300098 59056 8
12 4e-3 2 3.8147e-06 0.0012693 0.0127444 0.104297 61804 8
12 4e-3 3 8.58307e-06 0.002024 0.0242708 0.300098 59044 8
12 4e-3 4 1.52588e-05 0.00200654 0.0265874 0.300098 59032 8
12 2e-3 1 9.53674e-07 0.000727116 0.00661825 0.300098 142120 9
12 2e-3 2 3.8147e-06 0.000729946 0.0055909 0.300098 142120 9
12 2e-3 3 8.58307e-06 0.000732564 0.00559603 0.300098 141856 9
12 2e-3 4 1.52588e-05 0.000734125 0.00559939 0.300098 141568 9
12 1e-3 1 9.53674e-07 0.00030221 0.00358699 0.300098 241552 9
12 1e-3 2 3.8147e-06 0.00030257 0.00344087 0.300098 241552 9
12 1e-3 3 8.58307e-06 0.000303581 0.0034562 0.300098 241552 9
12 1e-3 4 1.52588e-05 0.000304952 0.00347663 0.300098 241552 9
12 5e-4 1 9.53674e-07 0.000334856 0.00332456 0.300098 570700 10
12 5e-4 2 3.8147e-06 0.000335594 0.00311718 0.300098 570196 10
12 5e-4 3 8.58307e-06 0.000337198 0.00293546 0.300098 568492 10
12 5e-4 4 1.52588e-05 0.000339242 0.00277512 0.300098 566020 10
