4 1 1.05469 0.0821493 0.0497311
4 2 4.21875 0.097465 0.0511509
4 4 16.875 0.10258 0.0521518
4 6 37.9688 0.103574 0.0523511
5 1 0.263672 0.0737023 0.0674317
5 2 1.05469 0.139252 0.07824
5 4 4.21875 0.172955 0.100559
5 6 9.49219 0.180964 0.105381
6 1 0.065918 0.0381082 0.0707233
6 2 0.263672 0.0827994 0.0665076
6 4 1.05469 0.139304 0.100815
6 6 2.37305 0.16293 0.118166
7 1 0.0164795 0.018991 0.0300992
7 2 0.065918 0.036629 0.0451014
7 4 0.263672 0.0862346 0.0669266
7 6 0.593262 0.119679 0.102574
8 1 0.00411987 0.00620082 0.00659977
8 2 0.0164795 0.0127675 0.0127307
8 4 0.065918 0.0374477 0.0301544
8 6 0.148315 0.0634449 0.0556455
9 1 0.00102997 0.00661912 0.00656208
9 2 0.00411987 0.00664481 0.0077169
9 4 0.0164795 0.0129671 0.0166698
9 6 0.0370789 0.0247215 0.025802
10 1 0.000257492 0.00320568 0.00329672
10 2 0.00102997 0.00320795 0.00347566
10 4 0.00411987 0.00390172 0.0109408
10 6 0.00926971 0.00795587 0.0170832
