5 1e-3 0.0129351 0.0366745
6 1e-3 0.00444087 0.0139923
7 1e-3 0.00272125 0.00756204
8 1e-3 0.00182282 0.00295701
9 1e-3 0.00328845 0.00507092
5 1e-4 0.0116199 0.0404726
6 1e-4 0.00323722 0.014899
7 1e-4 0.00125748 0.00754822
8 1e-4 0.00176402 0.00679714
9 1e-4 0.00328808 0.00481512
5 1e-5 0.0114644 0.040323
6 1e-5 0.00324641 0.0146856
7 1e-5 0.00109154 0.00752734
8 1e-5 0.0018392 0.00410503
9 1e-5 0.0033217 0.00576099
5 1e-6 0.0114486 0.0402972
6 1e-6 0.00324867 0.0146582
7 1e-6 0.0010758 0.0075285
8 1e-6 0.00158851 0.00376588
9 1e-6 0.00329524 0.00578573
