x y omega x y fs x y fs_face.x x y fs_face.y x y target_Uv.x x y target_Uv.y x y conv_term.x x y conv_term.y x y divutmp x y divutmpAfter x y mod_du_dx x y dbp.x x y dbp.y x y total_rhs.x x y total_rhs.y x y utau.x x y utau.y x y grad_utau_n.x x y grad_utau_n.y x y p x y u.x x y u.y x y g.x x y g.y x y pf x y uf.x x y uf.y x y muv.x x y muv.y x y uexact.x x y uexact.y x y pexact 
1.4375 -2.1875 nan 1.4375 -2.1875 nan 1.375 -2.1875 nan 1.4375 -2.25 nan 1.4375 -2.1875 nan 1.4375 -2.1875 nan 1.4375 -2.1875 nan 1.4375 -2.1875 nan 1.4375 -2.1875 nan 1.4375 -2.1875 nan 1.4375 -2.1875 nan 1.4375 -2.1875 nan 1.4375 -2.1875 nan 1.4375 -2.1875 nan 1.4375 -2.1875 nan 1.4375 -2.1875 nan 1.4375 -2.1875 nan 1.4375 -2.1875 nan 1.4375 -2.1875 nan 1.4375 -2.1875 nan 1.4375 -2.1875 nan 1.4375 -2.1875 nan 1.4375 -2.1875 nan 1.4375 -2.1875 nan 1.4375 -2.1875 nan 1.375 -2.1875 nan 1.4375 -2.25 nan 1.375 -2.1875 nan 1.4375 -2.25 nan 1.4375 -2.1875 nan 1.4375 -2.1875 nan 1.4375 -2.1875 nan 
1.4375 -2.0625 0 1.4375 -2.0625 1 1.375 -2.0625 0.875 1.4375 -2.125 0 1.4375 -2.0625 0 1.4375 -2.0625 -0 1.4375 -2.0625 0 1.4375 -2.0625 -0 1.4375 -2.0625 0 1.4375 -2.0625 0 1.4375 -2.0625 0 1.4375 -2.0625 0 1.4375 -2.0625 -0 1.4375 -2.0625 0 1.4375 -2.0625 -0 1.4375 -2.0625 0 1.4375 -2.0625 -0 1.4375 -2.0625 0 1.4375 -2.0625 -0 1.4375 -2.0625 0.0622735 1.4375 -2.0625 0.0394228 1.4375 -2.0625 -0.996377 1.4375 -2.0625 0 1.4375 -2.0625 -0 1.4375 -2.0625 0.0865328 1.375 -2.0625 1.28075e-15 1.4375 -2.125 0 1.375 -2.0625 0 1.4375 -2.125 0 1.4375 -2.0625 0.0732233 1.4375 -2.0625 0.426777 1.4375 -2.0625 1.45717e-15 
1.4375 -1.9375 0 1.4375 -1.9375 1 1.375 -1.9375 0.875 1.4375 -2 1 1.4375 -1.9375 0 1.4375 -1.9375 0 1.4375 -1.9375 0 1.4375 -1.9375 0 1.4375 -1.9375 0 1.4375 -1.9375 0 1.4375 -1.9375 0 1.4375 -1.9375 0 1.4375 -1.9375 0 1.4375 -1.9375 0 1.4375 -1.9375 0 1.4375 -1.9375 0 1.4375 -1.9375 0 1.4375 -1.9375 0 1.4375 -1.9375 0 1.4375 -1.9375 0 1.4375 -1.9375 0 1.4375 -1.9375 0 1.4375 -1.9375 0 1.4375 -1.9375 0 1.4375 -1.9375 0 1.375 -1.9375 0 1.4375 -2 -0.507948 1.375 -1.9375 0 1.4375 -2 0 1.4375 -1.9375 0.0732233 1.4375 -1.9375 -0.426777 1.4375 -1.9375 1.45717e-15 
1.4375 -1.8125 0 1.4375 -1.8125 1 1.375 -1.8125 1.125 1.4375 -1.875 1 1.4375 -1.8125 0 1.4375 -1.8125 0 1.4375 -1.8125 0 1.4375 -1.8125 0 1.4375 -1.8125 0 1.4375 -1.8125 0 1.4375 -1.8125 0 1.4375 -1.8125 0 1.4375 -1.8125 0 1.4375 -1.8125 0 1.4375 -1.8125 0 1.4375 -1.8125 0 1.4375 -1.8125 0 1.4375 -1.8125 0 1.4375 -1.8125 0 1.4375 -1.8125 0 1.4375 -1.8125 0 1.4375 -1.8125 0 1.4375 -1.8125 0 1.4375 -1.8125 0 1.4375 -1.8125 0 1.375 -1.8125 0 1.4375 -1.875 0 1.375 -1.8125 0 1.4375 -1.875 0 1.4375 -1.8125 0.0991117 1.4375 -1.8125 -0.728553 1.4375 -1.8125 0.0883883 
1.4375 -1.6875 0 1.4375 -1.6875 1 1.375 -1.6875 1 1.4375 -1.75 1 1.4375 -1.6875 0 1.4375 -1.6875 0 1.4375 -1.6875 0 1.4375 -1.6875 0 1.4375 -1.6875 0 1.4375 -1.6875 0 1.4375 -1.6875 0 1.4375 -1.6875 0 1.4375 -1.6875 0 1.4375 -1.6875 0 1.4375 -1.6875 0 1.4375 -1.6875 0 1.4375 -1.6875 0 1.4375 -1.6875 0 1.4375 -1.6875 0 1.4375 -1.6875 0 1.4375 -1.6875 0 1.4375 -1.6875 0 1.4375 -1.6875 0 1.4375 -1.6875 0 1.4375 -1.6875 0 1.375 -1.6875 0 1.4375 -1.75 0 1.375 -1.6875 0 1.4375 -1.75 0 1.4375 -1.6875 0.150888 1.4375 -1.6875 -0.478553 1.4375 -1.6875 0.265165 
1.5625 -2.1875 nan 1.5625 -2.1875 nan 1.5 -2.1875 nan 1.5625 -2.25 nan 1.5625 -2.1875 nan 1.5625 -2.1875 nan 1.5625 -2.1875 nan 1.5625 -2.1875 nan 1.5625 -2.1875 nan 1.5625 -2.1875 nan 1.5625 -2.1875 nan 1.5625 -2.1875 nan 1.5625 -2.1875 nan 1.5625 -2.1875 nan 1.5625 -2.1875 nan 1.5625 -2.1875 nan 1.5625 -2.1875 nan 1.5625 -2.1875 nan 1.5625 -2.1875 nan 1.5625 -2.1875 nan 1.5625 -2.1875 nan 1.5625 -2.1875 nan 1.5625 -2.1875 nan 1.5625 -2.1875 nan 1.5625 -2.1875 nan 1.5 -2.1875 nan 1.5625 -2.25 nan 1.5 -2.1875 nan 1.5625 -2.25 nan 1.5625 -2.1875 nan 1.5625 -2.1875 nan 1.5625 -2.1875 nan 
1.5625 -2.0625 0 1.5625 -2.0625 1 1.5 -2.0625 0.875 1.5625 -2.125 0 1.5625 -2.0625 0 1.5625 -2.0625 -0 1.5625 -2.0625 0 1.5625 -2.0625 -0 1.5625 -2.0625 0 1.5625 -2.0625 0 1.5625 -2.0625 0 1.5625 -2.0625 0 1.5625 -2.0625 -0 1.5625 -2.0625 0 1.5625 -2.0625 -0 1.5625 -2.0625 0 1.5625 -2.0625 -0 1.5625 -2.0625 0 1.5625 -2.0625 -0 1.5625 -2.0625 0.0622735 1.5625 -2.0625 -0.0394228 1.5625 -2.0625 -0.996377 1.5625 -2.0625 0 1.5625 -2.0625 -0 1.5625 -2.0625 0.0865328 1.5 -2.0625 1.54774e-29 1.5625 -2.125 0 1.5 -2.0625 0 1.5625 -2.125 0 1.5625 -2.0625 -0.0732233 1.5625 -2.0625 0.426777 1.5625 -2.0625 3.09475e-15 
1.5625 -1.9375 0 1.5625 -1.9375 1 1.5 -1.9375 0.875 1.5625 -2 1 1.5625 -1.9375 0 1.5625 -1.9375 0 1.5625 -1.9375 0 1.5625 -1.9375 0 1.5625 -1.9375 0 1.5625 -1.9375 0 1.5625 -1.9375 0 1.5625 -1.9375 0 1.5625 -1.9375 0 1.5625 -1.9375 0 1.5625 -1.9375 0 1.5625 -1.9375 0 1.5625 -1.9375 0 1.5625 -1.9375 0 1.5625 -1.9375 0 1.5625 -1.9375 0 1.5625 -1.9375 0 1.5625 -1.9375 0 1.5625 -1.9375 0 1.5625 -1.9375 0 1.5625 -1.9375 0 1.5 -1.9375 0 1.5625 -2 -0.507948 1.5 -1.9375 0 1.5625 -2 0 1.5625 -1.9375 -0.0732233 1.5625 -1.9375 -0.426777 1.5625 -1.9375 3.09475e-15 
1.5625 -1.8125 0 1.5625 -1.8125 1 1.5 -1.8125 1.125 1.5625 -1.875 1 1.5625 -1.8125 0 1.5625 -1.8125 0 1.5625 -1.8125 0 1.5625 -1.8125 0 1.5625 -1.8125 0 1.5625 -1.8125 0 1.5625 -1.8125 0 1.5625 -1.8125 0 1.5625 -1.8125 0 1.5625 -1.8125 0 1.5625 -1.8125 0 1.5625 -1.8125 0 1.5625 -1.8125 0 1.5625 -1.8125 0 1.5625 -1.8125 0 1.5625 -1.8125 0 1.5625 -1.8125 0 1.5625 -1.8125 0 1.5625 -1.8125 0 1.5625 -1.8125 0 1.5625 -1.8125 0 1.5 -1.8125 0 1.5625 -1.875 0 1.5 -1.8125 0 1.5625 -1.875 0 1.5625 -1.8125 -0.0991117 1.5625 -1.8125 -0.728553 1.5625 -1.8125 0.0883883 
1.5625 -1.6875 0 1.5625 -1.6875 1 1.5 -1.6875 1 1.5625 -1.75 1 1.5625 -1.6875 0 1.5625 -1.6875 0 1.5625 -1.6875 0 1.5625 -1.6875 0 1.5625 -1.6875 0 1.5625 -1.6875 0 1.5625 -1.6875 0 1.5625 -1.6875 0 1.5625 -1.6875 0 1.5625 -1.6875 0 1.5625 -1.6875 0 1.5625 -1.6875 0 1.5625 -1.6875 0 1.5625 -1.6875 0 1.5625 -1.6875 0 1.5625 -1.6875 0 1.5625 -1.6875 0 1.5625 -1.6875 0 1.5625 -1.6875 0 1.5625 -1.6875 0 1.5625 -1.6875 0 1.5 -1.6875 0 1.5625 -1.75 0 1.5 -1.6875 0 1.5625 -1.75 0 1.5625 -1.6875 -0.150888 1.5625 -1.6875 -0.478553 1.5625 -1.6875 0.265165 
1.6875 -2.1875 nan 1.6875 -2.1875 nan 1.625 -2.1875 nan 1.6875 -2.25 nan 1.6875 -2.1875 nan 1.6875 -2.1875 nan 1.6875 -2.1875 nan 1.6875 -2.1875 nan 1.6875 -2.1875 nan 1.6875 -2.1875 nan 1.6875 -2.1875 nan 1.6875 -2.1875 nan 1.6875 -2.1875 nan 1.6875 -2.1875 nan 1.6875 -2.1875 nan 1.6875 -2.1875 nan 1.6875 -2.1875 nan 1.6875 -2.1875 nan 1.6875 -2.1875 nan 1.6875 -2.1875 nan 1.6875 -2.1875 nan 1.6875 -2.1875 nan 1.6875 -2.1875 nan 1.6875 -2.1875 nan 1.6875 -2.1875 nan 1.625 -2.1875 nan 1.6875 -2.25 nan 1.625 -2.1875 nan 1.6875 -2.25 nan 1.6875 -2.1875 nan 1.6875 -2.1875 nan 1.6875 -2.1875 nan 
1.6875 -2.0625 0 1.6875 -2.0625 1 1.625 -2.0625 nan 1.6875 -2.125 nan 1.6875 -2.0625 nan 1.6875 -2.0625 nan 1.6875 -2.0625 nan 1.6875 -2.0625 nan 1.6875 -2.0625 0 1.6875 -2.0625 0 1.6875 -2.0625 0 1.6875 -2.0625 nan 1.6875 -2.0625 nan 1.6875 -2.0625 nan 1.6875 -2.0625 nan 1.6875 -2.0625 nan 1.6875 -2.0625 nan 1.6875 -2.0625 nan 1.6875 -2.0625 nan 1.6875 -2.0625 nan 1.6875 -2.0625 nan 1.6875 -2.0625 nan 1.6875 -2.0625 nan 1.6875 -2.0625 nan 1.6875 -2.0625 nan 1.625 -2.0625 nan 1.6875 -2.125 nan 1.625 -2.0625 nan 1.6875 -2.125 nan 1.6875 -2.0625 nan 1.6875 -2.0625 nan 1.6875 -2.0625 nan 
1.6875 -1.9375 0 1.6875 -1.9375 1 1.625 -1.9375 0.875 1.6875 -2 1 1.6875 -1.9375 0 1.6875 -1.9375 0 1.6875 -1.9375 0 1.6875 -1.9375 0 1.6875 -1.9375 0 1.6875 -1.9375 0 1.6875 -1.9375 0 1.6875 -1.9375 0 1.6875 -1.9375 0 1.6875 -1.9375 0 1.6875 -1.9375 0 1.6875 -1.9375 0 1.6875 -1.9375 0 1.6875 -1.9375 0 1.6875 -1.9375 0 1.6875 -1.9375 0 1.6875 -1.9375 0 1.6875 -1.9375 0 1.6875 -1.9375 0 1.6875 -1.9375 0 1.6875 -1.9375 0 1.625 -1.9375 0 1.6875 -2 0 1.625 -1.9375 0 1.6875 -2 0 1.6875 -1.9375 -0.198223 1.6875 -1.9375 -0.364277 1.6875 -1.9375 -0.0883883 
1.6875 -1.8125 0 1.6875 -1.8125 1 1.625 -1.8125 1.125 1.6875 -1.875 1 1.6875 -1.8125 0 1.6875 -1.8125 0 1.6875 -1.8125 0 1.6875 -1.8125 0 1.6875 -1.8125 0 1.6875 -1.8125 0 1.6875 -1.8125 0 1.6875 -1.8125 0 1.6875 -1.8125 0 1.6875 -1.8125 0 1.6875 -1.8125 0 1.6875 -1.8125 0 1.6875 -1.8125 0 1.6875 -1.8125 0 1.6875 -1.8125 0 1.6875 -1.8125 0 1.6875 -1.8125 0 1.6875 -1.8125 0 1.6875 -1.8125 0 1.6875 -1.8125 0 1.6875 -1.8125 0 1.625 -1.8125 0 1.6875 -1.875 0 1.625 -1.8125 0 1.6875 -1.875 0 1.6875 -1.8125 -0.268306 1.6875 -1.8125 -0.621859 1.6875 -1.8125 3.91354e-15 
1.6875 -1.6875 0 1.6875 -1.6875 1 1.625 -1.6875 1 1.6875 -1.75 1 1.6875 -1.6875 0 1.6875 -1.6875 0 1.6875 -1.6875 0 1.6875 -1.6875 0 1.6875 -1.6875 0 1.6875 -1.6875 0 1.6875 -1.6875 0 1.6875 -1.6875 0 1.6875 -1.6875 0 1.6875 -1.6875 0 1.6875 -1.6875 0 1.6875 -1.6875 0 1.6875 -1.6875 0 1.6875 -1.6875 0 1.6875 -1.6875 0 1.6875 -1.6875 0 1.6875 -1.6875 0 1.6875 -1.6875 0 1.6875 -1.6875 0 1.6875 -1.6875 0 1.6875 -1.6875 0 1.625 -1.6875 0 1.6875 -1.75 0 1.625 -1.6875 0 1.6875 -1.75 0 1.6875 -1.6875 -0.408471 1.6875 -1.6875 -0.408471 1.6875 -1.6875 0.176777 
1.8125 -2.1875 nan 1.8125 -2.1875 nan 1.75 -2.1875 nan 1.8125 -2.25 nan 1.8125 -2.1875 nan 1.8125 -2.1875 nan 1.8125 -2.1875 nan 1.8125 -2.1875 nan 1.8125 -2.1875 nan 1.8125 -2.1875 nan 1.8125 -2.1875 nan 1.8125 -2.1875 nan 1.8125 -2.1875 nan 1.8125 -2.1875 nan 1.8125 -2.1875 nan 1.8125 -2.1875 nan 1.8125 -2.1875 nan 1.8125 -2.1875 nan 1.8125 -2.1875 nan 1.8125 -2.1875 nan 1.8125 -2.1875 nan 1.8125 -2.1875 nan 1.8125 -2.1875 nan 1.8125 -2.1875 nan 1.8125 -2.1875 nan 1.75 -2.1875 nan 1.8125 -2.25 nan 1.75 -2.1875 nan 1.8125 -2.25 nan 1.8125 -2.1875 nan 1.8125 -2.1875 nan 1.8125 -2.1875 nan 
1.8125 -2.0625 nan 1.8125 -2.0625 nan 1.75 -2.0625 nan 1.8125 -2.125 nan 1.8125 -2.0625 nan 1.8125 -2.0625 nan 1.8125 -2.0625 nan 1.8125 -2.0625 nan 1.8125 -2.0625 nan 1.8125 -2.0625 nan 1.8125 -2.0625 nan 1.8125 -2.0625 nan 1.8125 -2.0625 nan 1.8125 -2.0625 nan 1.8125 -2.0625 nan 1.8125 -2.0625 nan 1.8125 -2.0625 nan 1.8125 -2.0625 nan 1.8125 -2.0625 nan 1.8125 -2.0625 nan 1.8125 -2.0625 nan 1.8125 -2.0625 nan 1.8125 -2.0625 nan 1.8125 -2.0625 nan 1.8125 -2.0625 nan 1.75 -2.0625 nan 1.8125 -2.125 nan 1.75 -2.0625 nan 1.8125 -2.125 nan 1.8125 -2.0625 nan 1.8125 -2.0625 nan 1.8125 -2.0625 nan 
1.8125 -1.9375 0 1.8125 -1.9375 1 1.75 -1.9375 0.875 1.8125 -2 1.125 1.8125 -1.9375 0 1.8125 -1.9375 0 1.8125 -1.9375 0 1.8125 -1.9375 0 1.8125 -1.9375 0 1.8125 -1.9375 0 1.8125 -1.9375 0 1.8125 -1.9375 0 1.8125 -1.9375 0 1.8125 -1.9375 0 1.8125 -1.9375 0 1.8125 -1.9375 0 1.8125 -1.9375 0 1.8125 -1.9375 0 1.8125 -1.9375 0 1.8125 -1.9375 0 1.8125 -1.9375 0 1.8125 -1.9375 0 1.8125 -1.9375 0 1.8125 -1.9375 0 1.8125 -1.9375 0 1.75 -1.9375 0 1.8125 -2 0 1.75 -1.9375 0 1.8125 -2 0 1.8125 -1.9375 -0.301777 1.8125 -1.9375 -0.239277 1.8125 -1.9375 -0.265165 
1.8125 -1.8125 0 1.8125 -1.8125 1 1.75 -1.8125 1.125 1.8125 -1.875 1.125 1.8125 -1.8125 0 1.8125 -1.8125 0 1.8125 -1.8125 0 1.8125 -1.8125 0 1.8125 -1.8125 0 1.8125 -1.8125 0 1.8125 -1.8125 0 1.8125 -1.8125 0 1.8125 -1.8125 0 1.8125 -1.8125 0 1.8125 -1.8125 0 1.8125 -1.8125 0 1.8125 -1.8125 0 1.8125 -1.8125 0 1.8125 -1.8125 0 1.8125 -1.8125 0 1.8125 -1.8125 0 1.8125 -1.8125 0 1.8125 -1.8125 0 1.8125 -1.8125 0 1.8125 -1.8125 0 1.75 -1.8125 0 1.8125 -1.875 0 1.75 -1.8125 0 1.8125 -1.875 0 1.8125 -1.8125 -0.408471 1.8125 -1.8125 -0.408471 1.8125 -1.8125 -0.176777 
1.8125 -1.6875 0 1.8125 -1.6875 1 1.75 -1.6875 1 1.8125 -1.75 1.125 1.8125 -1.6875 0 1.8125 -1.6875 0 1.8125 -1.6875 0 1.8125 -1.6875 0 1.8125 -1.6875 0 1.8125 -1.6875 0 1.8125 -1.6875 0 1.8125 -1.6875 0 1.8125 -1.6875 0 1.8125 -1.6875 0 1.8125 -1.6875 0 1.8125 -1.6875 0 1.8125 -1.6875 0 1.8125 -1.6875 0 1.8125 -1.6875 0 1.8125 -1.6875 0 1.8125 -1.6875 0 1.8125 -1.6875 0 1.8125 -1.6875 0 1.8125 -1.6875 0 1.8125 -1.6875 0 1.75 -1.6875 0 1.8125 -1.75 0 1.75 -1.6875 0 1.8125 -1.75 0 1.8125 -1.6875 -0.621859 1.8125 -1.6875 -0.268306 1.8125 -1.6875 3.91354e-15 
1.9375 -2.1875 nan 1.9375 -2.1875 nan 1.875 -2.1875 nan 1.9375 -2.25 nan 1.9375 -2.1875 nan 1.9375 -2.1875 nan 1.9375 -2.1875 nan 1.9375 -2.1875 nan 1.9375 -2.1875 nan 1.9375 -2.1875 nan 1.9375 -2.1875 nan 1.9375 -2.1875 nan 1.9375 -2.1875 nan 1.9375 -2.1875 nan 1.9375 -2.1875 nan 1.9375 -2.1875 nan 1.9375 -2.1875 nan 1.9375 -2.1875 nan 1.9375 -2.1875 nan 1.9375 -2.1875 nan 1.9375 -2.1875 nan 1.9375 -2.1875 nan 1.9375 -2.1875 nan 1.9375 -2.1875 nan 1.9375 -2.1875 nan 1.875 -2.1875 nan 1.9375 -2.25 nan 1.875 -2.1875 nan 1.9375 -2.25 nan 1.9375 -2.1875 nan 1.9375 -2.1875 nan 1.9375 -2.1875 nan 
1.9375 -2.0625 nan 1.9375 -2.0625 nan 1.875 -2.0625 nan 1.9375 -2.125 nan 1.9375 -2.0625 nan 1.9375 -2.0625 nan 1.9375 -2.0625 nan 1.9375 -2.0625 nan 1.9375 -2.0625 nan 1.9375 -2.0625 nan 1.9375 -2.0625 nan 1.9375 -2.0625 nan 1.9375 -2.0625 nan 1.9375 -2.0625 nan 1.9375 -2.0625 nan 1.9375 -2.0625 nan 1.9375 -2.0625 nan 1.9375 -2.0625 nan 1.9375 -2.0625 nan 1.9375 -2.0625 nan 1.9375 -2.0625 nan 1.9375 -2.0625 nan 1.9375 -2.0625 nan 1.9375 -2.0625 nan 1.9375 -2.0625 nan 1.875 -2.0625 nan 1.9375 -2.125 nan 1.875 -2.0625 nan 1.9375 -2.125 nan 1.9375 -2.0625 nan 1.9375 -2.0625 nan 1.9375 -2.0625 nan 
1.9375 -1.9375 0 1.9375 -1.9375 1 1.875 -1.9375 0.875 1.9375 -2 0.875 1.9375 -1.9375 0 1.9375 -1.9375 0 1.9375 -1.9375 0 1.9375 -1.9375 0 1.9375 -1.9375 0 1.9375 -1.9375 0 1.9375 -1.9375 0 1.9375 -1.9375 0 1.9375 -1.9375 0 1.9375 -1.9375 0 1.9375 -1.9375 0 1.9375 -1.9375 0 1.9375 -1.9375 0 1.9375 -1.9375 0 1.9375 -1.9375 0 1.9375 -1.9375 0 1.9375 -1.9375 0 1.9375 -1.9375 0 1.9375 -1.9375 0 1.9375 -1.9375 0 1.9375 -1.9375 0 1.875 -1.9375 0 1.9375 -2 0 1.875 -1.9375 0 1.9375 -2 0 1.9375 -1.9375 -0.176777 1.9375 -1.9375 -0.176777 1.9375 -1.9375 -0.353553 
1.9375 -1.8125 0 1.9375 -1.8125 1 1.875 -1.8125 1.125 1.9375 -1.875 0.875 1.9375 -1.8125 0 1.9375 -1.8125 0 1.9375 -1.8125 0 1.9375 -1.8125 0 1.9375 -1.8125 0 1.9375 -1.8125 0 1.9375 -1.8125 0 1.9375 -1.8125 0 1.9375 -1.8125 0 1.9375 -1.8125 0 1.9375 -1.8125 0 1.9375 -1.8125 0 1.9375 -1.8125 0 1.9375 -1.8125 0 1.9375 -1.8125 0 1.9375 -1.8125 0 1.9375 -1.8125 0 1.9375 -1.8125 0 1.9375 -1.8125 0 1.9375 -1.8125 0 1.9375 -1.8125 0 1.875 -1.8125 0 1.9375 -1.875 0 1.875 -1.8125 0 1.9375 -1.875 0 1.9375 -1.8125 -0.239277 1.9375 -1.8125 -0.301777 1.9375 -1.8125 -0.265165 
1.9375 -1.6875 0 1.9375 -1.6875 1 1.875 -1.6875 1 1.9375 -1.75 0.875 1.9375 -1.6875 0 1.9375 -1.6875 0 1.9375 -1.6875 0 1.9375 -1.6875 0 1.9375 -1.6875 0 1.9375 -1.6875 0 1.9375 -1.6875 0 1.9375 -1.6875 0 1.9375 -1.6875 0 1.9375 -1.6875 0 1.9375 -1.6875 0 1.9375 -1.6875 0 1.9375 -1.6875 0 1.9375 -1.6875 0 1.9375 -1.6875 0 1.9375 -1.6875 0 1.9375 -1.6875 0 1.9375 -1.6875 0 1.9375 -1.6875 0 1.9375 -1.6875 0 1.9375 -1.6875 0 1.875 -1.6875 0 1.9375 -1.75 0 1.875 -1.6875 0 1.9375 -1.75 0 1.9375 -1.6875 -0.364277 1.9375 -1.6875 -0.198223 1.9375 -1.6875 -0.0883883 
