eta_s=1e-06 maxlevel=1111 0 0 0 0 0 0 0 0 0 0 0 0
11 1 5 4 1 5 4 0 1 0 0 0.00095 0
11 2 5 3 1 18 3 0 0.742 5.84e-06 7.02e-09 0.00179 0.15
11 3 6 3 1 29 2 0 0.507 2.13e-06 6.12e-09 0.00258 0.232
11 4 6 3 1 30 2 0 0.37 1.96e-06 6.58e-09 0.00336 0.271
11 5 6 3 1 30 2 0 0.286 3.16e-06 6.94e-09 0.00412 0.289
11 6 6 3 1 30 2 0 0.233 2.12e-06 7.36e-09 0.00488 0.303
11 7 6 3 1 30 2 0 0.201 2.42e-06 7.71e-09 0.00562 0.32
11 8 6 3 1 30 2 0 0.175 2.18e-06 8.07e-09 0.00636 0.336
11 9 6 3 1 30 2 0 0.156 2.09e-06 8.33e-09 0.00708 0.353
11 10 6 3 1 30 2 0 0.142 2.01e-06 8.57e-09 0.00779 0.37
11 11 6 3 1 30 2 0 0.129 1.93e-06 8.78e-09 0.00849 0.386
11 12 6 3 1 30 2 0 0.119 1.85e-06 8.95e-09 0.00918 0.402
11 13 5 3 1 30 2 0 0.111 9.6e-06 9.1e-09 0.00986 0.417
11 14 5 3 1 30 2 0 0.103 9.09e-06 9.22e-09 0.0105 0.431
11 15 5 3 1 30 2 0 0.0965 8.63e-06 9.32e-09 0.0112 0.445
11 16 5 3 1 30 2 0 0.0906 8.21e-06 9.4e-09 0.0118 0.459
11 17 5 3 1 30 2 0 0.0854 7.82e-06 9.46e-09 0.0125 0.472
11 18 5 3 1 30 2 0 0.0806 7.46e-06 9.51e-09 0.0131 0.485
11 19 5 3 1 30 2 0 0.0763 7.13e-06 9.55e-09 0.0137 0.497
11 20 5 3 1 30 2 0 0.0724 6.82e-06 9.57e-09 0.0144 0.509
11 21 5 3 1 30 2 0 0.0689 6.52e-06 9.58e-09 0.015 0.521
11 22 5 3 1 30 2 0 0.0656 6.25e-06 9.59e-09 0.0156 0.533
11 23 5 3 1 30 2 0 0.0626 5.99e-06 9.58e-09 0.0162 0.544
11 24 5 3 1 30 2 0 0.0598 5.79e-06 9.56e-09 0.0167 0.555
11 25 5 3 1 30 2 0 0.0572 5.61e-06 9.53e-09 0.0173 0.566
11 26 5 3 1 30 2 0 0.0549 5.44e-06 9.5e-09 0.0179 0.577
11 27 5 3 1 30 2 0 0.0526 5.28e-06 9.45e-09 0.0185 0.587
11 28 5 3 1 30 2 0 0.0505 5.12e-06 9.4e-09 0.019 0.598
11 29 5 3 1 30 2 0 0.0486 4.97e-06 9.35e-09 0.0196 0.608
11 30 5 3 1 30 2 0 0.0468 4.83e-06 9.29e-09 0.0201 0.618
11 31 5 3 1 30 2 0 0.0451 4.69e-06 9.22e-09 0.0206 0.627
11 32 5 3 1 30 2 0 0.0434 4.55e-06 9.14e-09 0.0212 0.637
11 33 5 3 1 30 2 0 0.0419 4.42e-06 9.06e-09 0.0217 0.646
11 34 5 3 1 30 2 0 0.0405 4.29e-06 8.98e-09 0.0222 0.656
11 35 5 3 1 30 2 0 0.0391 4.17e-06 8.89e-09 0.0227 0.665
11 36 5 3 1 30 2 0 0.0379 4.05e-06 8.8e-09 0.0232 0.673
11 37 5 3 1 30 2 0 0.0366 3.94e-06 8.7e-09 0.0237 0.682
11 38 5 3 1 30 2 0 0.0355 3.83e-06 8.6e-09 0.0242 0.691
11 39 5 3 1 30 2 0 0.0344 3.72e-06 8.49e-09 0.0247 0.699
11 40 5 3 1 30 2 0 0.0333 3.62e-06 8.38e-09 0.0252 0.708
11 41 5 3 1 30 2 0 0.0324 3.51e-06 8.27e-09 0.0256 0.716
11 42 5 3 1 30 2 0 0.0314 3.42e-06 8.15e-09 0.0261 0.724
11 43 5 3 1 30 2 0 0.0305 3.32e-06 8.03e-09 0.0266 0.732
11 44 5 3 1 30 2 0 0.0296 3.23e-06 7.91e-09 0.027 0.74
11 45 5 3 1 30 2 0 0.0288 3.14e-06 7.78e-09 0.0275 0.748
11 46 5 3 1 30 2 0 0.028 3.05e-06 7.65e-09 0.0279 0.755
11 47 5 3 1 30 2 0 0.0273 2.97e-06 7.52e-09 0.0284 0.763
11 48 5 3 1 30 2 0 0.0265 2.92e-06 7.39e-09 0.0288 0.77
11 49 5 3 1 30 2 0 0.0258 2.88e-06 7.25e-09 0.0292 0.778
11 50 5 3 1 30 2 0 0.0252 2.84e-06 7.11e-09 0.0297 0.785
11 51 5 3 1 30 2 0 0.0569 2.8e-06 6.97e-09 0.0301 0.792
11 52 5 3 1 30 2 0 0.0236 5.3e-06 6.83e-09 0.0305 0.8
11 53 5 3 1 30 2 0 0.0233 4.55e-06 6.75e-09 0.0309 0.809
11 54 5 3 1 30 2 0 0.0228 3e-06 6.54e-09 0.0313 0.815
11 55 5 3 1 30 2 0 0.0222 2.88e-06 6.44e-09 0.0317 0.821
11 56 5 3 1 30 2 0 0.0217 2.74e-06 6.49e-09 0.0321 0.827
11 57 5 3 1 30 2 0 0.0212 2.63e-06 6.55e-09 0.0325 0.833
11 58 5 3 1 30 2 0 0.0207 2.55e-06 6.6e-09 0.0329 0.839
11 59 5 3 1 30 2 0 0.0202 2.5e-06 6.65e-09 0.0332 0.846
11 60 5 3 1 30 2 0 0.0197 2.47e-06 6.7e-09 0.0336 0.852
11 61 5 3 1 30 2 0 0.0406 2.44e-06 6.75e-09 0.034 0.858
11 62 5 3 1 30 2 0 0.0185 5.71e-06 6.81e-09 0.0343 0.865
11 63 5 3 1 30 2 0 0.0183 2.19e-06 6.83e-09 0.0347 0.871
11 64 5 3 1 30 2 0 0.0179 2.31e-06 6.87e-09 0.0351 0.876
11 65 5 3 1 30 2 0 0.0175 2.29e-06 6.9e-09 0.0354 0.881
11 66 5 3 1 30 2 0 0.0172 2.26e-06 6.93e-09 0.0358 0.887
11 67 5 3 1 30 2 0 0.0168 2.23e-06 6.96e-09 0.0361 0.893
11 68 5 3 1 30 2 0 0.0165 2.21e-06 7e-09 0.0364 0.899
11 69 5 3 1 30 2 0 0.0161 2.19e-06 7.03e-09 0.0368 0.905
11 70 5 3 1 30 2 0 0.0158 2.16e-06 7.07e-09 0.0371 0.91
11 71 5 3 1 30 2 0 0.0328 2.13e-06 7.1e-09 0.0374 0.916
11 72 5 2 1 30 2 0 0.0163 6.22e-06 7.17e-09 0.0377 0.931
11 73 6 2 1 30 2 0 0.0177 1.99e-06 7.32e-09 0.038 0.933
11 74 5 2 1 30 2 0 0.0146 6.77e-06 7.29e-09 0.0384 0.936
11 75 5 2 1 20 3 0 0.0141 6.24e-06 7.67e-09 0.0387 0.938
11 76 5 2 1 30 2 0 0.0138 5.98e-06 6.95e-09 0.039 0.942
11 77 5 2 1 20 3 0 0.0136 5.87e-06 7.7e-09 0.0393 0.947
11 78 5 2 1 30 2 0 0.0133 5.82e-06 7.26e-09 0.0396 0.951
11 79 5 2 1 20 3 0 0.0131 5.78e-06 7.72e-09 0.0399 0.957
11 80 5 2 1 30 2 0 0.0128 5.73e-06 7.57e-09 0.0402 0.962
11 81 5 2 1 20 3 0 0.0248 5.66e-06 7.75e-09 0.0405 0.966
11 82 5 2 1 30 2 0 0.0143 7.81e-06 7.89e-09 0.0407 0.982
11 83 6 2 1 20 3 0 0.0157 1.84e-06 8e-09 0.041 0.983
11 84 5 2 1 30 2 0 0.0126 5.94e-06 8.25e-09 0.0413 0.984
11 85 5 2 1 20 3 0 0.0116 5.51e-06 8.03e-09 0.0416 0.987
11 86 5 2 1 20 3 0 0.0113 5.3e-06 4.31e-09 0.0419 0.99
11 87 5 2 1 20 3 0 0.0111 5.2e-06 4.42e-09 0.0421 0.994
11 88 5 2 1 20 3 0 0.011 5.15e-06 4.53e-09 0.0424 0.998
11 89 5 2 1 20 3 0 0.0108 5.1e-06 4.64e-09 0.0427 1
11 90 5 2 1 20 3 0 0.0106 5.04e-06 4.75e-09 0.0429 1.01
11 91 5 2 1 20 3 0 0.0207 4.97e-06 4.86e-09 0.0432 1.01
11 92 5 2 1 20 3 0 0.0129 7.93e-06 4.97e-09 0.0434 1.03
11 93 6 2 1 20 3 0 0.0142 1.65e-06 5.1e-09 0.0437 1.03
11 94 5 2 1 20 3 0 0.0112 5.02e-06 5.24e-09 0.0439 1.03
11 95 5 2 1 20 3 0 0.00965 4.6e-06 5.35e-09 0.0442 1.03
11 96 5 2 1 20 3 0 0.00947 4.41e-06 5.46e-09 0.0444 1.03
11 97 5 2 1 20 3 0 0.00931 4.34e-06 5.57e-09 0.0446 1.04
11 98 5 2 1 20 3 0 0.00917 4.3e-06 5.67e-09 0.0449 1.04
11 99 5 2 1 20 3 0 0.00903 4.26e-06 5.78e-09 0.0451 1.04
11 100 5 2 1 20 3 0 0.0089 4.22e-06 5.88e-09 0.0454 1.05
11 101 5 2 1 20 3 0 0.0176 4.17e-06 5.99e-09 0.0456 1.05
11 102 5 2 1 20 3 0 0.0161 8.08e-06 6.09e-09 0.0458 1.07
11 103 5 2 1 20 3 0 0.0168 6.32e-06 6.21e-09 0.046 1.07
11 104 5 2 1 20 3 0 0.01 4.56e-06 6.34e-09 0.0462 1.07
11 105 5 2 1 20 3 0 0.00833 4.09e-06 6.45e-09 0.0464 1.07
11 106 5 2 1 20 3 0 0.00816 3.84e-06 6.56e-09 0.0467 1.07
11 107 5 2 1 20 3 0 0.00802 3.74e-06 6.66e-09 0.0469 1.07
11 108 5 2 1 20 3 0 0.00789 3.69e-06 6.76e-09 0.0471 1.08
11 109 5 2 1 20 3 0 0.00776 3.65e-06 6.86e-09 0.0473 1.08
11 110 5 2 1 20 3 0 0.00764 3.61e-06 6.96e-09 0.0475 1.09
11 111 5 2 1 20 3 0 0.0256 3.55e-06 7.07e-09 0.0477 1.09
11 112 5 2 1 20 3 0 0.0083 6.46e-06 7.17e-09 0.0479 1.09
11 113 6 2 1 20 3 0 0.0127 1.28e-06 7.25e-09 0.0481 1.1
11 114 5 2 1 20 3 0 0.00931 3.43e-06 7.38e-09 0.0483 1.1
11 115 5 2 1 20 3 0 0.00737 3.26e-06 7.48e-09 0.0485 1.1
11 116 5 2 1 20 3 0 0.00676 3.16e-06 7.57e-09 0.0487 1.1
11 117 5 2 1 20 3 0 0.00667 3.09e-06 7.67e-09 0.0489 1.11
11 118 5 2 1 20 3 0 0.00658 3.03e-06 7.76e-09 0.0491 1.11
11 119 5 2 1 20 3 0 0.0065 2.98e-06 7.85e-09 0.0492 1.11
11 120 5 2 1 20 3 0 0.00642 2.96e-06 7.94e-09 0.0494 1.11
11 121 5 2 1 20 3 0 0.0121 2.95e-06 8.03e-09 0.0496 1.12
11 122 5 2 1 20 3 0 0.0142 8.72e-06 8.12e-09 0.0498 1.13
11 123 5 2 1 20 3 0 0.015 6.04e-06 8.22e-09 0.0499 1.13
11 124 5 2 1 20 3 0 0.00835 3.35e-06 8.34e-09 0.0501 1.13
11 125 5 2 1 20 3 0 0.00608 3.17e-06 8.44e-09 0.0503 1.13
11 126 5 2 1 20 3 0 0.00596 3.1e-06 8.54e-09 0.0505 1.13
11 127 5 2 1 20 3 0 0.00585 2.99e-06 8.62e-09 0.0506 1.14
11 128 5 2 1 20 3 0 0.00576 2.91e-06 8.71e-09 0.0508 1.14
11 129 5 2 1 20 3 0 0.00568 2.86e-06 8.8e-09 0.051 1.14
11 130 5 2 1 20 3 0 0.0056 2.82e-06 8.88e-09 0.0511 1.15
11 131 5 2 1 20 3 0 0.0191 2.8e-06 8.97e-09 0.0513 1.15
11 132 5 2 1 20 3 0 0.00822 4.87e-06 9.06e-09 0.0514 1.16
11 133 5 2 1 20 3 0 0.0122 8.86e-06 9.13e-09 0.0516 1.16
11 134 5 2 1 20 3 0 0.00795 2.76e-06 9.26e-09 0.0517 1.16
11 135 5 2 1 20 3 0 0.00595 2.93e-06 9.35e-09 0.0519 1.16
11 136 5 2 1 20 3 0 0.00496 2.87e-06 9.43e-09 0.052 1.16
11 137 5 2 1 20 3 0 0.00488 2.74e-06 9.51e-09 0.0522 1.16
11 138 5 2 1 20 3 0 0.00481 2.61e-06 9.59e-09 0.0523 1.17
11 139 5 2 1 20 3 0 0.00476 2.57e-06 9.66e-09 0.0525 1.17
11 140 5 2 1 20 3 0 0.00471 2.56e-06 9.74e-09 0.0526 1.17
11 141 5 2 1 20 3 0 0.0131 2.55e-06 9.82e-09 0.0527 1.17
11 142 5 2 1 20 3 0 0.0127 8.03e-06 9.9e-09 0.0529 1.19
11 143 6 2 1 20 3 0 0.01 1.3e-06 9.98e-09 0.053 1.18
11 144 5 2 1 21 3 0 0.00711 2.55e-06 4.22e-09 0.0531 1.18
11 145 5 2 1 21 3 0 0.00541 2.9e-06 4.26e-09 0.0533 1.18
11 146 5 2 1 21 3 0 0.0045 2.83e-06 4.29e-09 0.0534 1.18
11 147 5 2 1 21 3 0 0.00419 2.66e-06 4.32e-09 0.0536 1.18
11 148 5 2 1 21 3 0 0.00405 2.49e-06 4.34e-09 0.0537 1.19
11 149 5 2 1 21 3 0 0.00402 2.38e-06 4.37e-09 0.0538 1.19
11 150 5 2 1 21 3 0 0.00401 2.35e-06 4.4e-09 0.0539 1.19
11 151 5 2 1 21 3 0 0.00795 2.34e-06 4.43e-09 0.054 1.19
11 152 5 2 1 21 3 0 0.0126 9.98e-06 4.46e-09 0.0542 1.21
11 153 5 2 1 21 3 0 0.0133 5.67e-06 4.49e-09 0.0543 1.21
11 154 5 2 1 21 3 0 0.00679 2.5e-06 4.53e-09 0.0544 1.21
11 155 5 2 1 21 3 0 0.00452 2.57e-06 4.57e-09 0.0545 1.2
11 156 5 2 1 21 3 0 0.00384 2.49e-06 4.6e-09 0.0547 1.21
11 157 5 2 1 21 3 0 0.00378 2.38e-06 4.63e-09 0.0548 1.21
11 158 5 2 1 21 3 0 0.00373 2.3e-06 4.65e-09 0.0549 1.21
11 159 5 2 1 21 3 0 0.00368 2.24e-06 4.68e-09 0.055 1.21
11 160 5 2 1 21 3 0 0.00364 2.21e-06 4.71e-09 0.0551 1.21
11 161 5 2 1 21 3 0 0.0131 2.18e-06 4.74e-09 0.0552 1.21
11 162 5 2 1 21 3 0 0.00663 4.59e-06 4.76e-09 0.0553 1.23
11 163 5 2 1 21 3 0 0.013 1.72e-06 4.79e-09 0.0554 1.22
11 164 5 2 1 21 3 0 0.0067 1.95e-06 4.83e-09 0.0555 1.22
11 165 5 2 1 21 3 0 0.00429 2.1e-06 4.86e-09 0.0557 1.22
11 166 5 2 1 21 3 0 0.00337 2.16e-06 4.89e-09 0.0558 1.23
11 167 5 2 1 21 3 0 0.00331 2.1e-06 4.92e-09 0.0559 1.23
11 168 5 2 1 21 3 0 0.00326 2.06e-06 4.94e-09 0.056 1.23
11 169 5 2 1 21 3 0 0.00322 2.02e-06 4.97e-09 0.0561 1.23
11 170 5 2 1 21 3 0 0.00318 2e-06 4.99e-09 0.0562 1.23
11 171 5 2 1 21 3 0 0.0111 1.98e-06 5.02e-09 0.0563 1.23
11 172 5 2 1 21 3 0 0.00874 6.45e-06 5.04e-09 0.0564 1.24
11 173 5 2 1 21 3 0 0.012 2.39e-06 5.06e-09 0.0565 1.24
11 174 5 2 1 21 3 0 0.006 1.76e-06 5.1e-09 0.0566 1.24
11 175 5 2 1 21 3 0 0.00381 1.9e-06 5.12e-09 0.0567 1.24
11 176 5 2 1 21 3 0 0.00318 2.01e-06 5.15e-09 0.0568 1.24
11 177 5 2 1 21 3 0 0.00294 1.98e-06 5.17e-09 0.0569 1.24
11 178 5 2 1 21 3 0 0.00279 1.9e-06 5.19e-09 0.0569 1.24
11 179 5 2 1 21 3 0 0.00275 1.84e-06 5.21e-09 0.057 1.24
11 180 5 2 1 21 3 0 0.00274 1.81e-06 5.24e-09 0.0571 1.25
11 181 5 2 1 21 3 0 0.00819 1.79e-06 5.26e-09 0.0572 1.25
11 182 5 2 1 21 3 0 0.00594 4.34e-06 5.28e-09 0.0573 1.26
11 183 5 2 1 21 3 0 0.0124 1.46e-06 5.3e-09 0.0574 1.26
11 184 5 2 1 21 3 0 0.0061 1.56e-06 5.34e-09 0.0575 1.26
11 185 5 2 1 21 3 0 0.00371 1.87e-06 5.36e-09 0.0575 1.26
11 186 5 2 1 21 3 0 0.00275 1.92e-06 5.39e-09 0.0576 1.26
11 187 5 2 1 21 3 0 0.00253 1.82e-06 5.41e-09 0.0577 1.26
11 188 5 2 1 21 3 0 0.00249 1.7e-06 5.43e-09 0.0578 1.26
11 189 5 2 1 21 3 0 0.00246 1.66e-06 5.45e-09 0.0579 1.26
11 190 5 2 1 21 3 0 0.00243 1.64e-06 5.47e-09 0.058 1.26
11 191 5 2 1 21 3 0 0.00874 1.62e-06 5.49e-09 0.058 1.26
11 192 6 2 1 21 3 0 0.00832 2.45e-06 5.51e-09 0.0581 1.27
11 193 5 2 1 21 3 0 0.0115 3.46e-06 5.53e-09 0.0582 1.27
11 194 5 2 1 21 3 0 0.00545 1.67e-06 5.56e-09 0.0583 1.27
11 195 5 2 1 21 3 0 0.0033 1.59e-06 5.58e-09 0.0583 1.27
11 196 5 2 1 21 3 0 0.00256 1.73e-06 5.59e-09 0.0584 1.27
11 197 5 2 1 21 3 0 0.00234 1.7e-06 5.61e-09 0.0585 1.27
11 198 5 2 1 21 3 0 0.0022 1.62e-06 5.63e-09 0.0586 1.27
11 199 5 2 1 21 3 0 0.00212 1.54e-06 5.65e-09 0.0586 1.27
11 200 5 2 1 21 3 0 0.00209 1.47e-06 5.67e-09 0.0587 1.27
11 201 5 2 1 21 3 0 0.00625 1.45e-06 5.68e-09 0.0587 1.27
11 202 5 2 1 21 3 0 0.00573 2.29e-06 5.7e-09 0.0588 1.29
11 203 5 2 1 21 3 0 0.00921 7.21e-06 5.72e-09 0.0589 1.28
11 204 5 2 1 21 3 0 0.0054 1.57e-06 5.76e-09 0.0589 1.28
11 205 5 2 1 21 3 0 0.00356 1.94e-06 5.78e-09 0.059 1.28
11 206 5 2 1 21 3 0 0.00265 1.93e-06 5.8e-09 0.0591 1.28
11 207 5 2 1 21 3 0 0.00216 1.79e-06 5.81e-09 0.0591 1.28
11 208 5 2 1 21 3 0 0.00189 1.64e-06 5.83e-09 0.0592 1.28
11 209 5 2 1 21 3 0 0.00174 1.52e-06 5.84e-09 0.0593 1.28
11 210 5 2 1 21 3 0 0.00174 1.42e-06 5.86e-09 0.0593 1.28
11 211 5 2 1 21 3 0 0.00487 1.35e-06 5.88e-09 0.0594 1.28
11 212 5 2 1 21 3 0 0.0102 9.22e-06 5.89e-09 0.0594 1.3
11 213 6 2 1 21 3 0 0.00792 1.78e-06 5.92e-09 0.0595 1.29
11 214 5 2 1 21 3 0 0.00505 1.58e-06 5.95e-09 0.0595 1.29
11 215 5 2 1 21 3 0 0.0034 1.97e-06 5.97e-09 0.0596 1.29
11 216 5 2 1 21 3 0 0.00254 1.9e-06 5.98e-09 0.0597 1.29
11 217 5 2 1 21 3 0 0.00206 1.71e-06 5.99e-09 0.0597 1.29
11 218 5 2 1 21 3 0 0.00179 1.53e-06 6.01e-09 0.0598 1.29
11 219 5 2 1 21 3 0 0.00171 1.39e-06 6.02e-09 0.0599 1.29
11 220 5 2 1 21 3 0 0.00164 1.29e-06 6.03e-09 0.0599 1.29
11 221 5 2 1 21 3 0 0.00314 1.22e-06 6.05e-09 0.0599 1.29
11 222 6 2 1 21 3 0 0.0107 1.9e-06 6.06e-09 0.06 1.31
11 223 5 2 1 21 3 0 0.0115 5.32e-06 6.08e-09 0.06 1.3
11 224 5 2 1 21 3 0 0.00505 1.34e-06 6.11e-09 0.0601 1.3
11 225 5 2 1 21 3 0 0.00284 1.43e-06 6.13e-09 0.0602 1.3
11 226 5 2 1 21 3 0 0.00196 1.37e-06 6.14e-09 0.0602 1.3
11 227 5 2 1 21 3 0 0.00158 1.24e-06 6.16e-09 0.0603 1.3
11 228 5 2 1 21 3 0 0.00148 1.21e-06 6.17e-09 0.0603 1.3
11 229 5 2 1 21 3 0 0.00146 1.23e-06 6.18e-09 0.0604 1.3
11 230 5 2 1 21 3 0 0.00145 1.23e-06 6.2e-09 0.0604 1.3
11 231 5 2 1 21 3 0 0.0062 1.22e-06 6.21e-09 0.0604 1.3
11 232 5 2 1 21 3 0 0.00515 2.04e-06 6.23e-09 0.0605 1.32
11 233 5 2 1 21 3 0 0.0115 2.11e-06 6.24e-09 0.0605 1.31
11 234 5 2 1 21 3 0 0.00516 1.58e-06 6.27e-09 0.0606 1.31
11 235 5 2 1 21 3 0 0.00283 1.1e-06 6.29e-09 0.0606 1.31
11 236 5 2 1 21 3 0 0.00189 1.22e-06 6.3e-09 0.0607 1.31
11 237 5 2 1 21 3 0 0.00148 1.13e-06 6.31e-09 0.0607 1.31
11 238 5 2 1 21 3 0 0.00131 1.03e-06 6.33e-09 0.0608 1.31
11 239 5 2 1 21 3 0 0.00129 1.07e-06 6.34e-09 0.0608 1.31
11 240 5 2 1 21 3 0 0.00128 1.08e-06 6.35e-09 0.0609 1.31
11 241 5 2 1 21 3 0 0.00529 1.09e-06 6.36e-09 0.0609 1.31
11 242 5 2 1 21 3 0 0.00737 4.09e-06 6.37e-09 0.0609 1.32
11 243 5 2 1 21 3 0 0.0107 2.15e-06 6.38e-09 0.061 1.32
11 244 5 2 1 21 3 0 0.0047 6.72e-07 6.41e-09 0.061 1.32
11 245 5 2 1 21 3 0 0.00254 1.15e-06 6.42e-09 0.0611 1.32
11 246 5 2 1 21 3 0 0.00169 1.25e-06 6.43e-09 0.0611 1.32
11 247 5 2 1 21 3 0 0.00147 1.18e-06 6.44e-09 0.0612 1.32
11 248 5 2 1 21 3 0 0.00133 1.08e-06 6.45e-09 0.0612 1.32
11 249 5 2 1 21 3 0 0.00124 9.86e-07 6.46e-09 0.0613 1.32
11 250 5 2 1 21 3 0 0.00118 9.29e-07 6.47e-09 0.0613 1.32
11 251 5 2 1 21 3 0 0.00316 9.51e-07 6.48e-09 0.0613 1.32
11 252 5 2 1 21 3 0 0.00507 7.38e-06 6.49e-09 0.0613 1.33
11 253 5 2 1 21 3 0 0.0111 2.06e-06 6.5e-09 0.0614 1.33
11 254 5 2 1 21 3 0 0.00488 1.02e-06 6.53e-09 0.0614 1.32
11 255 5 2 1 21 3 0 0.00257 1.1e-06 6.54e-09 0.0615 1.32
11 256 5 2 1 21 3 0 0.00165 1.21e-06 6.55e-09 0.0615 1.32
11 257 5 2 1 21 3 0 0.00125 1.09e-06 6.56e-09 0.0615 1.32
11 258 5 2 1 21 3 0 0.00106 9.41e-07 6.57e-09 0.0616 1.32
11 259 5 2 1 21 3 0 0.000998 8.76e-07 6.58e-09 0.0616 1.32
stationary flow nc = 0 i = 259 du = 0.000998375
# Quadtree, 259 steps, 495.35 CPU, 510.4 real, 1.31e+04 points.step/s, 33 var
11 0 5 2 1 21 3 0 0 8.76e-07 6.58e-09 0 0
11 1 5 2 1 5 3 0 1 0 0 0.0009 0
11 2 6 2 1 31 2 0 0.786 6.56e-06 7.91e-09 0.00163 0.201
11 3 6 2 1 33 2 0 0.555 7.13e-06 8.63e-09 0.00229 0.293
11 4 6 2 1 33 2 0 0.407 5.51e-06 9.27e-09 0.00294 0.32
11 5 6 2 1 33 2 0 0.317 4.4e-06 9.51e-09 0.00358 0.321
11 6 6 3 1 33 2 0 0.259 7.63e-06 9.5e-09 0.00422 0.32
11 7 5 3 1 33 2 0 0.226 9.57e-06 9.7e-09 0.00485 0.327
11 8 5 3 1 33 2 0 0.198 8.45e-06 9.95e-09 0.00547 0.338
11 9 5 3 1 34 2 0 0.177 6.77e-06 6.25e-09 0.00607 0.352
11 10 5 3 1 34 2 0 0.161 5.73e-06 6.34e-09 0.00666 0.366
11 11 5 3 1 34 2 0 0.147 5.22e-06 6.4e-09 0.00724 0.378
11 12 5 3 1 34 2 0 0.135 4.77e-06 6.43e-09 0.00781 0.39
11 13 5 3 1 34 2 0 0.124 4.38e-06 6.44e-09 0.00836 0.401
11 14 5 3 1 34 2 0 0.115 4.04e-06 6.42e-09 0.00891 0.411
11 15 5 3 1 34 2 0 0.108 3.75e-06 6.4e-09 0.00944 0.421
11 16 5 3 1 34 2 0 0.101 3.48e-06 6.36e-09 0.00996 0.43
11 17 5 3 1 34 2 0 0.0943 3.39e-06 6.31e-09 0.0105 0.439
11 18 5 3 1 34 2 0 0.0887 3.31e-06 6.25e-09 0.011 0.448
11 19 5 3 1 34 2 0 0.0836 3.24e-06 6.18e-09 0.0115 0.457
11 20 5 3 1 33 2 0 0.079 3.16e-06 9.89e-09 0.012 0.465
11 21 5 3 1 33 2 0 0.0748 3.09e-06 9.75e-09 0.0124 0.473
11 22 5 3 1 33 2 0 0.071 3.03e-06 9.59e-09 0.0129 0.481
11 23 5 3 1 33 2 0 0.0675 2.96e-06 9.43e-09 0.0134 0.489
11 24 5 3 1 33 2 0 0.0642 2.9e-06 9.25e-09 0.0138 0.496
11 25 5 3 1 33 2 0 0.0612 2.84e-06 9.06e-09 0.0143 0.503
11 26 5 3 1 33 2 0 0.0585 2.79e-06 8.86e-09 0.0147 0.51
11 27 5 3 1 33 2 0 0.0559 2.74e-06 8.65e-09 0.0151 0.517
11 28 5 3 1 33 2 0 0.0535 2.69e-06 8.42e-09 0.0156 0.524
11 29 5 3 1 33 2 0 0.0512 2.65e-06 8.19e-09 0.016 0.53
11 30 5 3 1 33 2 0 0.0491 2.61e-06 7.95e-09 0.0164 0.537
11 31 5 3 1 33 2 0 0.0472 2.57e-06 7.7e-09 0.0168 0.543
11 32 5 3 1 33 2 0 0.0453 2.52e-06 7.44e-09 0.0172 0.549
11 33 5 3 1 33 2 0 0.0436 2.48e-06 7.17e-09 0.0176 0.555
11 34 5 3 1 33 2 0 0.042 2.45e-06 6.89e-09 0.018 0.561
11 35 5 3 1 33 2 0 0.0404 2.41e-06 6.6e-09 0.0183 0.567
11 36 5 3 1 33 2 0 0.039 2.37e-06 6.31e-09 0.0187 0.573
11 37 5 3 1 32 2 0 0.0376 2.33e-06 9.72e-09 0.0191 0.578
11 38 5 3 1 32 2 0 0.0363 2.3e-06 9.21e-09 0.0194 0.584
11 39 5 3 1 32 2 0 0.0351 2.27e-06 8.69e-09 0.0198 0.589
11 40 5 3 1 32 2 0 0.0339 2.25e-06 8.16e-09 0.0201 0.594
11 41 5 3 1 32 2 0 0.0328 2.22e-06 7.62e-09 0.0204 0.6
11 42 5 3 1 32 2 0 0.0317 2.2e-06 7.06e-09 0.0208 0.605
11 43 5 3 1 32 2 0 0.0307 2.18e-06 6.5e-09 0.0211 0.609
11 44 5 3 1 31 2 0 0.0298 2.15e-06 9.59e-09 0.0214 0.614
11 45 5 3 1 31 2 0 0.0289 2.13e-06 8.65e-09 0.0217 0.619
11 46 5 3 1 31 2 0 0.028 2.1e-06 7.69e-09 0.0221 0.624
11 47 5 3 1 31 2 0 0.0271 2.08e-06 6.71e-09 0.0224 0.628
11 48 5 3 1 30 2 0 0.0263 2.05e-06 9.29e-09 0.0227 0.633
11 49 5 3 1 30 2 0 0.0256 2.03e-06 7.65e-09 0.023 0.637
11 50 5 3 1 29 2 0 0.0248 2e-06 9.8e-09 0.0233 0.641
11 51 5 3 1 29 2 0 0.0241 1.98e-06 7.17e-09 0.0235 0.646
11 52 5 3 1 28 2 0 0.0236 3.33e-06 7.64e-09 0.0238 0.652
11 53 5 3 1 27 2 0 0.0229 1.74e-06 5.84e-09 0.0241 0.656
11 54 5 3 1 28 2 0 0.0222 1.77e-06 5.93e-09 0.0244 0.66
11 55 5 3 1 29 2 0 0.0216 1.77e-06 6.41e-09 0.0246 0.664
11 56 5 3 1 29 2 0 0.021 1.76e-06 9.4e-09 0.0249 0.667
11 57 5 3 1 30 2 0 0.0205 1.75e-06 7.55e-09 0.0252 0.671
11 58 5 3 1 30 2 0 0.0199 1.74e-06 9.41e-09 0.0254 0.675
11 59 5 3 1 31 2 0 0.0194 1.72e-06 6.94e-09 0.0257 0.679
11 60 5 3 1 31 2 0 0.0189 1.71e-06 8.11e-09 0.0259 0.683
11 61 5 3 1 31 2 0 0.0184 1.69e-06 9.29e-09 0.0262 0.686
11 62 5 2 1 32 2 0 0.0178 4.75e-06 6.45e-09 0.0264 0.688
11 63 5 2 1 32 2 0 0.0174 5.89e-06 7.12e-09 0.0266 0.691
11 64 5 2 1 32 2 0 0.017 5.49e-06 7.81e-09 0.0269 0.695
11 65 5 2 1 32 2 0 0.0166 5.39e-06 8.52e-09 0.0271 0.699
11 66 5 2 1 32 2 0 0.0162 5.29e-06 9.24e-09 0.0273 0.702
11 67 5 2 1 32 2 0 0.0158 5.19e-06 9.98e-09 0.0275 0.705
11 68 5 2 1 33 2 0 0.0154 5.08e-06 6.62e-09 0.0277 0.709
11 69 5 2 1 33 2 0 0.0151 4.98e-06 7.1e-09 0.028 0.712
11 70 5 2 1 33 2 0 0.0147 4.88e-06 7.58e-09 0.0282 0.715
11 71 5 2 1 33 2 0 0.0144 4.78e-06 8.06e-09 0.0284 0.718
11 72 5 2 1 33 2 0 0.0142 3.71e-06 8.54e-09 0.0286 0.723
11 73 5 2 1 33 2 0 0.0138 4.88e-06 9.08e-09 0.0288 0.726
11 74 5 2 1 33 2 0 0.0135 4.73e-06 9.61e-09 0.029 0.728
11 75 5 2 1 34 2 0 0.0131 4.52e-06 6.26e-09 0.0292 0.731
11 76 5 2 1 34 2 0 0.0128 4.35e-06 6.58e-09 0.0294 0.734
11 77 5 2 1 34 2 0 0.0125 4.21e-06 6.89e-09 0.0295 0.736
11 78 5 2 1 34 2 0 0.0122 4.1e-06 7.2e-09 0.0297 0.739
11 79 5 2 1 34 2 0 0.012 4e-06 7.51e-09 0.0299 0.742
11 80 5 2 1 34 2 0 0.0117 3.91e-06 7.83e-09 0.0301 0.744
11 81 5 2 1 34 2 0 0.0207 3.82e-06 8.14e-09 0.0303 0.747
11 82 6 2 1 34 2 0 0.0137 3.05e-06 8.45e-09 0.0304 0.749
11 83 5 2 1 34 2 0 0.0108 5.02e-06 8.74e-09 0.0306 0.75
11 84 5 2 1 34 2 0 0.0106 3.75e-06 9.05e-09 0.0308 0.752
11 85 5 2 1 34 2 0 0.0104 3.7e-06 9.35e-09 0.0309 0.755
11 86 5 2 1 34 2 0 0.0102 3.63e-06 9.65e-09 0.0311 0.758
11 87 5 2 1 34 2 0 0.00998 3.56e-06 9.95e-09 0.0312 0.76
11 88 5 2 1 35 2 0 0.00978 3.47e-06 6.33e-09 0.0314 0.763
11 89 5 2 1 35 2 0 0.00958 3.39e-06 6.52e-09 0.0316 0.765
11 90 5 2 1 35 2 0 0.00938 3.31e-06 6.72e-09 0.0317 0.767
11 91 5 2 1 35 2 0 0.0198 3.23e-06 6.91e-09 0.0318 0.769
11 92 5 2 1 35 2 0 0.0166 4.88e-06 7.11e-09 0.032 0.782
11 93 5 2 1 35 2 0 0.00935 4.17e-06 7.24e-09 0.0321 0.781
11 94 5 2 1 35 2 0 0.00891 3.55e-06 7.49e-09 0.0323 0.78
11 95 5 2 1 35 2 0 0.00862 3.36e-06 7.73e-09 0.0324 0.781
11 96 5 2 1 35 2 0 0.00839 3.16e-06 7.94e-09 0.0325 0.782
11 97 5 2 1 35 2 0 0.0082 3e-06 8.14e-09 0.0327 0.784
11 98 5 2 1 35 2 0 0.00803 2.9e-06 8.34e-09 0.0328 0.786
11 99 5 2 1 35 2 0 0.00786 2.83e-06 8.54e-09 0.0329 0.788
11 100 5 2 1 35 2 0 0.0077 2.77e-06 8.74e-09 0.0331 0.791
11 101 5 2 1 35 2 0 0.0144 2.72e-06 8.94e-09 0.0332 0.792
11 102 6 2 1 35 2 0 0.0169 2.31e-06 9.13e-09 0.0333 0.793
11 103 5 2 1 35 2 0 0.0104 4.63e-06 9.34e-09 0.0334 0.793
11 104 5 2 1 35 2 0 0.00792 2.66e-06 9.53e-09 0.0335 0.794
11 105 5 2 1 35 2 0 0.0067 2.44e-06 9.71e-09 0.0337 0.796
11 106 5 2 1 35 2 0 0.00642 2.31e-06 9.89e-09 0.0338 0.798
11 107 5 2 1 36 2 0 0.00638 2.28e-06 6.22e-09 0.0339 0.8
11 108 5 2 1 36 2 0 0.00631 2.26e-06 6.34e-09 0.034 0.802
11 109 5 2 1 36 2 0 0.00624 2.23e-06 6.45e-09 0.0341 0.804
11 110 5 2 1 36 2 0 0.00615 2.2e-06 6.57e-09 0.0342 0.806
11 111 5 2 1 36 2 0 0.0121 2.16e-06 6.68e-09 0.0343 0.807
11 112 5 2 1 36 2 0 0.0142 5.3e-06 6.8e-09 0.0344 0.821
11 113 5 2 1 36 2 0 0.00639 3.13e-06 6.87e-09 0.0345 0.819
11 114 5 2 1 36 2 0 0.00603 2.62e-06 7.03e-09 0.0346 0.818
11 115 5 2 1 36 2 0 0.00581 2.47e-06 7.17e-09 0.0347 0.818
11 116 5 2 1 36 2 0 0.00566 2.27e-06 7.29e-09 0.0348 0.818
11 117 5 2 1 36 2 0 0.00553 2.12e-06 7.41e-09 0.0349 0.82
11 118 5 2 1 36 2 0 0.00542 2.03e-06 7.53e-09 0.035 0.822
11 119 5 2 1 36 2 0 0.00532 1.97e-06 7.65e-09 0.0351 0.823
11 120 5 2 1 36 2 0 0.00521 1.93e-06 7.76e-09 0.0352 0.825
11 121 5 2 1 36 2 0 0.0102 1.9e-06 7.88e-09 0.0353 0.826
11 122 6 2 1 36 2 0 0.015 2.39e-06 7.99e-09 0.0354 0.826
11 123 5 2 1 36 2 0 0.00889 7.73e-06 8.11e-09 0.0355 0.827
11 124 5 2 1 36 2 0 0.00627 5.19e-06 8.22e-09 0.0355 0.827
11 125 5 2 1 36 2 0 0.00504 3.38e-06 8.33e-09 0.0356 0.828
11 126 5 2 1 36 2 0 0.00441 2.53e-06 8.45e-09 0.0357 0.829
11 127 5 2 1 36 2 0 0.00428 2.3e-06 8.56e-09 0.0358 0.83
11 128 5 2 1 36 2 0 0.00426 2.15e-06 8.67e-09 0.0359 0.831
11 129 5 2 1 36 2 0 0.00423 2.04e-06 8.78e-09 0.036 0.833
11 130 5 2 1 36 2 0 0.00419 1.96e-06 8.89e-09 0.036 0.834
11 131 5 2 1 36 2 0 0.00895 1.9e-06 9e-09 0.0361 0.835
11 132 6 2 1 36 2 0 0.0147 2.71e-06 9.1e-09 0.0362 0.848
11 133 5 2 1 36 2 0 0.0062 2.98e-06 9.15e-09 0.0362 0.846
11 134 5 2 1 36 2 0 0.00416 2.53e-06 9.28e-09 0.0363 0.844
11 135 5 2 1 36 2 0 0.00398 2.19e-06 9.41e-09 0.0364 0.843
11 136 5 2 1 36 2 0 0.00386 1.89e-06 9.52e-09 0.0365 0.843
11 137 5 2 1 36 2 0 0.00378 1.76e-06 9.63e-09 0.0365 0.845
11 138 5 2 1 36 2 0 0.00371 1.71e-06 9.73e-09 0.0366 0.846
11 139 5 2 1 36 2 0 0.00365 1.69e-06 9.83e-09 0.0367 0.847
11 140 5 2 1 36 2 0 0.00358 1.68e-06 9.94e-09 0.0367 0.848
11 141 5 2 1 37 2 0 0.00352 1.67e-06 6.2e-09 0.0368 0.85
11 142 5 2 1 37 2 0 0.0134 5.98e-06 6.26e-09 0.0369 0.847
11 143 5 2 1 37 2 0 0.00759 3.46e-06 6.34e-09 0.0369 0.848
11 144 5 2 1 37 2 0 0.00504 2.12e-06 6.4e-09 0.037 0.85
11 145 5 2 1 37 2 0 0.00387 1.59e-06 6.46e-09 0.037 0.851
11 146 5 2 1 37 2 0 0.00328 1.49e-06 6.52e-09 0.0371 0.853
11 147 5 2 1 37 2 0 0.00296 1.46e-06 6.57e-09 0.0372 0.854
11 148 5 2 1 37 2 0 0.00292 1.45e-06 6.63e-09 0.0372 0.855
11 149 5 2 1 37 2 0 0.00291 1.45e-06 6.69e-09 0.0373 0.856
11 150 5 2 1 37 2 0 0.00289 1.45e-06 6.75e-09 0.0373 0.857
11 151 5 2 1 37 2 0 0.00555 1.45e-06 6.81e-09 0.0374 0.858
11 152 5 2 1 37 2 0 0.0117 6.64e-06 6.87e-09 0.0374 0.871
11 153 5 2 1 37 2 0 0.00422 2.18e-06 6.9e-09 0.0375 0.869
11 154 5 2 1 37 2 0 0.00996 2.4e-06 6.98e-09 0.0375 0.866
11 155 5 2 1 37 2 0 0.00298 1.51e-06 7.06e-09 0.0376 0.865
11 156 5 2 1 37 2 0 0.00276 1.4e-06 7.12e-09 0.0376 0.865
11 157 5 2 1 37 2 0 0.00269 1.33e-06 7.18e-09 0.0377 0.865
11 158 5 2 1 37 2 0 0.00263 1.33e-06 7.24e-09 0.0377 0.866
11 159 5 2 1 37 2 0 0.00258 1.34e-06 7.3e-09 0.0378 0.868
11 160 5 2 1 37 2 0 0.00253 1.36e-06 7.36e-09 0.0378 0.868
11 161 5 2 1 37 2 0 0.00302 1.37e-06 7.41e-09 0.0379 0.869
11 162 6 2 1 37 2 0 0.0135 2.58e-06 7.47e-09 0.0379 0.87
11 163 5 2 1 37 2 0 0.00708 9.03e-06 7.53e-09 0.038 0.87
11 164 5 2 1 37 2 0 0.0044 5.83e-06 7.58e-09 0.038 0.869
11 165 5 2 1 37 2 0 0.00316 3.63e-06 7.64e-09 0.0381 0.869
11 166 5 2 1 37 2 0 0.00253 2.34e-06 7.69e-09 0.0381 0.87
11 167 5 2 1 37 2 0 0.0022 1.98e-06 7.75e-09 0.0381 0.87
11 168 5 2 1 37 2 0 0.00204 1.76e-06 7.8e-09 0.0382 0.871
11 169 5 2 1 37 2 0 0.00202 1.61e-06 7.85e-09 0.0382 0.871
11 170 5 2 1 37 2 0 0.00202 1.51e-06 7.9e-09 0.0383 0.872
11 171 5 2 1 37 2 0 0.00408 1.44e-06 7.95e-09 0.0383 0.873
11 172 6 2 1 37 2 0 0.013 3.72e-06 8.01e-09 0.0383 0.885
11 173 5 2 1 37 2 0 0.00553 3.45e-06 8.01e-09 0.0384 0.881
11 174 5 2 1 37 2 0 0.0021 2.18e-06 8.08e-09 0.0384 0.879
11 175 5 2 1 37 2 0 0.00194 1.58e-06 8.14e-09 0.0384 0.877
11 176 5 2 1 37 2 0 0.00187 1.4e-06 8.19e-09 0.0385 0.877
11 177 5 2 1 37 2 0 0.00183 1.29e-06 8.24e-09 0.0385 0.878
11 178 5 2 1 37 2 0 0.0018 1.26e-06 8.29e-09 0.0386 0.879
11 179 5 2 1 37 2 0 0.00178 1.25e-06 8.33e-09 0.0386 0.88
11 180 5 2 1 37 2 0 0.00176 1.24e-06 8.38e-09 0.0386 0.88
11 181 5 2 1 37 2 0 0.00385 1.23e-06 8.43e-09 0.0387 0.881
11 182 5 2 1 37 2 0 0.0125 6.03e-06 8.47e-09 0.0387 0.879
11 183 5 2 1 37 2 0 0.00594 3.21e-06 8.54e-09 0.0387 0.879
11 184 5 2 1 37 2 0 0.00356 2.12e-06 8.58e-09 0.0388 0.88
11 185 5 2 1 37 2 0 0.00248 1.31e-06 8.62e-09 0.0388 0.881
11 186 5 2 1 37 2 0 0.00195 1.15e-06 8.66e-09 0.0388 0.881
11 187 5 2 1 37 2 0 0.00167 1.11e-06 8.7e-09 0.0389 0.882
11 188 5 2 1 37 2 0 0.00151 1.09e-06 8.75e-09 0.0389 0.883
11 189 5 2 1 37 2 0 0.00141 1.08e-06 8.79e-09 0.0389 0.883
11 190 5 2 1 37 2 0 0.00139 1.08e-06 8.83e-09 0.039 0.884
11 191 5 2 1 37 2 0 0.00231 1.07e-06 8.87e-09 0.039 0.884
11 192 5 2 1 37 2 0 0.0106 6.99e-06 8.91e-09 0.039 0.898
11 193 5 2 1 37 2 0 0.00578 1.93e-06 8.93e-09 0.039 0.895
11 194 5 2 1 37 2 0 0.00165 1.2e-06 8.99e-09 0.039 0.892
11 195 5 2 1 37 2 0 0.0015 1.18e-06 9.04e-09 0.0391 0.89
11 196 5 2 1 37 2 0 0.00142 1.15e-06 9.09e-09 0.0391 0.889
11 197 5 2 1 37 2 0 0.00138 1.14e-06 9.14e-09 0.0391 0.889
11 198 5 2 1 37 2 0 0.00135 1.13e-06 9.18e-09 0.0391 0.89
11 199 5 2 1 37 2 0 0.00132 1.12e-06 9.22e-09 0.0392 0.89
11 200 5 2 1 37 2 0 0.0013 1.11e-06 9.26e-09 0.0392 0.891
11 201 5 2 1 37 2 0 0.00314 1.09e-06 9.3e-09 0.0392 0.891
11 202 5 2 1 37 2 0 0.0117 8e-06 9.34e-09 0.0392 0.89
11 203 5 2 1 37 2 0 0.00579 4.97e-06 9.37e-09 0.0393 0.89
11 204 5 2 1 37 2 0 0.00327 2.86e-06 9.4e-09 0.0393 0.889
11 205 5 2 1 37 2 0 0.00213 1.97e-06 9.44e-09 0.0393 0.889
11 206 5 2 1 37 2 0 0.00158 1.4e-06 9.47e-09 0.0393 0.89
11 207 5 2 1 37 2 0 0.00129 1.23e-06 9.51e-09 0.0394 0.89
11 208 5 2 1 37 2 0 0.00113 1.13e-06 9.54e-09 0.0394 0.89
11 209 5 2 1 37 2 0 0.00104 1.06e-06 9.58e-09 0.0394 0.891
11 210 5 2 1 37 2 0 0.000983 1.01e-06 9.61e-09 0.0394 0.891
stationary flow nc = 1 i = 210 du = 0.000983486
# Quadtree, 210 steps, 779.311 CPU, 792 real, 9.43e+03 points.step/s, 33 var
11 0 5 2 1 37 2 0 0 1.01e-06 9.61e-09 0 0
11 1 5 2 1 5 2 0 1 0 0 0.0008 0
11 2 6 2 1 28 2 0 0.861 5.5e-06 6.25e-09 0.00133 0.255
11 3 6 2 1 28 2 0 0.64 5.56e-06 6.74e-09 0.0018 0.34
11 4 6 2 1 28 2 0 0.482 4.07e-06 5.85e-09 0.00226 0.34
11 5 6 2 1 19 3 0 0.383 2.63e-06 6.65e-09 0.00273 0.322
11 6 6 2 1 26 2 0 0.315 2.44e-06 7.78e-09 0.0032 0.315
11 7 6 2 1 27 2 0 0.276 2.31e-06 9.23e-09 0.00366 0.321
11 8 6 2 1 19 3 0 0.241 2.31e-06 7.74e-09 0.0041 0.331
11 9 6 2 1 26 2 0 0.214 2.29e-06 8.53e-09 0.00453 0.341
11 10 6 2 1 19 3 0 0.191 2.27e-06 8.29e-09 0.00494 0.35
11 11 6 2 1 26 2 0 0.173 2.23e-06 9.49e-09 0.00534 0.358
11 12 6 2 1 27 2 0 0.157 2.19e-06 9.96e-09 0.00573 0.364
11 13 6 2 1 27 2 0 0.143 2.16e-06 9.97e-09 0.00611 0.371
11 14 6 2 1 28 2 0 0.132 2.12e-06 5.71e-09 0.00648 0.377
11 15 5 2 1 28 2 0 0.121 9.82e-06 6.03e-09 0.00683 0.382
11 16 5 2 1 28 2 0 0.112 9.59e-06 6.35e-09 0.00718 0.388
11 17 5 2 1 28 2 0 0.104 9.39e-06 6.67e-09 0.00752 0.393
11 18 5 2 1 28 2 0 0.0973 9.19e-06 6.98e-09 0.00784 0.399
11 19 5 2 1 28 2 0 0.091 9e-06 7.29e-09 0.00816 0.405
11 20 5 2 1 28 2 0 0.0853 8.83e-06 7.59e-09 0.00847 0.41
11 21 5 2 1 28 2 0 0.0801 8.65e-06 7.89e-09 0.00877 0.416
11 22 5 2 1 28 2 0 0.0754 8.49e-06 8.2e-09 0.00906 0.421
11 23 5 2 1 28 2 0 0.0711 8.32e-06 8.48e-09 0.00935 0.426
11 24 5 2 1 28 2 0 0.0672 8.17e-06 8.76e-09 0.00962 0.431
11 25 5 2 1 28 2 0 0.0636 8.01e-06 9.04e-09 0.00989 0.436
11 26 5 2 1 28 2 0 0.0603 7.86e-06 9.31e-09 0.0102 0.441
11 27 5 2 1 28 2 0 0.0572 7.72e-06 9.58e-09 0.0104 0.446
11 28 5 2 1 29 2 0 0.0544 7.57e-06 5.7e-09 0.0107 0.451
11 29 5 2 1 29 2 0 0.0517 7.43e-06 6.16e-09 0.0109 0.455
11 30 5 2 1 29 2 0 0.0493 7.29e-06 6.61e-09 0.0111 0.46
11 31 5 2 1 29 2 0 0.047 7.15e-06 7.07e-09 0.0114 0.464
11 32 5 2 1 29 2 0 0.0448 7.01e-06 7.54e-09 0.0116 0.468
11 33 5 2 1 29 2 0 0.0428 6.87e-06 8e-09 0.0118 0.473
11 34 5 2 1 29 2 0 0.041 6.73e-06 8.47e-09 0.012 0.477
11 35 5 2 1 29 2 0 0.0392 6.6e-06 8.94e-09 0.0122 0.481
11 36 5 2 1 29 2 0 0.0375 6.46e-06 9.41e-09 0.0124 0.485
11 37 5 2 1 29 2 0 0.036 6.33e-06 9.89e-09 0.0126 0.489
11 38 5 2 1 30 2 0 0.0345 6.19e-06 5.88e-09 0.0128 0.492
11 39 5 2 1 30 2 0 0.0331 6.06e-06 6.15e-09 0.013 0.496
11 40 5 2 1 30 2 0 0.0318 5.93e-06 6.43e-09 0.0131 0.5
11 41 5 2 1 30 2 0 0.0305 5.8e-06 6.7e-09 0.0133 0.503
11 42 5 2 1 30 2 0 0.0293 5.68e-06 6.97e-09 0.0135 0.507
11 43 5 2 1 30 2 0 0.0282 5.57e-06 7.25e-09 0.0137 0.51
11 44 5 2 1 30 2 0 0.0271 5.47e-06 7.52e-09 0.0138 0.514
11 45 5 2 1 30 2 0 0.0261 5.36e-06 7.8e-09 0.014 0.517
11 46 5 2 1 30 2 0 0.0252 5.26e-06 8.07e-09 0.0141 0.52
11 47 5 2 1 30 2 0 0.0242 5.15e-06 8.35e-09 0.0143 0.523
11 48 5 2 1 30 2 0 0.0234 5.05e-06 8.62e-09 0.0144 0.526
11 49 5 2 1 30 2 0 0.0225 4.94e-06 8.89e-09 0.0146 0.529
11 50 5 2 1 30 2 0 0.0217 4.84e-06 9.17e-09 0.0147 0.532
11 51 5 2 1 30 2 0 0.021 4.74e-06 9.44e-09 0.0148 0.535
11 52 5 2 1 30 2 0 0.0202 4.64e-06 9.72e-09 0.015 0.537
11 53 5 2 1 30 2 0 0.0195 4.53e-06 9.99e-09 0.0151 0.54
11 54 5 2 1 31 2 0 0.0189 4.43e-06 5.82e-09 0.0152 0.543
11 55 5 2 1 31 2 0 0.0182 4.33e-06 5.98e-09 0.0153 0.545
11 56 5 2 1 31 2 0 0.0176 4.24e-06 6.13e-09 0.0154 0.548
11 57 5 2 1 31 2 0 0.017 4.14e-06 6.29e-09 0.0155 0.55
11 58 5 2 1 31 2 0 0.0164 4.04e-06 6.44e-09 0.0157 0.553
11 59 5 2 1 31 2 0 0.0159 3.95e-06 6.59e-09 0.0158 0.555
11 60 5 2 1 31 2 0 0.0154 3.85e-06 6.75e-09 0.0159 0.557
11 61 5 2 1 31 2 0 0.0149 3.76e-06 6.9e-09 0.016 0.559
11 62 5 2 1 31 2 0 0.0144 3.67e-06 7.05e-09 0.0161 0.561
11 63 5 2 1 31 2 0 0.0139 3.58e-06 7.2e-09 0.0162 0.564
11 64 5 2 1 31 2 0 0.0135 3.49e-06 7.35e-09 0.0163 0.566
11 65 5 2 1 31 2 0 0.0131 3.4e-06 7.5e-09 0.0164 0.568
11 66 5 2 1 31 2 0 0.0126 3.31e-06 7.65e-09 0.0164 0.569
11 67 5 2 1 31 2 0 0.0123 3.22e-06 7.8e-09 0.0165 0.571
11 68 5 2 1 31 2 0 0.0119 3.14e-06 7.95e-09 0.0166 0.573
11 69 5 2 1 31 2 0 0.0115 3.06e-06 8.09e-09 0.0167 0.575
11 70 5 2 1 31 2 0 0.0111 2.97e-06 8.24e-09 0.0168 0.577
11 71 5 2 1 31 2 0 0.0108 2.89e-06 8.38e-09 0.0169 0.579
11 72 5 2 1 31 2 0 0.0105 2.81e-06 8.53e-09 0.0169 0.58
11 73 5 2 1 31 2 0 0.0101 2.74e-06 8.67e-09 0.017 0.582
11 74 5 2 1 31 2 0 0.00984 2.66e-06 8.81e-09 0.0171 0.583
11 75 5 2 1 31 2 0 0.00954 2.59e-06 8.96e-09 0.0171 0.585
11 76 5 2 1 31 2 0 0.00925 2.51e-06 9.1e-09 0.0172 0.586
11 77 5 2 1 31 2 0 0.00897 2.44e-06 9.24e-09 0.0173 0.588
11 78 5 2 1 31 2 0 0.0087 2.37e-06 9.37e-09 0.0173 0.589
11 79 5 2 1 31 2 0 0.00844 2.3e-06 9.51e-09 0.0174 0.591
11 80 5 2 1 31 2 0 0.00819 2.23e-06 9.65e-09 0.0175 0.592
11 81 5 2 1 31 2 0 0.00795 2.16e-06 9.78e-09 0.0175 0.594
11 82 5 2 1 31 2 0 0.00771 2.1e-06 9.92e-09 0.0176 0.595
11 83 5 2 1 32 2 0 0.00749 2.03e-06 5.71e-09 0.0176 0.596
11 84 5 2 1 32 2 0 0.00727 1.97e-06 5.78e-09 0.0177 0.597
11 85 5 2 1 32 2 0 0.00705 1.91e-06 5.86e-09 0.0177 0.599
11 86 5 2 1 32 2 0 0.00685 1.85e-06 5.93e-09 0.0178 0.6
11 87 5 2 1 32 2 0 0.00665 1.82e-06 6.01e-09 0.0178 0.601
11 88 5 2 1 32 2 0 0.00646 1.8e-06 6.08e-09 0.0179 0.602
11 89 5 2 1 32 2 0 0.00627 1.78e-06 6.15e-09 0.0179 0.603
11 90 5 2 1 32 2 0 0.00609 1.76e-06 6.22e-09 0.018 0.604
11 91 5 2 1 32 2 0 0.00591 1.74e-06 6.29e-09 0.018 0.605
11 92 5 2 1 32 2 0 0.00574 1.72e-06 6.36e-09 0.0181 0.606
11 93 5 2 1 32 2 0 0.00558 1.69e-06 6.43e-09 0.0181 0.607
11 94 5 2 1 32 2 0 0.00542 1.67e-06 6.5e-09 0.0182 0.608
11 95 5 2 1 32 2 0 0.00526 1.65e-06 6.57e-09 0.0182 0.609
11 96 5 2 1 32 2 0 0.00511 1.63e-06 6.64e-09 0.0182 0.61
11 97 5 2 1 32 2 0 0.00497 1.61e-06 6.71e-09 0.0183 0.611
11 98 5 2 1 20 3 0 0.00483 1.59e-06 8.3e-09 0.0183 0.612
11 99 5 2 1 31 2 0 0.00469 1.57e-06 8.21e-09 0.0184 0.613
11 100 5 2 1 20 3 0 0.00456 1.55e-06 8.29e-09 0.0184 0.614
11 101 5 2 1 31 2 0 0.00443 1.53e-06 8.35e-09 0.0184 0.615
11 102 5 2 1 20 3 0 0.00431 1.51e-06 8.28e-09 0.0185 0.615
11 103 5 2 1 31 2 0 0.00419 1.49e-06 8.48e-09 0.0185 0.616
11 104 5 2 1 20 3 0 0.00407 1.47e-06 8.27e-09 0.0185 0.617
11 105 5 2 1 31 2 0 0.00395 1.45e-06 8.61e-09 0.0186 0.618
11 106 5 2 1 20 3 0 0.00384 1.43e-06 8.26e-09 0.0186 0.618
11 107 5 2 1 31 2 0 0.00374 1.41e-06 8.73e-09 0.0186 0.619
11 108 5 2 1 20 3 0 0.00363 1.39e-06 8.25e-09 0.0187 0.62
11 109 5 2 1 31 2 0 0.00353 1.37e-06 8.86e-09 0.0187 0.621
11 110 5 2 1 20 3 0 0.00343 1.35e-06 8.23e-09 0.0187 0.621
11 111 5 2 1 31 2 0 0.00334 1.34e-06 8.98e-09 0.0187 0.622
11 112 5 2 1 20 3 0 0.00325 1.32e-06 8.22e-09 0.0188 0.622
11 113 5 2 1 31 2 0 0.00316 1.3e-06 9.09e-09 0.0188 0.623
11 114 5 2 1 20 3 0 0.00307 1.28e-06 8.2e-09 0.0188 0.624
11 115 5 2 1 20 3 0 0.00298 1.27e-06 4.2e-09 0.0188 0.624
11 116 5 2 1 20 3 0 0.0029 1.26e-06 4.19e-09 0.0189 0.625
11 117 5 2 1 20 3 0 0.00282 1.24e-06 4.18e-09 0.0189 0.625
11 118 5 2 1 20 3 0 0.00274 1.23e-06 4.17e-09 0.0189 0.626
11 119 5 2 1 20 3 0 0.00267 1.22e-06 4.16e-09 0.0189 0.626
11 120 5 2 1 20 3 0 0.0026 1.21e-06 4.15e-09 0.0189 0.627
11 121 5 2 1 20 3 0 0.00253 1.2e-06 4.14e-09 0.019 0.627
11 122 5 2 1 20 3 0 0.00246 1.18e-06 4.13e-09 0.019 0.628
11 123 5 2 1 19 3 0 0.00239 1.17e-06 9.99e-09 0.019 0.628
11 124 5 2 1 19 3 0 0.00232 1.16e-06 9.96e-09 0.019 0.629
11 125 5 2 1 19 3 0 0.00226 1.15e-06 9.94e-09 0.019 0.629
11 126 5 2 1 19 3 0 0.0022 1.14e-06 9.92e-09 0.0191 0.63
11 127 5 2 1 19 3 0 0.00214 1.12e-06 9.9e-09 0.0191 0.63
11 128 5 2 1 19 3 0 0.00208 1.11e-06 9.87e-09 0.0191 0.631
11 129 5 2 1 19 3 0 0.00202 1.1e-06 9.85e-09 0.0191 0.631
11 130 5 2 1 19 3 0 0.00197 1.09e-06 9.83e-09 0.0191 0.632
11 131 5 2 1 19 3 0 0.00192 1.08e-06 9.81e-09 0.0191 0.632
11 132 5 2 1 19 3 0 0.00186 1.06e-06 9.78e-09 0.0192 0.632
11 133 5 2 1 19 3 0 0.00181 1.05e-06 9.76e-09 0.0192 0.633
11 134 5 2 1 19 3 0 0.00176 1.04e-06 9.74e-09 0.0192 0.633
11 135 5 2 1 19 3 0 0.00172 1.03e-06 9.71e-09 0.0192 0.633
11 136 5 2 1 19 3 0 0.00167 1.02e-06 9.69e-09 0.0192 0.634
11 137 5 2 1 19 3 0 0.00162 1.01e-06 9.67e-09 0.0192 0.634
11 138 5 2 1 19 3 0 0.00158 9.94e-07 9.64e-09 0.0192 0.634
11 139 5 2 1 19 3 0 0.00154 9.83e-07 9.62e-09 0.0193 0.635
11 140 5 2 1 19 3 0 0.0015 9.71e-07 9.6e-09 0.0193 0.635
11 141 5 2 1 19 3 0 0.0902 9.6e-07 9.58e-09 0.0193 0.635
11 142 5 2 1 19 3 0 0.0131 2.12e-06 9.56e-09 0.0193 0.644
11 143 5 2 1 19 3 0 0.0146 2.57e-06 9.74e-09 0.0193 0.64
11 144 5 2 1 19 3 0 0.0073 1.58e-06 9.62e-09 0.0193 0.638
11 145 5 2 1 19 3 0 0.00454 1.17e-06 9.59e-09 0.0193 0.637
11 146 5 2 1 19 3 0 0.00319 1.02e-06 9.56e-09 0.0193 0.637
11 147 5 2 1 19 3 0 0.00246 9.42e-07 9.53e-09 0.0193 0.637
11 148 5 2 1 19 3 0 0.00203 9.03e-07 9.5e-09 0.0193 0.637
11 149 5 2 1 19 3 0 0.00175 8.8e-07 9.47e-09 0.0193 0.638
11 150 5 2 1 19 3 0 0.00156 8.64e-07 9.43e-09 0.0194 0.638
11 151 5 2 1 19 3 0 0.0033 8.51e-07 9.4e-09 0.0193 0.638
11 152 5 2 1 19 3 0 0.013 2.24e-06 9.38e-09 0.0194 0.646
11 153 5 2 1 19 3 0 0.0144 2.47e-06 9.56e-09 0.0194 0.642
11 154 5 2 1 19 3 0 0.00712 1.65e-06 9.42e-09 0.0194 0.64
11 155 5 2 1 19 3 0 0.00435 1.06e-06 9.39e-09 0.0194 0.639
11 156 5 2 1 19 3 0 0.00299 9.14e-07 9.36e-09 0.0194 0.639
11 157 5 2 1 19 3 0 0.00226 8.38e-07 9.33e-09 0.0194 0.639
11 158 5 2 1 19 3 0 0.00182 7.99e-07 9.29e-09 0.0194 0.64
11 159 5 2 1 19 3 0 0.00154 7.77e-07 9.26e-09 0.0194 0.64
11 160 5 2 1 19 3 0 0.00135 7.62e-07 9.23e-09 0.0194 0.64
11 161 5 2 1 19 3 0 0.00262 7.5e-07 9.2e-09 0.0194 0.64
11 162 5 2 1 19 3 0 0.0128 2.33e-06 9.17e-09 0.0194 0.648
11 163 5 2 1 19 3 0 0.0142 2.41e-06 9.35e-09 0.0194 0.644
11 164 5 2 1 19 3 0 0.00693 1.68e-06 9.22e-09 0.0194 0.642
11 165 5 2 1 19 3 0 0.00416 9.68e-07 9.19e-09 0.0194 0.641
11 166 5 2 1 19 3 0 0.00281 8.17e-07 9.15e-09 0.0194 0.641
11 167 5 2 1 19 3 0 0.00208 7.41e-07 9.12e-09 0.0195 0.641
11 168 5 2 1 19 3 0 0.00164 7.03e-07 9.09e-09 0.0195 0.641
11 169 5 2 1 19 3 0 0.00137 6.81e-07 9.05e-09 0.0195 0.641
11 170 5 2 1 19 3 0 0.00119 6.67e-07 9.02e-09 0.0195 0.642
11 171 5 2 1 19 3 0 0.00209 6.56e-07 8.99e-09 0.0195 0.642
11 172 5 2 1 19 3 0 0.0127 2.4e-06 8.96e-09 0.0195 0.65
11 173 5 2 1 19 3 0 0.0141 2.38e-06 9.15e-09 0.0195 0.646
11 174 5 2 1 19 3 0 0.00678 1.7e-06 9.01e-09 0.0195 0.644
11 175 5 2 1 19 3 0 0.00402 9.78e-07 8.98e-09 0.0195 0.643
11 176 5 2 1 19 3 0 0.00266 7.27e-07 8.95e-09 0.0195 0.642
11 177 5 2 1 19 3 0 0.00194 6.52e-07 8.92e-09 0.0195 0.643
11 178 5 2 1 19 3 0 0.00151 6.14e-07 8.89e-09 0.0195 0.643
11 179 5 2 1 19 3 0 0.00124 5.94e-07 8.86e-09 0.0195 0.643
11 180 5 2 1 19 3 0 0.00106 5.81e-07 8.83e-09 0.0195 0.643
11 181 5 2 1 19 3 0 0.00169 5.75e-07 8.8e-09 0.0195 0.643
11 182 5 2 1 19 3 0 0.0125 2.46e-06 8.77e-09 0.0195 0.651
11 183 5 2 1 19 3 0 0.0139 2.36e-06 8.96e-09 0.0195 0.647
11 184 5 2 1 19 3 0 0.00667 1.7e-06 8.83e-09 0.0195 0.645
11 185 5 2 1 19 3 0 0.00391 9.77e-07 8.8e-09 0.0195 0.644
11 186 5 2 1 19 3 0 0.00256 6.67e-07 8.77e-09 0.0195 0.644
11 187 5 2 1 19 3 0 0.00183 6.31e-07 8.74e-09 0.0195 0.644
11 188 5 2 1 19 3 0 0.00141 6.03e-07 8.71e-09 0.0195 0.644
11 189 5 2 1 19 3 0 0.00114 5.88e-07 8.68e-09 0.0195 0.644
11 190 5 2 1 19 3 0 0.000958 5.78e-07 8.65e-09 0.0195 0.644
stationary flow nc = 2 i = 190 du = 0.000957803
# Quadtree, 190 steps, 813.758 CPU, 826.9 real, 1.16e+04 points.step/s, 33 var
11 0 5 2 1 19 3 0 0 5.78e-07 8.65e-09 0 0
11 1 5 2 1 5 3 0 1 0 0 0.000699 0
11 2 6 2 1 24 2 0 0.959 7.11e-06 9.76e-09 0.00107 0.271
11 3 6 2 1 17 3 0 0.761 7.11e-06 3.61e-09 0.00139 0.332
11 4 6 2 1 25 2 0 0.586 6.74e-06 6.2e-09 0.00172 0.314
11 5 6 3 1 16 3 0 0.454 3.99e-06 9.14e-09 0.00206 0.294
11 6 6 4 1 25 2 0 0.356 4.97e-06 5.4e-09 0.0024 0.289
11 7 5 4 1 16 3 0 0.311 8.63e-06 8.71e-09 0.00273 0.296
11 8 5 4 1 25 2 0 0.267 7.15e-06 5.42e-09 0.00304 0.306
11 9 5 4 1 26 2 0 0.232 6.64e-06 8.54e-09 0.00333 0.316
11 10 5 4 1 26 2 0 0.205 6.49e-06 8.66e-09 0.00361 0.325
11 11 5 4 1 26 2 0 0.183 6.29e-06 8.74e-09 0.00387 0.332
11 12 5 4 1 26 2 0 0.164 5.99e-06 8.78e-09 0.00413 0.339
11 13 5 4 1 26 2 0 0.148 5.62e-06 8.78e-09 0.00437 0.346
11 14 5 4 1 26 2 0 0.134 5.24e-06 8.76e-09 0.0046 0.352
11 15 5 4 1 26 2 0 0.123 4.87e-06 8.71e-09 0.00483 0.359
11 16 5 4 1 26 2 0 0.112 4.53e-06 8.64e-09 0.00504 0.365
11 17 5 4 1 26 2 0 0.103 4.2e-06 8.55e-09 0.00524 0.371
11 18 5 4 1 26 2 0 0.0955 3.89e-06 8.43e-09 0.00544 0.376
11 19 5 4 1 26 2 0 0.0884 3.6e-06 8.3e-09 0.00563 0.382
11 20 5 4 1 26 2 0 0.082 3.32e-06 8.14e-09 0.00581 0.387
11 21 5 4 1 26 2 0 0.0763 3.06e-06 7.97e-09 0.00598 0.392
11 22 5 4 1 26 2 0 0.0711 2.81e-06 7.78e-09 0.00614 0.397
11 23 5 4 1 26 2 0 0.0664 2.58e-06 7.57e-09 0.0063 0.402
11 24 5 4 1 26 2 0 0.0621 2.4e-06 7.34e-09 0.00645 0.407
11 25 5 4 1 26 2 0 0.0582 2.24e-06 7.1e-09 0.00659 0.411
11 26 5 4 1 26 2 0 0.0546 2.11e-06 6.85e-09 0.00673 0.415
11 27 5 4 1 26 2 0 0.0513 2.01e-06 6.58e-09 0.00686 0.42
11 28 5 4 1 26 2 0 0.0483 1.92e-06 6.29e-09 0.00699 0.424
11 29 5 4 1 26 2 0 0.0455 1.82e-06 6e-09 0.00711 0.427
11 30 5 3 1 26 2 0 0.0429 1.66e-06 5.69e-09 0.00723 0.431
11 31 5 3 1 26 2 0 0.0405 2.27e-06 5.37e-09 0.00734 0.435
11 32 5 3 1 25 2 0 0.0382 2.2e-06 9.41e-09 0.00745 0.438
11 33 5 3 1 25 2 0 0.0362 2.13e-06 8.77e-09 0.00755 0.442
11 34 5 3 1 25 2 0 0.0342 2.07e-06 8.11e-09 0.00765 0.445
11 35 5 3 1 25 2 0 0.0324 2e-06 7.44e-09 0.00774 0.448
11 36 5 3 1 25 2 0 0.0307 1.94e-06 6.75e-09 0.00784 0.451
11 37 5 3 1 25 2 0 0.0291 1.88e-06 6.04e-09 0.00792 0.454
11 38 5 3 1 25 2 0 0.0276 1.82e-06 5.32e-09 0.008 0.457
11 39 5 3 1 25 2 0 0.0262 1.76e-06 5.59e-09 0.00808 0.46
11 40 5 3 1 25 2 0 0.0249 1.7e-06 5.94e-09 0.00816 0.462
11 41 5 3 1 25 2 0 0.0236 1.64e-06 6.29e-09 0.00823 0.465
11 42 5 2 1 25 2 0 0.0225 4.51e-06 6.64e-09 0.0083 0.467
11 43 5 2 1 25 2 0 0.0214 4.81e-06 6.99e-09 0.00837 0.47
11 44 5 2 1 25 2 0 0.0203 4.64e-06 7.33e-09 0.00844 0.472
11 45 5 2 1 25 2 0 0.0193 4.47e-06 7.68e-09 0.0085 0.474
11 46 5 2 1 25 2 0 0.0184 4.31e-06 8.03e-09 0.00856 0.476
11 47 5 2 1 25 2 0 0.0175 4.14e-06 8.38e-09 0.00861 0.478
11 48 5 2 1 25 2 0 0.0167 3.99e-06 8.73e-09 0.00867 0.48
11 49 5 2 1 25 2 0 0.0159 3.83e-06 9.07e-09 0.00872 0.482
11 50 5 2 1 25 2 0 0.0152 3.68e-06 9.42e-09 0.00877 0.484
11 51 5 2 1 25 2 0 0.0145 3.54e-06 9.76e-09 0.00882 0.485
11 52 5 2 1 26 2 0 0.0138 3.39e-06 5.56e-09 0.00886 0.487
11 53 5 2 1 26 2 0 0.0132 3.25e-06 6e-09 0.00891 0.488
11 54 5 2 1 26 2 0 0.0126 3.12e-06 6.45e-09 0.00895 0.49
11 55 5 2 1 26 2 0 0.012 2.99e-06 6.89e-09 0.00899 0.491
11 56 5 2 1 26 2 0 0.0115 2.86e-06 7.34e-09 0.00903 0.493
11 57 5 2 1 26 2 0 0.0109 2.74e-06 7.78e-09 0.00907 0.494
11 58 5 2 1 26 2 0 0.0104 2.62e-06 8.23e-09 0.0091 0.496
11 59 5 2 1 26 2 0 0.00998 2.51e-06 8.67e-09 0.00914 0.497
11 60 5 2 1 26 2 0 0.00953 2.4e-06 9.12e-09 0.00917 0.498
11 61 5 2 1 26 2 0 0.0306 2.3e-06 9.56e-09 0.00919 0.499
11 62 5 2 1 27 2 0 0.0376 5.97e-06 5.34e-09 0.00921 0.511
11 63 5 2 1 27 2 0 0.0126 3.68e-06 5.57e-09 0.00924 0.509
11 64 5 2 1 27 2 0 0.00902 2.46e-06 5.82e-09 0.00926 0.507
11 65 5 2 1 27 2 0 0.00769 2.15e-06 6.09e-09 0.00929 0.507
11 66 5 2 1 27 2 0 0.00705 1.94e-06 6.35e-09 0.00932 0.507
11 67 5 2 1 27 2 0 0.00675 1.79e-06 6.59e-09 0.00934 0.508
11 68 5 2 1 27 2 0 0.0065 1.71e-06 6.83e-09 0.00936 0.509
11 69 5 2 1 27 2 0 0.00625 1.64e-06 7.07e-09 0.00938 0.51
11 70 5 2 1 27 2 0 0.00599 1.59e-06 7.31e-09 0.00941 0.51
11 71 5 2 1 27 2 0 0.00556 1.54e-06 7.55e-09 0.00943 0.511
11 72 5 2 1 27 2 0 0.0297 5.77e-06 7.78e-09 0.00945 0.509
11 73 5 2 1 27 2 0 0.0167 3.22e-06 8.02e-09 0.00947 0.509
11 74 5 2 1 27 2 0 0.0111 2.18e-06 8.25e-09 0.00949 0.51
11 75 5 2 1 27 2 0 0.00833 1.72e-06 8.47e-09 0.0095 0.511
11 76 5 2 1 27 2 0 0.00677 1.55e-06 8.69e-09 0.00952 0.512
11 77 5 2 1 27 2 0 0.00581 1.43e-06 8.92e-09 0.00954 0.512
11 78 5 2 1 27 2 0 0.00518 1.35e-06 9.14e-09 0.00955 0.513
11 79 5 2 1 27 2 0 0.00473 1.29e-06 9.36e-09 0.00957 0.513
11 80 5 2 1 27 2 0 0.0044 1.26e-06 9.59e-09 0.00958 0.514
11 81 5 2 1 27 2 0 0.00804 1.25e-06 9.81e-09 0.00958 0.514
11 82 5 2 1 28 2 0 0.0332 6.28e-06 5.37e-09 0.00959 0.527
11 83 5 2 1 28 2 0 0.00822 2.89e-06 5.48e-09 0.0096 0.524
11 84 5 2 1 28 2 0 0.00473 1.45e-06 5.6e-09 0.00961 0.521
11 85 5 2 1 28 2 0 0.00357 1.69e-06 5.73e-09 0.00962 0.52
11 86 5 2 1 28 2 0 0.00311 1.57e-06 5.86e-09 0.00964 0.52
11 87 5 2 1 28 2 0 0.00288 1.42e-06 5.98e-09 0.00965 0.52
11 88 5 2 1 28 2 0 0.00276 1.31e-06 6.09e-09 0.00966 0.52
11 89 5 2 1 28 2 0 0.00267 1.26e-06 6.21e-09 0.00967 0.521
11 90 5 2 1 28 2 0 0.00258 1.24e-06 6.32e-09 0.00968 0.521
11 91 5 2 1 28 2 0 0.0024 1.22e-06 6.43e-09 0.00968 0.522
11 92 5 2 1 28 2 0 0.0268 6.18e-06 6.55e-09 0.00969 0.519
11 93 5 2 1 28 2 0 0.0138 3.09e-06 6.66e-09 0.0097 0.519
11 94 5 2 1 28 2 0 0.00836 2.02e-06 6.76e-09 0.00971 0.52
11 95 5 2 1 28 2 0 0.00567 1.34e-06 6.87e-09 0.00972 0.52
11 96 5 2 1 28 2 0 0.00421 1.17e-06 6.97e-09 0.00973 0.521
11 97 5 2 1 28 2 0 0.00336 1.05e-06 7.07e-09 0.00974 0.521
11 98 5 2 1 28 2 0 0.00283 1.02e-06 7.18e-09 0.00975 0.521
11 99 5 2 1 28 2 0 0.00248 1.02e-06 7.28e-09 0.00975 0.521
11 100 5 2 1 28 2 0 0.00225 1.01e-06 7.38e-09 0.00976 0.521
11 101 5 2 1 28 2 0 0.00208 1.01e-06 7.49e-09 0.00975 0.522
11 102 5 2 1 28 2 0 0.0313 6.4e-06 7.59e-09 0.00976 0.534
11 103 5 2 1 28 2 0 0.00641 3.06e-06 7.68e-09 0.00976 0.531
11 104 5 2 1 28 2 0 0.00319 1.26e-06 7.79e-09 0.00976 0.528
11 105 5 2 1 28 2 0 0.00189 1.46e-06 7.9e-09 0.00977 0.526
11 106 5 2 1 28 2 0 0.00149 1.34e-06 8.01e-09 0.00977 0.526
11 107 5 2 1 28 2 0 0.00134 1.18e-06 8.11e-09 0.00978 0.526
11 108 5 2 1 28 2 0 0.00126 1.07e-06 8.21e-09 0.00978 0.526
11 109 5 2 1 28 2 0 0.0012 1.02e-06 8.31e-09 0.00979 0.526
11 110 5 2 1 28 2 0 0.00117 9.94e-07 8.4e-09 0.00979 0.527
11 111 5 2 1 28 2 0 0.0133 9.78e-07 8.5e-09 0.00978 0.527
11 112 6 2 1 28 2 0 0.0315 4.17e-06 8.59e-09 0.00978 0.531
11 113 5 2 1 28 2 0 0.0208 9.97e-06 8.65e-09 0.00978 0.524
11 114 5 2 1 28 2 0 0.0148 2.35e-06 8.77e-09 0.00979 0.523
11 115 5 2 1 28 2 0 0.00785 1.56e-06 8.87e-09 0.00979 0.524
11 116 5 2 1 28 2 0 0.00476 1.23e-06 8.95e-09 0.0098 0.524
11 117 5 2 1 28 2 0 0.00325 1.09e-06 9.04e-09 0.0098 0.524
11 118 5 2 1 28 2 0 0.00245 1.01e-06 9.12e-09 0.00981 0.524
11 119 5 2 1 28 2 0 0.00198 9.45e-07 9.21e-09 0.00981 0.524
11 120 5 2 1 28 2 0 0.00173 8.79e-07 9.29e-09 0.00982 0.524
11 121 5 2 1 28 2 0 0.0035 8.13e-07 9.37e-09 0.00981 0.524
11 122 5 2 1 28 2 0 0.0308 6.44e-06 9.46e-09 0.00981 0.536
11 123 5 2 1 28 2 0 0.00589 3.2e-06 9.53e-09 0.00981 0.533
11 124 5 2 1 28 2 0 0.0027 1.36e-06 9.62e-09 0.00981 0.53
11 125 5 2 1 28 2 0 0.00139 1.31e-06 9.71e-09 0.00981 0.528
11 126 5 2 1 28 2 0 0.00101 1.2e-06 9.8e-09 0.00982 0.528
11 127 5 2 1 28 2 0 0.000868 1.08e-06 9.88e-09 0.00982 0.528
stationary flow nc = 3 i = 127 du = 0.000868449
# Quadtree, 127 steps, 643.191 CPU, 654.7 real, 1.2e+04 points.step/s, 33 var
11 0 5 2 1 28 2 0 0 1.08e-06 9.88e-09 0 0
11 1 5 2 1 5 2 0 1 0 0 0.000599 0
11 2 6 2 1 26 2 0 1.11 7.11e-06 8.07e-09 0.000831 0.262
11 3 6 2 1 26 2 0 0.926 5.45e-06 9.15e-09 0.00104 0.312
11 4 6 2 1 26 2 0 0.696 4.43e-06 8.57e-09 0.00126 0.301
11 5 6 2 1 26 2 0 0.515 3.57e-06 7.86e-09 0.00149 0.289
11 6 6 2 1 26 2 0 0.38 2.8e-06 7.28e-09 0.00171 0.289
11 7 6 2 1 26 2 0 0.336 2.4e-06 6.86e-09 0.00192 0.299
11 8 6 2 1 26 2 0 0.281 2.27e-06 6.48e-09 0.00211 0.309
11 9 6 2 1 26 2 0 0.238 2.2e-06 6.04e-09 0.00229 0.318
11 10 6 2 1 26 2 0 0.205 2.16e-06 5.57e-09 0.00246 0.327
11 11 5 2 1 25 2 0 0.179 9.79e-06 9.28e-09 0.00261 0.335
11 12 5 2 1 25 2 0 0.158 9.45e-06 8.95e-09 0.00276 0.342
11 13 5 2 1 25 2 0 0.14 9.13e-06 8.8e-09 0.00289 0.35
11 14 5 2 1 25 2 0 0.125 8.83e-06 8.63e-09 0.00302 0.356
11 15 5 2 1 25 2 0 0.112 8.54e-06 8.42e-09 0.00313 0.363
11 16 5 2 1 25 2 0 0.101 8.26e-06 8.19e-09 0.00324 0.369
11 17 5 2 1 25 2 0 0.0914 7.98e-06 7.93e-09 0.00334 0.375
11 18 5 2 1 25 2 0 0.0829 7.71e-06 7.65e-09 0.00344 0.38
11 19 5 2 1 25 2 0 0.0754 7.45e-06 7.35e-09 0.00353 0.385
11 20 5 2 1 25 2 0 0.0687 7.18e-06 7.04e-09 0.00361 0.39
11 21 5 2 1 25 2 0 0.189 6.92e-06 7.45e-09 0.00367 0.395
11 22 5 2 1 25 2 0 0.122 7.81e-06 8.68e-09 0.00374 0.411
11 23 5 2 1 26 2 0 0.0666 8.33e-06 5.45e-09 0.0038 0.414
11 24 5 2 1 26 2 0 0.0524 6.75e-06 6.1e-09 0.00386 0.414
11 25 5 2 1 26 2 0 0.046 6.05e-06 6.78e-09 0.00392 0.415
11 26 5 2 1 26 2 0 0.0413 5.62e-06 7.44e-09 0.00397 0.417
11 27 5 2 1 26 2 0 0.0378 5.34e-06 8.08e-09 0.00402 0.419
11 28 5 2 1 26 2 0 0.035 5.14e-06 8.71e-09 0.00407 0.422
11 29 5 2 1 26 2 0 0.0324 4.97e-06 9.34e-09 0.00411 0.425
11 30 5 2 1 26 2 0 0.0301 4.79e-06 9.97e-09 0.00415 0.428
11 31 5 2 1 27 2 0 0.183 4.62e-06 5.72e-09 0.00417 0.43
11 32 6 2 1 27 2 0 0.0853 3.83e-06 6.05e-09 0.0042 0.438
11 33 6 3 1 27 2 0 0.0593 1.72e-06 6.39e-09 0.00424 0.432
11 34 5 3 1 27 2 0 0.0463 2.15e-06 6.72e-09 0.00427 0.431
11 35 5 3 1 27 2 0 0.0312 1.19e-06 7.06e-09 0.0043 0.433
11 36 5 3 1 27 2 0 0.0242 1.11e-06 7.38e-09 0.00433 0.435
11 37 5 3 1 27 2 0 0.0205 1.14e-06 7.69e-09 0.00436 0.437
11 38 5 3 1 27 2 0 0.0184 1.14e-06 8e-09 0.00439 0.438
11 39 5 3 1 27 2 0 0.017 1.12e-06 8.31e-09 0.00441 0.44
11 40 5 3 1 27 2 0 0.0158 1.08e-06 8.62e-09 0.00444 0.441
11 41 5 3 1 27 2 0 0.0259 1.05e-06 8.93e-09 0.00444 0.443
11 42 5 3 1 27 2 0 0.0812 7.01e-06 9.24e-09 0.00446 0.46
11 43 5 3 1 27 2 0 0.0297 2.84e-06 9.63e-09 0.00447 0.459
11 44 5 3 1 27 2 0 0.0169 2.02e-06 9.93e-09 0.00448 0.456
11 45 5 3 1 28 2 0 0.0117 1.5e-06 5.52e-09 0.0045 0.453
11 46 5 3 1 28 2 0 0.00958 1.22e-06 5.68e-09 0.00451 0.453
11 47 5 3 1 28 2 0 0.00854 1.02e-06 5.84e-09 0.00453 0.453
11 48 5 3 1 28 2 0 0.00804 9e-07 5.99e-09 0.00454 0.454
11 49 5 3 1 28 2 0 0.00766 8.25e-07 6.14e-09 0.00455 0.455
11 50 5 3 1 28 2 0 0.00728 7.75e-07 6.28e-09 0.00456 0.456
11 51 5 3 1 28 2 0 0.0568 7.38e-07 6.43e-09 0.00455 0.456
11 52 5 3 1 28 2 0 0.0671 9.92e-06 6.58e-09 0.00456 0.462
11 53 6 3 1 28 2 0 0.0433 1.69e-06 6.72e-09 0.00457 0.454
11 54 5 3 1 28 2 0 0.0314 2.24e-06 6.86e-09 0.00458 0.452
11 55 5 3 1 28 2 0 0.0173 1.21e-06 7.01e-09 0.00459 0.452
11 56 5 3 1 28 2 0 0.0112 8.36e-07 7.15e-09 0.0046 0.452
11 57 5 3 1 28 2 0 0.00842 6.4e-07 7.28e-09 0.00462 0.453
11 58 5 3 1 28 2 0 0.00698 5.25e-07 7.43e-09 0.00463 0.454
11 59 5 3 1 28 2 0 0.00611 4.54e-07 7.58e-09 0.00463 0.454
11 60 5 3 1 28 2 0 0.00563 4.07e-07 7.74e-09 0.00464 0.455
11 61 5 3 1 28 2 0 0.00524 3.87e-07 7.89e-09 0.00463 0.455
11 62 5 3 1 28 2 0 0.0732 7.62e-06 8.04e-09 0.00463 0.473
11 63 5 3 1 28 2 0 0.0223 2.62e-06 8.22e-09 0.00463 0.471
11 64 5 3 1 28 2 0 0.00987 1.81e-06 8.39e-09 0.00464 0.467
11 65 5 3 1 28 2 0 0.00479 1.16e-06 8.56e-09 0.00464 0.463
11 66 5 3 1 28 2 0 0.00318 8.07e-07 8.73e-09 0.00465 0.462
11 67 5 3 1 28 2 0 0.00257 6.17e-07 8.87e-09 0.00465 0.462
11 68 5 3 1 28 2 0 0.00238 5.04e-07 9.01e-09 0.00466 0.462
11 69 5 3 1 28 2 0 0.0023 4.4e-07 9.15e-09 0.00466 0.462
11 70 5 3 1 28 2 0 0.00224 4.03e-07 9.29e-09 0.00466 0.463
11 71 5 3 1 28 2 0 0.0293 3.79e-07 9.42e-09 0.00465 0.463
11 72 6 3 1 28 2 0 0.0631 2.03e-06 9.56e-09 0.00465 0.468
11 73 6 3 1 28 2 0 0.0397 1.77e-06 9.64e-09 0.00465 0.46
11 74 5 3 1 28 2 0 0.0281 2.27e-06 9.82e-09 0.00466 0.457
11 75 5 3 1 28 2 0 0.0141 1.26e-06 9.96e-09 0.00466 0.457
11 76 5 3 1 29 2 0 0.00821 8.66e-07 5.46e-09 0.00467 0.457
11 77 5 3 1 29 2 0 0.00562 6.48e-07 5.52e-09 0.00468 0.457
11 78 5 3 1 29 2 0 0.00437 5.03e-07 5.58e-09 0.00468 0.458
11 79 5 3 1 29 2 0 0.00368 4.25e-07 5.65e-09 0.00469 0.458
11 80 5 3 1 29 2 0 0.00325 3.72e-07 5.71e-09 0.00469 0.458
11 81 5 3 1 29 2 0 0.00854 3.34e-07 5.78e-09 0.00468 0.459
11 82 5 3 1 29 2 0 0.0713 7.75e-06 5.84e-09 0.00468 0.476
11 83 5 3 1 29 2 0 0.0205 2.55e-06 5.92e-09 0.00467 0.474
11 84 5 3 1 29 2 0 0.00821 1.74e-06 5.99e-09 0.00468 0.469
11 85 5 3 1 29 2 0 0.00315 1.09e-06 6.07e-09 0.00468 0.466
11 86 5 3 1 29 2 0 0.00165 6.69e-07 6.14e-09 0.00468 0.465
11 87 5 3 1 29 2 0 0.00129 4.59e-07 6.2e-09 0.00468 0.464
11 88 5 3 1 29 2 0 0.00116 3.51e-07 6.26e-09 0.00469 0.464
11 89 5 3 1 29 2 0 0.00108 3.06e-07 6.31e-09 0.00469 0.464
11 90 5 3 1 29 2 0 0.00106 2.91e-07 6.37e-09 0.00469 0.465
11 91 5 3 1 29 2 0 0.0226 2.87e-07 6.43e-09 0.00467 0.465
11 92 6 3 1 29 2 0 0.0621 2.04e-06 6.48e-09 0.00467 0.47
11 93 6 3 1 29 2 0 0.0388 1.81e-06 6.51e-09 0.00467 0.461
11 94 5 4 1 29 2 0 0.0273 2.45e-06 6.59e-09 0.00468 0.458
11 95 5 4 1 29 2 0 0.0133 8.65e-07 6.65e-09 0.00468 0.458
11 96 5 4 1 29 2 0 0.00748 5.89e-07 6.7e-09 0.00469 0.458
11 97 5 4 1 29 2 0 0.00494 4.24e-07 6.75e-09 0.00469 0.459
11 98 5 4 1 29 2 0 0.00373 3.25e-07 6.8e-09 0.0047 0.459
11 99 5 4 1 29 2 0 0.00309 2.64e-07 6.84e-09 0.0047 0.459
11 100 5 4 1 29 2 0 0.00269 2.24e-07 6.89e-09 0.00471 0.459
11 101 5 4 1 29 2 0 0.0101 1.95e-07 6.94e-09 0.00469 0.459
11 102 5 4 1 29 2 0 0.0709 7.33e-06 6.99e-09 0.00469 0.477
11 103 5 4 1 29 2 0 0.0201 1.74e-06 7.05e-09 0.00468 0.475
11 104 5 4 1 29 2 0 0.0078 1.67e-06 7.11e-09 0.00468 0.47
11 105 5 5 1 29 2 0 0.00274 1.07e-06 7.17e-09 0.00469 0.467
11 106 5 6 1 29 2 0 0.00127 6.71e-07 7.23e-09 0.00469 0.465
11 107 5 6 1 29 2 0 0.00102 4.4e-07 7.28e-09 0.00469 0.465
11 108 5 6 1 29 2 0 0.000871 2.87e-07 7.32e-09 0.00469 0.465
stationary flow nc = 4 i = 108 du = 0.000870681
# Quadtree, 108 steps, 655.988 CPU, 666.9 real, 1.15e+04 points.step/s, 33 var
11 0 5 6 1 29 2 0 0 2.87e-07 7.32e-09 0 0
11 1 5 6 1 5 2 0 1 0 0 0.000499 0
11 2 5 5 1 30 2 0 1.26 4.55e-06 8.97e-09 0.000617 0.247
11 3 5 5 1 28 2 0 1.06 7.12e-06 7.17e-09 0.000731 0.305
11 4 5 5 1 27 2 0 0.785 9.32e-06 9.27e-09 0.000855 0.309
11 5 6 5 1 28 2 0 0.549 2.82e-06 6.42e-09 0.00098 0.307
11 6 5 5 1 28 2 0 0.432 4.14e-06 7.4e-09 0.00109 0.31
11 7 5 5 1 28 2 0 0.322 2.76e-06 7.46e-09 0.0012 0.318
11 8 5 5 1 28 2 0 0.255 2.54e-06 8.02e-09 0.00129 0.327
11 9 5 5 1 28 2 0 0.21 2.48e-06 8.65e-09 0.00137 0.336
11 10 5 5 1 28 2 0 0.176 2.38e-06 9.24e-09 0.00144 0.346
11 11 5 5 1 28 2 0 0.15 2.23e-06 9.78e-09 0.0015 0.354
11 12 5 5 1 29 2 0 0.128 1.94e-06 5.9e-09 0.00155 0.361
11 13 5 5 1 29 2 0 0.11 1.75e-06 6.14e-09 0.0016 0.368
11 14 5 5 1 29 2 0 0.0941 1.58e-06 6.35e-09 0.00164 0.373
11 15 5 4 1 29 2 0 0.0809 1.6e-06 6.55e-09 0.00167 0.378
11 16 5 4 1 29 2 0 0.0698 1.31e-06 6.72e-09 0.0017 0.383
11 17 5 4 1 29 2 0 0.0604 1.26e-06 6.87e-09 0.00173 0.387
11 18 5 4 1 29 2 0 0.0523 1.2e-06 7.01e-09 0.00176 0.39
11 19 5 3 1 29 2 0 0.0455 1.31e-06 7.13e-09 0.00178 0.394
11 20 5 3 1 29 2 0 0.0396 1.97e-06 7.24e-09 0.0018 0.397
11 21 5 3 1 29 2 0 0.0345 1.86e-06 7.33e-09 0.00181 0.399
11 22 5 3 1 29 2 0 0.0301 1.76e-06 7.41e-09 0.00183 0.401
11 23 5 3 1 29 2 0 0.0263 1.66e-06 7.48e-09 0.00184 0.403
11 24 5 3 1 29 2 0 0.023 1.56e-06 7.54e-09 0.00185 0.405
11 25 5 3 1 29 2 0 0.0201 1.47e-06 7.59e-09 0.00186 0.407
11 26 5 3 1 29 2 0 0.0176 1.39e-06 7.63e-09 0.00187 0.408
11 27 5 3 1 29 2 0 0.0155 1.31e-06 7.67e-09 0.00188 0.409
11 28 5 3 1 29 2 0 0.0136 1.23e-06 7.7e-09 0.00188 0.411
11 29 5 3 1 29 2 0 0.0119 1.16e-06 7.72e-09 0.00189 0.412
11 30 5 3 1 29 2 0 0.0104 1.09e-06 7.73e-09 0.00189 0.412
11 31 5 3 1 29 2 0 0.00917 1.03e-06 7.74e-09 0.0019 0.413
11 32 5 3 1 29 2 0 0.00805 9.81e-07 7.75e-09 0.0019 0.414
11 33 5 3 1 29 2 0 0.00707 9.33e-07 7.75e-09 0.00191 0.415
11 34 5 3 1 29 2 0 0.00621 8.87e-07 7.75e-09 0.00191 0.415
11 35 5 3 1 29 2 0 0.00546 8.43e-07 7.75e-09 0.00191 0.416
11 36 5 3 1 29 2 0 0.0048 8.01e-07 7.74e-09 0.00191 0.416
11 37 5 3 1 29 2 0 0.00422 7.61e-07 7.73e-09 0.00192 0.417
11 38 5 3 1 29 2 0 0.00371 7.23e-07 7.71e-09 0.00192 0.417
11 39 5 3 1 29 2 0 0.00326 6.9e-07 7.7e-09 0.00192 0.417
11 40 5 3 1 29 2 0 0.00287 6.58e-07 7.68e-09 0.00192 0.418
11 41 5 3 1 29 2 0 0.00252 6.28e-07 7.66e-09 0.00192 0.418
11 42 5 3 1 29 2 0 0.00222 5.99e-07 7.64e-09 0.00192 0.418
11 43 5 3 1 29 2 0 0.00195 5.71e-07 7.62e-09 0.00192 0.418
11 44 5 3 1 29 2 0 0.00171 5.45e-07 7.6e-09 0.00193 0.418
11 45 5 3 1 29 2 0 0.00151 5.2e-07 7.57e-09 0.00193 0.419
11 46 5 3 1 29 2 0 0.00132 4.96e-07 7.54e-09 0.00193 0.419
11 47 5 3 1 29 2 0 0.00116 4.73e-07 7.52e-09 0.00193 0.419
11 48 5 3 1 29 2 0 0.00102 4.52e-07 7.49e-09 0.00193 0.419
11 49 5 3 1 29 2 0 0.000899 4.31e-07 7.46e-09 0.00193 0.419
stationary flow nc = 5 i = 49 du = 0.000899327
# Quadtree, 49 steps, 371.842 CPU, 380.5 real, 1.06e+04 points.step/s, 33 var
11 0 5 3 1 29 2 0 0 4.31e-07 7.46e-09 0 0
11 1 5 3 1 5 2 0 1 0 0 0.000399 0
11 2 5 3 1 36 3 0 1.19 9.88e-06 9.44e-09 0.000427 0.235
11 3 6 3 1 34 3 0 1.02 2.79e-06 8.09e-09 0.000461 0.321
11 4 6 3 1 32 3 0 0.766 4.52e-06 7.02e-09 0.000489 0.356
11 5 6 3 1 29 3 0 0.513 4.47e-06 8.23e-09 0.000513 0.369
11 6 6 3 1 28 3 0 0.455 4.9e-06 7.34e-09 0.000536 0.374
11 7 6 3 1 28 3 0 0.25 3.18e-06 7.89e-09 0.000555 0.378
11 8 6 3 1 28 3 0 0.155 3.33e-06 8.57e-09 0.000571 0.381
11 9 6 3 1 28 3 0 0.104 3.22e-06 9.21e-09 0.000583 0.386
11 10 6 3 1 28 3 0 0.0745 3.04e-06 9.81e-09 0.000592 0.39
11 11 5 3 1 29 3 0 0.0564 9.58e-06 5.65e-09 0.000599 0.394
11 12 5 3 1 29 3 0 0.0438 7.86e-06 5.94e-09 0.000603 0.398
11 13 5 3 1 29 3 0 0.0341 6.5e-06 6.21e-09 0.000607 0.401
11 14 5 3 1 29 3 0 0.0263 5.93e-06 6.47e-09 0.000609 0.403
11 15 5 3 1 29 3 0 0.0199 5.69e-06 6.7e-09 0.000611 0.405
11 16 5 3 1 29 3 0 0.0149 5.44e-06 6.93e-09 0.000612 0.406
11 17 5 3 1 29 3 0 0.0109 5.42e-06 7.13e-09 0.000612 0.408
11 18 5 3 1 29 3 0 0.00794 5.36e-06 7.32e-09 0.000613 0.408
11 19 5 3 1 29 3 0 0.00572 5.26e-06 7.5e-09 0.000613 0.409
11 20 5 3 1 29 3 0 0.0041 5.13e-06 7.66e-09 0.000613 0.41
11 21 5 3 1 29 3 0 0.00293 4.98e-06 7.8e-09 0.000613 0.41
11 22 5 3 1 29 3 0 0.00208 4.8e-06 7.93e-09 0.000613 0.411
11 23 5 3 1 29 3 0 0.00147 4.61e-06 8.05e-09 0.000613 0.411
11 24 5 3 1 29 3 0 0.00103 4.42e-06 8.16e-09 0.000613 0.411
11 25 5 3 1 29 3 0 0.00071 4.22e-06 8.26e-09 0.000613 0.411
stationary flow nc = 6 i = 25 du = 0.000710148
# Quadtree, 25 steps, 261.096 CPU, 268.7 real, 8.85e+03 points.step/s, 33 var
11 0 5 3 1 29 3 0 0 4.22e-06 8.26e-09 0 0
11 1 5 3 1 5 3 0 1 0 0 0.000299 0
11 2 5 3 1 28 2 0 1.37 8.75e-06 6.57e-09 0.000267 0.219
11 3 6 3 1 28 2 0 0.488 1.54e-06 7.93e-09 0.000239 0.335
11 4 6 3 1 29 2 0 0.402 1.62e-06 7.95e-09 0.000201 0.398
11 5 6 3 1 30 2 0 0.448 2.34e-06 6.43e-09 0.000165 0.43
11 6 6 3 1 30 2 0 0.616 2.37e-06 8.15e-09 0.000135 0.443
11 7 6 3 1 20 3 0 0.707 1.69e-06 7.39e-09 0.000114 0.446
11 8 5 3 1 20 3 0 0.616 9.02e-06 4.87e-09 9.94e-05 0.445
11 9 5 3 1 20 3 0 0.493 7.76e-06 5.32e-09 9.07e-05 0.442
11 10 5 3 1 20 3 0 0.355 6.63e-06 5.69e-09 8.6e-05 0.439
11 11 5 3 1 20 3 0 0.241 5.66e-06 6e-09 8.38e-05 0.437
11 12 5 3 1 20 3 0 0.153 4.78e-06 6.26e-09 8.31e-05 0.435
11 13 5 3 1 20 3 0 0.0948 4.05e-06 6.48e-09 8.31e-05 0.434
11 14 5 3 1 20 3 0 0.057 3.5e-06 6.67e-09 8.34e-05 0.433
11 15 5 3 1 20 3 0 0.0348 3.04e-06 6.84e-09 8.37e-05 0.433
11 16 5 3 1 20 3 0 0.0251 2.65e-06 6.99e-09 8.39e-05 0.434
11 17 5 3 1 20 3 0 0.0241 2.32e-06 7.12e-09 8.4e-05 0.434
11 18 5 3 1 20 3 0 0.022 2.02e-06 7.23e-09 8.39e-05 0.434
11 19 5 3 1 20 3 0 0.0194 1.98e-06 7.33e-09 8.37e-05 0.435
11 20 5 3 1 30 2 0 0.0168 1.94e-06 9.59e-09 8.35e-05 0.435
11 21 5 3 1 21 3 0 0.0152 1.9e-06 5.87e-09 8.33e-05 0.435
11 22 5 3 1 30 2 0 0.0147 1.85e-06 9.74e-09 8.3e-05 0.436
11 23 5 3 1 21 3 0 0.0138 1.8e-06 6e-09 8.28e-05 0.436
11 24 5 3 1 30 2 0 0.0127 1.77e-06 9.84e-09 8.26e-05 0.436
11 25 5 3 1 21 3 0 0.0114 1.74e-06 6.1e-09 8.24e-05 0.437
11 26 5 3 1 30 2 0 0.0101 1.71e-06 9.89e-09 8.23e-05 0.437
11 27 5 3 1 21 3 0 0.00886 1.68e-06 6.18e-09 8.21e-05 0.437
11 28 5 3 1 30 2 0 0.00776 1.63e-06 9.9e-09 8.2e-05 0.437
11 29 5 3 1 21 3 0 0.0068 1.59e-06 6.23e-09 8.19e-05 0.437
11 30 5 3 1 30 2 0 0.00598 1.54e-06 9.89e-09 8.18e-05 0.437
11 31 5 3 1 21 3 0 0.00528 1.5e-06 6.27e-09 8.18e-05 0.437
11 32 5 3 1 30 2 0 0.0047 1.45e-06 9.86e-09 8.17e-05 0.437
11 33 5 3 1 21 3 0 0.0042 1.4e-06 6.29e-09 8.16e-05 0.437
11 34 5 3 1 30 2 0 0.00378 1.35e-06 9.8e-09 8.16e-05 0.437
11 35 5 3 1 21 3 0 0.00342 1.3e-06 6.29e-09 8.15e-05 0.437
11 36 5 3 1 30 2 0 0.0031 1.25e-06 9.73e-09 8.14e-05 0.437
11 37 5 3 1 21 3 0 0.00283 1.21e-06 6.29e-09 8.14e-05 0.437
11 38 5 3 1 30 2 0 0.00258 1.16e-06 9.65e-09 8.14e-05 0.437
11 39 5 3 1 21 3 0 0.00235 1.12e-06 6.27e-09 8.13e-05 0.437
11 40 5 3 1 30 2 0 0.00215 1.07e-06 9.55e-09 8.13e-05 0.437
11 41 5 3 1 21 3 0 0.00197 1.03e-06 6.25e-09 8.12e-05 0.437
11 42 5 3 1 30 2 0 0.00181 9.91e-07 9.45e-09 8.12e-05 0.437
11 43 5 3 1 21 3 0 0.00166 9.52e-07 6.22e-09 8.12e-05 0.437
11 44 5 3 1 30 2 0 0.00154 9.23e-07 9.34e-09 8.11e-05 0.437
11 45 5 3 1 21 3 0 0.00142 9.02e-07 6.18e-09 8.11e-05 0.437
11 46 5 3 1 30 2 0 0.00132 8.81e-07 9.23e-09 8.11e-05 0.437
11 47 5 3 1 21 3 0 0.00122 8.6e-07 6.14e-09 8.11e-05 0.437
11 48 5 3 1 30 2 0 0.00113 8.39e-07 9.11e-09 8.1e-05 0.437
11 49 5 3 1 21 3 0 0.00104 8.19e-07 6.1e-09 8.1e-05 0.437
11 50 5 3 1 30 2 0 0.000966 7.99e-07 8.99e-09 8.1e-05 0.436
stationary flow nc = 7 i = 50 du = 0.00096599
# Quadtree, 50 steps, 367.368 CPU, 375.1 real, 1.27e+04 points.step/s, 33 var
11 0 5 3 1 30 2 0 0 7.99e-07 8.99e-09 0 0
11 1 5 3 1 5 2 0 1 0 0 0.000249 0
11 2 5 3 1 27 2 0 1.49 9.09e-06 9.47e-09 0.000205 0.208
11 3 6 3 1 28 2 0 0.557 1.56e-06 6.4e-09 0.000165 0.326
11 4 6 3 1 27 2 0 0.609 2.14e-06 9.19e-09 0.00012 0.39
11 5 6 3 1 27 2 0 0.914 3e-06 6.67e-09 8.11e-05 0.42
11 6 5 3 1 27 2 0 1.33 8.45e-06 7.48e-09 5.26e-05 0.432
11 7 5 3 1 27 2 0 1.57 6.5e-06 9.14e-09 3.46e-05 0.434
11 8 5 3 1 28 2 0 1.6 5.29e-06 5.84e-09 2.46e-05 0.432
11 9 5 3 1 28 2 0 1.39 4.38e-06 6.64e-09 2e-05 0.429
11 10 5 3 1 28 2 0 1.05 4.18e-06 7.4e-09 1.86e-05 0.426
11 11 5 3 1 28 2 0 0.66 4.09e-06 8.13e-09 1.87e-05 0.426
11 12 5 3 1 28 2 0 0.408 4.05e-06 8.82e-09 1.93e-05 0.426
11 13 5 3 1 28 2 0 0.278 4.01e-06 9.49e-09 1.99e-05 0.428
11 14 5 3 1 29 2 0 0.218 3.97e-06 5.53e-09 2.02e-05 0.43
11 15 5 3 1 29 2 0 0.193 3.9e-06 5.87e-09 2.03e-05 0.432
11 16 5 3 1 29 2 0 0.187 3.81e-06 6.2e-09 2e-05 0.434
11 17 5 3 1 20 3 0 0.187 3.71e-06 4.82e-09 1.96e-05 0.437
11 18 5 3 1 19 3 0 0.19 3.61e-06 6.84e-09 1.91e-05 0.439
11 19 5 3 1 19 3 0 0.19 3.5e-06 7.11e-09 1.86e-05 0.441
11 20 5 3 1 19 3 0 0.188 3.4e-06 7.37e-09 1.81e-05 0.442
11 21 5 3 1 19 3 0 0.183 3.3e-06 7.62e-09 1.76e-05 0.444
11 22 5 3 1 19 3 0 0.176 3.2e-06 7.85e-09 1.72e-05 0.445
11 23 5 3 1 19 3 0 0.168 3.11e-06 8.07e-09 1.68e-05 0.447
11 24 5 3 1 19 3 0 0.16 3.02e-06 8.29e-09 1.64e-05 0.448
11 25 5 3 1 19 3 0 0.151 2.93e-06 8.49e-09 1.61e-05 0.449
11 26 5 3 1 19 3 0 0.144 2.85e-06 8.68e-09 1.59e-05 0.45
11 27 5 3 1 19 3 0 0.137 2.77e-06 8.86e-09 1.56e-05 0.451
11 28 5 3 1 19 3 0 0.13 2.69e-06 9.03e-09 1.54e-05 0.452
11 29 5 3 1 19 3 0 0.124 2.62e-06 9.19e-09 1.52e-05 0.453
11 30 5 3 1 19 3 0 0.118 2.54e-06 9.34e-09 1.49e-05 0.454
11 31 5 3 1 19 3 0 0.113 2.47e-06 9.49e-09 1.48e-05 0.455
11 32 5 3 1 19 3 0 0.109 2.4e-06 9.62e-09 1.46e-05 0.456
11 33 5 3 1 19 3 0 0.104 2.33e-06 9.75e-09 1.44e-05 0.457
11 34 5 3 1 19 3 0 0.0999 2.27e-06 9.86e-09 1.42e-05 0.458
11 35 5 3 1 19 3 0 0.0959 2.2e-06 9.97e-09 1.41e-05 0.458
11 36 5 3 1 20 3 0 0.092 2.14e-06 4.13e-09 1.39e-05 0.459
11 37 5 3 1 20 3 0 0.0883 2.08e-06 4.17e-09 1.38e-05 0.46
11 38 5 3 1 20 3 0 0.085 2.02e-06 4.2e-09 1.37e-05 0.46
11 39 5 3 1 20 3 0 0.0817 1.96e-06 4.24e-09 1.35e-05 0.461
11 40 5 3 1 20 3 0 0.0787 1.9e-06 4.27e-09 1.34e-05 0.461
11 41 5 3 1 20 3 0 0.0757 1.85e-06 4.3e-09 1.33e-05 0.462
11 42 5 3 1 20 3 0 0.0729 1.8e-06 4.32e-09 1.32e-05 0.463
11 43 5 3 1 20 3 0 0.0701 1.74e-06 4.35e-09 1.31e-05 0.463
11 44 5 3 1 20 3 0 0.0675 1.69e-06 4.37e-09 1.3e-05 0.463
11 45 5 3 1 20 3 0 0.065 1.64e-06 4.39e-09 1.29e-05 0.464
11 46 5 3 1 20 3 0 0.0625 1.59e-06 4.41e-09 1.28e-05 0.464
11 47 5 3 1 20 3 0 0.0603 1.55e-06 4.42e-09 1.28e-05 0.465
11 48 5 3 1 20 3 0 0.0582 1.5e-06 4.44e-09 1.27e-05 0.465
11 49 5 3 1 20 3 0 0.0561 1.46e-06 4.45e-09 1.26e-05 0.465
11 50 5 3 1 20 3 0 0.0542 1.41e-06 4.46e-09 1.25e-05 0.466
11 51 5 3 1 20 3 0 0.0523 1.37e-06 4.47e-09 1.25e-05 0.466
11 52 5 3 1 20 3 0 0.0505 1.33e-06 4.47e-09 1.24e-05 0.466
11 53 5 3 1 20 3 0 0.0487 1.29e-06 4.48e-09 1.23e-05 0.466
11 54 5 3 1 20 3 0 0.047 1.25e-06 4.48e-09 1.23e-05 0.467
11 55 5 3 1 20 3 0 0.0454 1.22e-06 4.48e-09 1.22e-05 0.467
11 56 5 3 1 20 3 0 0.0438 1.18e-06 4.49e-09 1.22e-05 0.467
11 57 5 3 1 20 3 0 0.0423 1.14e-06 4.49e-09 1.21e-05 0.468
11 58 5 3 1 20 3 0 0.0408 1.11e-06 4.48e-09 1.21e-05 0.468
11 59 5 3 1 29 2 0 0.0395 1.07e-06 6.07e-09 1.2e-05 0.468
11 60 5 3 1 20 3 0 0.0382 1.04e-06 8.82e-09 1.2e-05 0.468
11 61 5 3 1 29 2 0 0.037 1.01e-06 6.06e-09 1.19e-05 0.468
11 62 5 3 1 20 3 0 0.0358 9.78e-07 8.83e-09 1.19e-05 0.469
11 63 5 3 1 29 2 0 0.0346 9.48e-07 6.04e-09 1.18e-05 0.469
11 64 5 3 1 20 3 0 0.0335 9.18e-07 8.84e-09 1.18e-05 0.469
11 65 5 3 1 29 2 0 0.0324 8.89e-07 6.02e-09 1.18e-05 0.469
11 66 5 3 1 20 3 0 0.0313 8.61e-07 8.83e-09 1.17e-05 0.469
11 67 5 3 1 29 2 0 0.0303 8.34e-07 5.99e-09 1.17e-05 0.469
11 68 5 3 1 20 3 0 0.0293 8.07e-07 8.82e-09 1.17e-05 0.47
11 69 5 3 1 29 2 0 0.0284 7.82e-07 5.96e-09 1.16e-05 0.47
11 70 5 3 1 20 3 0 0.0275 7.56e-07 8.81e-09 1.16e-05 0.47
11 71 5 3 1 29 2 0 0.0267 7.32e-07 5.92e-09 1.16e-05 0.47
11 72 5 3 1 20 3 0 0.0259 7.08e-07 8.79e-09 1.15e-05 0.47
11 73 5 3 1 29 2 0 0.0251 6.85e-07 5.88e-09 1.15e-05 0.47
11 74 5 3 1 20 3 0 0.0244 6.62e-07 8.76e-09 1.15e-05 0.47
11 75 5 3 1 29 2 0 0.0236 6.4e-07 5.84e-09 1.15e-05 0.47
11 76 5 3 1 20 3 0 0.0229 6.19e-07 8.73e-09 1.14e-05 0.47
11 77 5 3 1 29 2 0 0.0222 5.98e-07 5.8e-09 1.14e-05 0.47
11 78 5 3 1 20 3 0 0.0216 5.78e-07 8.7e-09 1.14e-05 0.471
11 79 5 3 1 29 2 0 0.021 5.58e-07 5.75e-09 1.14e-05 0.471
11 80 5 3 1 20 3 0 0.0204 5.39e-07 8.66e-09 1.14e-05 0.471
11 81 5 3 1 29 2 0 0.0198 5.2e-07 5.71e-09 1.13e-05 0.471
11 82 5 3 1 20 3 0 0.0192 5.02e-07 8.62e-09 1.13e-05 0.471
11 83 5 3 1 29 2 0 0.0187 4.84e-07 5.66e-09 1.13e-05 0.471
11 84 5 3 1 20 3 0 0.0181 4.67e-07 8.57e-09 1.13e-05 0.471
11 85 5 3 1 29 2 0 0.0176 4.5e-07 5.6e-09 1.13e-05 0.471
11 86 5 3 1 20 3 0 0.0171 4.34e-07 8.53e-09 1.13e-05 0.471
11 87 5 3 1 29 2 0 0.0166 4.18e-07 5.55e-09 1.12e-05 0.471
11 88 5 3 1 20 3 0 0.0161 4.02e-07 8.48e-09 1.12e-05 0.471
11 89 5 3 1 29 2 0 0.0157 3.87e-07 5.5e-09 1.12e-05 0.471
11 90 5 3 1 20 3 0 0.0152 3.73e-07 8.43e-09 1.12e-05 0.471
11 91 5 3 1 28 2 0 0.0148 3.58e-07 9.97e-09 1.12e-05 0.471
11 92 5 3 1 20 3 0 0.0144 3.45e-07 8.37e-09 1.12e-05 0.471
11 93 5 3 1 28 2 0 0.014 3.31e-07 9.87e-09 1.12e-05 0.471
11 94 5 3 1 20 3 0 0.0136 3.18e-07 8.32e-09 1.12e-05 0.471
11 95 5 3 1 28 2 0 0.0133 3.11e-07 9.77e-09 1.11e-05 0.471
11 96 5 3 1 20 3 0 0.0129 3.06e-07 8.26e-09 1.11e-05 0.471
11 97 5 3 1 28 2 0 0.0126 3.01e-07 9.67e-09 1.11e-05 0.471
11 98 5 3 1 20 3 0 0.0122 2.96e-07 8.21e-09 1.11e-05 0.471
11 99 5 3 1 28 2 0 0.0119 2.91e-07 9.57e-09 1.11e-05 0.471
11 100 5 3 1 20 3 0 0.0115 2.86e-07 8.15e-09 1.11e-05 0.471
11 101 5 3 1 28 2 0 0.0112 2.82e-07 9.46e-09 1.11e-05 0.471
11 102 5 3 1 20 3 0 0.0109 2.77e-07 8.09e-09 1.11e-05 0.471
11 103 5 3 1 28 2 0 0.0106 2.72e-07 9.36e-09 1.11e-05 0.471
11 104 5 3 1 20 3 0 0.0103 2.68e-07 8.03e-09 1.11e-05 0.471
11 105 5 3 1 28 2 0 0.01 2.63e-07 9.26e-09 1.11e-05 0.471
11 106 5 3 1 20 3 0 0.00972 2.59e-07 7.97e-09 1.11e-05 0.471
11 107 5 3 1 28 2 0 0.00944 2.54e-07 9.16e-09 1.11e-05 0.471
11 108 5 3 1 20 3 0 0.00916 2.5e-07 7.91e-09 1.11e-05 0.471
11 109 5 3 1 28 2 0 0.0089 2.46e-07 9.06e-09 1.11e-05 0.471
11 110 5 3 1 20 3 0 0.00864 2.41e-07 7.86e-09 1.1e-05 0.471
11 111 5 3 1 28 2 0 0.00839 2.37e-07 8.95e-09 1.1e-05 0.471
11 112 5 3 1 20 3 0 0.00814 2.33e-07 7.8e-09 1.1e-05 0.471
11 113 5 3 1 28 2 0 0.0079 2.29e-07 8.86e-09 1.1e-05 0.471
11 114 5 3 1 20 3 0 0.00767 2.25e-07 7.74e-09 1.1e-05 0.471
11 115 5 3 1 28 2 0 0.00744 2.21e-07 8.76e-09 1.1e-05 0.471
11 116 5 3 1 20 3 0 0.00721 2.17e-07 7.68e-09 1.1e-05 0.471
11 117 5 3 1 28 2 0 0.007 2.13e-07 8.66e-09 1.1e-05 0.471
11 118 5 3 1 20 3 0 0.00678 2.09e-07 7.62e-09 1.1e-05 0.471
11 119 5 3 1 28 2 0 0.00658 2.06e-07 8.56e-09 1.1e-05 0.471
11 120 5 3 1 20 3 0 0.00638 2.06e-07 7.56e-09 1.1e-05 0.471
11 121 5 3 1 28 2 0 0.00618 2.06e-07 8.47e-09 1.1e-05 0.471
11 122 5 3 1 20 3 0 0.00599 2.06e-07 7.5e-09 1.1e-05 0.471
11 123 5 3 1 28 2 0 0.0058 2.05e-07 8.37e-09 1.1e-05 0.471
11 124 5 3 1 20 3 0 0.00562 2.05e-07 7.45e-09 1.1e-05 0.471
11 125 5 3 1 28 2 0 0.00544 2.04e-07 8.36e-09 1.1e-05 0.471
11 126 5 3 1 20 3 0 0.00527 2.04e-07 7.39e-09 1.1e-05 0.471
11 127 5 3 1 28 2 0 0.0051 2.03e-07 8.41e-09 1.1e-05 0.471
11 128 5 3 1 20 3 0 0.00493 2.03e-07 7.33e-09 1.1e-05 0.471
11 129 5 3 1 28 2 0 0.00477 2.02e-07 8.47e-09 1.1e-05 0.471
11 130 5 3 1 20 3 0 0.00462 2.01e-07 7.28e-09 1.1e-05 0.471
11 131 5 3 1 28 2 0 0.00447 2.01e-07 8.52e-09 1.1e-05 0.471
11 132 5 3 1 20 3 0 0.00434 2e-07 7.23e-09 1.1e-05 0.471
11 133 5 3 1 28 2 0 0.00422 1.99e-07 8.57e-09 1.1e-05 0.471
11 134 5 3 1 20 3 0 0.00409 1.98e-07 7.17e-09 1.1e-05 0.471
11 135 5 3 1 28 2 0 0.00397 1.97e-07 8.62e-09 1.1e-05 0.471
11 136 5 3 1 29 2 0 0.00385 1.96e-07 9.71e-09 1.1e-05 0.471
11 137 5 3 1 29 2 0 0.00373 1.95e-07 9.68e-09 1.1e-05 0.471
11 138 5 3 1 29 2 0 0.00362 1.94e-07 9.64e-09 1.1e-05 0.471
11 139 5 3 1 29 2 0 0.00351 1.93e-07 9.61e-09 1.1e-05 0.471
11 140 5 3 1 29 2 0 0.00341 1.92e-07 9.57e-09 1.1e-05 0.471
11 141 5 3 1 29 2 0 0.00331 1.91e-07 9.54e-09 1.1e-05 0.471
11 142 5 3 1 29 2 0 0.00321 1.89e-07 9.5e-09 1.1e-05 0.471
11 143 5 3 1 29 2 0 0.00311 1.88e-07 9.47e-09 1.1e-05 0.471
11 144 5 3 1 29 2 0 0.00302 1.87e-07 9.44e-09 1.1e-05 0.471
11 145 5 3 1 29 2 0 0.00293 1.86e-07 9.4e-09 1.1e-05 0.471
11 146 5 3 1 29 2 0 0.00284 1.84e-07 9.37e-09 1.1e-05 0.471
11 147 5 3 1 29 2 0 0.00276 1.83e-07 9.34e-09 1.1e-05 0.471
11 148 5 3 1 29 2 0 0.00267 1.82e-07 9.31e-09 1.1e-05 0.471
11 149 5 3 1 29 2 0 0.00259 1.8e-07 9.27e-09 1.1e-05 0.471
11 150 5 3 1 29 2 0 0.00251 1.79e-07 9.24e-09 1.1e-05 0.471
11 151 5 3 1 29 2 0 0.00243 1.77e-07 9.21e-09 1.1e-05 0.471
11 152 5 3 1 29 2 0 0.00236 1.76e-07 9.18e-09 1.1e-05 0.471
11 153 5 3 1 29 2 0 0.00229 1.75e-07 9.15e-09 1.11e-05 0.471
11 154 5 3 1 29 2 0 0.00222 1.73e-07 9.12e-09 1.11e-05 0.471
11 155 5 3 1 29 2 0 0.00216 1.72e-07 9.09e-09 1.11e-05 0.471
11 156 5 3 1 29 2 0 0.00209 1.7e-07 9.06e-09 1.11e-05 0.471
11 157 5 3 1 29 2 0 0.00203 1.69e-07 9.03e-09 1.11e-05 0.47
11 158 5 3 1 29 2 0 0.00196 1.67e-07 9e-09 1.11e-05 0.47
11 159 5 3 1 29 2 0 0.0019 1.66e-07 8.97e-09 1.11e-05 0.47
11 160 5 3 1 29 2 0 0.00185 1.64e-07 8.94e-09 1.11e-05 0.47
11 161 5 3 1 29 2 0 0.00179 1.63e-07 8.91e-09 1.11e-05 0.47
11 162 5 3 1 29 2 0 0.00174 1.61e-07 8.89e-09 1.11e-05 0.47
11 163 5 3 1 29 2 0 0.00169 1.6e-07 8.86e-09 1.11e-05 0.47
11 164 5 3 1 29 2 0 0.00164 1.58e-07 8.83e-09 1.11e-05 0.47
11 165 5 3 1 29 2 0 0.00159 1.57e-07 8.81e-09 1.11e-05 0.47
11 166 5 3 1 29 2 0 0.00155 1.55e-07 8.78e-09 1.11e-05 0.47
11 167 5 3 1 29 2 0 0.00155 1.53e-07 8.75e-09 1.11e-05 0.47
11 168 5 3 1 29 2 0 0.00156 1.52e-07 8.73e-09 1.11e-05 0.47
11 169 5 3 1 29 2 0 0.00156 1.5e-07 8.7e-09 1.11e-05 0.47
11 170 5 3 1 29 2 0 0.00156 1.49e-07 8.68e-09 1.11e-05 0.47
11 171 5 3 1 29 2 0 0.00156 1.47e-07 8.65e-09 1.11e-05 0.47
11 172 5 3 1 29 2 0 0.00157 1.46e-07 8.63e-09 1.11e-05 0.47
11 173 5 3 1 29 2 0 0.00157 1.44e-07 8.6e-09 1.11e-05 0.47
11 174 5 3 1 29 2 0 0.00157 1.43e-07 8.58e-09 1.11e-05 0.47
11 175 5 3 1 29 2 0 0.00157 1.41e-07 8.56e-09 1.11e-05 0.47
11 176 5 3 1 29 2 0 0.00156 1.4e-07 8.53e-09 1.11e-05 0.47
11 177 5 3 1 29 2 0 0.00156 1.38e-07 8.51e-09 1.11e-05 0.47
11 178 5 3 1 29 2 0 0.00156 1.36e-07 8.49e-09 1.11e-05 0.47
11 179 5 3 1 29 2 0 0.00156 1.35e-07 8.47e-09 1.11e-05 0.47
11 180 5 3 1 29 2 0 0.00155 1.33e-07 8.44e-09 1.11e-05 0.47
11 181 5 3 1 29 2 0 0.00155 1.32e-07 8.42e-09 1.11e-05 0.47
11 182 5 3 1 29 2 0 0.00155 1.3e-07 8.4e-09 1.11e-05 0.47
11 183 5 3 1 29 2 0 0.00154 1.29e-07 8.38e-09 1.11e-05 0.47
11 184 5 3 1 29 2 0 0.00154 1.27e-07 8.36e-09 1.12e-05 0.47
11 185 5 3 1 29 2 0 0.00153 1.26e-07 8.34e-09 1.12e-05 0.47
11 186 5 3 1 29 2 0 0.00153 1.24e-07 8.32e-09 1.12e-05 0.47
11 187 5 3 1 29 2 0 0.00152 1.23e-07 8.3e-09 1.12e-05 0.47
11 188 5 3 1 29 2 0 0.00151 1.21e-07 8.28e-09 1.12e-05 0.47
11 189 5 3 1 29 2 0 0.00151 1.2e-07 8.26e-09 1.12e-05 0.47
11 190 5 3 1 29 2 0 0.0015 1.18e-07 8.24e-09 1.12e-05 0.47
11 191 5 3 1 29 2 0 0.00149 1.17e-07 8.22e-09 1.12e-05 0.47
11 192 5 3 1 29 2 0 0.00149 1.16e-07 8.2e-09 1.12e-05 0.47
11 193 5 3 1 29 2 0 0.00148 1.14e-07 8.18e-09 1.12e-05 0.47
11 194 5 3 1 29 2 0 0.00147 1.13e-07 8.17e-09 1.12e-05 0.47
11 195 5 3 1 29 2 0 0.00146 1.11e-07 8.15e-09 1.12e-05 0.47
11 196 5 3 1 29 2 0 0.00146 1.1e-07 8.13e-09 1.12e-05 0.47
11 197 5 3 1 29 2 0 0.00145 1.08e-07 8.11e-09 1.12e-05 0.47
11 198 5 3 1 29 2 0 0.00144 1.07e-07 8.1e-09 1.12e-05 0.47
11 199 5 3 1 29 2 0 0.00143 1.06e-07 8.08e-09 1.12e-05 0.47
11 200 5 3 1 29 2 0 0.00143 1.04e-07 8.06e-09 1.12e-05 0.47
11 201 5 3 1 29 2 0 0.00142 1.03e-07 8.05e-09 1.12e-05 0.47
11 202 5 3 1 29 2 0 0.00141 1.02e-07 8.03e-09 1.12e-05 0.47
11 203 5 3 1 29 2 0 0.0014 1e-07 8.02e-09 1.12e-05 0.47
11 204 5 3 1 29 2 0 0.00139 9.89e-08 8e-09 1.12e-05 0.47
11 205 5 3 1 29 2 0 0.00138 9.76e-08 7.99e-09 1.12e-05 0.47
11 206 5 3 1 29 2 0 0.00137 9.63e-08 7.99e-09 1.12e-05 0.47
11 207 5 3 1 29 2 0 0.00137 9.5e-08 8e-09 1.12e-05 0.47
11 208 5 3 1 29 2 0 0.00136 9.37e-08 8e-09 1.12e-05 0.47
11 209 5 3 1 29 2 0 0.00135 9.24e-08 8.01e-09 1.12e-05 0.47
11 210 5 3 1 29 2 0 0.00134 9.11e-08 8.02e-09 1.12e-05 0.47
11 211 5 3 1 29 2 0 0.00133 8.99e-08 8.03e-09 1.12e-05 0.47
11 212 5 3 1 29 2 0 0.00132 8.86e-08 8.04e-09 1.13e-05 0.47
11 213 5 3 1 29 2 0 0.00131 8.74e-08 8.04e-09 1.13e-05 0.47
11 214 5 3 1 29 2 0 0.0013 8.62e-08 8.05e-09 1.13e-05 0.47
11 215 5 3 1 29 2 0 0.00129 8.5e-08 8.06e-09 1.13e-05 0.47
11 216 5 3 1 29 2 0 0.00128 8.38e-08 8.06e-09 1.13e-05 0.47
11 217 5 3 1 29 2 0 0.00127 8.26e-08 8.07e-09 1.13e-05 0.47
11 218 5 3 1 29 2 0 0.00126 8.14e-08 8.08e-09 1.13e-05 0.47
11 219 5 3 1 29 2 0 0.00125 8.03e-08 8.08e-09 1.13e-05 0.47
11 220 5 3 1 29 2 0 0.00123 7.91e-08 8.09e-09 1.13e-05 0.47
11 221 5 3 1 29 2 0 0.00122 7.8e-08 8.1e-09 1.13e-05 0.47
11 222 5 3 1 29 2 0 0.00121 7.68e-08 8.1e-09 1.13e-05 0.47
11 223 5 3 1 29 2 0 0.0012 7.57e-08 8.11e-09 1.13e-05 0.47
11 224 5 3 1 29 2 0 0.00119 7.46e-08 8.12e-09 1.13e-05 0.47
11 225 5 3 1 29 2 0 0.00118 7.35e-08 8.12e-09 1.13e-05 0.47
11 226 5 3 1 29 2 0 0.00117 7.24e-08 8.13e-09 1.13e-05 0.47
11 227 5 3 1 29 2 0 0.00116 7.14e-08 8.13e-09 1.13e-05 0.47
11 228 5 3 1 29 2 0 0.00115 7.03e-08 8.14e-09 1.13e-05 0.47
11 229 5 3 1 29 2 0 0.00114 6.92e-08 8.14e-09 1.13e-05 0.47
11 230 5 3 1 29 2 0 0.00113 6.82e-08 8.15e-09 1.13e-05 0.47
11 231 5 3 1 29 2 0 0.00111 6.72e-08 8.15e-09 1.13e-05 0.47
11 232 5 3 1 29 2 0 0.0011 6.62e-08 8.16e-09 1.13e-05 0.47
11 233 5 3 1 29 2 0 0.00109 6.52e-08 8.16e-09 1.13e-05 0.47
11 234 5 3 1 29 2 0 0.00108 6.42e-08 8.17e-09 1.13e-05 0.47
11 235 5 3 1 29 2 0 0.00107 6.32e-08 8.17e-09 1.13e-05 0.47
11 236 5 3 1 29 2 0 0.00106 6.22e-08 8.18e-09 1.13e-05 0.47
11 237 5 3 1 29 2 0 0.00105 6.13e-08 8.18e-09 1.13e-05 0.47
11 238 5 3 1 29 2 0 0.00104 6.03e-08 8.18e-09 1.13e-05 0.47
11 239 5 3 1 29 2 0 0.00103 5.94e-08 8.19e-09 1.13e-05 0.47
11 240 5 3 1 29 2 0 0.00102 5.85e-08 8.19e-09 1.13e-05 0.47
11 241 5 3 1 29 2 0 0.00101 5.76e-08 8.2e-09 1.13e-05 0.47
11 242 5 3 1 29 2 0 0.000995 5.67e-08 8.2e-09 1.13e-05 0.47
stationary flow nc = 8 i = 242 du = 0.000995432
# Quadtree, 242 steps, 1613.86 CPU, 1628 real, 1.4e+04 points.step/s, 33 var
