0.0336825 0.05659955585562315
0.0707664 0.0553385740513308
0.107851 0.052773902328099975
0.144935 0.054550363075701325
0.182019 0.05295652482686852
0.219103 0.05418709625295759
0.256188 0.051785636489429854
0.293272 0.05445521811696419
0.330356 0.05241586093081718
0.367441 0.051205902003464254
0.404525 0.05247410668082986
0.441609 0.05471713400505507
0.478693 0.05783451694681396
0.515778 0.055546926047730205
0.549154 0.05550543734278657
0.586237 0.054608812327288314
0.623322 0.05374489458993814
0.660406 0.055529599437716626
0.69749 0.053824909022495204
0.734575 0.05473193012169825
0.771659 0.056116196213875535
0.808743 0.053814009348756686
0.845827 0.055021737145824645
0.882912 0.055184709894562034
0.919996 0.05510348524349029
0.95708 0.0534289238815055
0.994164 0.053582629200976895
1.03125 0.0547254813284932
1.06833 0.05340508422751733
1.10542 0.05380606427923251
1.1425 0.05432558729318415
1.17959 0.05575310735323019
1.21667 0.05455258047079459
1.25375 0.05535425313701908
1.29084 0.05242026627988566
1.32792 0.0552514114970572
1.36501 0.055642911876738754
1.40209 0.05388799926018728
1.43918 0.05382694682766237
1.47626 0.05519548706338956
1.51334 0.05584031535727996
1.55043 0.05661492611245761
1.58751 0.05702685612637404
1.6246 0.05588768855662429
1.66168 0.05542539503332744
1.69877 0.05598307459501267
1.73585 0.05713235750828488
1.77293 0.054436293765773025
1.81002 0.05625547128083064
1.8471 0.058480085520705494
1.88419 0.05621703842440079
1.92127 0.056751776889951366
1.95836 0.058578258787476356
1.99544 0.058263786041061305
2.03252 0.05754764780784749
2.06961 0.059300922870039297
2.10298 0.05864700592369437
2.14007 0.05975931965744663
2.17715 0.059642565584770046
2.21424 0.059551504473225936
2.25132 0.061297940958671304
2.2884 0.061939326090463265
2.32549 0.06122957700644727
2.36257 0.06049155403894979
2.39966 0.06308657878416735
2.43674 0.06247530618259062
2.47383 0.06384620100124122
2.51091 0.06371843071884808
2.54799 0.06401306617473801
2.58508 0.06315263096278362
2.62216 0.062306568828548625
2.65925 0.06549591106565089
2.69633 0.063572581389503
2.73342 0.06489460059831026
2.7705 0.06520723857174388
2.80758 0.06745714283207022
2.84467 0.06785523027789736
2.88175 0.06561731593613818
2.91884 0.0668370657147907
2.95592 0.06881659060321405
2.99301 0.06877321438848161
3.03009 0.06808904776514935
3.06717 0.06855787896495724
3.10426 0.067350477081901
3.14134 0.06626691723014932
3.17843 0.06741713099703844
3.2118 0.06888039237754423
3.21551 0.06954466252318353
3.24889 0.06784290522309716
3.2526 0.06855039037751381
3.28597 0.06928928743654728
3.28968 0.07023085509091292
3.32306 0.06819894631430995
3.32676 0.06895185013020377
3.36014 0.07033913842980938
3.36385 0.07021688820399241
3.39722 0.07064448474332519
3.40093 0.0692039818807032
3.43431 0.07047702875843509
3.43802 0.06988571385378273
3.47139 0.06906223573838072
3.4751 0.07049139423492512
3.50848 0.07053385931956063
3.51219 0.07041643830067307
3.54556 0.06947525838694263
3.54927 0.06974600882628385
3.58265 0.07073472563543703
3.58635 0.07051468319772553
3.61973 0.06972902746591386
3.65681 0.06966322629565685
3.6939 0.06966322629565685
3.73098 0.06916810747852231
3.76807 0.06913583680274127
3.80515 0.07112951259927741
3.84224 0.07014286339618225
3.87932 0.0701595416116585
3.9164 0.07080398307873192
3.95349 0.07291225360630671
3.99057 0.0717758549011121
4.02766 0.07249943668870135
4.06103 0.07308223468866093
4.09812 0.07341914893169782
4.1352 0.0734441742436151
4.17228 0.07459963184718765
4.20937 0.07225933156455666
4.24645 0.0719684736740176
4.28354 0.0728239427529161
4.32062 0.07257740115040334
4.32433 0.07257740115040334
4.35771 0.07313168926282243
4.39479 0.07166588226432113
4.43187 0.07332550688579809
4.46896 0.07414641569311992
4.50604 0.07480132048029436
4.54313 0.07422611131033163
4.58021 0.07424199416556143
4.6173 0.07501156664587805
4.65438 0.07614424464496583
4.69146 0.07647404538772062
4.72855 0.07472200588407285
4.76563 0.07574211280544568
4.80272 0.07434528639132265
4.8398 0.07499795257951575
4.87689 0.07352536034794577
4.91397 0.07302252638403134
4.95105 0.07417079423408923
4.98814 0.07207637547986684
5.02522 0.07435863309238949
5.06231 0.07424921341029628
5.09939 0.07487370384042263
5.13648 0.07440211471880226
5.17356 0.07159098638352046
5.21064 0.07108191162562827
5.24773 0.07367217679132176
5.28481 0.0708421640063423
5.3219 0.07252199405475718
5.35898 0.07397311691444686
5.39607 0.07382953915722457
5.43315 0.07481753262478075
5.47023 0.07570638878157482
5.50732 0.07542901403034868
5.5444 0.076858248369861
5.58149 0.07723084164624083
5.61486 0.0752871245377848
5.65195 0.07636276189821883
5.68903 0.07563586181938986
5.72612 0.07599061707027432
5.7632 0.07624169206094422
5.80028 0.07674376529876736
5.83737 0.07720187044913551
5.87445 0.07523708292849152
5.91154 0.07582112943275848
5.94862 0.07654903044780065
5.98571 0.07613789439324192
6.02279 0.07486111702191506
6.05987 0.07310566539027258
6.09696 0.07445833649204253
6.13404 0.07500218614759119
6.17113 0.07651728170399585
6.20821 0.07480151818897374
6.2453 0.07690256093460218
6.28238 0.0765716963890744
6.31946 0.07370371733177755
6.35655 0.07529882693128587
6.39363 0.07490674248858709
6.43072 0.07571504807669271
6.4678 0.07473257108357717
6.50488 0.07502268732047818
6.54197 0.07635633744640591
6.57905 0.07304300924143631
6.61614 0.07387117347641653
6.65322 0.07480415100262833
6.69031 0.07502519106665723
6.72739 0.07530617471976098
6.76447 0.07704097122922393
6.80156 0.07554122245109018
6.83864 0.07587074920522474
6.87202 0.07611580341292135
6.9091 0.07579948179747609
6.94619 0.07544579249863742
6.98327 0.07545529069360052
7.02036 0.07579716777439427
7.05744 0.07554187658981776
7.09452 0.07784724339973709
7.13161 0.07786279530999196
7.16869 0.0777522165478462
7.20578 0.07885544151922186
7.24286 0.07875834374880303
7.27995 0.07945021133025071
7.31703 0.07811009936084073
7.35411 0.07926081639616622
7.3912 0.07926081639616622
7.42828 0.07777796515672991
7.46537 0.07578088355594059
7.53954 0.07604491771228167
7.57662 0.07764628164314952
7.6137 0.07634357093205929
7.65079 0.07401224666961909
7.68787 0.07621057510748236
7.72496 0.07693767165826143
7.76204 0.0759646273082294
7.79913 0.07926484650741283
7.83621 0.07765655271792032
7.87329 0.07808829529788408
7.91038 0.08040022682191877
7.94746 0.07947420553971085
7.98455 0.08065830097465648
8.02163 0.07707072837936768
8.05872 0.07910417839195538
8.0958 0.07993961849315412
8.13288 0.0779968293281258
8.16997 0.0794304736630762
8.20705 0.07742340295610245
8.24414 0.07769530367917887
8.28122 0.07818686201853436
8.31831 0.0764428901587928
8.35539 0.07724194945475132
8.39247 0.07640066688639796
8.42585 0.07470604171271744
8.46293 0.07637680755482562
8.50002 0.0756834183014099
8.5371 0.07524978455726128
8.57419 0.07706459211055705
8.61127 0.07814507074263344
8.64835 0.07872987493210609
8.68544 0.07857106815925102
8.72252 0.07954492737580432
8.75961 0.07877194656924585
8.79669 0.07733923320992048
8.83378 0.07684436565447461
8.87086 0.07699789469985241
8.90794 0.07678788555288901
8.94503 0.07839814494908504
8.98211 0.07686359720895258
9.0192 0.07660321182975394
9.05628 0.07832602651478382
9.09337 0.07678125785096623
9.13045 0.07776215696895084
9.16753 0.07745591987882922
9.20462 0.07836566496950348
9.2417 0.07666492928248847
9.27879 0.07825913901729659
9.31587 0.07543815835539447
9.35296 0.0771358589229626
9.39004 0.07395779592241253
9.42712 0.07463244225771382
9.46421 0.07409191793052428
9.50129 0.07460000397214656
9.53838 0.07379059596439341
9.57546 0.07577906537397039
9.61255 0.07429790249650453
9.64963 0.07559520644424805
9.68671 0.0718765174025019
9.7238 0.07353683275856893
9.76088 0.07489427337488047
9.79797 0.07523473870158082
9.83505 0.07556288919022447
9.87214 0.07369724400508393
9.90551 0.0759090309842308
9.9426 0.07600883740977532
9.97968 0.07671789335228174
10.0168 0.07756437641303032
10.0538 0.07532074955087126
10.0909 0.0764492958478869
10.128 0.07510433032418518
10.1651 0.0757472848798601
10.2022 0.07642728732458853
10.2393 0.07609424894844419
10.2764 0.07508617317434296
10.3134 0.07366743226005673
10.3505 0.07313741869622764
10.3876 0.07592236188815821
10.4247 0.07644736391510021
10.4618 0.07699878667170851
10.4989 0.07777867971601032
10.5359 0.07606661970819151
10.573 0.0758260555838699
10.6101 0.07628445497366637
10.6472 0.07564327975598323
10.6843 0.07603172542913572
10.7214 0.07489598637680372
10.7584 0.0753010651197683
10.7955 0.07424779001923909
10.8326 0.07635322074288331
10.8697 0.07325156729670523
10.9068 0.07443757261165707
10.9439 0.07645090761352707
10.981 0.0753871567246629
11.018 0.0756815423683514
11.0551 0.07431808228167469
11.0922 0.07431808228167469
11.1293 0.07463675557079835
11.1664 0.07567569092822607
11.2035 0.07640080577802172
11.2405 0.07668052660775837
11.2776 0.0778838014838582
11.3147 0.07672006677387466
11.3481 0.07798976884494901
11.3852 0.07618778956310551
11.4223 0.07755936914783274
11.4593 0.07655907230995285
11.4964 0.07607697222286114
11.5335 0.07420375238026072
11.5706 0.07473346526380742
11.6077 0.0745647872824084
11.6448 0.0743747213405665
11.6818 0.0728893063953045
11.7189 0.07398922247878265
11.756 0.07623701999891364
11.7931 0.07684275419073561
11.8302 0.07687235837978501
11.8673 0.07658550798097208
11.9044 0.07733258614178501
11.9414 0.07775257964182347
11.9785 0.07661920499038422
12.0156 0.07579159025499477
12.0527 0.07758301710715698
12.0898 0.07794779900260679
12.1269 0.07505159422174917
12.1639 0.07654733271448366
12.201 0.07588371749103423
12.2381 0.07510133562509369
12.2752 0.07615647800708586
12.3123 0.07614572681613047
12.3494 0.07753456817254833
12.3864 0.07636222918545649
12.4235 0.0775678769626898
12.4606 0.07690335216917882
12.4977 0.0762609082309198
12.5348 0.07640675288254789
12.5719 0.07676588540707241
12.609 0.07592589525849464
12.646 0.07620793318205876
12.6831 0.07571025550604116
12.7165 0.07448850124968504
12.7536 0.07611851526626395
12.787 0.07367769171353139
12.824 0.07346399236474799
12.8611 0.07452925572338448
12.8982 0.07338860742509595
12.9353 0.07167418883902427
12.9724 0.07278670396273196
13.0095 0.07216783698461199
13.0465 0.07315299683969029
13.0836 0.07277171381850261
13.1207 0.07336676108951434
13.1578 0.07657410910197981
13.1949 0.0756428949688811
13.232 0.07724335937846594
13.2691 0.07565703023519266
13.3061 0.07505702819537335
13.3432 0.07579118541833307
13.3803 0.07358110413837504
13.4174 0.0732128318215654
13.4545 0.07375958959392148
13.4916 0.0732963400639986
13.5286 0.07249471248978956
13.5657 0.07412250308024165
13.6028 0.07309078292692878
13.6399 0.0716491880675128
13.677 0.07370375403117119
13.7141 0.07334194229418534
13.7511 0.07626696306132136
13.7882 0.07587051485768043
13.8253 0.07504894985983318
13.8624 0.07671856683537892
13.8995 0.07615371108588792
13.9366 0.07385405513836513
13.9737 0.0746104361612262
14.0107 0.07483198522875173
14.0478 0.07456443145868474
14.0849 0.07263953117370126
14.122 0.07233357097210397
14.1591 0.07430656853912943
14.1962 0.07259694063319533
14.2295 0.07417425863046317
14.2666 0.071929640964295
14.3037 0.07101571372183169
14.3408 0.07167655587697108
14.3779 0.07204717641539299
14.415 0.07330605576866911
14.452 0.07221280241612704
14.4891 0.0760986186818855
14.5262 0.07468503546092875
14.5633 0.072492047253009
14.6004 0.07613439172649922
14.6375 0.07384140708965387
14.6745 0.07377447644903173
14.7116 0.07392844859953962
14.7487 0.07269286580764295
14.7858 0.07269286580764295
14.8229 0.07093292266903306
14.86 0.0732559460339271
14.8971 0.07130105528095965
14.9341 0.07270771631969347
14.9675 0.07175442664969262
15.0046 0.07302110722746341
15.0417 0.07438790356446112
15.0788 0.07311856875476241
15.1158 0.07322581645179493
15.1529 0.07500441020532672
15.19 0.07501592341627938
15.2271 0.07462072821006854
15.2642 0.07335657363825615
15.3013 0.07445922298513147
15.3384 0.07486808998499189
15.3754 0.07529095783240397
15.4125 0.0737592346077654
15.4496 0.0732895505312734
15.4867 0.0744476578223916
15.5238 0.07293088432441946
15.5609 0.07346050215887551
15.5979 0.0741014643131872
15.635 0.07593006628660737
15.6721 0.07238505309405929
15.7092 0.07295957414540905
15.7463 0.07561814083363255
15.7834 0.07502871972675834
15.8204 0.07643616835794198
15.8575 0.07507782987624367
15.8946 0.07583223015669799
15.9317 0.07468312463279647
15.9688 0.07322181994287691
16.0059 0.07731693744517804
16.043 0.07481633257386378
16.08 0.07368135708871665
16.1171 0.07288723718474582
16.1542 0.07282203699991713
16.1913 0.0709676667793207
16.2247 0.07224690736655592
16.2618 0.0720950725437482
16.2988 0.07197426433574261
16.3359 0.07328732882799
16.373 0.07191677117454154
16.4101 0.07347624824436394
16.4472 0.07213339283253245
16.4843 0.07269507339931514
16.5213 0.0706052418277544
16.5584 0.07270021678962757
16.5955 0.07217579068408281
16.6326 0.07271678404258908
16.6697 0.07393689614938898
16.7068 0.07451926155626343
16.7438 0.07358622524852992
16.7809 0.07287831482811713
16.818 0.0715912654408215
16.8551 0.07467183354056811
16.8922 0.07501501050954007
16.9293 0.07420656832663985
16.9664 0.07563843680628868
17.0034 0.07558796282036262
17.0405 0.07552931124235612
17.0776 0.0755287531493567
17.1147 0.07417680843993918
17.1518 0.07345662623649574
17.1889 0.07316938765162062
17.2259 0.07350134885179066
17.263 0.07357887477553027
17.3001 0.07424544418661994
17.3372 0.0736493977713224
17.3743 0.0732147044842662
17.4114 0.07451124883661903
17.4484 0.07518988901395074
17.4855 0.07284243514669297
17.5226 0.07467541287066576
17.5597 0.07454596982512524
17.5968 0.07430484494830758
17.6339 0.0739892754128903
17.6672 0.07361164197280284
17.7043 0.0733629112427654
17.7414 0.07413005220826269
17.7785 0.07468772501289411
17.8156 0.07433586546945797
17.8527 0.0720599278723773
17.8897 0.07230560243837159
17.9268 0.07187776243211785
17.9639 0.07572444830076658
18.001 0.07511991562584075
18.0381 0.07527983354091339
18.0752 0.07562827615674339
18.1123 0.07545747189978019
18.1493 0.07679578348996607
18.1864 0.07539564016981731
18.2235 0.07521841331225415
18.2606 0.07581722396250429
18.2977 0.07633268884114919
18.3348 0.07518702155369461
18.3718 0.07545843941235858
18.4089 0.07332288669707265
18.446 0.07488988066779073
18.4831 0.07488988066779073
18.5202 0.07310855396839738
18.5573 0.07409098021655769
18.5944 0.07487930754874944
18.6314 0.07488594303328283
18.6685 0.07710252035730225
18.7056 0.07489237017575123
18.7427 0.07552460325358429
18.7798 0.07566101386449203
18.8169 0.07633893926172874
18.8539 0.0751930658222954
18.891 0.07646206338136718
18.9281 0.07344014465598153
18.9652 0.07408576179006587
19.0023 0.07549456900460133
19.0394 0.07488903542949576
19.0727 0.07430283201785692
19.1098 0.07371008987342609
19.1469 0.07414322995039319
19.184 0.07423321540629818
