0.0336825 0.04849399999999998
0.0707664 0.04816899999999996
0.107851 0.04769099999999998
0.144935 0.04613100000000003
0.182019 0.043201000000000045
0.219103 0.040883
0.256188 0.03647499999999998
0.293272 0.030319999999999958
0.330356 0.024241000000000013
0.367441 0.01755699999999999
0.404525 0.01234099999999999
0.441609 0.012447999999999959
0.478693 0.018702000000000052
0.515778 0.022583999999999993
0.549154 0.026392000000000027
0.586237 0.03125200000000006
0.623322 0.033530000000000004
0.660406 0.03401199999999999
0.69749 0.03670899999999999
0.734575 0.03916000000000003
0.771659 0.038772999999999946
0.808743 0.03925899999999999
0.845827 0.03872500000000001
0.882912 0.03565299999999999
0.919996 0.03387600000000002
0.95708 0.03168999999999994
0.994164 0.03147700000000003
1.03125 0.031056000000000028
1.06833 0.03242399999999995
1.10542 0.03338900000000006
1.1425 0.033606000000000025
1.17959 0.03435600000000005
1.21667 0.03904799999999997
1.25375 0.03875500000000004
1.29084 0.03615799999999997
1.32792 0.03442700000000004
1.36501 0.03482099999999999
1.40209 0.03887600000000002
1.43918 0.039486999999999994
1.47626 0.03827900000000001
1.51334 0.035189000000000026
1.55043 0.03402700000000003
1.58751 0.03367500000000001
1.6246 0.03364600000000001
1.66168 0.03284999999999999
1.69877 0.03178500000000006
1.73585 0.031025999999999998
1.77293 0.03025
1.81002 0.02862600000000004
1.8471 0.026864999999999972
1.88419 0.02625299999999997
1.92127 0.024424999999999975
1.95836 0.019556000000000018
1.99544 0.018691999999999986
2.03252 0.017564000000000024
2.06961 0.01855100000000004
2.10298 0.01870900000000003
2.14007 0.019004999999999994
2.17715 0.020110000000000017
2.21424 0.022518000000000038
2.25132 0.024048999999999987
2.2884 0.025208000000000008
2.32549 0.026733000000000007
2.36257 0.03142700000000004
2.39966 0.03364499999999998
2.43674 0.03376299999999999
2.47383 0.03346499999999997
2.51091 0.03203100000000003
2.54799 0.03170899999999999
2.58508 0.033398999999999957
2.62216 0.033943000000000056
2.65925 0.034081999999999946
2.69633 0.03352299999999997
2.73342 0.033324999999999994
2.7705 0.03302299999999997
2.80758 0.03349300000000005
2.84467 0.03400399999999998
2.88175 0.03729399999999994
2.91884 0.038551
2.95592 0.03918699999999997
2.99301 0.03897700000000004
3.03009 0.03924899999999998
3.06717 0.03917799999999999
3.10426 0.03842899999999999
3.14134 0.03663500000000003
3.17843 0.03636400000000001
3.2118 0.03553299999999998
3.21551 0.035416
3.24889 0.035945000000000005
3.2526 0.03483900000000001
3.28597 0.03503999999999996
3.28968 0.035883
3.32306 0.035524
3.32676 0.03516899999999995
3.36014 0.03472299999999995
3.36385 0.03489799999999993
3.39722 0.03522299999999995
3.40093 0.03547100000000003
3.43431 0.03523599999999999
3.43802 0.03517100000000001
3.47139 0.034389999999999976
3.4751 0.03432700000000005
3.50848 0.03368999999999994
3.51219 0.033858
3.54556 0.03339599999999998
3.54927 0.03171999999999997
3.58265 0.031196
3.58635 0.031059000000000003
3.61973 0.027759000000000034
3.65681 0.026932999999999985
3.6939 0.026932999999999985
3.73098 0.027146000000000003
3.76807 0.02690600000000004
3.80515 0.02611800000000003
3.84224 0.024597999999999953
3.87932 0.022051000000000043
3.9164 0.022727000000000053
3.95349 0.026691999999999994
3.99057 0.033877000000000046
4.02766 0.04092399999999996
4.06103 0.046089999999999964
4.09812 0.04786299999999999
4.1352 0.047279000000000015
4.17228 0.04541499999999998
4.20937 0.040854
4.24645 0.037185000000000024
4.28354 0.03493599999999997
4.32062 0.04089300000000001
4.32433 0.04089300000000001
4.35771 0.045672000000000046
4.39479 0.04361000000000004
4.43187 0.040797999999999945
4.46896 0.03908900000000004
4.50604 0.03826999999999997
4.54313 0.03766000000000003
4.58021 0.037795999999999996
4.6173 0.03836800000000001
4.65438 0.03996700000000003
4.69146 0.04103900000000005
4.72855 0.04464399999999996
4.76563 0.04630699999999999
4.80272 0.048543999999999976
4.8398 0.04993800000000004
4.87689 0.05201400000000006
4.91397 0.04921099999999995
4.95105 0.04832299999999995
4.98814 0.04846699999999998
5.02522 0.048429
5.06231 0.04894599999999999
5.09939 0.04790299999999997
5.13648 0.042300000000000004
5.17356 0.035619999999999985
5.21064 0.029427999999999954
5.24773 0.024468999999999963
5.28481 0.021572000000000036
5.3219 0.021669999999999967
5.35898 0.024131999999999987
5.39607 0.026980000000000004
5.43315 0.03319899999999998
5.47023 0.034977999999999954
5.50732 0.03882299999999994
5.5444 0.039075000000000026
5.58149 0.04088599999999998
5.61486 0.03905399999999998
5.65195 0.03871899999999995
5.68903 0.038829
5.72612 0.038093000000000043
5.7632 0.040844999999999965
5.80028 0.04145500000000002
5.83737 0.04585200000000006
5.87445 0.04591099999999998
5.91154 0.047302000000000066
5.94862 0.045035999999999965
5.98571 0.043944999999999956
6.02279 0.04344899999999996
6.05987 0.04188400000000003
6.09696 0.04430299999999998
6.13404 0.048424999999999996
6.17113 0.049731000000000025
6.20821 0.04753000000000002
6.2453 0.04672700000000002
6.28238 0.046530000000000016
6.31946 0.04475899999999999
6.35655 0.045321
6.39363 0.04428500000000002
6.43072 0.042254000000000014
6.4678 0.041527000000000036
6.50488 0.04107200000000005
6.54197 0.03886499999999998
6.57905 0.03753100000000004
6.61614 0.03635699999999997
6.65322 0.038197999999999954
6.69031 0.03785900000000003
6.72739 0.037910000000000055
6.76447 0.03764200000000001
6.80156 0.03843500000000005
6.83864 0.03905299999999995
6.87202 0.03920299999999999
6.9091 0.03812600000000005
6.94619 0.03373300000000001
6.98327 0.030411999999999995
7.02036 0.026665999999999968
7.05744 0.026114999999999944
7.09452 0.026191999999999993
7.13161 0.027160000000000017
7.16869 0.033604999999999996
7.20578 0.038705000000000045
7.24286 0.046553999999999984
7.27995 0.04939499999999997
7.31703 0.04967100000000002
7.35411 0.049326000000000036
7.3912 0.049326000000000036
7.42828 0.04435800000000001
7.46537 0.04120299999999999
7.53954 0.04094399999999998
7.57662 0.04441400000000001
7.6137 0.04879799999999995
7.65079 0.04394199999999998
7.68787 0.03842399999999996
7.72496 0.034059000000000006
7.76204 0.032367000000000035
7.79913 0.03204600000000002
7.83621 0.033135000000000026
7.87329 0.034731999999999985
7.91038 0.04098400000000002
7.94746 0.04626000000000002
7.98455 0.04840699999999998
8.02163 0.05312100000000003
8.05872 0.05528900000000003
8.0958 0.05178900000000003
8.13288 0.04861000000000004
8.16997 0.04567399999999999
8.20705 0.04613800000000001
8.24414 0.047643000000000046
8.28122 0.04828100000000002
8.31831 0.05108900000000005
8.35539 0.048931999999999976
8.39247 0.041427999999999965
8.42585 0.03422299999999995
8.46293 0.027911999999999992
8.50002 0.024672999999999945
8.5371 0.025088
8.57419 0.026656999999999986
8.61127 0.03360799999999997
8.64835 0.03983199999999998
8.68544 0.04176400000000002
8.72252 0.048014999999999974
8.75961 0.04819799999999996
8.79669 0.05040200000000006
8.83378 0.05129499999999998
8.87086 0.04893400000000003
8.90794 0.046987
8.94503 0.04179099999999997
8.98211 0.038744999999999974
9.0192 0.038256999999999985
9.05628 0.03809700000000005
9.09337 0.041154000000000024
9.13045 0.04839199999999999
9.16753 0.05430600000000002
9.20462 0.05259899999999995
9.2417 0.05169700000000005
9.27879 0.050954
9.31587 0.048236999999999974
9.35296 0.04346899999999998
9.39004 0.045041
9.42712 0.04850500000000002
9.46421 0.05223999999999995
9.50129 0.053937999999999986
9.53838 0.05113500000000004
9.57546 0.04870200000000002
9.61255 0.047819999999999974
9.64963 0.047018000000000004
9.68671 0.04425899999999999
9.7238 0.04084599999999999
9.76088 0.03400900000000001
9.79797 0.03065699999999999
9.83505 0.026592000000000005
9.87214 0.02621699999999999
9.90551 0.026597000000000037
9.9426 0.032043000000000044
9.97968 0.03361800000000004
10.0168 0.03898100000000004
10.0538 0.04064200000000001
10.0909 0.04151300000000002
10.128 0.04539199999999999
10.1651 0.04548500000000005
10.2022 0.04108199999999995
10.2393 0.03456199999999998
10.2764 0.031447
10.3134 0.02877799999999997
10.3505 0.029422999999999977
10.3876 0.03382200000000002
10.4247 0.04089599999999999
10.4618 0.04855699999999996
10.4989 0.051842
10.5359 0.05307499999999998
10.573 0.05324499999999999
10.6101 0.051027000000000045
10.6472 0.046938000000000035
10.6843 0.04385600000000006
10.7214 0.04566800000000004
10.7584 0.04871499999999995
10.7955 0.05219799999999997
10.8326 0.048597999999999975
10.8697 0.04573599999999994
10.9068 0.04149899999999995
10.9439 0.03955500000000001
10.981 0.03394999999999998
11.018 0.030773999999999968
11.0551 0.026739999999999986
11.0922 0.026739999999999986
11.1293 0.02794399999999997
11.1664 0.033677999999999986
11.2035 0.038995
11.2405 0.04510799999999998
11.2776 0.04862299999999997
11.3147 0.053981999999999974
11.3481 0.05508500000000005
11.3852 0.052846000000000004
11.4223 0.04857
11.4593 0.04630100000000004
11.4964 0.045650000000000024
11.5335 0.044264000000000026
11.5706 0.045960999999999974
11.6077 0.03884799999999994
11.6448 0.033501
11.6818 0.02921299999999999
11.7189 0.02786700000000003
11.756 0.032025000000000026
11.7931 0.03744599999999998
11.8302 0.04526899999999995
11.8673 0.04890699999999998
11.9044 0.05570900000000001
11.9414 0.05583100000000002
11.9785 0.050789999999999946
12.0156 0.04841400000000001
12.0527 0.04821199999999998
12.0898 0.04872299999999996
12.1269 0.05211899999999997
12.1639 0.04858900000000005
12.201 0.041556999999999955
12.2381 0.03519300000000003
12.2752 0.030982999999999983
12.3123 0.026424000000000003
12.3494 0.02635900000000002
12.3864 0.03121400000000002
12.4235 0.03801800000000005
12.4606 0.04497499999999999
12.4977 0.05025600000000002
12.5348 0.05533900000000003
12.5719 0.05529600000000001
12.609 0.056842000000000004
12.646 0.055635000000000046
12.6831 0.05123699999999998
12.7165 0.04880899999999999
12.7536 0.048538000000000026
12.787 0.04885200000000006
12.824 0.05181599999999997
12.8611 0.05247799999999997
12.8982 0.05388900000000002
12.9353 0.04445699999999997
12.9724 0.03416199999999997
13.0095 0.026725
13.0465 0.024626000000000037
13.0836 0.027227000000000057
13.1207 0.036214000000000024
13.1578 0.045877999999999974
13.1949 0.05371099999999995
13.232 0.05696000000000001
13.2691 0.05890100000000004
13.3061 0.05435500000000004
13.3432 0.050063000000000024
13.3803 0.05010699999999996
13.4174 0.051456999999999975
13.4545 0.054074999999999984
13.4916 0.053703999999999974
13.5286 0.04821000000000003
13.5657 0.03974300000000003
13.6028 0.03365200000000007
13.6399 0.02891499999999997
13.677 0.02712500000000001
13.7141 0.029872999999999983
13.7511 0.03371400000000002
13.7882 0.04096899999999998
13.8253 0.049593000000000054
13.8624 0.056869999999999976
13.8995 0.056111999999999995
13.9366 0.05095299999999997
13.9737 0.04876400000000003
14.0107 0.048860000000000015
14.0478 0.053458000000000006
14.0849 0.05578599999999995
14.122 0.05608800000000003
14.1591 0.05606099999999997
14.1962 0.05430499999999999
14.2295 0.04911899999999997
14.2666 0.041339000000000015
14.3037 0.03286300000000003
14.3408 0.025893000000000055
14.3779 0.023794999999999955
14.415 0.026608999999999994
14.452 0.035158999999999996
14.4891 0.046036999999999995
14.5262 0.05429700000000004
14.5633 0.057726
14.6004 0.057446
14.6375 0.05595500000000003
14.6745 0.05351300000000003
14.7116 0.054610999999999965
14.7487 0.05341299999999999
14.7858 0.05341299999999999
14.8229 0.0519
14.86 0.04801099999999997
14.8971 0.04173300000000002
14.9341 0.04091499999999998
14.9675 0.03943599999999997
15.0046 0.041049999999999975
15.0417 0.04149799999999998
15.0788 0.04112100000000002
15.1158 0.03917399999999999
15.1529 0.040874999999999995
15.19 0.04135299999999997
15.2271 0.04297700000000004
15.2642 0.04303900000000005
15.3013 0.041464000000000056
15.3384 0.04213199999999995
15.3754 0.04646899999999998
15.4125 0.048410000000000064
15.4496 0.05118
15.4867 0.05105500000000002
15.5238 0.04698100000000005
15.5609 0.04198500000000005
15.5979 0.03734799999999994
15.635 0.03378999999999999
15.6721 0.036660000000000026
15.7092 0.044201000000000046
15.7463 0.049458
15.7834 0.05542700000000006
15.8204 0.060153999999999985
15.8575 0.05584399999999995
15.8946 0.053814999999999946
15.9317 0.05167200000000005
15.9688 0.05274399999999996
16.0059 0.05360200000000004
16.043 0.05540900000000004
16.08 0.055159000000000014
16.1171 0.05381199999999997
16.1542 0.04880800000000002
16.1913 0.04559300000000005
16.2247 0.045922999999999936
16.2618 0.04404999999999998
16.2988 0.04278900000000002
16.3359 0.047375
16.373 0.04835299999999998
16.4101 0.041164000000000034
16.4472 0.038785000000000014
16.4843 0.03402299999999997
16.5213 0.030585999999999947
16.5584 0.028456999999999955
16.5955 0.026401000000000008
16.6326 0.026152999999999982
16.6697 0.026044999999999985
16.7068 0.027190999999999965
16.7438 0.03178800000000004
16.7809 0.03400200000000003
16.818 0.038161999999999974
16.8551 0.03811599999999998
16.8922 0.04113699999999998
16.9293 0.04466700000000001
16.9664 0.04830899999999999
17.0034 0.051061999999999996
17.0405 0.053210000000000035
17.0776 0.05354599999999998
17.1147 0.05174099999999998
17.1518 0.05331099999999994
17.1889 0.05326599999999998
17.2259 0.05147700000000005
17.263 0.048409000000000035
17.3001 0.04641200000000001
17.3372 0.04259700000000005
17.3743 0.041188
17.4114 0.03936600000000001
17.4484 0.038917000000000035
17.4855 0.03931800000000002
17.5226 0.04112500000000002
17.5597 0.04106499999999996
17.5968 0.04001400000000005
17.6339 0.038885999999999976
17.6672 0.03865799999999997
17.7043 0.03886499999999998
17.7414 0.03858999999999996
17.7785 0.03485299999999997
17.8156 0.03353999999999996
17.8527 0.030952000000000035
17.8897 0.02977200000000002
17.9268 0.028414999999999968
17.9639 0.03093800000000002
18.001 0.03393400000000002
18.0381 0.039352000000000054
18.0752 0.041668999999999956
18.1123 0.047438000000000036
18.1493 0.051012
18.1864 0.05443300000000001
18.2235 0.05213599999999996
18.2606 0.04869200000000001
18.2977 0.04846800000000001
18.3348 0.04870399999999997
18.3718 0.05229399999999995
18.4089 0.05015799999999998
18.446 0.04733699999999996
18.4831 0.04733699999999996
18.5202 0.03572299999999995
18.5573 0.03273199999999998
18.5944 0.032077999999999995
18.6314 0.03344999999999998
18.6685 0.033936999999999995
18.7056 0.038805000000000034
18.7427 0.04118500000000003
18.7798 0.04453100000000004
18.8169 0.048394999999999966
18.8539 0.049222000000000043
18.891 0.050097
18.9281 0.04903299999999999
18.9652 0.050995999999999986
19.0023 0.05377500000000002
19.0394 0.050456000000000056
19.0727 0.04782799999999998
19.1098 0.04299599999999998
19.1469 0.038434000000000024
19.184 0.034160000000000024
