0.0336825 0.49999078435
0.0707664 0.4962963
0.107851 0.4962963
0.144935 0.4962963
0.182019 0.4962963
0.219103 0.4962963
0.256188 0.4962963
0.293272 0.4962963
0.330356 0.499492517
0.367441 0.4962963
0.404525 0.4962963
0.441609 0.4962963
0.478693 0.4962963
0.515778 0.4962963
0.549154 0.4962963
0.586237 0.4962963
0.623322 0.4962963
0.660406 0.4962963
0.69749 0.4962963
0.734575 0.4962963
0.771659 0.4962963
0.808743 0.4962963
0.845827 0.4962963
0.882912 0.4962963
0.919996 0.499120452
0.95708 0.5
0.994164 0.4962963
1.03125 0.4962963
1.06833 0.4962963
1.10542 0.4962963
1.1425 0.4962963
1.17959 0.4962963
1.21667 0.4962963
1.25375 0.4962963
1.29084 0.4962963
1.32792 0.499731571
1.36501 0.4962963
1.40209 0.499999715075
1.43918 0.4962963
1.47626 0.4999638925
1.51334 0.5
1.55043 0.4962963
1.58751 0.4962963
1.6246 0.4962963
1.66168 0.4962963
1.69877 0.4962963
1.73585 0.4962963
1.77293 0.4962963
1.81002 0.4962963
1.8471 0.49877915
1.88419 0.4962963
1.92127 0.4962963
1.95836 0.4962963
1.99544 0.4962963
2.03252 0.4962963
2.06961 0.4962963
2.10298 0.4962963
2.14007 0.49964107
2.17715 0.49898453
2.21424 0.4962963
2.25132 0.4962963
2.2884 0.49711593
2.32549 0.4962963
2.36257 0.4962963
2.39966 0.499000943
2.43674 0.4962963
2.47383 0.4962963
2.51091 0.4962963
2.54799 0.4962963
2.58508 0.4962963
2.62216 0.499207792
2.65925 0.4962963
2.69633 0.5
2.73342 0.4962963
2.7705 0.4962963
2.80758 0.4962963
2.84467 0.4962963
2.88175 0.4962963
2.91884 0.5
2.95592 0.49999826748
2.99301 0.4962963
3.03009 0.4962963
3.06717 0.4962963
3.10426 0.4962963
3.14134 0.49999263874
3.17843 0.4962963
3.2118 0.4962963
3.21551 0.4962963
3.24889 0.4962963
3.2526 0.499553632
3.28597 0.4962963
3.28968 0.4962963
3.32306 0.4962963
3.32676 0.4962963
3.36014 0.4962963
3.36385 0.4999513713
3.39722 0.4999565456
3.40093 0.5
3.43431 0.4962963
3.43802 0.4962963
3.47139 0.4962963
3.4751 0.4962963
3.50848 0.4962963
3.51219 0.4962963
3.54556 0.4962963
3.54927 0.4962963
3.58265 0.4962963
3.58635 0.499752825
3.61973 0.4962963
3.65681 0.4962963
3.6939 0.4962963
3.73098 0.499698496
3.76807 0.4962963
3.80515 0.4962963
3.84224 0.499669379
3.87932 0.4962963
3.9164 0.4962963
3.95349 0.499731487
3.99057 0.4962963
4.02766 0.4962963
4.06103 0.499878466
4.09812 0.4962963
4.1352 0.4999766077
4.17228 0.4962963
4.20937 0.4962963
4.24645 0.499236436
4.28354 0.4962963
4.32062 0.49805796
4.32433 0.49805796
4.35771 0.499566043
4.39479 0.4962963
4.43187 0.4962963
4.46896 0.4962963
4.50604 0.4962963
4.54313 0.4962963
4.58021 0.4962963
4.6173 0.4962963
4.65438 0.4962963
4.69146 0.499281525
4.72855 0.4962963
4.76563 0.5
4.80272 0.499024756
4.8398 0.49707431
4.87689 0.4962963
4.91397 0.499147547
4.95105 0.4962963
4.98814 0.4962963
5.02522 0.4962963
5.06231 0.49707012
5.09939 0.4962963
5.13648 0.4962963
5.17356 0.4962963
5.21064 0.499028164
5.24773 0.4962963
5.28481 0.4962963
5.3219 0.4962963
5.35898 0.499334892
5.39607 0.4962963
5.43315 0.4962963
5.47023 0.4962963
5.50732 0.4962963
5.5444 0.4962963
5.58149 0.4962963
5.61486 0.4962963
5.65195 0.499509146
5.68903 0.4962963
5.72612 0.49999223157
5.7632 0.4962963
5.80028 0.4962963
5.83737 0.49632828
5.87445 0.4962963
5.91154 0.49999860842
5.94862 0.49897509
5.98571 0.49742736
6.02279 0.4962963
6.05987 0.4962963
6.09696 0.4962963
6.13404 0.4962963
6.17113 0.499690535
6.20821 0.49755475
6.2453 0.4962963
6.28238 0.4962963
6.31946 0.4962963
6.35655 0.4962963
6.39363 0.499696391
6.43072 0.4962963
6.4678 0.4962963
6.50488 0.4962963
6.54197 0.4962963
6.57905 0.49720843
6.61614 0.4962963
6.65322 0.4962963
6.69031 0.4962963
6.72739 0.4962963
6.76447 0.4962963
6.80156 0.4962963
6.83864 0.4962963
6.87202 0.4962963
6.9091 0.4962963
6.94619 0.4962963
6.98327 0.4962963
7.02036 0.4962963
7.05744 0.4962963
7.09452 0.4962963
7.13161 0.4962963
7.16869 0.4962963
7.20578 0.499787517
7.24286 0.499335905
7.27995 0.4962963
7.31703 0.49787286
7.35411 0.4962963
7.3912 0.4962963
7.42828 0.4962963
7.46537 0.4962963
7.53954 0.4962963
7.57662 0.4962963
7.6137 0.4962963
7.65079 0.4962963
7.68787 0.4962963
7.72496 0.4962963
7.76204 0.4962963
7.79913 0.499464947
7.83621 0.4962963
7.87329 0.4962963
7.91038 0.4962963
7.94746 0.499838452
7.98455 0.4962963
8.02163 0.4962963
8.05872 0.4962963
8.0958 0.49853964
8.13288 0.4962963
8.16997 0.4962963
8.20705 0.4962963
8.24414 0.4962963
8.28122 0.4962963
8.31831 0.499804866
8.35539 0.4962963
8.39247 0.4999186366
8.42585 0.499681226
8.46293 0.4962963
8.50002 0.49780943
8.5371 0.499999803048
8.57419 0.4962963
8.61127 0.4962963
8.64835 0.4962963
8.68544 0.4962963
8.72252 0.4962963
8.75961 0.4962963
8.79669 0.499999783202
8.83378 0.4962963
8.87086 0.4962963
8.90794 0.4962963
8.94503 0.4962963
8.98211 0.499866962
9.0192 0.4962963
9.05628 0.4962963
9.09337 0.4962963
9.13045 0.499164777
9.16753 0.4962963
9.20462 0.49895441
9.2417 0.4962963
9.27879 0.4962963
9.31587 0.4962963
9.35296 0.4962963
9.39004 0.4962963
9.42712 0.4962963
9.46421 0.4962963
9.50129 0.49999572253
9.53838 0.4962963
9.57546 0.4962963
9.61255 0.4962963
9.64963 0.4962963
9.68671 0.4962963
9.7238 0.4962963
9.76088 0.4962963
9.79797 0.4962963
9.83505 0.4962963
9.87214 0.4962963
9.90551 0.4962963
9.9426 0.4962963
9.97968 0.5
10.0168 0.4962963
10.0538 0.499719909
10.0909 0.4962963
10.128 0.4962963
10.1651 0.4962963
10.2022 0.4962963
10.2393 0.4962963
10.2764 0.4962963
10.3134 0.4962963
10.3505 0.499999800786
10.3876 0.4962963
10.4247 0.5
10.4618 0.499691314
10.4989 0.4962963
10.5359 0.4962963
10.573 0.4962963
10.6101 0.4962963
10.6472 0.4962963
10.6843 0.4962963
10.7214 0.4989694
10.7584 0.4962963
10.7955 0.499667247
10.8326 0.4962963
10.8697 0.4962963
10.9068 0.4962963
10.9439 0.4962963
10.981 0.4962963
11.018 0.4962963
11.0551 0.4962963
11.0922 0.4962963
11.1293 0.4962963
11.1664 0.4962963
11.2035 0.4962963
11.2405 0.4962963
11.2776 0.4962963
11.3147 0.4962963
11.3481 0.4962963
11.3852 0.4962963
11.4223 0.4962963
11.4593 0.49840647
11.4964 0.4962963
11.5335 0.4962963
11.5706 0.4962963
11.6077 0.4962963
11.6448 0.4962963
11.6818 0.49999735623
11.7189 0.4962963
11.756 0.4962963
11.7931 0.4962963
11.8302 0.4962963
11.8673 0.4962963
11.9044 0.4962963
11.9414 0.4962963
11.9785 0.4962963
12.0156 0.499161891
12.0527 0.49944866
12.0898 0.4962963
12.1269 0.49737104
12.1639 0.4962963
12.201 0.4962963
12.2381 0.4962963
12.2752 0.4962963
12.3123 0.4962963
12.3494 0.499768277
12.3864 0.49687462
12.4235 0.4962963
12.4606 0.4962963
12.4977 0.4962963
12.5348 0.4962963
12.5719 0.499074805
12.609 0.4962963
12.646 0.4962963
12.6831 0.4962963
12.7165 0.4962963
12.7536 0.49999603697
12.787 0.4962963
12.824 0.4962963
12.8611 0.4962963
12.8982 0.4962963
12.9353 0.49896007
12.9724 0.499999089505
13.0095 0.4962963
13.0465 0.4962963
13.0836 0.49761386
13.1207 0.4962963
13.1578 0.4999548193
13.1949 0.4962963
13.232 0.4962963
13.2691 0.4962963
13.3061 0.4962963
13.3432 0.4962963
13.3803 0.4962963
13.4174 0.4962963
13.4545 0.4962963
13.4916 0.4962963
13.5286 0.499388578
13.5657 0.498672
13.6028 0.4962963
13.6399 0.4962963
13.677 0.499102803
13.7141 0.5
13.7511 0.4962963
13.7882 0.4962963
13.8253 0.4962963
13.8624 0.49998082
13.8995 0.4962963
13.9366 0.4999220864
13.9737 0.4962963
14.0107 0.4962963
14.0478 0.4962963
14.0849 0.4962963
14.122 0.4962963
14.1591 0.4999583696
14.1962 0.4962963
14.2295 0.5
14.2666 0.49999830992
14.3037 0.49999638606
14.3408 0.4962963
14.3779 0.4962963
14.415 0.4962963
14.452 0.4962963
14.4891 0.4962963
14.5262 0.4962963
14.5633 0.499245944
14.6004 0.499368883
14.6375 0.4962963
14.6745 0.4962963
14.7116 0.4962963
14.7487 0.499529385
14.7858 0.499529385
14.8229 0.5
14.86 0.4962963
14.8971 0.4962963
14.9341 0.4962963
14.9675 0.4962963
15.0046 0.4962963
15.0417 0.4962963
15.0788 0.4962963
15.1158 0.49878642
15.1529 0.499892538
15.19 0.4962963
15.2271 0.5
15.2642 0.4962963
15.3013 0.4962963
15.3384 0.4962963
15.3754 0.4962963
15.4125 0.5
15.4496 0.4962963
15.4867 0.4962963
15.5238 0.4962963
15.5609 0.4962963
15.5979 0.4962963
15.635 0.4962963
15.6721 0.4962963
15.7092 0.4999333501
15.7463 0.4962963
15.7834 0.499898624
15.8204 0.4962963
15.8575 0.4962963
15.8946 0.4962963
15.9317 0.4962963
15.9688 0.4962963
16.0059 0.4962963
16.043 0.4962963
16.08 0.499132997
16.1171 0.49999713523
16.1542 0.499766414
16.1913 0.4962963
16.2247 0.5
16.2618 0.4962963
16.2988 0.4962963
16.3359 0.499496924
16.373 0.4962963
16.4101 0.4962963
16.4472 0.5
16.4843 0.499852173
16.5213 0.4962963
16.5584 0.499072602
16.5955 0.4962963
16.6326 0.5
16.6697 0.4962963
16.7068 0.4962963
16.7438 0.49937006
16.7809 0.4962963
16.818 0.4962963
16.8551 0.4962963
16.8922 0.4962963
16.9293 0.4962963
16.9664 0.4962963
17.0034 0.4962963
17.0405 0.4962963
17.0776 0.499472126
17.1147 0.4962963
17.1518 0.4962963
17.1889 0.4962963
17.2259 0.4962963
17.263 0.4962963
17.3001 0.4962963
17.3372 0.4962963
17.3743 0.4962963
17.4114 0.499782771
17.4484 0.5
17.4855 0.4962963
17.5226 0.4999999696035
17.5597 0.4962963
17.5968 0.49800024
17.6339 0.4962963
17.6672 0.499379068
17.7043 0.4962963
17.7414 0.499248728
17.7785 0.4962963
17.8156 0.4999636064
17.8527 0.4962963
17.8897 0.499416056
17.9268 0.499669657
17.9639 0.4962963
18.001 0.4962963
18.0381 0.4962963
18.0752 0.5
18.1123 0.4962963
18.1493 0.4962963
18.1864 0.4962963
18.2235 0.499975228
18.2606 0.4962963
18.2977 0.4962963
18.3348 0.4962963
18.3718 0.4962963
18.4089 0.49745528
18.446 0.4962963
18.4831 0.4962963
18.5202 0.4962963
18.5573 0.4962963
18.5944 0.5
18.6314 0.4962963
18.6685 0.49999477966
18.7056 0.4962963
18.7427 0.4999980543
18.7798 0.4962963
18.8169 0.4962963
18.8539 0.4962963
18.891 0.49689056
18.9281 0.4962963
18.9652 0.499856402
19.0023 0.4999878054
19.0394 0.499402755
19.0727 0.49886526
19.1098 0.4962963
19.1469 0.4962963
19.184 0.4962963
