0.0336825 1.3866217258883253
0.0707664 1.421268108581436
0.107851 1.4371330335096997
0.144935 1.4397254661791594
0.182019 1.4163927094474151
0.219103 1.3368447368421057
0.256188 1.3767634300341292
0.293272 1.3020912845528456
0.330356 1.3529558908507227
0.367441 1.260698880248833
0.404525 1.297221495468278
0.441609 1.3136513827993253
0.478693 1.2836279256965946
0.515778 1.2977364285714295
0.549154 1.305770663580247
0.586237 1.2991142812983
0.623322 1.3267636349924583
0.660406 1.2584358256880739
0.69749 1.2089518922852989
0.734575 1.2146440866873056
0.771659 1.2746299999999997
0.808743 1.2367084779299842
0.845827 1.2406608030303024
0.882912 1.3313989970930233
0.919996 1.3464291629297462
0.95708 1.4620268554396425
0.994164 1.4441547318611994
1.03125 1.5280084766214177
1.06833 1.5434070771513357
1.10542 1.5129134250764533
1.1425 1.4870280769230768
1.17959 1.5596839453717748
1.21667 1.6105845966514463
1.25375 1.6202596275071635
1.29084 1.563079061102831
1.32792 1.6036305270863842
1.36501 1.5809188386123685
1.40209 1.549628307030129
1.43918 1.579591797101449
1.47626 1.5987820877458394
1.51334 1.5811593692307686
1.55043 1.5413334049079745
1.58751 1.5552264337700143
1.6246 1.554592286541245
1.66168 1.5526911299435033
1.69877 1.593552642045454
1.73585 1.5990376030534348
1.77293 1.5311775963020025
1.81002 1.510276116352201
1.8471 1.514838461538461
1.88419 1.460871544227885
1.92127 1.4861084580152673
1.95836 1.4913397085889573
1.99544 1.4915385007496251
2.03252 1.439607033132531
2.06961 1.4759829552238806
2.10298 1.3655247938931296
2.14007 1.391382979651163
2.17715 1.352755007363771
2.21424 1.3279108260869563
2.25132 1.3055906034482758
2.2884 1.3169754761904766
2.32549 1.3338558503401368
2.36257 1.3255955779569897
2.39966 1.3999619345238088
2.43674 1.4478196778711476
2.47383 1.404113786407767
2.51091 1.4236471572871574
2.54799 1.4864751173020538
2.58508 1.5148810062893077
2.62216 1.481998362831857
2.65925 1.5173473631123926
2.69633 1.5467203453237408
2.73342 1.530359093701997
2.7705 1.5745776167471828
2.80758 1.587365824345146
2.84467 1.5950354843517145
2.88175 1.6058732631578954
2.91884 1.6242801895043728
2.95592 1.6320731432748543
2.99301 1.6255449853372435
3.03009 1.5831981195335274
3.06717 1.6231327971014489
3.10426 1.5971658418740846
3.14134 1.6692084165477903
3.17843 1.6194096592592588
3.2118 1.6571974486803525
3.21551 1.6439432075471698
3.24889 1.5597209537166892
3.2526 1.595547808823527
3.28597 1.6299172413793102
3.28968 1.6184471644042242
3.32306 1.646234849785409
3.32676 1.5899674112426032
3.36014 1.6375654160583943
3.36385 1.6362644687045123
3.39722 1.6208536225266368
3.40093 1.6278818965517239
3.43431 1.5831995398773016
3.43802 1.6000220810055863
3.47139 1.6140998118668586
3.4751 1.5639755960729307
3.50848 1.5312576520509191
3.51219 1.5427702118003026
3.54556 1.5417989754689758
3.54927 1.5333432339791369
3.58265 1.5423320086083212
3.58635 1.4632298571428581
3.61973 1.5370368934911234
3.65681 1.4555098664688426
3.6939 1.4555098664688426
3.73098 1.4338970178041555
3.76807 1.4477228380386329
3.80515 1.4566043892045464
3.84224 1.4778679228486666
3.87932 1.5114260641399415
3.9164 1.4300707094133713
3.95349 1.4160120891364887
3.99057 1.4683515514993486
4.02766 1.4416558701657456
4.06103 1.4545810085227258
4.09812 1.4643152535211277
4.1352 1.4920282944606411
4.17228 1.5296503244005644
4.20937 1.519318991477273
4.24645 1.4784999717114564
4.28354 1.4826603739612203
4.32062 1.5388101304347828
4.32433 1.5388101304347828
4.35771 1.5440369845722293
4.39479 1.5529609629629624
4.43187 1.5918857824143053
4.46896 1.5868008208955224
4.50604 1.6388344255319165
4.54313 1.6575855555555545
4.58021 1.7012403977272728
4.6173 1.6127758743169398
4.65438 1.7112004776119392
4.69146 1.667146377025035
4.72855 1.6309344475524483
4.76563 1.6552480860534118
4.80272 1.5811195397489533
4.8398 1.5679605006954107
4.87689 1.5752057122093035
4.91397 1.5633285358711566
4.95105 1.5974781487101675
4.98814 1.6056958615611192
5.02522 1.5447081831395337
5.06231 1.6496847460087096
5.09939 1.625027607726599
5.13648 1.6218930735930748
5.17356 1.6543508213256501
5.21064 1.5451904148783981
5.24773 1.6010749059334284
5.28481 1.5002210315186222
5.3219 1.5280831168831153
5.35898 1.5147882564841506
5.39607 1.4637216220028186
5.43315 1.4312136118598389
5.47023 1.4435424034334758
5.50732 1.4168084425036405
5.5444 1.3796407242339832
5.58149 1.4114356927297678
5.61486 1.4160097860199716
5.65195 1.4739914092953512
5.68903 1.4363421681415929
5.72612 1.5331614705882348
5.7632 1.4564095433789959
5.80028 1.4691207040229877
5.83737 1.59332040221914
5.87445 1.5043363306451631
5.91154 1.6032945116918835
5.94862 1.5885884733893576
5.98571 1.6439337127371267
6.02279 1.6405433525179873
6.05987 1.630494578804349
6.09696 1.617632697547684
6.13404 1.590704494875549
6.17113 1.569661714285715
6.20821 1.609527831978319
6.2453 1.584392389758177
6.28238 1.650478343108503
6.31946 1.670817917261056
6.35655 1.686925674891146
6.39363 1.6754707862068976
6.43072 1.7254865379494007
6.4678 1.6970045850340156
6.50488 1.648524393305438
6.54197 1.6469925135135135
6.57905 1.6425424413793106
6.61614 1.6400998554913304
6.65322 1.6329134265734258
6.69031 1.5782836182336162
6.72739 1.579648290598291
6.76447 1.5738724238026123
6.80156 1.54776329479769
6.83864 1.5333120689655182
6.87202 1.52592543103448
6.9091 1.5638394618834077
6.94619 1.4948345254470432
6.98327 1.5080642276422775
7.02036 1.4983701534170173
7.05744 1.4559065997130531
7.09452 1.490067559943581
7.13161 1.459087965616046
7.16869 1.463379945054946
7.20578 1.534813024602025
7.24286 1.5467926512968297
7.27995 1.427522492836676
7.31703 1.4614485632183936
7.35411 1.508304405286344
7.3912 1.508304405286344
7.42828 1.5116695774647901
7.46537 1.5041067335243543
7.53954 1.5862242962962956
7.57662 1.5731972582972595
7.6137 1.6569758518518523
7.65079 1.6739335724533717
7.68787 1.675682697547682
7.72496 1.6802407894736842
7.76204 1.6424611570247958
7.79913 1.675115384615383
7.83621 1.655206153846155
7.87329 1.6473118046132988
7.91038 1.6760091038406841
7.94746 1.6311575182481732
7.98455 1.6303548965517258
8.02163 1.5678534458509148
8.05872 1.5922848011363655
8.0958 1.4985785318559568
8.13288 1.5649577622377642
8.16997 1.5413366032210831
8.20705 1.5966256598240474
8.24414 1.5469724743777444
8.28122 1.647322370370368
8.31831 1.6520205206738119
8.35539 1.6314543018335677
8.39247 1.6663341359773352
8.42585 1.6389208563535913
8.46293 1.5652184732824406
8.50002 1.6261442090395466
8.5371 1.51783950437318
8.57419 1.5213659375000006
8.61127 1.5275097674418632
8.64835 1.513621176470588
8.68544 1.4671456456456458
8.72252 1.4120824460431631
8.75961 1.4044308804204988
8.79669 1.4030938584779715
8.83378 1.4356033426183856
8.87086 1.46352008253095
8.90794 1.4418378742514975
8.94503 1.528844507042253
8.98211 1.4864763157894725
9.0192 1.560501402524542
9.05628 1.5726617266187048
9.09337 1.6162365122615778
9.13045 1.6584297335203377
9.16753 1.6501933242506812
9.20462 1.6033642265193357
9.2417 1.63289870503597
9.27879 1.6035248236953432
9.31587 1.61665985815603
9.35296 1.5776188202247194
9.39004 1.533371896316508
9.42712 1.5446619640387294
9.46421 1.6024176240208874
9.50129 1.616108079470198
9.53838 1.6084941734417324
9.57546 1.6559504660452724
9.61255 1.6987844537815135
9.64963 1.6452012693935103
9.68671 1.6469642857142848
9.7238 1.6474313019390596
9.76088 1.7475426430517729
9.79797 1.5874821879382885
9.83505 1.587997277936962
9.87214 1.5376875000000005
9.90551 1.532360641399416
9.9426 1.5524368852459016
9.97968 1.5006582880434802
10.0168 1.4623491735537204
10.0538 1.4643572222222208
10.0909 1.4365494934876981
10.128 1.4597500000000032
10.1651 1.4149360058309064
10.2022 1.4902395382395408
10.2393 1.4765773826458055
10.2764 1.3744097357440914
10.3134 1.5244487908961588
10.3505 1.5248210970464129
10.3876 1.5754867332382307
10.4247 1.5712391666666665
10.4618 1.575403021978019
10.4989 1.6026622998544386
10.5359 1.574559248120302
10.573 1.5964252615844519
10.6101 1.5223807407407381
10.6472 1.4943851370851355
10.6843 1.510142496285292
10.7214 1.5586643994211258
10.7584 1.5297314560439546
10.7955 1.5504038011695886
10.8326 1.6296240579710162
10.8697 1.6049423410404628
10.9068 1.6867350364963531
10.9439 1.7043476327116203
10.981 1.6595424364123161
11.018 1.7198600000000006
11.0551 1.707159418282549
11.0922 1.707159418282549
11.1293 1.5829192196531778
11.1664 1.6328141456582639
11.2035 1.5276037433155079
11.2405 1.5506642384105955
11.2776 1.5294004109589032
11.3147 1.4683502777777768
11.3481 1.4638524271844666
11.3852 1.4684081118881096
11.4223 1.49266132596685
11.4593 1.507355954088954
11.4964 1.5504489736070397
11.5335 1.4931340876944823
11.5706 1.55536954022989
11.6077 1.5862296718972928
11.6448 1.5448143053645111
11.6818 1.5838210013908203
11.7189 1.5463323450134752
11.756 1.5766270042194108
11.7931 1.5469618791946331
11.8302 1.5476969780219818
11.8673 1.4650414464534087
11.9044 1.4094452506596298
11.9414 1.4040191056910594
11.9785 1.399564413793101
12.0156 1.4215706447187948
12.0527 1.3984593705293271
12.0898 1.4822080622347933
12.1269 1.4406726884779495
12.1639 1.4864881780250343
12.201 1.5351005698005693
12.2381 1.549764043419266
12.2752 1.5587531556802254
12.3123 1.629694605809128
12.3494 1.6154542657342645
12.3864 1.6812264383561661
12.4235 1.5968824516129025
12.4606 1.586622884882111
12.4977 1.5433350756533706
12.5348 1.550638210227273
12.5719 1.5177907670454545
12.609 1.4582908440629474
12.646 1.4533451568894975
12.6831 1.4889151432469312
12.7165 1.4039018492176396
12.7536 1.4457260458839407
12.787 1.4861608504398838
12.824 1.4694233103448262
12.8611 1.5408611842105273
12.8982 1.5991091530054646
12.9353 1.5822547814207653
12.9724 1.5823590361445774
13.0095 1.614719584954603
13.0465 1.574150874831762
13.0836 1.5944962059620593
13.1207 1.4763069199457277
13.1578 1.4943918367346924
13.1949 1.4205129321382834
13.232 1.3891248626373631
13.2691 1.3861861454046647
13.3061 1.353034143049932
13.3432 1.368396068152034
13.3803 1.4012690277777757
13.4174 1.3365273809523792
13.4545 1.4231777777777772
13.4916 1.4517005376344088
13.5286 1.4379289575289569
13.5657 1.4146078534031403
13.6028 1.5514307795698947
13.6399 1.5399841897233202
13.677 1.5489900645161292
13.7141 1.5361644993498054
13.7511 1.5802492577597853
13.7882 1.5818724274406364
13.8253 1.5257643524699596
13.8624 1.4688071718538538
13.8995 1.4388899244332478
13.9366 1.3521827404479616
13.9737 1.4256898348157598
14.0107 1.366471767810026
14.0478 1.4071393139841675
14.0849 1.468862272089762
14.122 1.490977253814144
14.1591 1.540014917127074
14.1962 1.6681712141882699
14.2295 1.5746128369704806
14.2666 1.5682656458055924
14.3037 1.5957501285347035
14.3408 1.6317930327868844
14.3779 1.5976251282051273
14.415 1.537674864864865
14.452 1.5316269541778986
14.4891 1.4049159533073912
14.5262 1.4261685863874334
14.5633 1.4288179687499962
14.6004 1.374565359477124
14.6375 1.3594685421994868
14.6745 1.426425274725279
14.7116 1.3456464043419274
14.7487 1.373304467805518
14.7858 1.373304467805518
14.8229 1.4075230874316915
14.86 1.4431567493112958
14.8971 1.4584444145356663
14.9341 1.5653747035573105
14.9675 1.4986287878787863
15.0046 1.5379947103274532
15.0417 1.5273520974289596
15.0788 1.5712474285714322
15.1158 1.6144570855614973
15.1529 1.5195331938633174
15.19 1.475587182741119
15.2271 1.4310686716791956
15.2642 1.4322897333333344
15.3013 1.4306837398373986
15.3384 1.4306920438957462
15.3754 1.423228176795579
15.4125 1.438603805774278
15.4496 1.5178731468531446
15.4867 1.5782040816326557
15.5238 1.5212874015747992
15.5609 1.5593620236530867
15.5979 1.5792966408268754
15.635 1.5588928664072625
15.6721 1.5992474308300402
15.7092 1.6286316062176134
15.7463 1.5356682704811497
15.7834 1.5069979328165388
15.8204 1.534059248554911
15.8575 1.473522696010999
15.8946 1.427538010899184
15.9317 1.4303230566534921
15.9688 1.465378108808288
16.0059 1.4533482142857181
16.043 1.43634945054945
16.08 1.4170881642512043
16.1171 1.5310267096774197
16.1542 1.4834537450722713
16.1913 1.4639208333333364
16.2247 1.501814168937333
16.2618 1.525490463576162
16.2988 1.482826025459694
16.3359 1.4692852825229963
16.373 1.5120361971831002
16.4101 1.4987906942392897
16.4472 1.5529253012048265
16.4843 1.5147638964577652
16.5213 1.4493927792915535
16.5584 1.4149159800249684
16.5955 1.4192185620915012
16.6326 1.4011033419023136
16.6697 1.4478208108108142
16.7068 1.5009233986928123
16.7438 1.484483311603654
16.7809 1.4908937420178816
16.818 1.511035869565216
16.8551 1.4648884308510652
16.8922 1.547722022160663
16.9293 1.4470273182957385
16.9664 1.5062492125984228
17.0034 1.5019510178117024
17.0405 1.488612566844921
17.0776 1.4502859580052458
17.1147 1.4894272258064518
17.1518 1.5338172808132136
17.1889 1.4947180519480519
17.2259 1.5352522756827014
17.263 1.5836494609164404
17.3001 1.5606042912873868
17.3372 1.5412663225806398
17.3743 1.5151569053708442
17.4114 1.559207944514501
17.4484 1.4488764478764473
17.4855 1.507963745019918
17.5226 1.4481009345794362
17.5597 1.5288883443708663
17.5968 1.4701028795811553
17.6339 1.4384696117804587
17.6672 1.509239622641509
17.7043 1.492462698412698
17.7414 1.4466945945945966
17.7785 1.4521117268041266
17.8156 1.5599402614379088
17.8527 1.5186940761636123
17.8897 1.5707381401617297
17.9268 1.4863842377260994
17.9639 1.485658823529409
18.001 1.5313024291497968
18.0381 1.5510559945504099
18.0752 1.4925895861148177
18.1123 1.5498133419689104
18.1493 1.4181066319895947
18.1864 1.4340893004115252
18.2235 1.4246584954604415
18.2606 1.4749549789621277
18.2977 1.4545920106524655
18.3348 1.4903222377622356
18.3718 1.4455543596730323
18.4089 1.4836228802153428
18.446 1.549115994623655
18.4831 1.549115994623655
18.5202 1.570039672544084
18.5573 1.602907620320856
18.5944 1.6021140186915908
18.6314 1.565967817679553
18.6685 1.487521187584349
18.7056 1.51164428191489
18.7427 1.4384486310299849
18.7798 1.4672201570680627
18.8169 1.4546099870298264
18.8539 1.489196675531911
18.891 1.3966762562814026
18.9281 1.382555078124998
18.9652 1.4559845161290283
19.0023 1.4413021850899703
19.0394 1.488118571428572
19.0727 1.5230416449086235
19.1098 1.5852306597671415
19.1469 1.6061786179921782
19.184 1.5809447368421061
