0.0336825 0.9615817258883252
0.0707664 1.040008108581436
0.107851 1.1295530335097
0.144935 1.1718754661791597
0.182019 1.2170627094474153
0.219103 1.1947247368421055
0.256188 1.2980934300341294
0.293272 1.2461712845528452
0.330356 1.3529558908507227
0.367441 1.2774288802488334
0.404525 1.3210614954682782
0.441609 1.3425913827993257
0.478693 1.3126979256965945
0.515778 1.3227064285714292
0.549154 1.3242406635802468
0.586237 1.3105142812983002
0.623322 1.335673634992458
0.660406 1.2575358256880738
0.69749 1.207601892285299
0.734575 1.2043640866873058
0.771659 1.2609199999999996
0.808743 1.1957384779299844
0.845827 1.1843608030303026
0.882912 1.2524689970930232
0.919996 1.230279162929746
0.95708 1.2967868554396427
0.994164 1.2324647318611994
1.03125 1.2806484766214172
1.06833 1.261647077151336
1.10542 1.192353425076453
1.1425 1.1413680769230767
1.17959 1.1860339453717752
1.21667 1.2122645966514463
1.25375 1.2002296275071638
1.29084 1.1169390611028311
1.32792 1.1415905270863842
1.36501 1.1136188386123687
1.40209 1.0869983070301288
1.43918 1.1079417971014491
1.47626 1.132542087745839
1.51334 1.1268093692307684
1.55043 1.099033404907975
1.58751 1.1136064337700136
1.6246 1.1249222865412456
1.66168 1.1458011299435036
1.69877 1.1811526420454541
1.73585 1.1979976030534347
1.77293 1.1752175963020024
1.81002 1.1769961163522007
1.8471 1.2241884615384615
1.88419 1.2193315442278863
1.92127 1.2700084580152673
1.95836 1.326299708588957
1.99544 1.3607885007496252
2.03252 1.342737033132531
2.06961 1.4119129552238814
2.10298 1.3225047938931294
2.14007 1.3753929796511635
2.17715 1.3550050073637712
2.21424 1.3450608260869563
2.25132 1.325690603448276
2.2884 1.3463054761904765
2.32549 1.352005850340137
2.36257 1.3362955779569896
2.39966 1.390311934523809
2.43674 1.4160196778711471
2.47383 1.3474637864077676
2.51091 1.3326571572871568
2.54799 1.3616551173020541
2.58508 1.3575610062893073
2.62216 1.3090083628318574
2.65925 1.3125773631123927
2.69633 1.327920345323741
2.73342 1.2866990937019978
2.7705 1.307377616747183
2.80758 1.2977458243451467
2.84467 1.2828854843517146
2.88175 1.272663263157896
2.91884 1.2708901895043736
2.95592 1.2608631432748547
2.99301 1.2534349853372433
3.03009 1.1911581195335277
3.06717 1.2216127971014483
3.10426 1.2115358418740847
3.14134 1.28555841654779
3.17843 1.2281296592592588
3.2118 1.2718874486803529
3.21551 1.2584132075471697
3.24889 1.170270953716689
3.2526 1.2054278088235275
3.28597 1.242767241379311
3.28968 1.2306071644042245
3.32306 1.2616548497854083
3.32676 1.2051374112426032
3.36014 1.260415416058394
3.36385 1.2526544687045122
3.39722 1.2609736225266373
3.40093 1.2711918965517244
3.43431 1.252909539877301
3.43802 1.2728120810055872
3.47139 1.3296998118668588
3.4751 1.2821255960729303
3.50848 1.2897976520509191
3.51219 1.3039702118003023
3.54556 1.3376789754689762
3.54927 1.3309632339791362
3.58265 1.3704020086083224
3.58635 1.2895898571428575
3.61973 1.3860568934911228
3.65681 1.3227898664688418
3.6939 1.3227898664688418
3.73098 1.3446370178041551
3.76807 1.3789528380386322
3.80515 1.4068543892045469
3.84224 1.446467922848667
3.87932 1.4887160641399415
3.9164 1.417010709413371
3.95349 1.3932820891364885
3.99057 1.4417115514993473
4.02766 1.3915558701657451
4.06103 1.3804310085227254
4.09812 1.3741352535211275
4.1352 1.3812382944606423
4.17228 1.400410324400565
4.20937 1.3697889914772734
4.24645 1.3134699717114575
4.28354 1.29531037396122
4.32062 1.308040130434783
4.32433 1.308040130434783
4.35771 1.2880969845722294
4.39479 1.2690309629629626
4.43187 1.272725782414307
4.46896 1.2526708208955224
4.50604 1.2828144255319147
4.54313 1.2796755555555546
4.58021 1.3230803977272725
4.6173 1.2144358743169406
4.65438 1.3116504776119395
4.69146 1.2831863770250358
4.72855 1.2697344475524481
4.76563 1.3163180860534105
4.80272 1.2615495397489536
4.8398 1.252590500695412
4.87689 1.2795257122093027
4.91397 1.2566285358711564
4.95105 1.2827581487101671
4.98814 1.30605586156112
5.02522 1.2352981831395358
5.06231 1.3375547460087098
5.09939 1.326067607726598
5.13648 1.348123073593074
5.17356 1.401000821325649
5.21064 1.3215504148783985
5.24773 1.4123249059334295
5.28481 1.3465910315186242
5.3219 1.4080231168831165
5.35898 1.4234782564841506
5.39607 1.3938616220028202
5.43315 1.3866636118598397
5.47023 1.4047924034334756
5.50732 1.394278442503639
5.5444 1.3611507242339833
5.58149 1.3999056927297673
5.61486 1.4010197860199707
5.65195 1.4569414092953519
5.68903 1.4093421681415936
5.72612 1.4767914705882355
5.7632 1.373329543378997
5.80028 1.3489407040229882
5.83737 1.42830040221914
5.87445 1.2989363306451622
5.91154 1.3652645116918851
5.94862 1.3245684733893572
5.98571 1.3612937127371278
6.02279 1.3439033525179855
6.05987 1.3157145788043483
6.09696 1.290802697547683
6.13404 1.2488644948755478
6.17113 1.2164217142857154
6.20821 1.247757831978321
6.2453 1.2173823897581784
6.28238 1.2597183431085028
6.31946 1.2701579172610558
6.35655 1.270235674891147
6.39363 1.2462707862068978
6.43072 1.2969665379494018
6.4678 1.2839245850340149
6.50488 1.2560343933054394
6.54197 1.2814625135135138
6.57905 1.3205724413793103
6.61614 1.3466998554913303
6.65322 1.3647134265734255
6.69031 1.3105836182336166
6.72739 1.3331482905982899
6.76447 1.355572423802613
6.80156 1.3555632947976903
6.83864 1.3824120689655182
6.87202 1.3899254310344809
6.9091 1.469539461883409
6.94619 1.4259345254470421
6.98327 1.4500642276422777
7.02036 1.4548701534170174
7.05744 1.4164065997130546
7.09452 1.4520675599435808
7.13161 1.4138879656160466
7.16869 1.4118799450549453
7.20578 1.4733130246020263
7.24286 1.47889265129683
7.27995 1.3484224928366757
7.31703 1.3590485632183924
7.35411 1.3928044052863449
7.3912 1.3928044052863449
7.42828 1.36076957746479
7.46537 1.3166067335243525
7.53954 1.335724296296295
7.57662 1.3045972582972585
7.6137 1.360175851851853
7.65079 1.3500335724533716
7.68787 1.3367826975476813
7.72496 1.3235407894736841
7.76204 1.2799611570247968
7.79913 1.2903153846153828
7.83621 1.2773061538461548
7.87329 1.2623118046132973
7.91038 1.2978091038406845
7.94746 1.2757575182481737
7.98455 1.326954896551726
8.02163 1.2990534458509142
8.05872 1.3271848011363652
8.0958 1.245478531855957
8.13288 1.3031577622377633
8.16997 1.275836603221082
8.20705 1.3366256598240476
8.24414 1.2802724743777443
8.28122 1.3555223703703696
8.31831 1.3558205206738112
8.35539 1.371354301833568
8.39247 1.4134341359773348
8.42585 1.400820856353592
8.46293 1.3476184732824414
8.50002 1.4397442090395458
8.5371 1.3721395043731786
8.57419 1.3989659374999999
8.61127 1.436109767441863
8.64835 1.4447211764705887
8.68544 1.3996456456456468
8.72252 1.3562824460431635
8.75961 1.3541308804204988
8.79669 1.353793858477971
8.83378 1.3886033426183868
8.87086 1.4164200825309496
8.90794 1.3946378742514973
8.94503 1.4519445070422528
8.98211 1.379976315789472
9.0192 1.4239014025245424
9.05628 1.3920617266187048
9.09337 1.4009365122615787
9.13045 1.4109297335203372
9.16753 1.372893324250681
9.20462 1.3027642265193364
9.2417 1.3207987050359709
9.27879 1.2978248236953451
9.31587 1.3128598581560293
9.35296 1.2830188202247204
9.39004 1.2225718963165075
9.42712 1.24106196403873
9.46421 1.2762176240208873
9.50129 1.2856080794701992
9.53838 1.2448941734417325
9.57546 1.2819504660452736
9.61255 1.3066844537815143
9.64963 1.2378012693935094
9.68671 1.2397642857142852
9.7238 1.2630313019390602
9.76088 1.3842426430517722
9.79797 1.2607821879382897
9.83505 1.326997277936961
9.87214 1.3276874999999997
9.90551 1.3481606413994172
9.9426 1.3905368852459006
9.97968 1.36355828804348
10.0168 1.3346491735537214
10.0538 1.3572572222222217
10.0909 1.3387494934876987
10.128 1.368050000000002
10.1651 1.3524360058309064
10.2022 1.4359395382395395
10.2393 1.4278773826458053
10.2764 1.3065097357440916
10.3134 1.4460487908961586
10.3505 1.423821097046412
10.3876 1.453786733238232
10.4247 1.4168391666666675
10.4618 1.3955030219780191
10.4989 1.4057622998544392
10.5359 1.3642592481203017
10.573 1.386325261584453
10.6101 1.3113807407407396
10.6472 1.2777851370851359
10.6843 1.279942496285292
10.7214 1.3211643994211268
10.7584 1.263831456043956
10.7955 1.2658038011695893
10.8326 1.3191240579710168
10.8697 1.263442341040463
10.9068 1.3361350364963531
10.9439 1.3347476327116201
10.981 1.287942436412317
11.018 1.3467600000000015
11.0551 1.3422594182825502
11.0922 1.3422594182825502
11.1293 1.285119219653179
11.1664 1.3937141456582616
11.2035 1.3180037433155078
11.2405 1.3669642384105956
11.2776 1.3562004109589019
11.3147 1.3160502777777765
11.3481 1.3045524271844684
11.3852 1.3110081118881105
11.4223 1.3341613259668499
11.4593 1.3387559540889526
11.4964 1.3900489736070405
11.5335 1.3496340876944828
11.5706 1.3953695402298898
11.6077 1.4020296718972922
11.6448 1.3582143053645126
11.6818 1.3883210013908212
11.7189 1.350832345013476
11.756 1.38952700421941
11.7931 1.3672618791946327
11.8302 1.3827969780219789
11.8673 1.3130414464534077
11.9044 1.2715452506596279
11.9414 1.265419105691059
11.9785 1.2550644137931002
12.0156 1.2895706447187933
12.0527 1.252159370529327
12.0898 1.3195080622347923
12.1269 1.2646726884779511
12.1639 1.287588178025036
12.201 1.3162005698005714
12.2381 1.3003640434192683
12.2752 1.2872531556802258
12.3123 1.3457946058091288
12.3494 1.3194542657342652
12.3864 1.3759264383561636
12.4235 1.2788824516129047
12.4606 1.296322884882109
12.4977 1.2970350756533726
12.5348 1.3423382102272718
12.5719 1.3342907670454522
12.609 1.279290844062949
12.646 1.2679451568894962
12.6831 1.303015143246931
12.7165 1.211001849217638
12.7536 1.2392260458839388
12.787 1.262360850439883
12.824 1.2113233103448273
12.8611 1.2740611842105274
12.8982 1.346309153005464
12.9353 1.3183547814207657
12.9724 1.301159036144579
13.0095 1.3393195849546053
13.0465 1.3070508748317629
13.0836 1.3582962059620591
13.1207 1.287606919945727
13.1578 1.340591836734692
13.1949 1.2930129321382822
13.232 1.2758248626373607
13.2691 1.2749861454046645
13.3061 1.2484341430499306
13.3432 1.2607960681520325
13.3803 1.2949690277777748
13.4174 1.2199273809523774
13.4545 1.3029777777777767
13.4916 1.321400537634407
13.5286 1.2984289575289587
13.5657 1.2459078534031427
13.6028 1.3441307795698947
13.6399 1.3085841897233195
13.677 1.2999900645161269
13.7141 1.2812644993498061
13.7511 1.3119492577597853
13.7882 1.316772427440636
13.8253 1.2864643524699595
13.8624 1.2600071718538537
13.8995 1.2518899244332466
13.9366 1.16998274044796
13.9737 1.2423898348157572
14.0107 1.1795717678100246
14.0478 1.178639313984167
14.0849 1.2520622720897592
14.122 1.2394772538141474
14.1591 1.2602149171270725
14.1962 1.3802712141882694
14.2295 1.2760128369704802
14.2666 1.2668656458055914
14.3037 1.2982501285347041
14.3408 1.3355930327868855
14.3779 1.3133251282051255
14.415 1.2827748648648623
14.452 1.3088269541778992
14.4891 1.2161159533073942
14.5262 1.2582685863874339
14.5633 1.2874179687499954
14.6004 1.2456653594771225
14.6375 1.2324685421994879
14.6745 1.306425274725278
14.7116 1.228246404341924
14.7487 1.2551044678055199
14.7858 1.2551044678055199
14.8229 1.2562230874316924
14.86 1.2604567493112953
14.8971 1.2620444145356657
14.9341 1.3538747035573095
14.9675 1.2770287878787876
15.0046 1.3090947103274537
15.0417 1.297852097428958
15.0788 1.355247428571431
15.1158 1.4013570855614965
15.1529 1.3175331938633157
15.19 1.3028871827411166
15.2271 1.2800686716791958
15.2642 1.2838897333333357
15.3013 1.2728837398374004
15.3384 1.2524920438957459
15.3754 1.2097281767955756
15.4125 1.2132038057742776
15.4496 1.2641731468531425
15.4867 1.3325040816326563
15.5238 1.276387401574798
15.5609 1.3145620236530853
15.5979 1.3342966408268744
15.635 1.3125928664072646
15.6721 1.3435474308300392
15.7092 1.3660316062176143
15.7463 1.2760682704811472
15.7834 1.2574979328165412
15.8204 1.2978592485549107
15.8575 1.2424226960109976
15.8946 1.2083380108991868
15.9317 1.2355230566534914
15.9688 1.2627781088082877
16.0059 1.1935482142857161
16.043 1.2079494505494495
16.08 1.1940881642512053
16.1171 1.3192267096774195
16.1542 1.2638537450722716
16.1913 1.2452208333333346
16.2247 1.28511416893733
16.2618 1.302890463576162
16.2988 1.2585260254596946
16.3359 1.243085282522994
16.373 1.333336197183101
16.4101 1.3259906942392874
16.4472 1.3951253012048248
16.4843 1.3518638964577647
16.5213 1.2920927792915506
16.5584 1.2568159800249674
16.5955 1.2471185620915008
16.6326 1.2202033419023124
16.6697 1.2521208108108155
16.7068 1.297423398692814
16.7438 1.2791833116036528
16.7809 1.2907937420178826
16.818 1.3283358695652154
16.8551 1.2791884308510646
16.8922 1.3595220221606645
16.9293 1.2616273182957372
16.9664 1.3097492125984225
17.0034 1.2904510178117015
17.0405 1.2664125668449238
17.0776 1.223085958005246
17.1147 1.2488272258064512
17.1518 1.2870172808132132
17.1889 1.2468180519480505
17.2259 1.2775522756827051
17.263 1.3158494609164393
17.3001 1.2858042912873877
17.3372 1.277866322580639
17.3743 1.254556905370844
17.4114 1.3095079445145004
17.4484 1.2242764478764485
17.4855 1.3019637450199184
17.5226 1.2602009345794372
17.5597 1.3631883443708652
17.5968 1.3107028795811537
17.6339 1.2716696117804567
17.6672 1.3438396226415072
17.7043 1.328762698412696
17.7414 1.2612945945945953
17.7785 1.2595117268041243
17.8156 1.361440261437906
17.8527 1.3239940761636113
17.8897 1.3753381401617268
17.9268 1.2885842377260985
17.9639 1.2827588235294094
18.001 1.3316024291497968
18.0381 1.35585599455041
18.0752 1.2937895861148192
18.1123 1.352913341968911
18.1493 1.229806631989593
18.1864 1.248889300411527
18.2235 1.2413584954604424
18.2606 1.280754978962129
18.2977 1.2532920106524656
18.3348 1.2731222377622373
18.3718 1.2075543596730327
18.4089 1.235522880215342
18.446 1.2794159946236547
18.4831 1.2794159946236547
18.5202 1.300239672544084
18.5573 1.3363076203208557
18.5944 1.3308140186915907
18.6314 1.3157678176795535
18.6685 1.25392118758435
18.7056 1.3023442819148876
18.7427 1.2404486310299845
18.7798 1.2824201570680636
18.8169 1.2683099870298271
18.8539 1.3071966755319124
18.891 1.216176256281404
18.9281 1.1888550781249982
18.9652 1.255184516129031
19.0023 1.2301021850899687
19.0394 1.26641857142857
19.0727 1.3027416449086218
19.1098 1.34803065976714
19.1469 1.366478617992179
19.184 1.3424447368421042
