0.0336825 0.4250400000000001
0.0707664 0.38125999999999993
0.107851 0.30757999999999974
0.144935 0.2678499999999997
0.182019 0.19932999999999979
0.219103 0.14212000000000025
0.256188 0.0786699999999998
0.293272 0.055920000000000414
0.330356 0.0
0.367441 -0.016730000000000356
0.404525 -0.023840000000000305
0.441609 -0.02894000000000041
0.478693 -0.02906999999999993
0.515778 -0.024969999999999715
0.549154 -0.018469999999999764
0.586237 -0.011400000000000077
0.623322 -0.008909999999999751
0.660406 0.0009000000000001229
0.69749 0.0013499999999999623
0.734575 0.010279999999999845
0.771659 0.013710000000000111
0.808743 0.04096999999999973
0.845827 0.056299999999999795
0.882912 0.07893000000000017
0.919996 0.1161500000000002
0.95708 0.16523999999999983
0.994164 0.21168999999999993
1.03125 0.24736000000000047
1.06833 0.2817599999999998
1.10542 0.3205600000000004
1.1425 0.3456600000000001
1.17959 0.3736499999999996
1.21667 0.39832
1.25375 0.4200299999999997
1.29084 0.44613999999999976
1.32792 0.46204
1.36501 0.4672999999999998
1.40209 0.4626300000000003
1.43918 0.4716499999999999
1.47626 0.46624000000000043
1.51334 0.45435000000000025
1.55043 0.44229999999999947
1.58751 0.4416200000000008
1.6246 0.42966999999999933
1.66168 0.40688999999999975
1.69877 0.4123999999999999
1.73585 0.40104000000000006
1.77293 0.35596000000000005
1.81002 0.33328000000000024
1.8471 0.2906499999999994
1.88419 0.24153999999999876
1.92127 0.21609999999999996
1.95836 0.1650400000000003
1.99544 0.13074999999999992
2.03252 0.09687000000000001
2.06961 0.06406999999999918
2.10298 0.04302000000000028
2.14007 0.015989999999999505
2.17715 -0.0022500000000000853
2.21424 -0.01715
2.25132 -0.02010000000000023
2.2884 -0.029329999999999856
2.32549 -0.018150000000000333
2.36257 -0.010699999999999932
2.39966 0.009649999999999714
2.43674 0.031800000000000495
2.47383 0.05664999999999942
2.51091 0.09099000000000057
2.54799 0.12481999999999971
2.58508 0.15732000000000035
2.62216 0.17298999999999953
2.65925 0.2047699999999999
2.69633 0.21879999999999988
2.73342 0.24365999999999932
2.7705 0.2671999999999999
2.80758 0.2896199999999993
2.84467 0.3121499999999999
2.88175 0.33320999999999934
2.91884 0.3533899999999992
2.95592 0.3712099999999996
2.99301 0.37211000000000016
3.03009 0.3920399999999997
3.06717 0.40152000000000054
3.10426 0.3856299999999999
3.14134 0.38365000000000027
3.17843 0.39128000000000007
3.2118 0.3853099999999996
3.21551 0.38553000000000015
3.24889 0.3894500000000001
3.2526 0.3901199999999996
3.28597 0.3871499999999992
3.28968 0.38783999999999974
3.32306 0.3845800000000006
3.32676 0.38483
3.36014 0.3771500000000003
3.36385 0.38361
3.39722 0.35987999999999953
3.40093 0.3566899999999995
3.43431 0.33029000000000064
3.43802 0.3272099999999991
3.47139 0.28439999999999976
3.4751 0.2818500000000004
3.50848 0.24146
3.51219 0.23880000000000035
3.54556 0.20411999999999964
3.54927 0.20238000000000067
3.58265 0.1719299999999988
3.58635 0.17364000000000068
3.61973 0.15098000000000056
3.65681 0.13272000000000084
3.6939 0.13272000000000084
3.73098 0.08926000000000034
3.76807 0.06877000000000066
3.80515 0.04974999999999952
3.84224 0.03139999999999965
3.87932 0.022710000000000008
3.9164 0.013060000000000294
3.95349 0.02273000000000014
3.99057 0.02664000000000133
4.02766 0.05010000000000048
4.06103 0.07415000000000038
4.09812 0.09018000000000015
4.1352 0.11078999999999883
4.17228 0.12923999999999936
4.20937 0.1495299999999995
4.24645 0.1650299999999989
4.28354 0.18735000000000035
4.32062 0.2307699999999997
4.32433 0.2307699999999997
4.35771 0.25593999999999983
4.39479 0.2839299999999998
4.43187 0.31915999999999833
4.46896 0.33413000000000004
4.50604 0.3560200000000018
4.54313 0.37790999999999997
4.58021 0.3781600000000003
4.6173 0.39833999999999925
4.65438 0.3995499999999996
4.69146 0.3839599999999992
4.72855 0.3612000000000002
4.76563 0.3389300000000013
4.80272 0.3195699999999997
4.8398 0.3153699999999988
4.87689 0.29568000000000083
4.91397 0.3067000000000002
4.95105 0.31472000000000033
4.98814 0.29963999999999924
5.02522 0.30940999999999796
5.06231 0.3121299999999998
5.09939 0.298960000000001
5.13648 0.27377000000000073
5.17356 0.2533500000000011
5.21064 0.22363999999999962
5.24773 0.18874999999999886
5.28481 0.15362999999999793
5.3219 0.12005999999999872
5.35898 0.09131
5.39607 0.06985999999999848
5.43315 0.0445499999999992
5.47023 0.038750000000000284
5.50732 0.022530000000001493
5.5444 0.018489999999999895
5.58149 0.011530000000000484
5.61486 0.014990000000000947
5.65195 0.017049999999999343
5.68903 0.026999999999999247
5.72612 0.056369999999999365
5.7632 0.08307999999999893
5.80028 0.12017999999999951
5.83737 0.16502000000000017
5.87445 0.20540000000000092
5.91154 0.2380299999999984
5.94862 0.26402000000000037
5.98571 0.2826399999999989
6.02279 0.2966400000000018
6.05987 0.3147800000000007
6.09696 0.32683000000000106
6.13404 0.34184000000000125
6.17113 0.35323999999999955
6.20821 0.36176999999999815
6.2453 0.3670099999999987
6.28238 0.3907600000000002
6.31946 0.40066000000000024
6.35655 0.4166899999999991
6.39363 0.4291999999999998
6.43072 0.4285199999999989
6.4678 0.4130800000000008
6.50488 0.3924899999999987
6.54197 0.3655299999999997
6.57905 0.3219700000000003
6.61614 0.2934000000000001
6.65322 0.2682000000000002
6.69031 0.2676999999999996
6.72739 0.24650000000000105
6.76447 0.21829999999999927
6.80156 0.1921999999999997
6.83864 0.15090000000000003
6.87202 0.13599999999999923
6.9091 0.09429999999999872
6.94619 0.06890000000000107
6.98327 0.05799999999999983
7.02036 0.04349999999999987
7.05744 0.039499999999998536
7.09452 0.038000000000000256
7.13161 0.04519999999999946
7.16869 0.05150000000000077
7.20578 0.06149999999999878
7.24286 0.06789999999999985
7.27995 0.07910000000000039
7.31703 0.10240000000000116
7.35411 0.11549999999999905
7.3912 0.11549999999999905
7.42828 0.15090000000000003
7.46537 0.18750000000000178
7.53954 0.2505000000000006
7.57662 0.26860000000000106
7.6137 0.2967999999999993
7.65079 0.3239000000000001
7.68787 0.33890000000000065
7.72496 0.3567
7.76204 0.36249999999999893
7.79913 0.38480000000000025
7.83621 0.37790000000000035
7.87329 0.38500000000000156
7.91038 0.37819999999999965
7.94746 0.3553999999999995
7.98455 0.3033999999999999
8.02163 0.2688000000000006
8.05872 0.26510000000000034
8.0958 0.2530999999999999
8.13288 0.2618000000000009
8.16997 0.2655000000000012
8.20705 0.2599999999999998
8.24414 0.26670000000000016
8.28122 0.2917999999999985
8.31831 0.2962000000000007
8.35539 0.26009999999999955
8.39247 0.25290000000000035
8.42585 0.2380999999999993
8.46293 0.21759999999999913
8.50002 0.1864000000000008
8.5371 0.1457000000000015
8.57419 0.12240000000000073
8.61127 0.09140000000000015
8.64835 0.0688999999999993
8.68544 0.067499999999999
8.72252 0.05579999999999963
8.75961 0.05030000000000001
8.79669 0.049300000000000566
8.83378 0.04699999999999882
8.87086 0.047100000000000364
8.90794 0.04720000000000013
8.94503 0.07690000000000019
8.98211 0.10650000000000048
9.0192 0.1365999999999996
9.05628 0.1806000000000001
9.09337 0.21529999999999916
9.13045 0.2475000000000005
9.16753 0.2773000000000003
9.20462 0.3005999999999993
9.2417 0.31209999999999916
9.27879 0.3056999999999981
9.31587 0.30380000000000074
9.35296 0.2945999999999991
9.39004 0.3108000000000004
9.42712 0.3035999999999994
9.46421 0.32620000000000005
9.50129 0.3304999999999989
9.53838 0.3635999999999999
9.57546 0.3739999999999988
9.61255 0.3920999999999992
9.64963 0.4074000000000009
9.68671 0.40719999999999956
9.7238 0.3843999999999994
9.76088 0.3633000000000006
9.79797 0.3266999999999989
9.83505 0.261000000000001
9.87214 0.21000000000000085
9.90551 0.1841999999999988
9.9426 0.16190000000000104
9.97968 0.13710000000000022
10.0168 0.12769999999999904
10.0538 0.10709999999999908
10.0909 0.09779999999999944
10.128 0.09170000000000122
10.1651 0.0625
10.2022 0.05430000000000135
10.2393 0.04870000000000019
10.2764 0.06789999999999985
10.3134 0.07840000000000025
10.3505 0.10100000000000087
10.3876 0.12169999999999881
10.4247 0.15439999999999898
10.4618 0.17989999999999995
10.4989 0.1968999999999994
10.5359 0.21030000000000015
10.573 0.21009999999999884
10.6101 0.21099999999999852
10.6472 0.21659999999999968
10.6843 0.23019999999999996
10.7214 0.23749999999999893
10.7584 0.26589999999999847
10.7955 0.2845999999999993
10.8326 0.31049999999999933
10.8697 0.3414999999999999
10.9068 0.3506
10.9439 0.36960000000000015
10.981 0.37159999999999904
11.018 0.3730999999999991
11.0551 0.36489999999999867
11.0922 0.36489999999999867
11.1293 0.29779999999999873
11.1664 0.2391000000000023
11.2035 0.2096
11.2405 0.18369999999999997
11.2776 0.17320000000000135
11.3147 0.15230000000000032
11.3481 0.15929999999999822
11.3852 0.1573999999999991
11.4223 0.15850000000000009
11.4593 0.16860000000000142
11.4964 0.1603999999999992
11.5335 0.14349999999999952
11.5706 0.16000000000000014
11.6077 0.18420000000000059
11.6448 0.18659999999999854
11.6818 0.19549999999999912
11.7189 0.19549999999999912
11.756 0.18710000000000093
11.7931 0.17970000000000041
11.8302 0.16490000000000293
11.8673 0.15200000000000102
11.9044 0.1379000000000019
11.9414 0.13860000000000028
11.9785 0.14450000000000074
12.0156 0.13200000000000145
12.0527 0.1463000000000001
12.0898 0.16270000000000095
12.1269 0.17599999999999838
12.1639 0.1988999999999983
12.201 0.21889999999999787
12.2381 0.24939999999999785
12.2752 0.27149999999999963
12.3123 0.28389999999999915
12.3494 0.2959999999999994
12.3864 0.30530000000000257
12.4235 0.31799999999999784
12.4606 0.290300000000002
12.4977 0.24629999999999797
12.5348 0.20830000000000126
12.5719 0.18350000000000222
12.609 0.1789999999999985
12.646 0.18540000000000134
12.6831 0.18590000000000018
12.7165 0.19290000000000163
12.7536 0.2065000000000019
12.787 0.22380000000000067
12.824 0.2580999999999989
12.8611 0.2667999999999999
12.8982 0.2528000000000006
12.9353 0.2638999999999996
12.9724 0.28119999999999834
13.0095 0.27539999999999765
13.0465 0.2670999999999992
13.0836 0.2362000000000002
13.1207 0.18870000000000076
13.1578 0.15380000000000038
13.1949 0.12750000000000128
13.232 0.1133000000000024
13.2691 0.11120000000000019
13.3061 0.10460000000000136
13.3432 0.10760000000000147
13.3803 0.10630000000000095
13.4174 0.11660000000000181
13.4545 0.12020000000000053
13.4916 0.13030000000000186
13.5286 0.13949999999999818
13.5657 0.16869999999999763
13.6028 0.20730000000000004
13.6399 0.23140000000000072
13.677 0.24900000000000233
13.7141 0.25489999999999924
13.7511 0.2683
13.7882 0.26510000000000034
13.8253 0.23930000000000007
13.8624 0.2088000000000001
13.8995 0.18700000000000117
13.9366 0.1822000000000017
13.9737 0.18330000000000268
14.0107 0.1869000000000014
14.0478 0.22850000000000037
14.0849 0.21680000000000277
14.122 0.2514999999999965
14.1591 0.2798000000000016
14.1962 0.2879000000000005
14.2295 0.2986000000000004
14.2666 0.301400000000001
14.3037 0.29749999999999943
14.3408 0.2961999999999989
14.3779 0.2843000000000018
14.415 0.2549000000000028
14.452 0.22279999999999944
14.4891 0.18879999999999697
14.5262 0.1678999999999995
14.5633 0.14140000000000086
14.6004 0.12890000000000157
14.6375 0.1269999999999989
14.6745 0.120000000000001
14.7116 0.1174000000000035
14.7487 0.11819999999999808
14.7858 0.11819999999999808
14.8229 0.1512999999999991
14.86 0.18270000000000053
14.8971 0.19640000000000057
14.9341 0.2115000000000009
14.9675 0.2215999999999987
15.0046 0.22889999999999944
15.0417 0.2295000000000016
15.0788 0.21600000000000108
15.1158 0.21310000000000073
15.1529 0.20200000000000173
15.19 0.17270000000000252
15.2271 0.1509999999999998
15.2642 0.14839999999999876
15.3013 0.15779999999999816
15.3384 0.17820000000000036
15.3754 0.21350000000000335
15.4125 0.2254000000000005
15.4496 0.25370000000000203
15.4867 0.24569999999999936
15.5238 0.24490000000000123
15.5609 0.24480000000000146
15.5979 0.245000000000001
15.635 0.24629999999999797
15.6721 0.2557000000000009
15.7092 0.26259999999999906
15.7463 0.2596000000000025
15.7834 0.2494999999999976
15.8204 0.2362000000000002
15.8575 0.23110000000000142
15.8946 0.21919999999999717
15.9317 0.19480000000000075
15.9688 0.20260000000000034
16.0059 0.25980000000000203
16.043 0.2284000000000006
16.08 0.22299999999999898
16.1171 0.2118000000000002
16.1542 0.2195999999999998
16.1913 0.2187000000000019
16.2247 0.216700000000003
16.2618 0.2225999999999999
16.2988 0.2242999999999995
16.3359 0.22620000000000218
16.373 0.1786999999999992
16.4101 0.17280000000000229
16.4472 0.15780000000000172
16.4843 0.1629000000000005
16.5213 0.15730000000000288
16.5584 0.15810000000000102
16.5955 0.17210000000000036
16.6326 0.18090000000000117
16.6697 0.19569999999999865
16.7068 0.20349999999999824
16.7438 0.20530000000000115
16.7809 0.20009999999999906
16.818 0.18270000000000053
16.8551 0.18570000000000064
16.8922 0.18819999999999837
16.9293 0.18540000000000134
16.9664 0.19650000000000034
17.0034 0.2115000000000009
17.0405 0.2221999999999973
17.0776 0.22719999999999985
17.1147 0.2406000000000006
17.1518 0.24680000000000035
17.1889 0.24790000000000134
17.2259 0.25769999999999627
17.263 0.26780000000000115
17.3001 0.27479999999999905
17.3372 0.26340000000000074
17.3743 0.26060000000000016
17.4114 0.2497000000000007
17.4484 0.2245999999999988
17.4855 0.20599999999999952
17.5226 0.18789999999999907
17.5597 0.16570000000000107
17.5968 0.15940000000000154
17.6339 0.16680000000000206
17.6672 0.16540000000000177
17.7043 0.16370000000000218
17.7414 0.18540000000000134
17.7785 0.19260000000000232
17.8156 0.19850000000000279
17.8527 0.19470000000000098
17.8897 0.1954000000000029
17.9268 0.19780000000000086
17.9639 0.20289999999999964
18.001 0.1997
18.0381 0.19519999999999982
18.0752 0.19879999999999853
18.1123 0.1968999999999994
18.1493 0.1883000000000017
18.1864 0.18519999999999825
18.2235 0.18329999999999913
18.2606 0.1941999999999986
18.2977 0.2012999999999998
18.3348 0.21719999999999828
18.3718 0.23799999999999955
18.4089 0.24810000000000088
18.446 0.2697000000000003
18.4831 0.2697000000000003
18.5202 0.26980000000000004
18.5573 0.2666000000000004
18.5944 0.2713000000000001
18.6314 0.25019999999999953
18.6685 0.23359999999999914
18.7056 0.20930000000000248
18.7427 0.1980000000000004
18.7798 0.1847999999999992
18.8169 0.18629999999999924
18.8539 0.1819999999999986
18.891 0.18049999999999855
18.9281 0.19369999999999976
18.9652 0.20079999999999742
19.0023 0.2112000000000016
19.0394 0.221700000000002
19.0727 0.22030000000000172
19.1098 0.2372000000000014
19.1469 0.23969999999999914
19.184 0.23850000000000193
