t dt mgp.i mgp.nrelax mgpf.i mgpf.nrelax mgu.i mgu.nrelax grid->tn perf.t perf.speed npe
0 2e-05 0 0 0 0 0 0 1440377 0 0 1
2e-05 2e-05 1 4 0 0 0 0 239800 15.7037 15270.3 1
4e-05 2e-05 1 4 0 0 0 0 32754 16.2108 16813.1 1
6e-05 2e-05 1 4 0 0 0 0 4096 16.2701 17003.6 1
8e-05 2e-05 1 4 0 0 0 0 4096 16.2727 17252.6 1
0.0001 2e-05 1 4 0 0 0 0 4096 16.275 17501.8 1
0.00012 2e-05 1 4 0 0 0 0 4096 16.2781 17750.1 1
0.00014 2e-05 1 4 0 0 0 0 4096 16.2813 17998.2 1
0.00016 2e-05 1 4 0 0 0 0 4096 16.2838 18246.9 1
0.00018 2e-05 1 4 0 0 0 0 4096 16.2864 18495.5 1
0.0002 2e-05 1 4 0 0 0 0 4096 16.2887 18744.4 1
0.00022 2e-05 1 4 0 0 0 0 4096 16.2916 18992.5 1
0.00024 2e-05 1 4 0 0 0 0 4096 16.2956 19239.2 1
0.00026 2e-05 1 4 0 0 0 0 4096 16.2981 19487.5 1
0.00028 2e-05 1 4 0 0 0 0 4096 16.3025 19733.5 1
0.0003 2e-05 1 4 0 0 0 0 4096 16.3049 19981.8 1
0.00032 2e-05 1 4 0 0 0 0 4096 16.307 20230.4 1
0.00034 2e-05 1 4 0 0 0 0 4096 16.3099 20477.9 1
0.00036 2e-05 1 4 0 0 0 0 4264 16.3177 20729.5 1
0.00038 2e-05 1 4 0 0 0 0 4544 16.3366 20983.7 1
0.0004 2e-05 1 4 0 0 0 0 4544 16.35 21244.5 1
0.00042 2e-05 1 4 0 0 0 0 4600 16.3729 21495.6 1
0.00044 2e-05 1 4 0 0 0 0 4656 16.3939 21752.1 1
0.00046 2e-05 1 4 0 0 0 0 4712 16.4278 21994 1
0.00048 2e-05 1 4 0 0 0 0 4768 16.4807 22212.7 1
0.0005 2e-05 1 4 0 0 0 0 5636 16.5135 22510 1
0.00052 2e-05 1 4 0 0 0 0 5160 16.5755 22737.1 1
0.00054 2e-05 1 4 0 0 0 0 4992 16.607 22994.5 1
0.00056 2e-05 1 4 0 0 0 0 5104 16.6373 23259.4 1
0.00058 2e-05 1 4 0 0 0 0 6805 16.6835 23602.9 1
0.0006 2e-05 1 4 0 0 0 0 6553 16.7391 23916 1
0.00062 2e-05 1 4 0 0 0 0 7547 16.8045 24272.1 1
