20 0 -0.5 0.142831
20 0 -0.49 0.212477
20 0 -0.48 0.282123
20 0 -0.47 0.351768
20 0 -0.46 0.421414
20 0 -0.45 0.49106
20 0 -0.44 0.559685
20 0 -0.43 0.605563
20 0 -0.42 0.65144
20 0 -0.41 0.697318
20 0 -0.4 0.743196
20 0 -0.39 0.789074
20 0 -0.38 0.834952
20 0 -0.37 0.88083
20 0 -0.36 0.926155
20 0 -0.35 0.956328
20 0 -0.34 0.986501
20 0 -0.33 1.01667
20 0 -0.32 1.04685
20 0 -0.31 1.07702
20 0 -0.3 1.10719
20 0 -0.29 1.13737
20 0 -0.28 1.16726
20 0 -0.27 1.1871
20 0 -0.26 1.20694
20 0 -0.25 1.22678
20 0 -0.24 1.24663
20 0 -0.23 1.26647
20 0 -0.22 1.28631
20 0 -0.21 1.30615
20 0 -0.2 1.32584
20 0 -0.19 1.33772
20 0 -0.18 1.3496
20 0 -0.17 1.36149
20 0 -0.16 1.37337
20 0 -0.15 1.38525
20 0 -0.14 1.39713
20 0 -0.13 1.40901
20 0 -0.12 1.42082
20 0 -0.11 1.42639
20 0 -0.1 1.43196
20 0 -0.09 1.43753
20 0 -0.08 1.4431
20 0 -0.07 1.44867
20 0 -0.06 1.45424
20 0 -0.05 1.45981
20 0 -0.04 1.46536
20 0 -0.03 1.46512
20 0 -0.02 1.46488
20 0 -0.01 1.46464
20 0 0 1.46441
20 0 0.01 1.46417
20 0 0.02 1.46393
20 0 0.03 1.46369
20 0 0.04 1.46346
20 0 0.05 1.45747
20 0 0.06 1.45145
20 0 0.07 1.44544
20 0 0.08 1.43943
20 0 0.09 1.43341
20 0 0.1 1.4274
20 0 0.11 1.42138
20 0 0.12 1.41537
20 0 0.13 1.40315
20 0 0.14 1.39087
20 0 0.15 1.37858
20 0 0.16 1.36629
20 0 0.17 1.354
20 0 0.18 1.34171
20 0 0.19 1.32942
20 0 0.2 1.31713
20 0 0.21 1.29715
20 0 0.22 1.27701
20 0 0.23 1.25688
20 0 0.24 1.23675
20 0 0.25 1.21662
20 0 0.26 1.19648
20 0 0.27 1.17635
20 0 0.28 1.15622
20 0 0.29 1.12622
20 0 0.3 1.09593
20 0 0.31 1.06565
20 0 0.32 1.03537
20 0 0.33 1.00509
20 0 0.34 0.974808
20 0 0.35 0.944527
20 0 0.36 0.914245
20 0 0.37 0.869226
20 0 0.38 0.82367
20 0 0.39 0.778114
20 0 0.4 0.732558
20 0 0.41 0.687002
20 0 0.42 0.641446
20 0 0.43 0.59589
20 0 0.44 0.550334
20 0 0.45 0.482839
20 0 0.46 0.41436
20 0 0.47 0.34588
20 0 0.48 0.2774
20 0 0.49 0.20892
20 0 0.5 0.14044
