11 0 0 4.8699e-06 7.0011 0.146624 0 0.100001 0.466243 -9.54131e-07 
11 1028 0.01 9.73471e-06 7.0011 0.152705 -3.4343e-05 0.100038 0.527045 0.00149839 
11 2055 0.02 9.7371e-06 7.0011 0.148924 -3.8218e-05 0.100022 0.489235 0.00300947 
11 3082 0.03 9.7371e-06 7.0011 0.150355 -2.57967e-05 0.100037 0.503549 0.00449734 
11 4109 0.04 9.7371e-06 7.0011 0.152022 -4.8599e-05 0.100028 0.520221 0.00602206 
11 5136 0.05 9.7371e-06 7.0011 0.148309 3.13774e-05 0.100025 0.483091 0.00751884 
11 6163 0.06 9.7371e-06 7.0011 0.152811 9.78388e-06 0.100041 0.528105 0.00902077 
11 7190 0.07 9.7371e-06 7.0011 0.150066 -7.80087e-05 0.100036 0.500662 0.010544 
11 8217 0.08 9.7371e-06 7.0011 0.150064 -0.000262697 0.10003 0.500638 0.0120343 
11 9244 0.09 9.7371e-06 7.0011 0.152932 -0.00027595 0.100022 0.529316 0.0135576 
11 10271 0.1 9.7371e-06 7.0011 0.148721 -0.000166909 0.10002 0.487212 0.0150643 
11 11298 0.11 9.7371e-06 7.0011 0.152125 -0.000152916 0.100034 0.521254 0.0165622 
11 12325 0.12 9.7371e-06 7.0011 0.151434 -6.00308e-05 0.100032 0.514344 0.0180924 
11 13352 0.13 9.7371e-06 7.0011 0.149574 3.40901e-05 0.10003 0.495742 0.0195877 
11 14379 0.14 9.7371e-06 7.0011 0.154222 -4.52371e-05 0.100037 0.542224 0.0211076 
11 15406 0.15 9.7371e-06 7.0011 0.149512 -0.000176515 0.100028 0.495117 0.0226259 
11 16433 0.16 9.7371e-06 7.0011 0.151373 -0.000178373 0.100026 0.51373 0.0241225 
11 17460 0.17 9.7371e-06 7.0011 0.152358 -0.000151676 0.100037 0.523583 0.0256544 
11 18487 0.18 9.7371e-06 7.0011 0.148971 -0.000132319 0.100024 0.489712 0.0271545 
11 19514 0.19 9.7371e-06 7.0011 0.153465 -0.00013931 0.10003 0.534651 0.0286647 
11 20541 0.2 9.7371e-06 7.0011 0.149873 -0.000143336 0.100023 0.498731 0.0301882 
11 21568 0.21 9.7371e-06 7.0011 0.150607 -0.000789438 0.100038 0.50607 0.0316806 
11 22595 0.22 9.7371e-06 7.0011 0.152772 -0.000513396 0.100028 0.527721 0.0332068 
11 23622 0.23 9.7371e-06 7.0011 0.148857 -0.00025154 0.100036 0.488568 0.0347123 
11 24649 0.24 9.7371e-06 7.0011 0.152529 -0.000390611 0.10003 0.525287 0.0362141 
11 25676 0.25 9.7371e-06 7.0011 0.15081 -9.68028e-05 0.100032 0.5081 0.0377421 
11 26703 0.26 9.7371e-06 7.0011 0.149759 5.64874e-05 0.100028 0.497593 0.0392342 
11 27730 0.27 9.7371e-06 7.0011 0.153571 -0.000347676 0.100036 0.535715 0.0407555 
11 28757 0.28 9.7371e-06 7.0011 0.14909 -0.000106695 0.100033 0.490901 0.0422682 
11 29784 0.29 9.7371e-06 7.0011 0.151516 -0.000316357 0.100026 0.515159 0.043765 
11 30811 0.3 9.7371e-06 7.0011 0.151669 -0.000291366 0.10004 0.516694 0.0452941 
11 31838 0.31 9.7371e-06 7.0011 0.149026 -0.000260088 0.100031 0.490264 0.0467898 
11 32865 0.32 9.7371e-06 7.0011 0.153749 -0.00029671 0.100031 0.537486 0.048302 
11 33892 0.33 9.7371e-06 7.0011 0.149553 -0.000276648 0.100029 0.495532 0.0498222 
11 34919 0.34 9.7371e-06 7.0011 0.150571 -0.000552381 0.10004 0.505709 0.0513137 
11 35946 0.35 9.7371e-06 7.0011 0.152147 -0.000677898 0.100022 0.521471 0.0528386 
11 36973 0.36 9.7371e-06 7.0011 0.148245 -0.000540004 0.100027 0.482454 0.0543367 
11 38000 0.37 9.7371e-06 7.0011 0.152451 -0.000725283 0.100037 0.52451 0.0558355 
11 39027 0.38 9.7371e-06 7.0011 0.150196 -0.000426777 0.100035 0.501957 0.057359 
11 40054 0.39 9.7371e-06 7.0011 0.149663 -0.000896708 0.100029 0.496627 0.058848 
11 41081 0.4 9.7371e-06 7.0011 0.152749 -0.00113438 0.100032 0.527489 0.0603662 
11 42108 0.41 9.7371e-06 7.0011 0.148817 -0.000572248 0.100023 0.488168 0.0618724 
11 43135 0.42 9.7371e-06 7.0011 0.151511 -0.00101644 0.100035 0.515113 0.0633704 
11 44162 0.43 9.7371e-06 7.0011 0.151109 -0.00063748 0.100025 0.511094 0.0648957 
11 45189 0.44 9.7371e-06 7.0011 0.14902 -0.000713914 0.100028 0.4902 0.066388 
11 46216 0.45 9.7371e-06 7.0011 0.153527 -0.000976781 0.100038 0.535265 0.0678997 
11 47243 0.46 9.7371e-06 7.0011 0.149137 0.000100776 0.100024 0.491367 0.0694143 
11 48270 0.47 9.7371e-06 7.0011 0.150875 -0.000265586 0.100037 0.508749 0.0709069 
11 49297 0.48 9.7371e-06 7.0011 0.151854 -0.000729683 0.100033 0.518545 0.0724317 
11 50324 0.49 9.7371e-06 7.0011 0.148647 -0.000173227 0.100019 0.486469 0.0739283 
11 51351 0.5 9.7371e-06 7.0011 0.152657 -0.000769056 0.100031 0.526569 0.0754318 
11 52378 0.51 9.7371e-06 7.0011 0.149895 -0.000115699 0.100035 0.498952 0.0769531 
11 53405 0.52 9.7371e-06 7.0011 0.14982 -0.000725454 0.100042 0.498195 0.0784426 
11 54432 0.53 9.7371e-06 7.0011 0.152641 -0.00135344 0.100032 0.526406 0.0799625 
11 55459 0.54 9.7371e-06 7.0011 0.148509 -7.53459e-05 0.10002 0.485089 0.0814657 
11 56486 0.55 9.7371e-06 7.0011 0.151496 -0.000943226 0.10003 0.514965 0.0829606 
11 57513 0.56 9.7371e-06 7.0011 0.150611 -0.000515847 0.100031 0.506109 0.0844841 
11 58540 0.57 9.7371e-06 7.0011 0.148734 -0.000745864 0.100032 0.487342 0.0859726 
11 59567 0.58 9.7371e-06 7.0011 0.153091 -0.00145361 0.100038 0.530905 0.0874824 
11 60594 0.59 9.7371e-06 7.0011 0.148888 -6.28872e-05 0.100027 0.488882 0.0889935 
11 61621 0.6 9.7371e-06 7.0011 0.150603 -0.00105532 0.100039 0.506027 0.0904823 
11 62648 0.61 9.7371e-06 7.0011 0.15141 -0.00140502 0.100035 0.514096 0.092005 
11 63675 0.62 9.7371e-06 7.0011 0.14847 -0.00121734 0.10003 0.484705 0.0934985 
11 64702 0.63 9.7371e-06 7.0011 0.152345 -0.00191226 0.100038 0.523449 0.0949998 
11 65729 0.64 9.7371e-06 7.0011 0.14935 -0.000635056 0.100031 0.493502 0.0965156 
11 66756 0.65 9.7371e-06 7.0011 0.149287 -0.00182891 0.100037 0.492872 0.0980009 
11 67783 0.66 9.7371e-06 7.0011 0.152293 -0.00276014 0.100044 0.522929 0.0995161 
11 68810 0.67 9.7371e-06 7.0011 0.148354 -0.00104893 0.100024 0.483538 0.101015 
11 69837 0.68 9.7371e-06 7.0011 0.151175 -0.00238389 0.100042 0.511748 0.102507 
11 70864 0.69 9.7371e-06 7.0011 0.150119 -0.00164133 0.100035 0.501188 0.104025 
11 71891 0.7 9.7371e-06 7.0011 0.148805 -0.00221418 0.100041 0.488051 0.105513 
11 72918 0.71 9.7371e-06 7.0011 0.152325 -0.00325849 0.100045 0.523247 0.10702 
11 73945 0.72 9.7371e-06 7.0011 0.148945 -0.00122535 0.100037 0.489452 0.108528 
11 74972 0.73 9.7371e-06 7.0011 0.150429 -0.00306403 0.100042 0.504287 0.110019 
11 75999 0.74 9.7371e-06 7.0011 0.151207 -0.00279827 0.100037 0.512066 0.111538 
11 77026 0.75 9.7371e-06 7.0011 0.148997 -0.00218845 0.100035 0.489967 0.113033 
11 78053 0.76 9.7371e-06 7.0011 0.15182 -0.003555 0.10004 0.518202 0.114534 
11 79080 0.77 9.7371e-06 7.0011 0.149765 -0.0016024 0.100037 0.497647 0.11605 
11 80107 0.78 9.7371e-06 7.0011 0.149617 -0.00359779 0.100037 0.496172 0.117543 
11 81134 0.79 9.7371e-06 7.0011 0.152449 -0.00448275 0.100042 0.524488 0.119055 
11 82161 0.8 9.7371e-06 7.0011 0.149794 -0.00211425 0.100028 0.497939 0.12056 
11 83188 0.81 9.7371e-06 7.0011 0.151036 -0.00416036 0.100042 0.510363 0.122061 
11 84215 0.82 9.7371e-06 7.0011 0.150517 -0.00273443 0.100034 0.505169 0.123577 
11 85242 0.83 9.7371e-06 7.0011 0.150408 -0.00337786 0.100038 0.504084 0.125078 
11 86269 0.84 9.7371e-06 7.0011 0.152121 -0.00523736 0.100041 0.521214 0.12659 
11 87296 0.85 9.7371e-06 7.0011 0.15051 -0.00245074 0.100037 0.505102 0.128104 
11 88323 0.86 9.7371e-06 7.0011 0.151032 -0.00468527 0.10004 0.51032 0.129611 
11 89350 0.87 9.7371e-06 7.0011 0.151762 -0.00443294 0.100042 0.517623 0.131127 
11 90377 0.88 9.7371e-06 7.0011 0.151047 -0.00341866 0.100033 0.510472 0.132637 
