eta_s=1e-06 maxlevel=1010 0 0 0 0 0 0 0 0 0 0 0 0
10 1 5 4 1 5 4 0 1 0 0 0.00095 0
10 2 5 3 1 14 3 0 0.741 4.78e-06 5.76e-09 0.00179 0.149
10 3 5 3 1 17 2 0 0.506 8.04e-06 6.26e-09 0.00259 0.231
10 4 5 3 1 17 2 0 0.368 7.19e-06 5.18e-09 0.00336 0.27
10 5 5 3 1 16 2 0 0.284 5.87e-06 8.93e-09 0.00412 0.29
10 6 5 3 1 16 2 0 0.235 5.77e-06 7.56e-09 0.00488 0.306
10 7 5 3 1 16 2 0 0.2 4.72e-06 7.58e-09 0.00562 0.321
10 8 5 3 1 16 2 0 0.175 4.33e-06 7.68e-09 0.00636 0.337
10 9 5 3 1 16 2 0 0.156 4.13e-06 7.93e-09 0.00708 0.354
10 10 5 3 1 16 2 0 0.141 3.92e-06 8.15e-09 0.00779 0.37
10 11 5 3 1 16 2 0 0.129 3.67e-06 8.34e-09 0.00849 0.386
10 12 5 3 1 16 2 0 0.119 3.41e-06 8.49e-09 0.00918 0.402
10 13 5 3 1 16 2 0 0.111 3.14e-06 8.64e-09 0.00986 0.417
10 14 5 3 1 16 2 0 0.103 2.89e-06 8.81e-09 0.0105 0.432
10 15 5 3 1 16 2 0 0.0965 2.82e-06 8.98e-09 0.0112 0.445
10 16 5 3 1 16 2 0 0.0906 2.78e-06 9.17e-09 0.0118 0.459
10 17 5 3 1 16 2 0 0.0853 2.74e-06 9.36e-09 0.0125 0.472
10 18 5 3 1 16 2 0 0.0806 2.69e-06 9.57e-09 0.0131 0.485
10 19 5 3 1 16 2 0 0.0763 2.65e-06 9.78e-09 0.0137 0.497
10 20 5 3 1 16 2 0 0.0724 2.6e-06 9.99e-09 0.0144 0.509
10 21 5 3 1 17 2 0 0.0689 2.55e-06 4.28e-09 0.015 0.521
10 22 5 3 1 17 2 0 0.0656 2.51e-06 4.37e-09 0.0156 0.533
10 23 5 3 1 17 2 0 0.0626 2.46e-06 4.47e-09 0.0162 0.544
10 24 5 3 1 17 2 0 0.0598 2.42e-06 4.56e-09 0.0168 0.555
10 25 5 3 1 17 2 0 0.0572 2.37e-06 4.66e-09 0.0173 0.566
10 26 5 3 1 17 2 0 0.0548 2.33e-06 4.76e-09 0.0179 0.577
10 27 5 3 1 17 2 0 0.0526 2.28e-06 4.86e-09 0.0185 0.587
10 28 5 3 1 17 2 0 0.0505 2.24e-06 4.96e-09 0.019 0.597
10 29 5 3 1 17 2 0 0.0486 2.2e-06 5.06e-09 0.0196 0.607
10 30 5 3 1 17 2 0 0.0468 2.15e-06 5.16e-09 0.0201 0.617
10 31 5 3 1 17 2 0 0.045 2.11e-06 5.26e-09 0.0206 0.627
10 32 5 3 1 17 2 0 0.0434 2.07e-06 5.36e-09 0.0212 0.637
10 33 5 3 1 17 2 0 0.0419 2.03e-06 5.47e-09 0.0217 0.646
10 34 5 3 1 17 2 0 0.0405 1.99e-06 5.57e-09 0.0222 0.655
10 35 5 3 1 17 2 0 0.0391 1.95e-06 5.67e-09 0.0227 0.664
10 36 5 3 1 17 2 0 0.0378 1.91e-06 5.77e-09 0.0232 0.673
10 37 5 3 1 17 2 0 0.0366 1.88e-06 5.88e-09 0.0237 0.682
10 38 5 3 1 17 2 0 0.0355 1.84e-06 5.98e-09 0.0242 0.69
10 39 5 3 1 17 2 0 0.0344 1.8e-06 6.08e-09 0.0247 0.699
10 40 5 3 1 17 2 0 0.0333 1.77e-06 6.19e-09 0.0252 0.707
10 41 5 3 1 17 2 0 0.0323 1.73e-06 6.29e-09 0.0256 0.715
10 42 5 3 1 17 2 0 0.0314 1.7e-06 6.39e-09 0.0261 0.724
10 43 5 3 1 17 2 0 0.0305 1.67e-06 6.49e-09 0.0266 0.732
10 44 5 3 1 17 2 0 0.0296 1.64e-06 6.6e-09 0.027 0.74
10 45 5 3 1 17 2 0 0.0288 1.6e-06 6.7e-09 0.0275 0.747
10 46 5 3 1 17 2 0 0.028 1.57e-06 6.8e-09 0.0279 0.755
10 47 5 3 1 17 2 0 0.0273 1.54e-06 6.9e-09 0.0284 0.763
10 48 5 3 1 17 2 0 0.0265 1.52e-06 7.01e-09 0.0288 0.77
10 49 5 3 1 17 2 0 0.0258 1.49e-06 7.11e-09 0.0292 0.777
10 50 5 3 1 17 2 0 0.0252 1.46e-06 7.21e-09 0.0297 0.785
10 51 5 3 1 17 2 0 0.0569 1.43e-06 7.31e-09 0.0301 0.792
10 52 5 3 1 17 2 0 0.0235 1.21e-06 7.41e-09 0.0305 0.8
10 53 5 3 1 17 2 0 0.0233 1.8e-06 7.63e-09 0.0309 0.808
10 54 5 3 1 17 2 0 0.0228 1.46e-06 7.65e-09 0.0313 0.815
10 55 5 3 1 17 2 0 0.0222 1.38e-06 7.68e-09 0.0317 0.821
10 56 5 3 1 17 2 0 0.0217 1.32e-06 7.76e-09 0.0321 0.826
10 57 5 3 1 17 2 0 0.0212 1.27e-06 7.88e-09 0.0325 0.832
10 58 5 3 1 17 2 0 0.0207 1.24e-06 7.99e-09 0.0329 0.839
10 59 5 3 1 17 2 0 0.0202 1.21e-06 8.11e-09 0.0332 0.845
10 60 5 3 1 17 2 0 0.0197 1.2e-06 8.21e-09 0.0336 0.851
10 61 5 3 1 17 2 0 0.0406 1.18e-06 8.31e-09 0.034 0.858
10 62 5 3 1 17 2 0 0.0185 1.34e-06 8.4e-09 0.0343 0.865
10 63 5 3 1 17 2 0 0.0184 1.86e-06 8.64e-09 0.0347 0.873
10 64 5 3 1 17 2 0 0.0181 1.24e-06 8.65e-09 0.0351 0.878
10 65 5 3 1 17 2 0 0.0177 1.16e-06 8.66e-09 0.0354 0.883
10 66 5 3 1 17 2 0 0.0173 1.1e-06 8.75e-09 0.0358 0.888
10 67 5 3 1 17 2 0 0.0169 1.06e-06 8.86e-09 0.0361 0.894
10 68 5 3 1 17 2 0 0.0165 1.03e-06 8.97e-09 0.0365 0.899
10 69 5 3 1 17 2 0 0.0162 1.01e-06 9.08e-09 0.0368 0.905
10 70 5 3 1 17 2 0 0.0159 9.96e-07 9.19e-09 0.0371 0.91
10 71 5 3 1 17 2 0 0.0326 9.83e-07 9.28e-09 0.0374 0.916
10 72 5 3 1 17 2 0 0.0148 1.46e-06 9.36e-09 0.0378 0.923
10 73 5 3 1 17 2 0 0.0153 1.92e-06 9.62e-09 0.0381 0.93
10 74 5 3 1 17 2 0 0.0146 1.07e-06 9.61e-09 0.0384 0.935
10 75 5 3 1 17 2 0 0.0143 9.89e-07 9.62e-09 0.0387 0.939
10 76 5 3 1 17 2 0 0.014 9.28e-07 9.69e-09 0.039 0.943
10 77 5 3 1 17 2 0 0.0138 8.87e-07 9.8e-09 0.0393 0.948
10 78 5 3 1 17 2 0 0.0135 8.62e-07 9.91e-09 0.0396 0.952
10 79 5 3 1 18 2 0 0.0132 8.48e-07 4.21e-09 0.0399 0.957
10 80 5 3 1 18 2 0 0.013 8.37e-07 4.25e-09 0.0402 0.962
10 81 5 3 1 18 2 0 0.0268 8.28e-07 4.29e-09 0.0405 0.967
10 82 5 3 1 18 2 0 0.0121 1.56e-06 4.32e-09 0.0408 0.974
10 83 5 3 1 18 2 0 0.0137 1.98e-06 4.43e-09 0.0411 0.98
10 84 5 3 1 18 2 0 0.0121 9.32e-07 4.42e-09 0.0414 0.984
10 85 5 3 1 18 2 0 0.0118 8.52e-07 4.42e-09 0.0417 0.988
10 86 5 3 1 18 2 0 0.0116 8.08e-07 4.45e-09 0.0419 0.991
10 87 5 3 1 18 2 0 0.0114 7.5e-07 4.49e-09 0.0422 0.995
10 88 5 3 1 18 2 0 0.0112 7.28e-07 4.54e-09 0.0425 1
10 89 5 3 1 18 2 0 0.011 7.15e-07 4.58e-09 0.0427 1
10 90 5 3 1 18 2 0 0.0108 7.08e-07 4.62e-09 0.043 1.01
10 91 5 3 1 18 2 0 0.0223 7.01e-07 4.66e-09 0.0433 1.01
10 92 5 3 1 18 2 0 0.0101 1.65e-06 4.69e-09 0.0435 1.02
10 93 5 3 1 18 2 0 0.0125 2.03e-06 4.8e-09 0.0438 1.02
10 94 5 3 1 18 2 0 0.0101 8.21e-07 4.78e-09 0.044 1.03
10 95 5 3 1 18 2 0 0.00991 8.72e-07 4.78e-09 0.0443 1.03
10 96 5 3 1 18 2 0 0.00972 8.28e-07 4.81e-09 0.0445 1.03
10 97 5 3 1 18 2 0 0.00955 7.19e-07 4.85e-09 0.0447 1.04
10 98 5 3 1 18 2 0 0.00939 6.21e-07 4.89e-09 0.045 1.04
10 99 5 3 1 18 2 0 0.00923 6.06e-07 4.93e-09 0.0452 1.05
10 100 5 3 1 18 2 0 0.00907 6.01e-07 4.97e-09 0.0455 1.05
10 101 5 3 1 18 2 0 0.0188 5.96e-07 5.01e-09 0.0457 1.05
10 102 5 3 1 18 2 0 0.0142 1.94e-06 5.03e-09 0.0459 1.07
10 103 5 3 1 18 2 0 0.0116 2.46e-06 5.34e-09 0.0461 1.07
10 104 5 3 1 18 2 0 0.00863 8.77e-07 5.07e-09 0.0463 1.07
10 105 5 3 1 18 2 0 0.00844 1.12e-06 5.07e-09 0.0466 1.07
10 106 5 3 1 18 2 0 0.00827 9.74e-07 5.12e-09 0.0468 1.07
10 107 5 3 1 18 2 0 0.00812 7.72e-07 5.18e-09 0.047 1.08
10 108 5 3 1 18 2 0 0.00798 6.25e-07 5.23e-09 0.0472 1.08
10 109 5 3 1 18 2 0 0.00785 5.43e-07 5.27e-09 0.0474 1.08
10 110 5 3 1 18 2 0 0.00772 5.07e-07 5.31e-09 0.0476 1.09
10 111 5 3 1 18 2 0 0.0162 4.99e-07 5.34e-09 0.0478 1.09
10 112 5 3 1 18 2 0 0.0135 4.36e-06 5.38e-09 0.048 1.09
10 113 5 3 1 18 2 0 0.0108 2.09e-06 5.43e-09 0.0482 1.1
10 114 5 3 1 18 2 0 0.00755 6.5e-07 5.43e-09 0.0484 1.1
10 115 5 3 1 18 2 0 0.00695 8.25e-07 5.42e-09 0.0486 1.1
10 116 5 3 1 18 2 0 0.00684 7.87e-07 5.44e-09 0.0488 1.11
10 117 5 3 1 18 2 0 0.00675 6.76e-07 5.48e-09 0.049 1.11
10 118 5 3 1 18 2 0 0.00666 5.71e-07 5.53e-09 0.0492 1.11
10 119 5 3 1 18 2 0 0.00657 4.98e-07 5.57e-09 0.0494 1.11
10 120 5 3 1 18 2 0 0.00649 4.57e-07 5.6e-09 0.0496 1.12
10 121 5 3 1 18 2 0 0.0132 4.39e-07 5.63e-09 0.0497 1.12
10 122 5 3 1 18 2 0 0.0125 1.91e-06 5.65e-09 0.0499 1.14
10 123 5 3 1 18 2 0 0.00635 8.45e-07 5.94e-09 0.0501 1.13
10 124 5 3 1 18 2 0 0.00615 9.39e-07 5.62e-09 0.0502 1.13
10 125 5 3 1 18 2 0 0.00601 8.26e-07 5.64e-09 0.0504 1.13
10 126 5 3 1 18 2 0 0.0059 5.98e-07 5.7e-09 0.0506 1.14
10 127 5 3 1 18 2 0 0.00582 4.4e-07 5.75e-09 0.0508 1.14
10 128 5 3 1 18 2 0 0.00574 4.33e-07 5.79e-09 0.0509 1.14
10 129 5 3 1 18 2 0 0.00566 4.29e-07 5.82e-09 0.0511 1.15
10 130 5 3 1 18 2 0 0.00558 4.24e-07 5.85e-09 0.0513 1.15
10 131 5 3 1 18 2 0 0.0217 4.18e-07 5.87e-09 0.0514 1.15
10 132 5 3 1 18 2 0 0.0106 2.88e-06 5.95e-09 0.0515 1.17
10 133 5 3 1 18 2 0 0.0125 2.18e-06 6.19e-09 0.0517 1.17
10 134 5 3 1 18 2 0 0.00819 7.42e-07 5.96e-09 0.0518 1.17
10 135 5 3 1 18 2 0 0.00609 9.93e-07 5.9e-09 0.052 1.17
10 136 5 3 1 18 2 0 0.00504 8.97e-07 5.94e-09 0.0521 1.17
10 137 5 3 1 18 2 0 0.00493 7.14e-07 6e-09 0.0523 1.17
10 138 5 3 1 18 2 0 0.00486 5.77e-07 6.06e-09 0.0525 1.17
10 139 5 3 1 18 2 0 0.0048 4.87e-07 6.1e-09 0.0526 1.17
10 140 5 3 1 18 2 0 0.00474 4.37e-07 6.14e-09 0.0527 1.17
10 141 5 3 1 18 2 0 0.0092 4.12e-07 6.17e-09 0.0529 1.18
10 142 5 3 1 18 2 0 0.0111 1.5e-06 6.21e-09 0.053 1.18
10 143 5 3 1 18 2 0 0.008 4.77e-06 6.3e-09 0.0532 1.19
10 144 5 3 1 18 2 0 0.00591 1.57e-06 6.32e-09 0.0533 1.19
10 145 5 3 1 18 2 0 0.00504 1.61e-06 6.21e-09 0.0534 1.19
10 146 5 3 1 18 2 0 0.00453 1.28e-06 6.21e-09 0.0536 1.19
10 147 5 3 1 18 2 0 0.00425 9.05e-07 6.26e-09 0.0537 1.19
10 148 5 3 1 18 2 0 0.00421 6.19e-07 6.31e-09 0.0538 1.19
10 149 5 3 1 18 2 0 0.00419 4.51e-07 6.35e-09 0.054 1.19
10 150 5 3 1 18 2 0 0.00415 3.71e-07 6.38e-09 0.0541 1.19
10 151 5 3 1 18 2 0 0.00932 3.41e-07 6.41e-09 0.0542 1.2
10 152 5 3 1 18 2 0 0.0104 2.01e-06 6.45e-09 0.0543 1.21
10 153 5 2 1 18 2 0 0.00811 2.87e-06 6.82e-09 0.0544 1.21
10 154 5 2 1 18 2 0 0.00431 2.86e-06 6.44e-09 0.0546 1.21
10 155 5 2 1 18 2 0 0.00401 2.31e-06 6.39e-09 0.0547 1.21
10 156 5 2 1 18 2 0 0.00393 1.84e-06 6.44e-09 0.0548 1.21
10 157 5 2 1 18 2 0 0.00386 1.53e-06 6.5e-09 0.0549 1.21
10 158 5 2 1 18 2 0 0.0038 1.34e-06 6.55e-09 0.0551 1.21
10 159 5 2 1 18 2 0 0.00375 1.25e-06 6.59e-09 0.0552 1.21
10 160 5 2 1 18 2 0 0.0037 1.21e-06 6.62e-09 0.0553 1.22
10 161 5 2 1 18 2 0 0.0102 1.2e-06 6.64e-09 0.0554 1.22
10 162 5 2 1 18 2 0 0.0126 8.4e-06 6.71e-09 0.0555 1.23
10 163 5 2 1 18 2 0 0.00773 4.82e-06 6.89e-09 0.0556 1.23
10 164 5 2 1 18 2 0 0.00497 2.2e-06 6.67e-09 0.0557 1.23
10 165 5 2 1 18 2 0 0.0038 1.84e-06 6.62e-09 0.0558 1.23
10 166 5 2 1 18 2 0 0.00326 1.52e-06 6.64e-09 0.0559 1.23
10 167 5 2 1 18 2 0 0.00321 1.3e-06 6.69e-09 0.056 1.23
10 168 5 2 1 18 2 0 0.00317 1.17e-06 6.74e-09 0.0561 1.23
10 169 5 2 1 18 2 0 0.00314 1.12e-06 6.78e-09 0.0562 1.23
10 170 5 2 1 18 2 0 0.00312 1.09e-06 6.8e-09 0.0563 1.23
10 171 5 2 1 18 2 0 0.00683 1.07e-06 6.82e-09 0.0564 1.23
10 172 5 2 1 18 2 0 0.00958 5.76e-06 6.86e-09 0.0565 1.24
10 173 5 2 1 18 2 0 0.00746 3.23e-06 6.98e-09 0.0566 1.24
10 174 5 2 1 18 2 0 0.00451 1.84e-06 6.89e-09 0.0567 1.24
10 175 5 2 1 18 2 0 0.00368 1.47e-06 6.83e-09 0.0568 1.24
10 176 5 2 1 18 2 0 0.00321 1.21e-06 6.84e-09 0.0569 1.24
10 177 5 2 1 18 2 0 0.00294 1.05e-06 6.88e-09 0.057 1.24
10 178 5 2 1 18 2 0 0.0028 9.63e-07 6.92e-09 0.0571 1.24
10 179 5 2 1 18 2 0 0.00276 9.35e-07 6.95e-09 0.0572 1.25
10 180 5 2 1 18 2 0 0.00275 9.53e-07 6.97e-09 0.0573 1.25
10 181 5 2 1 18 2 0 0.00616 9.63e-07 6.99e-09 0.0573 1.25
10 182 5 2 1 18 2 0 0.00948 3.39e-06 7.04e-09 0.0574 1.26
10 183 5 2 1 18 2 0 0.00728 5.26e-06 7.4e-09 0.0575 1.26
10 184 5 2 1 18 2 0 0.00359 2.77e-06 7.01e-09 0.0576 1.26
10 185 5 2 1 18 2 0 0.00271 2.04e-06 6.96e-09 0.0577 1.26
10 186 5 2 1 18 2 0 0.00265 1.52e-06 7.01e-09 0.0578 1.26
10 187 5 2 1 18 2 0 0.0026 1.19e-06 7.06e-09 0.0579 1.26
10 188 5 2 1 18 2 0 0.00256 1.03e-06 7.11e-09 0.0579 1.26
10 189 5 2 1 18 2 0 0.00253 9.53e-07 7.14e-09 0.058 1.26
10 190 5 2 1 18 2 0 0.00249 9.43e-07 7.16e-09 0.0581 1.26
10 191 5 2 1 18 2 0 0.00718 9.35e-07 7.17e-09 0.0582 1.27
10 192 5 2 1 18 2 0 0.0117 9.13e-06 7.24e-09 0.0582 1.28
10 193 5 2 1 18 2 0 0.00701 3.18e-06 7.42e-09 0.0583 1.28
10 194 5 2 1 18 2 0 0.00412 1.29e-06 7.19e-09 0.0584 1.28
10 195 5 2 1 18 2 0 0.00297 1.07e-06 7.12e-09 0.0585 1.27
10 196 5 2 1 18 2 0 0.00238 8.99e-07 7.14e-09 0.0585 1.27
10 197 5 2 1 18 2 0 0.00212 8.19e-07 7.19e-09 0.0586 1.27
10 198 5 2 1 18 2 0 0.0021 7.48e-07 7.23e-09 0.0587 1.27
10 199 5 2 1 18 2 0 0.00209 7.61e-07 7.26e-09 0.0588 1.27
10 200 5 2 1 18 2 0 0.00207 7.93e-07 7.28e-09 0.0588 1.28
10 201 5 2 1 18 2 0 0.00463 8.11e-07 7.3e-09 0.0589 1.28
10 202 5 2 1 18 2 0 0.00879 3.7e-06 7.34e-09 0.059 1.28
10 203 5 2 1 18 2 0 0.00688 4.4e-06 7.44e-09 0.059 1.28
10 204 5 2 1 18 2 0 0.00366 2.33e-06 7.36e-09 0.0591 1.28
10 205 5 2 1 18 2 0 0.00285 1.64e-06 7.3e-09 0.0592 1.28
10 206 5 2 1 18 2 0 0.0024 1.21e-06 7.31e-09 0.0592 1.28
10 207 5 2 1 18 2 0 0.00213 9.69e-07 7.34e-09 0.0593 1.28
10 208 5 2 1 18 2 0 0.00197 8.38e-07 7.38e-09 0.0594 1.28
10 209 5 2 1 18 2 0 0.00189 7.88e-07 7.4e-09 0.0595 1.28
10 210 5 2 1 18 2 0 0.00186 7.95e-07 7.42e-09 0.0595 1.29
10 211 5 2 1 18 2 0 0.00447 7.96e-07 7.44e-09 0.0595 1.29
10 212 5 2 1 18 2 0 0.00874 5.54e-06 7.47e-09 0.0596 1.3
10 213 5 2 1 18 2 0 0.00725 2.68e-06 7.8e-09 0.0597 1.3
10 214 5 2 1 18 2 0 0.00198 1.65e-06 7.32e-09 0.0597 1.3
10 215 5 2 1 18 2 0 0.00176 1.08e-06 7.31e-09 0.0598 1.29
10 216 5 2 1 18 2 0 0.00172 8.58e-07 7.37e-09 0.0598 1.29
10 217 5 2 1 18 2 0 0.00169 7.01e-07 7.42e-09 0.0599 1.29
10 218 5 2 1 18 2 0 0.00167 6.66e-07 7.45e-09 0.06 1.29
10 219 5 2 1 18 2 0 0.00166 6.82e-07 7.47e-09 0.06 1.3
10 220 5 2 1 18 2 0 0.00164 6.85e-07 7.48e-09 0.0601 1.3
10 221 5 2 1 18 2 0 0.00737 6.81e-07 7.48e-09 0.0601 1.3
10 222 5 2 1 18 2 0 0.00519 4.4e-06 7.57e-09 0.0602 1.31
10 223 5 2 1 18 2 0 0.0116 1.28e-06 7.84e-09 0.0602 1.31
10 224 5 2 1 18 2 0 0.00527 7.57e-07 7.54e-09 0.0603 1.31
10 225 5 2 1 18 2 0 0.0029 7.89e-07 7.48e-09 0.0603 1.31
10 226 5 2 1 18 2 0 0.00196 7.29e-07 7.5e-09 0.0604 1.31
10 227 5 2 1 18 2 0 0.00155 6.66e-07 7.54e-09 0.0604 1.31
10 228 5 2 1 18 2 0 0.00148 5.88e-07 7.57e-09 0.0605 1.31
10 229 5 2 1 18 2 0 0.00146 6.11e-07 7.59e-09 0.0605 1.31
10 230 5 2 1 18 2 0 0.00144 6.33e-07 7.61e-09 0.0606 1.31
10 231 5 2 1 18 2 0 0.00612 6.4e-07 7.62e-09 0.0606 1.31
10 232 5 2 1 18 2 0 0.00704 4.65e-06 7.67e-09 0.0607 1.31
10 233 5 2 1 18 2 0 0.0107 1.84e-06 7.73e-09 0.0607 1.31
10 234 5 2 1 18 2 0 0.00475 7.38e-07 7.67e-09 0.0608 1.31
10 235 5 2 1 18 2 0 0.00261 6.61e-07 7.59e-09 0.0608 1.31
10 236 5 2 1 18 2 0 0.00178 7.62e-07 7.6e-09 0.0609 1.31
10 237 5 2 1 18 2 0 0.00156 7.17e-07 7.63e-09 0.0609 1.31
10 238 5 2 1 18 2 0 0.00143 6.29e-07 7.66e-09 0.0609 1.31
10 239 5 2 1 18 2 0 0.00134 5.46e-07 7.68e-09 0.061 1.31
10 240 5 2 1 18 2 0 0.00128 5.64e-07 7.7e-09 0.061 1.31
10 241 5 2 1 18 2 0 0.00367 5.79e-07 7.71e-09 0.061 1.31
10 242 5 2 1 18 2 0 0.00497 3.88e-06 7.78e-09 0.0611 1.33
10 243 5 2 1 18 2 0 0.0113 1.31e-06 8.05e-09 0.0611 1.33
10 244 5 2 1 18 2 0 0.00502 6.89e-07 7.76e-09 0.0612 1.32
10 245 5 2 1 18 2 0 0.00267 7.49e-07 7.69e-09 0.0612 1.32
10 246 5 2 1 18 2 0 0.00174 6.23e-07 7.71e-09 0.0613 1.32
10 247 5 2 1 18 2 0 0.00133 5.61e-07 7.75e-09 0.0613 1.32
10 248 5 2 1 18 2 0 0.00114 4.77e-07 7.78e-09 0.0613 1.32
10 249 5 2 1 18 2 0 0.00113 5.15e-07 7.8e-09 0.0614 1.32
10 250 5 2 1 18 2 0 0.00112 5.36e-07 7.81e-09 0.0614 1.32
10 251 5 2 1 18 2 0 0.00514 5.44e-07 7.82e-09 0.0614 1.32
10 252 5 2 1 18 2 0 0.00679 4.6e-06 7.87e-09 0.0615 1.33
10 253 5 2 1 18 2 0 0.0104 1.97e-06 7.92e-09 0.0615 1.33
10 254 5 2 1 18 2 0 0.00454 7.49e-07 7.86e-09 0.0616 1.33
10 255 5 2 1 18 2 0 0.00241 5.74e-07 7.78e-09 0.0616 1.33
10 256 5 2 1 18 2 0 0.00158 6.73e-07 7.79e-09 0.0616 1.33
10 257 5 2 1 18 2 0 0.00131 6.29e-07 7.81e-09 0.0617 1.33
10 258 5 2 1 18 2 0 0.00118 5.41e-07 7.84e-09 0.0617 1.33
10 259 5 2 1 18 2 0 0.0011 4.61e-07 7.86e-09 0.0618 1.33
10 260 5 2 1 18 2 0 0.00104 4.78e-07 7.88e-09 0.0618 1.33
10 261 5 2 1 18 2 0 0.00282 4.84e-07 7.89e-09 0.0618 1.33
10 262 5 2 1 18 2 0 0.00474 3.81e-06 7.96e-09 0.0618 1.34
10 263 5 2 1 18 2 0 0.0111 1.31e-06 8.23e-09 0.0619 1.34
10 264 5 2 1 18 2 0 0.00484 6.9e-07 7.93e-09 0.0619 1.34
10 265 5 2 1 18 2 0 0.00249 7.02e-07 7.86e-09 0.0619 1.33
10 266 5 2 1 18 2 0 0.00156 5.63e-07 7.88e-09 0.062 1.33
10 267 5 2 1 18 2 0 0.00115 4.87e-07 7.91e-09 0.062 1.33
10 268 5 2 1 18 2 0 0.000953 4.01e-07 7.94e-09 0.062 1.33
stationary flow nc = 0 i = 268 du = 0.000953408
# Quadtree, 268 steps, 71.4965 CPU, 79.69 real, 4.27e+04 points.step/s, 33 var
10 0 5 2 1 18 2 0 0 4.01e-07 7.94e-09 0 0
10 1 5 2 1 5 2 0 1 0 0 0.000899 0
10 2 6 2 1 16 2 0 0.785 6.2e-06 5.51e-09 0.00163 0.201
10 3 6 2 1 15 2 0 0.554 4.78e-06 7.18e-09 0.00229 0.293
10 4 6 2 1 14 2 0 0.405 3.58e-06 9.49e-09 0.00294 0.318
10 5 6 2 1 14 2 0 0.312 3.34e-06 7.22e-09 0.00359 0.319
10 6 6 2 1 14 2 0 0.262 3.02e-06 6.75e-09 0.00422 0.32
10 7 6 2 1 14 2 0 0.224 2.67e-06 7.57e-09 0.00485 0.327
10 8 6 2 1 14 2 0 0.198 2.44e-06 8.41e-09 0.00547 0.339
10 9 6 2 1 14 2 0 0.177 2.31e-06 9.15e-09 0.00608 0.352
10 10 6 2 1 14 2 0 0.16 2.23e-06 9.78e-09 0.00667 0.366
10 11 5 2 1 15 2 0 0.147 9.61e-06 3.87e-09 0.00724 0.379
10 12 5 2 1 15 2 0 0.135 9.13e-06 4.08e-09 0.00781 0.391
10 13 5 2 1 15 2 0 0.124 8.65e-06 4.29e-09 0.00837 0.401
10 14 5 2 1 15 2 0 0.115 8.21e-06 4.5e-09 0.00891 0.412
10 15 5 2 1 15 2 0 0.107 7.81e-06 4.72e-09 0.00944 0.422
10 16 5 2 1 15 2 0 0.1 7.44e-06 4.93e-09 0.00997 0.431
10 17 5 2 1 15 2 0 0.0942 7.1e-06 5.15e-09 0.0105 0.44
10 18 5 2 1 15 2 0 0.0886 6.79e-06 5.37e-09 0.011 0.449
10 19 5 2 1 15 2 0 0.0836 6.49e-06 5.58e-09 0.0115 0.458
10 20 5 2 1 15 2 0 0.079 6.22e-06 5.79e-09 0.012 0.466
10 21 5 2 1 15 2 0 0.0748 5.96e-06 5.99e-09 0.0124 0.474
10 22 5 2 1 15 2 0 0.0709 5.72e-06 6.2e-09 0.0129 0.482
10 23 5 2 1 15 2 0 0.0674 5.51e-06 6.39e-09 0.0134 0.49
10 24 5 2 1 15 2 0 0.0642 5.36e-06 6.59e-09 0.0138 0.497
10 25 5 2 1 15 2 0 0.0612 5.23e-06 6.78e-09 0.0143 0.504
10 26 5 2 1 15 2 0 0.0584 5.1e-06 6.96e-09 0.0147 0.511
10 27 5 2 1 15 2 0 0.0558 4.98e-06 7.15e-09 0.0151 0.518
10 28 5 2 1 15 2 0 0.0534 4.86e-06 7.32e-09 0.0156 0.525
10 29 5 2 1 15 2 0 0.0512 4.75e-06 7.49e-09 0.016 0.532
10 30 5 2 1 15 2 0 0.0491 4.64e-06 7.66e-09 0.0164 0.538
10 31 5 2 1 15 2 0 0.0471 4.54e-06 7.82e-09 0.0168 0.544
10 32 5 2 1 15 2 0 0.0453 4.43e-06 7.98e-09 0.0172 0.551
10 33 5 2 1 15 2 0 0.0436 4.34e-06 8.14e-09 0.0176 0.557
10 34 5 2 1 15 2 0 0.042 4.24e-06 8.29e-09 0.018 0.562
10 35 5 2 1 15 2 0 0.0404 4.15e-06 8.43e-09 0.0183 0.568
10 36 5 2 1 15 2 0 0.039 4.06e-06 8.57e-09 0.0187 0.574
10 37 5 2 1 15 2 0 0.0376 3.97e-06 8.7e-09 0.0191 0.58
10 38 5 2 1 15 2 0 0.0363 3.88e-06 8.84e-09 0.0194 0.585
10 39 5 2 1 15 2 0 0.0351 3.8e-06 8.96e-09 0.0198 0.59
10 40 5 2 1 15 2 0 0.0339 3.72e-06 9.08e-09 0.0201 0.596
10 41 5 2 1 15 2 0 0.0328 3.64e-06 9.2e-09 0.0205 0.601
10 42 5 2 1 15 2 0 0.0317 3.56e-06 9.31e-09 0.0208 0.606
10 43 5 2 1 15 2 0 0.0307 3.48e-06 9.42e-09 0.0211 0.611
10 44 5 2 1 15 2 0 0.0298 3.41e-06 9.53e-09 0.0214 0.616
10 45 5 2 1 15 2 0 0.0288 3.33e-06 9.63e-09 0.0218 0.62
10 46 5 2 1 15 2 0 0.028 3.26e-06 9.73e-09 0.0221 0.625
10 47 5 2 1 15 2 0 0.0271 3.19e-06 9.82e-09 0.0224 0.63
10 48 5 2 1 15 2 0 0.0263 3.12e-06 9.91e-09 0.0227 0.634
10 49 5 2 1 15 2 0 0.0256 3.05e-06 1e-08 0.023 0.638
10 50 5 2 1 16 2 0 0.0248 2.98e-06 3.8e-09 0.0233 0.643
10 51 5 2 1 16 2 0 0.0241 2.91e-06 3.82e-09 0.0236 0.647
10 52 5 2 1 16 2 0 0.0236 2.38e-06 3.85e-09 0.0238 0.653
10 53 5 2 1 16 2 0 0.0229 2.94e-06 3.87e-09 0.0241 0.657
10 54 5 2 1 16 2 0 0.0222 2.75e-06 3.91e-09 0.0244 0.661
10 55 5 2 1 16 2 0 0.0216 2.61e-06 3.93e-09 0.0246 0.664
10 56 5 2 1 16 2 0 0.021 2.52e-06 3.95e-09 0.0249 0.668
10 57 5 2 1 16 2 0 0.0205 2.46e-06 3.97e-09 0.0252 0.672
10 58 5 2 1 16 2 0 0.0199 2.4e-06 3.99e-09 0.0254 0.676
10 59 5 2 1 16 2 0 0.0194 2.35e-06 4.01e-09 0.0257 0.68
10 60 5 2 1 16 2 0 0.0189 2.3e-06 4.03e-09 0.0259 0.683
10 61 5 2 1 16 2 0 0.0184 2.24e-06 4.04e-09 0.0262 0.687
10 62 5 2 1 16 2 0 0.0178 2.48e-06 4.06e-09 0.0264 0.689
10 63 5 2 1 16 2 0 0.0174 2.29e-06 4.08e-09 0.0266 0.692
10 64 5 2 1 16 2 0 0.017 2.18e-06 4.09e-09 0.0269 0.696
10 65 5 2 1 16 2 0 0.0166 2.14e-06 4.1e-09 0.0271 0.7
10 66 5 2 1 16 2 0 0.0162 2.09e-06 4.12e-09 0.0273 0.703
10 67 5 2 1 16 2 0 0.0158 2.05e-06 4.13e-09 0.0275 0.706
10 68 5 2 1 16 2 0 0.0154 2e-06 4.14e-09 0.0278 0.71
10 69 5 2 1 16 2 0 0.0151 1.96e-06 4.15e-09 0.028 0.713
10 70 5 2 1 16 2 0 0.0147 1.95e-06 4.16e-09 0.0282 0.716
10 71 5 2 1 16 2 0 0.0144 1.94e-06 4.17e-09 0.0284 0.719
10 72 5 2 1 16 2 0 0.0142 2.07e-06 4.18e-09 0.0286 0.724
10 73 5 2 1 16 2 0 0.0138 1.98e-06 4.18e-09 0.0288 0.727
10 74 5 2 1 16 2 0 0.0134 1.79e-06 4.2e-09 0.029 0.73
10 75 5 2 1 16 2 0 0.0131 1.8e-06 4.2e-09 0.0292 0.732
10 76 5 2 1 16 2 0 0.0128 1.85e-06 4.2e-09 0.0294 0.735
10 77 5 2 1 16 2 0 0.0125 1.88e-06 4.2e-09 0.0296 0.737
10 78 5 2 1 16 2 0 0.0122 1.89e-06 4.2e-09 0.0297 0.74
10 79 5 2 1 16 2 0 0.012 1.89e-06 4.21e-09 0.0299 0.743
10 80 5 2 1 16 2 0 0.0117 1.89e-06 4.21e-09 0.0301 0.746
10 81 5 2 1 16 2 0 0.0207 1.88e-06 4.21e-09 0.0303 0.748
10 82 5 2 1 16 2 0 0.0137 6.61e-06 4.22e-09 0.0304 0.751
10 83 5 2 1 16 2 0 0.0108 2.3e-06 4.21e-09 0.0306 0.751
10 84 5 2 1 16 2 0 0.0106 1.95e-06 4.22e-09 0.0308 0.754
10 85 5 2 1 16 2 0 0.0104 1.88e-06 4.21e-09 0.0309 0.756
10 86 5 2 1 16 2 0 0.0102 1.81e-06 4.21e-09 0.0311 0.759
10 87 5 2 1 16 2 0 0.00998 1.77e-06 4.21e-09 0.0313 0.761
10 88 5 2 1 16 2 0 0.00978 1.74e-06 4.21e-09 0.0314 0.764
10 89 5 2 1 16 2 0 0.00957 1.73e-06 4.21e-09 0.0316 0.766
10 90 5 2 1 16 2 0 0.00938 1.71e-06 4.21e-09 0.0317 0.769
10 91 5 2 1 16 2 0 0.0198 1.7e-06 4.2e-09 0.0319 0.771
10 92 5 2 1 16 2 0 0.0165 3.13e-06 4.2e-09 0.032 0.784
10 93 5 2 1 16 2 0 0.00935 2.29e-06 4.18e-09 0.0321 0.783
10 94 5 2 1 16 2 0 0.00891 1.46e-06 4.22e-09 0.0323 0.782
10 95 5 2 1 16 2 0 0.00862 1.58e-06 4.2e-09 0.0324 0.783
10 96 5 2 1 16 2 0 0.00839 1.62e-06 4.18e-09 0.0325 0.784
10 97 5 2 1 16 2 0 0.0082 1.63e-06 4.18e-09 0.0327 0.786
10 98 5 2 1 16 2 0 0.00803 1.64e-06 4.17e-09 0.0328 0.789
10 99 5 2 1 16 2 0 0.00786 1.64e-06 4.16e-09 0.0329 0.791
10 100 5 2 1 16 2 0 0.0077 1.64e-06 4.16e-09 0.0331 0.793
10 101 5 2 1 16 2 0 0.0144 1.63e-06 4.15e-09 0.0332 0.795
10 102 5 2 1 16 2 0 0.0169 6.3e-06 4.14e-09 0.0333 0.795
10 103 5 2 1 16 2 0 0.0104 2.33e-06 4.13e-09 0.0334 0.795
10 104 5 2 1 16 2 0 0.00792 1.87e-06 4.13e-09 0.0336 0.797
10 105 5 2 1 16 2 0 0.0067 1.71e-06 4.11e-09 0.0337 0.799
10 106 5 2 1 16 2 0 0.00642 1.6e-06 4.11e-09 0.0338 0.801
10 107 5 2 1 16 2 0 0.00638 1.54e-06 4.1e-09 0.0339 0.803
10 108 5 2 1 16 2 0 0.00631 1.5e-06 4.09e-09 0.034 0.805
10 109 5 2 1 16 2 0 0.00624 1.47e-06 4.08e-09 0.0341 0.806
10 110 5 2 1 16 2 0 0.00615 1.45e-06 4.08e-09 0.0342 0.808
10 111 5 2 1 16 2 0 0.0121 1.44e-06 4.07e-09 0.0343 0.81
10 112 5 2 1 16 2 0 0.0142 3.3e-06 4.06e-09 0.0344 0.823
10 113 5 2 1 16 2 0 0.00639 1.88e-06 4.04e-09 0.0345 0.821
10 114 5 2 1 16 2 0 0.00603 1.18e-06 4.07e-09 0.0346 0.82
10 115 5 2 1 16 2 0 0.00581 1.3e-06 4.04e-09 0.0347 0.82
10 116 5 2 1 16 2 0 0.00566 1.34e-06 4.03e-09 0.0348 0.821
10 117 5 2 1 16 2 0 0.00553 1.35e-06 4.02e-09 0.0349 0.822
10 118 5 2 1 16 2 0 0.00542 1.36e-06 4.01e-09 0.035 0.824
10 119 5 2 1 16 2 0 0.00532 1.36e-06 4e-09 0.0351 0.825
10 120 5 2 1 16 2 0 0.00521 1.36e-06 3.98e-09 0.0352 0.827
10 121 5 2 1 16 2 0 0.0102 1.35e-06 3.97e-09 0.0353 0.828
10 122 5 2 1 16 2 0 0.015 7.24e-06 3.97e-09 0.0354 0.828
10 123 5 2 1 16 2 0 0.00889 4.89e-06 3.96e-09 0.0355 0.829
10 124 5 2 1 16 2 0 0.00627 3.15e-06 3.95e-09 0.0356 0.829
10 125 5 2 1 16 2 0 0.00504 2.08e-06 3.94e-09 0.0357 0.83
10 126 5 2 1 16 2 0 0.00441 1.81e-06 3.93e-09 0.0357 0.831
10 127 5 2 1 16 2 0 0.00428 1.63e-06 3.91e-09 0.0358 0.832
10 128 5 2 1 16 2 0 0.00426 1.51e-06 3.9e-09 0.0359 0.834
10 129 5 2 1 16 2 0 0.00423 1.42e-06 3.89e-09 0.036 0.835
10 130 5 2 1 16 2 0 0.00419 1.36e-06 3.88e-09 0.0361 0.836
10 131 5 2 1 15 2 0 0.00896 1.32e-06 8.52e-09 0.0361 0.837
10 132 5 2 1 15 2 0 0.0147 7.89e-06 8.54e-09 0.0362 0.85
10 133 5 2 1 15 2 0 0.0062 1.93e-06 8.52e-09 0.0363 0.848
10 134 5 2 1 15 2 0 0.00416 1.39e-06 8.58e-09 0.0363 0.846
10 135 5 2 1 15 2 0 0.00398 1.32e-06 8.56e-09 0.0364 0.845
10 136 5 2 1 15 2 0 0.00387 1.22e-06 8.56e-09 0.0365 0.846
10 137 5 2 1 15 2 0 0.00378 1.17e-06 8.57e-09 0.0365 0.847
10 138 5 2 1 15 2 0 0.00371 1.14e-06 8.58e-09 0.0366 0.848
10 139 5 2 1 15 2 0 0.00365 1.13e-06 8.59e-09 0.0367 0.85
10 140 5 2 1 15 2 0 0.00358 1.12e-06 8.59e-09 0.0368 0.851
10 141 5 2 1 15 2 0 0.00352 1.11e-06 8.6e-09 0.0368 0.852
10 142 5 2 1 15 2 0 0.0133 4.14e-06 8.59e-09 0.0369 0.849
10 143 5 2 1 15 2 0 0.00758 2.14e-06 8.64e-09 0.0369 0.85
10 144 5 2 1 15 2 0 0.00504 1.42e-06 8.63e-09 0.037 0.852
10 145 5 2 1 15 2 0 0.00387 1.13e-06 8.65e-09 0.0371 0.854
10 146 5 2 1 15 2 0 0.00328 1e-06 8.66e-09 0.0371 0.855
10 147 5 2 1 15 2 0 0.00296 9.55e-07 8.67e-09 0.0372 0.856
10 148 5 2 1 15 2 0 0.00292 9.44e-07 8.68e-09 0.0373 0.857
10 149 5 2 1 15 2 0 0.00291 9.39e-07 8.69e-09 0.0373 0.858
10 150 5 2 1 15 2 0 0.00289 9.36e-07 8.69e-09 0.0374 0.859
10 151 5 2 1 15 2 0 0.00555 9.34e-07 8.7e-09 0.0374 0.86
10 152 5 2 1 15 2 0 0.0117 3.91e-06 8.72e-09 0.0375 0.873
10 153 5 2 1 15 2 0 0.00424 9.88e-07 8.72e-09 0.0375 0.871
10 154 5 2 1 15 2 0 0.00994 1.44e-06 8.75e-09 0.0376 0.869
10 155 5 2 1 15 2 0 0.00299 9.37e-07 8.73e-09 0.0376 0.867
10 156 5 2 1 15 2 0 0.00276 7.75e-07 8.73e-09 0.0377 0.867
10 157 5 2 1 15 2 0 0.00269 8.06e-07 8.74e-09 0.0377 0.868
10 158 5 2 1 15 2 0 0.00263 8.38e-07 8.74e-09 0.0378 0.869
10 159 5 2 1 15 2 0 0.00258 8.59e-07 8.74e-09 0.0378 0.87
10 160 5 2 1 15 2 0 0.00253 8.72e-07 8.74e-09 0.0379 0.871
10 161 5 2 1 15 2 0 0.00304 8.78e-07 8.74e-09 0.0379 0.872
10 162 5 2 1 15 2 0 0.0135 7.14e-06 8.76e-09 0.038 0.873
10 163 5 2 1 15 2 0 0.00707 5.21e-06 8.76e-09 0.038 0.872
10 164 5 2 1 15 2 0 0.0044 3.18e-06 8.77e-09 0.038 0.872
10 165 5 2 1 15 2 0 0.00315 2e-06 8.77e-09 0.0381 0.872
10 166 5 2 1 15 2 0 0.00254 1.57e-06 8.77e-09 0.0381 0.872
10 167 5 2 1 15 2 0 0.00221 1.31e-06 8.78e-09 0.0382 0.873
10 168 5 2 1 15 2 0 0.00204 1.14e-06 8.78e-09 0.0382 0.873
10 169 5 2 1 15 2 0 0.00202 1.04e-06 8.78e-09 0.0383 0.874
10 170 5 2 1 15 2 0 0.00202 9.62e-07 8.78e-09 0.0383 0.875
10 171 5 2 1 15 2 0 0.00408 9.09e-07 8.79e-09 0.0383 0.875
10 172 5 2 1 15 2 0 0.0108 9.39e-06 8.81e-09 0.0384 0.884
10 173 5 2 1 15 2 0 0.00536 1.74e-06 8.77e-09 0.0384 0.881
10 174 5 2 1 15 2 0 0.00206 1.23e-06 8.81e-09 0.0384 0.879
10 175 5 2 1 15 2 0 0.00194 1e-06 8.79e-09 0.0385 0.879
10 176 5 2 1 15 2 0 0.00187 8.96e-07 8.79e-09 0.0385 0.879
10 177 5 2 1 15 2 0 0.00183 8.08e-07 8.8e-09 0.0385 0.88
10 178 5 2 1 15 2 0 0.00181 7.44e-07 8.8e-09 0.0386 0.88
10 179 5 2 1 15 2 0 0.00178 7.12e-07 8.81e-09 0.0386 0.881
10 180 5 2 1 15 2 0 0.00175 6.95e-07 8.81e-09 0.0387 0.882
10 181 5 2 1 15 2 0 0.00172 6.82e-07 8.81e-09 0.0387 0.882
10 182 5 2 1 15 2 0 0.0126 3.77e-06 8.8e-09 0.0387 0.883
10 183 5 2 1 15 2 0 0.00655 1.49e-06 8.82e-09 0.0388 0.884
10 184 5 2 1 15 2 0 0.00395 1.2e-06 8.83e-09 0.0388 0.884
10 185 5 2 1 15 2 0 0.00272 9.22e-07 8.83e-09 0.0388 0.885
10 186 5 2 1 15 2 0 0.0021 6.93e-07 8.82e-09 0.0389 0.885
10 187 5 2 1 15 2 0 0.00176 5.9e-07 8.81e-09 0.0389 0.886
10 188 5 2 1 15 2 0 0.00156 5.56e-07 8.81e-09 0.0389 0.886
10 189 5 2 1 15 2 0 0.00145 5.36e-07 8.81e-09 0.0389 0.887
10 190 5 2 1 15 2 0 0.00143 5.65e-07 8.8e-09 0.039 0.888
10 191 5 2 1 15 2 0 0.00285 5.82e-07 8.8e-09 0.039 0.888
10 192 5 2 1 15 2 0 0.0131 5.87e-06 8.82e-09 0.039 0.901
10 193 5 2 1 15 2 0 0.00529 6.6e-06 8.81e-09 0.039 0.896
10 194 5 2 1 15 2 0 0.00185 3.83e-06 8.86e-09 0.0391 0.893
10 195 5 2 1 15 2 0 0.00148 2.47e-06 8.83e-09 0.0391 0.891
10 196 5 2 1 15 2 0 0.00141 1.68e-06 8.82e-09 0.0391 0.89
10 197 5 2 1 15 2 0 0.00137 1.18e-06 8.83e-09 0.0391 0.891
10 198 5 2 1 15 2 0 0.00134 8.85e-07 8.83e-09 0.0392 0.891
10 199 5 2 1 15 2 0 0.00132 7.78e-07 8.83e-09 0.0392 0.892
10 200 5 2 1 15 2 0 0.0013 7.07e-07 8.83e-09 0.0392 0.892
10 201 5 2 1 15 2 0 0.00433 6.57e-07 8.83e-09 0.0392 0.893
10 202 6 2 1 15 2 0 0.0116 1.91e-06 8.83e-09 0.0393 0.893
10 203 5 2 1 15 2 0 0.00582 1.49e-06 8.8e-09 0.0393 0.893
10 204 5 2 1 15 2 0 0.0033 8.96e-07 8.81e-09 0.0393 0.892
10 205 5 2 1 15 2 0 0.00216 7.17e-07 8.81e-09 0.0393 0.892
10 206 5 2 1 15 2 0 0.00161 5.96e-07 8.8e-09 0.0394 0.893
10 207 5 2 1 15 2 0 0.00132 5.15e-07 8.8e-09 0.0394 0.893
10 208 5 2 1 15 2 0 0.00116 4.95e-07 8.8e-09 0.0394 0.893
10 209 5 2 1 15 2 0 0.00107 4.84e-07 8.79e-09 0.0394 0.894
10 210 5 2 1 15 2 0 0.001 4.77e-07 8.79e-09 0.0395 0.894
10 211 5 2 1 15 2 0 0.00195 4.72e-07 8.79e-09 0.0395 0.895
10 212 5 2 1 15 2 0 0.0107 2.79e-06 8.78e-09 0.0395 0.905
10 213 5 2 1 15 2 0 0.00544 1.75e-06 8.81e-09 0.0395 0.901
10 214 5 2 1 15 2 0 0.00228 7.23e-07 8.85e-09 0.0395 0.898
10 215 5 2 1 15 2 0 0.00109 5.83e-07 8.82e-09 0.0395 0.898
10 216 5 2 1 15 2 0 0.000996 4.98e-07 8.82e-09 0.0396 0.898
stationary flow nc = 1 i = 216 du = 0.00099612
# Quadtree, 216 steps, 101.196 CPU, 113.3 real, 3.26e+04 points.step/s, 33 var
10 0 5 2 1 15 2 0 0 4.98e-07 8.82e-09 0 0
10 1 5 2 1 5 2 0 1 0 0 0.000799 0
10 2 6 2 1 20 2 0 0.86 4.83e-06 6.59e-09 0.00133 0.255
10 3 6 2 1 19 2 0 0.639 4.87e-06 8.7e-09 0.0018 0.34
10 4 6 2 1 18 2 0 0.48 2.68e-06 9.46e-09 0.00226 0.34
10 5 5 2 1 18 2 0 0.38 7.74e-06 5e-09 0.00273 0.323
10 6 5 2 1 17 2 0 0.321 6.91e-06 8.49e-09 0.00321 0.317
10 7 5 2 1 17 2 0 0.275 6.81e-06 9.79e-09 0.00366 0.321
10 8 5 2 1 18 2 0 0.24 6.63e-06 4.83e-09 0.00411 0.331
10 9 5 2 1 18 2 0 0.213 6.43e-06 4.87e-09 0.00453 0.341
10 10 5 2 1 18 2 0 0.191 6.12e-06 4.74e-09 0.00495 0.35
10 11 5 2 1 17 2 0 0.172 5.75e-06 9.65e-09 0.00535 0.358
10 12 5 2 1 17 2 0 0.157 5.38e-06 9.25e-09 0.00574 0.365
10 13 5 2 1 17 2 0 0.143 5.06e-06 8.92e-09 0.00612 0.371
10 14 5 2 1 17 2 0 0.131 4.79e-06 8.64e-09 0.00648 0.377
10 15 5 2 1 17 2 0 0.121 4.55e-06 8.41e-09 0.00684 0.383
10 16 5 2 1 17 2 0 0.112 4.34e-06 8.2e-09 0.00719 0.388
10 17 5 2 1 17 2 0 0.104 4.2e-06 8e-09 0.00752 0.393
10 18 5 2 1 17 2 0 0.0972 4.06e-06 7.81e-09 0.00785 0.399
10 19 5 2 1 17 2 0 0.0909 3.93e-06 7.63e-09 0.00817 0.405
10 20 5 2 1 17 2 0 0.0852 3.8e-06 7.46e-09 0.00847 0.41
10 21 5 2 1 17 2 0 0.08 3.71e-06 7.3e-09 0.00878 0.416
10 22 5 2 1 17 2 0 0.0753 3.64e-06 7.15e-09 0.00907 0.421
10 23 5 2 1 17 2 0 0.071 3.58e-06 7.01e-09 0.00935 0.427
10 24 5 2 1 17 2 0 0.0671 3.52e-06 6.88e-09 0.00963 0.432
10 25 5 2 1 17 2 0 0.0635 3.46e-06 6.76e-09 0.0099 0.437
10 26 5 2 1 17 2 0 0.0602 3.39e-06 6.64e-09 0.0102 0.442
10 27 5 2 1 17 2 0 0.0571 3.33e-06 6.54e-09 0.0104 0.446
10 28 5 2 1 17 2 0 0.0543 3.26e-06 6.44e-09 0.0107 0.451
10 29 5 2 1 17 2 0 0.0517 3.2e-06 6.34e-09 0.0109 0.456
10 30 5 2 1 17 2 0 0.0492 3.13e-06 6.26e-09 0.0111 0.46
10 31 5 2 1 17 2 0 0.0469 3.07e-06 6.28e-09 0.0114 0.464
10 32 5 2 1 17 2 0 0.0448 3e-06 6.33e-09 0.0116 0.469
10 33 5 2 1 17 2 0 0.0428 2.93e-06 6.37e-09 0.0118 0.473
10 34 5 2 1 17 2 0 0.0409 2.87e-06 6.4e-09 0.012 0.477
10 35 5 2 1 17 2 0 0.0392 2.8e-06 6.43e-09 0.0122 0.481
10 36 5 2 1 17 2 0 0.0375 2.74e-06 6.46e-09 0.0124 0.485
10 37 5 2 1 17 2 0 0.0359 2.67e-06 6.49e-09 0.0126 0.489
10 38 5 2 1 17 2 0 0.0345 2.61e-06 6.51e-09 0.0128 0.493
10 39 5 2 1 17 2 0 0.0331 2.54e-06 6.53e-09 0.013 0.497
10 40 5 2 1 17 2 0 0.0318 2.48e-06 6.55e-09 0.0132 0.5
10 41 5 2 1 17 2 0 0.0305 2.42e-06 6.56e-09 0.0133 0.504
10 42 5 2 1 17 2 0 0.0293 2.29e-06 6.57e-09 0.0135 0.508
10 43 5 2 1 17 2 0 0.0282 2.28e-06 6.58e-09 0.0137 0.511
10 44 5 2 1 17 2 0 0.0271 2.23e-06 6.59e-09 0.0138 0.514
10 45 5 2 1 17 2 0 0.0261 2.17e-06 6.6e-09 0.014 0.518
10 46 5 2 1 17 2 0 0.0251 2.12e-06 6.6e-09 0.0141 0.521
10 47 5 2 1 17 2 0 0.0242 2.06e-06 6.6e-09 0.0143 0.524
10 48 5 2 1 17 2 0 0.0233 2e-06 6.61e-09 0.0144 0.527
10 49 5 2 1 17 2 0 0.0225 1.95e-06 6.61e-09 0.0146 0.53
10 50 5 2 1 17 2 0 0.0217 1.89e-06 6.6e-09 0.0147 0.533
10 51 5 2 1 17 2 0 0.0209 1.84e-06 6.6e-09 0.0148 0.536
10 52 5 2 1 17 2 0 0.0202 1.79e-06 6.6e-09 0.015 0.539
10 53 5 2 1 17 2 0 0.0195 1.73e-06 6.59e-09 0.0151 0.541
10 54 5 2 1 17 2 0 0.0188 1.68e-06 6.59e-09 0.0152 0.544
10 55 5 2 1 17 2 0 0.0182 1.63e-06 6.58e-09 0.0153 0.547
10 56 5 2 1 17 2 0 0.0176 1.59e-06 6.57e-09 0.0154 0.549
10 57 5 2 1 17 2 0 0.017 1.55e-06 6.56e-09 0.0156 0.551
10 58 5 2 1 17 2 0 0.0164 1.51e-06 6.55e-09 0.0157 0.554
10 59 5 2 1 17 2 0 0.0159 1.47e-06 6.54e-09 0.0158 0.556
10 60 5 2 1 17 2 0 0.0154 1.43e-06 6.53e-09 0.0159 0.559
10 61 5 2 1 17 2 0 0.0149 1.39e-06 6.52e-09 0.016 0.561
10 62 5 2 1 17 2 0 0.0144 1.36e-06 6.51e-09 0.0161 0.563
10 63 5 2 1 17 2 0 0.0139 1.34e-06 6.5e-09 0.0162 0.565
10 64 5 2 1 17 2 0 0.0135 1.32e-06 6.49e-09 0.0163 0.567
10 65 5 2 1 17 2 0 0.0131 1.3e-06 6.47e-09 0.0164 0.569
10 66 5 2 1 17 2 0 0.0126 1.28e-06 6.46e-09 0.0165 0.571
10 67 5 2 1 17 2 0 0.0122 1.27e-06 6.45e-09 0.0165 0.573
10 68 5 2 1 17 2 0 0.0119 1.25e-06 6.43e-09 0.0166 0.575
10 69 5 2 1 17 2 0 0.0115 1.23e-06 6.42e-09 0.0167 0.577
10 70 5 2 1 17 2 0 0.0111 1.22e-06 6.41e-09 0.0168 0.579
10 71 5 2 1 17 2 0 0.0108 1.21e-06 6.42e-09 0.0169 0.581
10 72 5 2 1 17 2 0 0.0105 1.2e-06 6.47e-09 0.0169 0.582
10 73 5 2 1 17 2 0 0.0101 1.19e-06 6.53e-09 0.017 0.584
10 74 5 2 1 17 2 0 0.00983 1.18e-06 6.58e-09 0.0171 0.586
10 75 5 2 1 17 2 0 0.00953 1.17e-06 6.64e-09 0.0172 0.587
10 76 5 2 1 17 2 0 0.00925 1.16e-06 6.69e-09 0.0172 0.589
10 77 5 2 1 17 2 0 0.00897 1.15e-06 6.75e-09 0.0173 0.59
10 78 5 2 1 17 2 0 0.0087 1.14e-06 6.81e-09 0.0174 0.592
10 79 5 2 1 17 2 0 0.00844 1.13e-06 6.87e-09 0.0174 0.593
10 80 5 2 1 17 2 0 0.00819 1.11e-06 6.92e-09 0.0175 0.595
10 81 5 2 1 17 2 0 0.00795 1.1e-06 6.98e-09 0.0175 0.596
10 82 5 2 1 17 2 0 0.00771 1.09e-06 7.04e-09 0.0176 0.598
10 83 5 2 1 17 2 0 0.00748 1.08e-06 7.11e-09 0.0176 0.599
10 84 5 2 1 17 2 0 0.00726 1.07e-06 7.17e-09 0.0177 0.6
10 85 5 2 1 17 2 0 0.00705 1.06e-06 7.23e-09 0.0178 0.601
10 86 5 2 1 17 2 0 0.00685 1.04e-06 7.29e-09 0.0178 0.603
10 87 5 2 1 17 2 0 0.00665 1.03e-06 7.35e-09 0.0179 0.604
10 88 5 2 1 17 2 0 0.00645 1.02e-06 7.41e-09 0.0179 0.605
10 89 5 2 1 17 2 0 0.00627 1.01e-06 7.48e-09 0.018 0.606
10 90 5 2 1 17 2 0 0.00609 9.95e-07 7.54e-09 0.018 0.607
10 91 5 2 1 17 2 0 0.00591 9.83e-07 7.6e-09 0.0181 0.608
10 92 5 2 1 17 2 0 0.00574 9.71e-07 7.67e-09 0.0181 0.61
10 93 5 2 1 17 2 0 0.00558 9.58e-07 7.73e-09 0.0181 0.611
10 94 5 2 1 17 2 0 0.00542 9.46e-07 7.79e-09 0.0182 0.612
10 95 5 2 1 17 2 0 0.00526 9.34e-07 7.86e-09 0.0182 0.613
10 96 5 2 1 17 2 0 0.00511 9.22e-07 7.92e-09 0.0183 0.614
10 97 5 2 1 17 2 0 0.00497 9.1e-07 7.98e-09 0.0183 0.615
10 98 5 2 1 17 2 0 0.00483 8.98e-07 8.05e-09 0.0183 0.615
10 99 5 2 1 17 2 0 0.00469 8.86e-07 8.11e-09 0.0184 0.616
10 100 5 2 1 17 2 0 0.00456 8.74e-07 8.17e-09 0.0184 0.617
10 101 5 2 1 17 2 0 0.00443 8.62e-07 8.24e-09 0.0184 0.618
10 102 5 2 1 17 2 0 0.00431 8.5e-07 8.3e-09 0.0185 0.619
10 103 5 2 1 17 2 0 0.00418 8.38e-07 8.36e-09 0.0185 0.62
10 104 5 2 1 17 2 0 0.00407 8.26e-07 8.42e-09 0.0185 0.621
10 105 5 2 1 17 2 0 0.00395 8.14e-07 8.49e-09 0.0186 0.621
10 106 5 2 1 17 2 0 0.00384 8.02e-07 8.55e-09 0.0186 0.622
10 107 5 2 1 17 2 0 0.00374 7.91e-07 8.61e-09 0.0186 0.623
10 108 5 2 1 17 2 0 0.00363 7.79e-07 8.67e-09 0.0187 0.624
10 109 5 2 1 17 2 0 0.00353 7.67e-07 8.73e-09 0.0187 0.624
10 110 5 2 1 17 2 0 0.00343 7.56e-07 8.8e-09 0.0187 0.625
10 111 5 2 1 17 2 0 0.00334 7.45e-07 8.86e-09 0.0187 0.626
10 112 5 2 1 17 2 0 0.00325 7.33e-07 8.92e-09 0.0188 0.626
10 113 5 2 1 17 2 0 0.00316 7.22e-07 8.98e-09 0.0188 0.627
10 114 5 2 1 17 2 0 0.00307 7.11e-07 9.04e-09 0.0188 0.628
10 115 5 2 1 17 2 0 0.00298 7e-07 9.1e-09 0.0188 0.628
10 116 5 2 1 17 2 0 0.0029 6.89e-07 9.16e-09 0.0189 0.629
10 117 5 2 1 17 2 0 0.00282 6.78e-07 9.22e-09 0.0189 0.629
10 118 5 2 1 17 2 0 0.00274 6.67e-07 9.27e-09 0.0189 0.63
10 119 5 2 1 17 2 0 0.00267 6.57e-07 9.33e-09 0.0189 0.631
10 120 5 2 1 17 2 0 0.0026 6.46e-07 9.39e-09 0.019 0.631
10 121 5 2 1 17 2 0 0.00253 6.35e-07 9.45e-09 0.019 0.632
10 122 5 2 1 17 2 0 0.00246 6.25e-07 9.51e-09 0.019 0.632
10 123 5 2 1 17 2 0 0.00239 6.16e-07 9.56e-09 0.019 0.633
10 124 5 2 1 17 2 0 0.00232 6.12e-07 9.62e-09 0.019 0.633
10 125 5 2 1 17 2 0 0.00226 6.09e-07 9.67e-09 0.0191 0.634
10 126 5 2 1 17 2 0 0.0022 6.05e-07 9.73e-09 0.0191 0.634
10 127 5 2 1 17 2 0 0.00214 6.01e-07 9.78e-09 0.0191 0.635
10 128 5 2 1 17 2 0 0.00208 5.97e-07 9.84e-09 0.0191 0.635
10 129 5 2 1 17 2 0 0.00202 5.93e-07 9.89e-09 0.0191 0.635
10 130 5 2 1 17 2 0 0.00197 5.89e-07 9.95e-09 0.0191 0.636
10 131 5 2 1 18 2 0 0.00192 5.85e-07 4.67e-09 0.0192 0.636
10 132 5 2 1 18 2 0 0.00186 5.81e-07 4.7e-09 0.0192 0.637
10 133 5 2 1 18 2 0 0.00181 5.77e-07 4.72e-09 0.0192 0.637
10 134 5 2 1 18 2 0 0.00176 5.73e-07 4.75e-09 0.0192 0.638
10 135 5 2 1 18 2 0 0.00172 5.69e-07 4.77e-09 0.0192 0.638
10 136 5 2 1 18 2 0 0.00167 5.65e-07 4.79e-09 0.0192 0.638
10 137 5 2 1 18 2 0 0.00163 5.61e-07 4.82e-09 0.0192 0.639
10 138 5 2 1 18 2 0 0.00158 5.57e-07 4.84e-09 0.0193 0.639
10 139 5 2 1 18 2 0 0.00154 5.53e-07 4.87e-09 0.0193 0.639
10 140 5 2 1 18 2 0 0.0015 5.48e-07 4.89e-09 0.0193 0.64
10 141 5 2 1 18 2 0 0.0666 5.44e-07 4.91e-09 0.0193 0.64
10 142 5 2 1 18 2 0 0.0131 1.36e-06 4.94e-09 0.0193 0.649
10 143 5 2 1 18 2 0 0.0145 1.42e-06 6.02e-09 0.0193 0.644
10 144 5 2 1 17 2 0 0.00729 1.03e-06 9.41e-09 0.0193 0.642
10 145 5 2 1 17 2 0 0.00454 6.89e-07 9.96e-09 0.0193 0.642
10 146 5 2 1 18 2 0 0.00319 6.26e-07 4.79e-09 0.0193 0.642
10 147 5 2 1 18 2 0 0.00246 5.71e-07 4.89e-09 0.0193 0.642
10 148 5 2 1 18 2 0 0.00203 5.37e-07 4.95e-09 0.0193 0.642
10 149 5 2 1 18 2 0 0.00175 5.18e-07 4.99e-09 0.0194 0.642
10 150 5 2 1 18 2 0 0.00156 5.08e-07 5.04e-09 0.0194 0.643
10 151 5 2 1 18 2 0 0.0033 5.03e-07 5.07e-09 0.0194 0.643
10 152 5 2 1 18 2 0 0.013 1.32e-06 5.12e-09 0.0194 0.651
10 153 5 2 1 18 2 0 0.0144 1.4e-06 6.21e-09 0.0194 0.647
10 154 5 2 1 17 2 0 0.00712 1.04e-06 9.82e-09 0.0194 0.645
10 155 5 2 1 18 2 0 0.00435 6.55e-07 4.85e-09 0.0194 0.644
10 156 5 2 1 18 2 0 0.00299 5.9e-07 5e-09 0.0194 0.644
10 157 5 2 1 18 2 0 0.00226 5.32e-07 5.09e-09 0.0194 0.644
10 158 5 2 1 18 2 0 0.00182 4.96e-07 5.16e-09 0.0194 0.644
10 159 5 2 1 18 2 0 0.00154 4.76e-07 5.2e-09 0.0194 0.645
10 160 5 2 1 18 2 0 0.00135 4.67e-07 5.24e-09 0.0194 0.645
10 161 5 2 1 18 2 0 0.00262 4.62e-07 5.28e-09 0.0194 0.645
10 162 5 2 1 18 2 0 0.0128 1.28e-06 5.32e-09 0.0194 0.653
10 163 5 2 1 18 2 0 0.0142 1.41e-06 6.42e-09 0.0194 0.649
10 164 5 2 1 18 2 0 0.00692 1.02e-06 4.79e-09 0.0194 0.647
10 165 5 2 1 18 2 0 0.00416 6.11e-07 5.05e-09 0.0195 0.646
10 166 5 2 1 18 2 0 0.00281 5.43e-07 5.2e-09 0.0195 0.646
10 167 5 2 1 18 2 0 0.00207 4.85e-07 5.29e-09 0.0195 0.646
10 168 5 2 1 18 2 0 0.00164 4.49e-07 5.35e-09 0.0195 0.646
10 169 5 2 1 18 2 0 0.00137 4.31e-07 5.39e-09 0.0195 0.646
10 170 5 2 1 18 2 0 0.00119 4.24e-07 5.43e-09 0.0195 0.647
10 171 5 2 1 18 2 0 0.00209 4.18e-07 5.47e-09 0.0195 0.647
10 172 5 2 1 18 2 0 0.0126 1.24e-06 5.51e-09 0.0195 0.655
10 173 5 2 1 18 2 0 0.014 1.43e-06 6.61e-09 0.0195 0.651
10 174 5 2 1 18 2 0 0.00678 1.01e-06 4.96e-09 0.0195 0.649
10 175 5 2 1 18 2 0 0.00401 5.98e-07 5.23e-09 0.0195 0.648
10 176 5 2 1 18 2 0 0.00266 4.96e-07 5.37e-09 0.0195 0.648
10 177 5 2 1 18 2 0 0.00194 4.38e-07 5.46e-09 0.0195 0.648
10 178 5 2 1 18 2 0 0.00151 4.02e-07 5.52e-09 0.0195 0.648
10 179 5 2 1 18 2 0 0.00124 3.92e-07 5.57e-09 0.0195 0.648
10 180 5 2 1 18 2 0 0.00106 3.86e-07 5.6e-09 0.0195 0.648
10 181 5 2 1 18 2 0 0.00169 3.81e-07 5.64e-09 0.0195 0.648
10 182 5 2 1 18 2 0 0.0125 1.21e-06 5.67e-09 0.0195 0.656
10 183 5 2 1 18 2 0 0.0139 1.45e-06 6.77e-09 0.0195 0.652
10 184 5 2 1 18 2 0 0.00666 9.93e-07 5.12e-09 0.0195 0.65
10 185 5 2 1 18 2 0 0.0039 5.81e-07 5.39e-09 0.0195 0.649
10 186 5 2 1 18 2 0 0.00255 4.51e-07 5.53e-09 0.0195 0.649
10 187 5 2 1 18 2 0 0.00183 3.93e-07 5.62e-09 0.0195 0.649
10 188 5 2 1 18 2 0 0.0014 3.65e-07 5.67e-09 0.0195 0.649
10 189 5 2 1 18 2 0 0.00114 3.55e-07 5.72e-09 0.0196 0.649
10 190 5 2 1 18 2 0 0.000958 3.48e-07 5.75e-09 0.0196 0.649
stationary flow nc = 2 i = 190 du = 0.000957579
# Quadtree, 190 steps, 266.506 CPU, 272.3 real, 1.71e+04 points.step/s, 33 var
10 0 5 2 1 18 2 0 0 3.48e-07 5.75e-09 0 0
10 1 5 2 1 5 2 0 1 0 0 0.000699 0
10 2 6 2 1 16 2 0 0.958 6.03e-06 6.16e-09 0.00107 0.271
10 3 6 2 1 15 2 0 0.759 6.44e-06 5.54e-09 0.00139 0.332
10 4 6 2 1 14 2 0 0.582 6.58e-06 7.18e-09 0.00172 0.314
10 5 6 3 1 14 2 0 0.441 5.74e-06 7.16e-09 0.00206 0.293
10 6 5 3 1 14 2 0 0.367 9.24e-06 8.59e-09 0.0024 0.29
10 7 5 3 1 14 2 0 0.308 7.31e-06 9.77e-09 0.00273 0.297
10 8 5 3 1 15 2 0 0.265 6.44e-06 4.1e-09 0.00304 0.307
10 9 5 3 1 15 2 0 0.231 6.1e-06 4.26e-09 0.00333 0.317
10 10 5 3 1 15 2 0 0.204 5.82e-06 4.39e-09 0.00361 0.326
10 11 5 3 1 15 2 0 0.182 5.46e-06 4.54e-09 0.00388 0.333
10 12 5 3 1 15 2 0 0.163 5.04e-06 4.7e-09 0.00413 0.341
10 13 5 3 1 15 2 0 0.148 4.61e-06 4.86e-09 0.00437 0.347
10 14 5 3 1 15 2 0 0.134 4.27e-06 5.02e-09 0.00461 0.354
10 15 5 3 1 15 2 0 0.122 4.09e-06 5.18e-09 0.00483 0.36
10 16 5 3 1 15 2 0 0.112 3.9e-06 5.32e-09 0.00504 0.366
10 17 5 3 1 15 2 0 0.103 3.71e-06 5.46e-09 0.00525 0.372
10 18 5 3 1 15 2 0 0.0953 3.51e-06 5.59e-09 0.00544 0.378
10 19 5 3 1 15 2 0 0.0883 3.32e-06 5.72e-09 0.00563 0.384
10 20 5 3 1 15 2 0 0.0819 3.12e-06 5.83e-09 0.00581 0.389
10 21 5 3 1 15 2 0 0.0762 2.93e-06 5.94e-09 0.00598 0.394
10 22 5 3 1 15 2 0 0.071 2.75e-06 6.05e-09 0.00615 0.399
10 23 5 3 1 15 2 0 0.0663 2.57e-06 6.15e-09 0.0063 0.404
10 24 5 3 1 15 2 0 0.0621 2.4e-06 6.24e-09 0.00645 0.409
10 25 5 3 1 15 2 0 0.0582 2.24e-06 6.32e-09 0.0066 0.413
10 26 5 3 1 15 2 0 0.0546 2.08e-06 6.4e-09 0.00674 0.418
10 27 5 3 1 15 2 0 0.0513 1.93e-06 6.47e-09 0.00687 0.422
10 28 5 3 1 15 2 0 0.0482 1.79e-06 6.54e-09 0.007 0.426
10 29 5 3 1 15 2 0 0.0454 1.66e-06 6.6e-09 0.00712 0.43
10 30 5 3 1 15 2 0 0.0428 1.54e-06 6.66e-09 0.00724 0.433
10 31 5 3 1 15 2 0 0.0404 1.42e-06 6.71e-09 0.00735 0.437
10 32 5 3 1 15 2 0 0.0382 1.31e-06 6.75e-09 0.00745 0.441
10 33 5 3 1 15 2 0 0.0361 1.21e-06 6.79e-09 0.00756 0.444
10 34 5 3 1 15 2 0 0.0342 1.11e-06 6.83e-09 0.00766 0.447
10 35 5 3 1 15 2 0 0.0324 1.02e-06 6.86e-09 0.00775 0.45
10 36 5 3 1 15 2 0 0.0307 9.38e-07 6.89e-09 0.00784 0.453
10 37 5 3 1 15 2 0 0.0291 8.59e-07 6.91e-09 0.00793 0.456
10 38 5 3 1 15 2 0 0.0276 8.1e-07 6.93e-09 0.00801 0.459
10 39 5 3 1 15 2 0 0.0262 7.85e-07 6.94e-09 0.00809 0.462
10 40 5 3 1 15 2 0 0.0249 7.59e-07 6.95e-09 0.00817 0.464
10 41 5 3 1 15 2 0 0.0236 7.33e-07 6.96e-09 0.00824 0.467
10 42 5 2 1 15 2 0 0.0224 1.64e-06 6.97e-09 0.00831 0.469
10 43 5 2 1 15 2 0 0.0213 1.74e-06 6.97e-09 0.00838 0.472
10 44 5 2 1 15 2 0 0.0203 1.65e-06 6.97e-09 0.00844 0.474
10 45 5 2 1 15 2 0 0.0193 1.57e-06 6.97e-09 0.0085 0.476
10 46 5 2 1 15 2 0 0.0184 1.5e-06 6.96e-09 0.00856 0.478
10 47 5 2 1 15 2 0 0.0175 1.42e-06 6.96e-09 0.00862 0.48
10 48 5 2 1 15 2 0 0.0167 1.37e-06 6.95e-09 0.00868 0.482
10 49 5 2 1 15 2 0 0.0159 1.36e-06 6.94e-09 0.00873 0.484
10 50 5 2 1 15 2 0 0.0152 1.34e-06 6.93e-09 0.00878 0.486
10 51 5 2 1 15 2 0 0.0145 1.32e-06 6.91e-09 0.00883 0.487
10 52 5 2 1 15 2 0 0.0138 1.3e-06 6.89e-09 0.00887 0.489
10 53 5 2 1 15 2 0 0.0132 1.28e-06 6.88e-09 0.00892 0.491
10 54 5 2 1 15 2 0 0.0126 1.26e-06 6.86e-09 0.00896 0.492
10 55 5 2 1 15 2 0 0.012 1.24e-06 6.83e-09 0.009 0.494
10 56 5 2 1 15 2 0 0.0114 1.22e-06 6.81e-09 0.00904 0.495
10 57 5 2 1 15 2 0 0.0109 1.2e-06 6.79e-09 0.00908 0.497
10 58 5 2 1 15 2 0 0.0104 1.18e-06 6.76e-09 0.00911 0.498
10 59 5 2 1 15 2 0 0.00997 1.16e-06 6.73e-09 0.00915 0.499
10 60 5 2 1 15 2 0 0.00952 1.13e-06 6.7e-09 0.00918 0.5
10 61 5 2 1 15 2 0 0.0642 1.11e-06 6.67e-09 0.00919 0.502
10 62 5 2 1 15 2 0 0.0376 8.23e-06 6.64e-09 0.00922 0.514
10 63 5 2 1 15 2 0 0.0126 2.78e-06 6.43e-09 0.00924 0.512
10 64 5 2 1 15 2 0 0.00901 1.36e-06 6.63e-09 0.00927 0.51
10 65 5 2 1 15 2 0 0.00769 1.32e-06 6.6e-09 0.0093 0.509
10 66 5 2 1 15 2 0 0.00705 1.22e-06 6.54e-09 0.00932 0.509
10 67 5 2 1 15 2 0 0.00675 1.1e-06 6.48e-09 0.00935 0.51
10 68 5 2 1 15 2 0 0.0065 1.02e-06 6.43e-09 0.00937 0.511
10 69 5 2 1 15 2 0 0.00625 9.75e-07 6.38e-09 0.00939 0.512
10 70 5 2 1 15 2 0 0.00599 9.46e-07 6.34e-09 0.00941 0.513
10 71 5 2 1 15 2 0 0.00556 9.23e-07 6.3e-09 0.00943 0.514
10 72 5 2 1 15 2 0 0.0297 8.47e-06 6.26e-09 0.00945 0.511
10 73 5 2 1 15 2 0 0.0167 2.37e-06 6.28e-09 0.00947 0.512
10 74 5 2 1 15 2 0 0.0111 1.54e-06 6.17e-09 0.00949 0.513
10 75 5 2 1 15 2 0 0.00833 1.04e-06 6.13e-09 0.00951 0.514
10 76 5 2 1 15 2 0 0.00676 7.84e-07 6.1e-09 0.00953 0.514
10 77 5 2 1 15 2 0 0.00581 7.43e-07 6.07e-09 0.00955 0.515
10 78 5 2 1 15 2 0 0.00517 7.37e-07 6.03e-09 0.00956 0.515
10 79 5 2 1 15 2 0 0.00473 7.22e-07 6e-09 0.00958 0.516
10 80 5 2 1 15 2 0 0.0044 7.1e-07 5.96e-09 0.00959 0.516
10 81 5 2 1 15 2 0 0.00804 7.07e-07 5.92e-09 0.00959 0.517
10 82 5 2 1 15 2 0 0.0332 8.74e-06 5.88e-09 0.0096 0.529
10 83 5 2 1 15 2 0 0.0082 2.78e-06 5.65e-09 0.00961 0.527
10 84 5 2 1 15 2 0 0.00473 1.16e-06 5.86e-09 0.00962 0.524
10 85 5 2 1 15 2 0 0.00357 1.02e-06 5.82e-09 0.00963 0.522
10 86 5 2 1 15 2 0 0.00311 9.85e-07 5.76e-09 0.00964 0.522
10 87 5 2 1 15 2 0 0.00288 8.94e-07 5.69e-09 0.00965 0.523
10 88 5 2 1 15 2 0 0.00276 8.34e-07 5.63e-09 0.00966 0.523
10 89 5 2 1 15 2 0 0.00267 8.03e-07 5.58e-09 0.00967 0.524
10 90 5 2 1 15 2 0 0.00258 7.9e-07 5.53e-09 0.00968 0.524
10 91 5 2 1 15 2 0 0.0024 7.86e-07 5.49e-09 0.00969 0.524
10 92 5 2 1 15 2 0 0.0267 8.7e-06 5.45e-09 0.0097 0.521
10 93 5 2 1 15 2 0 0.0138 2.34e-06 5.48e-09 0.00971 0.522
10 94 5 2 1 15 2 0 0.00836 1.39e-06 5.36e-09 0.00972 0.523
10 95 5 2 1 15 2 0 0.00567 8.73e-07 5.32e-09 0.00973 0.523
10 96 5 2 1 15 2 0 0.00421 6.75e-07 5.29e-09 0.00974 0.523
10 97 5 2 1 15 2 0 0.00336 6.55e-07 5.26e-09 0.00975 0.523
10 98 5 2 1 15 2 0 0.00283 6.75e-07 5.22e-09 0.00976 0.524
10 99 5 2 1 15 2 0 0.00248 6.83e-07 5.19e-09 0.00976 0.524
10 100 5 2 1 15 2 0 0.00225 6.85e-07 5.15e-09 0.00977 0.524
10 101 5 2 1 15 2 0 0.00208 6.86e-07 5.11e-09 0.00976 0.524
10 102 5 2 1 15 2 0 0.0313 8.96e-06 5.08e-09 0.00976 0.537
10 103 5 2 1 15 2 0 0.0064 2.87e-06 4.84e-09 0.00977 0.534
10 104 5 2 1 15 2 0 0.00319 1.2e-06 5.06e-09 0.00977 0.531
10 105 5 2 1 15 2 0 0.00188 1.07e-06 5.03e-09 0.00978 0.529
10 106 5 2 1 15 2 0 0.00149 1.02e-06 4.97e-09 0.00978 0.529
10 107 5 2 1 15 2 0 0.00134 9.02e-07 4.9e-09 0.00979 0.529
10 108 5 2 1 15 2 0 0.00126 8.08e-07 4.85e-09 0.00979 0.529
10 109 5 2 1 15 2 0 0.0012 7.69e-07 4.8e-09 0.0098 0.529
10 110 5 2 1 15 2 0 0.00117 7.53e-07 4.76e-09 0.0098 0.53
10 111 5 2 1 15 2 0 0.0132 7.43e-07 4.72e-09 0.00979 0.53
10 112 6 2 1 15 2 0 0.0314 2.65e-06 4.69e-09 0.00979 0.534
10 113 5 2 1 15 2 0 0.0207 7.1e-06 4.52e-09 0.00979 0.527
10 114 5 2 1 15 2 0 0.0147 1.98e-06 4.79e-09 0.0098 0.526
10 115 5 2 1 15 2 0 0.00784 1.05e-06 4.62e-09 0.0098 0.527
10 116 5 2 1 15 2 0 0.00475 7.99e-07 4.59e-09 0.00981 0.527
10 117 5 2 1 15 2 0 0.00325 6.92e-07 4.57e-09 0.00981 0.527
10 118 5 2 1 15 2 0 0.00244 6.59e-07 4.55e-09 0.00982 0.527
10 119 5 2 1 15 2 0 0.00198 6.46e-07 4.53e-09 0.00982 0.527
10 120 5 2 1 15 2 0 0.00173 6.36e-07 4.52e-09 0.00983 0.527
10 121 5 2 1 15 2 0 0.00349 6.25e-07 4.5e-09 0.00981 0.527
10 122 5 2 1 15 2 0 0.0308 9.02e-06 4.49e-09 0.00982 0.539
10 123 5 2 1 15 2 0 0.00587 2.91e-06 4.24e-09 0.00982 0.537
10 124 5 2 1 15 2 0 0.0027 1.21e-06 4.51e-09 0.00982 0.533
10 125 5 2 1 15 2 0 0.00139 1e-06 4.51e-09 0.00982 0.532
10 126 5 2 1 15 2 0 0.00101 9.55e-07 4.48e-09 0.00982 0.531
10 127 5 2 1 15 2 0 0.000869 8.25e-07 4.44e-09 0.00983 0.531
stationary flow nc = 3 i = 127 du = 0.000868641
# Quadtree, 127 steps, 183.601 CPU, 188.9 real, 2e+04 points.step/s, 33 var
10 0 5 2 1 15 2 0 0 8.25e-07 4.44e-09 0 0
10 1 5 2 1 5 2 0 1 0 0 0.000599 0
10 2 6 2 1 17 2 0 1.11 5.73e-06 6.62e-09 0.000832 0.262
10 3 6 2 1 15 2 0 0.922 3.71e-06 9.73e-09 0.00104 0.312
10 4 6 2 1 14 2 0 0.685 3.08e-06 8.73e-09 0.00126 0.301
10 5 5 2 1 15 2 0 0.487 8.47e-06 4.47e-09 0.00149 0.289
10 6 5 2 1 15 2 0 0.405 7.5e-06 6.06e-09 0.00172 0.291
10 7 5 2 1 15 2 0 0.33 6.71e-06 6.7e-09 0.00192 0.299
10 8 5 2 1 15 2 0 0.275 6.25e-06 6.69e-09 0.00212 0.309
10 9 5 2 1 15 2 0 0.234 5.92e-06 6.53e-09 0.0023 0.318
10 10 5 2 1 15 2 0 0.203 5.61e-06 6.38e-09 0.00246 0.327
10 11 5 2 1 15 2 0 0.178 5.31e-06 6.28e-09 0.00262 0.335
10 12 5 2 1 15 2 0 0.157 5.03e-06 6.22e-09 0.00276 0.343
10 13 5 2 1 15 2 0 0.139 4.87e-06 6.18e-09 0.00289 0.35
10 14 5 2 1 15 2 0 0.125 4.71e-06 6.14e-09 0.00302 0.357
10 15 5 2 1 15 2 0 0.112 4.55e-06 6.1e-09 0.00314 0.363
10 16 5 2 1 15 2 0 0.101 4.38e-06 6.05e-09 0.00325 0.369
10 17 5 2 1 15 2 0 0.0911 4.21e-06 5.99e-09 0.00335 0.375
10 18 5 2 1 15 2 0 0.0827 4.04e-06 5.93e-09 0.00344 0.38
10 19 5 2 1 15 2 0 0.0752 3.88e-06 5.86e-09 0.00353 0.385
10 20 5 2 1 15 2 0 0.0686 3.71e-06 5.78e-09 0.00361 0.39
10 21 5 2 1 15 2 0 0.189 3.55e-06 5.7e-09 0.00367 0.395
10 22 5 2 1 15 2 0 0.121 4.47e-06 5.61e-09 0.00374 0.412
10 23 5 2 1 15 2 0 0.0664 5.15e-06 4.53e-09 0.0038 0.414
10 24 5 2 1 15 2 0 0.0522 3.71e-06 5.53e-09 0.00386 0.414
10 25 5 2 1 15 2 0 0.0459 3.09e-06 5.58e-09 0.00392 0.415
10 26 5 2 1 15 2 0 0.0412 2.81e-06 5.39e-09 0.00398 0.417
10 27 5 2 1 15 2 0 0.0378 2.63e-06 5.15e-09 0.00403 0.42
10 28 5 2 1 15 2 0 0.0349 2.51e-06 4.93e-09 0.00407 0.423
10 29 5 2 1 15 2 0 0.0324 2.41e-06 4.76e-09 0.00412 0.426
10 30 5 2 1 15 2 0 0.03 2.31e-06 4.6e-09 0.00416 0.429
10 31 5 2 1 15 2 0 0.125 2.21e-06 4.51e-09 0.00418 0.431
10 32 6 2 1 15 2 0 0.0851 2.47e-06 4.5e-09 0.00421 0.439
10 33 5 2 1 15 2 0 0.0592 8.51e-06 4.23e-09 0.00424 0.433
10 34 5 2 1 15 2 0 0.0462 3.2e-06 4.94e-09 0.00428 0.432
10 35 5 2 1 15 2 0 0.0311 2.25e-06 4.55e-09 0.00431 0.433
10 36 5 2 1 15 2 0 0.0242 1.74e-06 4.47e-09 0.00434 0.435
10 37 5 2 1 15 2 0 0.0205 1.44e-06 4.42e-09 0.00437 0.437
10 38 5 2 1 15 2 0 0.0183 1.32e-06 4.4e-09 0.00439 0.439
10 39 5 2 1 15 2 0 0.017 1.26e-06 4.37e-09 0.00442 0.441
10 40 5 2 1 15 2 0 0.0157 1.22e-06 4.35e-09 0.00444 0.442
10 41 5 2 1 15 2 0 0.0259 1.19e-06 4.33e-09 0.00445 0.443
10 42 5 2 1 15 2 0 0.0812 2.85e-06 4.3e-09 0.00446 0.46
10 43 5 2 1 15 2 0 0.0297 3.44e-06 4.3e-09 0.00447 0.459
10 44 5 2 1 15 2 0 0.0168 1.96e-06 4.26e-09 0.00449 0.456
10 45 5 2 1 15 2 0 0.0116 1.47e-06 4.3e-09 0.0045 0.454
10 46 5 2 1 15 2 0 0.00957 1.38e-06 4.24e-09 0.00452 0.453
10 47 5 2 1 15 2 0 0.00853 1.22e-06 4.16e-09 0.00453 0.454
10 48 5 2 1 15 2 0 0.00803 1.09e-06 4.11e-09 0.00455 0.454
10 49 5 2 1 15 2 0 0.00765 1.07e-06 4.11e-09 0.00456 0.455
10 50 5 2 1 15 2 0 0.00727 1.05e-06 4.12e-09 0.00457 0.456
10 51 5 2 1 15 2 0 0.0567 1.04e-06 4.13e-09 0.00456 0.457
10 52 6 2 1 15 2 0 0.0669 2.61e-06 4.31e-09 0.00456 0.464
10 53 6 2 1 15 2 0 0.0432 1.74e-06 4.01e-09 0.00457 0.455
10 54 5 3 1 15 2 0 0.0314 1.86e-06 4.92e-09 0.00459 0.453
10 55 5 3 1 15 2 0 0.0172 8.92e-07 4.24e-09 0.0046 0.453
10 56 5 3 1 15 2 0 0.0112 6.26e-07 4.04e-09 0.00461 0.454
10 57 5 3 1 15 2 0 0.00841 4.66e-07 3.95e-09 0.00462 0.454
10 58 5 3 1 15 2 0 0.00697 3.66e-07 3.89e-09 0.00463 0.455
10 59 5 3 1 15 2 0 0.0061 3.01e-07 3.85e-09 0.00464 0.456
10 60 5 3 1 15 2 0 0.00562 2.55e-07 3.82e-09 0.00465 0.456
10 61 5 3 1 15 2 0 0.00523 2.32e-07 3.79e-09 0.00464 0.457
10 62 5 3 1 14 2 0 0.0732 2.6e-06 9.97e-09 0.00464 0.474
10 63 5 3 1 15 2 0 0.0222 1.46e-06 4.17e-09 0.00464 0.472
10 64 5 3 1 15 2 0 0.00985 1.04e-06 4.04e-09 0.00464 0.468
10 65 5 3 1 15 2 0 0.00478 6.57e-07 4.06e-09 0.00465 0.465
10 66 5 3 1 15 2 0 0.00318 4e-07 3.96e-09 0.00465 0.463
10 67 5 3 1 15 2 0 0.00257 2.79e-07 3.88e-09 0.00466 0.463
10 68 5 3 1 15 2 0 0.00237 2.52e-07 3.84e-09 0.00466 0.464
10 69 5 3 1 15 2 0 0.0023 2.32e-07 3.82e-09 0.00467 0.464
10 70 5 3 1 15 2 0 0.00224 2.18e-07 3.81e-09 0.00467 0.464
10 71 5 3 1 15 2 0 0.0292 2.08e-07 3.81e-09 0.00465 0.465
10 72 5 3 1 15 2 0 0.0629 6.24e-06 3.98e-09 0.00465 0.469
10 73 5 3 1 15 2 0 0.0396 6.12e-06 3.65e-09 0.00466 0.461
10 74 5 3 1 15 2 0 0.028 1.33e-06 4.54e-09 0.00466 0.459
10 75 5 3 1 15 2 0 0.014 8.27e-07 3.87e-09 0.00467 0.458
10 76 5 3 1 15 2 0 0.0082 5.54e-07 3.66e-09 0.00468 0.459
10 77 5 3 1 14 2 0 0.00561 4.1e-07 9.77e-09 0.00468 0.459
10 78 5 3 1 14 2 0 0.00436 3.26e-07 9.62e-09 0.00469 0.46
10 79 5 3 1 14 2 0 0.00367 2.69e-07 9.62e-09 0.00469 0.46
10 80 5 3 1 14 2 0 0.00324 2.3e-07 9.62e-09 0.0047 0.46
10 81 5 3 1 14 2 0 0.00851 2e-07 9.62e-09 0.00468 0.46
10 82 5 3 1 14 2 0 0.0713 2.62e-06 9.55e-09 0.00468 0.478
10 83 5 3 1 15 2 0 0.0204 1.47e-06 3.97e-09 0.00468 0.476
10 84 5 3 1 14 2 0 0.00818 9.92e-07 9.9e-09 0.00468 0.471
10 85 5 3 1 14 2 0 0.00314 6.09e-07 9.94e-09 0.00468 0.468
10 86 5 3 1 14 2 0 0.00165 3.81e-07 9.83e-09 0.00469 0.466
10 87 5 3 1 14 2 0 0.00129 2.18e-07 9.8e-09 0.00469 0.466
10 88 5 3 1 14 2 0 0.00116 1.82e-07 9.79e-09 0.00469 0.466
10 89 5 3 1 14 2 0 0.00108 1.63e-07 9.81e-09 0.00469 0.466
10 90 5 3 1 14 2 0 0.00106 1.52e-07 9.84e-09 0.0047 0.467
10 91 5 3 1 14 2 0 0.0226 1.48e-07 9.86e-09 0.00468 0.467
10 92 5 3 1 14 2 0 0.0619 6.22e-06 9.99e-09 0.00467 0.472
10 93 5 3 1 15 2 0 0.0387 6.17e-06 4.31e-09 0.00468 0.463
10 94 5 3 1 15 2 0 0.0272 1.31e-06 4.1e-09 0.00468 0.46
10 95 5 3 1 15 2 0 0.0133 7.97e-07 3.64e-09 0.00469 0.46
10 96 5 3 1 14 2 0 0.00747 5.66e-07 9.98e-09 0.00469 0.46
10 97 5 3 1 14 2 0 0.00493 4.33e-07 9.89e-09 0.0047 0.461
10 98 5 3 1 14 2 0 0.00373 3.47e-07 9.85e-09 0.0047 0.461
10 99 5 3 1 14 2 0 0.00308 2.89e-07 9.83e-09 0.00471 0.461
10 100 5 3 1 14 2 0 0.00268 2.47e-07 9.8e-09 0.00471 0.462
10 101 5 3 1 14 2 0 0.01 2.2e-07 9.78e-09 0.0047 0.462
10 102 5 3 1 14 2 0 0.0708 2.62e-06 9.84e-09 0.00469 0.479
10 103 5 3 1 15 2 0 0.02 1.52e-06 5.46e-09 0.00469 0.477
10 104 5 3 1 14 2 0 0.00777 9.83e-07 9.83e-09 0.00469 0.472
10 105 5 4 1 14 2 0 0.00274 5.69e-07 9.93e-09 0.00469 0.469
10 106 5 4 1 14 2 0 0.00127 3.23e-07 9.89e-09 0.00469 0.467
10 107 5 4 1 15 2 0 0.000987 1.83e-07 4.29e-09 0.0047 0.467
stationary flow nc = 4 i = 107 du = 0.000987322
# Quadtree, 107 steps, 188.269 CPU, 194.9 real, 1.88e+04 points.step/s, 33 var
10 0 5 4 1 15 2 0 0 1.83e-07 4.29e-09 0 0
10 1 5 4 1 5 2 0 1 0 0 0.000498 0
10 2 5 3 1 17 2 0 1.25 4.69e-06 4.31e-09 0.000618 0.248
10 3 5 3 1 16 2 0 1.05 7.4e-06 4.05e-09 0.000732 0.307
10 4 5 3 1 15 2 0 0.761 6.79e-06 4.01e-09 0.000858 0.312
10 5 5 3 1 15 2 0 0.575 5.04e-06 4.1e-09 0.000982 0.31
10 6 5 3 1 15 2 0 0.416 3.11e-06 5.03e-09 0.0011 0.314
10 7 5 3 1 15 2 0 0.317 2.65e-06 5.16e-09 0.0012 0.322
10 8 5 3 1 15 2 0 0.253 2.42e-06 5.15e-09 0.00129 0.331
10 9 5 3 1 15 2 0 0.209 2.29e-06 5.13e-09 0.00137 0.341
10 10 5 3 1 15 2 0 0.176 2.18e-06 5.17e-09 0.00144 0.35
10 11 5 3 1 15 2 0 0.149 2.06e-06 5.25e-09 0.0015 0.358
10 12 5 3 1 15 2 0 0.128 1.93e-06 5.34e-09 0.00155 0.366
10 13 5 3 1 15 2 0 0.109 1.8e-06 5.44e-09 0.0016 0.372
10 14 5 3 1 15 2 0 0.0937 1.67e-06 5.52e-09 0.00164 0.378
10 15 5 3 1 15 2 0 0.0806 1.54e-06 5.59e-09 0.00168 0.383
10 16 5 3 1 15 2 0 0.0695 1.42e-06 5.64e-09 0.00171 0.387
10 17 5 3 1 15 2 0 0.0601 1.32e-06 5.69e-09 0.00173 0.391
10 18 5 3 1 15 2 0 0.0521 1.23e-06 5.73e-09 0.00176 0.395
10 19 5 3 1 15 2 0 0.0453 1.15e-06 5.77e-09 0.00178 0.398
10 20 5 3 1 15 2 0 0.0394 1.07e-06 5.79e-09 0.0018 0.401
10 21 5 3 1 15 2 0 0.0344 9.9e-07 5.81e-09 0.00182 0.404
10 22 5 3 1 15 2 0 0.03 9.18e-07 5.83e-09 0.00183 0.406
10 23 5 3 1 15 2 0 0.0262 8.5e-07 5.84e-09 0.00184 0.408
10 24 5 3 1 15 2 0 0.0229 7.85e-07 5.85e-09 0.00185 0.41
10 25 5 3 1 15 2 0 0.0201 7.24e-07 5.85e-09 0.00186 0.411
10 26 5 3 1 15 2 0 0.0176 6.69e-07 5.85e-09 0.00187 0.413
10 27 5 3 1 15 2 0 0.0154 6.34e-07 5.85e-09 0.00188 0.414
10 28 5 3 1 15 2 0 0.0135 6e-07 5.84e-09 0.00189 0.415
10 29 5 3 1 15 2 0 0.0119 5.67e-07 5.83e-09 0.00189 0.416
10 30 5 3 1 15 2 0 0.0104 5.36e-07 5.82e-09 0.0019 0.417
10 31 5 3 1 15 2 0 0.00915 5.05e-07 5.86e-09 0.0019 0.418
10 32 5 3 1 15 2 0 0.00804 4.76e-07 5.89e-09 0.00191 0.419
10 33 5 3 1 15 2 0 0.00706 4.47e-07 5.91e-09 0.00191 0.42
10 34 5 3 1 15 2 0 0.0062 4.3e-07 5.93e-09 0.00191 0.42
10 35 5 3 1 15 2 0 0.00545 4.26e-07 5.94e-09 0.00192 0.421
10 36 5 3 1 15 2 0 0.00479 4.21e-07 5.94e-09 0.00192 0.421
10 37 5 3 1 15 2 0 0.00421 4.15e-07 5.94e-09 0.00192 0.422
10 38 5 3 1 15 2 0 0.0037 4.09e-07 5.94e-09 0.00192 0.422
10 39 5 3 1 15 2 0 0.00326 4.02e-07 5.93e-09 0.00192 0.422
10 40 5 3 1 15 2 0 0.00286 3.95e-07 5.92e-09 0.00192 0.423
10 41 5 3 1 15 2 0 0.00252 3.88e-07 5.9e-09 0.00193 0.423
10 42 5 3 1 15 2 0 0.00221 3.8e-07 5.88e-09 0.00193 0.423
10 43 5 3 1 15 2 0 0.00195 3.72e-07 5.86e-09 0.00193 0.423
10 44 5 3 1 15 2 0 0.00171 3.64e-07 5.83e-09 0.00193 0.424
10 45 5 3 1 15 2 0 0.0015 3.56e-07 5.81e-09 0.00193 0.424
10 46 5 3 1 15 2 0 0.00132 3.47e-07 5.78e-09 0.00193 0.424
10 47 5 3 1 15 2 0 0.00116 3.39e-07 5.75e-09 0.00193 0.424
10 48 5 3 1 15 2 0 0.00102 3.31e-07 5.71e-09 0.00193 0.424
10 49 5 3 1 15 2 0 0.000896 3.23e-07 5.68e-09 0.00193 0.424
stationary flow nc = 5 i = 49 du = 0.000895756
# Quadtree, 49 steps, 107.199 CPU, 110.5 real, 1.74e+04 points.step/s, 33 var
10 0 5 3 1 15 2 0 0 3.23e-07 5.68e-09 0 0
10 1 5 3 1 5 2 0 1 0 0 0.000398 0
10 2 5 3 1 29 3 0 1.18 8.4e-06 6.63e-09 0.000428 0.235
10 3 5 3 1 28 3 0 0.999 8.97e-06 9.9e-09 0.000462 0.321
10 4 6 3 1 48 2 0 0.722 3.58e-06 8.85e-09 0.000492 0.354
10 5 6 3 1 47 2 0 0.612 2.31e-06 9.52e-09 0.000518 0.366
10 6 6 3 1 47 2 0 0.367 1.43e-06 8.35e-09 0.000541 0.372
10 7 5 3 1 47 2 0 0.231 9.59e-06 7.47e-09 0.00056 0.376
10 8 5 3 1 46 2 0 0.15 8.39e-06 9.62e-09 0.000575 0.381
10 9 5 3 1 46 2 0 0.103 7.18e-06 9.57e-09 0.000587 0.386
10 10 5 3 1 46 2 0 0.0742 6.07e-06 9.82e-09 0.000595 0.391
10 11 5 3 1 47 2 0 0.0557 5.1e-06 7.45e-09 0.000601 0.395
10 12 5 3 1 47 2 0 0.0427 4.26e-06 7.76e-09 0.000606 0.399
10 13 5 3 1 47 2 0 0.0327 3.54e-06 8.07e-09 0.000609 0.401
10 14 5 3 1 47 2 0 0.0249 3.37e-06 8.38e-09 0.000611 0.404
10 15 5 3 1 47 2 0 0.0187 3.19e-06 8.67e-09 0.000612 0.405
10 16 5 3 1 47 2 0 0.0139 3.01e-06 8.96e-09 0.000613 0.407
10 17 5 3 1 47 2 0 0.0101 2.86e-06 9.24e-09 0.000614 0.408
10 18 5 3 1 47 2 0 0.00736 2.72e-06 9.51e-09 0.000614 0.409
10 19 5 3 1 47 2 0 0.00531 2.63e-06 9.76e-09 0.000615 0.409
10 20 5 3 1 48 2 0 0.0038 2.53e-06 7.31e-09 0.000615 0.41
10 21 5 3 1 48 2 0 0.00271 2.41e-06 7.48e-09 0.000615 0.41
10 22 5 3 1 48 2 0 0.00193 2.29e-06 7.63e-09 0.000615 0.411
10 23 5 3 1 48 2 0 0.00135 2.17e-06 7.78e-09 0.000615 0.411
10 24 5 3 1 48 2 0 0.000941 2.05e-06 7.92e-09 0.000615 0.411
stationary flow nc = 6 i = 24 du = 0.000940909
# Quadtree, 24 steps, 143.98 CPU, 146.9 real, 7.14e+03 points.step/s, 33 var
10 0 5 3 1 48 2 0 0 2.05e-06 7.92e-09 0 0
10 1 5 3 1 5 2 0 1 0 0 0.000298 0
10 2 5 3 1 21 2 0 1.36 7.51e-06 9.89e-09 0.000268 0.219
10 3 5 3 1 20 2 0 0.477 8.78e-06 5.29e-09 0.00024 0.335
10 4 5 3 1 19 2 0 0.416 7.62e-06 5.3e-09 0.000203 0.399
10 5 5 3 1 16 2 0 0.462 7.11e-06 5.94e-09 0.000166 0.429
10 6 5 2 1 19 2 0 0.608 8.9e-06 5.71e-09 0.000137 0.443
10 7 6 2 1 19 2 0 0.651 2.41e-06 9.58e-09 0.000115 0.445
10 8 5 2 1 20 2 0 0.606 9.53e-06 6.13e-09 0.0001 0.444
10 9 5 2 1 20 2 0 0.491 7.62e-06 7e-09 9.15e-05 0.441
10 10 5 2 1 20 2 0 0.356 6.46e-06 7.55e-09 8.65e-05 0.438
10 11 5 2 1 20 2 0 0.242 5.51e-06 7.88e-09 8.42e-05 0.435
10 12 5 2 1 20 2 0 0.155 4.76e-06 8.09e-09 8.34e-05 0.433
10 13 5 2 1 20 2 0 0.0958 4.18e-06 8.22e-09 8.34e-05 0.432
10 14 5 2 1 20 2 0 0.0574 3.72e-06 8.32e-09 8.37e-05 0.431
10 15 5 2 1 20 2 0 0.0346 3.35e-06 8.39e-09 8.41e-05 0.431
10 16 5 2 1 20 2 0 0.0245 3.05e-06 8.46e-09 8.43e-05 0.431
10 17 5 2 1 20 2 0 0.0237 2.8e-06 8.52e-09 8.44e-05 0.432
10 18 5 2 1 20 2 0 0.0217 2.57e-06 8.57e-09 8.43e-05 0.432
10 19 5 2 1 20 2 0 0.0192 2.37e-06 8.61e-09 8.41e-05 0.432
10 20 5 2 1 20 2 0 0.0166 2.18e-06 8.65e-09 8.39e-05 0.433
10 21 5 2 1 20 2 0 0.0145 2.01e-06 8.68e-09 8.37e-05 0.433
10 22 5 2 1 20 2 0 0.0141 1.85e-06 8.69e-09 8.34e-05 0.434
10 23 5 2 1 20 2 0 0.0133 1.7e-06 8.7e-09 8.32e-05 0.434
10 24 5 2 1 20 2 0 0.0122 1.56e-06 8.7e-09 8.3e-05 0.434
10 25 5 2 1 20 2 0 0.011 1.44e-06 8.69e-09 8.29e-05 0.434
10 26 5 2 1 20 2 0 0.00973 1.39e-06 8.68e-09 8.27e-05 0.434
10 27 5 2 1 20 2 0 0.00853 1.34e-06 8.66e-09 8.26e-05 0.434
10 28 5 2 1 20 2 0 0.00745 1.29e-06 8.63e-09 8.25e-05 0.434
10 29 5 2 1 20 2 0 0.0065 1.25e-06 8.6e-09 8.24e-05 0.434
10 30 5 2 1 20 2 0 0.00568 1.2e-06 8.57e-09 8.23e-05 0.434
10 31 5 2 1 20 2 0 0.005 1.16e-06 8.53e-09 8.22e-05 0.434
10 32 5 2 1 20 2 0 0.00442 1.12e-06 8.49e-09 8.21e-05 0.434
10 33 5 2 1 20 2 0 0.00394 1.07e-06 8.45e-09 8.21e-05 0.435
10 34 5 2 1 20 2 0 0.00352 1.03e-06 8.41e-09 8.2e-05 0.435
10 35 5 2 1 20 2 0 0.00316 9.96e-07 8.37e-09 8.2e-05 0.435
10 36 5 2 1 20 2 0 0.00285 9.73e-07 8.32e-09 8.19e-05 0.434
10 37 5 2 1 20 2 0 0.00257 9.51e-07 8.28e-09 8.19e-05 0.434
10 38 5 2 1 20 2 0 0.00233 9.28e-07 8.23e-09 8.18e-05 0.434
10 39 5 2 1 20 2 0 0.00211 9.06e-07 8.18e-09 8.18e-05 0.434
10 40 5 2 1 20 2 0 0.00191 8.85e-07 8.14e-09 8.18e-05 0.434
10 41 5 2 1 20 2 0 0.00173 8.82e-07 8.09e-09 8.17e-05 0.434
10 42 5 2 1 20 2 0 0.00157 8.77e-07 8.04e-09 8.17e-05 0.434
10 43 5 2 1 20 2 0 0.00143 8.71e-07 7.99e-09 8.17e-05 0.434
10 44 5 2 1 20 2 0 0.0013 8.64e-07 7.94e-09 8.16e-05 0.434
10 45 5 2 1 20 2 0 0.00119 8.55e-07 7.89e-09 8.16e-05 0.434
10 46 5 2 1 20 2 0 0.00108 8.46e-07 7.85e-09 8.16e-05 0.434
10 47 5 2 1 20 2 0 0.000983 8.36e-07 7.8e-09 8.16e-05 0.434
stationary flow nc = 7 i = 47 du = 0.000982791
# Quadtree, 47 steps, 141.983 CPU, 145 real, 1.48e+04 points.step/s, 33 var
10 0 5 2 1 20 2 0 0 8.36e-07 7.8e-09 0 0
10 1 5 2 1 5 2 0 1 0 0 0.000248 0
10 2 6 2 1 18 2 0 1.48 5.57e-06 5.66e-09 0.000206 0.209
10 3 6 2 1 15 2 0 0.55 5.05e-06 7.98e-09 0.000166 0.328
10 4 6 2 1 14 2 0 0.615 5.21e-06 9.52e-09 0.000121 0.393
10 5 6 2 1 16 2 0 0.939 4.02e-06 4.95e-09 8.19e-05 0.423
10 6 6 2 1 16 2 0 1.33 3.19e-06 9.01e-09 5.35e-05 0.435
10 7 6 2 1 17 2 0 1.54 2.6e-06 5.49e-09 3.53e-05 0.437
10 8 6 2 1 17 2 0 1.58 2.05e-06 6.6e-09 2.51e-05 0.435
10 9 5 2 1 17 2 0 1.38 9.47e-06 7.46e-09 2.03e-05 0.431
10 10 5 2 1 17 2 0 1.05 8.6e-06 8.2e-09 1.87e-05 0.428
10 11 5 2 1 17 2 0 0.666 7.76e-06 8.85e-09 1.87e-05 0.427
10 12 5 2 1 17 2 0 0.411 7e-06 9.47e-09 1.93e-05 0.428
10 13 5 2 1 18 2 0 0.279 6.32e-06 4.53e-09 2e-05 0.429
10 14 5 2 1 18 2 0 0.217 5.71e-06 4.8e-09 2.03e-05 0.431
10 15 5 2 1 18 2 0 0.191 5.17e-06 5.05e-09 2.04e-05 0.433
10 16 5 2 1 18 2 0 0.184 4.69e-06 5.31e-09 2.01e-05 0.435
10 17 5 2 1 18 2 0 0.184 4.25e-06 5.55e-09 1.98e-05 0.437
10 18 5 2 1 18 2 0 0.186 3.85e-06 5.79e-09 1.93e-05 0.439
10 19 5 2 1 18 2 0 0.187 3.48e-06 6.02e-09 1.87e-05 0.441
10 20 5 2 1 18 2 0 0.185 3.14e-06 6.24e-09 1.82e-05 0.443
10 21 5 2 1 18 2 0 0.18 2.99e-06 6.44e-09 1.77e-05 0.444
10 22 5 2 1 18 2 0 0.173 2.85e-06 6.64e-09 1.73e-05 0.446
10 23 5 2 1 18 2 0 0.165 2.71e-06 6.83e-09 1.69e-05 0.447
10 24 5 2 1 18 2 0 0.157 2.57e-06 7.01e-09 1.66e-05 0.448
10 25 5 2 1 18 2 0 0.149 2.44e-06 7.19e-09 1.63e-05 0.449
10 26 5 2 1 18 2 0 0.141 2.32e-06 7.35e-09 1.6e-05 0.451
10 27 5 2 1 18 2 0 0.134 2.2e-06 7.51e-09 1.57e-05 0.451
10 28 5 2 1 18 2 0 0.127 2.08e-06 7.66e-09 1.55e-05 0.452
10 29 5 2 1 18 2 0 0.121 1.97e-06 7.8e-09 1.53e-05 0.453
10 30 5 2 1 18 2 0 0.116 1.87e-06 7.94e-09 1.51e-05 0.454
10 31 5 2 1 18 2 0 0.111 1.76e-06 8.07e-09 1.49e-05 0.455
10 32 5 2 1 18 2 0 0.106 1.67e-06 8.19e-09 1.47e-05 0.456
10 33 5 2 1 18 2 0 0.101 1.57e-06 8.3e-09 1.46e-05 0.457
10 34 5 2 1 18 2 0 0.0971 1.51e-06 8.42e-09 1.44e-05 0.457
10 35 5 2 1 18 2 0 0.093 1.47e-06 8.52e-09 1.42e-05 0.458
10 36 5 2 1 18 2 0 0.0891 1.44e-06 8.62e-09 1.41e-05 0.458
10 37 5 2 1 18 2 0 0.0855 1.4e-06 8.71e-09 1.4e-05 0.459
10 38 5 2 1 18 2 0 0.0821 1.36e-06 8.8e-09 1.38e-05 0.46
10 39 5 2 1 18 2 0 0.0789 1.32e-06 8.89e-09 1.37e-05 0.46
10 40 5 2 1 18 2 0 0.0758 1.28e-06 8.97e-09 1.36e-05 0.461
10 41 5 2 1 18 2 0 0.0728 1.24e-06 9.04e-09 1.35e-05 0.461
10 42 5 2 1 18 2 0 0.0699 1.2e-06 9.11e-09 1.34e-05 0.462
10 43 5 2 1 18 2 0 0.0672 1.16e-06 9.18e-09 1.33e-05 0.462
10 44 5 2 1 18 2 0 0.0645 1.12e-06 9.24e-09 1.32e-05 0.463
10 45 5 2 1 18 2 0 0.062 1.08e-06 9.3e-09 1.31e-05 0.463
10 46 5 2 1 18 2 0 0.0596 1.05e-06 9.35e-09 1.3e-05 0.463
10 47 5 2 1 18 2 0 0.0574 1.04e-06 9.4e-09 1.29e-05 0.464
10 48 5 2 1 18 2 0 0.0553 1.03e-06 9.45e-09 1.29e-05 0.464
10 49 5 2 1 18 2 0 0.0532 1.02e-06 9.49e-09 1.28e-05 0.464
10 50 5 2 1 18 2 0 0.0512 1e-06 9.53e-09 1.27e-05 0.464
10 51 5 2 1 18 2 0 0.0493 9.91e-07 9.57e-09 1.27e-05 0.465
10 52 5 2 1 18 2 0 0.0475 9.77e-07 9.61e-09 1.26e-05 0.465
10 53 5 2 1 18 2 0 0.0457 9.64e-07 9.64e-09 1.25e-05 0.465
10 54 5 2 1 18 2 0 0.044 9.5e-07 9.67e-09 1.25e-05 0.465
10 55 5 2 1 18 2 0 0.0424 9.36e-07 9.69e-09 1.24e-05 0.466
10 56 5 2 1 18 2 0 0.0408 9.21e-07 9.72e-09 1.24e-05 0.466
10 57 5 2 1 18 2 0 0.0393 9.07e-07 9.74e-09 1.23e-05 0.466
10 58 5 2 1 18 2 0 0.038 8.92e-07 9.76e-09 1.23e-05 0.466
10 59 5 2 1 18 2 0 0.0366 8.77e-07 9.77e-09 1.22e-05 0.467
10 60 5 2 1 18 2 0 0.0353 8.63e-07 9.79e-09 1.22e-05 0.467
10 61 5 2 1 18 2 0 0.0341 8.48e-07 9.8e-09 1.22e-05 0.467
10 62 5 2 1 18 2 0 0.0329 8.33e-07 9.81e-09 1.21e-05 0.467
10 63 5 2 1 18 2 0 0.0317 8.18e-07 9.82e-09 1.21e-05 0.467
10 64 5 2 1 18 2 0 0.0306 8.03e-07 9.83e-09 1.21e-05 0.467
10 65 5 2 1 18 2 0 0.0295 7.88e-07 9.83e-09 1.2e-05 0.468
10 66 5 2 1 18 2 0 0.0285 7.74e-07 9.84e-09 1.2e-05 0.468
10 67 5 2 1 18 2 0 0.0276 7.59e-07 9.84e-09 1.2e-05 0.468
10 68 5 2 1 18 2 0 0.0266 7.44e-07 9.84e-09 1.19e-05 0.468
10 69 5 2 1 18 2 0 0.0258 7.29e-07 9.84e-09 1.19e-05 0.468
10 70 5 2 1 18 2 0 0.0249 7.15e-07 9.84e-09 1.19e-05 0.468
10 71 5 2 1 18 2 0 0.0241 7e-07 9.83e-09 1.19e-05 0.468
10 72 5 2 1 18 2 0 0.0233 6.86e-07 9.83e-09 1.18e-05 0.468
10 73 5 2 1 18 2 0 0.0225 6.76e-07 9.82e-09 1.18e-05 0.468
10 74 5 2 1 18 2 0 0.0217 6.72e-07 9.81e-09 1.18e-05 0.468
10 75 5 2 1 18 2 0 0.0211 6.68e-07 9.81e-09 1.18e-05 0.468
10 76 5 2 1 18 2 0 0.0204 6.63e-07 9.8e-09 1.18e-05 0.468
10 77 5 2 1 18 2 0 0.0198 6.59e-07 9.79e-09 1.17e-05 0.469
10 78 5 2 1 18 2 0 0.0192 6.54e-07 9.78e-09 1.17e-05 0.469
10 79 5 2 1 18 2 0 0.0185 6.49e-07 9.77e-09 1.17e-05 0.469
10 80 5 2 1 18 2 0 0.018 6.43e-07 9.75e-09 1.17e-05 0.469
10 81 5 2 1 18 2 0 0.0174 6.38e-07 9.74e-09 1.17e-05 0.469
10 82 5 2 1 18 2 0 0.0168 6.32e-07 9.73e-09 1.17e-05 0.469
10 83 5 2 1 18 2 0 0.0163 6.26e-07 9.71e-09 1.17e-05 0.469
10 84 5 2 1 18 2 0 0.0158 6.2e-07 9.7e-09 1.16e-05 0.469
10 85 5 2 1 18 2 0 0.0153 6.14e-07 9.68e-09 1.16e-05 0.469
10 86 5 2 1 18 2 0 0.0148 6.08e-07 9.66e-09 1.16e-05 0.469
10 87 5 2 1 18 2 0 0.0144 6.01e-07 9.65e-09 1.16e-05 0.469
10 88 5 2 1 18 2 0 0.0139 5.95e-07 9.63e-09 1.16e-05 0.469
10 89 5 2 1 18 2 0 0.0135 5.88e-07 9.61e-09 1.16e-05 0.469
10 90 5 2 1 18 2 0 0.0131 5.82e-07 9.59e-09 1.16e-05 0.469
10 91 5 2 1 18 2 0 0.0127 5.75e-07 9.58e-09 1.16e-05 0.469
10 92 5 2 1 18 2 0 0.0123 5.68e-07 9.56e-09 1.16e-05 0.469
10 93 5 2 1 18 2 0 0.0119 5.61e-07 9.54e-09 1.16e-05 0.469
10 94 5 2 1 18 2 0 0.0116 5.55e-07 9.52e-09 1.16e-05 0.469
10 95 5 2 1 18 2 0 0.0112 5.48e-07 9.5e-09 1.16e-05 0.469
10 96 5 2 1 18 2 0 0.0108 5.41e-07 9.48e-09 1.15e-05 0.469
10 97 5 2 1 18 2 0 0.0105 5.34e-07 9.46e-09 1.15e-05 0.469
10 98 5 2 1 18 2 0 0.0102 5.27e-07 9.44e-09 1.15e-05 0.469
10 99 5 2 1 18 2 0 0.00984 5.2e-07 9.42e-09 1.15e-05 0.469
10 100 5 2 1 18 2 0 0.00953 5.13e-07 9.39e-09 1.15e-05 0.469
10 101 5 2 1 18 2 0 0.00922 5.06e-07 9.37e-09 1.15e-05 0.469
10 102 5 2 1 18 2 0 0.00892 4.99e-07 9.35e-09 1.15e-05 0.469
10 103 5 2 1 18 2 0 0.00863 4.92e-07 9.33e-09 1.15e-05 0.469
10 104 5 2 1 18 2 0 0.00834 4.85e-07 9.31e-09 1.15e-05 0.469
10 105 5 2 1 18 2 0 0.00807 4.78e-07 9.29e-09 1.15e-05 0.469
10 106 5 2 1 18 2 0 0.0078 4.71e-07 9.27e-09 1.15e-05 0.469
10 107 5 2 1 18 2 0 0.00754 4.64e-07 9.24e-09 1.15e-05 0.469
10 108 5 2 1 18 2 0 0.00728 4.57e-07 9.22e-09 1.15e-05 0.469
10 109 5 2 1 18 2 0 0.00703 4.5e-07 9.2e-09 1.15e-05 0.469
10 110 5 2 1 18 2 0 0.00679 4.43e-07 9.18e-09 1.15e-05 0.469
10 111 5 2 1 18 2 0 0.00656 4.36e-07 9.16e-09 1.15e-05 0.469
10 112 5 2 1 18 2 0 0.00633 4.29e-07 9.14e-09 1.15e-05 0.469
10 113 5 2 1 18 2 0 0.00611 4.23e-07 9.11e-09 1.15e-05 0.469
10 114 5 2 1 18 2 0 0.0059 4.16e-07 9.09e-09 1.15e-05 0.469
10 115 5 2 1 18 2 0 0.00569 4.09e-07 9.07e-09 1.15e-05 0.469
10 116 5 2 1 18 2 0 0.00549 4.03e-07 9.05e-09 1.15e-05 0.469
10 117 5 2 1 18 2 0 0.00529 3.96e-07 9.03e-09 1.15e-05 0.469
10 118 5 2 1 18 2 0 0.0051 3.9e-07 9.01e-09 1.15e-05 0.469
10 119 5 2 1 18 2 0 0.00492 3.83e-07 8.99e-09 1.15e-05 0.469
10 120 5 2 1 18 2 0 0.00476 3.77e-07 8.97e-09 1.15e-05 0.469
10 121 5 2 1 18 2 0 0.00461 3.71e-07 8.94e-09 1.15e-05 0.469
10 122 5 2 1 18 2 0 0.00446 3.64e-07 8.92e-09 1.16e-05 0.469
10 123 5 2 1 18 2 0 0.00431 3.58e-07 8.9e-09 1.16e-05 0.469
10 124 5 2 1 18 2 0 0.00417 3.52e-07 8.88e-09 1.16e-05 0.469
10 125 5 2 1 18 2 0 0.00403 3.46e-07 8.86e-09 1.16e-05 0.469
10 126 5 2 1 18 2 0 0.0039 3.4e-07 8.84e-09 1.16e-05 0.469
10 127 5 2 1 18 2 0 0.00378 3.34e-07 8.82e-09 1.16e-05 0.469
10 128 5 2 1 18 2 0 0.00366 3.28e-07 8.8e-09 1.16e-05 0.469
10 129 5 2 1 18 2 0 0.00354 3.22e-07 8.78e-09 1.16e-05 0.469
10 130 5 2 1 18 2 0 0.00342 3.16e-07 8.76e-09 1.16e-05 0.469
10 131 5 2 1 18 2 0 0.00331 3.11e-07 8.74e-09 1.16e-05 0.469
10 132 5 2 1 18 2 0 0.0032 3.05e-07 8.72e-09 1.16e-05 0.469
10 133 5 2 1 18 2 0 0.0031 3e-07 8.7e-09 1.16e-05 0.469
10 134 5 2 1 18 2 0 0.003 2.94e-07 8.69e-09 1.16e-05 0.469
10 135 5 2 1 18 2 0 0.0029 2.89e-07 8.67e-09 1.16e-05 0.469
10 136 5 2 1 18 2 0 0.0028 2.83e-07 8.65e-09 1.16e-05 0.469
10 137 5 2 1 18 2 0 0.00271 2.78e-07 8.63e-09 1.16e-05 0.469
10 138 5 2 1 18 2 0 0.00263 2.73e-07 8.61e-09 1.16e-05 0.469
10 139 5 2 1 18 2 0 0.00254 2.68e-07 8.59e-09 1.16e-05 0.469
10 140 5 2 1 18 2 0 0.00246 2.63e-07 8.58e-09 1.16e-05 0.469
10 141 5 2 1 18 2 0 0.00238 2.58e-07 8.56e-09 1.16e-05 0.468
10 142 5 2 1 18 2 0 0.0023 2.53e-07 8.54e-09 1.16e-05 0.468
10 143 5 2 1 18 2 0 0.00223 2.48e-07 8.52e-09 1.16e-05 0.468
10 144 5 2 1 18 2 0 0.00215 2.43e-07 8.51e-09 1.16e-05 0.468
10 145 5 2 1 18 2 0 0.00209 2.38e-07 8.49e-09 1.16e-05 0.468
10 146 5 2 1 18 2 0 0.00202 2.34e-07 8.47e-09 1.17e-05 0.468
10 147 5 2 1 18 2 0 0.00196 2.29e-07 8.46e-09 1.17e-05 0.468
10 148 5 2 1 18 2 0 0.0019 2.25e-07 8.44e-09 1.17e-05 0.468
10 149 5 2 1 18 2 0 0.0019 2.2e-07 8.42e-09 1.17e-05 0.468
10 150 5 2 1 18 2 0 0.0019 2.16e-07 8.41e-09 1.17e-05 0.468
10 151 5 2 1 18 2 0 0.0019 2.11e-07 8.39e-09 1.17e-05 0.468
10 152 5 2 1 18 2 0 0.00189 2.07e-07 8.38e-09 1.17e-05 0.468
10 153 5 2 1 18 2 0 0.00189 2.03e-07 8.36e-09 1.17e-05 0.468
10 154 5 2 1 18 2 0 0.00188 1.99e-07 8.35e-09 1.17e-05 0.468
10 155 5 2 1 18 2 0 0.00188 1.95e-07 8.33e-09 1.17e-05 0.468
10 156 5 2 1 18 2 0 0.00187 1.91e-07 8.32e-09 1.17e-05 0.468
10 157 5 2 1 18 2 0 0.00187 1.87e-07 8.3e-09 1.17e-05 0.468
10 158 5 2 1 18 2 0 0.00186 1.83e-07 8.29e-09 1.17e-05 0.468
10 159 5 2 1 18 2 0 0.00185 1.79e-07 8.28e-09 1.17e-05 0.468
10 160 5 2 1 18 2 0 0.00184 1.75e-07 8.26e-09 1.17e-05 0.468
10 161 5 2 1 18 2 0 0.00183 1.72e-07 8.25e-09 1.17e-05 0.468
10 162 5 2 1 18 2 0 0.00182 1.68e-07 8.23e-09 1.17e-05 0.468
10 163 5 2 1 18 2 0 0.00181 1.65e-07 8.22e-09 1.17e-05 0.468
10 164 5 2 1 18 2 0 0.0018 1.61e-07 8.21e-09 1.17e-05 0.468
10 165 5 2 1 18 2 0 0.00179 1.58e-07 8.2e-09 1.18e-05 0.468
10 166 5 2 1 18 2 0 0.00178 1.54e-07 8.18e-09 1.18e-05 0.468
10 167 5 2 1 18 2 0 0.00177 1.51e-07 8.17e-09 1.18e-05 0.468
10 168 5 2 1 18 2 0 0.00175 1.48e-07 8.16e-09 1.18e-05 0.468
10 169 5 2 1 18 2 0 0.00174 1.44e-07 8.15e-09 1.18e-05 0.468
10 170 5 2 1 18 2 0 0.00173 1.41e-07 8.13e-09 1.18e-05 0.468
10 171 5 2 1 18 2 0 0.00171 1.38e-07 8.12e-09 1.18e-05 0.468
10 172 5 2 1 18 2 0 0.0017 1.35e-07 8.11e-09 1.18e-05 0.468
10 173 5 2 1 18 2 0 0.00169 1.32e-07 8.1e-09 1.18e-05 0.468
10 174 5 2 1 18 2 0 0.00167 1.29e-07 8.09e-09 1.18e-05 0.468
10 175 5 2 1 18 2 0 0.00166 1.26e-07 8.08e-09 1.18e-05 0.468
10 176 5 2 1 18 2 0 0.00164 1.24e-07 8.07e-09 1.18e-05 0.468
10 177 5 2 1 18 2 0 0.00163 1.21e-07 8.06e-09 1.18e-05 0.468
10 178 5 2 1 18 2 0 0.00161 1.18e-07 8.05e-09 1.18e-05 0.468
10 179 5 2 1 18 2 0 0.0016 1.15e-07 8.04e-09 1.18e-05 0.468
10 180 5 2 1 18 2 0 0.00158 1.13e-07 8.03e-09 1.18e-05 0.468
10 181 5 2 1 18 2 0 0.00156 1.1e-07 8.02e-09 1.18e-05 0.468
10 182 5 2 1 18 2 0 0.00155 1.08e-07 8.01e-09 1.18e-05 0.468
10 183 5 2 1 18 2 0 0.00153 1.05e-07 8e-09 1.18e-05 0.468
10 184 5 2 1 18 2 0 0.00152 1.03e-07 7.99e-09 1.18e-05 0.468
10 185 5 2 1 18 2 0 0.0015 1e-07 7.98e-09 1.19e-05 0.468
10 186 5 2 1 18 2 0 0.00149 9.82e-08 7.97e-09 1.19e-05 0.468
10 187 5 2 1 18 2 0 0.00147 9.59e-08 7.96e-09 1.19e-05 0.468
10 188 5 2 1 18 2 0 0.00146 9.36e-08 7.95e-09 1.19e-05 0.468
10 189 5 2 1 18 2 0 0.00144 9.18e-08 7.94e-09 1.19e-05 0.468
10 190 5 2 1 18 2 0 0.00143 9.02e-08 7.93e-09 1.19e-05 0.468
10 191 5 2 1 18 2 0 0.00141 8.87e-08 7.93e-09 1.19e-05 0.468
10 192 5 2 1 18 2 0 0.0014 8.72e-08 7.92e-09 1.19e-05 0.468
10 193 5 2 1 18 2 0 0.00138 8.57e-08 7.91e-09 1.19e-05 0.468
10 194 5 2 1 18 2 0 0.00136 8.42e-08 7.9e-09 1.19e-05 0.468
10 195 5 2 1 18 2 0 0.00135 8.28e-08 7.89e-09 1.19e-05 0.468
10 196 5 2 1 18 2 0 0.00133 8.13e-08 7.89e-09 1.19e-05 0.468
10 197 5 2 1 18 2 0 0.00132 7.99e-08 7.88e-09 1.19e-05 0.468
10 198 5 2 1 18 2 0 0.0013 7.85e-08 7.87e-09 1.19e-05 0.468
10 199 5 2 1 18 2 0 0.00129 7.71e-08 7.86e-09 1.19e-05 0.468
10 200 5 2 1 18 2 0 0.00127 7.58e-08 7.86e-09 1.19e-05 0.468
10 201 5 2 1 18 2 0 0.00126 7.44e-08 7.85e-09 1.19e-05 0.468
10 202 5 2 1 18 2 0 0.00124 7.31e-08 7.84e-09 1.19e-05 0.468
10 203 5 2 1 18 2 0 0.00123 7.18e-08 7.84e-09 1.19e-05 0.468
10 204 5 2 1 18 2 0 0.00121 7.05e-08 7.83e-09 1.19e-05 0.468
10 205 5 2 1 18 2 0 0.00119 6.92e-08 7.82e-09 1.19e-05 0.468
10 206 5 2 1 18 2 0 0.00118 6.8e-08 7.82e-09 1.19e-05 0.468
10 207 5 2 1 18 2 0 0.00116 6.67e-08 7.81e-09 1.19e-05 0.468
10 208 5 2 1 18 2 0 0.00115 6.55e-08 7.81e-09 1.2e-05 0.468
10 209 5 2 1 18 2 0 0.00113 6.43e-08 7.8e-09 1.2e-05 0.468
10 210 5 2 1 18 2 0 0.00112 6.31e-08 7.79e-09 1.2e-05 0.468
10 211 5 2 1 18 2 0 0.0011 6.2e-08 7.79e-09 1.2e-05 0.468
10 212 5 2 1 18 2 0 0.00109 6.08e-08 7.78e-09 1.2e-05 0.468
10 213 5 2 1 18 2 0 0.00107 5.97e-08 7.78e-09 1.2e-05 0.468
10 214 5 2 1 18 2 0 0.00106 5.86e-08 7.77e-09 1.2e-05 0.468
10 215 5 2 1 18 2 0 0.00104 5.75e-08 7.77e-09 1.2e-05 0.468
10 216 5 2 1 18 2 0 0.00103 5.64e-08 7.76e-09 1.2e-05 0.468
10 217 5 2 1 18 2 0 0.00102 5.53e-08 7.76e-09 1.2e-05 0.468
10 218 5 2 1 18 2 0 0.001 5.43e-08 7.75e-09 1.2e-05 0.468
10 219 5 2 1 18 2 0 0.000988 5.32e-08 7.75e-09 1.2e-05 0.468
stationary flow nc = 8 i = 219 du = 0.000987899
# Quadtree, 219 steps, 573.621 CPU, 580.9 real, 1.73e+04 points.step/s, 33 var
