0.000176145 0.063953359257631
0.00179673 0.06395335735465
0.00351849 0.063953360084683
0.00524026 0.063953358157991
0.00696203 0.063953358260977
0.0086838 0.063953355754435
0.010396 0.063953358128068
0.0121178 0.0639533554864
0.0138395 0.063953358236695
0.0155613 0.063953359257658
0.0172831 0.063953360157294
0.0190049 0.063953359161868
0.0207231 0.063953355964971
0.0224449 0.063953356898803
0.0241667 0.063953354830993
0.0258885 0.063953357169098
0.0276102 0.06395335552259
0.029332 0.063953358665512
0.0310503 0.06395335912728
0.032772 0.063953359087979
0.0344938 0.063953357948756
0.0362156 0.063953356777004
0.0379374 0.063953356641925
0.0396591 0.063953354311694
0.0413774 0.063953356841702
0.0430992 0.063953354566803
0.044821 0.063953358407526
0.0465427 0.06395335769065
0.0482645 0.063953355537135
0.0499863 0.063953354465357
0.0517046 0.063953356143512
0.0534263 0.063953355578676
0.0551481 0.063953353523456
0.0568699 0.063953353647516
0.0585916 0.063953355622165
0.0603099 0.063953357654472
0.0620317 0.063953356201079
0.0637535 0.063953353097519
0.0654752 0.063953350342719
0.067197 0.063953352944992
0.0689188 0.06395335390532
0.0706371 0.063953351381357
0.0723588 0.063953350202435
0.0740806 0.063953355094416
0.0758024 0.063953356679135
0.0775241 0.063953356256408
0.0792459 0.063953353760904
0.0809642 0.063953352566431
0.082686 0.063953352631668
0.0844077 0.063953353766109
0.0861295 0.063953351299267
0.0878513 0.063953351082009
0.089573 0.063953355489632
0.0912913 0.063953354411914
0.0930131 0.06395335275873
0.0947349 0.063953351833101
0.0964566 0.063953353291452
0.0981784 0.063953351965454
0.0999002 0.063953351634346
0.101618 0.063953351712654
0.10334 0.063953355912011
0.105062 0.063953356430604
0.106784 0.063953354980679
0.108506 0.063953351206788
0.110224 0.063953350728955
0.111946 0.063953349440718
0.113667 0.063953351585498
0.115389 0.063953348367054
0.117111 0.063953350680386
0.118833 0.06395335651
0.120551 0.063953351657306
0.122273 0.063953351180757
0.123995 0.063953348796767
0.125716 0.063953349310599
0.127438 0.063953348595454
0.12916 0.063953345481237
0.130878 0.063953349471239
0.1326 0.063953349665881
0.134322 0.063953352020562
0.136043 0.063953353630025
0.137765 0.063953347047048
0.139487 0.063953348565589
0.141205 0.063953346651337
0.142927 0.063953348609329
0.144649 0.063953344459601
0.146371 0.06395335087483
0.148092 0.063953350232993
0.149814 0.063953355577402
0.151532 0.063953349575573
0.153254 0.063953347060734
0.154976 0.063953346935279
0.156698 0.063953347077546
0.158419 0.063953350048326
0.160138 0.06395334219425
0.16186 0.06395335396451
0.163581 0.063953349162812
0.165303 0.063953353011722
0.167025 0.063953348130527
0.168747 0.06395334598407
0.170465 0.063953352597639
0.172187 0.063953348656173
0.173908 0.063953354782703
0.17563 0.063953343689949
0.177352 0.063953353062701
0.179074 0.06395334939085
0.180792 0.06395334812554
0.182514 0.063953350280052
0.184236 0.063953346224713
0.185957 0.063953352798945
0.187679 0.063953347868155
0.189401 0.063953352727636
0.191119 0.063953351641832
0.192841 0.063953349955039
0.194563 0.063953347891859
0.196284 0.063953350908601
0.198006 0.063953353618132
0.199728 0.063953350800612
0.201446 0.063953354313493
0.203168 0.063953351445389
0.20489 0.063953354342275
0.206612 0.063953354626324
0.208333 0.063953353225868
0.210052 0.063953351533972
0.211773 0.063953349221697
0.213495 0.063953351483793
0.215217 0.063953348231453
0.216939 0.063953349274657
0.218661 0.063953346151435
0.220379 0.063953348942127
0.222101 0.063953349403719
0.223822 0.063953349258192
0.225544 0.063953348889093
0.227266 0.063953346200745
0.228988 0.063953349626068
0.230706 0.063953344729108
0.232428 0.063953350770046
0.234149 0.063953352813019
0.235871 0.063953351730602
0.237593 0.063953347951004
0.239315 0.063953348196785
0.241033 0.063953349926035
0.242755 0.063953347999378
0.244477 0.063953350363972
0.246198 0.063953350589427
0.24792 0.063953352782926
0.249642 0.063953351986092
0.25136 0.063953351785959
0.253082 0.06395334779959
0.254804 0.063953350389929
0.256526 0.06395335184596
0.258247 0.063953348570334
0.259969 0.063953350852081
0.261687 0.063953349648786
0.263409 0.063953353219357
0.265131 0.063953351200123
0.266853 0.063953349256209
0.268574 0.063953349406712
0.270293 0.063953351064094
0.272014 0.063953351464399
0.273736 0.063953347237482
0.275458 0.063953350994108
0.27718 0.063953351627449
0.278902 0.063953352130012
0.28062 0.063953349712288
0.282342 0.063953347164246
0.284063 0.063953348052725
0.285785 0.063953345928635
0.287507 0.063953347682778
0.289229 0.063953343649512
0.290947 0.063953348629139
0.292669 0.063953346535249
0.294391 0.063953343721358
0.296112 0.063953343994662
0.297834 0.063953341639226
0.299556 0.063953341713311
0.301274 0.063953338772505
0.302996 0.063953337838166
0.304718 0.063953336935622
0.306439 0.063953337298375
0.308161 0.063953334204717
0.309883 0.063953329135873
0.311601 0.063953330493771
0.313323 0.063953325865538
0.315045 0.063953323617138
0.316767 0.063953319060484
0.318488 0.063953314271992
0.320207 0.06395331099967
0.321928 0.063953303389804
0.32365 0.063953296811846
0.325372 0.063953289387469
0.327094 0.063953273492728
0.328815 0.063953252425222
0.330534 0.063953248680216
0.332256 0.06395322894628
0.333977 0.063953233083223
0.335699 0.063953206178668
0.337421 0.063953194989134
0.339143 0.06395315822861
0.340861 0.063953178219598
0.342583 0.063953194957277
0.344304 0.063953334335268
0.346026 0.063953386155244
0.347748 0.063953390423983
0.34947 0.063953402676968
0.351188 0.063953398972058
0.35291 0.06395340185347
0.354632 0.063953400462712
0.356353 0.063953402029804
0.358075 0.063953406316056
0.359797 0.063953406634383
0.361515 0.063953405354892
0.363237 0.063953407661956
0.364959 0.0639534160367
0.36668 0.063953412440223
0.368402 0.063953411308543
0.370121 0.063953409899594
0.371842 0.063953411999242
0.373564 0.063953413773723
0.375286 0.063953414007605
0.377008 0.063953414204981
0.378729 0.063953413167283
0.380448 0.063953415813653
0.382169 0.06395341673822
0.383891 0.06395341767479
0.385613 0.063953418069587
0.387335 0.063953414017968
0.389057 0.063953417411611
0.390775 0.063953415707114
0.392497 0.063953418156059
0.394218 0.063953419858851
0.39594 0.06395341653765
0.397662 0.063953416258727
0.399384 0.06395341692189
0.401102 0.063953417297262
0.402824 0.063953415154949
0.404545 0.063953415104582
0.406267 0.063953418659334
0.407989 0.063953418715744
0.409711 0.063953416730417
0.411429 0.063953417941441
0.413151 0.063953418474639
0.414873 0.063953417879525
0.416594 0.063953418554128
0.418316 0.063953417008892
0.420034 0.063953417361662
0.421756 0.063953419188586
0.423478 0.063953420696906
0.4252 0.063953419818358
0.426922 0.063953418337203
0.428643 0.063953419814535
0.430362 0.063953417919099
0.432083 0.063953418965728
0.433805 0.063953419350273
0.435527 0.063953420655323
0.437249 0.063953418146212
0.43897 0.063953419695438
0.440689 0.06395341967323
0.44241 0.063953417802017
0.444132 0.063953420713367
0.445854 0.063953419079626
0.447576 0.063953419387479
0.449298 0.063953417745918
0.451016 0.063953421393873
0.452738 0.063953420371234
0.454459 0.063953419085048
0.456181 0.063953419972889
0.457903 0.063953419078617
0.459625 0.06395342005278
0.461343 0.063953419444732
0.463065 0.063953419957104
0.464787 0.063953420535187
0.466508 0.063953419982427
0.46823 0.063953418414177
0.469952 0.063953415969116
0.47167 0.063953414773996
0.473392 0.06395341225852
0.475114 0.063953410018695
0.476835 0.063953407549081
0.478557 0.063953405326144
0.480275 0.063953402844095
0.481997 0.063953398872394
0.483719 0.063953395566292
0.485441 0.063953392588417
0.487163 0.063953389812381
0.488884 0.063953386415224
0.490603 0.06395338464161
0.492324 0.063953383623011
0.494046 0.063953383178643
0.495768 0.063953377761111
0.49749 0.063953381435693
0.499211 0.063953381509333
0.50093 0.063953382723727
0.502652 0.063953373295494
0.504373 0.063953383800121
0.506095 0.063953383452698
0.507817 0.063953386479597
0.509539 0.063953385955225
0.511257 0.063953389539931
0.512979 0.063953389426018
0.5147 0.06395338996343
0.516422 0.063953391521736
0.518144 0.063953391469822
0.519866 0.063953391889528
0.521584 0.063953392236586
0.523306 0.063953393669602
0.525028 0.063953393105884
0.526749 0.063953392326844
0.528471 0.063953391507464
0.530189 0.063953393474785
0.531911 0.063953393398088
0.533633 0.063953393968918
0.535355 0.063953398298092
0.537076 0.063953402035591
0.538798 0.063953404224083
0.540517 0.063953400840157
0.542238 0.063953400150723
0.54396 0.063953399311052
0.545682 0.063953400798051
0.547404 0.063953400057989
0.549125 0.063953398497464
0.550844 0.063953400439938
0.552565 0.063953401165579
0.554287 0.063953399846134
0.556009 0.063953400351091
0.557731 0.063953401057746
0.559453 0.063953401206642
0.561171 0.063953401794792
0.562893 0.063953401478117
0.564614 0.063953401574908
0.566336 0.063953403506402
0.568058 0.063953401895649
0.56978 0.063953402933834
0.571498 0.063953402611996
0.57322 0.063953403747087
0.574941 0.063953403285245
0.576663 0.063953403168967
0.578385 0.063953403436143
0.580103 0.063953404495772
0.581825 0.063953400000631
0.583547 0.063953404600591
0.585269 0.063953404335691
0.58699 0.063953403607651
0.588712 0.063953404500685
0.59043 0.063953403441943
0.592152 0.063953403968472
0.593874 0.063953404419965
0.595596 0.063953403822932
0.597318 0.063953405489097
0.599039 0.06395340418446
0.600758 0.063953404308289
0.602479 0.063953403445895
0.604201 0.06395340447585
0.605923 0.063953403653329
0.607645 0.063953404129926
0.609366 0.063953404672563
0.611085 0.063953403888254
0.612806 0.063953404759967
0.614528 0.063953403568599
0.61625 0.063953404105586
0.617972 0.063953404070523
0.619694 0.063953403738964
0.621412 0.0639534033672
0.623134 0.063953402842267
0.624855 0.063953403512977
0.626577 0.063953404918882
0.628299 0.063953404201881
0.630017 0.063953402718182
0.631739 0.063953404054331
0.633461 0.063953402427218
0.635183 0.063953403228149
0.636904 0.063953402790039
0.638626 0.06395340234787
0.640344 0.063953404279531
0.642066 0.063953403368588
0.643788 0.063953402527967
0.64551 0.063953401107214
0.647231 0.06395340282158
0.648953 0.063953400322931
0.650671 0.063953401938268
0.652393 0.06395339972171
0.654115 0.063953400920504
0.655837 0.063953402045861
0.657559 0.063953402056803
0.65928 0.0639533997498
0.660999 0.063953400916802
0.66272 0.063953400321512
0.664442 0.063953398481534
0.666164 0.063953398699757
0.667886 0.06395339744037
0.669607 0.063953401657015
0.671326 0.063953399526497
0.673048 0.06395340048303
0.674769 0.063953398265357
0.676491 0.063953396935141
0.678213 0.063953399559732
0.679935 0.063953397828663
0.681653 0.063953398766035
0.683375 0.063953397346942
0.685096 0.063953400726478
0.686818 0.0639533989737
0.68854 0.063953397350886
0.690258 0.063953397072464
0.69198 0.063953396819491
0.693702 0.063953398420214
0.695424 0.063953398913195
0.697145 0.063953396241767
0.698867 0.063953400510734
0.700585 0.063953399454563
0.702307 0.063953396918576
0.704029 0.063953398260107
0.705751 0.063953398131383
0.707472 0.063953396348347
0.709194 0.063953397671089
0.710913 0.063953398329055
0.712634 0.063953401964906
0.714356 0.063953401216805
0.716078 0.063953398300759
0.7178 0.063953397136155
0.719521 0.063953398385126
0.72124 0.06395339962538
0.722961 0.063953397745627
0.724683 0.063953398330256
0.726405 0.063953400709243
0.728127 0.063953401536288
0.729849 0.063953401098403
0.731567 0.063953398714577
0.733289 0.063953399543369
0.73501 0.063953396800294
0.736732 0.063953399579388
0.738454 0.063953398762037
0.740172 0.063953400163772
0.741894 0.063953402169103
0.743616 0.063953401380069
0.745337 0.063953399764366
0.747059 0.063953399829736
0.748781 0.063953400670275
0.750499 0.063953399097379
0.752221 0.063953400242771
0.753943 0.063953401775301
0.755665 0.063953403288357
0.757386 0.063953402520622
0.759108 0.063953399994666
0.760826 0.063953401780418
0.762548 0.063953401741026
0.76427 0.063953401584948
0.765992 0.063953399905453
0.767714 0.063953401838094
0.769435 0.063953402771759
0.771154 0.063953403915881
0.772875 0.06395340311933
0.774597 0.063953400111539
0.776319 0.063953400819959
0.778041 0.063953400474453
0.779762 0.063953401348015
0.781481 0.063953399231908
0.783202 0.063953403272579
0.784924 0.063953403558444
0.786646 0.063953401917348
0.788368 0.063953402166849
0.790086 0.063953401254801
0.791808 0.063953402333017
0.79353 0.063953400909558
0.795251 0.063953401780546
0.796973 0.063953399674608
0.798695 0.063953404023923
0.800413 0.06395340299377
0.802135 0.063953400749617
0.803857 0.063953400065512
0.805579 0.0639534010605
0.8073 0.063953400584406
0.809022 0.063953397635608
0.81074 0.063953399606496
0.812462 0.063953401441033
0.814184 0.06395340285191
0.815906 0.063953403194996
0.817627 0.063953400637465
0.819349 0.063953400723702
0.821067 0.063953401715289
0.822789 0.063953401702512
0.824511 0.063953399977781
0.826233 0.063953400183002
0.827955 0.063953401376909
0.829676 0.063953402710493
0.831395 0.063953400453743
0.833116 0.063953400122029
0.834838 0.063953400221008
0.83656 0.063953399515377
0.838282 0.063953400666477
0.84 0.063953397273285
0.841722 0.063953398866235
0.843444 0.063953402880253
0.845165 0.063953401766133
0.846887 0.06395339944731
0.848609 0.063953399444321
0.850327 0.063953399954054
0.852049 0.063953397162375
0.853771 0.063953397940376
0.855492 0.063953400912597
0.857214 0.06395339976907
0.858936 0.063953402056735
0.860654 0.063953400248969
0.862376 0.063953398408497
0.864098 0.063953398622971
0.86582 0.063953399127377
0.867541 0.063953398180675
0.869263 0.063953396823178
0.870981 0.063953399997172
0.872703 0.063953401612434
0.874425 0.06395339978187
0.876147 0.063953397483936
0.877868 0.063953396986359
0.87959 0.063953396745557
0.881309 0.063953399584391
0.88303 0.063953397609164
0.884752 0.063953396240328
0.886474 0.063953396034082
0.888196 0.063953397425185
0.889917 0.063953398769515
0.891636 0.063953394327061
0.893357 0.063953399501718
0.895079 0.063953397351199
0.896801 0.063953399298015
0.898523 0.063953399109847
0.900241 0.063953397190416
0.901963 0.063953401039729
0.903685 0.063953399774982
0.905406 0.063953396512811
0.907128 0.063953398604241
0.90885 0.06395339960747
0.910568 0.06395339484302
0.91229 0.063953398102302
0.914012 0.063953399167977
0.915733 0.063953401564254
0.917455 0.063953401281564
0.919177 0.063953399192239
0.920895 0.063953396975176
0.922617 0.063953398180956
0.924339 0.063953400174945
0.926061 0.063953398017138
0.927782 0.063953397650836
0.929504 0.063953400461279
0.931222 0.063953400781044
0.932944 0.063953401447332
0.934666 0.063953398723353
0.936388 0.063953398396425
0.93811 0.063953396817601
0.939831 0.06395339939373
0.94155 0.06395339931996
0.943271 0.063953396812612
0.944993 0.063953401182294
0.946715 0.063953398044014
0.948437 0.063953396028386
0.950155 0.063953398195051
0.951877 0.063953399096132
0.953598 0.063953397795519
0.95532 0.063953399661891
0.957042 0.063953399791082
0.958764 0.063953399836701
0.960482 0.063953401041231
0.962204 0.063953399066209
0.963926 0.063953398074122
0.965647 0.063953396973694
0.967369 0.063953399205663
0.969091 0.063953396964559
0.970809 0.063953398430613
0.972531 0.063953400722645
0.974253 0.063953401644856
0.975975 0.063953399325
0.977696 0.063953400207309
0.979418 0.063953398289547
0.981136 0.063953397891227
0.982858 0.063953399524782
0.98458 0.063953398526819
0.986302 0.063953399727083
0.988023 0.063953398309402
0.989745 0.063953398779142
0.991464 0.06395339772657
0.993185 0.063953397150964
0.994907 0.063953399082653
0.996629 0.063953399366455
0.998351 0.063953398354343
1.00007 0.063953400605384
1.00179 0.063953401714226
1.00351 0.063953401780191
1.00523 0.063953398785928
1.00696 0.063953397781057
1.00868 0.063953399092467
1.0104 0.063953398170431
1.01212 0.06395339756865
1.01384 0.063953398690377
1.01556 0.063953400114474
1.01728 0.06395340178717
1.019 0.063953400790952
1.02072 0.063953399423708
1.02244 0.06395339838352
1.02417 0.063953397380191
1.02589 0.063953398738934
1.02761 0.063953398948828
1.02933 0.063953399438922
1.03105 0.063953398993895
1.03277 0.063953401077871
1.03449 0.063953401369036
1.03622 0.063953400268343
1.03794 0.063953398183884
1.03966 0.063953397516449
1.04138 0.063953399895063
1.0431 0.063953398574103
1.04482 0.063953400951532
1.04654 0.063953402375362
1.04826 0.06395339914629
1.04999 0.063953397635572
1.0517 0.06395340017658
1.05343 0.063953399821074
1.05515 0.063953396924185
1.05687 0.063953397705266
1.05859 0.063953399465573
1.06031 0.063953400231703
1.06203 0.063953400966656
1.06375 0.063953397835864
1.06548 0.063953394288696
1.0672 0.063953398664063
1.06892 0.06395339934843
1.07064 0.063953396997068
1.07236 0.06395339593654
1.07408 0.063953400863355
1.0758 0.063953401575638
1.07752 0.063953401602173
1.07925 0.063953398695538
1.08096 0.063953398528815
1.08269 0.063953396887503
1.08441 0.063953399575593
1.08613 0.063953396469494
1.08785 0.063953397240761
1.08957 0.063953401155925
1.09129 0.063953399657381
1.09301 0.063953399359138
1.09473 0.063953398810529
1.09646 0.06395339860303
1.09818 0.063953398475732
1.0999 0.063953398009187
1.10162 0.063953397489722
1.10334 0.063953401404879
1.10506 0.063953401374554
1.10678 0.063953399984367
1.10851 0.063953398004191
1.11022 0.063953397248016
1.11195 0.063953398125987
1.11367 0.06395339816483
1.11539 0.063953396021792
1.11711 0.063953400060006
1.11883 0.063953401684436
1.12055 0.063953399363327
1.12227 0.063953400218726
1.12399 0.063953398425932
1.12572 0.063953397482923
1.12744 0.063953398093814
1.12916 0.063953398513744
1.13088 0.063953396248705
1.1326 0.063953396692903
1.13432 0.063953396864149
1.13604 0.06395340069993
1.13777 0.063953398897944
1.13949 0.063953398341179
1.14121 0.063953398426413
1.14293 0.06395339942988
1.14465 0.063953397402628
1.14637 0.063953397784818
1.14809 0.063953401623822
1.14981 0.063953400287686
1.15153 0.063953397330138
1.15325 0.063953399422275
1.15498 0.063953399542223
1.1567 0.063953397303935
1.15842 0.063953400190813
1.16014 0.063953395176886
1.16186 0.063953399814845
1.16358 0.063953401011344
1.1653 0.063953398828093
1.16702 0.063953397910989
1.16875 0.063953397315076
1.17046 0.063953398252605
1.17219 0.063953397897932
1.17391 0.06395339868196
1.17563 0.063953395819284
1.17735 0.063953401423065
1.17907 0.063953399237857
1.18079 0.063953400049611
1.18251 0.063953397752737
1.18424 0.063953397547271
1.18596 0.06395340038169
1.18768 0.063953396432704
1.1894 0.063953397320769
1.19112 0.063953402085732
1.19284 0.063953398637694
1.19456 0.063953397079106
1.19628 0.063953399401213
1.19801 0.063953399801235
1.19973 0.06395339841591
1.20145 0.063953400429564
1.20317 0.063953398496809
1.20489 0.063953398285524
1.20661 0.063953401386691
1.20833 0.0639534006834
1.21005 0.063953399139042
1.21177 0.063953397363024
1.2135 0.063953399494331
1.21522 0.063953396972438
1.21694 0.063953397231423
1.21866 0.063953397359004
1.22038 0.063953401904586
1.2221 0.06395340195786
1.22382 0.063953399992018
1.22554 0.063953399449128
1.22727 0.063953397631582
1.22899 0.063953399583802
1.23071 0.063953397067647
1.23243 0.063953398737884
1.23415 0.063953401277489
1.23587 0.063953401146142
1.23759 0.06395339931055
1.23931 0.06395339958241
1.24103 0.063953398217653
1.24275 0.063953396621847
1.24448 0.063953399700113
1.2462 0.063953399929531
1.24792 0.063953400879789
1.24964 0.063953399179697
1.25136 0.063953398135799
1.25308 0.063953396508419
1.2548 0.063953399440175
1.25653 0.063953399438229
1.25825 0.063953396389554
1.25997 0.063953398032759
1.26169 0.063953399086041
1.26341 0.063953401705038
1.26513 0.063953400947217
1.26685 0.06395339753739
1.26857 0.063953398429715
1.27029 0.063953397976635
1.27201 0.063953399005633
1.27374 0.063953396917621
1.27546 0.063953398967021
1.27718 0.063953398163203
1.2789 0.063953400656833
1.28062 0.063953401662874
1.28234 0.063953399193324
1.28406 0.063953398932418
1.28579 0.063953397219479
1.28751 0.063953400073859
1.28923 0.06395339637507
1.29095 0.063953400338807
1.29267 0.063953401814448
1.29439 0.063953398530809
1.29611 0.063953398746051
1.29783 0.06395339956026
1.29956 0.063953399886041
1.30127 0.063953396319941
1.303 0.063953398215361
1.30472 0.063953397784641
1.30644 0.063953401575368
1.30816 0.063953401356961
1.30988 0.063953397814132
1.3116 0.063953398089206
1.31332 0.063953399716756
1.31504 0.063953398677862
1.31677 0.063953397588854
1.31849 0.063953397015364
1.32021 0.063953399371127
1.32193 0.063953401478906
1.32365 0.063953401958262
1.32537 0.063953398824647
1.32709 0.063953399280978
1.32882 0.063953397668552
1.33053 0.063953400384119
1.33226 0.063953397076166
1.33398 0.06395339550491
1.3357 0.063953401060983
1.33742 0.063953399940999
1.33914 0.063953398940509
1.34086 0.0639533984759
1.34258 0.063953399993078
1.3443 0.063953398520977
1.34603 0.063953400437354
1.34775 0.063953398419537
1.34947 0.063953401062689
1.35119 0.063953401782418
1.35291 0.0639534003776
1.35463 0.063953399067219
1.35635 0.063953399511398
1.35808 0.063953399121673
1.3598 0.063953398508294
1.36152 0.063953396725343
1.36324 0.063953400324041
1.36496 0.063953402070236
1.36668 0.063953398381773
1.3684 0.063953398421391
1.37012 0.063953399483847
1.37184 0.063953398438153
1.37356 0.063953398201812
1.37529 0.063953398964218
1.37701 0.063953396829369
1.37873 0.063953398652858
1.38045 0.063953400579268
1.38217 0.063953399535267
1.38389 0.063953399003146
1.38561 0.063953397842623
1.38733 0.063953397622411
1.38906 0.063953400476583
1.39077 0.063953399548959
1.3925 0.063953397849994
1.39422 0.063953402016905
1.39594 0.063953400800472
1.39766 0.063953397611824
1.39938 0.063953398717225
1.4011 0.063953398404642
1.40282 0.063953397338714
1.40455 0.063953399899933
1.40627 0.063953397264894
1.40799 0.063953398088431
1.40971 0.063953397847508
1.41143 0.063953400006014
1.41315 0.06395339809398
1.41487 0.063953397225702
1.41659 0.06395339892703
1.41832 0.063953398102564
1.42003 0.063953399293131
1.42176 0.063953397533016
1.42348 0.063953401561869
1.4252 0.063953399633235
1.42692 0.063953400775474
1.42864 0.063953399075251
1.43036 0.063953397695219
1.43208 0.063953399496718
1.43381 0.063953398185366
1.43553 0.063953397217867
1.43725 0.063953401298694
1.43897 0.063953401343834
1.44069 0.063953399224917
1.44241 0.063953396434671
1.44413 0.063953400024164
1.44585 0.063953398535183
1.44758 0.063953400221382
1.4493 0.063953400754472
1.45102 0.06395339808898
1.45274 0.063953401266545
1.45446 0.063953398794083
1.45618 0.063953397859139
1.4579 0.063953397157907
1.45962 0.063953399393207
1.46134 0.063953396776869
1.46306 0.063953397890321
1.46479 0.063953400472322
1.46651 0.063953401988605
1.46823 0.063953398356092
1.46995 0.063953400677519
1.47167 0.06395339943211
1.47339 0.063953398307748
1.47511 0.063953398965485
1.47684 0.063953398088245
1.47856 0.063953399641416
1.48028 0.063953401942083
1.482 0.063953401692845
1.48372 0.063953399406998
1.48544 0.063953400568676
1.48716 0.063953399824328
1.48888 0.063953398597874
1.4906 0.063953400251056
1.49232 0.063953400327352
1.49405 0.063953400823658
1.49577 0.063953401920164
1.49749 0.063953398985801
1.49921 0.063953397906886
1.50093 0.063953400286386
1.50265 0.06395339933619
1.50437 0.06395339738296
1.5061 0.063953398251721
1.50782 0.063953399571686
1.50954 0.06395340172108
1.51126 0.06395340115243
1.51298 0.063953398751765
1.5147 0.063953395443792
1.51642 0.063953398677785
1.51814 0.063953399427771
1.51987 0.063953397354225
1.52158 0.063953396880922
1.52331 0.063953397498776
1.52503 0.063953401974412
1.52675 0.063953401654996
1.52847 0.063953399285329
1.53019 0.063953399641024
1.53191 0.063953397619806
1.53363 0.063953400120875
1.53535 0.063953399249308
1.53708 0.063953400290764
1.5388 0.063953402387498
1.54052 0.063953397468739
1.54224 0.06395340110657
1.54396 0.063953400801444
1.54568 0.063953400422097
1.5474 0.063953399509931
1.54913 0.063953398825137
1.55084 0.063953399185069
1.55257 0.063953402133781
1.55429 0.063953401911819
1.55601 0.063953398750023
1.55773 0.063953397253911
1.55945 0.063953399932659
1.56117 0.063953399547209
1.56289 0.063953398655873
1.56461 0.063953396968324
1.56634 0.06395340098061
1.56806 0.063953402181722
1.56978 0.063953402419424
1.5715 0.063953399365826
1.57322 0.063953398869332
1.57494 0.063953397998167
1.57666 0.063953399797191
1.57839 0.063953397583407
1.5801 0.063953397384983
1.58183 0.063953402393766
1.58355 0.063953401620998
1.58527 0.063953401556468
1.58699 0.063953399524118
1.58871 0.06395339842065
1.59043 0.063953398744417
1.59215 0.063953400427243
1.59387 0.063953398324712
1.5956 0.063953398003296
1.59732 0.063953402140208
1.59904 0.063953400815903
1.60076 0.063953399301138
1.60248 0.063953399484102
1.6042 0.06395339936072
1.60592 0.06395339780316
1.60764 0.063953400608801
1.60937 0.063953400041896
1.61108 0.063953401859163
1.61281 0.063953401255923
1.61453 0.063953401388936
1.61625 0.063953398537528
1.61797 0.063953398817963
1.61969 0.063953399368196
1.62141 0.063953397969396
1.62313 0.063953396338983
1.62486 0.063953397929158
1.62658 0.06395340210412
1.6283 0.063953401631046
1.63002 0.063953399303499
1.63174 0.063953399290509
1.63346 0.06395339896152
1.63518 0.063953399757219
1.6369 0.063953398894197
1.63863 0.063953397664511
1.64034 0.063953401941259
1.64207 0.063953401581876
1.64379 0.063953399281349
1.64551 0.063953399528663
1.64723 0.063953399945808
1.64895 0.063953398900392
1.65067 0.063953399695014
1.65239 0.063953400855756
1.65412 0.063953395390616
1.65584 0.06395340184899
1.65756 0.063953401127969
1.65928 0.063953399486778
1.661 0.063953399329792
1.66272 0.063953399487517
1.66444 0.063953398956211
1.66616 0.06395339872559
1.66789 0.063953397179697
1.66961 0.063953401720945
1.67133 0.063953402357601
1.67305 0.063953400781099
1.67477 0.063953399040893
1.67649 0.06395339811812
1.67821 0.063953399794386
1.67993 0.063953397427847
1.68165 0.063953399071604
1.68337 0.063953401148024
1.6851 0.063953401530045
1.68682 0.063953399414502
1.68854 0.063953399077937
1.69026 0.063953397951328
1.69198 0.063953398253318
1.6937 0.063953399209066
1.69542 0.063953397426339
1.69715 0.063953397001692
1.69887 0.063953401524065
1.70059 0.063953398188871
1.70231 0.063953395005003
1.70403 0.063953400808258
1.70575 0.063953399563596
1.70747 0.063953397486105
1.70919 0.063953398939435
1.71091 0.063953396273906
1.71263 0.063953401580089
1.71436 0.063953401090345
1.71608 0.063953396952848
1.7178 0.063953397962861
1.71952 0.063953400541963
1.72124 0.063953398499401
1.72296 0.063953397305641
1.72468 0.063953396827299
1.7264 0.063953396422118
1.72813 0.063953401185463
1.72985 0.063953399219966
1.73157 0.063953398041211
1.73329 0.06395339569051
1.73501 0.063953398332509
1.73673 0.063953398205572
1.73845 0.063953397376355
1.74017 0.063953398515298
1.74189 0.063953400947579
1.74362 0.063953398252811
1.74534 0.063953394351108
1.74706 0.063953398005782
1.74878 0.063953397725196
1.7505 0.063953396801595
1.75222 0.06395339631448
1.75394 0.0639533977586
1.75566 0.063953400725404
1.75739 0.063953399687574
1.75911 0.063953394112369
1.76083 0.063953395025832
1.76255 0.063953395132906
1.76427 0.063953394211438
1.76599 0.063953393611486
1.76771 0.063953393981922
1.76944 0.063953393176671
1.77115 0.063953401091954
1.77288 0.063953399163959
1.7746 0.063953394532532
1.77632 0.063953392815349
1.77804 0.063953393728138
1.77976 0.063953395552787
1.78148 0.063953389896352
1.7832 0.06395339588027
1.78492 0.063953393956073
1.78665 0.06395340049067
1.78837 0.063953398272424
1.79009 0.063953391829253
1.79181 0.063953394951864
1.79353 0.063953393499235
1.79525 0.0639533941383
1.79697 0.063953388605379
1.79869 0.063953398618629
1.80041 0.063953395813506
1.80213 0.063953397077145
1.80386 0.063953392058474
1.80558 0.063953392890704
1.8073 0.063953392189987
1.80902 0.063953389278463
1.81074 0.063953389922747
1.81246 0.063953388897197
1.81418 0.063953398947814
1.81591 0.063953394677302
1.81763 0.063953390763958
1.81935 0.063953389056514
1.82107 0.06395339047462
1.82279 0.063953391432529
1.82451 0.063953389067295
1.82623 0.063953391447518
1.82795 0.063953388233846
1.82968 0.063953397416737
1.83139 0.06395339438216
1.83312 0.063953389042848
1.83484 0.063953388988001
1.83656 0.063953388614179
1.83828 0.063953390689845
1.84 0.063953385531523
1.84172 0.063953394094268
1.84344 0.063953389717368
1.84517 0.063953395605687
1.84689 0.063953389924974
1.84861 0.063953387944668
1.85033 0.0639533908777
1.85205 0.063953387732343
1.85377 0.063953385232204
1.85549 0.063953386159711
1.85721 0.063953399215893
1.85894 0.063953391490943
1.86065 0.063953390610529
1.86238 0.063953390320994
1.8641 0.06395338673318
1.86582 0.063953389168735
1.86754 0.063953384613193
1.86926 0.06395338503706
1.87098 0.063953380462602
1.8727 0.063953393036198
1.87442 0.063953384935407
1.87615 0.063953385821167
1.87787 0.063953381280698
1.87959 0.063953382971288
1.88131 0.063953384888913
1.88303 0.063953376284101
1.88475 0.063953385558611
1.88647 0.063953379097045
1.8882 0.063953386383996
1.88992 0.063953382706692
1.89164 0.063953375301927
1.89336 0.063953384517974
1.89508 0.063953379056897
1.8968 0.06395338157735
1.89852 0.063953372921501
1.90024 0.063953387843164
1.90196 0.063953381712684
1.90368 0.063953389162885
1.90541 0.063953382323953
1.90713 0.063953381771794
1.90885 0.063953383987858
1.91057 0.063953378137538
1.91229 0.063953375107591
1.91401 0.063953372200033
1.91573 0.06395339066193
1.91746 0.063953376406176
1.91918 0.063953384271452
1.9209 0.063953382518728
1.92262 0.063953382678676
1.92434 0.063953383925375
1.92606 0.063953374839968
1.92778 0.0639533868908
1.9295 0.063953381947511
1.93122 0.063953392714904
1.93294 0.06395338275515
1.93467 0.063953382209606
1.93639 0.063953386661674
1.93811 0.063953384210299
1.93983 0.063953387183425
1.94155 0.063953383299014
1.94327 0.063953393120369
1.94499 0.063953390084852
1.94671 0.063953394288462
1.94844 0.063953385477859
1.95015 0.063953392867944
1.95188 0.063953397434778
1.9536 0.063953391865817
1.95532 0.063953400797147
1.95704 0.063953394041668
1.95876 0.063953405834916
1.96048 0.063953400944932
1.9622 0.063953404198607
1.96393 0.063953402333001
1.96565 0.063953401229698
1.96737 0.063953408579207
1.96909 0.063953402791103
1.97081 0.063953411308811
1.97253 0.063953406191748
1.97425 0.063953417426622
1.97597 0.063953411705839
