0.000176138 0.064430771184871
0.00179543 0.064430771184928
0.00351546 0.064220076528482
0.0052355 0.064007389130819
0.00695554 0.06379475872857
0.00867557 0.063581517812781
0.0103959 0.063366669405551
0.012117 0.06314964913025
0.0138382 0.062930435176182
0.0155594 0.062708400280725
0.0172806 0.062483295252125
0.0190017 0.062254812074694
0.0207229 0.062023263367834
0.0224441 0.06178867570411
0.0241652 0.061550664681886
0.0258864 0.06130918115486
0.0276076 0.061063894342699
0.0293287 0.060814865032809
0.0310499 0.060562577291452
0.0327711 0.060306631706104
0.0344923 0.060047211529757
0.0362134 0.059784479844056
0.0379346 0.059518487178996
0.0396558 0.059249315633207
0.0413769 0.058977210850705
0.0430981 0.058702149330333
0.0448193 0.05842453885433
0.0465404 0.058144793614369
0.0482616 0.057862684160983
0.0499828 0.05757824132821
0.051704 0.0572930774717
0.0534251 0.05700516103241
0.0551463 0.056717357333743
0.0568675 0.056429971024536
0.0585886 0.056140859143378
0.0603098 0.055851532631823
0.062031 0.055563142207856
0.0637522 0.055273931538415
0.0654733 0.0549860764671
0.0671945 0.054697987169832
0.0689157 0.054410425411918
0.0706368 0.054122884844558
0.072358 0.053835192293043
0.0740792 0.053548538683788
0.0758003 0.053264377303029
0.0775215 0.052982395499031
0.0792427 0.052701783250869
0.0809639 0.052424500520344
0.082685 0.052166697972307
0.0844062 0.051946162058757
0.0861274 0.051731341949928
0.0878485 0.051542594879536
0.0895697 0.051402280881575
0.091287 0.051316680305385
0.0929921 0.051293579035125
0.0946893 0.051295486333705
0.0963791 0.051350931291917
0.0980785 0.051428838563143
0.0997064 0.051490288659121
0.101327 0.051599532721602
0.103018 0.051723627414895
0.104709 0.051873095176271
0.106427 0.052002128250019
0.108145 0.052071321453732
0.109863 0.05211922912506
0.111583 0.052162514542579
0.113305 0.052219801233362
0.115026 0.052288114299204
0.116739 0.052375715226363
0.118455 0.052451177834491
0.120172 0.052516874655174
0.121893 0.052576350380364
0.123614 0.052628782376406
0.125336 0.052674893315436
0.127057 0.052716882853399
0.128778 0.052752716658655
0.130499 0.052789516412292
0.13222 0.052825195660188
0.133941 0.052859096313766
0.135663 0.052895096760783
0.137384 0.052929993111853
0.139105 0.052962187492381
0.140826 0.052990012565449
0.142547 0.053012165962508
0.144269 0.053032037296485
0.14599 0.053047006106999
0.147711 0.053057736023986
0.149432 0.053062286245037
0.151153 0.053062394395853
0.152874 0.053059978444323
0.154596 0.053039606393356
0.156317 0.052965327077615
0.158038 0.052858619315616
0.159759 0.052737173786964
0.16148 0.052602373677892
0.163201 0.052463703822568
0.164923 0.052323432629702
0.166644 0.052187307016585
0.168365 0.052056190750047
0.170086 0.05193148835489
0.171807 0.051814771574529
0.173528 0.051707616515226
0.17525 0.051610766756908
0.176971 0.051523973514302
0.178692 0.051446943300475
0.180413 0.051379863782711
0.182134 0.051325232482175
0.183855 0.051281230743472
0.185577 0.051249207101513
0.187298 0.051228971135538
0.189019 0.051219750118313
0.19074 0.051222477773715
0.192461 0.051236824139512
0.194182 0.051263527767495
0.195904 0.05130121306331
0.197625 0.051351118029783
0.199346 0.051411560883043
0.201067 0.051482419320072
0.202788 0.051559547811779
0.204509 0.05163824250382
0.206231 0.051711187895611
0.207952 0.051770051387844
0.209673 0.05174688183698
0.211394 0.051706851190957
0.213115 0.051667555184561
0.214836 0.051627852154384
0.216558 0.0515887812373
0.218279 0.051549943001478
0.22 0.051511955541989
0.221721 0.051474280673204
0.223442 0.051436464495286
0.225164 0.051400130472041
0.226885 0.051364418974218
0.228606 0.05132836762177
0.230327 0.051292123322447
0.232048 0.051256369322581
0.233769 0.051221049649882
0.235491 0.051185631503047
0.237212 0.051151560672526
0.238933 0.051119226625221
0.240654 0.051088237731769
0.242375 0.05105783690793
0.244096 0.051029348461825
0.245818 0.051003192116162
0.247539 0.050978128541067
0.24926 0.05095407169702
0.250981 0.050930009258895
0.252702 0.050907238854793
0.254423 0.050884702153474
0.256145 0.050861917095521
0.257866 0.050838143272201
0.259587 0.050814915696907
0.261308 0.050790328677407
0.263029 0.050762973187644
0.26475 0.050737246973115
0.266472 0.050714156196853
0.268193 0.050693955765205
0.269914 0.050674396831546
0.271635 0.050659237345827
0.273356 0.050644378393897
0.275077 0.050628109413893
0.276799 0.050616615251921
0.27852 0.050608069073314
0.280241 0.050610380448199
0.281962 0.050615831872443
0.283683 0.050614627371076
0.285404 0.050607220958041
0.287126 0.050595491777421
0.288847 0.050592029386581
0.290568 0.050594485647359
0.292289 0.050595979176788
0.29401 0.050590639014516
0.295731 0.050578565563485
0.297453 0.050575720013599
0.299174 0.050579224661658
0.300895 0.050584052023402
0.302616 0.050584642690425
0.304337 0.050583006371688
0.306059 0.050578000619013
0.30778 0.050573449338862
0.309501 0.050571100722102
0.311222 0.050569522610183
0.312943 0.050565766325818
0.314664 0.050560300883608
0.316386 0.050560895835114
0.318107 0.050563713400625
0.319828 0.050566319216536
0.321549 0.050567975538612
0.32327 0.050567223161152
0.324991 0.050564543446003
0.326713 0.050561808846026
0.328434 0.050559461185331
0.330155 0.050557410300722
0.331876 0.050555486678388
0.333597 0.050553376273547
0.335318 0.050550370211452
0.33704 0.050547028917601
0.338761 0.050545743564333
0.340482 0.050545597361866
0.342203 0.050546169009419
0.343924 0.050547055523132
0.345645 0.050547919904542
0.347367 0.050548222958708
0.349088 0.050547861216468
0.350809 0.050546988979872
0.35253 0.050545543794387
0.354251 0.050544230466814
0.355972 0.050542952126724
0.357694 0.050541541585357
0.359415 0.050540511197965
0.361136 0.050539515764517
0.362857 0.0505375342912
0.364578 0.050534281935097
0.366299 0.050533017011053
0.368021 0.050532826918011
0.369742 0.050533782239479
0.371463 0.050535580040522
0.373184 0.050537534007955
0.374905 0.050538912623784
0.376627 0.05053920196009
0.378348 0.050538575551318
0.380069 0.05053749123119
0.38179 0.050536349872259
0.383511 0.050535278119568
0.385232 0.050534491580735
0.386954 0.050534059646543
0.388675 0.050533896593648
0.390396 0.050533461089953
0.392117 0.050532921687581
0.393838 0.050532039220171
0.395559 0.050531170647778
0.397281 0.050530382486621
0.399002 0.050530327787963
0.400723 0.050528868341863
0.402444 0.050527835587918
0.404165 0.05052658759069
0.405886 0.050523721619021
0.407608 0.050521175915877
0.409329 0.050519236918992
0.41105 0.050517568031518
0.412771 0.05051727308478
0.414492 0.050518178956795
0.416213 0.050517580595688
0.417935 0.050512663507552
0.419656 0.050511618387952
0.421377 0.050511167337208
0.423098 0.050510665762024
0.424819 0.050510388282486
0.42654 0.050509855510958
0.428262 0.050509308018376
0.429983 0.050509212298862
0.431704 0.050509212298863
0.433425 0.050509212298864
0.435146 0.050509212298864
0.436867 0.050509212298865
0.438589 0.050509212298864
0.44031 0.050509212298865
0.442031 0.050509212298865
0.443752 0.050509212298865
0.445473 0.050509212298865
0.447194 0.050509212298864
0.448916 0.050509212298865
0.450637 0.050509212298864
0.452358 0.050509212298865
0.454079 0.050509212298864
0.4558 0.050509212298864
0.457522 0.050509212298864
0.459243 0.050509212298864
0.460964 0.050509212298865
0.462685 0.050509212298865
0.464406 0.050509212298865
0.466127 0.050509212298865
0.467849 0.050509212298865
0.46957 0.050509212298865
0.471291 0.050509212298864
0.473012 0.050509212298865
0.474733 0.050509212298865
0.476454 0.050509212298865
0.478176 0.050509212298866
0.479897 0.050509212298866
0.481618 0.050509212298866
0.483339 0.050509212298866
0.48506 0.050509212298866
0.486781 0.050509212298867
0.488503 0.050509212298866
0.490224 0.050509212298866
0.491945 0.050509212298866
0.493666 0.050509212298866
0.495387 0.050509212298866
0.497108 0.050509212298866
0.49883 0.050509212298866
0.500551 0.050509212298865
0.502272 0.050509212298866
0.503993 0.050509212298866
0.505714 0.050509212298867
0.507435 0.050509212298866
0.509157 0.050509212298865
0.510878 0.050509212298866
0.512599 0.050509212298867
0.51432 0.050509212298866
0.516041 0.050509212298866
0.517762 0.050509212298867
0.519484 0.050509212298866
0.521205 0.050509212298866
0.522926 0.050509212298867
0.524647 0.050509212298868
0.526368 0.050509212298867
0.52809 0.050509212298867
0.529811 0.050509212298867
0.531532 0.050509212298868
0.533253 0.050509212298867
0.534974 0.050509212298867
0.536695 0.050509212298868
0.538417 0.050509212298868
0.540138 0.050509212298868
0.541859 0.050509212298867
0.54358 0.050509212298869
0.545301 0.050509212298868
0.547022 0.050509212298868
0.548744 0.050509212298869
0.550465 0.050509212298869
0.552186 0.050509212298869
0.553907 0.050509212298869
0.555628 0.050509212298869
0.557349 0.05050921229887
0.559071 0.05050921229887
0.560792 0.05050921229887
0.562513 0.05050921229887
0.564234 0.05050921229887
0.565955 0.050509212298871
0.567676 0.05050921229887
0.569398 0.050509212298871
0.571119 0.050509212298871
0.57284 0.050509212298869
0.574561 0.05050921229887
0.576282 0.050509212298869
0.578003 0.05050921229887
0.579725 0.050509212298871
0.581446 0.050509212298871
0.583167 0.05050921229887
0.584888 0.050509212298869
0.586609 0.05050921229887
0.58833 0.050509212298871
0.590052 0.050509212298871
0.591773 0.050509212298869
0.593494 0.050509212298869
0.595215 0.050509212298869
0.596936 0.050509212298869
0.598657 0.050509212298869
0.600379 0.050509212298869
0.6021 0.050509212298869
0.603821 0.05050921229887
0.605542 0.05050921229887
0.607263 0.050509212298869
0.608985 0.050509212298871
0.610706 0.050509212298869
0.612427 0.050509212298869
0.614148 0.050509212298868
0.615869 0.050509212298869
0.61759 0.050509212298869
0.619312 0.05050921229887
0.621033 0.050509212298872
0.622754 0.050509212298873
0.624475 0.050509212298872
0.626196 0.050509212298872
0.627917 0.050509212298873
0.629639 0.050509212298873
0.63136 0.050509212298873
0.633081 0.050509212298872
0.634802 0.050509212298874
0.636523 0.050509212298874
0.638244 0.050509212298875
0.639966 0.050509212298874
0.641687 0.050509212298874
0.643408 0.050509212298874
0.645129 0.050509212298875
0.64685 0.050509212298877
0.648571 0.050509212298878
0.650293 0.050509212298878
0.652014 0.050509212298878
0.653735 0.050509212298879
0.655456 0.05050921229888
0.657177 0.050509212298878
0.658898 0.050509212298878
0.66062 0.050509212298882
0.662341 0.05050921229888
0.664062 0.050509212298882
0.665783 0.050509212298884
0.667504 0.050509212298882
0.669225 0.050509212298883
0.670947 0.050509212298884
0.672668 0.050509212298887
0.674389 0.050509212298891
0.67611 0.050509212298578
0.677831 0.050507520718091
0.679552 0.050455465192228
0.681274 0.050330509590544
0.682995 0.050156141333669
0.684716 0.0499398732707
0.686437 0.049688287089025
0.688158 0.049404133192469
0.68988 0.049090561080553
0.691601 0.048752362548707
0.693322 0.048389297924545
0.695043 0.048004983101987
0.696764 0.047604500904209
0.698485 0.047187919779102
0.700207 0.04675600435035
0.701928 0.046303650596866
0.703649 0.04583553849268
0.70537 0.045352794540118
0.707091 0.044847722080162
0.708812 0.044331671328332
0.710534 0.043801096397149
0.712255 0.043256917317921
0.713976 0.042700289513843
0.715697 0.04213925441178
0.717418 0.041573999250923
0.719139 0.041001638136314
0.720861 0.040419933346692
0.722582 0.039832108211343
0.724303 0.039239876941646
0.726024 0.038639760147351
0.727745 0.038033709032886
0.729466 0.037419835665596
0.731188 0.036799275776762
0.732909 0.03617298244775
0.73463 0.035543347182375
0.736351 0.034909765703319
0.738072 0.0342735255278
0.739793 0.033634776405251
0.741515 0.032993902960469
0.743236 0.03235198967306
0.744957 0.031707369754056
0.746678 0.031067390930144
0.748399 0.030427505601508
0.75012 0.029787266051331
0.751842 0.029152702074596
0.753563 0.028515914598853
0.755284 0.027890866039373
0.757005 0.027277895015156
0.758726 0.026675902951723
0.760448 0.026079547176059
0.762169 0.02548841431473
0.76389 0.024907237474826
0.765611 0.024332776168027
0.767332 0.02376511087539
0.769053 0.023201532430839
0.770775 0.022644257811752
0.772496 0.022096366548583
0.774217 0.021555456160505
0.775938 0.021021602992386
0.777659 0.020494220158637
0.77938 0.019972835612129
0.781102 0.019457898332675
0.782823 0.018949263178878
0.784544 0.018447635740866
0.786265 0.017954275024961
0.787986 0.01746921957657
0.789707 0.016994672571975
0.791429 0.0165344946904
0.79315 0.016091352030664
0.794871 0.015668297719378
0.796592 0.015270547652171
0.798313 0.014899099553817
0.800034 0.014558757765695
0.801756 0.014251276410625
0.803477 0.013972372055283
0.805198 0.013730633937979
0.806919 0.013514965907166
0.80864 0.013315766991816
0.810361 0.013151337548785
0.812083 0.013002998553548
0.813804 0.012874303832208
0.815525 0.012755481430286
0.817246 0.012653770655166
0.818967 0.012569418406632
0.820688 0.012490261088211
0.82241 0.012419739454125
0.824131 0.012341546378471
0.825852 0.012272776791789
0.827573 0.012195457432377
0.829294 0.012114726671394
0.831015 0.012041796115485
0.832737 0.011972566722406
0.834458 0.01190375021546
0.836179 0.011847308209012
0.8379 0.011788351310867
0.839621 0.011734950634479
0.841343 0.011692179608298
0.843064 0.011653166907556
0.844785 0.011615967893517
0.846506 0.011586447844789
0.848227 0.011563182676613
0.849948 0.011540298033485
0.85167 0.011522228616387
0.853391 0.011504490571692
0.855112 0.011489100784921
0.856833 0.011474829972922
0.858554 0.011464320980486
0.860275 0.01145364045347
0.861997 0.011438757243661
0.863718 0.011420505653683
0.865439 0.01140005315637
0.86716 0.011376128653968
0.868881 0.011346600814758
0.870602 0.011312208286811
0.872324 0.011274586819671
0.874045 0.011234614681069
0.875766 0.011189753120497
0.877487 0.011138147615306
0.879208 0.011080018687063
0.880929 0.011015174420092
0.882651 0.010944930120416
0.884372 0.010869986723042
0.886093 0.010788582751598
0.887814 0.010701242144188
0.889535 0.010608810434026
0.891256 0.010511330509336
0.892978 0.010408754693825
0.894699 0.010300705300546
0.89642 0.010190462740193
0.898141 0.010077282462989
0.899862 0.009961557856487
0.901583 0.0098423732718891
0.903305 0.0097221006925171
0.905026 0.009601643140092
0.906747 0.0094818269760304
0.908468 0.0093629025384852
0.910189 0.0092448208735634
0.91191 0.0091303195033038
0.913632 0.0090193876826786
0.915353 0.0089122677059004
0.917074 0.0088069005358408
0.918795 0.0087039380621092
0.920516 0.0086045979896386
0.922238 0.008508031349758
0.923959 0.0084135141727062
0.92568 0.0083197724033801
0.927401 0.0082269632311396
0.929122 0.0081366540716845
0.930843 0.0080481625392654
0.932565 0.0079603772873933
0.934286 0.0078733313010406
0.936007 0.007787446979987
0.937728 0.0077003453611555
0.939449 0.0076126731081785
0.94117 0.0075243489429506
0.942892 0.0074365156580535
0.944613 0.0073482432006144
0.946334 0.0072592590899563
0.948055 0.0071682552021706
0.949776 0.0070746668853237
0.951497 0.0069797449290514
0.953219 0.0068853676875936
0.95494 0.0067902979531804
0.956661 0.0066919409763938
0.958382 0.0065910219821965
0.960103 0.0064890533174411
0.961824 0.0063862736899188
0.963546 0.0062831574114244
0.965267 0.0061790705262667
0.966988 0.0060751525827767
0.968709 0.0059717157768671
0.97043 0.00586887180913
0.972151 0.0057664218752358
0.973873 0.0056644217893416
0.975594 0.0055630162894618
0.977315 0.0054619278292884
0.979036 0.005361417741
0.980757 0.0052617092768337
0.982478 0.0051642106406291
0.9842 0.005067747457016
0.985921 0.0049723570721347
0.987642 0.0048789791666464
0.989363 0.0047876889668489
0.991084 0.0046975579389891
0.992806 0.0046078741139013
0.994527 0.0045195587230317
0.996248 0.0044328790241193
0.997969 0.004347337208901
0.99969 0.0042626621319636
1.00141 0.0041784040830461
1.00313 0.0040957130994475
1.00485 0.0040149956597226
1.00657 0.0039366735778619
1.0083 0.0038595623634263
1.01002 0.0037828023836926
1.01174 0.003706625642892
1.01346 0.0036311194500257
1.01518 0.0035565778454618
1.0169 0.0034835395551569
1.01862 0.003410832996714
1.02034 0.0033403443865681
1.02207 0.0032717252638685
1.02379 0.003204428720717
1.02551 0.0031382856193343
1.02723 0.0030729208036202
1.02895 0.0030091904288153
1.03067 0.0029462810349772
1.03239 0.0028856502606505
1.03411 0.0028268625918351
1.03583 0.0027701663706998
1.03756 0.0027143840307766
1.03928 0.0026582334750476
1.041 0.0026023235275128
1.04272 0.002546740639592
1.04444 0.0024914447600206
1.04616 0.0024379328258863
1.04788 0.0023852943449217
1.0496 0.0023330556877182
1.05133 0.0022815273597563
1.05305 0.0022301297791423
1.05477 0.0021782063375271
1.05649 0.0021272569835126
1.05821 0.0020768241816052
1.05993 0.0020278332434313
1.06165 0.0019805821924433
1.06337 0.0019324744707218
1.06509 0.0018835788466445
1.06682 0.001833784146734
1.06854 0.0017851464522921
1.07026 0.0017345672005942
1.07198 0.0016835699009228
1.0737 0.0016321344933552
1.07542 0.0015785957053207
1.07714 0.001524991619251
1.07886 0.0014707384418979
1.08059 0.0014181443321171
1.08231 0.0013639307615214
1.08403 0.0013080758058225
1.08575 0.0012524622845307
1.08747 0.0011974089933359
1.08919 0.0011432700072211
1.09091 0.0010906718967378
1.09263 0.0010403730465935
1.09435 0.00099097946214122
1.09608 0.00094391676381489
1.0978 0.00089912346396281
1.09952 0.00085839125394149
1.10124 0.00082108199264108
1.10296 0.00078518005891437
1.10468 0.00075154990028259
1.1064 0.00072045118559894
1.10812 0.00068961621498065
1.10985 0.00065730627046745
1.11157 0.00062528561088127
1.11329 0.00059482372001607
1.11501 0.00056699984210173
1.11673 0.00053958884241101
1.11845 0.00051171076778311
1.12017 0.00048304965778745
1.12189 0.00045266145441436
1.12361 0.00042139063266333
1.12534 0.00038870116039791
1.12706 0.00035472320071261
1.12878 0.00032446492676219
1.1305 0.00029721030222241
1.13222 0.00027730870404874
1.13394 0.00026961408833948
1.13566 0.00027549471854615
1.13738 0.00029218022473221
1.1391 0.00030199740294934
1.14083 0.00030061237702617
1.14255 0.00028162362667006
1.14427 0.00026155196371813
1.14599 0.00024154066032234
1.14771 0.00022622383236193
1.14943 0.00021782964151684
1.15115 0.00021465042043545
1.15287 0.00021646316866775
1.1546 0.00021577130530548
1.15632 0.00022116786784965
1.15804 0.00022461957362208
1.15976 0.00022490689895671
1.16148 0.00021989098477704
1.1632 0.00020070256574756
1.16492 0.00018731200941835
1.16664 0.00018248964537138
1.16836 0.00018036964994639
1.17009 0.00018041771129951
1.17181 0.00017825742607702
1.17353 0.00017665614899898
1.17525 0.00017539273113409
1.17697 0.00017426202375159
1.17869 0.00016763759347249
1.18041 0.00015805977030225
1.18213 0.00015113379421128
1.18386 0.00014484628339062
1.18558 0.00013921608129308
1.1873 0.00013424652186489
1.18902 0.00013016108008701
1.19074 0.00012540978046793
1.19246 0.00012193487585244
1.19418 0.00012044342385287
1.1959 0.00012025208282307
1.19762 0.0001185236625566
1.19935 0.00010798359724806
1.20107 9.8097202704039e-05
1.20279 9.7575623666191e-05
1.20451 9.4708267487253e-05
1.20623 8.9091704657984e-05
1.20795 8.2945600652695e-05
1.20967 7.9261290160004e-05
1.21139 7.9338275388974e-05
1.21312 7.7422055555609e-05
1.21484 7.6544005401469e-05
1.21656 7.7914844886284e-05
1.21828 7.206068877863e-05
1.22 6.087277739808e-05
1.22172 5.7902620152261e-05
1.22344 6.2793456474197e-05
1.22516 5.8248126128091e-05
1.22688 5.8292128430004e-05
1.22861 6.0822713326747e-05
1.23033 6.0078823975518e-05
1.23205 6.0270748041713e-05
1.23377 5.8639173823427e-05
1.23549 5.7470650600466e-05
1.23721 5.5503719200711e-05
1.23893 5.5670041524847e-05
1.24065 5.7751907073245e-05
1.24238 6.1150390914477e-05
1.2441 6.4195434232528e-05
1.24582 6.6726084304802e-05
1.24754 7.072745571024e-05
1.24926 7.0384312137683e-05
1.25098 6.65100541688e-05
1.2527 6.1452480460411e-05
1.25442 5.5193734895931e-05
1.25614 4.9142305315386e-05
1.25787 4.9074264808491e-05
1.25959 5.0577065420998e-05
1.26131 4.9385964282056e-05
1.26303 4.9964949134784e-05
1.26475 4.9060186255945e-05
1.26647 4.8954929419365e-05
1.26819 4.8652801648674e-05
1.26991 4.8478637665883e-05
1.27164 4.8263490660672e-05
1.27336 4.7603468241841e-05
1.27508 4.7105648982138e-05
1.2768 4.609397176436e-05
1.27852 4.5028601886488e-05
1.28024 4.2454687834481e-05
1.28196 4.0212236573467e-05
1.28368 3.9236396616071e-05
1.2854 3.8424197321807e-05
1.28713 3.8874573624725e-05
1.28885 4.0473790294038e-05
1.29057 4.1934638710162e-05
1.29229 4.2967940066641e-05
1.29401 4.2675640481216e-05
1.29573 4.2685240959406e-05
1.29745 4.0725916155782e-05
1.29917 3.8976574399663e-05
1.3009 3.636906093607e-05
1.30262 3.5429598910564e-05
1.30434 3.589039957419e-05
1.30606 3.491467279737e-05
1.30778 3.5046329348698e-05
1.3095 3.3839773086464e-05
1.31122 3.2529054321162e-05
1.31294 2.9581091380848e-05
1.31466 2.7208779889598e-05
1.31639 2.5976408743356e-05
1.31811 2.5507176577122e-05
1.31983 2.5570064225877e-05
1.32155 2.5541306216681e-05
1.32327 2.5845734409002e-05
1.32499 2.5796659262056e-05
1.32671 2.5982458923601e-05
1.32843 2.6310986550704e-05
1.33015 2.6549469319792e-05
1.33188 2.6579425392637e-05
1.3336 2.6415717725992e-05
1.33532 2.6246768333738e-05
1.33704 2.6129370742978e-05
1.33876 2.580910587846e-05
1.34048 2.5376480203509e-05
1.3422 2.4927222165627e-05
1.34392 2.5008145654759e-05
1.34565 2.4788742378323e-05
1.34737 2.438684312589e-05
1.34909 2.3867650872811e-05
1.35081 2.3803410056367e-05
1.35253 2.3908007978024e-05
1.35425 2.3962509873354e-05
1.35597 2.3698565432495e-05
1.35769 2.3716862446843e-05
1.35941 2.3846058107568e-05
1.36114 2.3705187219503e-05
1.36286 2.3518259188893e-05
1.36458 2.337732951796e-05
1.3663 2.3581601275913e-05
1.36802 2.3404528569526e-05
1.36974 2.341365878511e-05
1.37146 2.3417182953844e-05
1.37318 2.3281313136669e-05
1.37491 2.3186725625512e-05
1.37663 2.3244084789487e-05
1.37835 2.3122897578332e-05
1.38007 2.2903617871828e-05
1.38179 2.299240128445e-05
1.38351 2.2911718198793e-05
1.38523 2.2854838566899e-05
1.38695 2.2724368165639e-05
1.38867 2.2388655896433e-05
1.3904 2.2410054926092e-05
1.39212 2.2307021054102e-05
1.39384 2.2275317456577e-05
1.39556 2.2018767520948e-05
1.39728 2.2132244138828e-05
1.399 2.2265780815878e-05
1.40072 2.2163947441256e-05
1.40244 2.1968231862401e-05
1.40417 2.1541345891496e-05
1.40589 2.1487565104117e-05
1.40761 2.1109018363497e-05
1.40933 2.0592018183163e-05
1.41105 1.9616042909232e-05
1.41277 1.730445835868e-05
1.41449 1.3727606836378e-05
1.41621 1.1803426420265e-05
1.41793 9.8500565897108e-06
1.41966 1.0238341505486e-05
1.42138 9.5877178358794e-06
1.4231 9.4336482309165e-06
1.42482 9.6102168787304e-06
1.42654 9.6809825115285e-06
1.42826 9.574210076746e-06
1.42998 9.1301231034402e-06
1.4317 9.0984146353668e-06
1.43343 8.4207573748385e-06
1.43515 7.6782266792419e-06
1.43687 4.3409969763264e-06
1.43857 3.793964223564e-06
1.44012 3.9015594002212e-06
1.44172 6.5881690649583e-06
1.44344 5.0111171864264e-06
1.44515 4.7239055177561e-06
1.44687 4.8761335824654e-06
1.44859 4.6097839649928e-06
1.45031 4.479192093565e-06
1.45203 4.2608663151089e-06
1.45375 4.4673661320216e-06
1.45547 4.0776733556402e-06
1.45719 4.0231986787598e-06
1.45892 4.3427557910869e-06
1.46064 4.3790480653838e-06
1.46236 4.0259348449423e-06
1.46408 4.0868982893461e-06
1.4658 4.2421853146957e-06
1.46752 4.3166946098738e-06
1.46924 3.9603086752216e-06
1.47096 3.8666329206238e-06
1.47269 4.0649480510524e-06
1.47441 4.2982352448373e-06
1.47613 3.9274693844904e-06
1.47785 3.834175132722e-06
1.47957 3.9783034916363e-06
1.48129 4.2494018426265e-06
1.48301 3.9703170927607e-06
1.48473 3.8682820404645e-06
1.48645 3.9073674891199e-06
1.48818 4.206488657843e-06
1.4899 4.1378583017782e-06
1.49162 3.8384003583358e-06
1.49334 3.857577200006e-06
1.49506 4.1834411086406e-06
1.49678 4.242065958282e-06
1.4985 3.8654286890205e-06
1.50022 3.8174378914624e-06
1.50194 4.0260560630889e-06
1.50367 4.2642038279306e-06
1.50539 3.8683962227948e-06
1.50711 3.8329106362145e-06
1.50883 3.9685922601507e-06
1.51055 4.2370921035095e-06
1.51227 3.8702451558015e-06
1.51399 3.8267974339368e-06
1.51571 3.8735196414841e-06
1.51744 3.4794695894513e-06
1.51916 3.6056316754518e-06
1.52088 3.5789702038658e-06
1.5226 3.5274166121368e-06
1.52432 3.2361120395619e-06
1.52604 3.2964498882793e-06
1.52776 3.2447829918514e-06
1.52948 3.0934264517724e-06
1.5312 2.969494369065e-06
1.53293 2.8827119988861e-06
1.53465 2.6843272664667e-06
1.53637 2.3390692267533e-06
1.53809 1.8178075273934e-06
1.53981 1.7099637162898e-06
1.54153 1.6967231349918e-06
1.54325 1.683355530302e-06
1.54497 1.683355530302e-06
1.5467 1.683355530302e-06
1.54842 1.683355530524e-06
1.55014 1.683355530413e-06
1.55186 1.683355530524e-06
1.55358 1.683355530413e-06
1.5553 1.683355530413e-06
1.55702 1.683355530413e-06
1.55874 1.683355530413e-06
1.56046 1.683355530302e-06
1.56219 1.683355530413e-06
1.56391 1.683355530302e-06
1.56563 1.683355530302e-06
1.56735 1.683355530413e-06
1.56907 1.683355530413e-06
1.57079 1.683355530413e-06
1.57251 1.683355530413e-06
1.57423 1.683355530413e-06
1.57596 1.683355530302e-06
1.57768 1.683355530302e-06
1.5794 1.683355530524e-06
1.58112 1.683355530302e-06
1.58284 1.683355530413e-06
1.58456 1.683355530413e-06
1.58628 1.683355530413e-06
1.588 1.683355530413e-06
1.58972 1.683355530524e-06
1.59145 1.683355530302e-06
1.59317 1.683355530413e-06
1.59489 1.683355530302e-06
1.59661 1.683355530413e-06
1.59833 1.683355530302e-06
1.60005 1.683355530635e-06
1.60177 1.683355530524e-06
1.60349 1.683355530413e-06
1.60522 1.683355530302e-06
1.60694 1.683355530524e-06
1.60866 1.683355530413e-06
1.61038 1.683355530524e-06
1.6121 1.683355530413e-06
1.61382 1.683355530413e-06
1.61554 1.683355530413e-06
1.61726 1.683355530302e-06
1.61898 1.683355530413e-06
1.62071 1.683355530635e-06
1.62243 1.6833555301909e-06
1.62415 1.683355530302e-06
1.62587 1.683355530413e-06
1.62759 1.683355530413e-06
1.62931 1.683355530302e-06
1.63103 1.683355530635e-06
1.63275 1.683355530413e-06
1.63448 1.683355530413e-06
1.6362 1.683355530413e-06
1.63792 1.683355530524e-06
1.63964 1.683355530524e-06
1.64136 1.683355530302e-06
1.64308 1.683355530413e-06
1.6448 1.683355530413e-06
1.64652 1.683355530302e-06
1.64824 1.683355530524e-06
1.64997 1.683355530302e-06
1.65169 1.683355530524e-06
1.65341 1.683355530524e-06
1.65513 1.683355530413e-06
1.65685 1.683355530413e-06
1.65857 1.683355530302e-06
1.66029 1.683355530413e-06
1.66201 1.683355530413e-06
1.66373 1.683355530524e-06
1.66546 1.683355530302e-06
1.66718 1.683355530302e-06
1.6689 1.683355530302e-06
1.67062 1.683355530413e-06
1.67234 1.683355530524e-06
1.67406 1.683355530302e-06
1.67578 1.683355530302e-06
1.6775 1.683355530302e-06
1.67923 1.683355530302e-06
1.68095 1.683355530302e-06
1.68267 1.683355530302e-06
1.68439 1.683355530413e-06
1.68611 1.683355530413e-06
1.68783 1.683355530413e-06
1.68955 1.683355530413e-06
1.69127 1.683355530413e-06
1.69299 1.683355530302e-06
1.69472 1.683355530302e-06
1.69644 1.683355530413e-06
1.69816 1.683355530302e-06
1.69988 1.683355530302e-06
1.7016 1.683355530413e-06
1.70332 1.683355530413e-06
1.70504 1.683355530413e-06
1.70676 1.683355530413e-06
1.70849 1.683355530302e-06
1.71021 1.683355530302e-06
1.71193 1.683355530413e-06
1.71365 1.683355530413e-06
1.71537 1.683355530302e-06
1.71709 1.683355530302e-06
1.71881 1.683355530413e-06
1.72053 1.683355530302e-06
1.72225 1.683355530413e-06
1.72398 1.683355530413e-06
1.7257 1.683355530302e-06
1.72742 1.683355530302e-06
1.72914 1.683355530302e-06
1.73086 1.683355530302e-06
1.73258 1.683355530302e-06
1.7343 1.683355530302e-06
1.73602 1.683355530413e-06
1.73775 1.683355530302e-06
1.73947 1.683355530302e-06
1.74119 1.683355530302e-06
1.74291 1.683355530302e-06
1.74463 1.683355530302e-06
1.74635 1.683355530302e-06
1.74807 1.683355530302e-06
1.74979 1.683355530413e-06
1.75151 1.683355530302e-06
1.75324 1.683355530413e-06
1.75496 1.683355530413e-06
1.75668 1.683355530413e-06
1.7584 1.683355530413e-06
1.76012 1.683355530302e-06
1.76184 1.683355530413e-06
1.76356 1.683355530413e-06
1.76528 1.683355530302e-06
1.76701 1.683355530302e-06
1.76873 1.683355530413e-06
1.77045 1.683355530524e-06
1.77217 1.683355530302e-06
1.77389 1.683355530413e-06
1.77561 1.683355530302e-06
1.77733 1.683355530302e-06
1.77905 1.683355530302e-06
1.78077 1.683355530302e-06
1.7825 1.683355530302e-06
1.78422 1.683355530413e-06
1.78594 1.683355530302e-06
1.78766 1.683355530413e-06
1.78938 1.683355530413e-06
1.7911 1.683355530302e-06
1.79282 1.683355530413e-06
1.79454 1.683355530302e-06
1.79627 1.683355530413e-06
1.79799 1.683355530302e-06
1.79971 1.683355530302e-06
1.80143 1.683355530302e-06
1.80315 1.683355530302e-06
1.80487 1.683355530302e-06
1.80659 1.683355530302e-06
1.80831 1.683355530302e-06
1.81003 1.683355530302e-06
1.81176 1.683355530413e-06
1.81348 1.683355530302e-06
1.8152 1.683355530302e-06
1.81692 1.683355530302e-06
1.81864 1.683355530302e-06
1.82036 1.683355530413e-06
1.82208 1.683355530302e-06
1.8238 1.683355530302e-06
1.82552 1.683355530302e-06
1.82725 1.683355530302e-06
1.82897 1.683355530302e-06
1.83069 1.683355530302e-06
1.83241 1.683355530413e-06
1.83413 1.683355530302e-06
1.83585 1.683355530413e-06
1.83757 1.683355530302e-06
1.83929 1.683355530413e-06
1.84102 1.683355530302e-06
1.84274 1.683355530413e-06
1.84446 1.683355530413e-06
1.84618 1.683355530302e-06
1.8479 1.683355530302e-06
1.84962 1.683355530302e-06
1.85134 1.683355530302e-06
1.85306 1.683355530302e-06
1.85478 1.683355530302e-06
1.85651 1.683355530302e-06
1.85823 1.683355530413e-06
1.85995 1.683355530302e-06
1.86167 1.683355530413e-06
1.86339 1.683355530302e-06
1.86511 1.683355530302e-06
1.86683 1.683355530413e-06
1.86855 1.683355530413e-06
1.87028 1.683355530413e-06
1.872 1.683355530302e-06
1.87372 1.683355530302e-06
1.87544 1.683355530302e-06
1.87716 1.683355530413e-06
1.87888 1.683355530302e-06
1.8806 1.683355530302e-06
1.88232 1.683355530302e-06
1.88404 1.683355530302e-06
1.88577 1.683355530302e-06
1.88749 1.683355530302e-06
1.88921 1.683355530413e-06
1.89093 1.683355530413e-06
1.89265 1.683355530302e-06
1.89437 1.683355530302e-06
1.89609 1.683355530413e-06
1.89781 1.683355530302e-06
1.89954 1.683355530302e-06
1.90126 1.683355530302e-06
1.90298 1.683355530302e-06
1.9047 1.683355530413e-06
1.90642 1.683355530302e-06
1.90814 1.683355530413e-06
1.90986 1.683355530302e-06
1.91158 1.683355530302e-06
1.9133 1.683355530302e-06
1.91503 1.683355530413e-06
1.91675 1.683355530302e-06
1.91847 1.683355530413e-06
1.92019 1.683355530413e-06
1.92191 1.683355530302e-06
1.92363 1.683355530413e-06
1.92535 1.683355530413e-06
1.92707 1.683355530302e-06
1.9288 1.683355530302e-06
1.93052 1.683355530302e-06
1.93224 1.683355530302e-06
1.93396 1.683355530413e-06
1.93568 1.683355530302e-06
1.9374 1.683355530302e-06
1.93912 1.683355530302e-06
1.94084 1.683355530413e-06
1.94256 1.683355530302e-06
1.94429 1.683355530302e-06
1.94601 1.683355530302e-06
1.94773 1.683355530413e-06
1.94945 1.683355530413e-06
1.95117 1.683355530302e-06
1.95289 1.683355530302e-06
1.95461 1.683355530524e-06
1.95633 1.683355530302e-06
1.95806 1.683355530413e-06
1.95978 1.683355530302e-06
1.9615 1.683355530302e-06
1.96322 1.683355530302e-06
1.96494 1.683355530302e-06
1.96666 1.683355530302e-06
1.96838 1.683355530302e-06
1.9701 1.683355530302e-06
1.97182 1.683355530413e-06
1.97355 1.683355530302e-06
1.97527 1.683355530302e-06
1.97699 1.683355530302e-06
1.97871 1.683355530413e-06
1.98043 1.683355530413e-06
1.98215 1.683355530302e-06
1.98387 1.683355530413e-06
1.98559 1.683355530302e-06
1.98731 1.683355530413e-06
1.98904 1.683355530302e-06
1.99076 1.683355530302e-06
1.99248 1.683355530413e-06
1.9942 1.683355530302e-06
1.99592 1.683355530302e-06
1.99764 1.683355530413e-06
1.99936 1.683355530302e-06
2.00108 1.683355530413e-06
2.00281 1.683355530413e-06
2.00453 1.683355530413e-06
2.00625 1.683355530302e-06
2.00797 1.683355530302e-06
2.00969 1.683355530302e-06
2.01141 1.683355530413e-06
2.01313 1.683355530413e-06
2.01485 1.683355530302e-06
2.01657 1.683355530524e-06
2.0183 1.683355530413e-06
2.02002 1.683355530302e-06
2.02174 1.683355530302e-06
2.02346 1.683355530302e-06
2.02518 1.683355530302e-06
2.0269 1.683355530413e-06
2.02862 1.683355530302e-06
2.03034 1.683355530302e-06
2.03207 1.683355530302e-06
2.03379 1.683355530413e-06
2.03551 1.683355530413e-06
2.03723 1.683355530413e-06
2.03895 1.683355530302e-06
2.04067 1.683355530302e-06
2.04239 1.683355530302e-06
2.04411 1.683355530413e-06
2.04583 1.683355530413e-06
2.04756 1.683355530302e-06
2.04928 1.683355530302e-06
2.051 1.683355530302e-06
2.05272 1.683355530302e-06
2.05444 1.683355530302e-06
2.05616 1.683355530302e-06
2.05788 1.683355530302e-06
2.0596 1.683355530302e-06
2.06133 1.683355530302e-06
2.06305 1.683355530302e-06
2.06477 1.683355530413e-06
2.06649 1.683355530302e-06
2.06821 1.683355530302e-06
2.06993 1.683355530413e-06
2.07165 1.683355530302e-06
2.07337 1.683355530413e-06
2.07509 1.683355530302e-06
2.07682 1.683355530302e-06
2.07854 1.683355530302e-06
2.08026 1.683355530413e-06
2.08198 1.683355530413e-06
2.0837 1.683355530413e-06
2.08542 1.683355530413e-06
2.08714 1.683355530302e-06
2.08886 1.683355530302e-06
2.09059 1.683355530413e-06
2.09231 1.683355530302e-06
2.09403 1.683355530302e-06
2.09575 1.683355530302e-06
2.09747 1.683355530302e-06
2.09919 1.683355530302e-06
2.10091 1.683355530302e-06
2.10263 1.683355530413e-06
