11 0 1 0 1.54e-05 7.02493 0.22101 0 0.200023 0.909508 1.10505 0.105052 -2.2533 7.50531e-07 
11 100 2 0.0030569 3.08e-05 7.02493 0.219338 7.11397e-09 0.216331 0.902627 1.09669 0.0966918 -2.33623 0.000670388 
11 200 2 0.00613689 3.08e-05 7.02493 0.219054 -1.21162e-07 0.229691 0.901457 1.09527 0.0952704 -2.35104 0.00134843 
11 300 2 0.00921689 3.08e-05 7.02493 0.21904 -1.41166e-07 0.238508 0.901399 1.0952 0.0951995 -2.35178 0.00202326 
11 400 2 0.0122969 3.08e-05 7.02493 0.219128 -1.00433e-07 0.243547 0.901762 1.09564 0.0956409 -2.34715 0.00269785 
11 500 2 0.0153769 3.08e-05 7.02493 0.219221 -5.99648e-08 0.245905 0.902144 1.0961 0.0961049 -2.34232 0.00337371 
11 600 2 0.0184569 3.08e-05 7.02493 0.219304 -3.56438e-08 0.246425 0.902484 1.09652 0.0965178 -2.33803 0.00404834 
11 700 2 0.0215369 3.08e-05 7.02493 0.219388 -3.58856e-08 0.24571 0.902833 1.09694 0.0969423 -2.33364 0.00472329 
11 800 2 0.0246169 3.08e-05 7.02493 0.219461 -8.75204e-09 0.244195 0.903131 1.0973 0.0973042 -2.32991 0.00539941 
11 900 2 0.0276969 3.08e-05 7.02493 0.219516 -6.76262e-10 0.242179 0.903357 1.09758 0.0975783 -2.3271 0.00607516 
11 1000 2 0.0307769 3.08e-05 7.02493 0.219558 8.83869e-08 0.239869 0.903532 1.09779 0.0977918 -2.32491 0.00675211 
11 1100 2 0.0338569 3.08e-05 7.02493 0.219596 3.2348e-07 0.23741 0.903687 1.09798 0.0979803 -2.32299 0.00742797 
11 1200 2 0.0369368 3.08e-05 7.02493 0.219622 1.28028e-06 0.234915 0.903792 1.09811 0.0981078 -2.32169 0.00810414 
11 1300 2 0.0400168 3.08e-05 7.02493 0.219631 2.88574e-06 0.232416 0.90383 1.09815 0.0981531 -2.32123 0.00878077 
11 1400 2 0.0430968 3.08e-05 7.02493 0.219628 1.94374e-06 0.229976 0.903818 1.09814 0.0981384 -2.32138 0.00945688 
11 1500 2 0.0461768 3.08e-05 7.02493 0.219626 2.81687e-06 0.22766 0.903811 1.09813 0.0981304 -2.32146 0.0101338 
11 1600 2 0.0492568 3.08e-05 7.02493 0.219615 4.85988e-06 0.225465 0.903764 1.09807 0.098073 -2.32204 0.0108102 
11 1700 2 0.0523368 3.08e-05 7.02493 0.219595 6.12881e-06 0.223416 0.903684 1.09798 0.0979756 -2.32304 0.0114861 
11 1800 2 0.0554168 3.08e-05 7.02493 0.219584 4.68118e-06 0.221498 0.903637 1.09792 0.0979189 -2.32362 0.0121625 
11 1900 2 0.0584968 3.08e-05 7.02493 0.219583 -5.20091e-06 0.219724 0.903635 1.09792 0.0979164 -2.32364 0.0128392 
11 2000 2 0.0615768 3.08e-05 7.02493 0.219566 -1.859e-05 0.218077 0.903563 1.09783 0.0978291 -2.32453 0.0135151 
11 2100 2 0.0646568 3.08e-05 7.02493 0.219545 -2.14715e-05 0.216563 0.903476 1.09772 0.0977237 -2.32561 0.014191 
11 2200 2 0.0677368 3.08e-05 7.02493 0.219516 -2.52813e-05 0.215172 0.903356 1.09758 0.0975781 -2.3271 0.0148673 
11 2300 2 0.0708168 3.08e-05 7.02493 0.219497 -1.79497e-05 0.213884 0.903278 1.09748 0.0974827 -2.32808 0.0155435 
11 2400 2 0.0738968 3.08e-05 7.02493 0.219476 -1.03222e-05 0.212683 0.903194 1.09738 0.0973812 -2.32912 0.0162193 
11 2500 2 0.0769768 3.08e-05 7.02493 0.219462 -4.29451e-06 0.211581 0.903136 1.09731 0.0973107 -2.32985 0.0168955 
11 2600 3 0.0800308 3.08e-05 7.02493 0.219434 3.92098e-07 0.210558 0.903019 1.09717 0.0971677 -2.33132 0.0175715 
11 2700 3 0.0831108 3.08e-05 7.02493 0.219402 7.69806e-07 0.209622 0.90289 1.09701 0.0970112 -2.33293 0.0182471 
11 2800 3 0.0861908 3.08e-05 7.02493 0.219387 -5.94096e-06 0.208763 0.902828 1.09694 0.0969354 -2.33371 0.0189228 
11 2900 3 0.0892708 3.08e-05 7.02493 0.219355 -1.225e-05 0.207972 0.902697 1.09678 0.0967766 -2.33535 0.0195983 
11 3000 3 0.0923508 3.08e-05 7.02493 0.219338 -3.20188e-05 0.20727 0.902627 1.09669 0.0966922 -2.33622 0.0202739 
11 3100 3 0.0954308 3.08e-05 7.02493 0.219304 -3.37837e-05 0.20663 0.902486 1.09652 0.0965209 -2.338 0.0209495 
11 3200 3 0.0985108 3.08e-05 7.02493 0.219271 -1.43532e-05 0.206045 0.90235 1.09636 0.0963553 -2.33971 0.0216247 
11 3300 3 0.101591 3.08e-05 7.02493 0.219235 5.40172e-06 0.205513 0.902203 1.09618 0.096177 -2.34157 0.0222998 
11 3400 3 0.104671 3.08e-05 7.02493 0.219225 1.00189e-05 0.205047 0.902161 1.09613 0.0961258 -2.3421 0.0229752 
11 3500 3 0.107751 3.08e-05 7.02493 0.219225 1.52978e-05 0.204628 0.902162 1.09613 0.0961266 -2.34209 0.0236506 
11 3600 3 0.110831 3.08e-05 7.02493 0.219221 3.18667e-05 0.20426 0.902143 1.0961 0.0961039 -2.34233 0.0243258 
11 3700 3 0.113911 3.08e-05 7.02493 0.219186 3.3163e-05 0.203928 0.902002 1.09593 0.095932 -2.34412 0.0250008 
11 3800 3 0.116991 3.08e-05 7.02493 0.219123 2.29683e-05 0.203629 0.901742 1.09562 0.0956165 -2.34741 0.0256754 
11 3900 3 0.120071 3.08e-05 7.02493 0.21907 1.78992e-05 0.203348 0.901522 1.09535 0.0953496 -2.3502 0.0263501 
11 4000 3 0.123151 3.08e-05 7.02493 0.218986 -1.22635e-05 0.203077 0.901176 1.09493 0.0949285 -2.35463 0.0270249 
11 4100 3 0.126231 3.08e-05 7.02493 0.218928 -1.7834e-05 0.202855 0.900938 1.09464 0.0946391 -2.35768 0.0276992 
11 4200 3 0.129311 3.08e-05 7.02493 0.218872 4.19511e-06 0.202646 0.900707 1.09436 0.0943585 -2.36065 0.0283736 
11 4300 3 0.132391 3.08e-05 7.02493 0.21881 1.33277e-05 0.202455 0.900451 1.09405 0.094048 -2.36395 0.0290473 
11 4400 3 0.135471 3.08e-05 7.02493 0.218748 3.87581e-05 0.202284 0.900196 1.09374 0.093738 -2.36725 0.0297214 
11 4500 3 0.138551 3.08e-05 7.02493 0.218728 4.87109e-05 0.202135 0.900114 1.09364 0.0936387 -2.36831 0.0303951 
11 4600 3 0.141631 3.08e-05 7.02493 0.218715 2.59395e-05 0.201999 0.900062 1.09358 0.0935751 -2.36899 0.0310686 
11 4700 3 0.144711 3.08e-05 7.02493 0.218695 1.52521e-05 0.201872 0.89998 1.09348 0.0934752 -2.37006 0.0317422 
11 4800 3 0.147791 3.08e-05 7.02493 0.218694 8.16189e-06 0.201764 0.899976 1.09347 0.0934705 -2.37011 0.0324154 
11 4900 3 0.150871 3.08e-05 7.02493 0.218689 6.96552e-06 0.201661 0.899953 1.09344 0.0934429 -2.37041 0.0330896 
11 5000 3 0.153951 3.08e-05 7.02493 0.218683 -4.09029e-06 0.201566 0.89993 1.09342 0.0934152 -2.3707 0.0337624 
11 5100 3 0.157031 3.08e-05 7.02493 0.218683 1.1917e-05 0.201485 0.899932 1.09342 0.0934168 -2.37068 0.0344364 
11 5200 4 0.160092 3.08e-05 7.02493 0.218691 2.82968e-05 0.201423 0.899961 1.09345 0.0934531 -2.3703 0.0351101 
11 5300 4 0.163172 3.08e-05 7.02493 0.218661 4.54219e-05 0.20136 0.899841 1.09331 0.0933074 -2.37186 0.0357833 
11 5400 4 0.166252 3.08e-05 7.02493 0.218643 3.46113e-05 0.201304 0.899765 1.09321 0.0932142 -2.37285 0.0364569 
11 5500 4 0.169332 3.08e-05 7.02493 0.218631 2.77655e-05 0.201256 0.899714 1.09315 0.0931527 -2.37352 0.0371303 
11 5600 4 0.172412 3.08e-05 7.02493 0.218631 4.72106e-05 0.201212 0.899714 1.09315 0.0931525 -2.37352 0.0378031 
11 5700 4 0.175492 3.08e-05 7.02493 0.218632 4.685e-05 0.201174 0.899719 1.09316 0.0931582 -2.37346 0.038477 
11 5800 4 0.178572 3.08e-05 7.02493 0.218639 4.4104e-05 0.201139 0.899749 1.09319 0.0931947 -2.37306 0.0391505 
11 5900 4 0.181652 3.08e-05 7.02493 0.218628 2.97792e-05 0.201102 0.899703 1.09314 0.0931388 -2.37366 0.0398238 
11 6000 4 0.184732 3.08e-05 7.02493 0.218607 1.89839e-05 0.201071 0.899617 1.09303 0.0930346 -2.37478 0.0404975 
11 6100 4 0.187812 3.08e-05 7.02493 0.218599 1.57907e-05 0.201042 0.899585 1.093 0.0929959 -2.3752 0.0411705 
11 6200 4 0.190892 3.08e-05 7.02493 0.218552 1.97074e-05 0.201022 0.899391 1.09276 0.0927602 -2.37774 0.0418437 
11 6300 4 0.193972 3.08e-05 7.02493 0.21851 -5.45213e-06 0.200996 0.899219 1.09255 0.0925508 -2.38 0.0425168 
11 6400 4 0.197052 3.08e-05 7.02493 0.218476 -2.51611e-05 0.200974 0.899078 1.09238 0.0923803 -2.38184 0.0431904 
11 6500 4 0.200132 3.08e-05 7.02493 0.218453 -3.59505e-05 0.200957 0.898982 1.09226 0.0922626 -2.38312 0.0438632 
11 6600 4 0.203212 3.08e-05 7.02493 0.218445 -5.21917e-05 0.200931 0.898949 1.09222 0.0922231 -2.38354 0.0445356 
11 6700 4 0.206292 3.08e-05 7.02493 0.218411 -3.59812e-05 0.200911 0.898809 1.09205 0.0920532 -2.38539 0.0452085 
11 6800 4 0.209372 3.08e-05 7.02493 0.21838 -2.08005e-05 0.200894 0.898684 1.0919 0.091901 -2.38704 0.0458813 
11 6900 4 0.212452 3.08e-05 7.02493 0.21834 -4.29194e-05 0.200876 0.89852 1.0917 0.0917019 -2.38921 0.0465539 
11 7000 4 0.215532 3.08e-05 7.02493 0.21832 -2.81452e-05 0.20086 0.898435 1.0916 0.0915984 -2.39034 0.0472264 
11 7100 4 0.218612 3.08e-05 7.02493 0.218278 -3.40415e-05 0.200846 0.898265 1.09139 0.0913915 -2.3926 0.0478984 
11 7200 4 0.221692 3.08e-05 7.02493 0.218221 3.09321e-05 0.200828 0.898031 1.09111 0.0911074 -2.39572 0.0485706 
11 7300 4 0.224772 3.08e-05 7.02493 0.218202 5.91079e-05 0.20081 0.897952 1.09101 0.0910122 -2.39676 0.0492425 
11 7400 4 0.227852 3.08e-05 7.02493 0.218238 6.10372e-05 0.200795 0.898098 1.09119 0.0911894 -2.39482 0.0499148 
11 7500 4 0.230932 3.08e-05 7.02493 0.218269 4.97809e-05 0.200775 0.898227 1.09135 0.091346 -2.3931 0.0505874 
11 7600 4 0.234012 3.08e-05 7.02493 0.218275 2.87177e-05 0.200757 0.898253 1.09138 0.0913769 -2.39276 0.0512598 
11 7700 4 0.237092 3.08e-05 7.02493 0.218273 1.63776e-05 0.200744 0.898243 1.09137 0.0913655 -2.39289 0.0519319 
11 7800 5 0.240154 3.08e-05 7.02493 0.218235 8.36241e-07 0.200735 0.898085 1.09117 0.0911729 -2.395 0.0526038 
11 7900 5 0.243234 3.08e-05 7.02493 0.218162 9.74356e-06 0.200727 0.897787 1.09081 0.0908114 -2.39897 0.0532761 
11 8000 5 0.246314 3.08e-05 7.02493 0.21809 -8.85649e-06 0.20072 0.897491 1.09045 0.0904517 -2.40294 0.0539481 
11 8100 5 0.249394 3.08e-05 7.02493 0.218089 -3.96746e-05 0.200708 0.897486 1.09045 0.0904458 -2.403 0.0546196 
11 8200 5 0.252474 3.08e-05 7.02493 0.218073 -2.93169e-05 0.200699 0.897418 1.09036 0.090363 -2.40392 0.0552913 
11 8300 5 0.255554 3.08e-05 7.02493 0.21805 -3.09296e-05 0.200692 0.897326 1.09025 0.0902516 -2.40515 0.0559626 
11 8400 5 0.258634 3.08e-05 7.02493 0.218027 -3.02967e-05 0.200687 0.89723 1.09013 0.0901347 -2.40645 0.0566348 
11 8500 5 0.261714 3.08e-05 7.02493 0.217966 -1.52203e-05 0.200678 0.896979 1.08983 0.0898294 -2.40984 0.0573053 
11 8600 5 0.264794 3.08e-05 7.02493 0.217933 -4.74532e-05 0.200672 0.896842 1.08966 0.0896633 -2.41169 0.057977 
11 8700 5 0.267874 3.08e-05 7.02493 0.217908 -4.22897e-05 0.200663 0.896741 1.08954 0.0895401 -2.41307 0.0586485 
11 8800 5 0.270954 3.08e-05 7.02493 0.217893 -5.41255e-05 0.200658 0.896678 1.08946 0.0894638 -2.41392 0.0593192 
11 8900 5 0.274034 3.08e-05 7.02493 0.217864 -6.49085e-05 0.200653 0.896561 1.08932 0.0893221 -2.41551 0.0599907 
11 9000 5 0.277114 3.08e-05 7.02493 0.217854 -7.05594e-05 0.200643 0.896518 1.08927 0.0892696 -2.41609 0.0606617 
11 9100 5 0.280194 3.08e-05 7.02493 0.217825 -7.05531e-05 0.200636 0.896397 1.08912 0.0891229 -2.41774 0.061333 
11 9200 5 0.283274 3.08e-05 7.02493 0.21781 -5.76172e-05 0.200628 0.896336 1.08905 0.0890477 -2.41858 0.0620037 
11 9300 5 0.286354 3.08e-05 7.02493 0.217833 -6.06402e-05 0.200617 0.896431 1.08916 0.0891634 -2.41728 0.0626747 
11 9400 5 0.289434 3.08e-05 7.02493 0.217849 -6.30961e-05 0.200606 0.896496 1.08924 0.0892426 -2.4164 0.0633455 
11 9500 5 0.292514 3.08e-05 7.02493 0.21781 -7.11227e-05 0.2006 0.896338 1.08905 0.0890501 -2.41856 0.0640171 
11 9600 5 0.295594 3.08e-05 7.02493 0.217811 -7.62777e-05 0.200592 0.896341 1.08905 0.0890545 -2.41851 0.0646881 
11 9700 5 0.298674 3.08e-05 7.02493 0.2178 -4.055e-05 0.200591 0.896295 1.089 0.0889981 -2.41914 0.0653588 
11 9800 5 0.301754 3.08e-05 7.02493 0.217759 -3.94297e-05 0.200584 0.896128 1.08879 0.0887949 -2.42143 0.0660289 
11 9900 5 0.304834 3.08e-05 7.02493 0.217745 -4.15989e-05 0.200581 0.89607 1.08872 0.088725 -2.42221 0.0667006 
11 10000 5 0.307914 3.08e-05 7.02493 0.217722 -3.46162e-05 0.200575 0.895977 1.08861 0.0886125 -2.42348 0.0673708 
11 10100 5 0.310994 3.08e-05 7.02493 0.217709 -1.4854e-05 0.20057 0.89592 1.08854 0.0885426 -2.42427 0.0680415 
11 10200 5 0.314074 3.08e-05 7.02493 0.2177 -1.01512e-05 0.200564 0.895885 1.0885 0.0885 -2.42475 0.0687118 
11 10300 5 0.317154 3.08e-05 7.02493 0.217655 3.95208e-05 0.200564 0.895701 1.08828 0.088277 -2.42728 0.0693822 
11 10400 6 0.320216 3.08e-05 7.02493 0.217621 6.08166e-05 0.200564 0.895559 1.0881 0.0881041 -2.42924 0.0700526 
11 10500 6 0.323296 3.08e-05 7.02493 0.217581 5.48376e-05 0.200565 0.895393 1.0879 0.0879025 -2.43153 0.070723 
11 10600 6 0.326376 3.08e-05 7.02493 0.21756 4.29773e-05 0.200562 0.895309 1.0878 0.0878004 -2.43269 0.0713932 
11 10700 6 0.329456 3.08e-05 7.02493 0.217539 3.16757e-05 0.200555 0.895223 1.0877 0.0876956 -2.43388 0.0720637 
11 10800 6 0.332536 3.08e-05 7.02493 0.217511 2.35322e-05 0.200552 0.895105 1.08755 0.0875529 -2.43551 0.0727336 
11 10900 6 0.335616 3.08e-05 7.02493 0.217451 1.06017e-05 0.20055 0.89486 1.08726 0.0872552 -2.43892 0.0734035 
11 11000 6 0.338696 3.08e-05 7.02493 0.217426 9.87745e-06 0.200545 0.894758 1.08713 0.0871314 -2.44034 0.0740725 
11 11100 6 0.341776 3.08e-05 7.02493 0.21745 6.46305e-06 0.200542 0.894856 1.08725 0.0872498 -2.43898 0.074742 
11 11200 6 0.344856 3.08e-05 7.02493 0.217429 -1.77089e-05 0.200537 0.894771 1.08715 0.0871462 -2.44017 0.0754126 
11 11300 6 0.347936 3.08e-05 7.02493 0.217418 -1.94239e-05 0.200533 0.894726 1.08709 0.0870917 -2.44079 0.0760821 
11 11400 6 0.351016 3.08e-05 7.02493 0.217396 -7.83966e-06 0.200526 0.894633 1.08698 0.0869796 -2.44208 0.0767519 
11 11500 6 0.354096 3.08e-05 7.02493 0.21737 5.249e-06 0.200523 0.894527 1.08685 0.0868506 -2.44357 0.0774214 
11 11600 6 0.357176 3.08e-05 7.02493 0.217324 1.24128e-05 0.200519 0.894336 1.08662 0.0866179 -2.44625 0.0780916 
11 11700 6 0.360256 3.08e-05 7.02493 0.217302 6.68699e-06 0.20052 0.894247 1.08651 0.0865095 -2.4475 0.0787605 
11 11800 6 0.363336 3.08e-05 7.02493 0.217341 1.98731e-05 0.200515 0.894407 1.0867 0.0867041 -2.44525 0.0794299 
11 11900 6 0.366416 3.08e-05 7.02493 0.217342 2.04756e-05 0.200511 0.894411 1.08671 0.0867093 -2.44519 0.0800998 
11 12000 6 0.369496 3.08e-05 7.02493 0.217391 1.49905e-06 0.200504 0.894612 1.08695 0.0869531 -2.44239 0.0807694 
11 12100 6 0.372576 3.08e-05 7.02493 0.217401 -2.33884e-05 0.200501 0.894655 1.08701 0.0870063 -2.44177 0.0814386 
11 12200 6 0.375656 3.08e-05 7.02493 0.217398 -2.9664e-05 0.200501 0.894642 1.08699 0.0869904 -2.44196 0.0821086 
11 12300 6 0.378736 3.08e-05 7.02493 0.217377 -1.20126e-05 0.2005 0.894556 1.08689 0.0868861 -2.44316 0.0827779 
11 12400 6 0.381816 3.08e-05 7.02493 0.217327 -2.19666e-05 0.200502 0.89435 1.08663 0.086635 -2.44605 0.0834475 
11 12500 6 0.384896 3.08e-05 7.02493 0.217284 -2.22703e-05 0.2005 0.894172 1.08642 0.086419 -2.44855 0.084117 
11 12600 6 0.387976 3.08e-05 7.02493 0.217229 -8.09259e-06 0.200503 0.893945 1.08614 0.0861435 -2.45174 0.084786 
11 12700 6 0.391056 3.08e-05 7.02493 0.217194 9.4159e-07 0.200502 0.893801 1.08597 0.0859679 -2.45378 0.0854552 
11 12800 6 0.394135 3.08e-05 7.02493 0.217169 1.97399e-07 0.200499 0.893699 1.08584 0.0858447 -2.45522 0.086124 
11 12900 6 0.397215 3.08e-05 7.02493 0.217132 -3.72037e-05 0.200499 0.893548 1.08566 0.085661 -2.45736 0.0867932 
11 13000 7 0.400277 3.08e-05 7.02493 0.217131 -5.43968e-05 0.200497 0.893541 1.08565 0.0856526 -2.45746 0.0874618 
11 13100 7 0.403357 3.08e-05 7.02493 0.217125 -5.79302e-05 0.200495 0.89352 1.08563 0.0856269 -2.45776 0.0881308 
11 13200 7 0.406437 3.08e-05 7.02493 0.217114 -6.02224e-05 0.200492 0.893472 1.08557 0.0855687 -2.45844 0.0887999 
11 13300 7 0.409517 3.08e-05 7.02493 0.21709 -8.9354e-05 0.200492 0.893374 1.08545 0.08545 -2.45982 0.0894684 
11 13400 7 0.412597 3.08e-05 7.02493 0.217076 -8.56953e-05 0.20049 0.893315 1.08538 0.0853781 -2.46067 0.0901363 
11 13500 7 0.415677 3.08e-05 7.02493 0.217124 -6.79286e-05 0.200481 0.893512 1.08562 0.0856176 -2.45786 0.0908051 
11 13600 7 0.418757 3.08e-05 7.02493 0.217146 -4.59643e-05 0.200476 0.893606 1.08573 0.0857318 -2.45653 0.0914745 
11 13700 7 0.421837 3.08e-05 7.02493 0.217142 -6.1334e-05 0.200475 0.893588 1.08571 0.0857095 -2.45679 0.092143 
11 13800 7 0.424917 3.08e-05 7.02493 0.217064 -5.82472e-05 0.200476 0.893269 1.08532 0.0853223 -2.46132 0.0928121 
11 13900 7 0.427997 3.08e-05 7.02493 0.217017 -5.0176e-05 0.200479 0.893076 1.08509 0.085087 -2.46408 0.093481 
11 14000 7 0.431077 3.08e-05 7.02493 0.21697 -4.12911e-05 0.20048 0.892882 1.08485 0.0848519 -2.46685 0.0941491 
11 14100 7 0.434157 3.08e-05 7.02493 0.216988 -3.3142e-05 0.200478 0.892954 1.08494 0.0849389 -2.46582 0.0948178 
11 14200 7 0.437237 3.08e-05 7.02493 0.217004 -3.85522e-05 0.200472 0.893021 1.08502 0.085021 -2.46486 0.0954861 
11 14300 7 0.440317 3.08e-05 7.02493 0.216999 -4.72296e-05 0.200471 0.892999 1.08499 0.0849933 -2.46518 0.0961546 
11 14400 7 0.443397 3.08e-05 7.02493 0.21698 -2.81938e-05 0.200471 0.892921 1.0849 0.0848995 -2.46629 0.096823 
11 14500 7 0.446477 3.08e-05 7.02493 0.216985 -3.15264e-05 0.20047 0.892944 1.08493 0.0849274 -2.46596 0.0974915 
11 14600 7 0.449557 3.08e-05 7.02493 0.216962 -6.14048e-05 0.20047 0.892848 1.08481 0.0848099 -2.46734 0.098159 
11 14700 7 0.452637 3.08e-05 7.02493 0.216936 -9.29051e-05 0.200472 0.892742 1.08468 0.0846817 -2.46886 0.0988277 
11 14800 7 0.455717 3.08e-05 7.02493 0.216866 -7.02823e-05 0.200475 0.892452 1.08433 0.0843289 -2.47303 0.0994957 
11 14900 7 0.458797 3.08e-05 7.02493 0.216828 -4.93145e-05 0.200475 0.892297 1.08414 0.0841403 -2.47527 0.100164 
11 15000 7 0.461877 3.08e-05 7.02493 0.216837 -8.76843e-05 0.200472 0.892334 1.08419 0.0841859 -2.47473 0.100831 
11 15100 7 0.464957 3.08e-05 7.02493 0.216822 -5.83129e-05 0.200471 0.89227 1.08411 0.084108 -2.47565 0.1015 
11 15200 7 0.468037 3.08e-05 7.02493 0.216806 -3.3694e-05 0.200469 0.892205 1.08403 0.0840294 -2.47659 0.102168 
11 15300 7 0.471117 3.08e-05 7.02493 0.21679 -2.25443e-05 0.200469 0.892138 1.08395 0.0839477 -2.47756 0.102835 
11 15400 7 0.474197 3.08e-05 7.02493 0.21681 2.47941e-06 0.200467 0.892223 1.08405 0.0840504 -2.47634 0.103503 
11 15500 7 0.477277 3.08e-05 7.02493 0.21677 4.89836e-05 0.200467 0.892057 1.08385 0.0838495 -2.47873 0.10417 
11 15600 8 0.480339 3.08e-05 7.02493 0.216696 5.31986e-05 0.200467 0.891754 1.08348 0.0834806 -2.48314 0.104838 
11 15700 8 0.483419 3.08e-05 7.02493 0.216727 4.93801e-05 0.200462 0.891879 1.08363 0.0836331 -2.48132 0.105506 
11 15800 8 0.486499 3.08e-05 7.02493 0.216776 4.79473e-05 0.200456 0.892082 1.08388 0.0838801 -2.47837 0.106173 
11 15900 8 0.489579 3.08e-05 7.02493 0.216803 5.88599e-05 0.200453 0.892193 1.08401 0.084015 -2.47676 0.10684 
11 16000 8 0.492659 3.08e-05 7.02493 0.216783 5.46594e-05 0.200454 0.892111 1.08392 0.0839154 -2.47795 0.107509 
11 16100 8 0.495739 3.08e-05 7.02493 0.216751 3.23971e-05 0.200455 0.891978 1.08375 0.0837532 -2.47988 0.108177 
11 16200 8 0.498819 3.08e-05 7.02493 0.216706 4.59646e-05 0.200458 0.891793 1.08353 0.0835284 -2.48257 0.108845 
11 16300 8 0.501899 3.08e-05 7.02493 0.216677 5.39344e-05 0.200457 0.891674 1.08338 0.0833843 -2.4843 0.109512 
11 16400 8 0.504979 3.08e-05 7.02493 0.216671 7.02563e-05 0.200454 0.891651 1.08336 0.0833565 -2.48463 0.110179 
11 16500 8 0.508059 3.08e-05 7.02493 0.216676 6.21893e-05 0.200451 0.891673 1.08338 0.0833824 -2.48432 0.110847 
11 16600 8 0.511139 3.08e-05 7.02493 0.216672 8.63269e-05 0.200449 0.891655 1.08336 0.0833612 -2.48457 0.111514 
11 16700 8 0.514219 3.08e-05 7.02493 0.216678 7.89393e-05 0.200449 0.891679 1.08339 0.0833895 -2.48423 0.112181 
11 16800 8 0.517299 3.08e-05 7.02493 0.216658 7.7128e-05 0.200449 0.891596 1.08329 0.0832886 -2.48544 0.112849 
11 16900 8 0.520379 3.08e-05 7.02493 0.21661 6.36595e-05 0.200452 0.891399 1.08305 0.0830502 -2.48831 0.113516 
11 17000 8 0.523459 3.08e-05 7.02493 0.216575 6.41487e-05 0.200455 0.891256 1.08288 0.0828755 -2.49042 0.114183 
11 17100 8 0.526539 3.08e-05 7.02493 0.216521 5.82879e-05 0.200455 0.891031 1.0826 0.0826029 -2.49371 0.11485 
11 17200 8 0.529619 3.08e-05 7.02493 0.21649 4.50658e-05 0.200455 0.890905 1.08245 0.082449 -2.49557 0.115518 
11 17300 8 0.532699 3.08e-05 7.02493 0.216483 3.71981e-05 0.200456 0.890876 1.08241 0.0824144 -2.496 0.116184 
11 17400 8 0.535779 3.08e-05 7.02493 0.216491 3.70763e-05 0.200454 0.890909 1.08245 0.0824545 -2.49551 0.11685 
11 17500 8 0.538859 3.08e-05 7.02493 0.216492 4.21872e-05 0.200453 0.890915 1.08246 0.0824613 -2.49543 0.117518 
11 17600 8 0.541939 3.08e-05 7.02493 0.216505 3.47674e-05 0.200452 0.890968 1.08253 0.0825262 -2.49464 0.118185 
11 17700 8 0.545019 3.08e-05 7.02493 0.216548 -6.46941e-06 0.200448 0.891145 1.08274 0.0827409 -2.49204 0.118851 
11 17800 8 0.548099 3.08e-05 7.02493 0.216502 -4.63108e-07 0.200448 0.890955 1.08251 0.08251 -2.49484 0.119518 
11 17900 8 0.551179 3.08e-05 7.02493 0.216465 -1.20919e-05 0.200448 0.890803 1.08233 0.0823258 -2.49707 0.120185 
11 18000 8 0.554259 3.08e-05 7.02493 0.21647 1.5216e-05 0.200444 0.890824 1.08235 0.082351 -2.49676 0.120852 
11 18100 8 0.557339 3.08e-05 7.02493 0.216455 7.28132e-06 0.200443 0.89076 1.08227 0.0822732 -2.49771 0.121519 
11 18200 9 0.5604 3.08e-05 7.02493 0.216447 -2.59394e-05 0.200441 0.890728 1.08223 0.0822344 -2.49818 0.122186 
11 18300 9 0.56348 3.08e-05 7.02493 0.216407 -4.19114e-05 0.200443 0.890564 1.08204 0.0820358 -2.5006 0.122852 
11 18400 9 0.56656 3.08e-05 7.02493 0.21638 -2.53538e-05 0.200445 0.890453 1.0819 0.0819007 -2.50225 0.123519 
11 18500 9 0.56964 3.08e-05 7.02493 0.216363 2.70989e-05 0.200443 0.890381 1.08181 0.0818127 -2.50332 0.124186 
11 18600 9 0.57272 3.08e-05 7.02493 0.21637 2.55135e-05 0.20044 0.890411 1.08185 0.0818489 -2.50288 0.124852 
11 18700 9 0.5758 3.08e-05 7.02493 0.216411 4.6137e-06 0.200438 0.89058 1.08205 0.0820549 -2.50037 0.125518 
11 18800 9 0.57888 3.08e-05 7.02493 0.216395 6.07017e-06 0.200438 0.890516 1.08198 0.0819769 -2.50132 0.126185 
11 18900 9 0.58196 3.08e-05 7.02493 0.216378 2.6905e-05 0.200438 0.890445 1.08189 0.0818908 -2.50237 0.126851 
11 19000 9 0.58504 3.08e-05 7.02493 0.216355 2.91323e-05 0.200441 0.890348 1.08177 0.0817731 -2.50381 0.127517 
11 19100 9 0.58812 3.08e-05 7.02493 0.216347 4.49705e-05 0.200439 0.890315 1.08173 0.0817328 -2.5043 0.128184 
11 19200 9 0.5912 3.08e-05 7.02493 0.216334 4.65546e-05 0.20044 0.890264 1.08167 0.0816705 -2.50506 0.128851 
11 19300 9 0.59428 3.08e-05 7.02493 0.216276 5.64958e-05 0.200445 0.890024 1.08138 0.0813792 -2.50864 0.129517 
11 19400 9 0.59736 3.08e-05 7.02493 0.216233 6.93802e-05 0.200446 0.889849 1.08117 0.081167 -2.51125 0.130183 
11 19500 9 0.60044 3.08e-05 7.02493 0.216211 8.09447e-05 0.200446 0.889758 1.08106 0.0810554 -2.51262 0.130849 
11 19600 9 0.60352 3.08e-05 7.02493 0.216187 6.00676e-05 0.200447 0.889658 1.08093 0.0809348 -2.51411 0.131515 
11 19700 9 0.6066 3.08e-05 7.02493 0.216159 3.37673e-05 0.200449 0.889542 1.08079 0.080794 -2.51585 0.132181 
11 19800 9 0.60968 3.08e-05 7.02493 0.216161 5.53426e-05 0.200447 0.88955 1.0808 0.0808036 -2.51573 0.132846 
11 19900 9 0.61276 3.08e-05 7.02493 0.216169 7.50153e-07 0.200445 0.889585 1.08085 0.0808457 -2.51521 0.133512 
11 20000 9 0.61584 3.08e-05 7.02493 0.216197 -5.0098e-05 0.200443 0.889701 1.08099 0.0809873 -2.51346 0.134178 
11 20100 9 0.61892 3.08e-05 7.02493 0.21615 -4.81891e-05 0.200445 0.889507 1.08075 0.0807504 -2.51639 0.134844 
11 20200 9 0.622 3.08e-05 7.02493 0.216167 -7.92199e-05 0.200438 0.889575 1.08083 0.0808331 -2.51537 0.13551 
11 20300 9 0.62508 3.08e-05 7.02493 0.21621 -5.28764e-05 0.200434 0.889753 1.08105 0.0810494 -2.5127 0.136176 
11 20400 9 0.62816 3.08e-05 7.02493 0.216218 -3.90801e-05 0.200432 0.889787 1.08109 0.0810911 -2.51218 0.136842 
11 20500 9 0.63124 3.08e-05 7.02493 0.216223 -3.36219e-05 0.200432 0.889808 1.08112 0.0811164 -2.51187 0.137508 
11 20600 9 0.63432 3.08e-05 7.02493 0.216199 -3.42601e-05 0.200433 0.889707 1.08099 0.0809942 -2.51338 0.138174 
11 20700 9 0.6374 3.08e-05 7.02493 0.216147 -3.5964e-05 0.200437 0.889493 1.08073 0.0807345 -2.51659 0.13884 
11 20800 10 0.640462 3.08e-05 7.02493 0.216108 -3.63444e-05 0.200436 0.889333 1.08054 0.0805395 -2.51901 0.139506 
11 20900 10 0.643542 3.08e-05 7.02493 0.216081 -2.49738e-05 0.200434 0.88922 1.0804 0.0804027 -2.52071 0.140171 
11 21000 10 0.646622 3.08e-05 7.02493 0.21611 1.00321e-07 0.20043 0.889343 1.08055 0.080552 -2.51885 0.140836 
11 21100 10 0.649702 3.08e-05 7.02493 0.216136 3.2681e-05 0.200429 0.88945 1.08068 0.0806813 -2.51725 0.141502 
11 21200 10 0.652782 3.08e-05 7.02493 0.216146 5.92929e-05 0.200429 0.88949 1.08073 0.0807299 -2.51665 0.142168 
11 21300 10 0.655862 3.08e-05 7.02493 0.216101 6.75627e-05 0.200433 0.889306 1.08051 0.0805073 -2.51941 0.142834 
11 21400 10 0.658942 3.08e-05 7.02493 0.216066 5.57649e-05 0.200432 0.889161 1.08033 0.0803302 -2.52161 0.143499 
11 21500 10 0.662022 3.08e-05 7.02493 0.216066 4.4953e-05 0.200433 0.889159 1.08033 0.0803277 -2.52164 0.144165 
11 21600 10 0.665102 3.08e-05 7.02493 0.216052 1.66157e-05 0.200435 0.889105 1.08026 0.0802623 -2.52246 0.14483 
11 21700 10 0.668182 3.08e-05 7.02493 0.216025 -4.29104e-06 0.200434 0.888991 1.08012 0.0801237 -2.52418 0.145496 
11 21800 10 0.671262 3.08e-05 7.02493 0.216009 -1.06153e-05 0.200433 0.888926 1.08004 0.080045 -2.52517 0.146162 
11 21900 10 0.674342 3.08e-05 7.02493 0.215954 1.21568e-05 0.200435 0.888701 1.07977 0.0797723 -2.52858 0.146827 
11 22000 10 0.677422 3.08e-05 7.02493 0.215904 2.35693e-05 0.20044 0.888493 1.07952 0.0795195 -2.53175 0.147492 
11 22100 10 0.680502 3.08e-05 7.02493 0.215897 3.33096e-05 0.200439 0.888464 1.07948 0.0794838 -2.5322 0.148157 
11 22200 10 0.683582 3.08e-05 7.02493 0.215873 6.02874e-06 0.200439 0.888367 1.07937 0.0793658 -2.53369 0.148822 
11 22300 10 0.686662 3.08e-05 7.02493 0.215878 -7.85826e-06 0.200441 0.888386 1.07939 0.0793885 -2.5334 0.149487 
11 22400 10 0.689742 3.08e-05 7.02493 0.215877 -6.67906e-06 0.20044 0.888382 1.07938 0.0793838 -2.53346 0.150152 
11 22500 10 0.692822 3.08e-05 7.02493 0.215908 -3.53608e-05 0.200434 0.88851 1.07954 0.07954 -2.53149 0.150817 
11 22600 10 0.695902 3.08e-05 7.02493 0.215959 -4.73267e-05 0.200428 0.888718 1.07979 0.0797929 -2.52832 0.151482 
11 22700 10 0.698982 3.08e-05 7.02493 0.215956 -5.12605e-05 0.200427 0.888708 1.07978 0.0797808 -2.52847 0.152147 
11 22800 10 0.702062 3.08e-05 7.02493 0.215959 -4.72886e-05 0.200425 0.888719 1.07979 0.0797939 -2.52831 0.152813 
11 22900 10 0.705142 3.08e-05 7.02493 0.215947 -4.37867e-05 0.200426 0.888673 1.07974 0.0797375 -2.52902 0.153478 
11 23000 10 0.708222 3.08e-05 7.02493 0.215918 -3.82063e-05 0.200427 0.888553 1.07959 0.079592 -2.53084 0.154143 
11 23100 10 0.711302 3.08e-05 7.02493 0.21591 -7.26857e-06 0.200428 0.888518 1.07955 0.0795498 -2.53137 0.154808 
11 23200 10 0.714382 3.08e-05 7.02493 0.215896 1.1476e-05 0.200426 0.888462 1.07948 0.0794811 -2.53224 0.155473 
11 23300 10 0.717462 3.08e-05 7.02493 0.215889 -9.20614e-06 0.200425 0.888433 1.07945 0.0794459 -2.53268 0.156138 
11 23400 11 0.720524 3.08e-05 7.02493 0.215888 -2.94221e-05 0.200427 0.888428 1.07944 0.0794398 -2.53276 0.156803 
11 23500 11 0.723604 3.08e-05 7.02493 0.215849 -4.95661e-05 0.200428 0.888268 1.07925 0.0792455 -2.5352 0.157468 
11 23600 11 0.726684 3.08e-05 7.02493 0.215825 -3.79016e-05 0.200431 0.888171 1.07913 0.0791272 -2.5367 0.158133 
11 23700 11 0.729764 3.08e-05 7.02493 0.215813 -4.80371e-05 0.200431 0.888119 1.07906 0.0790641 -2.5375 0.158798 
11 23800 11 0.732844 3.08e-05 7.02493 0.215786 -5.62004e-05 0.200431 0.888009 1.07893 0.078931 -2.53918 0.159462 
11 23900 11 0.735924 3.08e-05 7.02493 0.215759 -7.48076e-05 0.200432 0.887897 1.07879 0.0787948 -2.54091 0.160126 
11 24000 11 0.739004 3.08e-05 7.02493 0.215771 -7.69655e-05 0.200433 0.887945 1.07885 0.0788535 -2.54016 0.160791 
11 24100 11 0.742084 3.08e-05 7.02493 0.215768 -5.60196e-05 0.200429 0.887933 1.07884 0.0788392 -2.54035 0.161456 
11 24200 11 0.745164 3.08e-05 7.02493 0.21574 -3.71528e-05 0.200431 0.88782 1.0787 0.0787011 -2.5421 0.162121 
11 24300 11 0.748244 3.08e-05 7.02493 0.215701 -8.42494e-06 0.200433 0.88766 1.07851 0.0785075 -2.54456 0.162785 
11 24400 11 0.751324 3.08e-05 7.02493 0.21568 -5.5921e-06 0.200435 0.887573 1.0784 0.0784011 -2.54592 0.163449 
11 24500 11 0.754404 3.08e-05 7.02493 0.215678 -5.29037e-06 0.200434 0.887562 1.07839 0.0783882 -2.54608 0.164113 
11 24600 11 0.757484 3.08e-05 7.02493 0.215661 2.2533e-05 0.200434 0.887492 1.0783 0.0783027 -2.54717 0.164778 
11 24700 11 0.760564 3.08e-05 7.02493 0.215622 2.75674e-05 0.200437 0.887332 1.07811 0.0781083 -2.54966 0.165443 
11 24800 11 0.763644 3.08e-05 7.02493 0.215694 2.28948e-05 0.200428 0.887628 1.07847 0.0784683 -2.54506 0.166106 
11 24900 11 0.766724 3.08e-05 7.02493 0.215761 5.25588e-06 0.200422 0.887904 1.0788 0.0788039 -2.54079 0.166771 
11 25000 11 0.769804 3.08e-05 7.02493 0.215762 5.50215e-06 0.200418 0.887908 1.07881 0.0788081 -2.54074 0.167436 
11 25100 11 0.772884 3.08e-05 7.02493 0.215775 7.1148e-06 0.200421 0.887961 1.07887 0.0788728 -2.53992 0.168101 
11 25200 11 0.775964 3.08e-05 7.02493 0.215749 1.44333e-05 0.200421 0.887855 1.07874 0.0787434 -2.54156 0.168765 
11 25300 11 0.779044 3.08e-05 7.02493 0.215735 2.28123e-05 0.200423 0.8878 1.07868 0.0786768 -2.54241 0.169429 
11 25400 11 0.782124 3.08e-05 7.02493 0.21572 3.03348e-05 0.200423 0.887735 1.0786 0.0785983 -2.5434 0.170094 
11 25500 11 0.785204 3.08e-05 7.02493 0.215728 4.45049e-05 0.200421 0.887768 1.07864 0.0786377 -2.5429 0.170758 
11 25600 11 0.788284 3.08e-05 7.02493 0.215709 3.00198e-05 0.200419 0.88769 1.07854 0.0785436 -2.5441 0.171423 
11 25700 11 0.791364 3.08e-05 7.02493 0.215699 5.24889e-05 0.20042 0.88765 1.0785 0.0784951 -2.54472 0.172088 
11 25800 11 0.794443 3.08e-05 7.02493 0.215684 6.26661e-05 0.200421 0.887589 1.07842 0.0784211 -2.54566 0.172751 
11 25900 11 0.797523 3.08e-05 7.02493 0.215643 6.42629e-05 0.200424 0.887419 1.07821 0.0782141 -2.54831 0.173416 
11 26000 12 0.800585 3.08e-05 7.02493 0.215606 3.44192e-05 0.200426 0.887268 1.07803 0.0780302 -2.55066 0.17408 
11 26100 12 0.803665 3.08e-05 7.02493 0.215594 1.71707e-05 0.200427 0.887219 1.07797 0.0779709 -2.55142 0.174744 
11 26200 12 0.806745 3.08e-05 7.02493 0.215551 -1.11304e-05 0.200431 0.887041 1.07775 0.0777548 -2.55419 0.175408 
11 26300 12 0.809825 3.08e-05 7.02493 0.21552 -2.22455e-05 0.200431 0.886914 1.0776 0.0776003 -2.55618 0.176072 
11 26400 12 0.812905 3.08e-05 7.02493 0.215529 -1.96164e-05 0.200428 0.88695 1.07764 0.0776445 -2.55561 0.176736 
11 26500 12 0.815985 3.08e-05 7.02493 0.21552 -4.76452e-05 0.200427 0.886912 1.0776 0.0775978 -2.55622 0.1774 
11 26600 12 0.819065 3.08e-05 7.02493 0.215487 -6.00911e-05 0.200431 0.886778 1.07744 0.077435 -2.55832 0.178063 
11 26700 12 0.822145 3.08e-05 7.02493 0.215443 -5.43785e-05 0.200434 0.886597 1.07722 0.0772153 -2.56116 0.178727 
11 26800 12 0.825225 3.08e-05 7.02493 0.215431 -4.87205e-05 0.200433 0.886547 1.07716 0.077155 -2.56194 0.179391 
11 26900 12 0.828305 3.08e-05 7.02493 0.215423 -3.97876e-05 0.200432 0.886515 1.07712 0.0771153 -2.56245 0.180054 
11 27000 12 0.831385 3.08e-05 7.02493 0.215399 -3.14574e-05 0.200434 0.886414 1.07699 0.0769932 -2.56404 0.180718 
11 27100 12 0.834465 3.08e-05 7.02493 0.215498 -1.93673e-05 0.200425 0.886824 1.07749 0.0774913 -2.55759 0.181382 
11 27200 12 0.837545 3.08e-05 7.02493 0.215553 -7.98636e-07 0.200418 0.887048 1.07776 0.0777637 -2.55408 0.182045 
11 27300 12 0.840625 3.08e-05 7.02493 0.215564 2.11222e-05 0.200418 0.887095 1.07782 0.0778203 -2.55335 0.182709 
11 27400 12 0.843705 3.08e-05 7.02493 0.215568 3.65569e-05 0.200418 0.887111 1.07784 0.0778395 -2.55311 0.183373 
11 27500 12 0.846785 3.08e-05 7.02493 0.215546 4.75972e-05 0.20042 0.887022 1.07773 0.0777323 -2.55448 0.184037 
11 27600 12 0.849865 3.08e-05 7.02493 0.215531 2.87023e-05 0.200421 0.886959 1.07765 0.0776546 -2.55548 0.184701 
11 27700 12 0.852945 3.08e-05 7.02493 0.215482 3.56021e-05 0.200423 0.886757 1.07741 0.07741 -2.55864 0.185365 
11 27800 12 0.856025 3.08e-05 7.02493 0.21548 3.60269e-05 0.200423 0.886747 1.0774 0.0773976 -2.5588 0.186029 
11 27900 12 0.859105 3.08e-05 7.02493 0.215509 7.22299e-06 0.20042 0.886868 1.07754 0.0775443 -2.55691 0.186693 
11 28000 12 0.862185 3.08e-05 7.02493 0.215511 -4.68032e-06 0.200418 0.886876 1.07755 0.0775543 -2.55678 0.187357 
11 28100 12 0.865265 3.08e-05 7.02493 0.215489 -1.91269e-05 0.200419 0.886784 1.07744 0.077443 -2.55821 0.18802 
11 28200 12 0.868345 3.08e-05 7.02493 0.215446 -3.02453e-05 0.200422 0.886609 1.07723 0.0772305 -2.56096 0.188684 
11 28300 12 0.871425 3.08e-05 7.02493 0.215393 -4.21358e-05 0.200424 0.88639 1.07696 0.0769644 -2.56441 0.189347 
11 28400 12 0.874505 3.08e-05 7.02493 0.215382 -4.40264e-05 0.200428 0.886344 1.07691 0.0769082 -2.56514 0.19001 
11 28500 12 0.877585 3.08e-05 7.02493 0.215371 -4.08137e-05 0.200427 0.886302 1.07686 0.0768566 -2.56581 0.190674 
11 28600 13 0.880647 3.08e-05 7.02493 0.215371 -5.75848e-05 0.200427 0.886299 1.07685 0.0768529 -2.56586 0.191337 
11 28700 13 0.883727 3.08e-05 7.02493 0.215352 -7.33897e-05 0.200427 0.886224 1.07676 0.0767616 -2.56705 0.192001 
11 28800 13 0.886807 3.08e-05 7.02493 0.215328 -9.19585e-05 0.200428 0.886123 1.07664 0.0766394 -2.56864 0.192664 
11 28900 13 0.889887 3.08e-05 7.02493 0.215338 -8.82594e-05 0.200428 0.886164 1.07669 0.0766896 -2.56799 0.193327 
11 29000 13 0.892967 3.08e-05 7.02493 0.21532 -7.82948e-05 0.200429 0.886092 1.0766 0.0766023 -2.56913 0.193991 
11 29100 13 0.896047 3.08e-05 7.02493 0.215289 -7.7982e-05 0.200428 0.885964 1.07645 0.0764458 -2.57117 0.194654 
11 29200 13 0.899127 3.08e-05 7.02493 0.215257 -8.11652e-05 0.200429 0.885832 1.07629 0.0762856 -2.57327 0.195317 
11 29300 13 0.902207 3.08e-05 7.02493 0.215224 -7.57816e-05 0.200435 0.885697 1.07612 0.0761224 -2.57541 0.19598 
11 29400 13 0.905287 3.08e-05 7.02493 0.215231 -1.70893e-05 0.200431 0.885724 1.07616 0.0761552 -2.57498 0.196643 
11 29500 13 0.908367 3.08e-05 7.02493 0.215312 3.7462e-05 0.200422 0.886058 1.07656 0.076561 -2.56967 0.197307 
11 29600 13 0.911447 3.08e-05 7.02493 0.215342 4.27264e-05 0.200419 0.886182 1.07671 0.0767106 -2.56771 0.197969 
11 29700 13 0.914527 3.08e-05 7.02493 0.215352 3.68769e-05 0.200418 0.886223 1.07676 0.0767611 -2.56706 0.198633 
11 29800 13 0.917607 3.08e-05 7.02493 0.215355 1.68554e-05 0.200417 0.886234 1.07677 0.0767741 -2.56689 0.199296 
11 29900 13 0.920687 3.08e-05 7.02493 0.21532 3.23671e-05 0.20042 0.886089 1.0766 0.0765977 -2.56919 0.199959 
11 30000 13 0.923767 3.08e-05 7.02493 0.215327 5.93123e-05 0.20042 0.88612 1.07664 0.0766354 -2.5687 0.200623 
11 30100 13 0.926847 3.08e-05 7.02493 0.215305 9.09245e-05 0.200421 0.886027 1.07652 0.0765233 -2.57016 0.201286 
11 30200 13 0.929927 3.08e-05 7.02493 0.215342 8.83446e-05 0.200418 0.886183 1.07671 0.0767118 -2.5677 0.201949 
11 30300 13 0.933007 3.08e-05 7.02493 0.215379 5.76496e-05 0.200414 0.886333 1.07689 0.0768946 -2.56532 0.202612 
11 30400 13 0.936087 3.08e-05 7.02493 0.215337 6.37722e-05 0.200417 0.886161 1.07669 0.0766857 -2.56804 0.203275 
11 30500 13 0.939167 3.08e-05 7.02493 0.215294 7.50281e-05 0.200419 0.885985 1.07647 0.0764712 -2.57084 0.203939 
11 30600 13 0.942247 3.08e-05 7.02493 0.215261 8.28594e-05 0.200422 0.885848 1.07631 0.0763059 -2.57301 0.204602 
11 30700 13 0.945327 3.08e-05 7.02493 0.215169 9.09828e-05 0.200426 0.885469 1.07585 0.0758453 -2.57906 0.205265 
11 30800 13 0.948407 3.08e-05 7.02493 0.215132 8.66655e-05 0.200429 0.885318 1.07566 0.0756611 -2.58149 0.205927 
11 30900 13 0.951487 3.08e-05 7.02493 0.215157 7.09671e-05 0.200428 0.885422 1.07579 0.0757874 -2.57982 0.20659 
11 31000 13 0.954567 3.08e-05 7.02493 0.215154 7.79349e-05 0.200427 0.885406 1.07577 0.0757684 -2.58007 0.207253 
11 31100 13 0.957647 3.08e-05 7.02493 0.215173 6.73689e-05 0.200424 0.885486 1.07587 0.075865 -2.5788 0.207916 
11 31200 14 0.960708 3.08e-05 7.02493 0.215163 7.28017e-05 0.200425 0.885445 1.07582 0.0758155 -2.57945 0.208579 
11 31300 14 0.963788 3.08e-05 7.02493 0.215173 8.26029e-05 0.200425 0.885487 1.07587 0.0758669 -2.57877 0.209241 
11 31400 14 0.966868 3.08e-05 7.02493 0.215141 9.27587e-05 0.200426 0.885353 1.0757 0.0757033 -2.58093 0.209903 
11 31500 14 0.969948 3.08e-05 7.02493 0.215114 9.88325e-05 0.200428 0.885243 1.07557 0.0755696 -2.5827 0.210567 
11 31600 14 0.973028 3.08e-05 7.02493 0.21506 0.000101436 0.200435 0.885019 1.0753 0.0752982 -2.5863 0.211229 
11 31700 14 0.976108 3.08e-05 7.02493 0.215051 5.77382e-05 0.20043 0.884984 1.07526 0.0752556 -2.58687 0.211892 
11 31800 14 0.979188 3.08e-05 7.02493 0.215081 1.45539e-05 0.200423 0.885107 1.0754 0.075405 -2.58488 0.212554 
11 31900 14 0.982268 3.08e-05 7.02493 0.215168 -1.15379e-05 0.200417 0.885466 1.07584 0.0758411 -2.57911 0.213217 
11 32000 14 0.985348 3.08e-05 7.02493 0.215135 -2.28843e-05 0.20042 0.88533 1.07568 0.0756759 -2.5813 0.21388 
11 32100 14 0.988428 3.08e-05 7.02493 0.215109 -3.30222e-05 0.200419 0.88522 1.07554 0.0755429 -2.58305 0.214542 
11 32200 14 0.991508 3.08e-05 7.02493 0.215132 -2.72047e-05 0.200418 0.885315 1.07566 0.0756579 -2.58153 0.215204 
11 32300 14 0.994588 3.08e-05 7.02493 0.215144 -6.13291e-05 0.200418 0.885365 1.07572 0.0757187 -2.58073 0.215867 
11 32400 14 0.997668 3.08e-05 7.02493 0.215136 -9.12568e-05 0.200419 0.885334 1.07568 0.075681 -2.58123 0.21653 
11 32500 14 1.00075 3.08e-05 7.02493 0.215146 -8.9162e-05 0.200418 0.885376 1.07573 0.0757324 -2.58055 0.217193 
11 32600 14 1.00383 3.08e-05 7.02493 0.215182 -8.62629e-05 0.200415 0.885522 1.07591 0.0759095 -2.57821 0.217855 
11 32700 14 1.00691 3.08e-05 7.02493 0.215198 -6.52164e-05 0.200414 0.885587 1.07599 0.0759882 -2.57718 0.218518 
11 32800 14 1.00999 3.08e-05 7.02493 0.215155 -3.77202e-05 0.200416 0.885412 1.07578 0.0757756 -2.57998 0.219181 
11 32900 14 1.01307 3.08e-05 7.02493 0.215111 3.22443e-06 0.200418 0.88523 1.07555 0.0755542 -2.58291 0.219843 
11 33000 14 1.01615 3.08e-05 7.02493 0.215071 9.56743e-06 0.20042 0.885067 1.07536 0.0753566 -2.58552 0.220506 
11 33100 14 1.01923 3.08e-05 7.02493 0.215008 1.11228e-06 0.200424 0.884806 1.07504 0.0750392 -2.58974 0.221168 
11 33200 14 1.02231 3.08e-05 7.02493 0.214978 -3.8694e-06 0.200424 0.884681 1.07489 0.0748875 -2.59177 0.221831 
11 33300 14 1.02539 3.08e-05 7.02493 0.214975 7.3185e-06 0.200425 0.884672 1.07488 0.0748767 -2.59191 0.222493 
11 33400 14 1.02847 3.08e-05 7.02493 0.215014 2.39397e-05 0.200422 0.884831 1.07507 0.0750697 -2.58934 0.223155 
11 33500 14 1.03155 3.08e-05 7.02493 0.215015 1.5463e-05 0.200422 0.884836 1.07508 0.0750757 -2.58926 0.223817 
11 33600 14 1.03463 3.08e-05 7.02493 0.214999 -4.3154e-06 0.200422 0.88477 1.075 0.074996 -2.59032 0.22448 
11 33700 14 1.03771 3.08e-05 7.02493 0.215003 9.31049e-07 0.20042 0.884786 1.07502 0.0750154 -2.59006 0.225142 
11 33800 15 1.04077 3.08e-05 7.02493 0.214995 -3.02456e-06 0.20042 0.884752 1.07497 0.0749741 -2.59061 0.225804 
11 33900 15 1.04385 3.08e-05 7.02493 0.214978 -1.09203e-05 0.200426 0.884681 1.07489 0.0748877 -2.59177 0.226466 
11 34000 15 1.04693 3.08e-05 7.02493 0.214943 -8.64653e-06 0.200425 0.884541 1.07472 0.0747173 -2.59404 0.227129 
11 34100 15 1.05001 3.08e-05 7.02493 0.214967 4.82641e-07 0.200419 0.884639 1.07484 0.0748363 -2.59245 0.227791 
11 34200 15 1.05309 3.08e-05 7.02493 0.215002 -1.70037e-06 0.200414 0.884781 1.07501 0.0750087 -2.59015 0.228453 
11 34300 15 1.05617 3.08e-05 7.02493 0.214994 2.14604e-05 0.200414 0.884751 1.07497 0.0749724 -2.59064 0.229116 
11 34400 15 1.05925 3.08e-05 7.02493 0.214984 1.58947e-05 0.200414 0.884709 1.07492 0.0749214 -2.59132 0.229777 
11 34500 15 1.06233 3.08e-05 7.02493 0.21496 2.03068e-06 0.200418 0.884608 1.0748 0.0747991 -2.59295 0.230439 
11 34600 15 1.06541 3.08e-05 7.02493 0.214944 -3.65817e-06 0.200418 0.884544 1.07472 0.0747205 -2.594 0.231102 
11 34700 15 1.06849 3.08e-05 7.02493 0.21493 1.57355e-05 0.200418 0.884484 1.07465 0.0746482 -2.59497 0.231764 
11 34800 15 1.07157 3.08e-05 7.02493 0.214965 3.69929e-05 0.200417 0.88463 1.07483 0.0748259 -2.59259 0.232426 
11 34900 15 1.07465 3.08e-05 7.02493 0.214995 6.47107e-05 0.200416 0.884753 1.07497 0.0749749 -2.5906 0.233088 
11 35000 15 1.07773 3.08e-05 7.02493 0.215001 5.63048e-05 0.200414 0.88478 1.07501 0.0750073 -2.59017 0.23375 
11 35100 15 1.08081 3.08e-05 7.02493 0.215039 3.67911e-05 0.200412 0.884935 1.0752 0.0751957 -2.58766 0.234412 
11 35200 15 1.08389 3.08e-05 7.02493 0.215023 3.99139e-05 0.200413 0.88487 1.07512 0.0751174 -2.5887 0.235074 
11 35300 15 1.08697 3.08e-05 7.02493 0.214955 3.95745e-05 0.200416 0.884587 1.07477 0.0747737 -2.59329 0.235737 
11 35400 15 1.09005 3.08e-05 7.02493 0.214903 2.9784e-05 0.20042 0.884376 1.07452 0.074517 -2.59673 0.236399 
11 35500 15 1.09313 3.08e-05 7.02493 0.214839 1.57978e-05 0.200422 0.884111 1.07419 0.0741947 -2.60106 0.237061 
11 35600 15 1.09621 3.08e-05 7.02493 0.214801 -1.63266e-06 0.200424 0.883954 1.074 0.0740046 -2.60363 0.237722 
11 35700 15 1.09929 3.08e-05 7.02493 0.214815 -3.0827e-07 0.200421 0.884012 1.07408 0.0740751 -2.60268 0.238384 
11 35800 15 1.10237 3.08e-05 7.02493 0.214868 -1.24904e-06 0.200419 0.884229 1.07434 0.0743384 -2.59913 0.239046 
11 35900 15 1.10545 3.08e-05 7.02493 0.214867 -6.48267e-06 0.200423 0.884224 1.07433 0.0743326 -2.59921 0.239707 
11 36000 15 1.10853 3.08e-05 7.02493 0.214846 -6.93714e-06 0.200423 0.884142 1.07423 0.0742321 -2.60056 0.240369 
11 36100 15 1.11161 3.08e-05 7.02493 0.214853 1.59362e-06 0.20042 0.884169 1.07427 0.0742651 -2.60011 0.241031 
11 36200 15 1.11469 3.08e-05 7.02493 0.214833 8.73654e-06 0.200424 0.884086 1.07417 0.074165 -2.60146 0.241693 
11 36300 15 1.11777 3.08e-05 7.02493 0.214787 2.09973e-05 0.200426 0.883899 1.07394 0.0739371 -2.60454 0.242355 
11 36400 16 1.12083 3.08e-05 7.02493 0.214786 2.51746e-05 0.200423 0.883891 1.07393 0.0739279 -2.60466 0.243016 
11 36500 16 1.12391 3.08e-05 7.02493 0.21483 1.63563e-05 0.200416 0.884075 1.07415 0.0741506 -2.60166 0.243678 
11 36600 16 1.12699 3.08e-05 7.02493 0.214851 3.25405e-05 0.200413 0.88416 1.07425 0.0742542 -2.60026 0.24434 
11 36700 16 1.13007 3.08e-05 7.02493 0.2149 5.10265e-05 0.200412 0.884362 1.0745 0.0744998 -2.59696 0.245003 
11 36800 16 1.13315 3.08e-05 7.02493 0.214896 3.62651e-05 0.200411 0.884348 1.07448 0.0744823 -2.59719 0.245664 
11 36900 16 1.13623 3.08e-05 7.02493 0.214846 2.62855e-05 0.200414 0.884141 1.07423 0.0742317 -2.60056 0.246326 
11 37000 16 1.13931 3.08e-05 7.02493 0.214825 1.74728e-05 0.200417 0.884054 1.07413 0.0741262 -2.60199 0.246988 
11 37100 16 1.14239 3.08e-05 7.02493 0.214806 8.30658e-06 0.200417 0.883973 1.07403 0.0740275 -2.60332 0.247649 
11 37200 16 1.14547 3.08e-05 7.02493 0.214836 -1.15501e-05 0.200416 0.884097 1.07418 0.0741779 -2.60129 0.248311 
11 37300 16 1.14855 3.08e-05 7.02493 0.21485 -7.04872e-06 0.200416 0.884158 1.07425 0.0742515 -2.6003 0.248973 
11 37400 16 1.15163 3.08e-05 7.02493 0.214866 -1.17326e-05 0.200414 0.884222 1.07433 0.0743298 -2.59924 0.249635 
11 37500 16 1.15471 3.08e-05 7.02493 0.21491 -1.53523e-05 0.20041 0.884402 1.07455 0.074548 -2.59631 0.250296 
11 37600 16 1.15779 3.08e-05 7.02493 0.214876 -2.22536e-05 0.200413 0.884264 1.07438 0.0743804 -2.59856 0.250958 
11 37700 16 1.16087 3.08e-05 7.02493 0.214834 -4.90845e-05 0.200416 0.88409 1.07417 0.0741687 -2.60141 0.25162 
11 37800 16 1.16395 3.08e-05 7.02493 0.214769 -6.33354e-05 0.200417 0.883825 1.07385 0.0738474 -2.60575 0.252281 
11 37900 16 1.16703 3.08e-05 7.02493 0.214701 -6.88813e-05 0.200424 0.883543 1.0735 0.073505 -2.6104 0.252943 
11 38000 16 1.17011 3.08e-05 7.02493 0.214687 -8.57543e-05 0.200423 0.883485 1.07343 0.0734348 -2.61136 0.253604 
11 38100 16 1.17319 3.08e-05 7.02493 0.214706 -0.000102903 0.200423 0.883565 1.07353 0.0735312 -2.61004 0.254266 
11 38200 16 1.17627 3.08e-05 7.02493 0.214709 -9.83325e-05 0.200421 0.883575 1.07354 0.0735432 -2.60988 0.254927 
11 38300 16 1.17935 3.08e-05 7.02493 0.214698 -9.231e-05 0.200423 0.883529 1.07349 0.0734882 -2.61063 0.255588 
11 38400 16 1.18243 3.08e-05 7.02493 0.214727 -5.40099e-05 0.200418 0.883649 1.07363 0.0736335 -2.60866 0.256249 
11 38500 16 1.18551 3.08e-05 7.02493 0.214713 -4.54185e-05 0.200419 0.883594 1.07357 0.0735662 -2.60957 0.256911 
11 38600 16 1.18859 3.08e-05 7.02493 0.214667 1.63083e-06 0.200424 0.883403 1.07333 0.0733349 -2.61272 0.257572 
11 38700 16 1.19167 3.08e-05 7.02493 0.214656 -1.85243e-05 0.200422 0.883357 1.07328 0.0732792 -2.61348 0.258234 
11 38800 16 1.19475 3.08e-05 7.02493 0.214687 -2.88723e-05 0.200418 0.883487 1.07344 0.073437 -2.61133 0.258895 
11 38900 16 1.19783 3.08e-05 7.02493 0.214697 -1.26506e-05 0.200415 0.883526 1.07348 0.0734845 -2.61068 0.259557 
11 39000 17 1.20089 3.08e-05 7.02493 0.214725 -1.67474e-05 0.200413 0.883641 1.07362 0.0736241 -2.60878 0.260218 
11 39100 17 1.20397 3.08e-05 7.02493 0.214741 -2.96559e-06 0.200412 0.883706 1.0737 0.0737032 -2.60771 0.260879 
11 39200 17 1.20705 3.08e-05 7.02493 0.214745 -7.97915e-08 0.200412 0.883725 1.07373 0.073726 -2.6074 0.261541 
11 39300 17 1.21013 3.08e-05 7.02493 0.214718 -3.134e-05 0.200415 0.883612 1.07359 0.0735885 -2.60927 0.262202 
11 39400 17 1.21321 3.08e-05 7.02493 0.214699 -4.54955e-05 0.200415 0.883535 1.0735 0.0734952 -2.61054 0.262863 
11 39500 17 1.21629 3.08e-05 7.02493 0.214693 -5.14824e-05 0.200417 0.88351 1.07346 0.0734647 -2.61095 0.263525 
11 39600 17 1.21937 3.08e-05 7.02493 0.214732 -7.70364e-05 0.200415 0.883672 1.07366 0.0736609 -2.60828 0.264186 
11 39700 17 1.22245 3.08e-05 7.02493 0.214768 -8.19992e-05 0.200413 0.88382 1.07384 0.0738412 -2.60584 0.264848 
11 39800 17 1.22553 3.08e-05 7.02493 0.21476 -8.86009e-05 0.200412 0.883784 1.0738 0.0737982 -2.60642 0.265509 
11 39900 17 1.22861 3.08e-05 7.02493 0.21475 -7.95923e-05 0.200414 0.883743 1.07375 0.0737482 -2.6071 0.26617 
11 40000 17 1.23169 3.08e-05 7.02493 0.214704 -4.81854e-05 0.200418 0.883556 1.07352 0.07352 -2.6102 0.266832 
11 40100 17 1.23477 3.08e-05 7.02493 0.214631 -2.03446e-05 0.200421 0.883253 1.07315 0.0731528 -2.6152 0.267493 
11 40200 17 1.23785 3.08e-05 7.02493 0.214598 -3.76738e-05 0.200423 0.883121 1.07299 0.0729925 -2.6174 0.268152 
11 40300 17 1.24093 3.08e-05 7.02493 0.214575 -6.07356e-05 0.200424 0.883025 1.07287 0.0728749 -2.61901 0.268815 
11 40400 17 1.24401 3.08e-05 7.02493 0.214547 -4.64474e-05 0.200422 0.88291 1.07274 0.0727356 -2.62092 0.269476 
11 40500 17 1.24709 3.08e-05 7.02493 0.214525 -2.35705e-05 0.200426 0.882821 1.07263 0.0726274 -2.62241 0.270137 
11 40600 17 1.25017 3.08e-05 7.02493 0.214514 4.92284e-06 0.200426 0.882773 1.07257 0.0725686 -2.62322 0.270797 
11 40700 17 1.25325 3.08e-05 7.02493 0.21455 1.92343e-05 0.200424 0.882923 1.07275 0.0727509 -2.62071 0.271457 
11 40800 17 1.25633 3.08e-05 7.02493 0.214578 2.14745e-05 0.20042 0.883036 1.07289 0.0728889 -2.61882 0.272119 
11 40900 17 1.25941 3.08e-05 7.02493 0.21454 1.39569e-05 0.200425 0.88288 1.0727 0.0726995 -2.62142 0.27278 
11 41000 17 1.26249 3.08e-05 7.02493 0.214523 1.47795e-05 0.200424 0.882811 1.07262 0.0726151 -2.62258 0.273441 
11 41100 17 1.26557 3.08e-05 7.02493 0.214529 1.80427e-05 0.200423 0.882835 1.07264 0.0726441 -2.62218 0.274102 
11 41200 17 1.26865 3.08e-05 7.02493 0.214542 8.02235e-06 0.20042 0.882888 1.07271 0.0727092 -2.62129 0.274762 
11 41300 17 1.27173 3.08e-05 7.02493 0.214568 -2.75375e-06 0.200416 0.882995 1.07284 0.0728391 -2.6195 0.275424 
11 41400 17 1.27481 3.08e-05 7.02493 0.214579 2.31247e-05 0.200414 0.883042 1.0729 0.0728955 -2.61873 0.276085 
11 41500 17 1.27789 3.08e-05 7.02493 0.214596 1.05637e-05 0.200413 0.883113 1.07298 0.0729824 -2.61754 0.276746 
11 41600 18 1.28095 3.08e-05 7.02493 0.214603 9.25836e-06 0.200413 0.883141 1.07302 0.0730168 -2.61707 0.277407 
11 41700 18 1.28403 3.08e-05 7.02493 0.214554 3.15863e-05 0.200418 0.88294 1.07277 0.0727724 -2.62042 0.278068 
11 41800 18 1.28711 3.08e-05 7.02493 0.214541 5.05681e-05 0.200418 0.882885 1.0727 0.0727047 -2.62135 0.278728 
11 41900 18 1.29019 3.08e-05 7.02493 0.214517 3.29533e-05 0.20042 0.882787 1.07259 0.0725863 -2.62298 0.279389 
11 42000 18 1.29327 3.08e-05 7.02493 0.214541 3.90485e-05 0.200418 0.882884 1.0727 0.0727035 -2.62137 0.28005 
11 42100 18 1.29635 3.08e-05 7.02493 0.214575 2.94731e-05 0.200415 0.883026 1.07288 0.0728761 -2.619 0.280711 
11 42200 18 1.29943 3.08e-05 7.02493 0.214588 3.69395e-05 0.200416 0.88308 1.07294 0.072942 -2.61809 0.281372 
11 42300 18 1.30251 3.08e-05 7.02493 0.214596 2.65569e-05 0.200416 0.883112 1.07298 0.0729814 -2.61755 0.282032 
11 42400 18 1.30559 3.08e-05 7.02493 0.214556 7.79918e-06 0.200419 0.882945 1.07278 0.0727784 -2.62034 0.282693 
11 42500 18 1.30867 3.08e-05 7.02493 0.214502 -5.6325e-07 0.200421 0.882726 1.07251 0.0725124 -2.624 0.283355 
11 42600 18 1.31175 3.08e-05 7.02493 0.21447 -9.80315e-06 0.200423 0.882593 1.07235 0.0723506 -2.62623 0.284015 
11 42700 18 1.31483 3.08e-05 7.02493 0.214431 -2.27772e-05 0.200423 0.882431 1.07215 0.0721538 -2.62896 0.284675 
11 42800 18 1.31791 3.08e-05 7.02493 0.214376 -2.14846e-05 0.200427 0.882205 1.07188 0.0718785 -2.63278 0.285336 
11 42900 18 1.32099 3.08e-05 7.02493 0.214359 -1.06984e-05 0.200428 0.882135 1.07179 0.0717937 -2.63396 0.285996 
11 43000 18 1.32407 3.08e-05 7.02493 0.214416 1.63354e-05 0.200426 0.88237 1.07208 0.0720795 -2.62999 0.286656 
11 43100 18 1.32715 3.08e-05 7.02493 0.214467 2.69883e-05 0.200422 0.882582 1.07234 0.072337 -2.62642 0.287317 
11 43200 18 1.33023 3.08e-05 7.02493 0.214487 6.66447e-06 0.200419 0.882661 1.07243 0.0724327 -2.6251 0.287978 
11 43300 18 1.33331 3.08e-05 7.02493 0.214479 3.928e-05 0.200421 0.882628 1.07239 0.0723929 -2.62565 0.288638 
11 43400 18 1.33639 3.08e-05 7.02493 0.214462 6.30496e-05 0.20042 0.882561 1.07231 0.0723115 -2.62677 0.289299 
11 43500 18 1.33947 3.08e-05 7.02493 0.214451 8.67678e-05 0.200421 0.882515 1.07226 0.0722557 -2.62754 0.28996 
11 43600 18 1.34255 3.08e-05 7.02493 0.214452 5.70288e-05 0.200419 0.882517 1.07226 0.0722578 -2.62751 0.290621 
11 43700 18 1.34563 3.08e-05 7.02493 0.214447 5.48942e-05 0.200417 0.882497 1.07223 0.0722339 -2.62785 0.291281 
11 43800 18 1.34871 3.08e-05 7.02493 0.214455 6.04663e-05 0.200416 0.882529 1.07227 0.0722732 -2.6273 0.291942 
11 43900 18 1.35179 3.08e-05 7.02493 0.214474 5.88903e-05 0.200413 0.88261 1.07237 0.0723709 -2.62595 0.292602 
11 44000 18 1.35487 3.08e-05 7.02493 0.2145 7.669e-05 0.200414 0.882716 1.0725 0.0724998 -2.62417 0.293263 
11 44100 18 1.35795 3.08e-05 7.02493 0.214493 6.49014e-05 0.200416 0.882689 1.07247 0.0724669 -2.62463 0.293924 
11 44200 19 1.36102 3.08e-05 7.02493 0.214517 4.81925e-05 0.200415 0.882784 1.07258 0.072583 -2.62302 0.294584 
11 44300 19 1.3641 3.08e-05 7.02493 0.214502 4.50224e-05 0.200416 0.882723 1.07251 0.0725089 -2.62405 0.295245 
11 44400 19 1.36718 3.08e-05 7.02493 0.21446 2.66624e-06 0.200417 0.88255 1.0723 0.0722979 -2.62696 0.295905 
11 44500 19 1.37026 3.08e-05 7.02493 0.214474 -1.10399e-05 0.200418 0.882609 1.07237 0.07237 -2.62596 0.296566 
11 44600 19 1.37334 3.08e-05 7.02493 0.214455 3.15611e-06 0.200421 0.882531 1.07228 0.0722758 -2.62727 0.297227 
11 44700 19 1.37642 3.08e-05 7.02493 0.214411 9.30614e-06 0.200423 0.882352 1.07206 0.0720572 -2.63029 0.297887 
11 44800 19 1.3795 3.08e-05 7.02493 0.214406 1.00579e-05 0.200421 0.882329 1.07203 0.0720292 -2.63068 0.298547 
11 44900 19 1.38258 3.08e-05 7.02493 0.214376 -9.39207e-06 0.200423 0.882205 1.07188 0.0718791 -2.63277 0.299208 
11 45000 19 1.38566 3.08e-05 7.02493 0.21434 -1.60534e-05 0.200425 0.882056 1.0717 0.0716976 -2.6353 0.299868 
11 45100 19 1.38874 3.08e-05 7.02493 0.214297 -1.36478e-05 0.200427 0.881881 1.07149 0.0714851 -2.63827 0.300528 
11 45200 19 1.39182 3.08e-05 7.02493 0.214251 -4.75139e-06 0.20043 0.881693 1.07126 0.0712569 -2.64146 0.301188 
11 45300 19 1.3949 3.08e-05 7.02493 0.214236 -2.30512e-05 0.200431 0.881628 1.07118 0.0711779 -2.64257 0.301848 
11 45400 19 1.39798 3.08e-05 7.02493 0.214274 -2.25043e-05 0.200428 0.881787 1.07137 0.0713717 -2.63985 0.302507 
11 45500 19 1.40106 3.08e-05 7.02493 0.214317 -8.35182e-06 0.200425 0.881963 1.07158 0.0715849 -2.63687 0.303168 
11 45600 19 1.40414 3.08e-05 7.02493 0.214334 1.56909e-06 0.200424 0.882034 1.07167 0.0716715 -2.63566 0.303828 
11 45700 19 1.40722 3.08e-05 7.02493 0.214313 5.74192e-06 0.200425 0.881948 1.07157 0.0715666 -2.63713 0.304489 
11 45800 19 1.4103 3.08e-05 7.02493 0.214334 -2.52993e-05 0.200421 0.882035 1.07167 0.0716723 -2.63565 0.305148 
11 45900 19 1.41338 3.08e-05 7.02493 0.214343 -6.00888e-06 0.200421 0.882071 1.07172 0.0717169 -2.63503 0.305809 
11 46000 19 1.41646 3.08e-05 7.02493 0.214338 3.96683e-05 0.200419 0.882049 1.07169 0.0716896 -2.63541 0.306469 
11 46100 19 1.41954 3.08e-05 7.02493 0.214356 8.17628e-05 0.200417 0.882125 1.07178 0.0717822 -2.63412 0.30713 
11 46200 19 1.42262 3.08e-05 7.02493 0.214365 0.000112948 0.200417 0.882161 1.07183 0.0718252 -2.63352 0.30779 
11 46300 19 1.4257 3.08e-05 7.02493 0.214387 8.25085e-05 0.200416 0.882249 1.07193 0.0719331 -2.63202 0.308451 
11 46400 19 1.42878 3.08e-05 7.02493 0.214415 4.03793e-05 0.200416 0.882368 1.07208 0.0720767 -2.63002 0.309111 
11 46500 19 1.43186 3.08e-05 7.02493 0.214342 2.84466e-05 0.20042 0.882064 1.07171 0.0717084 -2.63515 0.309771 
11 46600 19 1.43494 3.08e-05 7.02493 0.214283 2.29425e-05 0.200423 0.881823 1.07141 0.0714147 -2.63925 0.310431 
11 46700 19 1.43802 3.08e-05 7.02493 0.214279 3.48888e-05 0.200421 0.881807 1.0714 0.0713956 -2.63952 0.311091 
11 46800 20 1.44108 3.08e-05 7.02493 0.21429 2.16743e-05 0.200422 0.881852 1.07145 0.0714505 -2.63875 0.311751 
11 46900 20 1.44416 3.08e-05 7.02493 0.214306 4.01963e-05 0.200423 0.881916 1.07153 0.0715276 -2.63767 0.312411 
11 47000 20 1.44724 3.08e-05 7.02493 0.214283 4.42361e-05 0.200425 0.881824 1.07142 0.0714163 -2.63923 0.313071 
11 47100 20 1.45032 3.08e-05 7.02493 0.214281 3.08003e-05 0.200425 0.881814 1.0714 0.071404 -2.6394 0.313731 
11 47200 20 1.4534 3.08e-05 7.02493 0.214287 3.87625e-05 0.200423 0.881839 1.07143 0.0714339 -2.63898 0.314391 
11 47300 20 1.45648 3.08e-05 7.02493 0.214268 6.50274e-05 0.200424 0.881762 1.07134 0.0713404 -2.64029 0.315051 
11 47400 20 1.45956 3.08e-05 7.02493 0.214252 8.92818e-05 0.200424 0.881697 1.07126 0.0712624 -2.64139 0.315711 
11 47500 20 1.46264 3.08e-05 7.02493 0.214201 8.58763e-05 0.200427 0.881485 1.071 0.0710038 -2.64502 0.316371 
11 47600 20 1.46572 3.08e-05 7.02493 0.214156 6.57303e-05 0.20043 0.881302 1.07078 0.0707822 -2.64815 0.31703 
11 47700 20 1.4688 3.08e-05 7.02493 0.214151 5.14039e-05 0.200428 0.881279 1.07075 0.0707544 -2.64854 0.31769 
11 47800 20 1.47188 3.08e-05 7.02493 0.214185 2.7122e-05 0.200425 0.88142 1.07093 0.0709256 -2.64612 0.31835 
11 47900 20 1.47496 3.08e-05 7.02493 0.214213 1.75241e-05 0.200425 0.881536 1.07107 0.071066 -2.64415 0.31901 
11 48000 20 1.47804 3.08e-05 7.02493 0.214233 2.5588e-05 0.200421 0.881617 1.07116 0.0711643 -2.64276 0.31967 
11 48100 20 1.48112 3.08e-05 7.02493 0.214261 5.64358e-05 0.200419 0.881731 1.0713 0.0713032 -2.64081 0.320329 
11 48200 20 1.4842 3.08e-05 7.02493 0.214284 7.45117e-05 0.200418 0.881827 1.07142 0.0714199 -2.63918 0.320989 
11 48300 20 1.48728 3.08e-05 7.02493 0.214274 6.09858e-05 0.200418 0.881787 1.07137 0.071371 -2.63986 0.321649 
11 48400 20 1.49036 3.08e-05 7.02493 0.214278 4.08137e-05 0.200418 0.881801 1.07139 0.0713884 -2.63962 0.32231 
11 48500 20 1.49344 3.08e-05 7.02493 0.214308 3.41314e-05 0.200414 0.881926 1.07154 0.0715397 -2.6375 0.32297 
11 48600 20 1.49652 3.08e-05 7.02493 0.214304 9.35447e-06 0.200415 0.881909 1.07152 0.0715194 -2.63779 0.32363 
11 48700 20 1.4996 3.08e-05 7.02493 0.214263 -6.76669e-06 0.200418 0.881743 1.07132 0.0713174 -2.64061 0.32429 
11 48800 20 1.50268 3.08e-05 7.02493 0.214238 -4.16506e-05 0.200419 0.881637 1.07119 0.0711884 -2.64243 0.32495 
11 48900 20 1.50576 3.08e-05 7.02493 0.214209 -6.62109e-05 0.200422 0.881518 1.07104 0.0710441 -2.64446 0.32561 
11 49000 20 1.50884 3.08e-05 7.02493 0.214159 -8.57538e-05 0.200425 0.881311 1.07079 0.0707932 -2.64799 0.32627 
11 49100 20 1.51192 3.08e-05 7.02493 0.214146 -0.000105917 0.200425 0.881261 1.07073 0.0707319 -2.64886 0.326929 
11 49200 20 1.515 3.08e-05 7.02493 0.214128 -0.000137143 0.200425 0.881184 1.07064 0.0706381 -2.65019 0.327589 
11 49300 20 1.51808 3.08e-05 7.02493 0.21417 -0.000128089 0.200425 0.881358 1.07085 0.0708499 -2.64719 0.328248 
11 49400 21 1.52114 3.08e-05 7.02493 0.214158 -8.75449e-05 0.200427 0.88131 1.07079 0.0707914 -2.64802 0.328908 
11 49500 21 1.52422 3.08e-05 7.02493 0.214167 -6.29567e-05 0.200426 0.881346 1.07084 0.0708351 -2.6474 0.329568 
11 49600 21 1.5273 3.08e-05 7.02493 0.214176 -4.57845e-05 0.200424 0.881381 1.07088 0.0708782 -2.64679 0.330228 
11 49700 21 1.53038 3.08e-05 7.02493 0.214163 -4.72436e-05 0.200424 0.88133 1.07082 0.0708159 -2.64767 0.330887 
11 49800 21 1.53346 3.08e-05 7.02493 0.214129 -4.99313e-05 0.200427 0.881188 1.07064 0.0706437 -2.65011 0.331546 
11 49900 21 1.53654 3.08e-05 7.02493 0.214105 -6.67889e-05 0.200426 0.881092 1.07053 0.0705267 -2.65176 0.332206 
11 50000 21 1.53962 3.08e-05 7.02493 0.214063 -8.07275e-05 0.200429 0.880916 1.07031 0.0703134 -2.65479 0.332865 
11 50100 21 1.5427 3.08e-05 7.02493 0.214042 -6.48161e-05 0.200429 0.88083 1.07021 0.0702086 -2.65628 0.333524 
11 50200 21 1.54578 3.08e-05 7.02493 0.214082 -3.51606e-05 0.200428 0.880994 1.07041 0.0704077 -2.65345 0.334184 
11 50300 21 1.54886 3.08e-05 7.02493 0.214118 -4.96619e-05 0.200424 0.881146 1.07059 0.0705919 -2.65084 0.334843 
11 50400 21 1.55194 3.08e-05 7.02493 0.214143 -6.96507e-05 0.20042 0.881248 1.07072 0.0707166 -2.64907 0.335504 
11 50500 21 1.55502 3.08e-05 7.02493 0.214159 -6.24143e-05 0.20042 0.881311 1.07079 0.0707931 -2.64799 0.336163 
11 50600 21 1.5581 3.08e-05 7.02493 0.21413 -4.61189e-05 0.200421 0.881195 1.07065 0.0706517 -2.64999 0.336823 
11 50700 21 1.56118 3.08e-05 7.02493 0.214156 -3.00179e-05 0.200418 0.8813 1.07078 0.0707795 -2.64819 0.337482 
11 50800 21 1.56426 3.08e-05 7.02493 0.214176 -2.23249e-05 0.200416 0.881384 1.07088 0.070881 -2.64675 0.338142 
11 50900 21 1.56734 3.08e-05 7.02493 0.214184 -1.16288e-05 0.200415 0.881416 1.07092 0.0709205 -2.6462 0.338802 
11 51000 21 1.57042 3.08e-05 7.02493 0.214156 -4.00768e-06 0.200417 0.8813 1.07078 0.0707793 -2.64819 0.339461 
11 51100 21 1.5735 3.08e-05 7.02493 0.214125 -2.73457e-05 0.200421 0.881174 1.07063 0.0706259 -2.65036 0.340122 
11 51200 21 1.57658 3.08e-05 7.02493 0.214118 -1.48312e-05 0.200422 0.881143 1.07059 0.0705891 -2.65088 0.340781 
11 51300 21 1.57966 3.08e-05 7.02493 0.214078 -3.94774e-05 0.200424 0.880981 1.07039 0.0703924 -2.65367 0.34144 
11 51400 21 1.58274 3.08e-05 7.02493 0.21406 -2.94806e-05 0.200424 0.880904 1.0703 0.0702979 -2.65501 0.342099 
11 51500 21 1.58582 3.08e-05 7.02493 0.214027 -1.00377e-05 0.200426 0.880772 1.07014 0.0701374 -2.6573 0.342759 
11 51600 21 1.5889 3.08e-05 7.02493 0.21402 1.20507e-05 0.200427 0.88074 1.0701 0.0700993 -2.65784 0.343418 
11 51700 21 1.59198 3.08e-05 7.02493 0.214032 -1.14113e-05 0.200428 0.880789 1.07016 0.0701589 -2.65699 0.344077 
11 51800 21 1.59506 3.08e-05 7.02493 0.21405 -2.76618e-05 0.200428 0.880865 1.07025 0.0702505 -2.65569 0.344737 
11 51900 21 1.59814 3.08e-05 7.02493 0.214061 1.02694e-05 0.200426 0.880908 1.0703 0.0703035 -2.65493 0.345396 
11 52000 22 1.6012 3.08e-05 7.02493 0.214071 2.14037e-05 0.200425 0.880951 1.07036 0.0703557 -2.65419 0.346055 
11 52100 22 1.60428 3.08e-05 7.02493 0.214058 1.8024e-05 0.200426 0.880897 1.07029 0.0702896 -2.65513 0.346714 
11 52200 22 1.60736 3.08e-05 7.02493 0.214033 1.28071e-05 0.200427 0.880794 1.07016 0.0701646 -2.65691 0.347374 
11 52300 22 1.61044 3.08e-05 7.02493 0.214014 -1.93246e-05 0.200428 0.880717 1.07007 0.0700707 -2.65825 0.348033 
11 52400 22 1.61352 3.08e-05 7.02493 0.213968 -4.83512e-05 0.200431 0.880525 1.06984 0.0698379 -2.66158 0.348692 
11 52500 22 1.6166 3.08e-05 7.02493 0.213943 -0.000101864 0.200432 0.880425 1.06972 0.0697162 -2.66332 0.349352 
11 52600 22 1.61968 3.08e-05 7.02493 0.213969 -0.000165202 0.200429 0.880532 1.06985 0.0698461 -2.66146 0.35001 
11 52700 22 1.62276 3.08e-05 7.02493 0.214009 -0.000169239 0.200425 0.880695 1.07004 0.070044 -2.65863 0.350669 
11 52800 22 1.62584 3.08e-05 7.02493 0.21406 -0.000159387 0.200422 0.880905 1.0703 0.0702996 -2.65499 0.351329 
11 52900 22 1.62892 3.08e-05 7.02493 0.214042 -0.000146403 0.200422 0.88083 1.07021 0.0702086 -2.65628 0.351988 
11 53000 22 1.632 3.08e-05 7.02493 0.214047 -0.000111222 0.200421 0.880852 1.07024 0.0702356 -2.6559 0.352648 
11 53100 22 1.63508 3.08e-05 7.02493 0.214069 -6.69404e-05 0.20042 0.880942 1.07035 0.0703451 -2.65434 0.353307 
11 53200 22 1.63816 3.08e-05 7.02493 0.214097 -5.42029e-05 0.200416 0.881058 1.07049 0.0704861 -2.65234 0.353966 
11 53300 22 1.64124 3.08e-05 7.02493 0.214084 -6.43358e-05 0.200417 0.881005 1.07042 0.0704216 -2.65326 0.354626 
11 53400 22 1.64432 3.08e-05 7.02493 0.214047 -6.1302e-05 0.200421 0.880851 1.07023 0.0702342 -2.65592 0.355286 
11 53500 22 1.6474 3.08e-05 7.02493 0.214014 -3.03018e-05 0.200423 0.880718 1.07007 0.0700718 -2.65823 0.355945 
11 53600 22 1.65048 3.08e-05 7.02493 0.213991 1.4594e-05 0.200425 0.880623 1.06996 0.0699565 -2.65988 0.356604 
11 53700 22 1.65356 3.08e-05 7.02493 0.214029 2.89e-05 0.200423 0.880777 1.07014 0.070144 -2.6572 0.357263 
11 53800 22 1.65664 3.08e-05 7.02493 0.21404 3.37166e-05 0.200421 0.880823 1.0702 0.0701997 -2.65641 0.357922 
11 53900 22 1.65972 3.08e-05 7.02493 0.214049 1.3988e-05 0.200423 0.880859 1.07024 0.0702431 -2.65579 0.358581 
11 54000 22 1.6628 3.08e-05 7.02493 0.214014 -6.00315e-06 0.200425 0.880718 1.07007 0.0700722 -2.65823 0.35924 
11 54100 22 1.66588 3.08e-05 7.02493 0.214034 -3.63842e-05 0.200428 0.8808 1.07017 0.0701721 -2.6568 0.3599 
11 54200 22 1.66896 3.08e-05 7.02493 0.214052 -5.3247e-05 0.200425 0.880872 1.07026 0.07026 -2.65555 0.360559 
11 54300 22 1.67204 3.08e-05 7.02493 0.214021 -6.69142e-05 0.200425 0.880744 1.0701 0.0701034 -2.65778 0.361218 
11 54400 22 1.67512 3.08e-05 7.02493 0.214024 -4.21506e-05 0.200425 0.880757 1.07012 0.0701199 -2.65755 0.361877 
11 54500 22 1.6782 3.08e-05 7.02493 0.214006 -5.52714e-05 0.200427 0.880683 1.07003 0.0700293 -2.65884 0.362537 
11 54600 23 1.68126 3.08e-05 7.02493 0.213966 -5.44386e-05 0.200429 0.880516 1.06983 0.0698275 -2.66173 0.363196 
11 54700 23 1.68434 3.08e-05 7.02493 0.213916 -7.82321e-05 0.200429 0.880312 1.06958 0.0695789 -2.66529 0.363855 
11 54800 23 1.68742 3.08e-05 7.02493 0.213896 -0.000101035 0.200429 0.880231 1.06948 0.0694808 -2.6667 0.364513 
11 54900 23 1.6905 3.08e-05 7.02493 0.213871 -0.000103873 0.20043 0.880127 1.06935 0.0693548 -2.66852 0.365172 
11 55000 23 1.69358 3.08e-05 7.02493 0.21392 -0.000129202 0.200426 0.880328 1.0696 0.0695991 -2.665 0.365831 
11 55100 23 1.69666 3.08e-05 7.02493 0.213969 -0.000116388 0.200421 0.880533 1.06985 0.0698471 -2.66145 0.36649 
11 55200 23 1.69974 3.08e-05 7.02493 0.214023 -7.40061e-05 0.200419 0.880754 1.07012 0.0701155 -2.65761 0.36715 
11 55300 23 1.70282 3.08e-05 7.02493 0.21399 -7.55879e-05 0.20042 0.880616 1.06995 0.0699479 -2.66001 0.367809 
11 55400 23 1.7059 3.08e-05 7.02493 0.213985 -9.55077e-05 0.20042 0.880595 1.06992 0.069923 -2.66036 0.368468 
11 55500 23 1.70898 3.08e-05 7.02493 0.214019 -7.21099e-05 0.200417 0.880738 1.0701 0.0700968 -2.65788 0.369127 
11 55600 23 1.71206 3.08e-05 7.02493 0.214006 -5.03359e-05 0.200418 0.880683 1.07003 0.0700295 -2.65884 0.369786 
11 55700 23 1.71514 3.08e-05 7.02493 0.213991 -3.22893e-05 0.200418 0.880621 1.06995 0.0699541 -2.65992 0.370446 
11 55800 23 1.71822 3.08e-05 7.02493 0.213939 -2.06139e-05 0.200423 0.880406 1.06969 0.0696938 -2.66364 0.371105 
11 55900 23 1.7213 3.08e-05 7.02493 0.213896 7.71203e-06 0.200428 0.880229 1.06948 0.0694776 -2.66675 0.371764 
11 56000 23 1.72438 3.08e-05 7.02493 0.213873 3.40938e-05 0.200428 0.880136 1.06936 0.0693649 -2.66837 0.372423 
11 56100 23 1.72746 3.08e-05 7.02493 0.213916 5.95202e-05 0.200424 0.880311 1.06958 0.0695781 -2.6653 0.373081 
11 56200 23 1.73054 3.08e-05 7.02493 0.213927 4.01037e-05 0.200425 0.880359 1.06964 0.0696357 -2.66448 0.37374 
11 56300 23 1.73362 3.08e-05 7.02493 0.213902 5.80571e-05 0.200429 0.880256 1.06951 0.0695115 -2.66626 0.374399 
11 56400 23 1.7367 3.08e-05 7.02493 0.213874 7.33761e-05 0.200431 0.880138 1.06937 0.0693681 -2.66833 0.375058 
11 56500 23 1.73978 3.08e-05 7.02493 0.213885 7.28086e-05 0.200429 0.880186 1.06943 0.0694256 -2.6675 0.375717 
11 56600 23 1.74286 3.08e-05 7.02493 0.213908 5.10358e-05 0.200426 0.880281 1.06954 0.0695412 -2.66584 0.376375 
11 56700 23 1.74594 3.08e-05 7.02493 0.213893 4.80341e-05 0.200427 0.880218 1.06946 0.0694648 -2.66694 0.377034 
11 56800 23 1.74902 3.08e-05 7.02493 0.213909 6.68844e-05 0.200427 0.880284 1.06955 0.0695455 -2.66577 0.377693 
11 56900 23 1.7521 3.08e-05 7.02493 0.213906 7.25977e-05 0.200427 0.880272 1.06953 0.0695309 -2.66598 0.378352 
11 57000 23 1.75518 3.08e-05 7.02493 0.213863 5.59044e-05 0.20043 0.880094 1.06931 0.0693147 -2.6691 0.379011 
11 57100 23 1.75826 3.08e-05 7.02493 0.213846 4.79691e-05 0.200429 0.880026 1.06923 0.0692311 -2.67031 0.37967 
11 57200 24 1.76132 3.08e-05 7.02493 0.213833 2.52372e-05 0.200429 0.879972 1.06917 0.0691658 -2.67125 0.380328 
11 57300 24 1.7644 3.08e-05 7.02493 0.213802 1.38909e-05 0.20043 0.879844 1.06901 0.0690099 -2.6735 0.380987 
11 57400 24 1.76748 3.08e-05 7.02493 0.213855 2.83383e-05 0.200424 0.880063 1.06928 0.0692769 -2.66964 0.381646 
11 57500 24 1.77056 3.08e-05 7.02493 0.213917 1.45049e-06 0.200419 0.880318 1.06959 0.0695858 -2.66519 0.382304 
11 57600 24 1.77364 3.08e-05 7.02493 0.213916 -1.78578e-05 0.200419 0.880311 1.06958 0.0695781 -2.66531 0.382963 
11 57700 24 1.77672 3.08e-05 7.02493 0.213885 -1.567e-05 0.200421 0.880183 1.06942 0.0694226 -2.66754 0.383623 
11 57800 24 1.7798 3.08e-05 7.02493 0.213921 -1.22229e-05 0.200419 0.880332 1.0696 0.0696036 -2.66494 0.384281 
11 57900 24 1.78288 3.08e-05 7.02493 0.21396 -1.89767e-06 0.200417 0.880493 1.0698 0.0697988 -2.66214 0.38494 
11 58000 24 1.78596 3.08e-05 7.02493 0.213979 2.62573e-05 0.200416 0.880574 1.0699 0.069897 -2.66073 0.385599 
11 58100 24 1.78904 3.08e-05 7.02493 0.213964 5.86062e-05 0.200418 0.880512 1.06982 0.0698222 -2.6618 0.386259 
11 58200 24 1.79212 3.08e-05 7.02493 0.213877 6.8748e-05 0.200424 0.880154 1.06939 0.0693866 -2.66806 0.386918 
