11 0 1 0 3.97626e-05 7.02493 0.22101 0 0.200023 0.909508 1.10505 0.105052 -2.2533 7.50531e-07 
11 100 2 0.00789287 7.95251e-05 7.02493 0.214975 -1.34961e-07 0.200337 0.88467 1.07487 0.0748738 -2.59195 0.00171016 
11 200 2 0.0158454 7.95251e-05 7.02493 0.214735 -7.46285e-08 0.200358 0.883681 1.07367 0.0736725 -2.60813 0.00341848 
11 300 2 0.0237979 7.95251e-05 7.02493 0.214732 -3.59899e-09 0.200353 0.88367 1.07366 0.0736594 -2.6083 0.00512527 
11 400 2 0.0317504 7.95251e-05 7.02493 0.214752 -5.37317e-08 0.200348 0.883753 1.07376 0.0737596 -2.60694 0.00683304 
11 500 2 0.0397029 7.95251e-05 7.02493 0.214774 2.15907e-07 0.200344 0.883843 1.07387 0.0738698 -2.60545 0.00854328 
11 600 2 0.0476554 7.95251e-05 7.02493 0.214797 2.60725e-08 0.200341 0.883936 1.07398 0.0739828 -2.60392 0.0102544 
11 700 2 0.055608 7.95251e-05 7.02493 0.214817 4.02999e-07 0.200338 0.88402 1.07408 0.0740845 -2.60255 0.0119652 
11 800 2 0.0635605 7.95251e-05 7.02493 0.214838 1.07851e-07 0.200335 0.884107 1.07419 0.0741895 -2.60113 0.0136749 
11 900 2 0.071513 7.95251e-05 7.02493 0.214858 8.21544e-08 0.200333 0.884187 1.07429 0.0742877 -2.59981 0.0153777 
11 1000 2 0.0794655 7.95251e-05 7.02493 0.214879 4.24525e-08 0.200331 0.884275 1.07439 0.0743946 -2.59837 0.01708 
11 1100 3 0.0873958 7.95251e-05 7.02493 0.214898 -1.40156e-08 0.200328 0.884353 1.07449 0.0744894 -2.5971 0.0187859 
11 1200 3 0.0953484 7.95251e-05 7.02493 0.214915 -7.3734e-08 0.200325 0.884425 1.07458 0.0745767 -2.59593 0.0204969 
11 1300 3 0.103301 7.95251e-05 7.02493 0.21493 -4.78952e-08 0.200322 0.884486 1.07465 0.0746507 -2.59494 0.0222088 
11 1400 3 0.111253 7.95251e-05 7.02493 0.214945 1.38333e-07 0.200319 0.884547 1.07472 0.0747244 -2.59395 0.0239166 
11 1500 3 0.119206 7.95251e-05 7.02493 0.214968 6.67108e-08 0.200316 0.884641 1.07484 0.074839 -2.59242 0.0256285 
11 1600 3 0.127158 7.95251e-05 7.02493 0.214985 -2.25103e-09 0.200313 0.88471 1.07492 0.0749226 -2.5913 0.0273416 
11 1700 3 0.135111 7.95251e-05 7.02493 0.214997 -6.15527e-09 0.20031 0.88476 1.07498 0.074984 -2.59048 0.0290506 
11 1800 3 0.143063 7.95251e-05 7.02493 0.21502 -1.34722e-08 0.200309 0.884854 1.0751 0.075098 -2.58896 0.0307624 
11 1900 3 0.151016 7.95251e-05 7.02493 0.215037 2.91187e-09 0.200307 0.884926 1.07519 0.0751856 -2.5878 0.0324722 
11 2000 3 0.158968 7.95251e-05 7.02493 0.215047 -3.55238e-07 0.200305 0.884968 1.07524 0.0752359 -2.58713 0.0341832 
11 2100 4 0.166919 7.95251e-05 7.02493 0.215064 -2.04496e-07 0.200302 0.885036 1.07532 0.0753188 -2.58603 0.0358911 
11 2200 4 0.174871 7.95251e-05 7.02493 0.215072 -8.28959e-07 0.200299 0.885068 1.07536 0.0753578 -2.58551 0.0375986 
11 2300 4 0.182824 7.95251e-05 7.02493 0.215085 -1.5959e-07 0.200296 0.885122 1.07542 0.0754232 -2.58464 0.0393057 
11 2400 4 0.190776 7.95251e-05 7.02493 0.215098 -1.06188e-08 0.200295 0.885176 1.07549 0.0754883 -2.58378 0.041015 
11 2500 4 0.198729 7.95251e-05 7.02493 0.215105 -3.19318e-08 0.200293 0.885204 1.07552 0.0755229 -2.58332 0.042728 
11 2600 4 0.206681 7.95251e-05 7.02493 0.215122 -5.76527e-09 0.200291 0.885276 1.07561 0.0756105 -2.58216 0.0444422 
11 2700 4 0.214634 7.95251e-05 7.02493 0.215131 1.19536e-08 0.200288 0.885313 1.07565 0.0756549 -2.58157 0.0461567 
11 2800 4 0.222586 7.95251e-05 7.02493 0.215139 1.81099e-06 0.200286 0.885347 1.0757 0.0756961 -2.58103 0.0478708 
11 2900 4 0.230539 7.95251e-05 7.02493 0.215146 1.07087e-06 0.200285 0.885373 1.07573 0.0757283 -2.5806 0.0495826 
11 3000 4 0.238491 7.95251e-05 7.02493 0.215162 3.49868e-07 0.200283 0.885441 1.07581 0.0758113 -2.57951 0.0512896 
11 3100 5 0.246442 7.95251e-05 7.02493 0.215171 1.17102e-07 0.200282 0.885476 1.07585 0.0758539 -2.57895 0.0529973 
11 3200 5 0.254394 7.95251e-05 7.02493 0.215182 6.91969e-07 0.20028 0.885524 1.07591 0.0759112 -2.57819 0.0547138 
11 3300 5 0.262347 7.95251e-05 7.02493 0.215188 7.73827e-07 0.200278 0.885546 1.07594 0.0759378 -2.57784 0.0564213 
11 3400 5 0.270299 7.95251e-05 7.02493 0.2152 2.821e-07 0.200277 0.885598 1.076 0.0760021 -2.57699 0.0581289 
11 3500 5 0.278252 7.95251e-05 7.02493 0.21521 -9.40868e-08 0.200276 0.885638 1.07605 0.07605 -2.57636 0.0598365 
11 3600 5 0.286204 7.95251e-05 7.02493 0.215223 4.88959e-07 0.200274 0.885693 1.07612 0.0761174 -2.57548 0.0615436 
11 3700 5 0.294157 7.95251e-05 7.02493 0.215236 5.66774e-07 0.200273 0.885747 1.07618 0.0761822 -2.57463 0.0632529 
11 3800 5 0.302109 7.95251e-05 7.02493 0.215249 4.30552e-07 0.200271 0.885798 1.07624 0.0762442 -2.57381 0.0649663 
11 3900 5 0.310062 7.95251e-05 7.02493 0.215258 7.22935e-07 0.200269 0.885835 1.07629 0.0762901 -2.57321 0.0666804 
11 4000 5 0.318014 7.95251e-05 7.02493 0.215265 3.60845e-07 0.200268 0.885863 1.07632 0.0763238 -2.57277 0.068393 
11 4100 6 0.325964 7.95251e-05 7.02493 0.215269 5.2832e-07 0.200266 0.885882 1.07635 0.0763466 -2.57247 0.07011 
11 4200 6 0.333917 7.95251e-05 7.02493 0.215279 1.64212e-07 0.200265 0.885923 1.0764 0.0763959 -2.57183 0.0718233 
11 4300 6 0.341869 7.95251e-05 7.02493 0.215293 9.24339e-08 0.200264 0.885981 1.07647 0.0764671 -2.5709 0.0735352 
11 4400 6 0.349822 7.95251e-05 7.02493 0.215295 4.58829e-09 0.200261 0.885987 1.07647 0.0764741 -2.5708 0.0752485 
11 4500 6 0.357774 7.95251e-05 7.02493 0.215288 -1.0326e-07 0.20026 0.88596 1.07644 0.0764413 -2.57123 0.0769599 
11 4600 6 0.365727 7.95251e-05 7.02493 0.215294 -1.02738e-07 0.200259 0.885984 1.07647 0.0764711 -2.57084 0.0786718 
11 4700 6 0.373679 7.95251e-05 7.02493 0.215302 -5.73029e-08 0.200257 0.886018 1.07651 0.0765114 -2.57032 0.0803839 
11 4800 6 0.381632 7.95251e-05 7.02493 0.215311 -5.454e-08 0.200256 0.886052 1.07655 0.0765536 -2.56976 0.0820962 
11 4900 6 0.389585 7.95251e-05 7.02493 0.21532 -5.42281e-08 0.200256 0.886088 1.0766 0.0765975 -2.56919 0.0838077 
11 5000 6 0.397537 7.95251e-05 7.02493 0.215323 -1.02187e-07 0.200256 0.886102 1.07661 0.0766141 -2.56897 0.0855157 
11 5100 7 0.405487 7.95251e-05 7.02493 0.215329 -1.18194e-07 0.200254 0.886127 1.07664 0.0766446 -2.56858 0.087227 
11 5200 7 0.41344 7.95251e-05 7.02493 0.215336 1.01563e-08 0.200253 0.886155 1.07668 0.0766778 -2.56814 0.0889395 
11 5300 7 0.421392 7.95251e-05 7.02493 0.215339 -1.9872e-07 0.200253 0.886169 1.0767 0.0766959 -2.56791 0.0906521 
11 5400 7 0.429345 7.95251e-05 7.02493 0.215352 -1.14591e-07 0.200252 0.886222 1.07676 0.0767594 -2.56708 0.0923636 
11 5500 7 0.437297 7.95251e-05 7.02493 0.215367 -4.51531e-08 0.200251 0.886284 1.07684 0.0768354 -2.56609 0.0940771 
11 5600 7 0.44525 7.95251e-05 7.02493 0.215361 9.85951e-08 0.200251 0.886259 1.0768 0.0768049 -2.56649 0.0957966 
11 5700 7 0.453202 7.95251e-05 7.02493 0.215366 7.09195e-08 0.200249 0.886282 1.07683 0.0768321 -2.56613 0.0975094 
11 5800 7 0.461155 7.95251e-05 7.02493 0.215363 1.75734e-06 0.200249 0.886267 1.07681 0.076815 -2.56636 0.0992194 
11 5900 7 0.469107 7.95251e-05 7.02493 0.215365 7.20847e-06 0.200247 0.886277 1.07683 0.0768268 -2.5662 0.100937 
11 6000 7 0.47706 7.95251e-05 7.02493 0.215381 3.12558e-06 0.200246 0.886341 1.0769 0.0769042 -2.56519 0.102648 
11 6100 8 0.48501 7.95251e-05 7.02493 0.21538 1.628e-06 0.200246 0.886338 1.0769 0.076901 -2.56524 0.104358 
11 6200 8 0.492963 7.95251e-05 7.02493 0.21538 2.99123e-07 0.200243 0.886336 1.0769 0.0768977 -2.56528 0.106068 
11 6300 8 0.500915 7.95251e-05 7.02493 0.215386 1.67951e-07 0.200242 0.886362 1.07693 0.0769296 -2.56486 0.107778 
11 6400 8 0.508868 7.95251e-05 7.02493 0.21539 1.18711e-07 0.200242 0.886379 1.07695 0.0769504 -2.56459 0.109488 
11 6500 8 0.51682 7.95251e-05 7.02493 0.215397 2.95274e-08 0.20024 0.886407 1.07698 0.0769848 -2.56415 0.111203 
11 6600 8 0.524773 7.95251e-05 7.02493 0.215402 -2.42083e-08 0.200239 0.886426 1.07701 0.0770077 -2.56385 0.112918 
11 6700 8 0.532725 7.95251e-05 7.02493 0.215403 -8.59027e-08 0.200238 0.886431 1.07701 0.0770139 -2.56377 0.114633 
11 6800 8 0.540678 7.95251e-05 7.02493 0.215404 -2.75377e-08 0.200237 0.886437 1.07702 0.0770204 -2.56369 0.116349 
11 6900 8 0.54863 7.95251e-05 7.02493 0.215407 2.38749e-07 0.200237 0.886447 1.07703 0.0770331 -2.56352 0.118064 
11 7000 8 0.556583 7.95251e-05 7.02493 0.21541 -2.15181e-07 0.200235 0.886462 1.07705 0.0770517 -2.56328 0.119779 
11 7100 9 0.564533 7.95251e-05 7.02493 0.215413 -1.0959e-05 0.200235 0.886474 1.07707 0.0770656 -2.5631 0.121489 
11 7200 9 0.572485 7.95251e-05 7.02493 0.215417 -1.1168e-05 0.200234 0.88649 1.07709 0.0770858 -2.56284 0.123194 
11 7300 9 0.580438 7.95251e-05 7.02493 0.215415 -8.30693e-06 0.200233 0.886483 1.07708 0.0770771 -2.56295 0.124908 
11 7400 9 0.58839 7.95251e-05 7.02493 0.215411 -1.13231e-05 0.200232 0.886464 1.07705 0.0770534 -2.56326 0.126619 
11 7500 9 0.596343 7.95251e-05 7.02493 0.21542 -1.02026e-05 0.200232 0.886503 1.0771 0.0771009 -2.56264 0.12833 
11 7600 9 0.604296 7.95251e-05 7.02493 0.215417 -4.41521e-06 0.20023 0.886488 1.07708 0.0770833 -2.56287 0.130041 
11 7700 9 0.612248 7.95251e-05 7.02493 0.215419 2.75086e-06 0.20023 0.886497 1.07709 0.0770935 -2.56274 0.131753 
11 7800 9 0.620201 7.95251e-05 7.02493 0.215411 6.23362e-07 0.200228 0.886467 1.07706 0.0770569 -2.56321 0.133464 
11 7900 9 0.628153 7.95251e-05 7.02493 0.215412 1.51533e-06 0.200228 0.886468 1.07706 0.0770589 -2.56319 0.135179 
11 8000 9 0.636106 7.95251e-05 7.02493 0.215425 8.35295e-07 0.200228 0.886524 1.07713 0.0771271 -2.5623 0.136893 
11 8100 10 0.644056 7.95251e-05 7.02493 0.215424 5.03313e-07 0.200227 0.886518 1.07712 0.0771198 -2.5624 0.138607 
11 8200 10 0.652008 7.95251e-05 7.02493 0.215427 7.79195e-08 0.200226 0.886529 1.07713 0.0771333 -2.56222 0.140324 
11 8300 10 0.659961 7.95251e-05 7.02493 0.215425 -1.36486e-07 0.200226 0.886524 1.07713 0.077127 -2.5623 0.142039 
11 8400 10 0.667913 7.95251e-05 7.02493 0.215423 -5.4235e-07 0.200225 0.886514 1.07711 0.077114 -2.56247 0.143756 
11 8500 10 0.675866 7.95251e-05 7.02493 0.215422 -8.99543e-08 0.200225 0.88651 1.07711 0.0771097 -2.56253 0.145469 
11 8600 10 0.683818 7.95251e-05 7.02493 0.215427 2.24396e-07 0.200224 0.886529 1.07713 0.0771331 -2.56222 0.147183 
11 8700 10 0.691771 7.95251e-05 7.02493 0.215429 -5.86677e-07 0.200223 0.886539 1.07714 0.0771443 -2.56208 0.148896 
11 8800 10 0.699723 7.95251e-05 7.02493 0.215422 -2.09112e-07 0.200223 0.886511 1.07711 0.0771108 -2.56251 0.15061 
11 8900 10 0.707676 7.95251e-05 7.02493 0.215422 -1.73546e-07 0.200222 0.886511 1.07711 0.0771103 -2.56252 0.152323 
11 9000 10 0.715628 7.95251e-05 7.02493 0.215423 -2.98914e-07 0.200222 0.886513 1.07711 0.0771129 -2.56249 0.154034 
11 9100 11 0.723579 7.95251e-05 7.02493 0.215432 2.73375e-07 0.200221 0.886551 1.07716 0.0771593 -2.56188 0.155743 
11 9200 11 0.731531 7.95251e-05 7.02493 0.215433 -9.07365e-08 0.200221 0.886557 1.07717 0.077167 -2.56178 0.157451 
11 9300 11 0.739484 7.95251e-05 7.02493 0.215436 -3.04647e-08 0.20022 0.886567 1.07718 0.0771792 -2.56162 0.159162 
11 9400 11 0.747436 7.95251e-05 7.02493 0.215433 5.26788e-08 0.20022 0.886557 1.07717 0.0771665 -2.56179 0.160878 
11 9500 11 0.755389 7.95251e-05 7.02493 0.215451 -2.6288e-08 0.200219 0.886629 1.07725 0.0772541 -2.56066 0.162594 
11 9600 11 0.763341 7.95251e-05 7.02493 0.215443 5.59507e-07 0.200219 0.886598 1.07722 0.0772164 -2.56114 0.164311 
11 9700 11 0.771294 7.95251e-05 7.02493 0.215451 -9.44376e-07 0.200218 0.886629 1.07725 0.0772539 -2.56066 0.166027 
11 9800 11 0.779246 7.95251e-05 7.02493 0.215448 -2.25192e-06 0.200218 0.886616 1.07724 0.0772388 -2.56085 0.167743 
11 9900 11 0.787199 7.95251e-05 7.02493 0.215443 -3.17912e-06 0.200217 0.886598 1.07722 0.0772165 -2.56114 0.169457 
11 10000 11 0.795151 7.95251e-05 7.02493 0.215446 -4.14033e-07 0.200217 0.886609 1.07723 0.0772299 -2.56097 0.17117 
11 10100 12 0.803101 7.95251e-05 7.02493 0.215446 -4.87088e-07 0.200216 0.886609 1.07723 0.0772303 -2.56096 0.172877 
11 10200 12 0.811054 7.95251e-05 7.02493 0.215433 5.59963e-08 0.200216 0.886555 1.07716 0.0771649 -2.56181 0.174593 
11 10300 12 0.819007 7.95251e-05 7.02493 0.21544 4.34765e-07 0.200216 0.886584 1.0772 0.0771992 -2.56137 0.176305 
11 10400 12 0.826959 7.95251e-05 7.02493 0.215436 1.687e-07 0.200215 0.88657 1.07718 0.0771823 -2.56158 0.178016 
11 10500 12 0.834912 7.95251e-05 7.02493 0.215441 6.93338e-08 0.200215 0.886589 1.07721 0.0772056 -2.56128 0.179728 
11 10600 12 0.842864 7.95251e-05 7.02493 0.215439 3.07863e-08 0.200215 0.886579 1.07719 0.0771941 -2.56143 0.18144 
11 10700 12 0.850817 7.95251e-05 7.02493 0.215432 9.93551e-08 0.200214 0.886552 1.07716 0.0771601 -2.56187 0.183152 
11 10800 12 0.858769 7.95251e-05 7.02493 0.215442 1.26974e-07 0.200214 0.886594 1.07721 0.0772113 -2.56121 0.184866 
11 10900 12 0.866722 7.95251e-05 7.02493 0.215446 -4.13701e-06 0.200212 0.88661 1.07723 0.0772316 -2.56095 0.186583 
11 11000 12 0.874674 7.95251e-05 7.02493 0.215444 -4.39933e-06 0.200212 0.8866 1.07722 0.0772191 -2.56111 0.188295 
11 11100 13 0.882624 7.95251e-05 7.02493 0.215443 2.16925e-07 0.200212 0.886597 1.07722 0.0772153 -2.56116 0.190008 
11 11200 13 0.890577 7.95251e-05 7.02493 0.215445 -4.09348e-06 0.200212 0.886606 1.07723 0.0772261 -2.56102 0.191721 
11 11300 13 0.898529 7.95251e-05 7.02493 0.215443 -2.11381e-06 0.200212 0.886597 1.07722 0.0772152 -2.56116 0.193434 
11 11400 13 0.906482 7.95251e-05 7.02493 0.215443 -1.95749e-06 0.200211 0.886595 1.07721 0.0772125 -2.56119 0.195147 
11 11500 13 0.914434 7.95251e-05 7.02493 0.215445 -1.53146e-06 0.200211 0.886604 1.07722 0.0772237 -2.56105 0.19686 
11 11600 13 0.922387 7.95251e-05 7.02493 0.215448 -2.08261e-07 0.20021 0.886617 1.07724 0.0772395 -2.56084 0.198568 
11 11700 13 0.930339 7.95251e-05 7.02493 0.21544 3.80383e-07 0.20021 0.886584 1.0772 0.0771993 -2.56136 0.200285 
11 11800 13 0.938292 7.95251e-05 7.02493 0.215444 1.39714e-06 0.200209 0.886599 1.07722 0.0772177 -2.56113 0.201998 
11 11900 13 0.946244 7.95251e-05 7.02493 0.215441 6.85525e-07 0.20021 0.886587 1.0772 0.0772038 -2.56131 0.203709 
11 12000 13 0.954197 7.95251e-05 7.02493 0.215435 2.89585e-07 0.200209 0.886564 1.07718 0.0771756 -2.56167 0.205421 
11 12100 14 0.962147 7.95251e-05 7.02493 0.215439 3.58413e-07 0.200209 0.886582 1.0772 0.0771973 -2.56139 0.207132 
11 12200 14 0.9701 7.95251e-05 7.02493 0.215435 4.86149e-07 0.200209 0.886565 1.07718 0.0771767 -2.56166 0.208849 
11 12300 14 0.978052 7.95251e-05 7.02493 0.215446 1.33766e-06 0.200209 0.886611 1.07723 0.0772323 -2.56094 0.210562 
11 12400 14 0.986005 7.95251e-05 7.02493 0.215435 1.1234e-06 0.200209 0.886562 1.07717 0.0771727 -2.56171 0.212278 
11 12500 14 0.993957 7.95251e-05 7.02493 0.215439 7.29022e-07 0.200208 0.886578 1.07719 0.0771926 -2.56145 0.213993 
11 12600 14 1.00191 7.95251e-05 7.02493 0.215441 2.99478e-07 0.200208 0.886588 1.0772 0.0772049 -2.56129 0.215709 
11 12700 14 1.00986 7.95251e-05 7.02493 0.215442 3.28904e-07 0.200208 0.886594 1.07721 0.0772118 -2.5612 0.217424 
11 12800 14 1.01781 7.95251e-05 7.02493 0.215445 4.39524e-08 0.200208 0.886605 1.07723 0.0772253 -2.56103 0.219139 
11 12900 14 1.02577 7.95251e-05 7.02493 0.215442 1.53236e-06 0.200208 0.886593 1.07721 0.0772106 -2.56122 0.220854 
11 13000 14 1.03372 7.95251e-05 7.02493 0.215443 1.05593e-06 0.200208 0.886599 1.07722 0.0772175 -2.56113 0.222564 
11 13100 15 1.04167 7.95251e-05 7.02493 0.215437 1.87335e-07 0.200208 0.886574 1.07719 0.0771873 -2.56152 0.224275 
11 13200 15 1.04962 7.95251e-05 7.02493 0.215436 1.88298e-07 0.200208 0.886567 1.07718 0.0771794 -2.56162 0.225985 
11 13300 15 1.05758 7.95251e-05 7.02493 0.215431 -7.55778e-08 0.200207 0.886547 1.07716 0.0771551 -2.56194 0.227696 
11 13400 15 1.06553 7.95251e-05 7.02493 0.215429 1.05747e-06 0.200207 0.886539 1.07714 0.0771446 -2.56207 0.229408 
11 13500 15 1.07348 7.95251e-05 7.02493 0.215436 7.56364e-07 0.200206 0.886568 1.07718 0.0771799 -2.56162 0.231122 
11 13600 15 1.08143 7.95251e-05 7.02493 0.215434 -1.65296e-07 0.200206 0.88656 1.07717 0.0771699 -2.56175 0.232838 
11 13700 15 1.08939 7.95251e-05 7.02493 0.21542 4.18063e-07 0.200207 0.886503 1.0771 0.0771011 -2.56264 0.23455 
11 13800 15 1.09734 7.95251e-05 7.02493 0.215421 7.5127e-07 0.200208 0.886506 1.0771 0.0771045 -2.56259 0.236263 
11 13900 15 1.10529 7.95251e-05 7.02493 0.215417 -3.1409e-07 0.200207 0.88649 1.07709 0.0770851 -2.56284 0.237979 
11 14000 15 1.11324 7.95251e-05 7.02493 0.215432 1.0972e-07 0.200206 0.886552 1.07716 0.0771602 -2.56187 0.23969 
11 14100 16 1.12119 7.95251e-05 7.02493 0.215428 2.04431e-07 0.200205 0.886536 1.07714 0.0771408 -2.56212 0.241405 
11 14200 16 1.12915 7.95251e-05 7.02493 0.215438 3.41344e-07 0.200204 0.886575 1.07719 0.077189 -2.5615 0.243119 
11 14300 16 1.1371 7.95251e-05 7.02493 0.215438 -6.16009e-07 0.200204 0.886577 1.07719 0.077191 -2.56147 0.244833 
11 14400 16 1.14505 7.95251e-05 7.02493 0.215433 3.58348e-07 0.200204 0.886556 1.07716 0.077165 -2.56181 0.246547 
11 14500 16 1.153 7.95251e-05 7.02493 0.215436 1.90105e-07 0.200204 0.88657 1.07718 0.077182 -2.56159 0.248262 
11 14600 16 1.16096 7.95251e-05 7.02493 0.215436 3.06527e-07 0.200204 0.886567 1.07718 0.0771788 -2.56163 0.249976 
11 14700 16 1.16891 7.95251e-05 7.02493 0.215426 1.28371e-07 0.200204 0.886525 1.07713 0.0771278 -2.56229 0.251685 
11 14800 16 1.17686 7.95251e-05 7.02493 0.215419 6.23939e-08 0.200204 0.886498 1.07709 0.0770945 -2.56272 0.253401 
11 14900 16 1.18481 7.95251e-05 7.02493 0.215424 1.14381e-07 0.200204 0.886518 1.07712 0.0771199 -2.56239 0.255111 
11 15000 16 1.19277 7.95251e-05 7.02493 0.215419 2.43182e-07 0.200203 0.886496 1.07709 0.0770927 -2.56275 0.256821 
11 15100 17 1.20072 7.95251e-05 7.02493 0.215432 -4.26494e-07 0.200203 0.88655 1.07716 0.0771583 -2.5619 0.258531 
11 15200 17 1.20867 7.95251e-05 7.02493 0.215432 -4.95844e-08 0.200203 0.886553 1.07716 0.0771616 -2.56185 0.260241 
11 15300 17 1.21662 7.95251e-05 7.02493 0.215443 -2.86075e-07 0.200202 0.886598 1.07722 0.0772163 -2.56114 0.261953 
11 15400 17 1.22457 7.95251e-05 7.02493 0.215427 -2.88241e-06 0.200202 0.886529 1.07713 0.077133 -2.56222 0.263666 
11 15500 17 1.23253 7.95251e-05 7.02493 0.215433 3.52928e-06 0.200202 0.886557 1.07717 0.0771671 -2.56178 0.265382 
11 15600 17 1.24048 7.95251e-05 7.02493 0.215435 3.54815e-06 0.200202 0.886564 1.07718 0.0771753 -2.56168 0.267097 
11 15700 17 1.24843 7.95251e-05 7.02493 0.215421 1.67681e-06 0.200202 0.886508 1.07711 0.0771069 -2.56256 0.26881 
11 15800 17 1.25638 7.95251e-05 7.02493 0.215439 1.12278e-06 0.200201 0.886582 1.0772 0.0771969 -2.5614 0.270524 
11 15900 17 1.26434 7.95251e-05 7.02493 0.215424 5.64679e-07 0.200202 0.886518 1.07712 0.0771198 -2.56239 0.272237 
11 16000 17 1.27229 7.95251e-05 7.02493 0.215419 3.08579e-07 0.200201 0.8865 1.0771 0.0770969 -2.56269 0.27395 
11 16100 18 1.28024 7.95251e-05 7.02493 0.215424 1.81023e-07 0.200201 0.88652 1.07712 0.0771221 -2.56237 0.275664 
11 16200 18 1.28819 7.95251e-05 7.02493 0.215429 -1.88949e-06 0.2002 0.886537 1.07714 0.0771425 -2.5621 0.277374 
11 16300 18 1.29614 7.95251e-05 7.02493 0.215412 -1.516e-06 0.200202 0.886468 1.07706 0.0770583 -2.56319 0.27909 
11 16400 18 1.3041 7.95251e-05 7.02493 0.21541 7.61984e-06 0.200201 0.886463 1.07705 0.0770522 -2.56327 0.280809 
11 16500 18 1.31205 7.95251e-05 7.02493 0.215412 1.02482e-05 0.200202 0.88647 1.07706 0.0770615 -2.56315 0.282521 
11 16600 18 1.32 7.95251e-05 7.02493 0.215418 2.27651e-05 0.200201 0.886493 1.07709 0.0770889 -2.5628 0.284234 
11 16700 18 1.32795 7.95251e-05 7.02493 0.215426 1.9569e-05 0.200201 0.886528 1.07713 0.0771309 -2.56225 0.285945 
11 16800 18 1.33591 7.95251e-05 7.02493 0.215412 1.12035e-05 0.200202 0.886468 1.07706 0.0770581 -2.5632 0.287655 
11 16900 18 1.34386 7.95251e-05 7.02493 0.215404 4.67253e-06 0.200202 0.886436 1.07702 0.0770201 -2.56369 0.289365 
11 17000 18 1.35181 7.95251e-05 7.02493 0.215415 1.89497e-06 0.2002 0.88648 1.07707 0.0770736 -2.56299 0.291078 
11 17100 18 1.35976 7.95251e-05 7.02493 0.215417 7.86262e-07 0.200201 0.886489 1.07708 0.0770838 -2.56286 0.292792 
11 17200 19 1.36771 7.95251e-05 7.02493 0.215408 7.39461e-07 0.200201 0.886453 1.07704 0.0770407 -2.56342 0.294505 
11 17300 19 1.37567 7.95251e-05 7.02493 0.215409 1.99856e-07 0.200201 0.886455 1.07704 0.0770431 -2.56339 0.29622 
11 17400 19 1.38362 7.95251e-05 7.02493 0.215411 -3.90859e-08 0.200201 0.886465 1.07705 0.0770548 -2.56324 0.297934 
11 17500 19 1.39157 7.95251e-05 7.02493 0.215417 1.44258e-06 0.2002 0.886491 1.07709 0.0770862 -2.56283 0.299647 
11 17600 19 1.39952 7.95251e-05 7.02493 0.215415 7.06156e-07 0.2002 0.886483 1.07708 0.0770774 -2.56295 0.301361 
11 17700 19 1.40748 7.95251e-05 7.02493 0.215405 1.39684e-07 0.200201 0.886441 1.07703 0.0770255 -2.56362 0.303073 
11 17800 19 1.41543 7.95251e-05 7.02493 0.215412 5.58e-08 0.2002 0.886471 1.07706 0.077062 -2.56315 0.304789 
11 17900 19 1.42338 7.95251e-05 7.02493 0.215404 -2.17426e-07 0.200198 0.886437 1.07702 0.077021 -2.56368 0.306501 
11 18000 19 1.43133 7.95251e-05 7.02493 0.215391 -7.4446e-07 0.200199 0.886384 1.07696 0.0769562 -2.56452 0.308215 
11 18100 19 1.43929 7.95251e-05 7.02493 0.215386 -6.10675e-07 0.200199 0.886361 1.07693 0.0769291 -2.56487 0.309927 
11 18200 20 1.44724 7.95251e-05 7.02493 0.215391 1.07433e-06 0.200199 0.886382 1.07695 0.0769542 -2.56454 0.311639 
11 18300 20 1.45519 7.95251e-05 7.02493 0.215377 1.23963e-07 0.200199 0.886327 1.07689 0.0768867 -2.56542 0.31335 
11 18400 20 1.46314 7.95251e-05 7.02493 0.215402 -1.22259e-06 0.200198 0.886428 1.07701 0.0770094 -2.56383 0.315062 
11 18500 20 1.47109 7.95251e-05 7.02493 0.215404 -3.33409e-06 0.200198 0.886436 1.07702 0.0770203 -2.56369 0.316776 
11 18600 20 1.47905 7.95251e-05 7.02493 0.215386 -1.62008e-06 0.200198 0.886362 1.07693 0.0769301 -2.56486 0.318497 
11 18700 20 1.487 7.95251e-05 7.02493 0.215389 -8.11704e-07 0.200198 0.886376 1.07695 0.0769472 -2.56464 0.320204 
11 18800 20 1.49495 7.95251e-05 7.02493 0.215387 -5.69286e-07 0.200198 0.886365 1.07693 0.076934 -2.56481 0.321915 
11 18900 20 1.5029 7.95251e-05 7.02493 0.215388 -1.82886e-07 0.200198 0.886369 1.07694 0.076938 -2.56476 0.323629 
11 19000 20 1.51086 7.95251e-05 7.02493 0.215393 4.78705e-07 0.200198 0.886391 1.07697 0.0769655 -2.5644 0.325342 
11 19100 20 1.51881 7.95251e-05 7.02493 0.215393 -9.45731e-07 0.200198 0.886391 1.07696 0.076965 -2.5644 0.327055 
11 19200 21 1.52676 7.95251e-05 7.02493 0.215385 -1.32176e-07 0.200199 0.88636 1.07693 0.0769269 -2.5649 0.328767 
11 19300 21 1.53471 7.95251e-05 7.02493 0.215393 -6.99991e-07 0.200198 0.886393 1.07697 0.076967 -2.56438 0.330481 
11 19400 21 1.54266 7.95251e-05 7.02493 0.215393 -1.88781e-07 0.200198 0.886392 1.07697 0.0769666 -2.56438 0.332188 
11 19500 21 1.55062 7.95251e-05 7.02493 0.215382 1.52596e-06 0.200199 0.886344 1.07691 0.0769086 -2.56514 0.333901 
11 19600 21 1.55857 7.95251e-05 7.02493 0.215378 -1.06282e-07 0.200198 0.886328 1.07689 0.076889 -2.56539 0.335614 
11 19700 21 1.56652 7.95251e-05 7.02493 0.215385 -6.67572e-07 0.200197 0.88636 1.07693 0.0769274 -2.56489 0.337325 
11 19800 21 1.57447 7.95251e-05 7.02493 0.215387 -3.7465e-07 0.200198 0.886368 1.07694 0.0769375 -2.56476 0.339036 
11 19900 21 1.58243 7.95251e-05 7.02493 0.215378 5.42593e-08 0.200199 0.886329 1.07689 0.07689 -2.56538 0.340747 
11 20000 21 1.59038 7.95251e-05 7.02493 0.215389 -2.74804e-07 0.200198 0.886373 1.07694 0.0769431 -2.56469 0.34246 
11 20100 21 1.59833 7.95251e-05 7.02493 0.215379 -5.10503e-08 0.200198 0.886331 1.07689 0.0768927 -2.56534 0.344175 
11 20200 22 1.60628 7.95251e-05 7.02493 0.215389 2.45919e-07 0.200197 0.886376 1.07695 0.0769474 -2.56463 0.345892 
11 20300 22 1.61424 7.95251e-05 7.02493 0.215386 5.82606e-06 0.200198 0.886361 1.07693 0.0769286 -2.56488 0.347608 
11 20400 22 1.62219 7.95251e-05 7.02493 0.215389 3.06714e-06 0.200197 0.886374 1.07694 0.0769444 -2.56467 0.349322 
11 20500 22 1.63014 7.95251e-05 7.02493 0.215389 1.1291e-06 0.200197 0.886375 1.07695 0.0769451 -2.56466 0.351039 
11 20600 22 1.63809 7.95251e-05 7.02493 0.215382 5.92078e-07 0.200198 0.886344 1.07691 0.0769084 -2.56514 0.352752 
11 20700 22 1.64605 7.95251e-05 7.02493 0.21538 1.54683e-07 0.200198 0.886336 1.0769 0.0768987 -2.56527 0.354463 
11 20800 22 1.654 7.95251e-05 7.02493 0.21538 -2.90279e-08 0.200198 0.886338 1.0769 0.0769002 -2.56525 0.356174 
11 20900 22 1.66195 7.95251e-05 7.02493 0.215368 -5.9099e-07 0.200198 0.886288 1.07684 0.0768399 -2.56603 0.35788 
11 21000 22 1.6699 7.95251e-05 7.02493 0.215362 -1.97916e-07 0.200199 0.886263 1.07681 0.0768096 -2.56643 0.359593 
11 21100 22 1.67786 7.95251e-05 7.02493 0.215373 -4.39315e-06 0.200197 0.886307 1.07686 0.0768629 -2.56573 0.361309 
11 21200 23 1.68581 7.95251e-05 7.02493 0.215367 -2.75447e-06 0.200196 0.886283 1.07683 0.0768344 -2.5661 0.363021 
11 21300 23 1.69376 7.95251e-05 7.02493 0.215367 -2.1638e-07 0.200198 0.886283 1.07683 0.0768338 -2.56611 0.364731 
11 21400 23 1.70171 7.95251e-05 7.02493 0.215382 -9.13273e-08 0.200198 0.886344 1.07691 0.0769081 -2.56514 0.366441 
11 21500 23 1.70966 7.95251e-05 7.02493 0.215376 -1.95582e-06 0.200198 0.886323 1.07688 0.0768822 -2.56548 0.36815 
11 21600 23 1.71762 7.95251e-05 7.02493 0.215384 -8.29434e-07 0.200198 0.886353 1.07692 0.0769194 -2.565 0.369862 
11 21700 23 1.72557 7.95251e-05 7.02493 0.215388 9.76879e-07 0.200198 0.88637 1.07694 0.0769391 -2.56474 0.371579 
11 21800 23 1.73352 7.95251e-05 7.02493 0.215368 3.66227e-06 0.200198 0.886287 1.07684 0.0768388 -2.56605 0.373294 
11 21900 23 1.74147 7.95251e-05 7.02493 0.215375 2.58032e-06 0.200197 0.886317 1.07688 0.0768754 -2.56557 0.375009 
11 22000 23 1.74943 7.95251e-05 7.02493 0.215378 1.70926e-06 0.200196 0.886329 1.07689 0.0768902 -2.56538 0.376723 
11 22100 23 1.75738 7.95251e-05 7.02493 0.215364 -2.49113e-06 0.200197 0.886272 1.07682 0.07682 -2.56629 0.378441 
11 22200 24 1.76533 7.95251e-05 7.02493 0.215373 -2.74318e-07 0.200197 0.886309 1.07687 0.0768659 -2.56569 0.380156 
11 22300 24 1.77328 7.95251e-05 7.02493 0.215379 -3.45214e-07 0.200196 0.886333 1.07689 0.0768947 -2.56532 0.38187 
11 22400 24 1.78123 7.95251e-05 7.02493 0.215377 -7.76389e-07 0.200196 0.886323 1.07688 0.0768829 -2.56547 0.383582 
11 22500 24 1.78919 7.95251e-05 7.02493 0.215384 -6.8385e-07 0.200196 0.886355 1.07692 0.0769212 -2.56497 0.385293 
11 22600 24 1.79714 7.95251e-05 7.02493 0.215362 -1.74503e-06 0.200198 0.886265 1.07681 0.0768118 -2.5664 0.386999 
11 22700 24 1.80509 7.95251e-05 7.02493 0.215354 -4.06468e-06 0.200198 0.886232 1.07677 0.0767714 -2.56692 0.388709 
11 22800 24 1.81304 7.95251e-05 7.02493 0.215363 -1.86673e-06 0.200198 0.886266 1.07681 0.0768129 -2.56638 0.390424 
11 22900 24 1.821 7.95251e-05 7.02493 0.215366 -4.7441e-07 0.200198 0.88628 1.07683 0.0768301 -2.56616 0.392135 
11 23000 24 1.82895 7.95251e-05 7.02493 0.215363 -3.02637e-07 0.200197 0.886266 1.07681 0.0768137 -2.56637 0.393846 
11 23100 24 1.8369 7.95251e-05 7.02493 0.215371 1.12486e-06 0.200197 0.886302 1.07686 0.076857 -2.56581 0.395555 
11 23200 25 1.84485 7.95251e-05 7.02493 0.215369 5.60303e-06 0.200198 0.886293 1.07685 0.0768456 -2.56596 0.397267 
11 23300 25 1.8528 7.95251e-05 7.02493 0.215361 3.41922e-06 0.200198 0.886261 1.07681 0.0768071 -2.56646 0.398979 
11 23400 25 1.86076 7.95251e-05 7.02493 0.215361 1.68739e-06 0.200197 0.886257 1.0768 0.0768029 -2.56651 0.400692 
11 23500 25 1.86871 7.95251e-05 7.02493 0.21536 1.2608e-06 0.200197 0.886254 1.0768 0.0767988 -2.56657 0.402405 
11 23600 25 1.87666 7.95251e-05 7.02493 0.215363 4.50203e-07 0.200197 0.886267 1.07681 0.0768149 -2.56636 0.404119 
11 23700 25 1.88461 7.95251e-05 7.02493 0.215361 -1.45595e-06 0.200198 0.886261 1.07681 0.076807 -2.56646 0.405836 
11 23800 25 1.89257 7.95251e-05 7.02493 0.215371 -2.50248e-06 0.200196 0.886299 1.07685 0.0768538 -2.56585 0.407551 
11 23900 25 1.90052 7.95251e-05 7.02493 0.215373 4.66139e-06 0.200196 0.88631 1.07687 0.0768668 -2.56568 0.409266 
11 24000 25 1.90847 7.95251e-05 7.02493 0.215366 -2.98106e-06 0.200197 0.886279 1.07683 0.0768286 -2.56618 0.410975 
11 24100 25 1.91642 7.95251e-05 7.02493 0.215363 -4.37506e-06 0.200197 0.886269 1.07682 0.0768166 -2.56633 0.412692 
11 24200 26 1.92437 7.95251e-05 7.02493 0.21535 -9.15153e-06 0.200197 0.886216 1.07675 0.0767523 -2.56717 0.414406 
11 24300 26 1.93233 7.95251e-05 7.02493 0.215351 -5.80776e-06 0.200197 0.88622 1.07676 0.0767568 -2.56711 0.416116 
11 24400 26 1.94028 7.95251e-05 7.02493 0.215356 -8.06146e-06 0.200197 0.886237 1.07678 0.0767778 -2.56684 0.417826 
11 24500 26 1.94823 7.95251e-05 7.02493 0.215356 -8.48099e-06 0.200198 0.886238 1.07678 0.0767795 -2.56682 0.419538 
11 24600 26 1.95618 7.95251e-05 7.02493 0.215362 -2.62034e-06 0.200197 0.886264 1.07681 0.0768112 -2.5664 0.421249 
11 24700 26 1.96414 7.95251e-05 7.02493 0.215365 8.8583e-07 0.200197 0.886276 1.07683 0.0768258 -2.56621 0.422959 
11 24800 26 1.97209 7.95251e-05 7.02493 0.215389 2.36627e-06 0.200197 0.886375 1.07695 0.0769454 -2.56466 0.424669 
11 24900 26 1.98004 7.95251e-05 7.02493 0.215388 5.97449e-06 0.200197 0.88637 1.07694 0.0769391 -2.56474 0.426382 
11 25000 26 1.98799 7.95251e-05 7.02493 0.215377 3.0589e-06 0.200197 0.886326 1.07689 0.0768863 -2.56543 0.428096 
11 25100 26 1.99595 7.95251e-05 7.02493 0.21537 6.64387e-06 0.200197 0.886298 1.07685 0.0768523 -2.56587 0.429809 
11 25200 27 2.0039 7.95251e-05 7.02493 0.215369 2.43553e-06 0.200196 0.886294 1.07685 0.076847 -2.56594 0.431522 
11 25300 27 2.01185 7.95251e-05 7.02493 0.215357 1.985e-06 0.200198 0.886244 1.07679 0.0767861 -2.56673 0.433234 
11 25400 27 2.0198 7.95251e-05 7.02493 0.215356 1.23981e-06 0.200198 0.886238 1.07678 0.0767788 -2.56683 0.43495 
11 25500 27 2.02775 7.95251e-05 7.02493 0.215377 8.78704e-08 0.200197 0.886323 1.07688 0.0768829 -2.56547 0.436668 
11 25600 27 2.03571 7.95251e-05 7.02493 0.215367 -1.74796e-06 0.200196 0.886283 1.07683 0.0768333 -2.56612 0.438382 
11 25700 27 2.04366 7.95251e-05 7.02493 0.215359 -5.56921e-08 0.200197 0.886249 1.07679 0.0767931 -2.56664 0.440095 
11 25800 27 2.05161 7.95251e-05 7.02493 0.215367 -1.20402e-06 0.200197 0.886283 1.07683 0.0768344 -2.5661 0.441808 
11 25900 27 2.05956 7.95251e-05 7.02493 0.215347 1.43438e-07 0.200197 0.886202 1.07673 0.0767349 -2.5674 0.443517 
11 26000 27 2.06752 7.95251e-05 7.02493 0.215353 4.00481e-07 0.200197 0.886227 1.07677 0.0767663 -2.56699 0.445229 
11 26100 27 2.07547 7.95251e-05 7.02493 0.21537 3.25354e-07 0.200196 0.886298 1.07685 0.0768522 -2.56587 0.446945 
11 26200 28 2.08342 7.95251e-05 7.02493 0.215353 -8.49514e-08 0.200197 0.886227 1.07677 0.0767657 -2.567 0.448656 
11 26300 28 2.09137 7.95251e-05 7.02493 0.215357 -1.81545e-07 0.200197 0.886243 1.07679 0.0767852 -2.56674 0.450365 
11 26400 28 2.09932 7.95251e-05 7.02493 0.215356 -2.73823e-07 0.200197 0.88624 1.07678 0.0767818 -2.56679 0.452073 
11 26500 28 2.10728 7.95251e-05 7.02493 0.215366 5.78013e-07 0.200198 0.886279 1.07683 0.0768288 -2.56618 0.453785 
11 26600 28 2.11523 7.95251e-05 7.02493 0.215369 -1.11855e-08 0.200197 0.886294 1.07685 0.0768474 -2.56593 0.455497 
11 26700 28 2.12318 7.95251e-05 7.02493 0.215346 1.59526e-08 0.200197 0.886197 1.07673 0.0767289 -2.56748 0.457211 
11 26800 28 2.13113 7.95251e-05 7.02493 0.215359 5.32522e-07 0.200197 0.88625 1.07679 0.0767936 -2.56663 0.458925 
11 26900 28 2.13909 7.95251e-05 7.02493 0.215364 4.21585e-07 0.200197 0.886271 1.07682 0.0768198 -2.56629 0.460638 
11 27000 28 2.14704 7.95251e-05 7.02493 0.215368 3.43438e-07 0.200196 0.886289 1.07684 0.0768414 -2.56601 0.46235 
11 27100 28 2.15499 7.95251e-05 7.02493 0.215371 3.10576e-07 0.200196 0.886299 1.07685 0.0768536 -2.56585 0.464066 
11 27200 29 2.16294 7.95251e-05 7.02493 0.215372 2.64757e-08 0.200197 0.886304 1.07686 0.0768599 -2.56577 0.465779 
11 27300 29 2.17089 7.95251e-05 7.02493 0.215353 -3.52345e-07 0.200197 0.886226 1.07676 0.076765 -2.56701 0.467482 
11 27400 29 2.17885 7.95251e-05 7.02493 0.215358 -9.17312e-07 0.200197 0.886246 1.07679 0.076789 -2.56669 0.469205 
11 27500 29 2.1868 7.95251e-05 7.02493 0.215364 -7.93678e-07 0.200196 0.886273 1.07682 0.0768219 -2.56627 0.470914 
11 27600 29 2.19475 7.95251e-05 7.02493 0.215352 -6.08313e-06 0.200196 0.886222 1.07676 0.0767592 -2.56708 0.472627 
11 27700 29 2.20271 7.95251e-05 7.02493 0.215362 -2.92699e-06 0.200196 0.886264 1.07681 0.076811 -2.56641 0.474341 
11 27800 29 2.21066 7.95251e-05 7.02493 0.215366 -1.23558e-06 0.200195 0.886278 1.07683 0.0768276 -2.56619 0.476055 
11 27900 29 2.21861 7.95251e-05 7.02493 0.215353 -6.91615e-07 0.200196 0.886227 1.07677 0.0767659 -2.56699 0.477767 
11 28000 29 2.22656 7.95251e-05 7.02493 0.215363 -1.17874e-07 0.200196 0.886269 1.07682 0.0768165 -2.56634 0.479479 
11 28100 29 2.23452 7.95251e-05 7.02493 0.215361 3.57702e-07 0.200198 0.886258 1.0768 0.0768034 -2.56651 0.481191 
11 28200 30 2.24247 7.95251e-05 7.02493 0.215381 -4.73507e-06 0.200197 0.886342 1.07691 0.0769052 -2.56518 0.482902 
11 28300 30 2.25042 7.95251e-05 7.02493 0.215368 -2.15871e-06 0.200198 0.886287 1.07684 0.0768389 -2.56604 0.484615 
11 28400 30 2.25837 7.95251e-05 7.02493 0.215361 -3.49956e-07 0.200198 0.886259 1.0768 0.0768048 -2.56649 0.486328 
11 28500 30 2.26632 7.95251e-05 7.02493 0.215365 2.8947e-06 0.200198 0.886276 1.07683 0.0768252 -2.56622 0.488042 
11 28600 30 2.27428 7.95251e-05 7.02493 0.215363 8.06493e-07 0.200198 0.886266 1.07681 0.0768133 -2.56638 0.489753 
11 28700 30 2.28223 7.95251e-05 7.02493 0.215369 5.53545e-07 0.200196 0.886293 1.07685 0.0768455 -2.56596 0.491471 
11 28800 30 2.29018 7.95251e-05 7.02493 0.215373 -1.39528e-07 0.200198 0.886311 1.07687 0.0768673 -2.56567 0.493182 
11 28900 30 2.29813 7.95251e-05 7.02493 0.215382 -1.02284e-07 0.200197 0.886345 1.07691 0.0769089 -2.56513 0.494894 
11 29000 30 2.30609 7.95251e-05 7.02493 0.215369 1.09132e-07 0.200199 0.886291 1.07684 0.0768437 -2.56598 0.496606 
11 29100 30 2.31404 7.95251e-05 7.02493 0.215365 -1.65569e-06 0.200199 0.886277 1.07683 0.0768271 -2.5662 0.498319 
11 29200 31 2.32199 7.95251e-05 7.02493 0.215363 -2.83861e-06 0.200199 0.886268 1.07682 0.0768157 -2.56635 0.500027 
11 29300 31 2.32994 7.95251e-05 7.02493 0.215356 -1.72066e-06 0.200199 0.886239 1.07678 0.0767808 -2.5668 0.50174 
11 29400 31 2.33789 7.95251e-05 7.02493 0.215374 1.94758e-06 0.200197 0.886314 1.07687 0.076871 -2.56563 0.503456 
11 29500 31 2.34585 7.95251e-05 7.02493 0.21537 9.80851e-06 0.200197 0.886298 1.07685 0.0768522 -2.56587 0.505171 
11 29600 31 2.3538 7.95251e-05 7.02493 0.215367 5.98315e-06 0.200197 0.886282 1.07683 0.076833 -2.56612 0.506883 
11 29700 31 2.36175 7.95251e-05 7.02493 0.215375 1.03943e-06 0.200197 0.886317 1.07688 0.0768756 -2.56557 0.508593 
11 29800 31 2.3697 7.95251e-05 7.02493 0.215399 7.47669e-07 0.200196 0.886415 1.07699 0.0769936 -2.56403 0.510306 
11 29900 31 2.37766 7.95251e-05 7.02493 0.215386 -4.09224e-08 0.200197 0.886361 1.07693 0.0769282 -2.56488 0.512021 
11 30000 31 2.38561 7.95251e-05 7.02493 0.215376 -4.09025e-07 0.200198 0.886322 1.07688 0.0768811 -2.5655 0.513734 
11 30100 31 2.39356 7.95251e-05 7.02493 0.215371 -2.52918e-07 0.200199 0.886302 1.07686 0.0768573 -2.5658 0.515445 
11 30200 32 2.40151 7.95251e-05 7.02493 0.215369 -1.65764e-07 0.200198 0.886293 1.07685 0.0768456 -2.56596 0.517158 
11 30300 32 2.40946 7.95251e-05 7.02493 0.215369 -5.56023e-07 0.200198 0.886291 1.07684 0.076844 -2.56598 0.51887 
11 30400 32 2.41742 7.95251e-05 7.02493 0.215374 -2.00681e-06 0.200198 0.886312 1.07687 0.0768689 -2.56565 0.520586 
11 30500 32 2.42537 7.95251e-05 7.02493 0.215383 -8.0919e-07 0.200198 0.88635 1.07692 0.0769154 -2.56505 0.522299 
11 30600 32 2.43332 7.95251e-05 7.02493 0.215381 1.13618e-06 0.200198 0.886343 1.07691 0.076907 -2.56516 0.524001 
11 30700 32 2.44127 7.95251e-05 7.02493 0.215384 3.66106e-06 0.200197 0.886356 1.07692 0.0769223 -2.56496 0.52572 
11 30800 32 2.44923 7.95251e-05 7.02493 0.215383 2.70268e-07 0.200197 0.886349 1.07691 0.0769145 -2.56506 0.527428 
11 30900 32 2.45718 7.95251e-05 7.02493 0.21538 -3.7188e-06 0.200198 0.886339 1.0769 0.0769023 -2.56522 0.529141 
11 31000 32 2.46513 7.95251e-05 7.02493 0.215364 -2.27057e-06 0.200198 0.88627 1.07682 0.0768178 -2.56632 0.530856 
11 31100 32 2.47308 7.95251e-05 7.02493 0.21536 1.54947e-06 0.200199 0.886257 1.0768 0.0768021 -2.56652 0.532568 
11 31200 33 2.48103 7.95251e-05 7.02493 0.215368 2.96199e-06 0.200198 0.88629 1.07684 0.076842 -2.566 0.534282 
11 31300 33 2.48899 7.95251e-05 7.02493 0.215383 1.1748e-06 0.200198 0.886352 1.07692 0.0769174 -2.56502 0.535995 
11 31400 33 2.49694 7.95251e-05 7.02493 0.215386 -1.60425e-07 0.200197 0.886363 1.07693 0.0769308 -2.56485 0.537706 
11 31500 33 2.50489 7.95251e-05 7.02493 0.215402 -1.68243e-06 0.200198 0.886429 1.07701 0.0770112 -2.5638 0.53942 
11 31600 33 2.51284 7.95251e-05 7.02493 0.215399 -1.68757e-06 0.200197 0.886417 1.077 0.076997 -2.56399 0.541136 
11 31700 33 2.5208 7.95251e-05 7.02493 0.215366 4.38132e-07 0.200199 0.886278 1.07683 0.0768284 -2.56618 0.542852 
11 31800 33 2.52875 7.95251e-05 7.02493 0.215389 5.55442e-07 0.200198 0.886376 1.07695 0.0769469 -2.56464 0.544564 
11 31900 33 2.5367 7.95251e-05 7.02493 0.215395 1.80975e-07 0.200198 0.8864 1.07698 0.0769762 -2.56426 0.546276 
11 32000 33 2.54465 7.95251e-05 7.02493 0.215388 3.1536e-07 0.200198 0.886372 1.07694 0.0769415 -2.56471 0.547988 
11 32100 33 2.55261 7.95251e-05 7.02493 0.21538 -1.61218e-07 0.200197 0.886337 1.0769 0.0769 -2.56525 0.549704 
11 32200 34 2.56056 7.95251e-05 7.02493 0.215394 7.30825e-07 0.200197 0.886396 1.07697 0.076971 -2.56433 0.551417 
11 32300 34 2.56851 7.95251e-05 7.02493 0.21538 1.54e-06 0.200197 0.886337 1.0769 0.0768994 -2.56526 0.553124 
11 32400 34 2.57646 7.95251e-05 7.02493 0.215376 2.4771e-06 0.200198 0.886322 1.07688 0.0768809 -2.5655 0.554839 
11 32500 34 2.58441 7.95251e-05 7.02493 0.215364 -3.26841e-06 0.200199 0.886274 1.07682 0.0768225 -2.56626 0.556547 
11 32600 34 2.59237 7.95251e-05 7.02493 0.215381 -2.10157e-06 0.200199 0.886343 1.07691 0.0769066 -2.56516 0.55826 
11 32700 34 2.60032 7.95251e-05 7.02493 0.215376 -2.47139e-06 0.2002 0.886322 1.07688 0.076881 -2.5655 0.559973 
11 32800 34 2.60827 7.95251e-05 7.02493 0.215381 -1.62339e-06 0.200199 0.886341 1.0769 0.076904 -2.5652 0.561684 
11 32900 34 2.61622 7.95251e-05 7.02493 0.215387 -1.08152e-06 0.200199 0.886365 1.07693 0.0769329 -2.56482 0.563397 
11 33000 34 2.62418 7.95251e-05 7.02493 0.215395 -2.63627e-07 0.200198 0.886401 1.07698 0.0769767 -2.56425 0.56511 
11 33100 34 2.63213 7.95251e-05 7.02493 0.215401 -1.38472e-07 0.200197 0.886422 1.077 0.077003 -2.56391 0.566822 
11 33200 35 2.64008 7.95251e-05 7.02493 0.215415 -5.78377e-07 0.200198 0.886481 1.07707 0.0770748 -2.56298 0.568537 
11 33300 35 2.64803 7.95251e-05 7.02493 0.215404 -2.14535e-06 0.200198 0.886436 1.07702 0.07702 -2.56369 0.570254 
11 33400 35 2.65598 7.95251e-05 7.02493 0.215382 -6.72115e-07 0.200198 0.886344 1.07691 0.0769079 -2.56515 0.571968 
11 33500 35 2.66394 7.95251e-05 7.02493 0.215405 -1.08304e-06 0.200198 0.88644 1.07702 0.0770243 -2.56363 0.573684 
11 33600 35 2.67189 7.95251e-05 7.02493 0.215393 -2.70465e-06 0.200198 0.886392 1.07697 0.0769659 -2.56439 0.575395 
11 33700 35 2.67984 7.95251e-05 7.02493 0.21539 -2.82879e-06 0.200198 0.88638 1.07695 0.0769517 -2.56458 0.577106 
11 33800 35 2.68779 7.95251e-05 7.02493 0.215375 4.93325e-07 0.200199 0.886317 1.07688 0.0768751 -2.56557 0.57882 
11 33900 35 2.69575 7.95251e-05 7.02493 0.215408 2.66943e-06 0.200199 0.886454 1.07704 0.0770416 -2.56341 0.580527 
11 34000 35 2.7037 7.95251e-05 7.02493 0.215387 -1.86262e-06 0.200199 0.886365 1.07693 0.076934 -2.56481 0.582238 
11 34100 35 2.71165 7.95251e-05 7.02493 0.215408 -1.83359e-06 0.200199 0.886455 1.07704 0.0770424 -2.5634 0.583951 
11 34200 35 2.7196 7.95251e-05 7.02493 0.215402 -4.513e-07 0.200198 0.886427 1.07701 0.0770083 -2.56384 0.585663 
11 34300 36 2.72755 7.95251e-05 7.02493 0.215399 9.12811e-07 0.200198 0.886415 1.07699 0.076994 -2.56403 0.587376 
11 34400 36 2.73551 7.95251e-05 7.02493 0.215388 9.98774e-07 0.200198 0.886369 1.07694 0.0769381 -2.56475 0.589094 
11 34500 36 2.74346 7.95251e-05 7.02493 0.21539 2.13747e-06 0.200197 0.886379 1.07695 0.0769503 -2.5646 0.590803 
11 34600 36 2.75141 7.95251e-05 7.02493 0.215394 7.68042e-07 0.200197 0.886393 1.07697 0.0769681 -2.56436 0.592515 
11 34700 36 2.75936 7.95251e-05 7.02493 0.215408 6.8634e-09 0.200197 0.886452 1.07704 0.0770394 -2.56344 0.594227 
11 34800 36 2.76732 7.95251e-05 7.02493 0.215411 1.56432e-06 0.200198 0.886464 1.07705 0.0770536 -2.56325 0.595939 
11 34900 36 2.77527 7.95251e-05 7.02493 0.215419 3.81898e-06 0.200198 0.886497 1.07709 0.0770943 -2.56273 0.597654 
11 35000 36 2.78322 7.95251e-05 7.02493 0.215416 1.58303e-06 0.200197 0.886487 1.07708 0.0770812 -2.5629 0.599371 
11 35100 36 2.79118 7.95251e-05 7.02493 0.215397 5.19448e-07 0.200198 0.886409 1.07699 0.0769874 -2.56411 0.601086 
11 35200 36 2.79913 7.95251e-05 7.02493 0.215414 5.91496e-07 0.200198 0.886477 1.07707 0.0770698 -2.56304 0.602803 
11 35300 37 2.80708 7.95251e-05 7.02493 0.215412 -9.34932e-08 0.200198 0.886469 1.07706 0.0770593 -2.56318 0.604516 
11 35400 37 2.81503 7.95251e-05 7.02493 0.215402 1.43197e-07 0.200198 0.886427 1.07701 0.0770088 -2.56384 0.606234 
11 35500 37 2.82298 7.95251e-05 7.02493 0.2154 -2.51679e-06 0.200199 0.886419 1.077 0.0769994 -2.56396 0.607942 
11 35600 37 2.83094 7.95251e-05 7.02493 0.215411 -1.96767e-06 0.2002 0.886467 1.07706 0.0770573 -2.56321 0.609649 
11 35700 37 2.83889 7.95251e-05 7.02493 0.215402 2.64178e-06 0.2002 0.886427 1.07701 0.0770092 -2.56383 0.61136 
11 35800 37 2.84684 7.95251e-05 7.02493 0.215423 -2.46752e-06 0.200199 0.886516 1.07712 0.077117 -2.56243 0.613072 
11 35900 37 2.85479 7.95251e-05 7.02493 0.215421 -6.723e-07 0.200199 0.886505 1.0771 0.0771038 -2.5626 0.614789 
11 36000 37 2.86275 7.95251e-05 7.02493 0.215417 2.29711e-07 0.200199 0.886491 1.07709 0.0770868 -2.56282 0.616501 
11 36100 37 2.8707 7.95251e-05 7.02493 0.215429 -8.60327e-07 0.200199 0.886541 1.07715 0.0771473 -2.56204 0.618216 
11 36200 37 2.87865 7.95251e-05 7.02493 0.215431 -8.33707e-07 0.200199 0.886547 1.07715 0.0771549 -2.56194 0.619925 
11 36300 38 2.8866 7.95251e-05 7.02493 0.215428 2.13621e-09 0.2002 0.886535 1.07714 0.0771396 -2.56214 0.621636 
11 36400 38 2.89455 7.95251e-05 7.02493 0.215415 1.74116e-08 0.2002 0.886482 1.07708 0.0770761 -2.56296 0.623347 
11 36500 38 2.90251 7.95251e-05 7.02493 0.215423 -5.70568e-07 0.2002 0.886516 1.07712 0.0771174 -2.56243 0.62506 
11 36600 38 2.91046 7.95251e-05 7.02493 0.215427 -2.31068e-08 0.2002 0.886531 1.07714 0.0771352 -2.5622 0.626775 
11 36700 38 2.91841 7.95251e-05 7.02493 0.215431 -1.81814e-06 0.200198 0.886548 1.07716 0.0771562 -2.56192 0.62849 
11 36800 38 2.92636 7.95251e-05 7.02493 0.215425 -1.66101e-06 0.200198 0.886523 1.07713 0.0771255 -2.56232 0.630206 
11 36900 38 2.93432 7.95251e-05 7.02493 0.215444 -2.64526e-07 0.200198 0.886601 1.07722 0.0772208 -2.56109 0.631924 
11 37000 38 2.94227 7.95251e-05 7.02493 0.215448 -1.80974e-07 0.200198 0.886618 1.07724 0.0772403 -2.56083 0.633636 
11 37100 38 2.95022 7.95251e-05 7.02493 0.215433 -2.30803e-07 0.200199 0.886557 1.07717 0.0771671 -2.56178 0.635353 
11 37200 38 2.95817 7.95251e-05 7.02493 0.215431 1.22264e-06 0.200199 0.886547 1.07715 0.077154 -2.56195 0.63707 
11 37300 39 2.96612 7.95251e-05 7.02493 0.215444 4.41418e-07 0.200199 0.8866 1.07722 0.0772186 -2.56111 0.638784 
11 37400 39 2.97408 7.95251e-05 7.02493 0.21543 2.33191e-06 0.200199 0.886545 1.07715 0.0771519 -2.56198 0.640485 
11 37500 39 2.98203 7.95251e-05 7.02493 0.215436 2.28866e-06 0.2002 0.886569 1.07718 0.0771816 -2.56159 0.642197 
11 37600 39 2.98998 7.95251e-05 7.02493 0.215439 1.36448e-06 0.2002 0.88658 1.07719 0.0771944 -2.56143 0.64391 
11 37700 39 2.99793 7.95251e-05 7.02493 0.21545 1.14604e-06 0.2002 0.886625 1.07725 0.0772496 -2.56071 0.645621 
11 37800 39 3.00589 7.95251e-05 7.02493 0.215456 6.57694e-07 0.200199 0.886648 1.07728 0.0772778 -2.56035 0.647334 
11 37900 39 3.01384 7.95251e-05 7.02493 0.215466 7.14103e-07 0.2002 0.886689 1.07733 0.0773276 -2.5597 0.649049 
11 38000 39 3.02179 7.95251e-05 7.02493 0.215446 -1.61961e-07 0.2002 0.886608 1.07723 0.0772284 -2.56099 0.650764 
11 38100 39 3.02974 7.95251e-05 7.02493 0.215453 -2.0831e-06 0.2002 0.88664 1.07727 0.0772671 -2.56049 0.652477 
11 38200 39 3.0377 7.95251e-05 7.02493 0.215459 -1.9143e-06 0.2002 0.886661 1.07729 0.0772931 -2.56015 0.654185 
11 38300 40 3.04565 7.95251e-05 7.02493 0.215459 -9.12011e-07 0.2002 0.886663 1.0773 0.077296 -2.56011 0.655899 
11 38400 40 3.0536 7.95251e-05 7.02493 0.215449 1.65557e-06 0.200201 0.886623 1.07725 0.0772464 -2.56076 0.657612 
11 38500 40 3.06155 7.95251e-05 7.02493 0.215445 -2.44256e-05 0.2002 0.886605 1.07723 0.0772253 -2.56103 0.659329 
11 38600 40 3.0695 7.95251e-05 7.02493 0.21545 -1.88208e-05 0.200201 0.886626 1.07725 0.0772501 -2.56071 0.661044 
11 38700 40 3.07746 7.95251e-05 7.02493 0.215461 -6.89213e-06 0.200199 0.88667 1.0773 0.0773037 -2.56001 0.662761 
11 38800 40 3.08541 7.95251e-05 7.02493 0.215467 -1.81994e-06 0.200199 0.886694 1.07733 0.0773327 -2.55964 0.66448 
11 38900 40 3.09336 7.95251e-05 7.02493 0.215451 5.38006e-07 0.2002 0.886628 1.07725 0.0772536 -2.56066 0.666194 
11 39000 40 3.10131 7.95251e-05 7.02493 0.215475 1.31061e-08 0.200199 0.88673 1.07738 0.0773767 -2.55907 0.667909 
11 39100 40 3.10927 7.95251e-05 7.02493 0.215456 -9.20567e-07 0.200201 0.886649 1.07728 0.0772788 -2.56034 0.669615 
11 39200 40 3.11722 7.95251e-05 7.02493 0.215445 -1.9263e-06 0.200201 0.886605 1.07723 0.0772255 -2.56103 0.671326 
11 39300 41 3.12517 7.95251e-05 7.02493 0.215459 -1.08274e-07 0.2002 0.886663 1.0773 0.0772957 -2.56012 0.673038 
11 39400 41 3.13312 7.95251e-05 7.02493 0.215457 1.06942e-06 0.200201 0.886655 1.07729 0.0772861 -2.56024 0.67475 
11 39500 41 3.14107 7.95251e-05 7.02493 0.21547 3.67924e-06 0.2002 0.886709 1.07735 0.0773518 -2.55939 0.676463 
11 39600 41 3.14903 7.95251e-05 7.02493 0.215476 -1.20466e-07 0.2002 0.886732 1.07738 0.0773792 -2.55904 0.678177 
11 39700 41 3.15698 7.95251e-05 7.02493 0.21547 1.5866e-07 0.2002 0.886708 1.07735 0.07735 -2.55941 0.679891 
11 39800 41 3.16493 7.95251e-05 7.02493 0.215471 -2.57796e-06 0.200201 0.886712 1.07736 0.0773551 -2.55935 0.681602 
11 39900 41 3.17288 7.95251e-05 7.02493 0.215483 -1.20853e-07 0.200201 0.886763 1.07742 0.0774165 -2.55856 0.683314 
11 40000 41 3.18084 7.95251e-05 7.02493 0.215499 -6.52177e-07 0.2002 0.886826 1.07749 0.0774937 -2.55756 0.685029 
11 40100 41 3.18879 7.95251e-05 7.02493 0.215483 -1.57542e-06 0.2002 0.886761 1.07741 0.0774146 -2.55858 0.686742 
11 40200 41 3.19674 7.95251e-05 7.02493 0.215473 -3.86798e-07 0.200201 0.886719 1.07736 0.0773632 -2.55924 0.688457 
11 40300 42 3.20469 7.95251e-05 7.02493 0.215471 3.67085e-07 0.200202 0.886712 1.07736 0.077355 -2.55935 0.690171 
11 40400 42 3.21264 7.95251e-05 7.02493 0.215481 2.70445e-06 0.200201 0.886753 1.0774 0.0774045 -2.55871 0.691886 
11 40500 42 3.2206 7.95251e-05 7.02493 0.215493 3.95637e-06 0.2002 0.886804 1.07747 0.0774673 -2.5579 0.693601 
11 40600 42 3.22855 7.95251e-05 7.02493 0.215485 2.69456e-06 0.2002 0.886771 1.07743 0.0774265 -2.55843 0.695313 
11 40700 42 3.2365 7.95251e-05 7.02493 0.215517 3.18009e-08 0.2002 0.886903 1.07759 0.0775871 -2.55635 0.69703 
11 40800 42 3.24445 7.95251e-05 7.02493 0.215488 1.47765e-06 0.200201 0.886783 1.07744 0.0774412 -2.55824 0.698743 
11 40900 42 3.25241 7.95251e-05 7.02493 0.215497 2.912e-06 0.200201 0.886819 1.07748 0.0774845 -2.55768 0.700458 
11 41000 42 3.26036 7.95251e-05 7.02493 0.215485 3.16566e-06 0.200201 0.886769 1.07742 0.0774248 -2.55845 0.702172 
11 41100 42 3.26831 7.95251e-05 7.02493 0.215492 2.2273e-06 0.200201 0.886798 1.07746 0.0774598 -2.558 0.703883 
11 41200 42 3.27626 7.95251e-05 7.02493 0.215474 -1.44779e-06 0.200201 0.886725 1.07737 0.0773712 -2.55914 0.705599 
11 41300 43 3.28421 7.95251e-05 7.02493 0.215482 -3.21023e-06 0.200202 0.886759 1.07741 0.0774123 -2.55861 0.70731 
11 41400 43 3.29217 7.95251e-05 7.02493 0.215485 -1.14274e-06 0.200201 0.88677 1.07743 0.0774256 -2.55844 0.709024 
11 41500 43 3.30012 7.95251e-05 7.02493 0.215516 -1.7097e-06 0.200201 0.886895 1.07758 0.077578 -2.55647 0.710735 
11 41600 43 3.30807 7.95251e-05 7.02493 0.215514 -1.15858e-06 0.200201 0.88689 1.07757 0.0775711 -2.55656 0.712447 
11 41700 43 3.31602 7.95251e-05 7.02493 0.215508 -1.28996e-06 0.200202 0.886863 1.07754 0.0775386 -2.55698 0.71416 
11 41800 43 3.32398 7.95251e-05 7.02493 0.215509 2.4243e-06 0.2002 0.886868 1.07754 0.077545 -2.5569 0.715877 
11 41900 43 3.33193 7.95251e-05 7.02493 0.215514 1.89988e-07 0.2002 0.886889 1.07757 0.0775698 -2.55658 0.717589 
11 42000 43 3.33988 7.95251e-05 7.02493 0.215497 4.13939e-06 0.200201 0.886818 1.07748 0.0774836 -2.55769 0.719304 
11 42100 43 3.34783 7.95251e-05 7.02493 0.215509 5.16553e-06 0.200201 0.88687 1.07755 0.077547 -2.55687 0.721019 
11 42200 43 3.35579 7.95251e-05 7.02493 0.215522 2.49218e-06 0.200201 0.886922 1.07761 0.0776104 -2.55605 0.722734 
11 42300 44 3.36374 7.95251e-05 7.02493 0.215485 1.59101e-08 0.200202 0.88677 1.07743 0.0774252 -2.55844 0.724447 
11 42400 44 3.37169 7.95251e-05 7.02493 0.215515 -1.55485e-06 0.200201 0.886892 1.07757 0.0775733 -2.55653 0.726159 
11 42500 44 3.37964 7.95251e-05 7.02493 0.215511 -9.32326e-07 0.200201 0.886875 1.07755 0.0775526 -2.5568 0.727875 
11 42600 44 3.3876 7.95251e-05 7.02493 0.215517 2.04103e-07 0.200201 0.886902 1.07759 0.0775857 -2.55637 0.72959 
11 42700 44 3.39555 7.95251e-05 7.02493 0.21552 9.25114e-07 0.200201 0.886915 1.0776 0.0776011 -2.55617 0.731309 
11 42800 44 3.4035 7.95251e-05 7.02493 0.215521 1.1913e-06 0.200201 0.886917 1.0776 0.0776041 -2.55613 0.733023 
11 42900 44 3.41145 7.95251e-05 7.02493 0.215521 -8.01407e-07 0.200202 0.886919 1.07761 0.0776064 -2.55611 0.734737 
11 43000 44 3.41941 7.95251e-05 7.02493 0.215523 -3.01872e-06 0.200202 0.886926 1.07762 0.0776152 -2.55599 0.736447 
11 43100 44 3.42736 7.95251e-05 7.02493 0.215548 2.25369e-06 0.200203 0.887028 1.07774 0.0777392 -2.5544 0.738159 
11 43200 44 3.43531 7.95251e-05 7.02493 0.215538 7.90263e-06 0.200204 0.886988 1.07769 0.07769 -2.55503 0.739869 
11 43300 45 3.44326 7.95251e-05 7.02493 0.215555 4.4866e-07 0.200203 0.887057 1.07777 0.0777738 -2.55395 0.741583 
11 43400 45 3.45121 7.95251e-05 7.02493 0.215566 -1.86299e-06 0.200203 0.887102 1.07783 0.077829 -2.55324 0.743298 
11 43500 45 3.45917 7.95251e-05 7.02493 0.215563 -1.79578e-06 0.200204 0.887091 1.07782 0.0778157 -2.55341 0.745012 
11 43600 45 3.46712 7.95251e-05 7.02493 0.215564 -4.50669e-06 0.200204 0.887093 1.07782 0.0778177 -2.55339 0.746725 
11 43700 45 3.47507 7.95251e-05 7.02493 0.215568 5.2205e-07 0.200204 0.887109 1.07784 0.0778379 -2.55313 0.748438 
11 43800 45 3.48302 7.95251e-05 7.02493 0.215576 -5.05547e-06 0.200204 0.887143 1.07788 0.0778786 -2.5526 0.750152 
11 43900 45 3.49098 7.95251e-05 7.02493 0.215569 -3.94499e-06 0.200205 0.887115 1.07784 0.0778447 -2.55304 0.751866 
11 44000 45 3.49893 7.95251e-05 7.02493 0.215539 -1.2852e-06 0.200204 0.886992 1.07769 0.0776949 -2.55497 0.753585 
11 44100 45 3.50688 7.95251e-05 7.02493 0.215573 1.27458e-06 0.200204 0.887131 1.07786 0.0778646 -2.55278 0.755295 
11 44200 45 3.51483 7.95251e-05 7.02493 0.215573 3.16598e-07 0.200203 0.88713 1.07786 0.0778629 -2.55281 0.757011 
11 44300 46 3.52278 7.95251e-05 7.02493 0.215569 8.47583e-07 0.200203 0.887115 1.07784 0.0778448 -2.55304 0.758727 
11 44400 46 3.53074 7.95251e-05 7.02493 0.215565 -5.86816e-07 0.200204 0.887101 1.07783 0.0778273 -2.55326 0.760445 
11 44500 46 3.53869 7.95251e-05 7.02493 0.215577 -7.978e-07 0.200203 0.887148 1.07789 0.0778851 -2.55252 0.762161 
11 44600 46 3.54664 7.95251e-05 7.02493 0.215574 2.15009e-06 0.200204 0.887135 1.07787 0.077869 -2.55273 0.763877 
11 44700 46 3.55459 7.95251e-05 7.02493 0.215574 2.18526e-06 0.200203 0.887134 1.07787 0.0778678 -2.55274 0.765589 
11 44800 46 3.56255 7.95251e-05 7.02493 0.215599 -1.18428e-06 0.200204 0.887237 1.07799 0.077993 -2.55114 0.767302 
11 44900 46 3.5705 7.95251e-05 7.02493 0.215593 -7.08707e-06 0.200204 0.887213 1.07796 0.0779639 -2.55151 0.769013 
11 45000 46 3.57845 7.95251e-05 7.02493 0.215599 -2.91756e-06 0.200205 0.88724 1.078 0.0779965 -2.55109 0.770725 
11 45100 46 3.5864 7.95251e-05 7.02493 0.215601 -1.00424e-07 0.200203 0.887249 1.07801 0.0780072 -2.55095 0.77244 
11 45200 46 3.59436 7.95251e-05 7.02493 0.215602 -1.61592e-06 0.200203 0.887252 1.07801 0.0780107 -2.55091 0.774156 
11 45300 47 3.60231 7.95251e-05 7.02493 0.215587 1.6065e-06 0.200204 0.88719 1.07794 0.0779362 -2.55186 0.77587 
11 45400 47 3.61026 7.95251e-05 7.02493 0.215598 1.1142e-06 0.200204 0.887233 1.07799 0.077988 -2.5512 0.777586 
11 45500 47 3.61821 7.95251e-05 7.02493 0.215602 -6.90952e-07 0.200204 0.887249 1.07801 0.078008 -2.55094 0.779298 
11 45600 47 3.62616 7.95251e-05 7.02493 0.215604 -1.38968e-06 0.200204 0.887257 1.07802 0.0780176 -2.55082 0.781012 
11 45700 47 3.63412 7.95251e-05 7.02493 0.215607 1.72696e-06 0.200205 0.88727 1.07803 0.0780327 -2.55063 0.782725 
11 45800 47 3.64207 7.95251e-05 7.02493 0.215607 1.82618e-06 0.200206 0.887271 1.07803 0.0780341 -2.55061 0.784438 
11 45900 47 3.65002 7.95251e-05 7.02493 0.215588 8.17965e-07 0.200203 0.887193 1.07794 0.0779394 -2.55182 0.786153 
11 46000 47 3.65797 7.95251e-05 7.02493 0.215571 -3.2152e-06 0.200202 0.887123 1.07785 0.0778544 -2.55291 0.787871 
11 46100 47 3.66593 7.95251e-05 7.02493 0.215575 -4.78298e-06 0.200202 0.887141 1.07788 0.0778759 -2.55264 0.789584 
11 46200 47 3.67388 7.95251e-05 7.02493 0.215595 -1.55981e-06 0.200202 0.887222 1.07797 0.0779742 -2.55138 0.7913 
11 46300 48 3.68183 7.95251e-05 7.02493 0.215574 -1.15286e-06 0.200203 0.887137 1.07787 0.0778719 -2.55269 0.793016 
11 46400 48 3.68978 7.95251e-05 7.02493 0.215584 -1.79185e-06 0.200203 0.887175 1.07792 0.0779178 -2.5521 0.794734 
11 46500 48 3.69773 7.95251e-05 7.02493 0.215601 -4.78979e-07 0.200202 0.887246 1.078 0.0780044 -2.55099 0.796448 
11 46600 48 3.70569 7.95251e-05 7.02493 0.215591 -1.66113e-06 0.200202 0.887206 1.07796 0.0779557 -2.55161 0.798159 
11 46700 48 3.71364 7.95251e-05 7.02493 0.215619 -3.18975e-07 0.200203 0.887319 1.07809 0.0780925 -2.54986 0.799872 
11 46800 48 3.72159 7.95251e-05 7.02493 0.21562 1.17438e-06 0.200202 0.887326 1.0781 0.0781006 -2.54976 0.801586 
11 46900 48 3.72954 7.95251e-05 7.02493 0.215629 -1.0284e-06 0.200202 0.887363 1.07815 0.0781464 -2.54917 0.803301 
11 47000 48 3.7375 7.95251e-05 7.02493 0.215604 1.01815e-06 0.200201 0.887259 1.07802 0.0780198 -2.55079 0.805016 
11 47100 48 3.74545 7.95251e-05 7.02493 0.215619 2.93633e-06 0.200201 0.887322 1.0781 0.0780966 -2.54981 0.806732 
11 47200 48 3.7534 7.95251e-05 7.02493 0.215609 3.42038e-06 0.200202 0.887278 1.07804 0.0780432 -2.55049 0.808445 
11 47300 49 3.76135 7.95251e-05 7.02493 0.21561 4.36748e-06 0.200202 0.887283 1.07805 0.0780489 -2.55042 0.810164 
11 47400 49 3.7693 7.95251e-05 7.02493 0.215631 3.52983e-06 0.200202 0.88737 1.07815 0.078154 -2.54907 0.81187 
11 47500 49 3.77726 7.95251e-05 7.02493 0.215633 1.89424e-06 0.200202 0.88738 1.07817 0.0781667 -2.54891 0.813585 
11 47600 49 3.78521 7.95251e-05 7.02493 0.21564 2.25449e-06 0.200203 0.887409 1.0782 0.0782024 -2.54845 0.8153 
11 47700 49 3.79316 7.95251e-05 7.02493 0.215621 2.56905e-06 0.200203 0.887328 1.0781 0.0781041 -2.54971 0.817015 
11 47800 49 3.80111 7.95251e-05 7.02493 0.215617 2.05316e-06 0.200203 0.887314 1.07809 0.0780862 -2.54994 0.81873 
11 47900 49 3.80907 7.95251e-05 7.02493 0.215636 2.90449e-06 0.200202 0.887392 1.07818 0.0781818 -2.54872 0.820447 
11 48000 49 3.81702 7.95251e-05 7.02493 0.215631 1.12877e-06 0.200203 0.88737 1.07815 0.0781544 -2.54907 0.822163 
11 48100 49 3.82497 7.95251e-05 7.02493 0.215626 1.74385e-07 0.200202 0.88735 1.07813 0.0781297 -2.54939 0.823879 
11 48200 49 3.83292 7.95251e-05 7.02493 0.215616 -1.35527e-06 0.200203 0.887308 1.07808 0.0780793 -2.55003 0.825596 
11 48300 50 3.84087 7.95251e-05 7.02493 0.215642 8.465e-07 0.200203 0.887414 1.07821 0.0782075 -2.54839 0.827312 
11 48400 50 3.84883 7.95251e-05 7.02493 0.215652 3.76205e-06 0.200203 0.887455 1.07826 0.0782581 -2.54774 0.829024 
11 48500 50 3.85678 7.95251e-05 7.02493 0.215663 5.67636e-06 0.200204 0.887502 1.07831 0.0783147 -2.54702 0.830738 
11 48600 50 3.86473 7.95251e-05 7.02493 0.215652 5.94324e-06 0.200204 0.887458 1.07826 0.078261 -2.54771 0.832452 
11 48700 50 3.87268 7.95251e-05 7.02493 0.215647 3.7384e-06 0.200204 0.887436 1.07824 0.078235 -2.54804 0.834165 
11 48800 50 3.88064 7.95251e-05 7.02493 0.215681 -1.88241e-06 0.200202 0.887577 1.07841 0.0784059 -2.54586 0.835883 
11 48900 50 3.88859 7.95251e-05 7.02493 0.215646 -1.35647e-06 0.200203 0.887432 1.07823 0.07823 -2.5481 0.837598 
11 49000 50 3.89654 7.95251e-05 7.02493 0.215652 -2.86671e-06 0.200203 0.887458 1.07826 0.0782621 -2.54769 0.839312 
11 49100 50 3.90449 7.95251e-05 7.02493 0.215643 -3.09804e-06 0.200203 0.88742 1.07821 0.0782148 -2.5483 0.841028 
11 49200 50 3.91245 7.95251e-05 7.02493 0.215648 -1.62023e-06 0.200203 0.887442 1.07824 0.0782423 -2.54795 0.842742 
11 49300 51 3.9204 7.95251e-05 7.02493 0.215666 -6.76325e-07 0.200202 0.887513 1.07833 0.078328 -2.54685 0.844452 
11 49400 51 3.92835 7.95251e-05 7.02493 0.215659 -9.63566e-07 0.200203 0.887484 1.07829 0.0782937 -2.54729 0.846166 
11 49500 51 3.9363 7.95251e-05 7.02493 0.215674 4.7926e-07 0.200203 0.887547 1.07837 0.0783694 -2.54632 0.847882 
11 49600 51 3.94426 7.95251e-05 7.02493 0.215666 8.4789e-07 0.200203 0.887513 1.07833 0.0783289 -2.54684 0.849598 
11 49700 51 3.95221 7.95251e-05 7.02493 0.21568 1.55918e-06 0.200203 0.887571 1.0784 0.0783991 -2.54594 0.851315 
11 49800 51 3.96016 7.95251e-05 7.02493 0.215686 1.24522e-06 0.200202 0.887596 1.07843 0.0784297 -2.54555 0.853034 
11 49900 51 3.96811 7.95251e-05 7.02493 0.215665 1.94156e-06 0.200202 0.887511 1.07833 0.0783254 -2.54688 0.85475 
11 50000 51 3.97607 7.95251e-05 7.02493 0.215668 8.12333e-06 0.200202 0.887521 1.07834 0.0783384 -2.54672 0.856463 
11 50100 51 3.98402 7.95251e-05 7.02493 0.215687 2.4948e-06 0.200203 0.887601 1.07844 0.0784357 -2.54548 0.858181 
11 50200 51 3.99197 7.95251e-05 7.02493 0.215722 1.64608e-06 0.200204 0.887746 1.07861 0.0786109 -2.54325 0.859896 
11 50300 51 3.99992 7.95251e-05 7.02493 0.215705 2.9741e-06 0.200204 0.887675 1.07853 0.0785252 -2.54434 0.86161 
11 50400 52 4.00787 7.95251e-05 7.02493 0.215696 9.02942e-07 0.200204 0.887638 1.07848 0.0784797 -2.54491 0.863323 
11 50500 52 4.01583 7.95251e-05 7.02493 0.215712 2.80404e-07 0.200204 0.887704 1.07856 0.0785601 -2.54389 0.865041 
11 50600 52 4.02378 7.95251e-05 7.02493 0.215701 2.86609e-06 0.200204 0.88766 1.07851 0.0785074 -2.54456 0.866755 
11 50700 52 4.03173 7.95251e-05 7.02493 0.215731 3.92948e-06 0.200203 0.887783 1.07866 0.0786562 -2.54267 0.868469 
11 50800 52 4.03968 7.95251e-05 7.02493 0.215702 2.71337e-06 0.200204 0.887664 1.07851 0.0785119 -2.54451 0.870181 
11 50900 52 4.04764 7.95251e-05 7.02493 0.215719 9.58756e-07 0.200204 0.887733 1.0786 0.0785955 -2.54344 0.871896 
11 51000 52 4.05559 7.95251e-05 7.02493 0.215729 -3.26973e-07 0.200205 0.887775 1.07865 0.0786464 -2.54279 0.873616 
11 51100 52 4.06354 7.95251e-05 7.02493 0.215716 1.08151e-06 0.200205 0.887718 1.07858 0.0785778 -2.54367 0.875326 
11 51200 52 4.07149 7.95251e-05 7.02493 0.215731 1.56665e-07 0.200205 0.887782 1.07866 0.0786551 -2.54268 0.877041 
11 51300 52 4.07945 7.95251e-05 7.02493 0.215712 6.14056e-07 0.200206 0.887705 1.07856 0.0785615 -2.54387 0.878759 
11 51400 53 4.0874 7.95251e-05 7.02493 0.215717 -1.26863e-06 0.200205 0.887726 1.07859 0.0785867 -2.54355 0.880475 
11 51500 53 4.09535 7.95251e-05 7.02493 0.215731 -2.6847e-06 0.200204 0.88778 1.07865 0.0786531 -2.54271 0.882192 
11 51600 53 4.1033 7.95251e-05 7.02493 0.215738 -4.67476e-06 0.200204 0.88781 1.07869 0.0786887 -2.54226 0.883908 
11 51700 53 4.11125 7.95251e-05 7.02493 0.21574 -3.51609e-06 0.200204 0.887819 1.0787 0.0786997 -2.54212 0.885623 
11 51800 53 4.11921 7.95251e-05 7.02493 0.215749 -8.82532e-07 0.200204 0.887854 1.07874 0.0787426 -2.54157 0.88734 
11 51900 53 4.12716 7.95251e-05 7.02493 0.215749 -1.24363e-06 0.200204 0.887855 1.07874 0.0787435 -2.54156 0.889057 
11 52000 53 4.13511 7.95251e-05 7.02493 0.215753 -9.54459e-08 0.200204 0.887873 1.07877 0.0787651 -2.54128 0.890774 
11 52100 53 4.14306 7.95251e-05 7.02493 0.215753 1.10477e-06 0.200205 0.887871 1.07876 0.0787637 -2.5413 0.892488 
11 52200 53 4.15102 7.95251e-05 7.02493 0.215742 -1.70995e-06 0.200205 0.887828 1.07871 0.0787108 -2.54197 0.894205 
11 52300 53 4.15897 7.95251e-05 7.02493 0.215749 2.85157e-06 0.200206 0.887856 1.07874 0.0787447 -2.54154 0.895919 
11 52400 54 4.16692 7.95251e-05 7.02493 0.215756 2.17307e-05 0.200206 0.887887 1.07878 0.0787824 -2.54107 0.897634 
11 52500 54 4.17487 7.95251e-05 7.02493 0.215761 3.0774e-05 0.200205 0.887907 1.07881 0.0788067 -2.54076 0.899349 
11 52600 54 4.18282 7.95251e-05 7.02493 0.215772 2.30966e-05 0.200206 0.887951 1.07886 0.0788607 -2.54007 0.901061 
11 52700 54 4.19078 7.95251e-05 7.02493 0.21577 9.31472e-06 0.200206 0.887941 1.07885 0.0788487 -2.54022 0.902776 
11 52800 54 4.19873 7.95251e-05 7.02493 0.215743 6.16877e-06 0.200204 0.887831 1.07871 0.0787141 -2.54193 0.904491 
11 52900 54 4.20668 7.95251e-05 7.02493 0.215746 2.12674e-06 0.200204 0.887842 1.07873 0.0787275 -2.54176 0.906206 
11 53000 54 4.21463 7.95251e-05 7.02493 0.215756 4.59845e-08 0.200204 0.887886 1.07878 0.0787819 -2.54107 0.907921 
11 53100 54 4.22259 7.95251e-05 7.02493 0.215763 -5.86906e-07 0.200204 0.887912 1.07881 0.0788131 -2.54068 0.909637 
11 53200 54 4.23054 7.95251e-05 7.02493 0.215757 -2.68293e-07 0.200204 0.887887 1.07878 0.0787833 -2.54105 0.911358 
11 53300 54 4.23849 7.95251e-05 7.02493 0.215758 -8.16268e-07 0.200204 0.887894 1.07879 0.0787912 -2.54095 0.913074 
11 53400 55 4.24644 7.95251e-05 7.02493 0.215762 -1.15059e-07 0.200204 0.88791 1.07881 0.078811 -2.5407 0.914788 
11 53500 55 4.25439 7.95251e-05 7.02493 0.21577 4.07914e-07 0.200204 0.887943 1.07885 0.0788512 -2.54019 0.916505 
11 53600 55 4.26235 7.95251e-05 7.02493 0.21578 -3.24431e-07 0.200203 0.887982 1.0789 0.0788982 -2.5396 0.918222 
11 53700 55 4.2703 7.95251e-05 7.02493 0.215788 -2.66435e-07 0.200204 0.888015 1.07894 0.0789384 -2.53909 0.91994 
11 53800 55 4.27825 7.95251e-05 7.02493 0.215782 -2.00208e-07 0.200204 0.887992 1.07891 0.0789103 -2.53944 0.921657 
11 53900 55 4.2862 7.95251e-05 7.02493 0.215764 1.18242e-06 0.200204 0.887917 1.07882 0.0788194 -2.5406 0.923374 
11 54000 55 4.29416 7.95251e-05 7.02493 0.215764 1.38374e-06 0.200203 0.887918 1.07882 0.0788201 -2.54059 0.92509 
11 54100 55 4.30211 7.95251e-05 7.02493 0.21578 -2.59437e-06 0.200203 0.887984 1.0789 0.0789009 -2.53956 0.926805 
11 54200 55 4.31006 7.95251e-05 7.02493 0.215784 -5.65896e-06 0.200203 0.887999 1.07892 0.0789194 -2.53933 0.928519 
11 54300 55 4.31801 7.95251e-05 7.02493 0.215789 -3.61301e-06 0.200204 0.888019 1.07894 0.0789433 -2.53903 0.930231 
11 54400 56 4.32596 7.95251e-05 7.02493 0.215798 -2.40085e-06 0.200203 0.888058 1.07899 0.07899 -2.53843 0.931947 
11 54500 56 4.33392 7.95251e-05 7.02493 0.215804 -6.07969e-06 0.200203 0.888084 1.07902 0.0790225 -2.53802 0.933662 
11 54600 56 4.34187 7.95251e-05 7.02493 0.215787 -1.29134e-06 0.200204 0.888014 1.07894 0.078937 -2.5391 0.935377 
11 54700 56 4.34982 7.95251e-05 7.02493 0.215799 -7.22806e-07 0.200205 0.888061 1.07899 0.0789945 -2.53838 0.937097 
11 54800 56 4.35777 7.95251e-05 7.02493 0.215791 -2.17032e-06 0.200204 0.888031 1.07896 0.0789571 -2.53885 0.938811 
11 54900 56 4.36573 7.95251e-05 7.02493 0.215793 -1.00832e-06 0.200204 0.888038 1.07897 0.078966 -2.53874 0.940524 
11 55000 56 4.37368 7.95251e-05 7.02493 0.215815 1.20927e-06 0.200205 0.888128 1.07907 0.0790749 -2.53736 0.942241 
11 55100 56 4.38163 7.95251e-05 7.02493 0.215791 7.06781e-07 0.200205 0.888028 1.07895 0.0789542 -2.53889 0.94396 
11 55200 56 4.38958 7.95251e-05 7.02493 0.215803 3.3474e-06 0.200204 0.888076 1.07901 0.0790127 -2.53815 0.945676 
11 55300 56 4.39754 7.95251e-05 7.02493 0.215832 3.00624e-06 0.200204 0.888197 1.07916 0.0791596 -2.53629 0.947393 
11 55400 57 4.40549 7.95251e-05 7.02493 0.215827 -7.29776e-07 0.200204 0.888179 1.07914 0.079137 -2.53657 0.94911 
11 55500 57 4.41344 7.95251e-05 7.02493 0.215831 7.98105e-07 0.200204 0.888194 1.07916 0.0791558 -2.53634 0.950829 
11 55600 57 4.42139 7.95251e-05 7.02493 0.215818 1.46214e-06 0.200205 0.888139 1.07909 0.0790889 -2.53718 0.952549 
11 55700 57 4.42934 7.95251e-05 7.02493 0.215842 1.08527e-06 0.200204 0.888239 1.07921 0.0792107 -2.53564 0.954267 
11 55800 57 4.4373 7.95251e-05 7.02493 0.215827 1.31555e-06 0.200205 0.888176 1.07913 0.0791339 -2.53661 0.955978 
11 55900 57 4.44525 7.95251e-05 7.02493 0.215837 -3.42782e-06 0.200206 0.888217 1.07918 0.0791834 -2.53599 0.957693 
11 56000 57 4.4532 7.95251e-05 7.02493 0.215825 4.28979e-06 0.200206 0.888167 1.07912 0.079123 -2.53675 0.959408 
11 56100 57 4.46115 7.95251e-05 7.02493 0.215826 5.29212e-06 0.200205 0.888173 1.07913 0.0791297 -2.53667 0.961123 
11 56200 57 4.46911 7.95251e-05 7.02493 0.215846 1.05204e-05 0.200205 0.888253 1.07923 0.0792279 -2.53543 0.962839 
11 56300 57 4.47706 7.95251e-05 7.02493 0.215841 8.02822e-06 0.200205 0.888236 1.07921 0.0792066 -2.5357 0.964554 
11 56400 58 4.48501 7.95251e-05 7.02493 0.215847 3.25777e-06 0.200205 0.888261 1.07924 0.0792374 -2.53531 0.966275 
11 56500 58 4.49296 7.95251e-05 7.02493 0.215833 3.37248e-06 0.200206 0.888203 1.07917 0.0791664 -2.5362 0.967993 
11 56600 58 4.50092 7.95251e-05 7.02493 0.215844 6.2602e-07 0.200205 0.888249 1.07922 0.0792224 -2.5355 0.969703 
11 56700 58 4.50887 7.95251e-05 7.02493 0.215864 2.72966e-06 0.200205 0.888328 1.07932 0.0793184 -2.53429 0.971419 
