11 0 1 0 1.2574e-05 7.02493 0.22101 0 0.200023 0.909508 1.10505 0.105052 -2.2533 7.50531e-07 
11 100 2 0.00249594 2.51481e-05 7.02493 0.219504 1.04417e-08 0.225381 0.903308 1.09752 0.0975197 -2.3277 0.000551406 
11 200 2 0.00501075 2.51481e-05 7.02493 0.219228 1.20522e-07 0.246788 0.902173 1.09614 0.0961399 -2.34195 0.00110195 
11 300 2 0.00752556 2.51481e-05 7.02493 0.219217 1.37403e-07 0.261315 0.902126 1.09608 0.096083 -2.34254 0.00165333 
11 400 2 0.0100404 2.51481e-05 7.02493 0.219299 8.58615e-08 0.270374 0.902467 1.0965 0.0964972 -2.33824 0.00220514 
11 500 2 0.0125552 2.51481e-05 7.02493 0.219411 8.03708e-08 0.275344 0.902925 1.09705 0.0970535 -2.33249 0.00275647 
11 600 2 0.01507 2.51481e-05 7.02493 0.219515 5.03838e-08 0.277301 0.903353 1.09757 0.0975737 -2.32715 0.00330842 
11 700 2 0.0175848 2.51481e-05 7.02493 0.219608 1.78429e-08 0.277066 0.903737 1.09804 0.0980407 -2.32237 0.00386035 
11 800 2 0.0200996 2.51481e-05 7.02493 0.219682 -4.12744e-08 0.275266 0.90404 1.09841 0.0984087 -2.31863 0.00441276 
11 900 2 0.0226144 2.51481e-05 7.02493 0.219728 -7.47264e-08 0.272385 0.904232 1.09864 0.0986414 -2.31626 0.00496507 
11 1000 2 0.0251292 2.51481e-05 7.02493 0.219757 -4.8016e-08 0.268795 0.904349 1.09878 0.0987841 -2.31482 0.00551767 
11 1100 2 0.027644 2.51481e-05 7.02493 0.219768 -2.42059e-08 0.264775 0.904394 1.09884 0.0988385 -2.31427 0.00607023 
11 1200 2 0.0301588 2.51481e-05 7.02493 0.21977 -2.75977e-08 0.260537 0.904403 1.09885 0.0988492 -2.31416 0.0066229 
11 1300 2 0.0326736 2.51481e-05 7.02493 0.219762 -3.16076e-08 0.256236 0.904372 1.09881 0.0988115 -2.31454 0.00717557 
11 1400 2 0.0351884 2.51481e-05 7.02493 0.21974 -5.57517e-09 0.251976 0.904281 1.0987 0.0987016 -2.31565 0.00772824 
11 1500 2 0.0377032 2.51481e-05 7.02493 0.219718 -9.5986e-09 0.247845 0.904187 1.09859 0.0985878 -2.31681 0.00828067 
11 1600 2 0.040218 2.51481e-05 7.02493 0.21968 -2.06725e-07 0.243891 0.904035 1.0984 0.0984021 -2.31869 0.00883326 
11 1700 2 0.0427328 2.51481e-05 7.02493 0.219636 1.45401e-06 0.240131 0.903851 1.09818 0.0981791 -2.32096 0.00938554 
11 1800 2 0.0452476 2.51481e-05 7.02493 0.219582 -1.67405e-06 0.236586 0.903631 1.09791 0.0979111 -2.3237 0.00993798 
11 1900 2 0.0477625 2.51481e-05 7.02493 0.219524 -3.73273e-06 0.233228 0.903392 1.09762 0.0976209 -2.32666 0.0104897 
11 2000 2 0.0502773 2.51481e-05 7.02493 0.219483 -4.6195e-06 0.230114 0.903222 1.09742 0.0974153 -2.32877 0.0110417 
11 2100 2 0.0527921 2.51481e-05 7.02493 0.219446 -5.22516e-06 0.227252 0.903072 1.09723 0.0972322 -2.33065 0.0115937 
11 2200 2 0.0553069 2.51481e-05 7.02493 0.219407 -7.55634e-06 0.224647 0.902911 1.09704 0.0970366 -2.33267 0.0121455 
11 2300 2 0.0578217 2.51481e-05 7.02493 0.219384 -7.71942e-06 0.222272 0.902817 1.09692 0.0969221 -2.33385 0.0126973 
11 2400 2 0.0603365 2.51481e-05 7.02493 0.219345 -5.17527e-06 0.220114 0.902653 1.09672 0.096724 -2.33589 0.013249 
11 2500 2 0.0628513 2.51481e-05 7.02493 0.219306 -3.63627e-06 0.218144 0.902495 1.09653 0.0965311 -2.33789 0.0138005 
11 2600 2 0.0653661 2.51481e-05 7.02493 0.219258 -3.87103e-06 0.216356 0.902298 1.09629 0.0962922 -2.34037 0.0143518 
11 2700 2 0.0678809 2.51481e-05 7.02493 0.219236 -2.3961e-06 0.214732 0.902206 1.09618 0.0961808 -2.34153 0.014903 
11 2800 2 0.0703957 2.51481e-05 7.02493 0.219179 -6.18853e-07 0.213284 0.901971 1.09589 0.0958942 -2.34451 0.0154543 
11 2900 2 0.0729105 2.51481e-05 7.02493 0.219123 5.10409e-06 0.211972 0.901739 1.09561 0.0956134 -2.34744 0.0160052 
11 3000 2 0.0754253 2.51481e-05 7.02493 0.219087 -5.38085e-07 0.210803 0.901593 1.09544 0.0954355 -2.3493 0.0165565 
11 3100 2 0.0779401 2.51481e-05 7.02493 0.219055 -2.25658e-05 0.209755 0.90146 1.09527 0.0952735 -2.351 0.0171073 
11 3200 3 0.0804527 2.51481e-05 7.02493 0.219054 -2.11871e-05 0.208828 0.901458 1.09527 0.095271 -2.35103 0.0176581 
11 3300 3 0.0829675 2.51481e-05 7.02493 0.219031 -1.74719e-05 0.207987 0.90136 1.09515 0.0951527 -2.35227 0.0182091 
11 3400 3 0.0854823 2.51481e-05 7.02493 0.219017 -2.05021e-05 0.207235 0.901305 1.09509 0.095086 -2.35297 0.0187599 
11 3500 3 0.0879971 2.51481e-05 7.02493 0.218994 -1.74037e-05 0.206568 0.901211 1.09497 0.094971 -2.35418 0.0193111 
11 3600 3 0.0905119 2.51481e-05 7.02493 0.218948 -1.17994e-05 0.20597 0.90102 1.09474 0.0947391 -2.35663 0.0198615 
11 3700 3 0.0930267 2.51481e-05 7.02493 0.218938 1.83901e-06 0.205465 0.900978 1.09469 0.0946889 -2.35716 0.0204123 
11 3800 3 0.0955415 2.51481e-05 7.02493 0.218894 2.24865e-05 0.205 0.900798 1.09447 0.0944691 -2.35948 0.0209625 
11 3900 3 0.0980563 2.51481e-05 7.02493 0.218836 1.9022e-05 0.204598 0.900559 1.09418 0.0941797 -2.36255 0.0215126 
11 4000 3 0.100571 2.51481e-05 7.02493 0.218749 1.28069e-05 0.204233 0.900203 1.09375 0.0937471 -2.36715 0.0220628 
11 4100 3 0.103086 2.51481e-05 7.02493 0.218702 1.61758e-05 0.203921 0.900007 1.09351 0.0935087 -2.3697 0.022613 
11 4200 3 0.105601 2.51481e-05 7.02493 0.218631 3.92225e-06 0.203624 0.899715 1.09315 0.0931533 -2.37351 0.0231629 
11 4300 3 0.108116 2.51481e-05 7.02493 0.218576 -4.12706e-06 0.203357 0.899488 1.09288 0.0928782 -2.37647 0.0237127 
11 4400 3 0.11063 2.51481e-05 7.02493 0.218541 -6.79746e-06 0.203123 0.899344 1.0927 0.0927027 -2.37836 0.0242623 
11 4500 3 0.113145 2.51481e-05 7.02493 0.218513 -1.72587e-05 0.202911 0.899229 1.09256 0.0925629 -2.37987 0.024812 
11 4600 3 0.11566 2.51481e-05 7.02493 0.218485 -1.18133e-05 0.202725 0.899116 1.09243 0.092426 -2.38135 0.0253612 
11 4700 3 0.118175 2.51481e-05 7.02493 0.21846 -8.10701e-06 0.202558 0.899011 1.0923 0.092298 -2.38273 0.0259111 
11 4800 3 0.12069 2.51481e-05 7.02493 0.218447 -2.26341e-05 0.202401 0.898957 1.09223 0.0922333 -2.38343 0.0264603 
11 4900 3 0.123204 2.51481e-05 7.02493 0.218435 -4.51681e-05 0.202259 0.898909 1.09217 0.0921743 -2.38407 0.02701 
11 5000 3 0.125719 2.51481e-05 7.02493 0.218419 -4.74082e-05 0.202137 0.898844 1.0921 0.0920957 -2.38493 0.0275588 
11 5100 3 0.128234 2.51481e-05 7.02493 0.218407 -4.56119e-05 0.202034 0.898794 1.09204 0.0920351 -2.38559 0.0281082 
11 5200 3 0.130749 2.51481e-05 7.02493 0.218393 -4.62553e-05 0.201941 0.898737 1.09197 0.091966 -2.38634 0.0286578 
11 5300 3 0.133264 2.51481e-05 7.02493 0.218368 -3.68082e-05 0.201865 0.898632 1.09184 0.0918379 -2.38773 0.0292067 
11 5400 3 0.135778 2.51481e-05 7.02493 0.218364 -2.35821e-05 0.201798 0.898618 1.09182 0.0918207 -2.38792 0.0297563 
11 5500 3 0.138293 2.51481e-05 7.02493 0.218352 -2.04168e-05 0.201731 0.898566 1.09176 0.0917581 -2.3886 0.0303055 
11 5600 3 0.140808 2.51481e-05 7.02493 0.218347 -2.19034e-05 0.201676 0.898549 1.09174 0.0917365 -2.38884 0.0308545 
11 5700 3 0.143323 2.51481e-05 7.02493 0.21834 -2.70387e-05 0.201625 0.89852 1.0917 0.0917016 -2.38922 0.031404 
11 5800 3 0.145838 2.51481e-05 7.02493 0.218332 -3.99817e-05 0.20158 0.898485 1.09166 0.091659 -2.38968 0.031953 
11 5900 3 0.148352 2.51481e-05 7.02493 0.218317 -6.17063e-05 0.201536 0.898422 1.09158 0.0915832 -2.39051 0.0325022 
11 6000 3 0.150867 2.51481e-05 7.02493 0.218287 -6.00639e-05 0.201494 0.898299 1.09143 0.0914334 -2.39214 0.0330506 
11 6100 3 0.153382 2.51481e-05 7.02493 0.218263 -6.20086e-05 0.201459 0.8982 1.09131 0.0913133 -2.39346 0.0335997 
11 6200 3 0.155897 2.51481e-05 7.02493 0.218277 -7.45734e-05 0.201422 0.89826 1.09139 0.0913855 -2.39267 0.0341487 
11 6300 3 0.158412 2.51481e-05 7.02493 0.218276 -0.000102784 0.20139 0.898255 1.09138 0.0913801 -2.39273 0.0346973 
11 6400 4 0.160905 2.51481e-05 7.02493 0.21827 -7.93794e-05 0.20136 0.89823 1.09135 0.0913499 -2.39306 0.0352464 
11 6500 4 0.16342 2.51481e-05 7.02493 0.218233 -7.48196e-05 0.201335 0.898078 1.09116 0.0911645 -2.39509 0.0357956 
11 6600 4 0.165935 2.51481e-05 7.02493 0.218173 -7.03722e-05 0.20131 0.89783 1.09086 0.0908629 -2.3984 0.0363443 
11 6700 4 0.16845 2.51481e-05 7.02493 0.218149 -8.56778e-05 0.201286 0.897731 1.09074 0.0907426 -2.39973 0.0368927 
11 6800 4 0.170965 2.51481e-05 7.02493 0.218114 -7.47236e-05 0.201261 0.89759 1.09057 0.0905716 -2.40161 0.0374416 
11 6900 4 0.173479 2.51481e-05 7.02493 0.21806 -5.66193e-05 0.20124 0.897365 1.0903 0.0902985 -2.40463 0.0379898 
11 7000 4 0.175994 2.51481e-05 7.02493 0.218012 -5.52653e-05 0.201223 0.897168 1.09006 0.0900597 -2.40728 0.0385389 
11 7100 4 0.178509 2.51481e-05 7.02493 0.217938 -5.39202e-05 0.20121 0.896865 1.08969 0.0896913 -2.41138 0.0390866 
11 7200 4 0.181024 2.51481e-05 7.02493 0.217902 -6.78239e-05 0.201188 0.896717 1.08951 0.0895113 -2.41339 0.0396347 
11 7300 4 0.183539 2.51481e-05 7.02493 0.217894 -2.97667e-05 0.201164 0.896683 1.08947 0.0894695 -2.41386 0.0401827 
11 7400 4 0.186053 2.51481e-05 7.02493 0.217899 -8.85429e-06 0.20115 0.896706 1.0895 0.0894973 -2.41355 0.0407307 
11 7500 4 0.188568 2.51481e-05 7.02493 0.217883 3.88441e-05 0.201139 0.896636 1.08941 0.0894128 -2.41449 0.0412788 
11 7600 4 0.191083 2.51481e-05 7.02493 0.217829 3.82166e-05 0.201126 0.896417 1.08915 0.0891462 -2.41748 0.0418267 
11 7700 4 0.193598 2.51481e-05 7.02493 0.217801 3.47834e-05 0.20111 0.896302 1.08901 0.0890068 -2.41904 0.0423744 
11 7800 4 0.196113 2.51481e-05 7.02493 0.217777 2.60397e-05 0.201098 0.896201 1.08888 0.0888845 -2.42042 0.0429221 
11 7900 4 0.198627 2.51481e-05 7.02493 0.217773 6.75086e-05 0.201081 0.896187 1.08887 0.088867 -2.42061 0.0434702 
11 8000 4 0.201142 2.51481e-05 7.02493 0.217758 5.50505e-05 0.201066 0.896125 1.08879 0.0887918 -2.42146 0.0440179 
11 8100 4 0.203657 2.51481e-05 7.02493 0.217737 4.04838e-05 0.201047 0.896037 1.08868 0.0886848 -2.42267 0.0445658 
11 8200 4 0.206172 2.51481e-05 7.02493 0.217716 2.11627e-05 0.201031 0.895949 1.08858 0.0885784 -2.42387 0.0451129 
11 8300 4 0.208687 2.51481e-05 7.02493 0.217694 4.09628e-05 0.201018 0.89586 1.08847 0.0884699 -2.42509 0.0456606 
11 8400 4 0.211201 2.51481e-05 7.02493 0.217681 6.63054e-05 0.201009 0.895806 1.0884 0.0884039 -2.42584 0.0462083 
11 8500 4 0.213716 2.51481e-05 7.02493 0.217661 3.4901e-05 0.201002 0.895725 1.08831 0.088306 -2.42695 0.046755 
11 8600 4 0.216231 2.51481e-05 7.02493 0.217639 4.1618e-07 0.200988 0.895635 1.0882 0.0881963 -2.42819 0.0473022 
11 8700 4 0.218746 2.51481e-05 7.02493 0.217606 6.01145e-06 0.20098 0.8955 1.08803 0.0880325 -2.43005 0.0478503 
11 8800 4 0.221261 2.51481e-05 7.02493 0.217573 6.00197e-05 0.200969 0.895361 1.08786 0.0878632 -2.43197 0.048398 
11 8900 4 0.223775 2.51481e-05 7.02493 0.217552 8.19121e-05 0.200961 0.895277 1.08776 0.0877616 -2.43313 0.0489448 
11 9000 4 0.22629 2.51481e-05 7.02493 0.217538 7.64512e-05 0.200953 0.895219 1.08769 0.0876912 -2.43393 0.0494923 
11 9100 4 0.228805 2.51481e-05 7.02493 0.217516 5.71101e-05 0.20095 0.895126 1.08758 0.0875784 -2.43522 0.0500392 
11 9200 4 0.23132 2.51481e-05 7.02493 0.21746 6.09707e-05 0.200942 0.894895 1.0873 0.0872978 -2.43843 0.0505861 
11 9300 4 0.233835 2.51481e-05 7.02493 0.217442 8.19361e-05 0.200932 0.894825 1.08721 0.0872124 -2.43941 0.0511334 
11 9400 4 0.23635 2.51481e-05 7.02493 0.217462 7.23371e-05 0.200918 0.894904 1.08731 0.0873085 -2.43831 0.05168 
11 9500 4 0.238864 2.51481e-05 7.02493 0.217445 4.89171e-05 0.200912 0.894833 1.08722 0.0872225 -2.43929 0.0522268 
11 9600 5 0.241358 2.51481e-05 7.02493 0.217415 1.83844e-05 0.200907 0.89471 1.08707 0.087073 -2.44101 0.0527737 
11 9700 5 0.243873 2.51481e-05 7.02493 0.217377 -5.69322e-05 0.2009 0.894554 1.08688 0.0868826 -2.4432 0.05332 
11 9800 5 0.246388 2.51481e-05 7.02493 0.217358 -9.35418e-05 0.200894 0.894478 1.08679 0.0867908 -2.44426 0.0538662 
11 9900 5 0.248902 2.51481e-05 7.02493 0.217339 -0.000140775 0.200892 0.894399 1.0867 0.0866953 -2.44536 0.0544135 
11 10000 5 0.251417 2.51481e-05 7.02493 0.217319 -0.000157736 0.20089 0.894315 1.08659 0.0865927 -2.44654 0.05496 
11 10100 5 0.253932 2.51481e-05 7.02493 0.217332 -0.000127178 0.200882 0.894372 1.08666 0.0866617 -2.44574 0.0555073 
11 10200 5 0.256447 2.51481e-05 7.02493 0.217313 -0.000101983 0.200877 0.894291 1.08656 0.0865637 -2.44688 0.0560533 
11 10300 5 0.258962 2.51481e-05 7.02493 0.21725 -7.13736e-05 0.200868 0.894034 1.08625 0.0862508 -2.4505 0.0566002 
11 10400 5 0.261476 2.51481e-05 7.02493 0.217164 -6.14587e-05 0.200866 0.893679 1.08582 0.0858205 -2.4555 0.0571466 
11 10500 5 0.263991 2.51481e-05 7.02493 0.217098 -1.86882e-05 0.200858 0.893409 1.08549 0.0854921 -2.45933 0.0576926 
11 10600 5 0.266506 2.51481e-05 7.02493 0.217085 -1.42062e-05 0.200855 0.893355 1.08543 0.0854259 -2.46011 0.0582384 
11 10700 5 0.269021 2.51481e-05 7.02493 0.217068 1.04312e-05 0.200851 0.893286 1.08534 0.0853423 -2.46108 0.058785 
11 10800 5 0.271536 2.51481e-05 7.02493 0.21705 -3.9522e-07 0.200846 0.893208 1.08525 0.085248 -2.46219 0.0593307 
11 10900 5 0.27405 2.51481e-05 7.02493 0.217028 2.25495e-05 0.200838 0.893121 1.08514 0.0851418 -2.46344 0.0598767 
11 11000 5 0.276565 2.51481e-05 7.02493 0.217004 8.04252e-05 0.200828 0.893022 1.08502 0.0850215 -2.46485 0.0604223 
11 11100 5 0.27908 2.51481e-05 7.02493 0.217 8.08672e-05 0.200821 0.893003 1.085 0.0849983 -2.46512 0.060968 
11 11200 5 0.281595 2.51481e-05 7.02493 0.217011 8.62037e-05 0.200815 0.893048 1.08505 0.0850529 -2.46448 0.0615141 
11 11300 5 0.28411 2.51481e-05 7.02493 0.217012 0.000118132 0.200809 0.893052 1.08506 0.0850583 -2.46442 0.0620598 
11 11400 5 0.286625 2.51481e-05 7.02493 0.216992 0.000132224 0.200806 0.89297 1.08496 0.0849587 -2.46559 0.0626056 
11 11500 5 0.289139 2.51481e-05 7.02493 0.216977 0.000131835 0.200801 0.892908 1.08488 0.084883 -2.46648 0.0631518 
11 11600 5 0.291654 2.51481e-05 7.02493 0.216945 0.00014317 0.200801 0.892776 1.08472 0.0847226 -2.46837 0.0636971 
11 11700 5 0.294169 2.51481e-05 7.02493 0.216923 0.000143674 0.200802 0.892689 1.08462 0.0846171 -2.46962 0.0642433 
11 11800 5 0.296684 2.51481e-05 7.02493 0.216878 0.000106317 0.200804 0.892504 1.08439 0.084392 -2.47228 0.0647889 
11 11900 5 0.299199 2.51481e-05 7.02493 0.216833 0.000102229 0.200801 0.892317 1.08417 0.0841657 -2.47497 0.0653346 
11 12000 5 0.301713 2.51481e-05 7.02493 0.216814 8.97046e-05 0.200796 0.892239 1.08407 0.0840705 -2.4761 0.0658802 
11 12100 5 0.304228 2.51481e-05 7.02493 0.216808 0.000123918 0.2008 0.892215 1.08404 0.0840416 -2.47644 0.0664254 
11 12200 5 0.306743 2.51481e-05 7.02493 0.216764 0.000119683 0.200797 0.892031 1.08382 0.0838176 -2.47911 0.0669706 
11 12300 5 0.309258 2.51481e-05 7.02493 0.216747 9.73389e-05 0.200794 0.891964 1.08374 0.0837365 -2.48008 0.0675159 
11 12400 5 0.311773 2.51481e-05 7.02493 0.216777 0.000105914 0.200788 0.892088 1.08389 0.0838869 -2.47829 0.0680609 
11 12500 5 0.314287 2.51481e-05 7.02493 0.216806 0.000103817 0.20078 0.892206 1.08403 0.0840302 -2.47658 0.0686061 
11 12600 5 0.316802 2.51481e-05 7.02493 0.216814 0.000106995 0.200777 0.892239 1.08407 0.0840706 -2.4761 0.0691515 
11 12700 5 0.319317 2.51481e-05 7.02493 0.216791 0.000112712 0.200774 0.892143 1.08395 0.0839533 -2.47749 0.0696968 
11 12800 6 0.321811 2.51481e-05 7.02493 0.216785 8.55926e-05 0.200771 0.892119 1.08392 0.0839248 -2.47783 0.0702425 
11 12900 6 0.324325 2.51481e-05 7.02493 0.216749 7.48483e-05 0.200768 0.891973 1.08375 0.0837466 -2.47996 0.0707876 
11 13000 6 0.32684 2.51481e-05 7.02493 0.216704 6.91685e-05 0.200768 0.891785 1.08352 0.0835194 -2.48268 0.0713328 
11 13100 6 0.329355 2.51481e-05 7.02493 0.21665 6.95657e-05 0.20077 0.891566 1.08325 0.0832521 -2.48588 0.0718779 
11 13200 6 0.33187 2.51481e-05 7.02493 0.216612 8.61056e-05 0.200771 0.891407 1.08306 0.0830597 -2.4882 0.0724227 
11 13300 6 0.334385 2.51481e-05 7.02493 0.216581 5.69923e-05 0.200768 0.891278 1.0829 0.0829033 -2.49008 0.0729674 
11 13400 6 0.336899 2.51481e-05 7.02493 0.216581 3.12634e-05 0.20076 0.891281 1.08291 0.0829064 -2.49004 0.0735123 
11 13500 6 0.339414 2.51481e-05 7.02493 0.216632 3.84375e-05 0.200751 0.891488 1.08316 0.0831584 -2.48701 0.074057 
11 13600 6 0.341929 2.51481e-05 7.02493 0.216678 4.40549e-05 0.200744 0.891679 1.08339 0.0833894 -2.48423 0.0746019 
11 13700 6 0.344444 2.51481e-05 7.02493 0.216685 7.02986e-05 0.200743 0.891709 1.08343 0.0834265 -2.48379 0.075147 
11 13800 6 0.346959 2.51481e-05 7.02493 0.216654 8.06756e-05 0.200742 0.89158 1.08327 0.0832691 -2.48568 0.0756919 
11 13900 6 0.349474 2.51481e-05 7.02493 0.216616 7.98378e-05 0.20074 0.891424 1.08308 0.08308 -2.48795 0.0762368 
11 14000 6 0.351988 2.51481e-05 7.02493 0.216597 7.30185e-05 0.20074 0.891345 1.08298 0.0829838 -2.48911 0.0767816 
11 14100 6 0.354503 2.51481e-05 7.02493 0.216596 6.89043e-05 0.200735 0.891343 1.08298 0.0829813 -2.48914 0.0773261 
11 14200 6 0.357018 2.51481e-05 7.02493 0.21656 3.7941e-05 0.200732 0.891195 1.0828 0.0828023 -2.4913 0.077871 
11 14300 6 0.359533 2.51481e-05 7.02493 0.216497 -3.01862e-05 0.200734 0.890935 1.08249 0.0824856 -2.49513 0.0784158 
11 14400 6 0.362048 2.51481e-05 7.02493 0.216437 -5.25029e-05 0.200738 0.890686 1.08218 0.082183 -2.49881 0.0789603 
11 14500 6 0.364562 2.51481e-05 7.02493 0.216393 -3.81231e-05 0.200736 0.890506 1.08197 0.0819652 -2.50146 0.0795048 
11 14600 6 0.367077 2.51481e-05 7.02493 0.216424 -6.60711e-05 0.200731 0.890632 1.08212 0.0821182 -2.4996 0.0800491 
11 14700 6 0.369592 2.51481e-05 7.02493 0.21642 -3.46522e-05 0.20073 0.890617 1.0821 0.0820994 -2.49982 0.0805932 
11 14800 6 0.372107 2.51481e-05 7.02493 0.216386 -2.82363e-05 0.200731 0.890478 1.08193 0.0819308 -2.50188 0.0811375 
11 14900 6 0.374622 2.51481e-05 7.02493 0.216344 5.6278e-07 0.200734 0.890303 1.08172 0.0817176 -2.50449 0.0816815 
11 15000 6 0.377136 2.51481e-05 7.02493 0.216296 2.05968e-05 0.200735 0.890108 1.08148 0.0814813 -2.50738 0.0822257 
11 15100 6 0.379651 2.51481e-05 7.02493 0.216273 1.13762e-05 0.200733 0.890011 1.08136 0.0813633 -2.50883 0.0827702 
11 15200 6 0.382166 2.51481e-05 7.02493 0.216279 3.41136e-05 0.200726 0.890036 1.08139 0.0813936 -2.50846 0.0833142 
11 15300 6 0.384681 2.51481e-05 7.02493 0.216299 3.14934e-05 0.200723 0.890118 1.08149 0.0814936 -2.50723 0.0838583 
11 15400 6 0.387196 2.51481e-05 7.02493 0.216273 5.44929e-05 0.200722 0.890013 1.08137 0.0813664 -2.50879 0.0844019 
11 15500 6 0.38971 2.51481e-05 7.02493 0.216238 5.53316e-05 0.200721 0.889868 1.08119 0.08119 -2.51096 0.0849458 
11 15600 6 0.392225 2.51481e-05 7.02493 0.216198 1.71445e-05 0.200719 0.889703 1.08099 0.0809887 -2.51345 0.0854897 
11 15700 6 0.39474 2.51481e-05 7.02493 0.216217 2.38952e-05 0.200718 0.889781 1.08108 0.0810842 -2.51227 0.0860336 
11 15800 6 0.397255 2.51481e-05 7.02493 0.216204 2.7533e-05 0.200716 0.889727 1.08102 0.0810186 -2.51308 0.0865776 
11 15900 6 0.39977 2.51481e-05 7.02493 0.216181 1.58998e-05 0.200718 0.889632 1.0809 0.080903 -2.5145 0.0871215 
11 16000 7 0.402263 2.51481e-05 7.02493 0.216154 4.13342e-06 0.200717 0.889524 1.08077 0.0807716 -2.51613 0.0876649 
11 16100 7 0.404778 2.51481e-05 7.02493 0.216133 9.21883e-06 0.200714 0.889438 1.08067 0.0806668 -2.51743 0.0882087 
11 16200 7 0.407293 2.51481e-05 7.02493 0.216137 5.81019e-05 0.200709 0.889451 1.08068 0.0806832 -2.51722 0.0887522 
11 16300 7 0.409808 2.51481e-05 7.02493 0.216164 0.000106773 0.200703 0.889563 1.08082 0.0808185 -2.51555 0.0892963 
11 16400 7 0.412323 2.51481e-05 7.02493 0.216222 0.000130361 0.200696 0.889801 1.08111 0.0811078 -2.51198 0.0898398 
11 16500 7 0.414837 2.51481e-05 7.02493 0.216239 0.000162947 0.200693 0.889874 1.0812 0.0811964 -2.51088 0.090384 
11 16600 7 0.417352 2.51481e-05 7.02493 0.216195 0.000159845 0.200695 0.889693 1.08098 0.0809774 -2.51359 0.0909284 
11 16700 7 0.419867 2.51481e-05 7.02493 0.2162 0.000141638 0.200693 0.889713 1.081 0.0810015 -2.51329 0.0914715 
11 16800 7 0.422382 2.51481e-05 7.02493 0.216189 0.000114411 0.200691 0.889666 1.08094 0.0809446 -2.51399 0.092015 
11 16900 7 0.424897 2.51481e-05 7.02493 0.216178 0.000123557 0.200691 0.889621 1.08089 0.0808891 -2.51468 0.0925587 
11 17000 7 0.427411 2.51481e-05 7.02493 0.216119 0.000136604 0.200696 0.889381 1.0806 0.0805973 -2.51829 0.0931026 
11 17100 7 0.429926 2.51481e-05 7.02493 0.216043 0.000113929 0.200698 0.889068 1.08022 0.0802172 -2.52302 0.0936456 
11 17200 7 0.432441 2.51481e-05 7.02493 0.215975 4.81967e-05 0.200701 0.888785 1.07987 0.0798732 -2.52731 0.0941894 
11 17300 7 0.434956 2.51481e-05 7.02493 0.215955 6.17422e-05 0.200695 0.888706 1.07978 0.0797773 -2.52852 0.0947326 
11 17400 7 0.437471 2.51481e-05 7.02493 0.215973 5.3238e-05 0.200692 0.888778 1.07986 0.0798648 -2.52742 0.0952756 
11 17500 7 0.439985 2.51481e-05 7.02493 0.215945 2.35925e-05 0.200696 0.888663 1.07972 0.079725 -2.52917 0.0958187 
11 17600 7 0.4425 2.51481e-05 7.02493 0.2159 -6.12734e-06 0.200699 0.888476 1.0795 0.0794978 -2.53203 0.0963618 
11 17700 7 0.445015 2.51481e-05 7.02493 0.215878 1.36793e-05 0.200698 0.888386 1.07939 0.0793889 -2.5334 0.0969052 
11 17800 7 0.44753 2.51481e-05 7.02493 0.215872 2.59721e-06 0.200694 0.888363 1.07936 0.0793608 -2.53375 0.0974479 
11 17900 7 0.450045 2.51481e-05 7.02493 0.215871 -2.74684e-05 0.200693 0.888356 1.07935 0.0793529 -2.53385 0.0979911 
11 18000 7 0.452559 2.51481e-05 7.02493 0.215909 -4.0821e-05 0.200685 0.888516 1.07955 0.0795466 -2.53141 0.0985338 
11 18100 7 0.455074 2.51481e-05 7.02493 0.215932 -9.72414e-05 0.200684 0.888611 1.07966 0.0796619 -2.52996 0.0990768 
11 18200 7 0.457589 2.51481e-05 7.02493 0.215936 -0.000102851 0.200683 0.888626 1.07968 0.07968 -2.52974 0.0996201 
11 18300 7 0.460104 2.51481e-05 7.02493 0.215946 -9.02242e-05 0.200683 0.888666 1.07973 0.0797293 -2.52912 0.100163 
11 18400 7 0.462619 2.51481e-05 7.02493 0.215946 -7.96799e-05 0.200682 0.888667 1.07973 0.0797308 -2.5291 0.100706 
11 18500 7 0.465133 2.51481e-05 7.02493 0.215908 -9.11022e-05 0.200682 0.888509 1.07954 0.0795388 -2.53151 0.10125 
11 18600 7 0.467648 2.51481e-05 7.02493 0.2159 -0.000111166 0.200683 0.888479 1.0795 0.0795019 -2.53197 0.101792 
11 18700 7 0.470163 2.51481e-05 7.02493 0.215859 -9.61087e-05 0.200684 0.888307 1.07929 0.0792928 -2.53461 0.102335 
11 18800 7 0.472678 2.51481e-05 7.02493 0.215812 -7.42893e-05 0.200684 0.888114 1.07906 0.0790589 -2.53756 0.102878 
11 18900 7 0.475193 2.51481e-05 7.02493 0.215831 -3.90985e-05 0.200678 0.888194 1.07916 0.0791558 -2.53634 0.103421 
11 19000 7 0.477708 2.51481e-05 7.02493 0.215872 6.31268e-06 0.200672 0.888364 1.07936 0.0793619 -2.53374 0.103964 
11 19100 8 0.480201 2.51481e-05 7.02493 0.215865 1.58256e-05 0.200668 0.888334 1.07933 0.0793256 -2.53419 0.104507 
11 19200 8 0.482716 2.51481e-05 7.02493 0.21587 2.40322e-05 0.200667 0.888355 1.07935 0.0793519 -2.53386 0.10505 
11 19300 8 0.485231 2.51481e-05 7.02493 0.21586 -1.75375e-05 0.200665 0.888312 1.0793 0.0792988 -2.53453 0.105593 
11 19400 8 0.487746 2.51481e-05 7.02493 0.215835 -6.09956e-05 0.200666 0.888208 1.07917 0.0791727 -2.53612 0.106136 
11 19500 8 0.49026 2.51481e-05 7.02493 0.2158 -7.88157e-05 0.200666 0.888067 1.079 0.0790012 -2.53829 0.106679 
11 19600 8 0.492775 2.51481e-05 7.02493 0.215814 -0.000103412 0.200664 0.888124 1.07907 0.0790711 -2.53741 0.107221 
11 19700 8 0.49529 2.51481e-05 7.02493 0.21581 -0.000134699 0.200664 0.888108 1.07905 0.0790509 -2.53766 0.107764 
11 19800 8 0.497805 2.51481e-05 7.02493 0.215772 -0.0001437 0.200667 0.887949 1.07886 0.0788576 -2.54011 0.108307 
11 19900 8 0.50032 2.51481e-05 7.02493 0.215727 -0.000150862 0.200668 0.887767 1.07864 0.0786372 -2.54291 0.108849 
11 20000 8 0.502834 2.51481e-05 7.02493 0.215692 -0.000126175 0.200668 0.887621 1.07846 0.07846 -2.54517 0.109392 
11 20100 8 0.505349 2.51481e-05 7.02493 0.215681 -6.81383e-05 0.200665 0.887577 1.07841 0.0784063 -2.54585 0.109934 
11 20200 8 0.507864 2.51481e-05 7.02493 0.215645 -4.40027e-05 0.20067 0.887429 1.07823 0.0782258 -2.54816 0.110477 
11 20300 8 0.510379 2.51481e-05 7.02493 0.21561 3.45811e-06 0.200669 0.887284 1.07805 0.0780496 -2.55041 0.111019 
11 20400 8 0.512894 2.51481e-05 7.02493 0.215551 4.79276e-05 0.200671 0.887043 1.07776 0.0777574 -2.55416 0.111561 
11 20500 8 0.515408 2.51481e-05 7.02493 0.215527 7.1965e-05 0.20067 0.88694 1.07763 0.0776325 -2.55577 0.112104 
11 20600 8 0.517923 2.51481e-05 7.02493 0.21552 8.70351e-05 0.20067 0.886913 1.0776 0.0775993 -2.5562 0.112645 
11 20700 8 0.520438 2.51481e-05 7.02493 0.215544 0.000106714 0.200664 0.887014 1.07772 0.0777218 -2.55462 0.113188 
11 20800 8 0.522953 2.51481e-05 7.02493 0.215565 0.000113643 0.200663 0.887098 1.07782 0.0778241 -2.5533 0.11373 
11 20900 8 0.525468 2.51481e-05 7.02493 0.215535 0.000106506 0.200664 0.886975 1.07768 0.0776752 -2.55522 0.114272 
11 21000 8 0.527982 2.51481e-05 7.02493 0.215513 9.23364e-05 0.200662 0.886886 1.07757 0.0775666 -2.55662 0.114814 
11 21100 8 0.530497 2.51481e-05 7.02493 0.215556 6.92545e-05 0.200659 0.88706 1.07778 0.0777782 -2.55389 0.115356 
11 21200 8 0.533012 2.51481e-05 7.02493 0.215586 4.49367e-05 0.200657 0.887187 1.07793 0.0779319 -2.55192 0.115898 
11 21300 8 0.535527 2.51481e-05 7.02493 0.215589 2.05083e-05 0.200655 0.887196 1.07794 0.0779429 -2.55178 0.116441 
11 21400 8 0.538042 2.51481e-05 7.02493 0.215563 -1.21688e-05 0.200655 0.887089 1.07781 0.0778137 -2.55344 0.116982 
11 21500 8 0.540557 2.51481e-05 7.02493 0.215504 -4.81471e-05 0.200657 0.886848 1.07752 0.0775209 -2.55721 0.117525 
11 21600 8 0.543071 2.51481e-05 7.02493 0.215488 -7.98314e-05 0.200657 0.886781 1.07744 0.077439 -2.55826 0.118067 
11 21700 8 0.545586 2.51481e-05 7.02493 0.2155 -8.66805e-05 0.200653 0.886832 1.0775 0.0775012 -2.55746 0.118609 
11 21800 8 0.548101 2.51481e-05 7.02493 0.215542 -8.46811e-05 0.200648 0.887003 1.07771 0.0777085 -2.55479 0.11915 
11 21900 8 0.550616 2.51481e-05 7.02493 0.215546 -6.40307e-05 0.200645 0.88702 1.07773 0.0777298 -2.55452 0.119693 
11 22000 8 0.553131 2.51481e-05 7.02493 0.215529 -4.21212e-05 0.200644 0.886949 1.07764 0.0776427 -2.55564 0.120235 
11 22100 8 0.555645 2.51481e-05 7.02493 0.215531 -1.37742e-05 0.200643 0.886959 1.07766 0.0776555 -2.55547 0.120777 
11 22200 8 0.55816 2.51481e-05 7.02493 0.215515 8.22755e-06 0.200643 0.886894 1.07758 0.0775758 -2.5565 0.121319 
11 22300 9 0.560654 2.51481e-05 7.02493 0.215512 8.97871e-06 0.200644 0.886882 1.07756 0.0775617 -2.55668 0.121861 
11 22400 9 0.563169 2.51481e-05 7.02493 0.215436 1.74336e-05 0.200648 0.886568 1.07718 0.0771805 -2.56161 0.122403 
11 22500 9 0.565683 2.51481e-05 7.02493 0.215363 3.34208e-05 0.20065 0.886267 1.07681 0.076814 -2.56637 0.122945 
11 22600 9 0.568198 2.51481e-05 7.02493 0.215303 3.72807e-05 0.200653 0.88602 1.07651 0.0765143 -2.57028 0.123487 
11 22700 9 0.570713 2.51481e-05 7.02493 0.215318 4.84037e-05 0.200655 0.886084 1.07659 0.0765918 -2.56926 0.124028 
11 22800 9 0.573228 2.51481e-05 7.02493 0.215321 3.32401e-05 0.200652 0.886093 1.0766 0.0766032 -2.56912 0.124569 
11 22900 9 0.575743 2.51481e-05 7.02493 0.215333 3.44469e-05 0.200652 0.886146 1.07667 0.0766675 -2.56828 0.125111 
11 23000 9 0.578257 2.51481e-05 7.02493 0.215312 1.20242e-05 0.200651 0.886059 1.07656 0.0765615 -2.56966 0.125652 
11 23100 9 0.580772 2.51481e-05 7.02493 0.215286 -3.77776e-05 0.20065 0.885953 1.07643 0.0764323 -2.57135 0.126194 
11 23200 9 0.583287 2.51481e-05 7.02493 0.215225 -7.94231e-05 0.200653 0.885698 1.07612 0.0761225 -2.57541 0.126735 
11 23300 9 0.585802 2.51481e-05 7.02493 0.215183 -0.000117665 0.200652 0.885528 1.07592 0.0759168 -2.57812 0.127276 
11 23400 9 0.588317 2.51481e-05 7.02493 0.215185 -0.000143824 0.200651 0.885536 1.07593 0.0759261 -2.57799 0.127818 
11 23500 9 0.590832 2.51481e-05 7.02493 0.215189 -0.000157602 0.200648 0.885553 1.07595 0.0759474 -2.57771 0.128359 
11 23600 9 0.593346 2.51481e-05 7.02493 0.215189 -0.0001802 0.200647 0.885551 1.07594 0.0759445 -2.57775 0.1289 
11 23700 9 0.595861 2.51481e-05 7.02493 0.215177 -0.000177552 0.200647 0.885503 1.07589 0.0758863 -2.57852 0.129441 
11 23800 9 0.598376 2.51481e-05 7.02493 0.215183 -0.000150755 0.200645 0.885527 1.07592 0.0759157 -2.57813 0.129982 
11 23900 9 0.600891 2.51481e-05 7.02493 0.215175 -0.000141055 0.200644 0.885493 1.07587 0.0758741 -2.57868 0.130523 
11 24000 9 0.603406 2.51481e-05 7.02493 0.215154 -0.00013981 0.200646 0.885407 1.07577 0.0757697 -2.58006 0.131065 
11 24100 9 0.60592 2.51481e-05 7.02493 0.215176 -0.000154028 0.200644 0.8855 1.07588 0.075882 -2.57858 0.131606 
11 24200 9 0.608435 2.51481e-05 7.02493 0.215191 -0.000159222 0.200638 0.885561 1.07596 0.0759566 -2.57759 0.132147 
11 24300 9 0.61095 2.51481e-05 7.02493 0.215201 -0.000150258 0.200639 0.885601 1.076 0.0760046 -2.57696 0.132688 
11 24400 9 0.613465 2.51481e-05 7.02493 0.215245 -0.000118605 0.200634 0.885783 1.07623 0.0762264 -2.57405 0.13323 
11 24500 9 0.61598 2.51481e-05 7.02493 0.215255 -6.67044e-05 0.200633 0.885825 1.07628 0.0762771 -2.57338 0.133771 
11 24600 9 0.618494 2.51481e-05 7.02493 0.215291 -4.45121e-05 0.20063 0.88597 1.07645 0.076453 -2.57108 0.134312 
11 24700 9 0.621009 2.51481e-05 7.02493 0.215282 -1.21688e-05 0.200628 0.885936 1.07641 0.0764118 -2.57162 0.134854 
11 24800 9 0.623524 2.51481e-05 7.02493 0.215294 -1.46826e-05 0.200626 0.885985 1.07647 0.0764717 -2.57083 0.135395 
11 24900 9 0.626039 2.51481e-05 7.02493 0.215313 8.12648e-06 0.200624 0.886062 1.07657 0.0765655 -2.56961 0.135937 
11 25000 9 0.628554 2.51481e-05 7.02493 0.215312 3.51485e-05 0.200625 0.886059 1.07656 0.0765619 -2.56966 0.136478 
11 25100 9 0.631068 2.51481e-05 7.02493 0.215271 4.34156e-05 0.200624 0.885889 1.07635 0.0763549 -2.57236 0.13702 
11 25200 9 0.633583 2.51481e-05 7.02493 0.21523 3.12309e-05 0.200626 0.885719 1.07615 0.0761487 -2.57507 0.137561 
11 25300 9 0.636098 2.51481e-05 7.02493 0.215208 3.65968e-05 0.200629 0.885629 1.07604 0.0760389 -2.57651 0.138102 
11 25400 9 0.638613 2.51481e-05 7.02493 0.215124 1.0574e-06 0.200633 0.885282 1.07562 0.0756181 -2.58206 0.138643 
11 25500 10 0.641107 2.51481e-05 7.02493 0.215048 -1.3524e-05 0.200635 0.884971 1.07524 0.0752396 -2.58708 0.139184 
11 25600 10 0.643621 2.51481e-05 7.02493 0.215001 -1.54919e-05 0.200637 0.884776 1.075 0.0750027 -2.59023 0.139725 
11 25700 10 0.646136 2.51481e-05 7.02493 0.215018 1.29e-05 0.200634 0.884848 1.07509 0.0750901 -2.58907 0.140266 
11 25800 10 0.648651 2.51481e-05 7.02493 0.214984 4.77479e-05 0.200637 0.884709 1.07492 0.0749212 -2.59132 0.140807 
11 25900 10 0.651166 2.51481e-05 7.02493 0.214985 4.94297e-05 0.200634 0.884714 1.07493 0.0749271 -2.59124 0.141347 
11 26000 10 0.653681 2.51481e-05 7.02493 0.214968 5.04139e-05 0.200634 0.884643 1.07484 0.0748412 -2.59239 0.141888 
11 26100 10 0.656195 2.51481e-05 7.02493 0.214962 6.5356e-05 0.200632 0.884618 1.07481 0.0748106 -2.5928 0.142428 
11 26200 10 0.65871 2.51481e-05 7.02493 0.214914 4.92619e-05 0.200634 0.884421 1.07457 0.0745713 -2.596 0.142969 
11 26300 10 0.661225 2.51481e-05 7.02493 0.214931 7.76358e-05 0.200633 0.88449 1.07465 0.0746548 -2.59488 0.143509 
11 26400 10 0.66374 2.51481e-05 7.02493 0.214924 0.000114592 0.200632 0.884461 1.07462 0.0746203 -2.59534 0.14405 
11 26500 10 0.666255 2.51481e-05 7.02493 0.214941 7.93583e-05 0.200631 0.884529 1.0747 0.0747031 -2.59423 0.144591 
11 26600 10 0.668769 2.51481e-05 7.02493 0.214927 7.90913e-05 0.200631 0.884475 1.07464 0.0746365 -2.59513 0.145131 
11 26700 10 0.671284 2.51481e-05 7.02493 0.214894 7.67876e-05 0.200629 0.884338 1.07447 0.0744705 -2.59735 0.145672 
11 26800 10 0.673799 2.51481e-05 7.02493 0.21487 5.21524e-05 0.200633 0.884239 1.07435 0.0743509 -2.59896 0.146213 
11 26900 10 0.676314 2.51481e-05 7.02493 0.21484 4.32879e-05 0.200629 0.884117 1.0742 0.0742016 -2.60097 0.146753 
11 27000 10 0.678829 2.51481e-05 7.02493 0.214823 5.1536e-05 0.200628 0.884046 1.07412 0.0741156 -2.60213 0.147293 
11 27100 10 0.681343 2.51481e-05 7.02493 0.214856 5.2415e-05 0.200626 0.884181 1.07428 0.0742805 -2.59991 0.147834 
11 27200 10 0.683858 2.51481e-05 7.02493 0.214929 2.92809e-05 0.200621 0.884483 1.07465 0.0746465 -2.59499 0.148374 
11 27300 10 0.686373 2.51481e-05 7.02493 0.214961 1.80021e-05 0.200619 0.884614 1.07481 0.0748058 -2.59286 0.148914 
11 27400 10 0.688888 2.51481e-05 7.02493 0.214974 5.41758e-05 0.200614 0.884668 1.07487 0.0748715 -2.59198 0.149455 
11 27500 10 0.691403 2.51481e-05 7.02493 0.214956 9.65087e-05 0.200612 0.884593 1.07478 0.0747806 -2.5932 0.149996 
11 27600 10 0.693917 2.51481e-05 7.02493 0.215016 8.48208e-05 0.200609 0.884839 1.07508 0.0750794 -2.58921 0.150536 
11 27700 10 0.696432 2.51481e-05 7.02493 0.215007 3.02792e-05 0.200609 0.884803 1.07504 0.0750361 -2.58979 0.151077 
11 27800 10 0.698947 2.51481e-05 7.02493 0.214974 8.48088e-06 0.200611 0.884667 1.07487 0.0748707 -2.59199 0.151617 
11 27900 10 0.701462 2.51481e-05 7.02493 0.214958 -2.17206e-05 0.200611 0.884599 1.07479 0.0747881 -2.5931 0.152159 
11 28000 10 0.703977 2.51481e-05 7.02493 0.214933 -3.44397e-05 0.200612 0.8845 1.07467 0.0746673 -2.59471 0.152699 
11 28100 10 0.706491 2.51481e-05 7.02493 0.214886 -9.12214e-05 0.200615 0.884304 1.07443 0.0744296 -2.5979 0.15324 
11 28200 10 0.709006 2.51481e-05 7.02493 0.21484 -7.80228e-05 0.20062 0.884115 1.0742 0.0741997 -2.601 0.15378 
11 28300 10 0.711521 2.51481e-05 7.02493 0.214799 -5.53211e-05 0.200624 0.883947 1.074 0.073995 -2.60376 0.154321 
11 28400 10 0.714036 2.51481e-05 7.02493 0.214726 -4.17051e-05 0.200624 0.883645 1.07363 0.0736284 -2.60872 0.154861 
11 28500 10 0.716551 2.51481e-05 7.02493 0.21469 -2.76452e-05 0.200622 0.883498 1.07345 0.0734507 -2.61114 0.1554 
11 28600 10 0.719066 2.51481e-05 7.02493 0.214655 -3.24537e-06 0.200626 0.883355 1.07328 0.0732758 -2.61352 0.15594 
11 28700 11 0.721559 2.51481e-05 7.02493 0.214695 3.29995e-05 0.200622 0.883517 1.07347 0.0734732 -2.61083 0.15648 
11 28800 11 0.724074 2.51481e-05 7.02493 0.214706 8.05095e-05 0.200619 0.883562 1.07353 0.0735277 -2.61009 0.15702 
11 28900 11 0.726589 2.51481e-05 7.02493 0.214723 0.000116494 0.20062 0.883632 1.07361 0.0736129 -2.60893 0.15756 
11 29000 11 0.729104 2.51481e-05 7.02493 0.214716 0.000137694 0.200617 0.883606 1.07358 0.073581 -2.60937 0.1581 
11 29100 11 0.731618 2.51481e-05 7.02493 0.214704 0.000159729 0.200616 0.883555 1.07352 0.0735193 -2.61021 0.15864 
11 29200 11 0.734133 2.51481e-05 7.02493 0.214657 0.000147386 0.200618 0.883363 1.07329 0.0732864 -2.61338 0.15918 
11 29300 11 0.736648 2.51481e-05 7.02493 0.214639 0.000165729 0.20062 0.883286 1.07319 0.0731926 -2.61466 0.15972 
11 29400 11 0.739163 2.51481e-05 7.02493 0.214621 0.000157319 0.20062 0.883216 1.07311 0.0731072 -2.61583 0.16026 
11 29500 11 0.741678 2.51481e-05 7.02493 0.214635 0.000136918 0.20062 0.883273 1.07318 0.0731761 -2.61489 0.1608 
11 29600 11 0.744192 2.51481e-05 7.02493 0.21463 0.000138964 0.200618 0.883251 1.07315 0.07315 -2.61524 0.161339 
11 29700 11 0.746707 2.51481e-05 7.02493 0.214621 0.000120911 0.200615 0.883213 1.0731 0.0731044 -2.61587 0.161879 
11 29800 11 0.749222 2.51481e-05 7.02493 0.214597 9.24859e-05 0.200614 0.883115 1.07298 0.0729841 -2.61751 0.162419 
11 29900 11 0.751737 2.51481e-05 7.02493 0.214595 9.54045e-05 0.200613 0.883106 1.07297 0.0729743 -2.61765 0.162959 
11 30000 11 0.754252 2.51481e-05 7.02493 0.214591 7.77623e-05 0.200614 0.88309 1.07295 0.0729542 -2.61792 0.163498 
11 30100 11 0.756766 2.51481e-05 7.02493 0.214614 4.28284e-05 0.200611 0.883187 1.07307 0.0730718 -2.61631 0.164038 
11 30200 11 0.759281 2.51481e-05 7.02493 0.214653 -2.1349e-06 0.200608 0.883347 1.07327 0.073266 -2.61366 0.164578 
11 30300 11 0.761796 2.51481e-05 7.02493 0.214693 -3.49662e-05 0.200605 0.88351 1.07346 0.0734645 -2.61095 0.165118 
11 30400 11 0.764311 2.51481e-05 7.02493 0.214745 -6.98865e-05 0.200601 0.883726 1.07373 0.0737271 -2.60739 0.165658 
11 30500 11 0.766826 2.51481e-05 7.02493 0.214769 -0.000115601 0.200597 0.883821 1.07384 0.0738431 -2.60581 0.166198 
11 30600 11 0.76934 2.51481e-05 7.02493 0.214766 -0.000139528 0.200595 0.883812 1.07383 0.0738313 -2.60597 0.166738 
11 30700 11 0.771855 2.51481e-05 7.02493 0.214747 -0.000133097 0.200596 0.883732 1.07373 0.0737349 -2.60728 0.167278 
11 30800 11 0.77437 2.51481e-05 7.02493 0.214725 -0.000125649 0.200599 0.883644 1.07363 0.0736275 -2.60874 0.167818 
11 30900 11 0.776885 2.51481e-05 7.02493 0.214706 -0.000125065 0.2006 0.883564 1.07353 0.0735302 -2.61006 0.168358 
11 31000 11 0.7794 2.51481e-05 7.02493 0.214685 -0.00013436 0.200604 0.883478 1.07343 0.0734256 -2.61148 0.168898 
11 31100 11 0.781915 2.51481e-05 7.02493 0.214618 -0.000113716 0.200608 0.883202 1.07309 0.0730908 -2.61605 0.169438 
11 31200 11 0.784429 2.51481e-05 7.02493 0.214606 -8.77357e-05 0.200607 0.883151 1.07303 0.073028 -2.61691 0.169978 
11 31300 11 0.786944 2.51481e-05 7.02493 0.214567 -8.25666e-05 0.200606 0.882993 1.07284 0.072836 -2.61955 0.170518 
11 31400 11 0.789459 2.51481e-05 7.02493 0.214552 -3.93706e-05 0.200608 0.882932 1.07276 0.072762 -2.62056 0.171058 
11 31500 11 0.791974 2.51481e-05 7.02493 0.214525 -9.81891e-05 0.200607 0.882821 1.07263 0.0726273 -2.62241 0.171597 
11 31600 11 0.794489 2.51481e-05 7.02493 0.214481 -9.21198e-05 0.20061 0.882637 1.0724 0.0724035 -2.6255 0.172136 
11 31700 11 0.797003 2.51481e-05 7.02493 0.214514 -7.95359e-05 0.200609 0.882773 1.07257 0.0725687 -2.62322 0.172676 
11 31800 11 0.799518 2.51481e-05 7.02493 0.214556 -8.37369e-05 0.200607 0.882948 1.07278 0.0727819 -2.62029 0.173215 
11 31900 12 0.802012 2.51481e-05 7.02493 0.214531 -0.000100753 0.200606 0.882843 1.07265 0.0726544 -2.62204 0.173755 
11 32000 12 0.804527 2.51481e-05 7.02493 0.214524 -0.000116839 0.200607 0.882813 1.07262 0.0726175 -2.62255 0.174294 
11 32100 12 0.807041 2.51481e-05 7.02493 0.214532 -7.22786e-05 0.200606 0.882846 1.07266 0.0726583 -2.62199 0.174834 
11 32200 12 0.809556 2.51481e-05 7.02493 0.214514 -4.08403e-05 0.200606 0.882775 1.07257 0.0725721 -2.62318 0.175374 
11 32300 12 0.812071 2.51481e-05 7.02493 0.214473 1.64479e-06 0.200607 0.882604 1.07236 0.0723634 -2.62606 0.175913 
11 32400 12 0.814586 2.51481e-05 7.02493 0.214462 2.05998e-05 0.200605 0.882559 1.07231 0.0723094 -2.6268 0.176452 
11 32500 12 0.817101 2.51481e-05 7.02493 0.214454 -7.05012e-06 0.200604 0.882527 1.07227 0.07227 -2.62735 0.176992 
11 32600 12 0.819615 2.51481e-05 7.02493 0.214485 -5.74752e-05 0.200601 0.882654 1.07242 0.0724246 -2.62521 0.177531 
11 32700 12 0.82213 2.51481e-05 7.02493 0.214499 -0.000115253 0.200598 0.882711 1.07249 0.0724942 -2.62425 0.17807 
11 32800 12 0.824645 2.51481e-05 7.02493 0.214488 -0.0001577 0.200597 0.882668 1.07244 0.0724416 -2.62497 0.17861 
11 32900 12 0.82716 2.51481e-05 7.02493 0.214436 -0.000182189 0.200601 0.882454 1.07218 0.0721811 -2.62858 0.179149 
11 33000 12 0.829675 2.51481e-05 7.02493 0.214419 -0.000174475 0.200603 0.882384 1.0721 0.0720964 -2.62975 0.179689 
11 33100 12 0.83219 2.51481e-05 7.02493 0.214462 -0.000160753 0.200599 0.88256 1.07231 0.0723098 -2.6268 0.180227 
11 33200 12 0.834704 2.51481e-05 7.02493 0.214511 -0.000139562 0.200594 0.882763 1.07256 0.072557 -2.62338 0.180767 
11 33300 12 0.837219 2.51481e-05 7.02493 0.214519 -0.0001463 0.200593 0.882794 1.07259 0.0725946 -2.62286 0.181307 
11 33400 12 0.839734 2.51481e-05 7.02493 0.214516 -0.00010395 0.200592 0.882784 1.07258 0.0725822 -2.62304 0.181846 
11 33500 12 0.842249 2.51481e-05 7.02493 0.214497 -7.61146e-05 0.200589 0.882703 1.07248 0.072484 -2.62439 0.182386 
11 33600 12 0.844764 2.51481e-05 7.02493 0.214489 -0.0001038 0.20059 0.882671 1.07244 0.0724448 -2.62493 0.182925 
11 33700 12 0.847278 2.51481e-05 7.02493 0.214494 -0.000103236 0.200591 0.882693 1.07247 0.0724716 -2.62456 0.183464 
11 33800 12 0.849793 2.51481e-05 7.02493 0.214433 -0.00011647 0.200595 0.882439 1.07216 0.0721635 -2.62882 0.184004 
11 33900 12 0.852308 2.51481e-05 7.02493 0.214401 -0.000101087 0.200599 0.882308 1.072 0.072004 -2.63103 0.184544 
11 34000 12 0.854823 2.51481e-05 7.02493 0.214353 -8.64597e-05 0.200602 0.882112 1.07177 0.0717665 -2.63434 0.185082 
11 34100 12 0.857338 2.51481e-05 7.02493 0.214318 -0.000104886 0.200605 0.881966 1.07159 0.0715882 -2.63682 0.185622 
11 34200 12 0.859852 2.51481e-05 7.02493 0.214292 -0.000118573 0.200605 0.881861 1.07146 0.0714614 -2.6386 0.186161 
11 34300 12 0.862367 2.51481e-05 7.02493 0.214249 -9.70325e-05 0.200608 0.881683 1.07124 0.0712443 -2.64164 0.186699 
11 34400 12 0.864882 2.51481e-05 7.02493 0.214266 -8.46859e-05 0.200603 0.881752 1.07133 0.0713289 -2.64045 0.187238 
11 34500 12 0.867397 2.51481e-05 7.02493 0.214239 -6.88901e-05 0.200604 0.881641 1.07119 0.0711935 -2.64235 0.187777 
11 34600 12 0.869912 2.51481e-05 7.02493 0.214185 -3.82823e-05 0.200606 0.88142 1.07093 0.0709258 -2.64612 0.188315 
11 34700 12 0.872426 2.51481e-05 7.02493 0.21417 -2.20152e-05 0.200607 0.881357 1.07085 0.0708484 -2.64721 0.188854 
11 34800 12 0.874941 2.51481e-05 7.02493 0.214184 -1.18917e-05 0.200606 0.881415 1.07092 0.0709188 -2.64622 0.189393 
11 34900 12 0.877456 2.51481e-05 7.02493 0.214191 -1.62055e-05 0.200604 0.881444 1.07095 0.0709544 -2.64572 0.189932 
11 35000 12 0.879971 2.51481e-05 7.02493 0.214197 -2.77241e-06 0.200605 0.88147 1.07099 0.0709858 -2.64528 0.190471 
11 35100 13 0.882465 2.51481e-05 7.02493 0.214199 5.18986e-05 0.200601 0.881476 1.07099 0.070993 -2.64517 0.191009 
11 35200 13 0.884979 2.51481e-05 7.02493 0.214205 8.4862e-05 0.200599 0.881502 1.07102 0.0710247 -2.64473 0.191548 
11 35300 13 0.887494 2.51481e-05 7.02493 0.214207 0.000102484 0.200596 0.88151 1.07103 0.0710345 -2.64459 0.192087 
11 35400 13 0.890009 2.51481e-05 7.02493 0.214261 9.86137e-05 0.200591 0.881734 1.07131 0.0713069 -2.64076 0.192626 
11 35500 13 0.892524 2.51481e-05 7.02493 0.214327 0.000108386 0.200585 0.882002 1.07163 0.071633 -2.6362 0.193165 
11 35600 13 0.895039 2.51481e-05 7.02493 0.21434 0.000101298 0.200586 0.882058 1.0717 0.0717004 -2.63526 0.193704 
11 35700 13 0.897553 2.51481e-05 7.02493 0.214294 9.11571e-05 0.200589 0.881867 1.07147 0.0714681 -2.6385 0.194243 
11 35800 13 0.900068 2.51481e-05 7.02493 0.214272 7.21834e-05 0.200591 0.88178 1.07136 0.0713622 -2.63999 0.194782 
11 35900 13 0.902583 2.51481e-05 7.02493 0.21426 5.94937e-05 0.200591 0.881729 1.0713 0.0713013 -2.64084 0.19532 
11 36000 13 0.905098 2.51481e-05 7.02493 0.21425 1.49549e-05 0.20059 0.881688 1.07125 0.0712508 -2.64155 0.195859 
11 36100 13 0.907613 2.51481e-05 7.02493 0.214245 -1.8003e-05 0.200588 0.881665 1.07122 0.0712227 -2.64194 0.196398 
11 36200 13 0.910127 2.51481e-05 7.02493 0.214284 -3.50456e-06 0.200585 0.881827 1.07142 0.0714192 -2.63919 0.196937 
11 36300 13 0.912642 2.51481e-05 7.02493 0.214327 4.85868e-05 0.200579 0.882005 1.07164 0.0716361 -2.63616 0.197476 
11 36400 13 0.915157 2.51481e-05 7.02493 0.214334 5.50394e-05 0.200578 0.882033 1.07167 0.0716704 -2.63568 0.198015 
11 36500 13 0.917672 2.51481e-05 7.02493 0.214345 5.1841e-05 0.200578 0.882079 1.07173 0.0717264 -2.6349 0.198554 
11 36600 13 0.920187 2.51481e-05 7.02493 0.214337 0.000104908 0.20058 0.882046 1.07169 0.0716861 -2.63546 0.199093 
11 36700 13 0.922701 2.51481e-05 7.02493 0.214304 0.000110086 0.200583 0.88191 1.07152 0.0715212 -2.63776 0.199632 
11 36800 13 0.925216 2.51481e-05 7.02493 0.214251 8.69043e-05 0.200584 0.881693 1.07126 0.0712574 -2.64146 0.200171 
11 36900 13 0.927731 2.51481e-05 7.02493 0.214232 0.000116076 0.200587 0.881612 1.07116 0.071159 -2.64284 0.200709 
11 37000 13 0.930246 2.51481e-05 7.02493 0.214183 0.000124334 0.20059 0.881413 1.07092 0.0709171 -2.64624 0.201248 
11 37100 13 0.932761 2.51481e-05 7.02493 0.214159 0.000108474 0.200589 0.881314 1.0708 0.0707963 -2.64795 0.201787 
11 37200 13 0.935275 2.51481e-05 7.02493 0.214169 0.000104745 0.200587 0.881355 1.07085 0.0708458 -2.64725 0.202326 
11 37300 13 0.93779 2.51481e-05 7.02493 0.214154 9.34466e-05 0.200586 0.881292 1.07077 0.0707699 -2.64832 0.202864 
11 37400 13 0.940305 2.51481e-05 7.02493 0.21416 6.72689e-05 0.200588 0.881316 1.0708 0.0707994 -2.6479 0.203402 
11 37500 13 0.94282 2.51481e-05 7.02493 0.214083 2.74424e-05 0.200592 0.880999 1.07041 0.0704137 -2.65337 0.203941 
11 37600 13 0.945335 2.51481e-05 7.02493 0.214048 -5.10965e-06 0.200594 0.880856 1.07024 0.07024 -2.65584 0.20448 
11 37700 13 0.947849 2.51481e-05 7.02493 0.214047 1.0544e-05 0.200594 0.880853 1.07024 0.070236 -2.65589 0.205018 
11 37800 13 0.950364 2.51481e-05 7.02493 0.214061 9.18232e-06 0.200592 0.880911 1.07031 0.0703071 -2.65488 0.205556 
11 37900 13 0.952879 2.51481e-05 7.02493 0.214039 3.55119e-05 0.200595 0.880818 1.07019 0.0701935 -2.6565 0.206095 
11 38000 13 0.955394 2.51481e-05 7.02493 0.21403 3.34845e-05 0.200593 0.880783 1.07015 0.0701516 -2.6571 0.206633 
11 38100 13 0.957909 2.51481e-05 7.02493 0.214035 3.86038e-05 0.200591 0.880801 1.07017 0.0701737 -2.65678 0.207171 
11 38200 14 0.960402 2.51481e-05 7.02493 0.214031 1.89079e-05 0.200587 0.880787 1.07016 0.0701557 -2.65704 0.20771 
11 38300 14 0.962917 2.51481e-05 7.02493 0.214044 5.36446e-05 0.200585 0.880839 1.07022 0.070219 -2.65614 0.208248 
11 38400 14 0.965432 2.51481e-05 7.02493 0.214033 9.3393e-05 0.200583 0.880792 1.07016 0.0701627 -2.65694 0.208786 
11 38500 14 0.967947 2.51481e-05 7.02493 0.214054 0.000131054 0.200581 0.88088 1.07027 0.0702694 -2.65542 0.209325 
11 38600 14 0.970462 2.51481e-05 7.02493 0.21409 0.000147316 0.200581 0.881031 1.07045 0.0704524 -2.65282 0.209863 
11 38700 14 0.972976 2.51481e-05 7.02493 0.214079 0.000166829 0.200581 0.880984 1.0704 0.0703953 -2.65363 0.210401 
11 38800 14 0.975491 2.51481e-05 7.02493 0.2141 0.000163519 0.20058 0.881069 1.0705 0.0704988 -2.65216 0.21094 
11 38900 14 0.978006 2.51481e-05 7.02493 0.214074 0.000145828 0.200581 0.880962 1.07037 0.0703693 -2.654 0.211478 
11 39000 14 0.980521 2.51481e-05 7.02493 0.214055 0.000169339 0.20058 0.880885 1.07028 0.0702752 -2.65534 0.212017 
11 39100 14 0.983036 2.51481e-05 7.02493 0.214064 0.000199474 0.200577 0.880922 1.07032 0.0703206 -2.65469 0.212555 
11 39200 14 0.98555 2.51481e-05 7.02493 0.214133 0.000211168 0.200572 0.881207 1.07067 0.0706668 -2.64978 0.213093 
11 39300 14 0.988065 2.51481e-05 7.02493 0.214171 0.000221472 0.200571 0.881364 1.07086 0.0708574 -2.64709 0.213633 
11 39400 14 0.99058 2.51481e-05 7.02493 0.214158 0.000190361 0.200571 0.881309 1.07079 0.0707904 -2.64803 0.214171 
11 39500 14 0.993095 2.51481e-05 7.02493 0.214136 0.000174526 0.200575 0.881219 1.07068 0.0706814 -2.64957 0.214709 
11 39600 14 0.99561 2.51481e-05 7.02493 0.21408 0.000167279 0.200576 0.880988 1.0704 0.0704005 -2.65356 0.215248 
11 39700 14 0.998124 2.51481e-05 7.02493 0.214079 0.000173146 0.200576 0.880984 1.0704 0.0703959 -2.65362 0.215786 
11 39800 14 1.00064 2.51481e-05 7.02493 0.214009 0.000206074 0.200584 0.880695 1.07004 0.0700449 -2.65862 0.216324 
11 39900 14 1.00315 2.51481e-05 7.02493 0.213958 0.000184681 0.200585 0.880484 1.06979 0.0697878 -2.6623 0.216862 
11 40000 14 1.00567 2.51481e-05 7.02493 0.213937 0.000152862 0.200585 0.880397 1.06968 0.0696827 -2.6638 0.217401 
11 40100 14 1.00818 2.51481e-05 7.02493 0.213961 9.53613e-05 0.200583 0.880499 1.06981 0.0698065 -2.66203 0.217938 
11 40200 14 1.0107 2.51481e-05 7.02493 0.21394 9.65903e-05 0.200585 0.880409 1.0697 0.0696975 -2.66359 0.218477 
11 40300 14 1.01321 2.51481e-05 7.02493 0.213901 7.43782e-05 0.200588 0.880252 1.06951 0.0695063 -2.66634 0.219016 
11 40400 14 1.01573 2.51481e-05 7.02493 0.213887 4.40988e-05 0.20059 0.880194 1.06944 0.0694352 -2.66736 0.219553 
11 40500 14 1.01824 2.51481e-05 7.02493 0.21387 -1.81202e-05 0.20059 0.880123 1.06935 0.06935 -2.66859 0.220091 
11 40600 14 1.02076 2.51481e-05 7.02493 0.213859 -6.63058e-05 0.200589 0.88008 1.0693 0.069297 -2.66935 0.220628 
11 40700 14 1.02327 2.51481e-05 7.02493 0.213875 -6.3612e-05 0.200587 0.880146 1.06938 0.0693771 -2.6682 0.221166 
11 40800 14 1.02579 2.51481e-05 7.02493 0.213925 -7.26305e-05 0.200587 0.880348 1.06962 0.0696225 -2.66467 0.221704 
11 40900 14 1.0283 2.51481e-05 7.02493 0.213949 -0.0001025 0.200583 0.88045 1.06975 0.0697471 -2.66288 0.222242 
11 41000 14 1.03082 2.51481e-05 7.02493 0.214007 -7.74046e-05 0.200576 0.880688 1.07004 0.0700358 -2.65875 0.22278 
11 41100 14 1.03333 2.51481e-05 7.02493 0.214036 -5.19328e-05 0.200573 0.880809 1.07018 0.0701823 -2.65666 0.223319 
11 41200 14 1.03585 2.51481e-05 7.02493 0.21404 -7.75839e-05 0.20057 0.880821 1.0702 0.070198 -2.65644 0.223857 
11 41300 14 1.03836 2.51481e-05 7.02493 0.214034 -0.000155736 0.200568 0.880799 1.07017 0.0701702 -2.65683 0.224395 
11 41400 15 1.04086 2.51481e-05 7.02493 0.214047 -0.000224735 0.200568 0.880854 1.07024 0.0702375 -2.65587 0.224933 
11 41500 15 1.04337 2.51481e-05 7.02493 0.214039 -0.000228196 0.200568 0.88082 1.0702 0.0701968 -2.65645 0.225473 
11 41600 15 1.04588 2.51481e-05 7.02493 0.214008 -0.000197964 0.200571 0.880692 1.07004 0.0700413 -2.65867 0.22601 
11 41700 15 1.0484 2.51481e-05 7.02493 0.213963 -0.000185933 0.200574 0.880505 1.06981 0.0698136 -2.66193 0.226548 
11 41800 15 1.05091 2.51481e-05 7.02493 0.213949 -0.000156282 0.200573 0.880447 1.06974 0.0697434 -2.66293 0.227087 
11 41900 15 1.05343 2.51481e-05 7.02493 0.213945 -0.000109984 0.200572 0.880433 1.06973 0.0697255 -2.66319 0.227625 
11 42000 15 1.05594 2.51481e-05 7.02493 0.213918 -7.01946e-05 0.200572 0.88032 1.06959 0.069589 -2.66515 0.228163 
11 42100 15 1.05846 2.51481e-05 7.02493 0.213937 -3.35114e-05 0.20057 0.880401 1.06969 0.069687 -2.66374 0.228701 
11 42200 15 1.06097 2.51481e-05 7.02493 0.213965 -3.92737e-06 0.200569 0.880513 1.06982 0.0698237 -2.66178 0.229239 
11 42300 15 1.06349 2.51481e-05 7.02493 0.213973 6.47149e-06 0.200571 0.880546 1.06986 0.0698635 -2.66121 0.229778 
11 42400 15 1.066 2.51481e-05 7.02493 0.213927 -1.12256e-05 0.200574 0.880359 1.06964 0.0696358 -2.66448 0.230315 
11 42500 15 1.06852 2.51481e-05 7.02493 0.213915 -2.44127e-05 0.200574 0.88031 1.06958 0.0695761 -2.66533 0.230853 
11 42600 15 1.07103 2.51481e-05 7.02493 0.213884 -7.31541e-06 0.200575 0.880181 1.06942 0.0694202 -2.66758 0.231391 
11 42700 15 1.07355 2.51481e-05 7.02493 0.2138 1.30137e-05 0.200582 0.879837 1.069 0.069002 -2.67362 0.231929 
11 42800 15 1.07606 2.51481e-05 7.02493 0.213764 9.02053e-06 0.200583 0.879687 1.06882 0.06882 -2.67626 0.232466 
11 42900 15 1.07858 2.51481e-05 7.02493 0.213763 1.74223e-05 0.200582 0.879683 1.06882 0.0688153 -2.67633 0.233004 
11 43000 15 1.08109 2.51481e-05 7.02493 0.213778 2.37075e-05 0.200582 0.879743 1.06889 0.0688875 -2.67528 0.233542 
11 43100 15 1.08361 2.51481e-05 7.02493 0.213791 1.3182e-05 0.200579 0.879798 1.06896 0.0689551 -2.6743 0.23408 
11 43200 15 1.08612 2.51481e-05 7.02493 0.213764 5.02716e-06 0.20058 0.879686 1.06882 0.0688179 -2.67629 0.234617 
11 43300 15 1.08864 2.51481e-05 7.02493 0.213736 2.52904e-05 0.200582 0.87957 1.06868 0.0686779 -2.67833 0.235155 
11 43400 15 1.09115 2.51481e-05 7.02493 0.213701 3.87642e-05 0.200587 0.879426 1.0685 0.0685028 -2.68088 0.235693 
11 43500 15 1.09367 2.51481e-05 7.02493 0.213667 5.02375e-05 0.200588 0.879287 1.06833 0.0683337 -2.68335 0.236229 
11 43600 15 1.09618 2.51481e-05 7.02493 0.213652 6.33955e-05 0.200588 0.879228 1.06826 0.0682624 -2.6844 0.236767 
11 43700 15 1.0987 2.51481e-05 7.02493 0.213658 5.20489e-05 0.200587 0.879252 1.06829 0.0682915 -2.68397 0.237304 
11 43800 15 1.10121 2.51481e-05 7.02493 0.213733 3.09221e-05 0.200582 0.879558 1.06866 0.0686631 -2.67854 0.237842 
11 43900 15 1.10373 2.51481e-05 7.02493 0.21374 6.20011e-06 0.200579 0.87959 1.0687 0.068702 -2.67798 0.238379 
11 44000 15 1.10624 2.51481e-05 7.02493 0.213789 -2.0515e-05 0.200575 0.879789 1.06894 0.068944 -2.67446 0.238917 
11 44100 15 1.10875 2.51481e-05 7.02493 0.213832 -3.44633e-05 0.200571 0.879968 1.06916 0.0691608 -2.67132 0.239454 
11 44200 15 1.11127 2.51481e-05 7.02493 0.213835 -3.14336e-05 0.200568 0.87998 1.06918 0.0691756 -2.67111 0.239992 
11 44300 15 1.11378 2.51481e-05 7.02493 0.213807 -3.34928e-05 0.200569 0.879863 1.06903 0.0690336 -2.67316 0.24053 
11 44400 15 1.1163 2.51481e-05 7.02493 0.213755 -4.81391e-05 0.200573 0.87965 1.06877 0.0687747 -2.67692 0.241068 
11 44500 15 1.11881 2.51481e-05 7.02493 0.213748 -4.69627e-05 0.200573 0.879623 1.06874 0.0687423 -2.67739 0.241605 
11 44600 16 1.12131 2.51481e-05 7.02493 0.213713 -5.97713e-05 0.200574 0.879479 1.06857 0.0685667 -2.67995 0.242143 
11 44700 16 1.12382 2.51481e-05 7.02493 0.213707 -4.38417e-05 0.200574 0.879453 1.06853 0.0685348 -2.68041 0.242681 
11 44800 16 1.12634 2.51481e-05 7.02493 0.213743 -3.06509e-05 0.200571 0.8796 1.06871 0.0687138 -2.67781 0.243218 
11 44900 16 1.12885 2.51481e-05 7.02493 0.213774 -1.83826e-05 0.200568 0.879728 1.06887 0.0688694 -2.67554 0.243755 
11 45000 16 1.13137 2.51481e-05 7.02493 0.2138 -6.49408e-06 0.200569 0.879836 1.069 0.0690002 -2.67365 0.244293 
11 45100 16 1.13388 2.51481e-05 7.02493 0.213825 -7.9234e-06 0.200568 0.879939 1.06913 0.0691256 -2.67183 0.244831 
11 45200 16 1.1364 2.51481e-05 7.02493 0.213825 -1.10277e-05 0.200571 0.879937 1.06912 0.0691237 -2.67186 0.245369 
11 45300 16 1.13891 2.51481e-05 7.02493 0.213776 8.33821e-06 0.200571 0.879735 1.06888 0.0688782 -2.67542 0.245907 
11 45400 16 1.14143 2.51481e-05 7.02493 0.213753 3.81908e-05 0.200569 0.879642 1.06877 0.0687653 -2.67706 0.246444 
11 45500 16 1.14394 2.51481e-05 7.02493 0.21373 6.88208e-05 0.200573 0.879549 1.06865 0.0686524 -2.6787 0.246982 
11 45600 16 1.14646 2.51481e-05 7.02493 0.213671 0.000107427 0.200576 0.879303 1.06835 0.0683532 -2.68307 0.247519 
11 45700 16 1.14897 2.51481e-05 7.02493 0.213658 0.000144599 0.200577 0.879252 1.06829 0.068291 -2.68398 0.248056 
11 45800 16 1.15149 2.51481e-05 7.02493 0.213649 0.000162504 0.200577 0.879214 1.06824 0.0682445 -2.68466 0.248594 
11 45900 16 1.154 2.51481e-05 7.02493 0.213657 0.000142757 0.200577 0.879246 1.06828 0.0682838 -2.68408 0.249131 
11 46000 16 1.15651 2.51481e-05 7.02493 0.213654 0.000103047 0.200578 0.879237 1.06827 0.0682724 -2.68425 0.249669 
11 46100 16 1.15903 2.51481e-05 7.02493 0.213625 4.86641e-05 0.20058 0.879116 1.06813 0.0681254 -2.68641 0.250206 
11 46200 16 1.16154 2.51481e-05 7.02493 0.2136 1.07306e-05 0.20058 0.879012 1.068 0.0679995 -2.68826 0.250743 
11 46300 16 1.16406 2.51481e-05 7.02493 0.213566 1.23878e-08 0.200581 0.878871 1.06783 0.0678281 -2.69078 0.25128 
11 46400 16 1.16657 2.51481e-05 7.02493 0.213527 1.51483e-05 0.200583 0.878711 1.06763 0.0676339 -2.69365 0.251817 
11 46500 16 1.16909 2.51481e-05 7.02493 0.213502 -9.62522e-06 0.200586 0.878607 1.06751 0.0675079 -2.69551 0.252354 
11 46600 16 1.1716 2.51481e-05 7.02493 0.213505 3.13428e-05 0.200581 0.878623 1.06753 0.0675269 -2.69523 0.252891 
11 46700 16 1.17412 2.51481e-05 7.02493 0.21356 7.2805e-05 0.200576 0.878846 1.0678 0.0677977 -2.69123 0.253428 
11 46800 16 1.17663 2.51481e-05 7.02493 0.213669 0.000102787 0.20057 0.879294 1.06834 0.0683426 -2.68322 0.253966 
11 46900 16 1.17915 2.51481e-05 7.02493 0.213733 8.18742e-05 0.200565 0.879559 1.06866 0.0686646 -2.67852 0.254503 
11 47000 16 1.18166 2.51481e-05 7.02493 0.213795 5.2504e-05 0.200562 0.879815 1.06898 0.0689758 -2.674 0.255041 
11 47100 16 1.18418 2.51481e-05 7.02493 0.213863 4.99509e-05 0.200558 0.880097 1.06932 0.0693173 -2.66906 0.255578 
11 47200 16 1.18669 2.51481e-05 7.02493 0.213836 -2.00363e-05 0.20056 0.879984 1.06918 0.06918 -2.67104 0.256117 
11 47300 16 1.18921 2.51481e-05 7.02493 0.213769 -8.96451e-05 0.200563 0.879709 1.06885 0.0688462 -2.67588 0.256654 
11 47400 16 1.19172 2.51481e-05 7.02493 0.213696 -0.000154226 0.200565 0.879407 1.06848 0.06848 -2.68121 0.257192 
11 47500 16 1.19424 2.51481e-05 7.02493 0.213652 -0.00017249 0.200568 0.879225 1.06826 0.0682584 -2.68446 0.257729 
11 47600 16 1.19675 2.51481e-05 7.02493 0.213641 -0.000197591 0.20057 0.879182 1.06821 0.0682057 -2.68523 0.258266 
11 47700 16 1.19927 2.51481e-05 7.02493 0.21367 -0.000185478 0.200566 0.879302 1.06835 0.0683514 -2.68309 0.258804 
11 47800 17 1.20176 2.51481e-05 7.02493 0.213661 -0.000205734 0.200568 0.879265 1.06831 0.0683065 -2.68375 0.259341 
11 47900 17 1.20428 2.51481e-05 7.02493 0.213643 -0.000210675 0.200568 0.879189 1.06821 0.0682148 -2.68509 0.259878 
11 48000 17 1.20679 2.51481e-05 7.02493 0.213642 -0.000178999 0.200569 0.879184 1.06821 0.0682086 -2.68518 0.260416 
11 48100 17 1.2093 2.51481e-05 7.02493 0.213618 -0.000166363 0.200572 0.879085 1.06809 0.0680888 -2.68694 0.260953 
11 48200 17 1.21182 2.51481e-05 7.02493 0.21361 -0.000167536 0.20057 0.879053 1.06805 0.068049 -2.68753 0.26149 
11 48300 17 1.21433 2.51481e-05 7.02493 0.213585 -0.000171256 0.20057 0.878951 1.06793 0.067925 -2.68935 0.262027 
11 48400 17 1.21685 2.51481e-05 7.02493 0.21359 -0.00018424 0.200572 0.878972 1.06795 0.0679506 -2.68897 0.262564 
11 48500 17 1.21936 2.51481e-05 7.02493 0.213531 -0.000179689 0.200573 0.878729 1.06766 0.0676553 -2.69333 0.263101 
11 48600 17 1.22188 2.51481e-05 7.02493 0.213526 -0.000174766 0.200575 0.878707 1.06763 0.0676295 -2.69371 0.263639 
11 48700 17 1.22439 2.51481e-05 7.02493 0.213454 -0.000163931 0.200578 0.878413 1.06727 0.067272 -2.69901 0.264176 
11 48800 17 1.22691 2.51481e-05 7.02493 0.213442 -0.000139056 0.200579 0.878364 1.06721 0.067212 -2.6999 0.264712 
11 48900 17 1.22942 2.51481e-05 7.02493 0.213465 -0.000133686 0.200578 0.878456 1.06732 0.0673239 -2.69824 0.265249 
11 49000 17 1.23194 2.51481e-05 7.02493 0.213511 -0.000137123 0.200575 0.878647 1.06756 0.0675567 -2.69479 0.265786 
11 49100 17 1.23445 2.51481e-05 7.02493 0.213527 -0.000148834 0.200574 0.878711 1.06763 0.0676341 -2.69364 0.266322 
11 49200 17 1.23697 2.51481e-05 7.02493 0.213506 -0.00011189 0.200574 0.878624 1.06753 0.0675276 -2.69522 0.26686 
11 49300 17 1.23948 2.51481e-05 7.02493 0.213458 -8.56165e-05 0.200577 0.87843 1.06729 0.0672921 -2.69871 0.267397 
11 49400 17 1.242 2.51481e-05 7.02493 0.213417 -8.68089e-05 0.200578 0.87826 1.06709 0.0670864 -2.70177 0.267934 
11 49500 17 1.24451 2.51481e-05 7.02493 0.213424 -8.19273e-05 0.200575 0.878288 1.06712 0.0671199 -2.70128 0.268471 
11 49600 17 1.24703 2.51481e-05 7.02493 0.213458 -5.51715e-05 0.200569 0.878427 1.06729 0.0672883 -2.69877 0.269007 
11 49700 17 1.24954 2.51481e-05 7.02493 0.21351 -3.70079e-05 0.200564 0.878643 1.06755 0.0675513 -2.69487 0.269544 
11 49800 17 1.25206 2.51481e-05 7.02493 0.213574 -3.08409e-05 0.200561 0.878905 1.06787 0.0678695 -2.69017 0.270082 
11 49900 17 1.25457 2.51481e-05 7.02493 0.21359 -8.59322e-05 0.200562 0.878969 1.06795 0.0679476 -2.68902 0.270618 
11 50000 17 1.25709 2.51481e-05 7.02493 0.213571 -0.000103445 0.200562 0.878894 1.06786 0.0678567 -2.69036 0.271155 
11 50100 17 1.2596 2.51481e-05 7.02493 0.213559 -0.000114484 0.200566 0.878845 1.0678 0.0677964 -2.69125 0.271693 
11 50200 17 1.26212 2.51481e-05 7.02493 0.213529 -8.46437e-05 0.200566 0.87872 1.06764 0.0676445 -2.69349 0.27223 
11 50300 17 1.26463 2.51481e-05 7.02493 0.21348 -3.78177e-05 0.200568 0.878519 1.0674 0.0674003 -2.69711 0.272767 
11 50400 17 1.26715 2.51481e-05 7.02493 0.213438 -2.32258e-06 0.200569 0.878347 1.06719 0.067192 -2.7002 0.273304 
11 50500 17 1.26966 2.51481e-05 7.02493 0.213451 2.64692e-05 0.200567 0.878399 1.06725 0.0672549 -2.69927 0.273841 
11 50600 17 1.27217 2.51481e-05 7.02493 0.213494 5.81404e-05 0.200565 0.878576 1.06747 0.0674703 -2.69607 0.274378 
11 50700 17 1.27469 2.51481e-05 7.02493 0.213525 4.47735e-05 0.200565 0.878704 1.06763 0.0676251 -2.69378 0.274915 
11 50800 17 1.2772 2.51481e-05 7.02493 0.213492 2.86321e-05 0.200566 0.878567 1.06746 0.0674587 -2.69624 0.275451 
11 50900 17 1.27972 2.51481e-05 7.02493 0.213471 4.73734e-05 0.200569 0.878481 1.06735 0.0673545 -2.69779 0.275988 
11 51000 18 1.28221 2.51481e-05 7.02493 0.213453 4.48291e-05 0.200568 0.878406 1.06726 0.0672638 -2.69913 0.276525 
11 51100 18 1.28473 2.51481e-05 7.02493 0.213472 3.38585e-05 0.200568 0.878487 1.06736 0.0673623 -2.69767 0.277062 
11 51200 18 1.28724 2.51481e-05 7.02493 0.213472 1.44266e-05 0.200568 0.878487 1.06736 0.0673621 -2.69767 0.277599 
11 51300 18 1.28976 2.51481e-05 7.02493 0.213452 2.90873e-05 0.200567 0.878402 1.06726 0.0672587 -2.69921 0.278135 
11 51400 18 1.29227 2.51481e-05 7.02493 0.213438 -6.03136e-06 0.20057 0.878344 1.06719 0.0671885 -2.70025 0.278672 
11 51500 18 1.29479 2.51481e-05 7.02493 0.213431 -1.8296e-05 0.200571 0.878317 1.06716 0.0671556 -2.70074 0.279209 
11 51600 18 1.2973 2.51481e-05 7.02493 0.213412 -9.62258e-06 0.200571 0.878239 1.06706 0.0670599 -2.70217 0.279746 
11 51700 18 1.29982 2.51481e-05 7.02493 0.213356 -1.81905e-05 0.200575 0.878009 1.06678 0.0667815 -2.70633 0.280283 
11 51800 18 1.30233 2.51481e-05 7.02493 0.213374 9.91767e-06 0.200576 0.878084 1.06687 0.0668724 -2.70497 0.280819 
11 51900 18 1.30485 2.51481e-05 7.02493 0.21338 3.35183e-05 0.200571 0.878108 1.0669 0.0669012 -2.70454 0.281356 
11 52000 18 1.30736 2.51481e-05 7.02493 0.213392 5.13969e-05 0.20057 0.878158 1.06696 0.0669617 -2.70364 0.281893 
11 52100 18 1.30988 2.51481e-05 7.02493 0.213401 6.51304e-05 0.200571 0.878193 1.067 0.0670041 -2.703 0.282429 
11 52200 18 1.31239 2.51481e-05 7.02493 0.213348 -3.30386e-05 0.200576 0.877977 1.06674 0.0667416 -2.70693 0.282966 
11 52300 18 1.31491 2.51481e-05 7.02493 0.213317 2.00889e-05 0.200577 0.877846 1.06658 0.0665826 -2.70931 0.283503 
11 52400 18 1.31742 2.51481e-05 7.02493 0.213317 -1.54425e-06 0.200574 0.877847 1.06658 0.0665837 -2.7093 0.284039 
11 52500 18 1.31994 2.51481e-05 7.02493 0.213336 -1.51708e-05 0.200571 0.877928 1.06668 0.0666821 -2.70782 0.284576 
11 52600 18 1.32245 2.51481e-05 7.02493 0.213372 -1.07412e-05 0.200566 0.878075 1.06686 0.0668607 -2.70514 0.285112 
11 52700 18 1.32496 2.51481e-05 7.02493 0.213402 -2.93641e-05 0.200565 0.878198 1.06701 0.0670101 -2.70291 0.285649 
11 52800 18 1.32748 2.51481e-05 7.02493 0.213417 -7.06863e-05 0.200564 0.87826 1.06709 0.0670854 -2.70179 0.286185 
11 52900 18 1.32999 2.51481e-05 7.02493 0.213483 -9.49243e-05 0.200561 0.878531 1.06741 0.0674148 -2.69689 0.286723 
11 53000 18 1.33251 2.51481e-05 7.02493 0.213489 -7.67938e-05 0.200561 0.878556 1.06745 0.0674459 -2.69643 0.287259 
11 53100 18 1.33502 2.51481e-05 7.02493 0.213505 -5.76084e-05 0.20056 0.878622 1.06753 0.067526 -2.69524 0.287796 
11 53200 18 1.33754 2.51481e-05 7.02493 0.213489 -3.2029e-05 0.20056 0.878555 1.06744 0.0674449 -2.69644 0.288333 
11 53300 18 1.34005 2.51481e-05 7.02493 0.213457 -1.73634e-05 0.20056 0.878423 1.06728 0.0672841 -2.69883 0.28887 
11 53400 18 1.34257 2.51481e-05 7.02493 0.213416 -4.47671e-06 0.20056 0.878253 1.06708 0.067078 -2.7019 0.289407 
11 53500 18 1.34508 2.51481e-05 7.02493 0.213387 -1.24922e-06 0.200562 0.878135 1.06693 0.0669337 -2.70405 0.289943 
11 53600 18 1.3476 2.51481e-05 7.02493 0.213387 3.35283e-05 0.200563 0.878136 1.06694 0.0669353 -2.70403 0.29048 
11 53700 18 1.35011 2.51481e-05 7.02493 0.213385 5.51934e-05 0.200564 0.878129 1.06693 0.0669262 -2.70416 0.291017 
11 53800 18 1.35263 2.51481e-05 7.02493 0.213363 4.93531e-05 0.200565 0.878035 1.06681 0.0668131 -2.70586 0.291554 
11 53900 18 1.35514 2.51481e-05 7.02493 0.213361 5.66855e-05 0.200565 0.878029 1.0668 0.0668048 -2.70598 0.29209 
11 54000 18 1.35766 2.51481e-05 7.02493 0.213375 7.11492e-05 0.200566 0.878088 1.06688 0.0668763 -2.70491 0.292627 
11 54100 19 1.36015 2.51481e-05 7.02493 0.213369 4.58323e-05 0.200566 0.878063 1.06685 0.0668467 -2.70535 0.293163 
11 54200 19 1.36267 2.51481e-05 7.02493 0.213353 3.44119e-05 0.200566 0.877994 1.06676 0.0667626 -2.70661 0.2937 
11 54300 19 1.36518 2.51481e-05 7.02493 0.213332 4.7947e-05 0.200567 0.877911 1.06666 0.0666613 -2.70813 0.294236 
11 54400 19 1.3677 2.51481e-05 7.02493 0.213341 4.7611e-05 0.200567 0.877945 1.0667 0.066703 -2.7075 0.294773 
11 54500 19 1.37021 2.51481e-05 7.02493 0.213319 8.61918e-05 0.200568 0.877857 1.0666 0.0665957 -2.70912 0.295309 
11 54600 19 1.37272 2.51481e-05 7.02493 0.2133 0.000127849 0.20057 0.877778 1.0665 0.0665006 -2.71054 0.295846 
11 54700 19 1.37524 2.51481e-05 7.02493 0.213293 0.00013073 0.200569 0.87775 1.06647 0.0664663 -2.71106 0.296382 
11 54800 19 1.37775 2.51481e-05 7.02493 0.213266 0.000124898 0.200569 0.877637 1.06633 0.0663294 -2.71312 0.296919 
11 54900 19 1.38027 2.51481e-05 7.02493 0.213283 8.99634e-05 0.200568 0.877706 1.06641 0.0664126 -2.71187 0.297455 
11 55000 19 1.38278 2.51481e-05 7.02493 0.213271 0.000142476 0.200569 0.877659 1.06636 0.0663555 -2.71273 0.297992 
11 55100 19 1.3853 2.51481e-05 7.02493 0.213241 0.000163227 0.20057 0.877534 1.0662 0.0662034 -2.71502 0.298528 
11 55200 19 1.38781 2.51481e-05 7.02493 0.213246 0.000167941 0.200569 0.877554 1.06623 0.0662284 -2.71465 0.299064 
11 55300 19 1.39033 2.51481e-05 7.02493 0.21324 0.000143445 0.200567 0.877529 1.0662 0.0661983 -2.7151 0.299601 
11 55400 19 1.39284 2.51481e-05 7.02493 0.213249 0.000128356 0.200564 0.87757 1.06625 0.0662473 -2.71436 0.300137 
11 55500 19 1.39536 2.51481e-05 7.02493 0.213247 0.000137626 0.200563 0.87756 1.06624 0.0662356 -2.71454 0.300673 
11 55600 19 1.39787 2.51481e-05 7.02493 0.213274 0.000141435 0.200563 0.87767 1.06637 0.0663695 -2.71252 0.30121 
11 55700 19 1.40039 2.51481e-05 7.02493 0.213277 0.000151129 0.200561 0.877684 1.06639 0.0663866 -2.71226 0.301746 
11 55800 19 1.4029 2.51481e-05 7.02493 0.213276 0.000161088 0.200559 0.877681 1.06638 0.0663821 -2.71233 0.302282 
11 55900 19 1.40542 2.51481e-05 7.02493 0.21328 0.000151468 0.200559 0.877697 1.0664 0.0664016 -2.71203 0.302819 
11 56000 19 1.40793 2.51481e-05 7.02493 0.213274 0.000166536 0.200559 0.87767 1.06637 0.0663694 -2.71252 0.303355 
11 56100 19 1.41045 2.51481e-05 7.02493 0.213285 0.000147787 0.200559 0.877717 1.06643 0.0664263 -2.71166 0.303891 
11 56200 19 1.41296 2.51481e-05 7.02493 0.213303 0.000112932 0.200557 0.877789 1.06651 0.0665142 -2.71034 0.304428 
11 56300 19 1.41548 2.51481e-05 7.02493 0.213343 9.99312e-05 0.200557 0.877955 1.06672 0.0667152 -2.70732 0.304964 
11 56400 19 1.41799 2.51481e-05 7.02493 0.213288 9.73632e-05 0.200559 0.877729 1.06644 0.0664405 -2.71145 0.305501 
11 56500 19 1.42051 2.51481e-05 7.02493 0.213263 8.8257e-05 0.200561 0.877625 1.06631 0.0663148 -2.71334 0.306037 
11 56600 19 1.42302 2.51481e-05 7.02493 0.213247 0.000101213 0.200564 0.877558 1.06623 0.0662331 -2.71457 0.306574 
11 56700 19 1.42554 2.51481e-05 7.02493 0.213205 9.73267e-05 0.200567 0.877387 1.06603 0.066025 -2.71772 0.30711 
11 56800 19 1.42805 2.51481e-05 7.02493 0.213184 0.000100456 0.200568 0.8773 1.06592 0.0659201 -2.71931 0.307646 
11 56900 19 1.43057 2.51481e-05 7.02493 0.213176 9.6726e-05 0.20057 0.877267 1.06588 0.0658796 -2.71993 0.308182 
11 57000 19 1.43308 2.51481e-05 7.02493 0.213195 8.83002e-05 0.200567 0.877346 1.06598 0.0659758 -2.71847 0.308718 
11 57100 19 1.4356 2.51481e-05 7.02493 0.213201 8.05375e-05 0.200568 0.877372 1.06601 0.0660066 -2.718 0.309255 
11 57200 19 1.43811 2.51481e-05 7.02493 0.213197 7.89604e-05 0.200566 0.877353 1.06598 0.0659836 -2.71835 0.30979 
11 57300 20 1.4406 2.51481e-05 7.02493 0.213183 5.34326e-05 0.200565 0.877296 1.06591 0.0659147 -2.71939 0.310327 
11 57400 20 1.44312 2.51481e-05 7.02493 0.213206 6.48177e-05 0.200568 0.877391 1.06603 0.0660299 -2.71765 0.310863 
11 57500 20 1.44563 2.51481e-05 7.02493 0.213186 5.50146e-05 0.200568 0.877307 1.06593 0.0659284 -2.71919 0.3114 
11 57600 20 1.44815 2.51481e-05 7.02493 0.213153 2.05898e-05 0.200572 0.877171 1.06576 0.0657629 -2.7217 0.311936 
11 57700 20 1.45066 2.51481e-05 7.02493 0.213169 8.63842e-06 0.200567 0.877238 1.06584 0.0658436 -2.72047 0.312471 
