11 0 1 0 2.35239e-05 7.02493 0.22101 0 0.200023 0.909508 1.10505 0.105052 -2.2533 7.50531e-07 
11 100 2 0.00466949 4.70477e-05 7.02493 0.219018 3.01279e-08 0.205786 0.901308 1.09509 0.0950887 -2.35295 0.0010232 
11 200 2 0.00937426 4.70477e-05 7.02493 0.218736 2.78844e-08 0.209114 0.900147 1.09368 0.0936782 -2.36789 0.00205684 
11 300 2 0.014079 4.70477e-05 7.02493 0.218728 9.49296e-09 0.210928 0.900113 1.09364 0.0936378 -2.36832 0.00308456 
11 400 2 0.0187838 4.70477e-05 7.02493 0.218796 -2.81823e-09 0.211714 0.900395 1.09398 0.0939803 -2.36467 0.00411338 
11 500 2 0.0234886 4.70477e-05 7.02493 0.218881 1.06692e-06 0.2118 0.900743 1.0944 0.094403 -2.36018 0.00514383 
11 600 2 0.0281933 4.70477e-05 7.02493 0.218962 3.45684e-07 0.211506 0.901077 1.09481 0.0948089 -2.35589 0.00617386 
11 700 2 0.0328981 4.70477e-05 7.02493 0.219045 -1.05736e-06 0.211013 0.901422 1.09523 0.0952274 -2.35149 0.00720345 
11 800 2 0.0376029 4.70477e-05 7.02493 0.219122 -2.47378e-06 0.210433 0.901735 1.09561 0.0956076 -2.3475 0.0082348 
11 900 2 0.0423077 4.70477e-05 7.02493 0.219193 -3.44545e-06 0.20982 0.90203 1.09597 0.0959659 -2.34376 0.00926553 
11 1000 2 0.0470124 4.70477e-05 7.02493 0.219258 -8.44544e-06 0.209205 0.902294 1.09629 0.0962875 -2.34042 0.010297 
11 1100 2 0.0517172 4.70477e-05 7.02493 0.219311 -7.05076e-06 0.208604 0.902514 1.09655 0.0965548 -2.33764 0.011329 
11 1200 2 0.056422 4.70477e-05 7.02493 0.219356 -6.4153e-06 0.208028 0.902699 1.09678 0.0967791 -2.33532 0.0123604 
11 1300 2 0.0611267 4.70477e-05 7.02493 0.219391 -5.30233e-06 0.207476 0.902843 1.09695 0.0969548 -2.33351 0.0133927 
11 1400 2 0.0658315 4.70477e-05 7.02493 0.219421 -2.19622e-06 0.206956 0.902966 1.0971 0.0971041 -2.33197 0.0144251 
11 1500 2 0.0705363 4.70477e-05 7.02493 0.219446 3.94544e-06 0.206472 0.903071 1.09723 0.0972316 -2.33066 0.0154571 
11 1600 2 0.0752411 4.70477e-05 7.02493 0.219473 8.86289e-06 0.206019 0.903181 1.09737 0.0973654 -2.32928 0.0164899 
11 1700 2 0.0799458 4.70477e-05 7.02493 0.219496 1.79537e-05 0.205597 0.903277 1.09748 0.0974818 -2.32809 0.0175226 
11 1800 3 0.0846107 4.70477e-05 7.02493 0.219512 1.08607e-05 0.205204 0.903342 1.09756 0.0975599 -2.32729 0.0185545 
11 1900 3 0.0893154 4.70477e-05 7.02493 0.219524 6.06821e-07 0.204843 0.903389 1.09762 0.097618 -2.32669 0.0195877 
11 2000 3 0.0940202 4.70477e-05 7.02493 0.219533 -1.20608e-05 0.204506 0.903429 1.09767 0.0976661 -2.3262 0.0206205 
11 2100 3 0.098725 4.70477e-05 7.02493 0.21954 -1.24516e-05 0.204199 0.903457 1.0977 0.0977001 -2.32585 0.0216529 
11 2200 3 0.10343 4.70477e-05 7.02493 0.219544 -9.99549e-06 0.20392 0.903474 1.09772 0.0977214 -2.32563 0.022686 
11 2300 3 0.108135 4.70477e-05 7.02493 0.219544 -8.00723e-06 0.20366 0.903474 1.09772 0.0977211 -2.32564 0.0237191 
11 2400 3 0.112839 4.70477e-05 7.02493 0.219537 -6.21133e-06 0.203413 0.903446 1.09769 0.0976865 -2.32599 0.0247518 
11 2500 3 0.117544 4.70477e-05 7.02493 0.219536 -1.95683e-06 0.203184 0.903438 1.09768 0.0976777 -2.32608 0.0257842 
11 2600 3 0.122249 4.70477e-05 7.02493 0.219527 -4.21213e-06 0.202967 0.903404 1.09764 0.097636 -2.32651 0.0268173 
11 2700 3 0.126954 4.70477e-05 7.02493 0.219526 1.10897e-05 0.202776 0.903398 1.09763 0.0976286 -2.32658 0.0278499 
11 2800 3 0.131658 4.70477e-05 7.02493 0.21952 1.77238e-05 0.202595 0.903375 1.0976 0.0976012 -2.32687 0.0288826 
11 2900 3 0.136363 4.70477e-05 7.02493 0.219517 1.4581e-05 0.202425 0.903362 1.09758 0.0975848 -2.32703 0.0299153 
11 3000 3 0.141068 4.70477e-05 7.02493 0.219502 2.68132e-05 0.202264 0.903298 1.09751 0.0975076 -2.32783 0.0309481 
11 3100 3 0.145773 4.70477e-05 7.02493 0.21948 2.99088e-05 0.202112 0.903209 1.0974 0.0973989 -2.32894 0.0319803 
11 3200 3 0.150477 4.70477e-05 7.02493 0.219452 1.2605e-05 0.201965 0.903094 1.09726 0.0972587 -2.33038 0.0330128 
11 3300 3 0.155182 4.70477e-05 7.02493 0.21942 9.45055e-06 0.201827 0.902963 1.0971 0.0971001 -2.33201 0.0340452 
11 3400 3 0.159887 4.70477e-05 7.02493 0.2194 1.38644e-05 0.201711 0.902882 1.097 0.0970017 -2.33303 0.0350794 
11 3500 4 0.164564 4.70477e-05 7.02493 0.219384 1.04246e-05 0.201603 0.902814 1.09692 0.0969189 -2.33388 0.0361121 
11 3600 4 0.169268 4.70477e-05 7.02493 0.219379 3.26077e-06 0.201513 0.902793 1.09689 0.096893 -2.33415 0.0371438 
11 3700 4 0.173973 4.70477e-05 7.02493 0.219373 8.17399e-06 0.201429 0.902771 1.09687 0.0968674 -2.33441 0.0381756 
11 3800 4 0.178678 4.70477e-05 7.02493 0.219365 7.02532e-06 0.201348 0.902735 1.09682 0.096823 -2.33487 0.0392088 
11 3900 4 0.183383 4.70477e-05 7.02493 0.219362 6.22458e-06 0.201272 0.902724 1.09681 0.0968099 -2.33501 0.040238 
11 4000 4 0.188087 4.70477e-05 7.02493 0.219337 5.92834e-06 0.201198 0.902621 1.09669 0.0966851 -2.3363 0.0412674 
11 4100 4 0.192792 4.70477e-05 7.02493 0.219304 -5.44563e-06 0.201131 0.902487 1.09652 0.0965214 -2.33799 0.0423015 
11 4200 4 0.197497 4.70477e-05 7.02493 0.219294 -7.64934e-06 0.201073 0.902443 1.09647 0.0964685 -2.33854 0.0433332 
11 4300 4 0.202202 4.70477e-05 7.02493 0.219264 -8.97853e-06 0.201016 0.90232 1.09632 0.0963193 -2.34009 0.0443611 
11 4400 4 0.206907 4.70477e-05 7.02493 0.219244 2.45034e-06 0.200971 0.902237 1.09622 0.0962184 -2.34113 0.0453932 
11 4500 4 0.211611 4.70477e-05 7.02493 0.21923 -1.01318e-06 0.200931 0.902182 1.09615 0.0961513 -2.34183 0.0464246 
11 4600 4 0.216316 4.70477e-05 7.02493 0.219243 -2.27559e-06 0.200897 0.902236 1.09622 0.0962171 -2.34115 0.0474579 
11 4700 4 0.221021 4.70477e-05 7.02493 0.219234 1.45455e-07 0.200862 0.902199 1.09617 0.0961715 -2.34162 0.0484913 
11 4800 4 0.225726 4.70477e-05 7.02493 0.219239 -5.22282e-06 0.20083 0.902217 1.09619 0.0961933 -2.3414 0.0495233 
11 4900 4 0.23043 4.70477e-05 7.02493 0.219254 2.40228e-06 0.2008 0.902278 1.09627 0.0962676 -2.34062 0.0505546 
11 5000 4 0.235135 4.70477e-05 7.02493 0.219244 2.07328e-05 0.200772 0.902238 1.09622 0.0962196 -2.34112 0.0515854 
11 5100 4 0.23984 4.70477e-05 7.02493 0.219195 1.95244e-05 0.200741 0.902036 1.09597 0.0959739 -2.34368 0.052614 
11 5200 5 0.244517 4.70477e-05 7.02493 0.219178 7.72747e-06 0.200717 0.901966 1.09589 0.0958891 -2.34456 0.053646 
11 5300 5 0.249221 4.70477e-05 7.02493 0.219127 2.83284e-06 0.200695 0.901757 1.09564 0.0956352 -2.34721 0.0546766 
11 5400 5 0.253926 4.70477e-05 7.02493 0.219105 -8.32618e-06 0.200673 0.901668 1.09553 0.0955266 -2.34835 0.0557071 
11 5500 5 0.258631 4.70477e-05 7.02493 0.219097 -1.89888e-05 0.200657 0.901632 1.09548 0.0954827 -2.34881 0.0567403 
11 5600 5 0.263336 4.70477e-05 7.02493 0.219093 -2.2855e-05 0.20064 0.901616 1.09546 0.0954635 -2.34901 0.0577709 
11 5700 5 0.26804 4.70477e-05 7.02493 0.219074 -3.11833e-05 0.200622 0.90154 1.09537 0.0953717 -2.34997 0.0588009 
11 5800 5 0.272745 4.70477e-05 7.02493 0.219063 -3.42187e-05 0.200609 0.901495 1.09532 0.0953163 -2.35055 0.0598311 
11 5900 5 0.27745 4.70477e-05 7.02493 0.219031 -4.15592e-05 0.200589 0.901362 1.09515 0.0951546 -2.35225 0.0608643 
11 6000 5 0.282155 4.70477e-05 7.02493 0.21903 -3.6169e-05 0.200573 0.901356 1.09515 0.0951477 -2.35233 0.0618947 
11 6100 5 0.28686 4.70477e-05 7.02493 0.218975 -3.79998e-05 0.20056 0.901133 1.09488 0.0948765 -2.35518 0.0629219 
11 6200 5 0.291564 4.70477e-05 7.02493 0.218935 -3.77183e-05 0.200547 0.900966 1.09467 0.0946736 -2.35732 0.0639515 
11 6300 5 0.296269 4.70477e-05 7.02493 0.218917 -2.96134e-05 0.200532 0.900893 1.09458 0.0945848 -2.35826 0.0649843 
11 6400 5 0.300974 4.70477e-05 7.02493 0.218927 -1.47379e-05 0.200523 0.900935 1.09464 0.0946355 -2.35772 0.0660132 
11 6500 5 0.305679 4.70477e-05 7.02493 0.21894 -7.87738e-06 0.200512 0.900989 1.0947 0.0947012 -2.35703 0.0670429 
11 6600 5 0.310383 4.70477e-05 7.02493 0.218943 1.02019e-05 0.200503 0.900999 1.09471 0.0947141 -2.35689 0.0680721 
11 6700 5 0.315088 4.70477e-05 7.02493 0.21892 1.92345e-05 0.200486 0.900906 1.0946 0.0946003 -2.35809 0.0691031 
11 6800 5 0.319793 4.70477e-05 7.02493 0.218911 3.15354e-05 0.200479 0.900868 1.09455 0.0945548 -2.35858 0.0701313 
11 6900 6 0.32447 4.70477e-05 7.02493 0.218882 3.86259e-05 0.200476 0.900749 1.09441 0.0944099 -2.36011 0.0711602 
11 7000 6 0.329174 4.70477e-05 7.02493 0.218878 1.53707e-05 0.20047 0.900732 1.09439 0.0943896 -2.36032 0.0721896 
11 7100 6 0.333879 4.70477e-05 7.02493 0.218856 2.79561e-06 0.20046 0.90064 1.09428 0.094278 -2.36151 0.0732207 
11 7200 6 0.338584 4.70477e-05 7.02493 0.218816 4.86682e-06 0.200457 0.900479 1.09408 0.0940816 -2.36359 0.0742518 
11 7300 6 0.343289 4.70477e-05 7.02493 0.218789 2.0293e-05 0.20045 0.900367 1.09395 0.0939462 -2.36503 0.0752802 
11 7400 6 0.347993 4.70477e-05 7.02493 0.218783 2.03634e-05 0.200441 0.900343 1.09392 0.0939162 -2.36535 0.0763089 
11 7500 6 0.352698 4.70477e-05 7.02493 0.218774 1.22366e-05 0.200433 0.900304 1.09387 0.0938699 -2.36585 0.0773391 
11 7600 6 0.357403 4.70477e-05 7.02493 0.218802 -1.1421e-06 0.200423 0.900419 1.09401 0.0940096 -2.36436 0.0783693 
11 7700 6 0.362108 4.70477e-05 7.02493 0.218782 -1.93968e-05 0.200416 0.900336 1.09391 0.0939081 -2.36544 0.0794 
11 7800 6 0.366812 4.70477e-05 7.02493 0.218758 -1.79704e-05 0.200409 0.90024 1.09379 0.0937914 -2.36668 0.0804309 
11 7900 6 0.371517 4.70477e-05 7.02493 0.218735 -1.36011e-05 0.200404 0.900142 1.09367 0.0936725 -2.36795 0.0814611 
11 8000 6 0.376222 4.70477e-05 7.02493 0.218662 -6.22875e-06 0.200401 0.899845 1.09331 0.0933114 -2.37181 0.0824894 
11 8100 6 0.380927 4.70477e-05 7.02493 0.218623 -4.72876e-06 0.200396 0.899684 1.09312 0.0931164 -2.3739 0.0835155 
11 8200 6 0.385632 4.70477e-05 7.02493 0.218632 -3.28601e-06 0.200389 0.89972 1.09316 0.0931603 -2.37343 0.0845495 
11 8300 6 0.390336 4.70477e-05 7.02493 0.218636 -1.20376e-05 0.20039 0.899736 1.09318 0.0931793 -2.37323 0.0855826 
11 8400 6 0.395041 4.70477e-05 7.02493 0.218665 -1.75978e-05 0.200382 0.899857 1.09333 0.0933257 -2.37166 0.086609 
11 8500 6 0.399746 4.70477e-05 7.02493 0.218658 -9.32487e-06 0.200377 0.899829 1.09329 0.0932919 -2.37202 0.0876384 
11 8600 7 0.404422 4.70477e-05 7.02493 0.2186 4.32294e-07 0.200375 0.899587 1.093 0.0929979 -2.37518 0.0886551 
11 8700 7 0.409127 4.70477e-05 7.02493 0.218519 -8.96047e-06 0.200375 0.899256 1.0926 0.092596 -2.37951 0.0896833 
11 8800 7 0.413832 4.70477e-05 7.02493 0.218481 3.38233e-05 0.200371 0.899099 1.09241 0.0924055 -2.38157 0.0907123 
11 8900 7 0.418537 4.70477e-05 7.02493 0.218521 4.23489e-05 0.200366 0.899262 1.0926 0.0926038 -2.37943 0.0917406 
11 9000 7 0.423242 4.70477e-05 7.02493 0.218556 4.28208e-05 0.20036 0.899408 1.09278 0.0927805 -2.37752 0.0927692 
11 9100 7 0.427946 4.70477e-05 7.02493 0.218514 4.63902e-05 0.200351 0.899235 1.09257 0.0925707 -2.37978 0.0938019 
11 9200 7 0.432651 4.70477e-05 7.02493 0.218476 5.96212e-05 0.200349 0.89908 1.09238 0.0923822 -2.38182 0.0948246 
11 9300 7 0.437356 4.70477e-05 7.02493 0.218475 2.57901e-05 0.200346 0.899073 1.09237 0.0923731 -2.38192 0.095857 
11 9400 7 0.442061 4.70477e-05 7.02493 0.218495 5.97167e-06 0.200339 0.899155 1.09247 0.0924728 -2.38084 0.0968833 
11 9500 7 0.446765 4.70477e-05 7.02493 0.21849 1.5727e-07 0.200339 0.899138 1.09245 0.0924521 -2.38106 0.0979107 
11 9600 7 0.45147 4.70477e-05 7.02493 0.218439 -1.64247e-06 0.200338 0.898927 1.0922 0.0921966 -2.38383 0.098941 
11 9700 7 0.456175 4.70477e-05 7.02493 0.218444 -7.98575e-06 0.200334 0.898946 1.09222 0.0922195 -2.38358 0.0999676 
11 9800 7 0.46088 4.70477e-05 7.02493 0.218457 -1.05998e-05 0.200333 0.899001 1.09229 0.0922862 -2.38286 0.100994 
11 9900 7 0.465585 4.70477e-05 7.02493 0.218414 -1.07195e-05 0.200336 0.898824 1.09207 0.092071 -2.3852 0.102021 
11 10000 7 0.470289 4.70477e-05 7.02493 0.218355 -2.96688e-05 0.200335 0.89858 1.09178 0.091775 -2.38841 0.103048 
11 10100 7 0.474994 4.70477e-05 7.02493 0.218339 1.05375e-06 0.200331 0.898512 1.09169 0.0916925 -2.38931 0.104076 
11 10200 7 0.479699 4.70477e-05 7.02493 0.218359 2.23983e-05 0.200326 0.898597 1.0918 0.0917958 -2.38819 0.105104 
11 10300 8 0.484375 4.70477e-05 7.02493 0.218342 1.41748e-05 0.200322 0.898526 1.09171 0.0917085 -2.38914 0.106132 
11 10400 8 0.48908 4.70477e-05 7.02493 0.218304 -1.36752e-06 0.200321 0.89837 1.09152 0.0915202 -2.3912 0.107161 
11 10500 8 0.493785 4.70477e-05 7.02493 0.218322 2.37433e-06 0.200316 0.898443 1.09161 0.091608 -2.39024 0.108189 
11 10600 8 0.49849 4.70477e-05 7.02493 0.218337 -3.00958e-06 0.20031 0.898505 1.09168 0.0916835 -2.38941 0.109216 
11 10700 8 0.503195 4.70477e-05 7.02493 0.218323 1.22846e-06 0.200312 0.89845 1.09162 0.0916167 -2.39014 0.110237 
11 10800 8 0.507899 4.70477e-05 7.02493 0.218302 2.92821e-06 0.200309 0.898363 1.09151 0.0915115 -2.39129 0.111272 
11 10900 8 0.512604 4.70477e-05 7.02493 0.218285 9.70521e-06 0.200309 0.898293 1.09143 0.0914257 -2.39223 0.112294 
11 11000 8 0.517309 4.70477e-05 7.02493 0.218247 -1.03085e-05 0.20031 0.898135 1.09123 0.0912334 -2.39433 0.11332 
11 11100 8 0.522014 4.70477e-05 7.02493 0.218286 -2.64432e-05 0.200305 0.898296 1.09143 0.0914297 -2.39219 0.114347 
11 11200 8 0.526718 4.70477e-05 7.02493 0.218256 -1.04073e-05 0.200306 0.898172 1.09128 0.0912789 -2.39384 0.115373 
11 11300 8 0.531423 4.70477e-05 7.02493 0.218212 -1.54349e-05 0.200308 0.897993 1.09106 0.0910612 -2.39622 0.1164 
11 11400 8 0.536128 4.70477e-05 7.02493 0.218209 -1.86683e-05 0.200305 0.897981 1.09105 0.0910465 -2.39639 0.117429 
11 11500 8 0.540833 4.70477e-05 7.02493 0.218228 -2.68916e-05 0.200299 0.898058 1.09114 0.0911402 -2.39536 0.118456 
11 11600 8 0.545537 4.70477e-05 7.02493 0.21825 -1.51702e-05 0.200297 0.898147 1.09125 0.091248 -2.39417 0.119482 
11 11700 8 0.550242 4.70477e-05 7.02493 0.218237 -6.70944e-06 0.200294 0.898093 1.09118 0.0911827 -2.39489 0.120509 
11 11800 8 0.554947 4.70477e-05 7.02493 0.21824 8.71413e-06 0.200293 0.898108 1.0912 0.0912016 -2.39468 0.121535 
11 11900 8 0.559652 4.70477e-05 7.02493 0.218234 -3.35954e-06 0.200291 0.898083 1.09117 0.0911708 -2.39502 0.122556 
11 12000 9 0.564328 4.70477e-05 7.02493 0.218207 -2.9947e-05 0.200289 0.897972 1.09104 0.0910365 -2.39649 0.12358 
11 12100 9 0.569033 4.70477e-05 7.02493 0.218216 -2.82103e-05 0.200287 0.898009 1.09108 0.0910813 -2.396 0.124614 
11 12200 9 0.573738 4.70477e-05 7.02493 0.218189 -3.17256e-05 0.200289 0.897895 1.09094 0.090943 -2.39752 0.125639 
11 12300 9 0.578443 4.70477e-05 7.02493 0.218082 -8.70617e-06 0.200295 0.897458 1.09041 0.0904118 -2.40338 0.126664 
11 12400 9 0.583147 4.70477e-05 7.02493 0.218061 5.08205e-06 0.200298 0.897369 1.0903 0.090303 -2.40458 0.127691 
11 12500 9 0.587852 4.70477e-05 7.02493 0.218048 1.27407e-05 0.200295 0.897317 1.09024 0.0902403 -2.40528 0.128719 
11 12600 9 0.592557 4.70477e-05 7.02493 0.218063 1.21871e-05 0.200292 0.897377 1.09031 0.0903132 -2.40447 0.129745 
11 12700 9 0.597262 4.70477e-05 7.02493 0.218043 1.15579e-05 0.200292 0.897294 1.09021 0.0902125 -2.40559 0.13077 
11 12800 9 0.601967 4.70477e-05 7.02493 0.218015 1.91666e-06 0.200292 0.89718 1.09007 0.0900743 -2.40712 0.131796 
11 12900 9 0.606671 4.70477e-05 7.02493 0.218029 5.56868e-06 0.200289 0.897237 1.09014 0.0901431 -2.40636 0.132824 
11 13000 9 0.611376 4.70477e-05 7.02493 0.21803 2.68335e-06 0.200286 0.897242 1.09015 0.0901485 -2.4063 0.133847 
11 13100 9 0.616081 4.70477e-05 7.02493 0.218005 7.54202e-06 0.200285 0.897141 1.09003 0.0900267 -2.40765 0.134875 
11 13200 9 0.620786 4.70477e-05 7.02493 0.217996 1.18772e-05 0.200284 0.897104 1.08998 0.0899818 -2.40815 0.135901 
11 13300 9 0.62549 4.70477e-05 7.02493 0.218012 2.37406e-05 0.200281 0.897169 1.09006 0.0900602 -2.40728 0.136924 
11 13400 9 0.630195 4.70477e-05 7.02493 0.218019 2.48729e-05 0.20028 0.897199 1.0901 0.0900967 -2.40687 0.137949 
11 13500 9 0.6349 4.70477e-05 7.02493 0.218015 3.7302e-05 0.200281 0.89718 1.09007 0.090074 -2.40712 0.138974 
11 13600 9 0.639605 4.70477e-05 7.02493 0.218013 3.28276e-05 0.200277 0.897173 1.09006 0.0900648 -2.40723 0.140002 
11 13700 10 0.644281 4.70477e-05 7.02493 0.217997 1.80399e-05 0.200279 0.897107 1.08999 0.0899851 -2.40811 0.141029 
11 13800 10 0.648986 4.70477e-05 7.02493 0.217967 6.73293e-06 0.200279 0.896985 1.08984 0.0898365 -2.40976 0.142054 
11 13900 10 0.653691 4.70477e-05 7.02493 0.217964 1.20519e-05 0.200279 0.896971 1.08982 0.0898192 -2.40996 0.143079 
11 14000 10 0.658396 4.70477e-05 7.02493 0.217965 -4.52456e-06 0.200276 0.896976 1.08983 0.0898264 -2.40988 0.144101 
11 14100 10 0.6631 4.70477e-05 7.02493 0.217932 -1.0097e-05 0.200278 0.896838 1.08966 0.0896585 -2.41175 0.145126 
11 14200 10 0.667805 4.70477e-05 7.02493 0.217915 2.17947e-05 0.200279 0.89677 1.08958 0.0895757 -2.41267 0.146156 
11 14300 10 0.67251 4.70477e-05 7.02493 0.217943 9.19271e-05 0.200276 0.896887 1.08972 0.0897171 -2.41109 0.147182 
11 14400 10 0.677215 4.70477e-05 7.02493 0.217943 8.43289e-05 0.200275 0.896884 1.08971 0.0897141 -2.41113 0.148202 
11 14500 10 0.68192 4.70477e-05 7.02493 0.21791 6.59104e-05 0.200272 0.896749 1.08955 0.0895503 -2.41295 0.149233 
11 14600 10 0.686624 4.70477e-05 7.02493 0.217913 6.20831e-05 0.200271 0.896761 1.08956 0.0895646 -2.4128 0.150257 
11 14700 10 0.691329 4.70477e-05 7.02493 0.217951 6.65446e-05 0.200268 0.896917 1.08975 0.089754 -2.41068 0.151282 
11 14800 10 0.696034 4.70477e-05 7.02493 0.217921 4.41016e-05 0.20027 0.896796 1.08961 0.0896074 -2.41232 0.152297 
11 14900 10 0.700739 4.70477e-05 7.02493 0.217878 3.34927e-05 0.20027 0.896617 1.08939 0.0893894 -2.41475 0.153325 
11 15000 10 0.705443 4.70477e-05 7.02493 0.217837 2.7577e-05 0.200271 0.896447 1.08918 0.0891825 -2.41707 0.154357 
11 15100 10 0.710148 4.70477e-05 7.02493 0.217812 1.66446e-05 0.200272 0.896345 1.08906 0.0890588 -2.41846 0.155373 
11 15200 10 0.714853 4.70477e-05 7.02493 0.217796 1.38712e-05 0.200275 0.896278 1.08898 0.0889781 -2.41937 0.156407 
11 15300 10 0.719558 4.70477e-05 7.02493 0.217775 6.80586e-06 0.200274 0.896194 1.08888 0.0888755 -2.42052 0.157432 
11 15400 11 0.724234 4.70477e-05 7.02493 0.217784 1.70971e-06 0.200271 0.896231 1.08892 0.0889204 -2.42001 0.158451 
11 15500 11 0.728939 4.70477e-05 7.02493 0.217749 -5.28879e-06 0.200273 0.896085 1.08874 0.0887436 -2.422 0.159478 
11 15600 11 0.733644 4.70477e-05 7.02493 0.21774 -8.84176e-06 0.200273 0.896048 1.0887 0.0886978 -2.42252 0.160504 
11 15700 11 0.738349 4.70477e-05 7.02493 0.217669 1.62972e-05 0.200279 0.895759 1.08835 0.0883471 -2.42648 0.161528 
11 15800 11 0.743053 4.70477e-05 7.02493 0.217669 4.09765e-06 0.200276 0.895758 1.08835 0.0883461 -2.42649 0.162554 
11 15900 11 0.747758 4.70477e-05 7.02493 0.217678 1.15398e-05 0.200273 0.895794 1.08839 0.0883897 -2.426 0.163577 
11 16000 11 0.752463 4.70477e-05 7.02493 0.217643 1.46168e-05 0.200274 0.895651 1.08822 0.0882159 -2.42797 0.164602 
11 16100 11 0.757168 4.70477e-05 7.02493 0.217637 4.25889e-06 0.200273 0.895627 1.08819 0.0881862 -2.4283 0.165626 
11 16200 11 0.761872 4.70477e-05 7.02493 0.217673 -1.35803e-05 0.200269 0.895773 1.08836 0.0883648 -2.42628 0.166652 
11 16300 11 0.766577 4.70477e-05 7.02493 0.21768 -1.7534e-05 0.200269 0.895803 1.0884 0.0884009 -2.42587 0.167673 
11 16400 11 0.771282 4.70477e-05 7.02493 0.217644 -2.88031e-05 0.20027 0.895653 1.08822 0.0882186 -2.42794 0.168695 
11 16500 11 0.775987 4.70477e-05 7.02493 0.217645 -3.49743e-05 0.20027 0.89566 1.08823 0.0882263 -2.42785 0.169719 
11 16600 11 0.780692 4.70477e-05 7.02493 0.217637 -2.36394e-05 0.200272 0.895627 1.08819 0.0881868 -2.4283 0.170744 
11 16700 11 0.785396 4.70477e-05 7.02493 0.217585 -8.57381e-06 0.200275 0.895412 1.08793 0.0879257 -2.43126 0.171767 
11 16800 11 0.790101 4.70477e-05 7.02493 0.217589 -8.09114e-06 0.200273 0.895429 1.08795 0.0879467 -2.43102 0.172795 
11 16900 11 0.794806 4.70477e-05 7.02493 0.217589 -1.05046e-05 0.20027 0.895428 1.08795 0.0879451 -2.43104 0.173817 
11 17000 11 0.799511 4.70477e-05 7.02493 0.217587 1.60325e-06 0.20027 0.895421 1.08794 0.0879363 -2.43114 0.174842 
11 17100 12 0.804187 4.70477e-05 7.02493 0.217612 1.08857e-05 0.200267 0.895522 1.08806 0.0880592 -2.42975 0.175867 
11 17200 12 0.808892 4.70477e-05 7.02493 0.217582 1.39521e-05 0.200271 0.895401 1.08791 0.0879121 -2.43142 0.176889 
11 17300 12 0.813597 4.70477e-05 7.02493 0.217571 4.32869e-06 0.200268 0.895355 1.08786 0.0878561 -2.43206 0.177913 
11 17400 12 0.818302 4.70477e-05 7.02493 0.217573 -5.53512e-06 0.200266 0.895364 1.08787 0.087867 -2.43193 0.178937 
11 17500 12 0.823006 4.70477e-05 7.02493 0.217588 -1.77216e-05 0.200265 0.895426 1.08794 0.0879423 -2.43107 0.17996 
11 17600 12 0.827711 4.70477e-05 7.02493 0.217581 -1.58993e-05 0.200263 0.895394 1.0879 0.0879036 -2.43151 0.180983 
11 17700 12 0.832416 4.70477e-05 7.02493 0.217611 8.23135e-06 0.200261 0.895517 1.08805 0.0880527 -2.42982 0.181998 
11 17800 12 0.837121 4.70477e-05 7.02493 0.217609 5.74116e-06 0.200262 0.895511 1.08805 0.0880458 -2.4299 0.183032 
11 17900 12 0.841825 4.70477e-05 7.02493 0.217581 -1.03549e-05 0.200262 0.895396 1.08791 0.0879067 -2.43148 0.184045 
11 18000 12 0.84653 4.70477e-05 7.02493 0.217565 -1.3784e-05 0.200263 0.895329 1.08782 0.0878246 -2.43241 0.185079 
11 18100 12 0.851235 4.70477e-05 7.02493 0.217525 -1.45035e-05 0.200266 0.895163 1.08762 0.0876227 -2.43472 0.186093 
11 18200 12 0.85594 4.70477e-05 7.02493 0.217483 -1.00755e-05 0.200269 0.894993 1.08742 0.0874169 -2.43707 0.187119 
11 18300 12 0.860645 4.70477e-05 7.02493 0.217489 -4.30447e-06 0.200268 0.895015 1.08744 0.0874426 -2.43677 0.188149 
11 18400 12 0.865349 4.70477e-05 7.02493 0.217464 1.13485e-06 0.200268 0.894913 1.08732 0.087319 -2.43819 0.189172 
11 18500 12 0.870054 4.70477e-05 7.02493 0.21747 6.67328e-06 0.200267 0.894939 1.08735 0.0873504 -2.43783 0.190189 
11 18600 12 0.874759 4.70477e-05 7.02493 0.217464 -1.24549e-06 0.200267 0.894912 1.08732 0.0873181 -2.4382 0.191217 
11 18700 12 0.879464 4.70477e-05 7.02493 0.217407 -5.12999e-06 0.200272 0.894678 1.08703 0.0870336 -2.44146 0.192238 
11 18800 13 0.88414 4.70477e-05 7.02493 0.217426 -1.50431e-05 0.200268 0.894759 1.08713 0.0871318 -2.44033 0.193265 
11 18900 13 0.888845 4.70477e-05 7.02493 0.217421 -2.52418e-05 0.200266 0.894738 1.08711 0.0871071 -2.44062 0.194286 
11 19000 13 0.89355 4.70477e-05 7.02493 0.217423 -2.21757e-05 0.200265 0.894745 1.08711 0.0871146 -2.44053 0.195311 
11 19100 13 0.898255 4.70477e-05 7.02493 0.217423 -1.35665e-05 0.200264 0.894746 1.08712 0.0871165 -2.44051 0.196336 
11 19200 13 0.902959 4.70477e-05 7.02493 0.21742 -6.50164e-06 0.200265 0.894731 1.0871 0.087098 -2.44072 0.197358 
11 19300 13 0.907664 4.70477e-05 7.02493 0.217421 2.6671e-06 0.200264 0.894738 1.08711 0.0871065 -2.44062 0.198381 
11 19400 13 0.912369 4.70477e-05 7.02493 0.217429 8.98509e-06 0.200263 0.894769 1.08714 0.0871441 -2.44019 0.199403 
11 19500 13 0.917074 4.70477e-05 7.02493 0.217427 2.54845e-06 0.200263 0.894763 1.08714 0.0871368 -2.44028 0.200425 
11 19600 13 0.921778 4.70477e-05 7.02493 0.217398 -2.15328e-06 0.200265 0.894643 1.08699 0.0869909 -2.44195 0.201449 
11 19700 13 0.926483 4.70477e-05 7.02493 0.217362 2.88323e-06 0.200267 0.894496 1.08681 0.0868123 -2.44401 0.202472 
11 19800 13 0.931188 4.70477e-05 7.02493 0.217328 -2.13408e-06 0.200269 0.894355 1.08664 0.0866417 -2.44597 0.203495 
11 19900 13 0.935893 4.70477e-05 7.02493 0.217304 -1.78225e-06 0.200267 0.894255 1.08652 0.0865195 -2.44739 0.204517 
11 20000 13 0.940597 4.70477e-05 7.02493 0.217315 1.32214e-05 0.200267 0.894299 1.08657 0.0865733 -2.44676 0.205539 
11 20100 13 0.945302 4.70477e-05 7.02493 0.217324 2.96927e-05 0.200265 0.894338 1.08662 0.0866206 -2.44622 0.206561 
11 20200 13 0.950007 4.70477e-05 7.02493 0.217279 3.05493e-05 0.20027 0.89415 1.08639 0.0863928 -2.44885 0.207584 
11 20300 13 0.954712 4.70477e-05 7.02493 0.217299 1.42549e-05 0.200267 0.894236 1.0865 0.0864961 -2.44766 0.208607 
11 20400 13 0.959417 4.70477e-05 7.02493 0.217304 1.06448e-05 0.200265 0.894255 1.08652 0.0865201 -2.44738 0.209624 
11 20500 14 0.964093 4.70477e-05 7.02493 0.217265 8.98575e-06 0.200267 0.894094 1.08632 0.0863243 -2.44964 0.210641 
11 20600 14 0.968798 4.70477e-05 7.02493 0.217261 1.98667e-06 0.200265 0.894079 1.08631 0.0863066 -2.44985 0.211662 
11 20700 14 0.973503 4.70477e-05 7.02493 0.217267 3.03406e-06 0.200262 0.894104 1.08634 0.0863368 -2.4495 0.212685 
11 20800 14 0.978207 4.70477e-05 7.02493 0.217267 8.86912e-07 0.200264 0.894103 1.08634 0.0863356 -2.44951 0.213718 
11 20900 14 0.982912 4.70477e-05 7.02493 0.217271 -1.42854e-05 0.200263 0.894119 1.08635 0.0863549 -2.44929 0.214734 
11 21000 14 0.987617 4.70477e-05 7.02493 0.217234 -1.12343e-05 0.200264 0.893967 1.08617 0.0861698 -2.45144 0.215752 
11 21100 14 0.992322 4.70477e-05 7.02493 0.217232 3.84507e-06 0.200265 0.89396 1.08616 0.0861618 -2.45153 0.216777 
11 21200 14 0.997027 4.70477e-05 7.02493 0.217211 1.23104e-05 0.200268 0.893874 1.08606 0.0860567 -2.45275 0.217797 
11 21300 14 1.00173 4.70477e-05 7.02493 0.217223 1.35088e-05 0.200266 0.893923 1.08612 0.0861159 -2.45206 0.218823 
11 21400 14 1.00644 4.70477e-05 7.02493 0.217188 4.92515e-06 0.200267 0.893779 1.08594 0.0859419 -2.45408 0.219842 
11 21500 14 1.01114 4.70477e-05 7.02493 0.217195 4.10291e-06 0.200267 0.893807 1.08598 0.0859756 -2.45369 0.22087 
11 21600 14 1.01585 4.70477e-05 7.02493 0.217176 -7.04504e-06 0.200266 0.89373 1.08588 0.0858823 -2.45478 0.221891 
11 21700 14 1.02055 4.70477e-05 7.02493 0.217132 -4.74196e-07 0.20027 0.893545 1.08566 0.0856578 -2.4574 0.222912 
11 21800 14 1.02526 4.70477e-05 7.02493 0.217127 1.1479e-05 0.200267 0.893527 1.08564 0.0856352 -2.45766 0.223934 
11 21900 14 1.02996 4.70477e-05 7.02493 0.217151 9.18217e-06 0.200266 0.893628 1.08576 0.0857575 -2.45623 0.224956 
11 22000 14 1.03466 4.70477e-05 7.02493 0.217142 -4.67315e-07 0.200265 0.893586 1.08571 0.0857075 -2.45681 0.225976 
11 22100 14 1.03937 4.70477e-05 7.02493 0.217153 2.92578e-06 0.200263 0.893634 1.08577 0.0857654 -2.45614 0.227001 
11 22200 15 1.04405 4.70477e-05 7.02493 0.217177 -5.51343e-06 0.200261 0.893734 1.08589 0.0858868 -2.45473 0.228022 
11 22300 15 1.04875 4.70477e-05 7.02493 0.217187 -1.34126e-05 0.200261 0.893773 1.08593 0.0859338 -2.45418 0.229047 
11 22400 15 1.05346 4.70477e-05 7.02493 0.217186 -2.30005e-06 0.20026 0.893771 1.08593 0.0859319 -2.4542 0.230066 
11 22500 15 1.05816 4.70477e-05 7.02493 0.217151 -7.75457e-06 0.200262 0.893627 1.08576 0.0857572 -2.45624 0.231086 
11 22600 15 1.06287 4.70477e-05 7.02493 0.217119 -1.0852e-05 0.200264 0.893495 1.0856 0.0855964 -2.45811 0.232106 
11 22700 15 1.06757 4.70477e-05 7.02493 0.217098 -9.61895e-06 0.200267 0.893409 1.08549 0.0854925 -2.45933 0.233128 
11 22800 15 1.07227 4.70477e-05 7.02493 0.217089 -9.4943e-06 0.200267 0.893369 1.08544 0.0854439 -2.4599 0.234149 
11 22900 15 1.07698 4.70477e-05 7.02493 0.217084 -2.00776e-05 0.200267 0.89335 1.08542 0.0854202 -2.46017 0.235173 
11 23000 15 1.08168 4.70477e-05 7.02493 0.217084 -1.45165e-05 0.200267 0.893351 1.08542 0.0854216 -2.46016 0.236191 
11 23100 15 1.08639 4.70477e-05 7.02493 0.217093 -1.71567e-05 0.200266 0.893388 1.08547 0.085466 -2.45964 0.23722 
11 23200 15 1.09109 4.70477e-05 7.02493 0.217065 -1.18019e-05 0.200268 0.893273 1.08533 0.0853263 -2.46127 0.23824 
11 23300 15 1.0958 4.70477e-05 7.02493 0.217061 -1.45722e-05 0.200266 0.893254 1.0853 0.0853034 -2.46154 0.239253 
11 23400 15 1.1005 4.70477e-05 7.02493 0.21704 -3.3306e-06 0.200267 0.893168 1.0852 0.0851987 -2.46277 0.240278 
11 23500 15 1.10521 4.70477e-05 7.02493 0.216999 5.12077e-06 0.200267 0.893002 1.085 0.0849971 -2.46514 0.241294 
11 23600 15 1.10991 4.70477e-05 7.02493 0.216985 -6.03201e-06 0.200267 0.892941 1.08492 0.0849239 -2.466 0.242313 
11 23700 15 1.11462 4.70477e-05 7.02493 0.216995 -8.94305e-07 0.200266 0.892983 1.08497 0.0849744 -2.46541 0.243335 
11 23800 15 1.11932 4.70477e-05 7.02493 0.217028 -3.76483e-06 0.200265 0.893121 1.08514 0.0851421 -2.46343 0.244356 
11 23900 16 1.124 4.70477e-05 7.02493 0.217053 1.99155e-06 0.200263 0.893221 1.08526 0.0852634 -2.46201 0.245385 
11 24000 16 1.1287 4.70477e-05 7.02493 0.217016 -1.20544e-06 0.200265 0.893069 1.08508 0.0850785 -2.46418 0.246399 
11 24100 16 1.13341 4.70477e-05 7.02493 0.217014 7.91548e-06 0.200267 0.893063 1.08507 0.0850718 -2.46426 0.24743 
11 24200 16 1.13811 4.70477e-05 7.02493 0.217004 1.29091e-05 0.200268 0.893021 1.08502 0.0850207 -2.46486 0.248443 
11 24300 16 1.14282 4.70477e-05 7.02493 0.217007 1.29288e-05 0.200267 0.893032 1.08503 0.0850345 -2.4647 0.249464 
11 24400 16 1.14752 4.70477e-05 7.02493 0.216987 6.03568e-06 0.200267 0.892949 1.08493 0.0849326 -2.4659 0.250493 
11 24500 16 1.15223 4.70477e-05 7.02493 0.216973 5.99189e-06 0.200267 0.892894 1.08487 0.0848662 -2.46668 0.25151 
11 24600 16 1.15693 4.70477e-05 7.02493 0.216973 -5.04825e-06 0.200267 0.892893 1.08487 0.0848656 -2.46669 0.252536 
11 24700 16 1.16164 4.70477e-05 7.02493 0.216972 4.38708e-06 0.200268 0.892888 1.08486 0.0848589 -2.46677 0.253556 
11 24800 16 1.16634 4.70477e-05 7.02493 0.216963 3.85135e-06 0.200269 0.892851 1.08481 0.0848134 -2.4673 0.254575 
11 24900 16 1.17105 4.70477e-05 7.02493 0.216959 9.73636e-06 0.200266 0.892834 1.08479 0.0847932 -2.46754 0.255595 
11 25000 16 1.17575 4.70477e-05 7.02493 0.216942 1.1184e-05 0.200266 0.892763 1.08471 0.0847076 -2.46855 0.256618 
11 25100 16 1.18046 4.70477e-05 7.02493 0.216937 8.32035e-06 0.200266 0.892746 1.08469 0.0846864 -2.4688 0.257638 
11 25200 16 1.18516 4.70477e-05 7.02493 0.216929 9.50832e-06 0.200267 0.892711 1.08464 0.0846441 -2.4693 0.258659 
11 25300 16 1.18987 4.70477e-05 7.02493 0.216978 5.92787e-06 0.200265 0.892913 1.08489 0.0848896 -2.4664 0.259681 
11 25400 16 1.19457 4.70477e-05 7.02493 0.217001 1.36557e-05 0.200261 0.893007 1.085 0.0850034 -2.46506 0.260702 
11 25500 16 1.19928 4.70477e-05 7.02493 0.216999 1.70413e-05 0.200262 0.892999 1.08499 0.0849938 -2.46518 0.261722 
11 25600 17 1.20395 4.70477e-05 7.02493 0.216951 1.77699e-05 0.200264 0.892802 1.08475 0.0847547 -2.46799 0.262741 
11 25700 17 1.20866 4.70477e-05 7.02493 0.21689 1.66813e-05 0.200268 0.892551 1.08445 0.0844493 -2.4716 0.263759 
11 25800 17 1.21336 4.70477e-05 7.02493 0.216869 3.99605e-06 0.200269 0.892467 1.08435 0.0843472 -2.47281 0.264779 
11 25900 17 1.21807 4.70477e-05 7.02493 0.216877 1.02367e-06 0.200269 0.8925 1.08439 0.0843873 -2.47234 0.265804 
11 26000 17 1.22277 4.70477e-05 7.02493 0.216865 -1.46086e-05 0.200269 0.89245 1.08433 0.084327 -2.47305 0.266826 
11 26100 17 1.22748 4.70477e-05 7.02493 0.216859 -1.4479e-05 0.200269 0.892423 1.08429 0.0842937 -2.47345 0.267845 
11 26200 17 1.23218 4.70477e-05 7.02493 0.216838 -3.08288e-06 0.200271 0.892339 1.08419 0.0841913 -2.47466 0.268866 
11 26300 17 1.23689 4.70477e-05 7.02493 0.216816 -7.39361e-06 0.200271 0.892247 1.08408 0.08408 -2.47599 0.269886 
11 26400 17 1.24159 4.70477e-05 7.02493 0.216828 4.28235e-06 0.20027 0.892295 1.08414 0.0841379 -2.4753 0.270907 
11 26500 17 1.24629 4.70477e-05 7.02493 0.216812 -4.34872e-07 0.200269 0.892228 1.08406 0.0840576 -2.47625 0.271921 
11 26600 17 1.251 4.70477e-05 7.02493 0.216814 -7.70549e-06 0.200269 0.89224 1.08407 0.0840716 -2.47609 0.272945 
11 26700 17 1.2557 4.70477e-05 7.02493 0.216826 -1.63891e-06 0.200269 0.892287 1.08413 0.0841282 -2.47541 0.273966 
11 26800 17 1.26041 4.70477e-05 7.02493 0.216865 1.95728e-05 0.200266 0.892451 1.08433 0.0843274 -2.47305 0.274986 
11 26900 17 1.26511 4.70477e-05 7.02493 0.216881 1.64337e-05 0.200264 0.892515 1.08441 0.0844062 -2.47211 0.276007 
11 27000 17 1.26982 4.70477e-05 7.02493 0.216846 2.13878e-05 0.200265 0.892372 1.08423 0.0842316 -2.47419 0.277017 
11 27100 17 1.27452 4.70477e-05 7.02493 0.216831 1.95164e-05 0.200267 0.892309 1.08415 0.084155 -2.47509 0.278045 
11 27200 17 1.27923 4.70477e-05 7.02493 0.216832 9.66757e-06 0.200268 0.892313 1.08416 0.0841606 -2.47503 0.27906 
11 27300 18 1.2839 4.70477e-05 7.02493 0.216802 6.08347e-06 0.20027 0.892189 1.08401 0.0840099 -2.47682 0.280079 
11 27400 18 1.28861 4.70477e-05 7.02493 0.216775 -6.08801e-06 0.20027 0.892078 1.08387 0.0838746 -2.47843 0.281107 
11 27500 18 1.29331 4.70477e-05 7.02493 0.216769 -2.52365e-06 0.20027 0.892052 1.08384 0.0838433 -2.47881 0.282126 
11 27600 18 1.29802 4.70477e-05 7.02493 0.216732 -4.55732e-06 0.200273 0.891903 1.08366 0.0836625 -2.48096 0.28314 
11 27700 18 1.30272 4.70477e-05 7.02493 0.216713 -8.0984e-06 0.200273 0.891822 1.08356 0.0835635 -2.48215 0.284163 
11 27800 18 1.30743 4.70477e-05 7.02493 0.216686 -8.14779e-06 0.200277 0.89171 1.08343 0.0834279 -2.48377 0.285184 
11 27900 18 1.31213 4.70477e-05 7.02493 0.216727 -1.20063e-05 0.200272 0.891881 1.08363 0.0836349 -2.48129 0.286207 
11 28000 18 1.31684 4.70477e-05 7.02493 0.216745 -1.56538e-08 0.20027 0.891957 1.08373 0.0837272 -2.48019 0.287222 
11 28100 18 1.32154 4.70477e-05 7.02493 0.216758 -5.14043e-06 0.200269 0.892006 1.08379 0.0837875 -2.47947 0.288244 
11 28200 18 1.32625 4.70477e-05 7.02493 0.21675 -1.03186e-05 0.200269 0.891973 1.08375 0.0837475 -2.47995 0.289264 
11 28300 18 1.33095 4.70477e-05 7.02493 0.216774 -9.94988e-06 0.20027 0.892073 1.08387 0.083869 -2.4785 0.290286 
11 28400 18 1.33566 4.70477e-05 7.02493 0.216785 -1.44109e-05 0.200267 0.892121 1.08393 0.0839273 -2.4778 0.291305 
11 28500 18 1.34036 4.70477e-05 7.02493 0.216772 -2.63137e-05 0.200267 0.892064 1.08386 0.0838576 -2.47863 0.292322 
11 28600 18 1.34507 4.70477e-05 7.02493 0.216742 -2.6627e-05 0.200268 0.891941 1.08371 0.0837081 -2.48042 0.293342 
11 28700 18 1.34977 4.70477e-05 7.02493 0.216688 -1.521e-05 0.200273 0.891721 1.08344 0.083441 -2.48362 0.29436 
11 28800 18 1.35448 4.70477e-05 7.02493 0.216679 -1.0987e-05 0.200274 0.891681 1.08339 0.0833925 -2.4842 0.29538 
11 28900 18 1.35918 4.70477e-05 7.02493 0.216685 1.5248e-06 0.200273 0.891706 1.08342 0.0834228 -2.48383 0.296404 
11 29000 19 1.36386 4.70477e-05 7.02493 0.216665 -8.28842e-06 0.200274 0.891624 1.08332 0.0833233 -2.48503 0.297424 
11 29100 19 1.36856 4.70477e-05 7.02493 0.216674 -1.30722e-05 0.200273 0.891663 1.08337 0.0833704 -2.48446 0.298434 
11 29200 19 1.37327 4.70477e-05 7.02493 0.216649 -2.91442e-05 0.200274 0.891558 1.08324 0.0832431 -2.48599 0.299462 
11 29300 19 1.37797 4.70477e-05 7.02493 0.216627 -5.31518e-05 0.200274 0.891471 1.08314 0.0831368 -2.48727 0.300482 
11 29400 19 1.38268 4.70477e-05 7.02493 0.216623 -5.41052e-05 0.200273 0.891452 1.08311 0.0831139 -2.48754 0.301499 
11 29500 19 1.38738 4.70477e-05 7.02493 0.216624 -4.11852e-05 0.200272 0.891456 1.08312 0.0831189 -2.48748 0.302515 
11 29600 19 1.39209 4.70477e-05 7.02493 0.216604 -4.18589e-05 0.200273 0.891374 1.08302 0.0830192 -2.48868 0.303529 
11 29700 19 1.39679 4.70477e-05 7.02493 0.216597 -4.54861e-05 0.200274 0.891345 1.08298 0.0829838 -2.48911 0.304547 
11 29800 19 1.4015 4.70477e-05 7.02493 0.216615 -6.4985e-05 0.200273 0.89142 1.08308 0.0830756 -2.488 0.305567 
11 29900 19 1.4062 4.70477e-05 7.02493 0.216647 -7.74483e-05 0.200271 0.891552 1.08324 0.0832356 -2.48608 0.306592 
11 30000 19 1.41091 4.70477e-05 7.02493 0.216655 -6.41505e-05 0.200269 0.891583 1.08327 0.0832731 -2.48563 0.307606 
11 30100 19 1.41561 4.70477e-05 7.02493 0.216653 -4.75199e-05 0.20027 0.891577 1.08327 0.0832656 -2.48572 0.308633 
11 30200 19 1.42032 4.70477e-05 7.02493 0.216681 -2.62674e-05 0.200271 0.891689 1.0834 0.0834027 -2.48407 0.309647 
11 30300 19 1.42502 4.70477e-05 7.02493 0.216618 -1.51367e-05 0.200274 0.891432 1.08309 0.0830901 -2.48783 0.310665 
11 30400 19 1.42972 4.70477e-05 7.02493 0.216576 -1.40559e-05 0.200276 0.89126 1.08288 0.0828804 -2.49036 0.311692 
11 30500 19 1.43443 4.70477e-05 7.02493 0.216579 -8.57455e-06 0.200275 0.891272 1.08289 0.082895 -2.49018 0.312712 
11 30600 19 1.43913 4.70477e-05 7.02493 0.216594 4.69036e-06 0.200273 0.891334 1.08297 0.082971 -2.48926 0.313724 
11 30700 20 1.44381 4.70477e-05 7.02493 0.216571 1.04276e-05 0.200275 0.89124 1.08286 0.0828571 -2.49064 0.31475 
11 30800 20 1.44852 4.70477e-05 7.02493 0.216564 2.96904e-05 0.200275 0.891209 1.08282 0.0828195 -2.49109 0.315766 
11 30900 20 1.45322 4.70477e-05 7.02493 0.216541 2.31027e-05 0.200276 0.891113 1.0827 0.0827026 -2.4925 0.316789 
11 31000 20 1.45793 4.70477e-05 7.02493 0.216547 2.07842e-05 0.200273 0.891141 1.08274 0.0827361 -2.4921 0.317805 
11 31100 20 1.46263 4.70477e-05 7.02493 0.216568 2.66993e-05 0.200273 0.891227 1.08284 0.0828402 -2.49084 0.318825 
11 31200 20 1.46733 4.70477e-05 7.02493 0.216578 7.29364e-05 0.200273 0.891266 1.08289 0.0828886 -2.49026 0.319844 
11 31300 20 1.47204 4.70477e-05 7.02493 0.216596 8.9187e-05 0.200271 0.891342 1.08298 0.0829802 -2.48915 0.320862 
11 31400 20 1.47674 4.70477e-05 7.02493 0.216609 9.67679e-05 0.200272 0.891395 1.08304 0.083045 -2.48837 0.321883 
11 31500 20 1.48145 4.70477e-05 7.02493 0.216561 9.46871e-05 0.200273 0.891196 1.0828 0.0828026 -2.4913 0.3229 
11 31600 20 1.48615 4.70477e-05 7.02493 0.216554 7.79397e-05 0.200273 0.891168 1.08277 0.0827691 -2.4917 0.323918 
11 31700 20 1.49086 4.70477e-05 7.02493 0.216561 7.27081e-05 0.200272 0.891199 1.08281 0.0828067 -2.49125 0.324938 
11 31800 20 1.49556 4.70477e-05 7.02493 0.216541 5.64762e-05 0.200275 0.891115 1.0827 0.0827041 -2.49249 0.325956 
11 31900 20 1.50027 4.70477e-05 7.02493 0.216503 4.65501e-05 0.200277 0.890957 1.08251 0.0825126 -2.4948 0.326978 
11 32000 20 1.50497 4.70477e-05 7.02493 0.216498 3.7615e-05 0.200275 0.890937 1.08249 0.0824888 -2.49509 0.327994 
11 32100 20 1.50968 4.70477e-05 7.02493 0.216498 2.85447e-05 0.200275 0.89094 1.08249 0.0824918 -2.49506 0.329013 
11 32200 20 1.51438 4.70477e-05 7.02493 0.216485 2.26845e-05 0.200276 0.890884 1.08242 0.0824243 -2.49587 0.330032 
11 32300 20 1.51909 4.70477e-05 7.02493 0.216477 6.08207e-06 0.200276 0.890853 1.08239 0.0823862 -2.49634 0.331052 
11 32400 21 1.52376 4.70477e-05 7.02493 0.216446 -3.80687e-05 0.200278 0.890723 1.08223 0.0822285 -2.49825 0.332071 
11 32500 21 1.52847 4.70477e-05 7.02493 0.216441 -1.43027e-05 0.200276 0.890705 1.08221 0.082206 -2.49853 0.333088 
11 32600 21 1.53317 4.70477e-05 7.02493 0.216425 2.83412e-06 0.200276 0.890639 1.08213 0.0821259 -2.4995 0.334097 
11 32700 21 1.53788 4.70477e-05 7.02493 0.216425 -1.36033e-06 0.200277 0.890639 1.08213 0.0821266 -2.49949 0.335118 
11 32800 21 1.54258 4.70477e-05 7.02493 0.216463 -7.62367e-06 0.200274 0.890795 1.08232 0.0823165 -2.49718 0.336139 
11 32900 21 1.54729 4.70477e-05 7.02493 0.216474 -2.7768e-05 0.200275 0.890841 1.08237 0.0823721 -2.49651 0.337162 
11 33000 21 1.55199 4.70477e-05 7.02493 0.216449 -3.56384e-05 0.200273 0.890737 1.08225 0.0822456 -2.49804 0.338175 
11 33100 21 1.5567 4.70477e-05 7.02493 0.216459 -4.17973e-05 0.200273 0.890777 1.08229 0.0822941 -2.49746 0.339189 
11 33200 21 1.5614 4.70477e-05 7.02493 0.216512 -4.24967e-05 0.20027 0.890995 1.08256 0.0825588 -2.49425 0.340208 
11 33300 21 1.56611 4.70477e-05 7.02493 0.216458 -3.47151e-05 0.200276 0.890772 1.08229 0.0822876 -2.49753 0.341228 
11 33400 21 1.57081 4.70477e-05 7.02493 0.216412 -2.55665e-05 0.200279 0.890585 1.08206 0.0820606 -2.5003 0.342252 
11 33500 21 1.57552 4.70477e-05 7.02493 0.216399 -1.44953e-05 0.200277 0.890532 1.082 0.0819962 -2.50108 0.343273 
11 33600 21 1.58022 4.70477e-05 7.02493 0.216418 7.04761e-06 0.200276 0.89061 1.08209 0.0820911 -2.49993 0.344291 
11 33700 21 1.58493 4.70477e-05 7.02493 0.216413 -2.16934e-06 0.200276 0.890589 1.08207 0.0820652 -2.50024 0.34531 
11 33800 21 1.58963 4.70477e-05 7.02493 0.216392 -1.77626e-05 0.200278 0.890501 1.08196 0.0819587 -2.50154 0.346326 
11 33900 21 1.59434 4.70477e-05 7.02493 0.216357 -4.79497e-05 0.200279 0.890358 1.08179 0.0817855 -2.50365 0.347346 
11 34000 21 1.59904 4.70477e-05 7.02493 0.216353 -3.81342e-05 0.200277 0.890341 1.08176 0.0817648 -2.50391 0.348361 
11 34100 22 1.60372 4.70477e-05 7.02493 0.216387 -1.61384e-05 0.200274 0.890483 1.08194 0.0819365 -2.50181 0.349379 
11 34200 22 1.60842 4.70477e-05 7.02493 0.216382 -8.0184e-06 0.200275 0.890461 1.08191 0.0819103 -2.50213 0.350398 
11 34300 22 1.61313 4.70477e-05 7.02493 0.216406 -1.0652e-05 0.200273 0.890559 1.08203 0.0820297 -2.50067 0.351416 
11 34400 22 1.61783 4.70477e-05 7.02493 0.216444 -7.93804e-06 0.200273 0.890715 1.08222 0.082219 -2.49837 0.352437 
11 34500 22 1.62254 4.70477e-05 7.02493 0.216425 -1.28378e-05 0.200273 0.890636 1.08212 0.0821228 -2.49954 0.353456 
11 34600 22 1.62724 4.70477e-05 7.02493 0.216415 -1.15618e-05 0.200272 0.890597 1.08208 0.0820756 -2.50012 0.354471 
11 34700 22 1.63195 4.70477e-05 7.02493 0.216431 6.97298e-06 0.200271 0.890661 1.08215 0.0821531 -2.49917 0.355486 
11 34800 22 1.63665 4.70477e-05 7.02493 0.216443 1.50006e-05 0.200272 0.890711 1.08221 0.0822138 -2.49843 0.356505 
11 34900 22 1.64135 4.70477e-05 7.02493 0.216386 1.06372e-05 0.200276 0.890476 1.08193 0.0819284 -2.50191 0.357522 
11 35000 22 1.64606 4.70477e-05 7.02493 0.216332 8.2235e-06 0.200279 0.890255 1.08166 0.0816603 -2.50519 0.358546 
11 35100 22 1.65076 4.70477e-05 7.02493 0.216318 9.52098e-07 0.200278 0.890197 1.08159 0.0815899 -2.50605 0.359556 
11 35200 22 1.65547 4.70477e-05 7.02493 0.216331 -1.30536e-06 0.200278 0.890252 1.08166 0.0816566 -2.50523 0.360582 
11 35300 22 1.66017 4.70477e-05 7.02493 0.216336 -8.03635e-06 0.200278 0.89027 1.08168 0.0816779 -2.50497 0.3616 
11 35400 22 1.66488 4.70477e-05 7.02493 0.216325 -8.77693e-06 0.200279 0.890228 1.08163 0.0816266 -2.5056 0.362618 
11 35500 22 1.66958 4.70477e-05 7.02493 0.216272 -8.72397e-06 0.200281 0.890007 1.08136 0.0813584 -2.50889 0.363635 
11 35600 22 1.67429 4.70477e-05 7.02493 0.216275 -8.74947e-06 0.200278 0.89002 1.08137 0.081374 -2.5087 0.364644 
11 35700 22 1.67899 4.70477e-05 7.02493 0.216267 -6.37488e-06 0.20028 0.889987 1.08133 0.0813339 -2.50919 0.36566 
11 35800 23 1.68367 4.70477e-05 7.02493 0.21628 -1.1337e-06 0.200281 0.890042 1.0814 0.0814016 -2.50836 0.366678 
11 35900 23 1.68837 4.70477e-05 7.02493 0.216283 9.20018e-06 0.200282 0.890052 1.08141 0.0814131 -2.50822 0.367707 
11 36000 23 1.69308 4.70477e-05 7.02493 0.216268 9.54498e-06 0.20028 0.889992 1.08134 0.0813405 -2.50911 0.368713 
11 36100 23 1.69778 4.70477e-05 7.02493 0.216269 7.36234e-06 0.20028 0.889994 1.08134 0.0813427 -2.50908 0.369732 
11 36200 23 1.70249 4.70477e-05 7.02493 0.21634 1.51551e-05 0.200276 0.890287 1.0817 0.0816986 -2.50472 0.370751 
11 36300 23 1.70719 4.70477e-05 7.02493 0.21635 2.23347e-05 0.200276 0.890328 1.08175 0.0817485 -2.50411 0.371767 
11 36400 23 1.7119 4.70477e-05 7.02493 0.216317 3.00584e-05 0.200279 0.890195 1.08159 0.0815874 -2.50608 0.372786 
11 36500 23 1.7166 4.70477e-05 7.02493 0.216251 2.80678e-05 0.200283 0.889923 1.08126 0.0812568 -2.51014 0.373805 
11 36600 23 1.72131 4.70477e-05 7.02493 0.216217 2.13687e-05 0.200283 0.88978 1.08108 0.0810829 -2.51228 0.374822 
11 36700 23 1.72601 4.70477e-05 7.02493 0.216263 7.74368e-06 0.200281 0.889972 1.08132 0.0813158 -2.50941 0.375842 
11 36800 23 1.73072 4.70477e-05 7.02493 0.216266 -9.84698e-06 0.20028 0.889984 1.08133 0.0813307 -2.50923 0.37686 
11 36900 23 1.73542 4.70477e-05 7.02493 0.216271 -2.4417e-05 0.200282 0.890005 1.08136 0.0813555 -2.50893 0.377881 
11 37000 23 1.74013 4.70477e-05 7.02493 0.21622 -3.22627e-06 0.200282 0.889793 1.0811 0.0810984 -2.51209 0.3789 
11 37100 23 1.74483 4.70477e-05 7.02493 0.21625 9.61153e-06 0.20028 0.889917 1.08125 0.0812494 -2.51023 0.379917 
11 37200 23 1.74954 4.70477e-05 7.02493 0.216258 6.38537e-06 0.20028 0.889952 1.08129 0.0812921 -2.50971 0.380933 
11 37300 23 1.75424 4.70477e-05 7.02493 0.216259 1.11052e-05 0.20028 0.889954 1.08129 0.0812946 -2.50968 0.381951 
11 37400 23 1.75895 4.70477e-05 7.02493 0.21627 3.03816e-05 0.20028 0.89 1.08135 0.0813503 -2.50899 0.382969 
11 37500 24 1.76362 4.70477e-05 7.02493 0.216277 2.23326e-05 0.200281 0.890029 1.08139 0.0813857 -2.50856 0.383987 
11 37600 24 1.76833 4.70477e-05 7.02493 0.216275 8.53409e-06 0.200277 0.890022 1.08138 0.081377 -2.50866 0.385 
11 37700 24 1.77303 4.70477e-05 7.02493 0.216265 2.30107e-06 0.200279 0.889978 1.08132 0.0813227 -2.50933 0.386018 
11 37800 24 1.77774 4.70477e-05 7.02493 0.216276 -8.17419e-06 0.200279 0.890027 1.08138 0.0813823 -2.5086 0.387036 
11 37900 24 1.78244 4.70477e-05 7.02493 0.216267 -3.84235e-06 0.200281 0.889987 1.08133 0.0813339 -2.50919 0.388053 
11 38000 24 1.78715 4.70477e-05 7.02493 0.216231 7.74004e-07 0.200283 0.88984 1.08116 0.0811561 -2.51138 0.389074 
11 38100 24 1.79185 4.70477e-05 7.02493 0.21617 -3.53799e-06 0.200284 0.88959 1.08085 0.0808519 -2.51514 0.390092 
11 38200 24 1.79656 4.70477e-05 7.02493 0.216198 1.0198e-06 0.200282 0.889702 1.08099 0.080988 -2.51345 0.391109 
11 38300 24 1.80126 4.70477e-05 7.02493 0.216237 1.90528e-05 0.20028 0.889864 1.08118 0.0811848 -2.51103 0.392126 
11 38400 24 1.80597 4.70477e-05 7.02493 0.216227 2.76973e-05 0.20028 0.889824 1.08114 0.081136 -2.51163 0.393139 
11 38500 24 1.81067 4.70477e-05 7.02493 0.216184 2.33924e-05 0.200283 0.889646 1.08092 0.0809203 -2.51429 0.39416 
11 38600 24 1.81538 4.70477e-05 7.02493 0.216148 6.50114e-06 0.200283 0.8895 1.08074 0.0807425 -2.51649 0.395169 
11 38700 24 1.82008 4.70477e-05 7.02493 0.216146 -1.25376e-06 0.200283 0.889491 1.08073 0.0807314 -2.51663 0.396184 
11 38800 24 1.82478 4.70477e-05 7.02493 0.216149 4.76992e-06 0.200282 0.889503 1.08075 0.0807459 -2.51645 0.397201 
11 38900 24 1.82949 4.70477e-05 7.02493 0.216169 5.16905e-06 0.200281 0.889583 1.08084 0.0808438 -2.51524 0.398219 
11 39000 24 1.83419 4.70477e-05 7.02493 0.216173 -1.01705e-07 0.200282 0.8896 1.08086 0.0808636 -2.51499 0.399246 
11 39100 24 1.8389 4.70477e-05 7.02493 0.216134 -9.16735e-06 0.200283 0.889438 1.08067 0.0806678 -2.51742 0.400253 
11 39200 25 1.84358 4.70477e-05 7.02493 0.216179 -1.14984e-05 0.200281 0.889624 1.08089 0.0808931 -2.51463 0.40127 
11 39300 25 1.84828 4.70477e-05 7.02493 0.21619 3.01081e-06 0.200279 0.889671 1.08095 0.0809502 -2.51392 0.402287 
11 39400 25 1.85299 4.70477e-05 7.02493 0.216185 1.07849e-05 0.20028 0.889649 1.08092 0.0809238 -2.51425 0.403314 
11 39500 25 1.85769 4.70477e-05 7.02493 0.216148 1.86396e-05 0.200283 0.889499 1.08074 0.0807417 -2.5165 0.404328 
11 39600 25 1.86239 4.70477e-05 7.02493 0.216098 2.63658e-05 0.200286 0.889292 1.08049 0.0804899 -2.51962 0.405341 
11 39700 25 1.8671 4.70477e-05 7.02493 0.216102 1.67779e-05 0.200285 0.889309 1.08051 0.0805102 -2.51937 0.406358 
11 39800 25 1.8718 4.70477e-05 7.02493 0.216132 5.33129e-06 0.200283 0.889432 1.08066 0.0806594 -2.51752 0.407381 
11 39900 25 1.87651 4.70477e-05 7.02493 0.216102 -4.37367e-06 0.200286 0.889307 1.08051 0.0805083 -2.5194 0.408394 
11 40000 25 1.88121 4.70477e-05 7.02493 0.216094 -1.42674e-05 0.200286 0.889276 1.08047 0.0804707 -2.51986 0.409414 
11 40100 25 1.88592 4.70477e-05 7.02493 0.216086 -1.85541e-05 0.200286 0.889243 1.08043 0.0804307 -2.52036 0.410429 
11 40200 25 1.89062 4.70477e-05 7.02493 0.216098 -1.12387e-05 0.200284 0.889292 1.08049 0.0804893 -2.51963 0.411448 
11 40300 25 1.89533 4.70477e-05 7.02493 0.216106 -1.31022e-05 0.200284 0.889323 1.08053 0.0805276 -2.51916 0.412465 
11 40400 25 1.90003 4.70477e-05 7.02493 0.216144 -1.60439e-05 0.200283 0.889481 1.08072 0.0807194 -2.51678 0.413485 
11 40500 25 1.90474 4.70477e-05 7.02493 0.216152 -1.49506e-05 0.200282 0.889515 1.08076 0.0807613 -2.51626 0.414499 
11 40600 25 1.90944 4.70477e-05 7.02493 0.216118 -7.64223e-06 0.200285 0.889375 1.08059 0.0805905 -2.51837 0.415513 
11 40700 25 1.91415 4.70477e-05 7.02493 0.216124 -1.11953e-05 0.200283 0.889398 1.08062 0.0806186 -2.51803 0.416529 
11 40800 25 1.91885 4.70477e-05 7.02493 0.216184 -1.46846e-05 0.200279 0.889647 1.08092 0.080921 -2.51428 0.417545 
11 40900 26 1.92353 4.70477e-05 7.02493 0.216197 -6.96276e-06 0.200278 0.8897 1.08099 0.080986 -2.51348 0.418562 
11 41000 26 1.92823 4.70477e-05 7.02493 0.216179 3.29059e-06 0.200282 0.889625 1.08089 0.0808944 -2.51461 0.419585 
11 41100 26 1.93294 4.70477e-05 7.02493 0.216097 -2.14586e-05 0.200286 0.88929 1.08049 0.0804868 -2.51966 0.420602 
11 41200 26 1.93764 4.70477e-05 7.02493 0.216065 -2.26557e-05 0.200287 0.889158 1.08033 0.0803273 -2.52165 0.421619 
11 41300 26 1.94235 4.70477e-05 7.02493 0.2161 -5.62575e-06 0.200283 0.889299 1.0805 0.0804986 -2.51952 0.422635 
11 41400 26 1.94705 4.70477e-05 7.02493 0.216096 -7.10993e-06 0.200284 0.889286 1.08048 0.0804824 -2.51972 0.423649 
11 41500 26 1.95176 4.70477e-05 7.02493 0.216096 -1.82174e-09 0.200283 0.889284 1.08048 0.0804802 -2.51974 0.424669 
11 41600 26 1.95646 4.70477e-05 7.02493 0.216069 -3.11107e-06 0.200285 0.889173 1.08035 0.0803456 -2.52142 0.425681 
11 41700 26 1.96117 4.70477e-05 7.02493 0.216058 -1.3841e-06 0.200285 0.889127 1.08029 0.0802898 -2.52211 0.426692 
11 41800 26 1.96587 4.70477e-05 7.02493 0.216028 1.47832e-05 0.200286 0.889002 1.08014 0.0801377 -2.52401 0.427708 
11 41900 26 1.97058 4.70477e-05 7.02493 0.216047 1.45093e-05 0.200284 0.889084 1.08024 0.080237 -2.52277 0.428725 
11 42000 26 1.97528 4.70477e-05 7.02493 0.216067 9.76884e-06 0.200282 0.889165 1.08034 0.0803351 -2.52155 0.429742 
11 42100 26 1.97999 4.70477e-05 7.02493 0.216062 1.79964e-05 0.200284 0.889144 1.08031 0.0803096 -2.52187 0.430764 
11 42200 26 1.98469 4.70477e-05 7.02493 0.216038 1.15964e-06 0.200286 0.889044 1.08019 0.0801882 -2.52338 0.431777 
11 42300 26 1.9894 4.70477e-05 7.02493 0.216083 -1.12154e-05 0.200283 0.889232 1.08042 0.080417 -2.52053 0.432792 
11 42400 26 1.9941 4.70477e-05 7.02493 0.216094 -1.45803e-05 0.200283 0.889275 1.08047 0.0804688 -2.51989 0.433811 
11 42500 26 1.9988 4.70477e-05 7.02493 0.216109 -1.68198e-06 0.200281 0.889337 1.08054 0.0805443 -2.51895 0.43483 
11 42600 27 2.00348 4.70477e-05 7.02493 0.216036 -5.13086e-06 0.200288 0.889036 1.08018 0.0801782 -2.5235 0.435847 
11 42700 27 2.00819 4.70477e-05 7.02493 0.216016 1.52596e-06 0.200287 0.888955 1.08008 0.08008 -2.52473 0.436863 
11 42800 27 2.01289 4.70477e-05 7.02493 0.216049 -2.27405e-06 0.200284 0.889092 1.08025 0.0802467 -2.52265 0.437881 
11 42900 27 2.0176 4.70477e-05 7.02493 0.216044 5.40437e-07 0.200286 0.889072 1.08022 0.0802225 -2.52295 0.438897 
11 43000 27 2.0223 4.70477e-05 7.02493 0.216014 -8.01143e-06 0.200287 0.888945 1.08007 0.0800684 -2.52487 0.439915 
11 43100 27 2.02701 4.70477e-05 7.02493 0.216 -1.11572e-05 0.200287 0.888889 1.08 0.0799996 -2.52573 0.440931 
11 43200 27 2.03171 4.70477e-05 7.02493 0.216054 -6.75974e-06 0.200285 0.889109 1.08027 0.0802677 -2.52239 0.44195 
11 43300 27 2.03641 4.70477e-05 7.02493 0.216014 -2.95069e-05 0.200287 0.888948 1.08007 0.0800717 -2.52483 0.442966 
11 43400 27 2.04112 4.70477e-05 7.02493 0.216029 -1.78604e-05 0.200284 0.88901 1.08015 0.0801474 -2.52389 0.443984 
11 43500 27 2.04582 4.70477e-05 7.02493 0.21605 -1.5905e-05 0.200283 0.889095 1.08025 0.0802509 -2.5226 0.445001 
11 43600 27 2.05053 4.70477e-05 7.02493 0.216051 -2.24381e-05 0.200283 0.8891 1.08026 0.0802569 -2.52252 0.446014 
11 43700 27 2.05523 4.70477e-05 7.02493 0.216002 -2.29967e-05 0.200286 0.888895 1.08001 0.080008 -2.52563 0.447029 
11 43800 27 2.05994 4.70477e-05 7.02493 0.215994 -2.44019e-05 0.200288 0.888863 1.07997 0.0799685 -2.52612 0.448045 
11 43900 27 2.06464 4.70477e-05 7.02493 0.216039 -2.53164e-05 0.200285 0.88905 1.0802 0.0801957 -2.52329 0.449062 
11 44000 27 2.06935 4.70477e-05 7.02493 0.216072 -1.99972e-05 0.200284 0.889184 1.08036 0.0803588 -2.52125 0.450077 
11 44100 27 2.07405 4.70477e-05 7.02493 0.216036 -6.08507e-06 0.200287 0.889037 1.08018 0.0801798 -2.52348 0.451098 
11 44200 27 2.07876 4.70477e-05 7.02493 0.215972 1.97972e-06 0.200291 0.888772 1.07986 0.0798584 -2.5275 0.452114 
11 44300 28 2.08343 4.70477e-05 7.02493 0.215993 -1.18496e-05 0.200288 0.888859 1.07996 0.0799641 -2.52618 0.453129 
11 44400 28 2.08814 4.70477e-05 7.02493 0.215989 -2.50122e-05 0.200288 0.888846 1.07995 0.0799473 -2.52639 0.454141 
11 44500 28 2.09284 4.70477e-05 7.02493 0.215964 -2.14383e-05 0.20029 0.888741 1.07982 0.0798199 -2.52798 0.455162 
11 44600 28 2.09755 4.70477e-05 7.02493 0.215955 -1.61795e-05 0.20029 0.888702 1.07977 0.0797734 -2.52856 0.456179 
11 44700 28 2.10225 4.70477e-05 7.02493 0.215975 -2.9644e-05 0.200288 0.888784 1.07987 0.0798731 -2.52732 0.457196 
11 44800 28 2.10696 4.70477e-05 7.02493 0.215978 -4.77038e-05 0.200288 0.888797 1.07989 0.0798886 -2.52712 0.458204 
11 44900 28 2.11166 4.70477e-05 7.02493 0.215972 -3.78488e-05 0.200288 0.888775 1.07986 0.079862 -2.52746 0.459217 
11 45000 28 2.11637 4.70477e-05 7.02493 0.215951 -2.76569e-05 0.200289 0.888686 1.07975 0.0797534 -2.52882 0.460244 
11 45100 28 2.12107 4.70477e-05 7.02493 0.21594 -2.30132e-05 0.200289 0.888643 1.0797 0.0797011 -2.52947 0.46126 
11 45200 28 2.12578 4.70477e-05 7.02493 0.215927 -1.65513e-05 0.200289 0.888589 1.07964 0.0796356 -2.53029 0.462266 
11 45300 28 2.13048 4.70477e-05 7.02493 0.215957 -2.10189e-05 0.200288 0.88871 1.07978 0.0797829 -2.52845 0.463291 
11 45400 28 2.13519 4.70477e-05 7.02493 0.215987 -2.35375e-05 0.200287 0.888835 1.07994 0.0799351 -2.52654 0.464299 
11 45500 28 2.13989 4.70477e-05 7.02493 0.215997 -1.03895e-05 0.200288 0.888877 1.07999 0.0799857 -2.52591 0.465317 
11 45600 28 2.1446 4.70477e-05 7.02493 0.215987 5.17829e-06 0.200288 0.888837 1.07994 0.0799363 -2.52652 0.466334 
11 45700 28 2.1493 4.70477e-05 7.02493 0.215935 8.47512e-06 0.200291 0.888622 1.07968 0.0796762 -2.52978 0.46735 
11 45800 28 2.15401 4.70477e-05 7.02493 0.215931 -3.85969e-06 0.20029 0.888604 1.07965 0.0796533 -2.53007 0.46837 
11 45900 28 2.15871 4.70477e-05 7.02493 0.215922 -2.55137e-05 0.20029 0.888567 1.07961 0.079609 -2.53063 0.469388 
11 46000 29 2.16339 4.70477e-05 7.02493 0.215897 -2.63413e-05 0.200291 0.888463 1.07948 0.0794829 -2.53221 0.470401 
11 46100 29 2.16809 4.70477e-05 7.02493 0.215885 -2.20468e-05 0.20029 0.888417 1.07943 0.0794261 -2.53293 0.471419 
11 46200 29 2.1728 4.70477e-05 7.02493 0.215894 -2.20311e-05 0.20029 0.888454 1.07947 0.0794713 -2.53236 0.472432 
11 46300 29 2.1775 4.70477e-05 7.02493 0.215916 -9.84946e-06 0.200289 0.888543 1.07958 0.0795797 -2.531 0.47345 
11 46400 29 2.18221 4.70477e-05 7.02493 0.21592 -3.24597e-07 0.200287 0.888558 1.0796 0.0795985 -2.53076 0.474467 
11 46500 29 2.18691 4.70477e-05 7.02493 0.215931 3.27695e-06 0.200287 0.888606 1.07966 0.0796561 -2.53004 0.475484 
11 46600 29 2.19162 4.70477e-05 7.02493 0.215928 1.05644e-05 0.200285 0.888592 1.07964 0.079639 -2.53025 0.476498 
11 46700 29 2.19632 4.70477e-05 7.02493 0.215918 3.00872e-05 0.200287 0.888551 1.07959 0.0795899 -2.53087 0.477512 
11 46800 29 2.20103 4.70477e-05 7.02493 0.215903 3.33472e-05 0.200288 0.888489 1.07951 0.0795136 -2.53183 0.478527 
11 46900 29 2.20573 4.70477e-05 7.02493 0.215949 3.44924e-05 0.200286 0.888681 1.07975 0.0797471 -2.52889 0.479548 
11 47000 29 2.21044 4.70477e-05 7.02493 0.216018 2.59547e-05 0.200283 0.888964 1.08009 0.0800908 -2.52459 0.480564 
11 47100 29 2.21514 4.70477e-05 7.02493 0.216025 1.31509e-05 0.200283 0.888993 1.08013 0.080126 -2.52416 0.481577 
11 47200 29 2.21984 4.70477e-05 7.02493 0.215929 1.49248e-05 0.200288 0.888598 1.07965 0.0796463 -2.53016 0.48259 
11 47300 29 2.22455 4.70477e-05 7.02493 0.21588 7.30311e-06 0.200291 0.888396 1.0794 0.0794011 -2.53324 0.483605 
11 47400 29 2.22925 4.70477e-05 7.02493 0.215912 1.19046e-05 0.200288 0.888528 1.07956 0.0795618 -2.53122 0.484628 
11 47500 29 2.23396 4.70477e-05 7.02493 0.215899 1.69144e-05 0.200288 0.888474 1.0795 0.0794953 -2.53206 0.485636 
11 47600 29 2.23866 4.70477e-05 7.02493 0.215858 2.62296e-06 0.200292 0.888304 1.07929 0.0792892 -2.53465 0.48666 
11 47700 30 2.24334 4.70477e-05 7.02493 0.215832 -6.14438e-06 0.200293 0.888198 1.07916 0.0791606 -2.53628 0.487666 
11 47800 30 2.24805 4.70477e-05 7.02493 0.215861 -1.25793e-05 0.200291 0.888315 1.0793 0.0793026 -2.53448 0.488681 
11 47900 30 2.25275 4.70477e-05 7.02493 0.215856 -1.33463e-06 0.200291 0.888294 1.07928 0.0792776 -2.5348 0.489699 
11 48000 30 2.25745 4.70477e-05 7.02493 0.215883 3.06187e-06 0.200289 0.888409 1.07942 0.0794165 -2.53305 0.490722 
11 48100 30 2.26216 4.70477e-05 7.02493 0.215862 -3.27198e-06 0.200288 0.888321 1.07931 0.07931 -2.53439 0.491732 
11 48200 30 2.26686 4.70477e-05 7.02493 0.215866 1.26605e-06 0.200288 0.888338 1.07933 0.0793305 -2.53413 0.492745 
11 48300 30 2.27157 4.70477e-05 7.02493 0.215885 2.59506e-06 0.200288 0.888417 1.07943 0.079427 -2.53292 0.493763 
11 48400 30 2.27627 4.70477e-05 7.02493 0.215905 -4.43099e-06 0.200288 0.888499 1.07953 0.0795257 -2.53168 0.494777 
11 48500 30 2.28098 4.70477e-05 7.02493 0.215912 -1.03652e-05 0.20029 0.888527 1.07956 0.0795602 -2.53124 0.495799 
11 48600 30 2.28568 4.70477e-05 7.02493 0.215934 -4.86039e-06 0.200288 0.888617 1.07967 0.0796692 -2.52987 0.496813 
11 48700 30 2.29039 4.70477e-05 7.02493 0.2159 3.47529e-06 0.200289 0.888478 1.0795 0.0795009 -2.53199 0.497827 
11 48800 30 2.29509 4.70477e-05 7.02493 0.215854 1.6489e-05 0.200293 0.888288 1.07927 0.0792699 -2.5349 0.498844 
11 48900 30 2.2998 4.70477e-05 7.02493 0.215867 2.34233e-05 0.20029 0.88834 1.07933 0.0793332 -2.5341 0.499861 
11 49000 30 2.3045 4.70477e-05 7.02493 0.215863 1.03509e-05 0.200289 0.888324 1.07931 0.0793141 -2.53434 0.500878 
11 49100 30 2.30921 4.70477e-05 7.02493 0.215822 3.96313e-06 0.200293 0.888157 1.07911 0.0791102 -2.53691 0.501895 
11 49200 30 2.31391 4.70477e-05 7.02493 0.215804 1.89567e-05 0.200293 0.888084 1.07902 0.079022 -2.53803 0.502912 
11 49300 30 2.31862 4.70477e-05 7.02493 0.215843 2.51428e-05 0.20029 0.888244 1.07922 0.0792169 -2.53557 0.503926 
11 49400 31 2.32329 4.70477e-05 7.02493 0.215806 1.62326e-05 0.200293 0.888089 1.07903 0.0790287 -2.53794 0.504942 
11 49500 31 2.328 4.70477e-05 7.02493 0.215826 8.33969e-06 0.200292 0.888175 1.07913 0.0791324 -2.53663 0.505957 
11 49600 31 2.3327 4.70477e-05 7.02493 0.215849 4.85226e-06 0.200289 0.888267 1.07924 0.0792448 -2.53521 0.506974 
11 49700 31 2.33741 4.70477e-05 7.02493 0.215852 -9.54561e-06 0.200289 0.88828 1.07926 0.0792608 -2.53501 0.507985 
11 49800 31 2.34211 4.70477e-05 7.02493 0.215821 -1.55471e-05 0.20029 0.88815 1.0791 0.0791025 -2.53701 0.509 
11 49900 31 2.34682 4.70477e-05 7.02493 0.215812 -1.87467e-05 0.200293 0.888115 1.07906 0.0790596 -2.53755 0.510015 
11 50000 31 2.35152 4.70477e-05 7.02493 0.215836 -1.76757e-05 0.200292 0.888213 1.07918 0.079179 -2.53604 0.511031 
11 50100 31 2.35623 4.70477e-05 7.02493 0.215895 -2.58848e-05 0.200289 0.888456 1.07947 0.0794742 -2.53232 0.512049 
11 50200 31 2.36093 4.70477e-05 7.02493 0.215924 -2.86367e-05 0.200288 0.888576 1.07962 0.07962 -2.53049 0.513067 
11 50300 31 2.36564 4.70477e-05 7.02493 0.215862 -3.39311e-05 0.200291 0.888319 1.07931 0.0793078 -2.53442 0.514081 
11 50400 31 2.37034 4.70477e-05 7.02493 0.215852 -2.50032e-05 0.200291 0.888278 1.07926 0.0792582 -2.53504 0.515091 
11 50500 31 2.37505 4.70477e-05 7.02493 0.215835 -1.77006e-05 0.20029 0.888208 1.07917 0.0791729 -2.53612 0.516105 
11 50600 31 2.37975 4.70477e-05 7.02493 0.215802 -5.66857e-06 0.200294 0.888075 1.07901 0.079011 -2.53817 0.517128 
11 50700 31 2.38446 4.70477e-05 7.02493 0.215754 -2.01603e-05 0.200296 0.887878 1.07877 0.0787717 -2.5412 0.518143 
11 50800 31 2.38916 4.70477e-05 7.02493 0.215752 -2.83964e-05 0.200296 0.887869 1.07876 0.0787613 -2.54133 0.519149 
11 50900 31 2.39386 4.70477e-05 7.02493 0.215757 -3.33996e-05 0.200296 0.887889 1.07879 0.0787854 -2.54103 0.520164 
11 51000 31 2.39857 4.70477e-05 7.02493 0.215781 -4.06635e-05 0.200295 0.887988 1.07891 0.0789057 -2.5395 0.52118 
11 51100 32 2.40325 4.70477e-05 7.02493 0.215784 -3.8362e-05 0.200293 0.888 1.07892 0.0789194 -2.53933 0.522198 
11 51200 32 2.40795 4.70477e-05 7.02493 0.215771 -3.28455e-05 0.200293 0.887948 1.07886 0.0788567 -2.54012 0.52321 
11 51300 32 2.41266 4.70477e-05 7.02493 0.215766 -3.04153e-05 0.200295 0.887926 1.07883 0.0788295 -2.54047 0.524226 
11 51400 32 2.41736 4.70477e-05 7.02493 0.215809 -2.72898e-05 0.200291 0.888104 1.07905 0.079046 -2.53772 0.525244 
11 51500 32 2.42207 4.70477e-05 7.02493 0.215803 -9.40259e-06 0.200292 0.888076 1.07901 0.0790129 -2.53814 0.526257 
11 51600 32 2.42677 4.70477e-05 7.02493 0.21581 -7.49221e-06 0.200292 0.888109 1.07905 0.0790519 -2.53765 0.527274 
11 51700 32 2.43147 4.70477e-05 7.02493 0.215826 -1.47905e-05 0.200292 0.888174 1.07913 0.0791313 -2.53665 0.528292 
11 51800 32 2.43618 4.70477e-05 7.02493 0.215814 -1.39309e-05 0.200293 0.888123 1.07907 0.0790691 -2.53743 0.529308 
11 51900 32 2.44088 4.70477e-05 7.02493 0.215798 7.31157e-06 0.200294 0.888058 1.07899 0.0789899 -2.53844 0.530327 
11 52000 32 2.44559 4.70477e-05 7.02493 0.215802 1.65433e-05 0.200291 0.888073 1.07901 0.0790091 -2.53819 0.53134 
11 52100 32 2.45029 4.70477e-05 7.02493 0.215808 1.89771e-05 0.200291 0.888098 1.07904 0.0790389 -2.53781 0.532355 
11 52200 32 2.455 4.70477e-05 7.02493 0.215758 1.99244e-05 0.200295 0.887893 1.07879 0.0787897 -2.54097 0.533371 
11 52300 32 2.4597 4.70477e-05 7.02493 0.215752 3.73922e-05 0.200295 0.887869 1.07876 0.0787612 -2.54133 0.534386 
11 52400 32 2.46441 4.70477e-05 7.02493 0.215757 2.76973e-05 0.200295 0.887887 1.07878 0.0787828 -2.54106 0.535403 
11 52500 32 2.46911 4.70477e-05 7.02493 0.21573 1.04049e-05 0.200296 0.887776 1.07865 0.0786483 -2.54277 0.536418 
11 52600 32 2.47382 4.70477e-05 7.02493 0.215746 1.00589e-06 0.200294 0.887842 1.07873 0.078728 -2.54176 0.537436 
11 52700 32 2.47852 4.70477e-05 7.02493 0.215749 -1.25119e-05 0.200294 0.887857 1.07875 0.078746 -2.54153 0.538447 
11 52800 33 2.4832 4.70477e-05 7.02493 0.215743 -5.44695e-06 0.200294 0.887832 1.07872 0.078716 -2.54191 0.53946 
11 52900 33 2.4879 4.70477e-05 7.02493 0.215737 -5.03374e-06 0.200294 0.887805 1.07868 0.0786828 -2.54233 0.540475 
11 53000 33 2.49261 4.70477e-05 7.02493 0.215753 1.42588e-05 0.200294 0.887873 1.07877 0.078766 -2.54127 0.541489 
11 53100 33 2.49731 4.70477e-05 7.02493 0.215776 1.10084e-05 0.200293 0.887967 1.07888 0.0788795 -2.53983 0.542505 
11 53200 33 2.50202 4.70477e-05 7.02493 0.21583 -5.47243e-06 0.200291 0.888189 1.07915 0.0791501 -2.53641 0.54352 
11 53300 33 2.50672 4.70477e-05 7.02493 0.215801 -1.85896e-06 0.200292 0.888069 1.079 0.0790038 -2.53826 0.544536 
11 53400 33 2.51143 4.70477e-05 7.02493 0.215768 -2.48347e-05 0.200294 0.887934 1.07884 0.0788401 -2.54033 0.545549 
11 53500 33 2.51613 4.70477e-05 7.02493 0.215797 -1.20177e-05 0.200292 0.888052 1.07898 0.0789827 -2.53853 0.546572 
11 53600 33 2.52084 4.70477e-05 7.02493 0.215787 -1.3493e-05 0.200291 0.888012 1.07893 0.078934 -2.53914 0.54758 
11 53700 33 2.52554 4.70477e-05 7.02493 0.215746 -1.48479e-05 0.200294 0.887845 1.07873 0.0787322 -2.5417 0.548597 
11 53800 33 2.53025 4.70477e-05 7.02493 0.21569 -8.95808e-06 0.200297 0.887614 1.07845 0.0784506 -2.54529 0.549607 
11 53900 33 2.53495 4.70477e-05 7.02493 0.215703 -3.92191e-06 0.200296 0.887669 1.07852 0.0785175 -2.54443 0.550621 
11 54000 33 2.53966 4.70477e-05 7.02493 0.215685 -1.01858e-05 0.200298 0.887591 1.07842 0.0784229 -2.54564 0.551636 
11 54100 33 2.54436 4.70477e-05 7.02493 0.215697 -1.00859e-05 0.200297 0.887642 1.07848 0.0784847 -2.54485 0.552652 
11 54200 33 2.54907 4.70477e-05 7.02493 0.215705 -6.51061e-06 0.200294 0.887675 1.07852 0.0785246 -2.54434 0.553668 
11 54300 33 2.55377 4.70477e-05 7.02493 0.215708 1.13267e-06 0.200294 0.887686 1.07854 0.0785385 -2.54417 0.554682 
11 54400 33 2.55848 4.70477e-05 7.02493 0.215722 -4.25683e-06 0.200295 0.887745 1.07861 0.0786106 -2.54325 0.555706 
11 54500 34 2.56315 4.70477e-05 7.02493 0.215727 5.1044e-06 0.200294 0.887764 1.07863 0.0786338 -2.54295 0.556712 
11 54600 34 2.56786 4.70477e-05 7.02493 0.215718 1.1088e-05 0.200296 0.887729 1.07859 0.0785902 -2.54351 0.557733 
11 54700 34 2.57256 4.70477e-05 7.02493 0.215758 3.60635e-06 0.200293 0.887892 1.07879 0.0787882 -2.54099 0.558746 
11 54800 34 2.57727 4.70477e-05 7.02493 0.215769 -4.06656e-06 0.200292 0.88794 1.07885 0.0788474 -2.54024 0.559766 
11 54900 34 2.58197 4.70477e-05 7.02493 0.215747 -5.97539e-06 0.200294 0.88785 1.07874 0.0787372 -2.54164 0.560774 
11 55000 34 2.58668 4.70477e-05 7.02493 0.215751 1.12663e-05 0.200294 0.887863 1.07875 0.0787533 -2.54143 0.561797 
11 55100 34 2.59138 4.70477e-05 7.02493 0.215766 2.99617e-06 0.200292 0.887926 1.07883 0.0788304 -2.54046 0.56281 
11 55200 34 2.59609 4.70477e-05 7.02493 0.21573 2.68552e-06 0.200295 0.887776 1.07865 0.0786483 -2.54277 0.563826 
11 55300 34 2.60079 4.70477e-05 7.02493 0.215666 1.9679e-05 0.200299 0.887514 1.07833 0.0783301 -2.54682 0.56484 
11 55400 34 2.6055 4.70477e-05 7.02493 0.21569 4.55967e-05 0.200297 0.887615 1.07845 0.0784518 -2.54527 0.565856 
11 55500 34 2.6102 4.70477e-05 7.02493 0.215654 2.71924e-05 0.200299 0.887467 1.07827 0.078272 -2.54756 0.566871 
11 55600 34 2.6149 4.70477e-05 7.02493 0.215668 1.548e-05 0.200299 0.887522 1.07834 0.078339 -2.54671 0.567887 
11 55700 34 2.61961 4.70477e-05 7.02493 0.215692 1.22172e-05 0.200296 0.88762 1.07846 0.0784582 -2.54519 0.568901 
11 55800 34 2.62431 4.70477e-05 7.02493 0.215693 -1.05606e-05 0.200294 0.887624 1.07846 0.0784628 -2.54513 0.569913 
11 55900 34 2.62902 4.70477e-05 7.02493 0.215668 -2.35613e-05 0.200297 0.887521 1.07834 0.078338 -2.54672 0.570927 
11 56000 34 2.63372 4.70477e-05 7.02493 0.215666 -2.72719e-05 0.200297 0.887514 1.07833 0.0783297 -2.54683 0.571942 
11 56100 34 2.63843 4.70477e-05 7.02493 0.215664 -2.19618e-05 0.200299 0.887508 1.07832 0.0783218 -2.54693 0.572957 
11 56200 35 2.64311 4.70477e-05 7.02493 0.215688 -2.15944e-06 0.200298 0.887605 1.07844 0.0784395 -2.54543 0.573976 
11 56300 35 2.64781 4.70477e-05 7.02493 0.21573 -2.51321e-06 0.200295 0.887776 1.07865 0.0786477 -2.54278 0.574991 
11 56400 35 2.65251 4.70477e-05 7.02493 0.215725 -8.16596e-06 0.200295 0.887756 1.07862 0.0786238 -2.54308 0.575998 
11 56500 35 2.65722 4.70477e-05 7.02493 0.215746 4.8352e-06 0.200295 0.887842 1.07873 0.0787276 -2.54176 0.577021 
11 56600 35 2.66192 4.70477e-05 7.02493 0.215751 1.44708e-05 0.200293 0.887865 1.07876 0.0787561 -2.5414 0.578035 
11 56700 35 2.66663 4.70477e-05 7.02493 0.215716 1.3532e-05 0.200294 0.887721 1.07858 0.0785811 -2.54362 0.57905 
11 56800 35 2.67133 4.70477e-05 7.02493 0.215647 -5.25214e-06 0.200299 0.887438 1.07824 0.0782371 -2.54801 0.580065 
11 56900 35 2.67604 4.70477e-05 7.02493 0.215615 1.58708e-05 0.200301 0.887303 1.07807 0.0780731 -2.55011 0.58108 
11 57000 35 2.68074 4.70477e-05 7.02493 0.21565 -2.75104e-06 0.200298 0.887447 1.07825 0.0782482 -2.54787 0.582087 
11 57100 35 2.68545 4.70477e-05 7.02493 0.215673 9.75722e-07 0.200297 0.887542 1.07836 0.0783641 -2.54639 0.583098 
11 57200 35 2.69015 4.70477e-05 7.02493 0.215667 -5.81601e-06 0.200297 0.887519 1.07834 0.0783353 -2.54676 0.584114 
11 57300 35 2.69486 4.70477e-05 7.02493 0.215643 -5.19444e-06 0.200297 0.887418 1.07821 0.0782132 -2.54832 0.585128 
11 57400 35 2.69956 4.70477e-05 7.02493 0.21563 -3.65935e-06 0.200298 0.887365 1.07815 0.0781481 -2.54915 0.586144 
11 57500 35 2.70427 4.70477e-05 7.02493 0.215672 -9.21729e-06 0.200296 0.887541 1.07836 0.0783623 -2.54641 0.58716 
11 57600 35 2.70897 4.70477e-05 7.02493 0.215654 -3.86444e-06 0.200297 0.887463 1.07827 0.0782678 -2.54762 0.588174 
11 57700 35 2.71368 4.70477e-05 7.02493 0.215649 -1.09217e-05 0.200298 0.887444 1.07824 0.0782444 -2.54792 0.589193 
11 57800 35 2.71838 4.70477e-05 7.02493 0.215679 -1.72301e-05 0.200297 0.887568 1.0784 0.0783957 -2.54599 0.590214 
11 57900 36 2.72306 4.70477e-05 7.02493 0.215675 -1.40127e-05 0.200298 0.887553 1.07838 0.0783764 -2.54623 0.59122 
11 58000 36 2.72776 4.70477e-05 7.02493 0.215683 -5.52609e-07 0.200297 0.887585 1.07842 0.0784153 -2.54574 0.592238 
11 58100 36 2.73247 4.70477e-05 7.02493 0.215695 1.20715e-05 0.200295 0.887634 1.07848 0.0784754 -2.54497 0.593252 
11 58200 36 2.73717 4.70477e-05 7.02493 0.215699 1.64017e-05 0.200295 0.887651 1.0785 0.0784956 -2.54471 0.594269 
11 58300 36 2.74188 4.70477e-05 7.02493 0.215652 1.76609e-05 0.200297 0.887455 1.07826 0.0782583 -2.54774 0.595283 
11 58400 36 2.74658 4.70477e-05 7.02493 0.215604 1.02318e-05 0.200299 0.887261 1.07802 0.0780223 -2.55076 0.596298 
11 58500 36 2.75129 4.70477e-05 7.02493 0.215614 2.1294e-06 0.200299 0.887301 1.07807 0.0780708 -2.55014 0.597313 
11 58600 36 2.75599 4.70477e-05 7.02493 0.215638 -5.227e-07 0.200298 0.887397 1.07819 0.0781875 -2.54865 0.598329 
11 58700 36 2.7607 4.70477e-05 7.02493 0.215636 -3.41559e-06 0.200299 0.887392 1.07818 0.0781809 -2.54873 0.599344 
11 58800 36 2.7654 4.70477e-05 7.02493 0.215643 -6.06757e-06 0.200297 0.887421 1.07822 0.078217 -2.54827 0.600356 
11 58900 36 2.77011 4.70477e-05 7.02493 0.21564 -6.61842e-06 0.200297 0.887407 1.0782 0.0781999 -2.54849 0.601369 
11 59000 36 2.77481 4.70477e-05 7.02493 0.215622 -1.19294e-05 0.200299 0.887335 1.07811 0.0781123 -2.54961 0.602383 
