11 0 1 0 1.54e-05 7.02493 0.22101 0 0.200023 0.909508 1.10505 0.105052 -2.2533 7.50531e-07 
11 100 2 0.0030569 3.08e-05 7.02493 0.21622 -8.64681e-08 0.208508 0.889796 1.0811 0.081102 -2.51205 0.000667651 
11 200 2 0.00613689 3.08e-05 7.02493 0.215303 -9.94665e-08 0.213014 0.886023 1.07652 0.0765175 -2.57024 0.00133173 
11 300 2 0.00921689 3.08e-05 7.02493 0.215023 -7.46217e-08 0.214964 0.884868 1.07511 0.0751144 -2.58874 0.00199483 
11 400 2 0.0122969 3.08e-05 7.02493 0.21496 4.24821e-09 0.215525 0.88461 1.0748 0.0748015 -2.59292 0.00265696 
11 500 2 0.0153769 3.08e-05 7.02493 0.21496 4.1683e-08 0.215465 0.88461 1.0748 0.0748017 -2.59291 0.00331794 
11 600 2 0.0184569 3.08e-05 7.02493 0.214988 4.09776e-09 0.21512 0.884724 1.07494 0.0749392 -2.59108 0.0039799 
11 700 2 0.0215369 3.08e-05 7.02493 0.215021 1.85993e-07 0.214657 0.884861 1.07511 0.0751063 -2.58885 0.00464291 
11 800 2 0.0246169 3.08e-05 7.02493 0.215062 4.60232e-07 0.214145 0.885029 1.07531 0.0753105 -2.58614 0.00530536 
11 900 2 0.0276969 3.08e-05 7.02493 0.215091 6.31379e-07 0.213613 0.88515 1.07546 0.0754569 -2.58419 0.00596723 
11 1000 2 0.0307769 3.08e-05 7.02493 0.215128 3.57262e-07 0.213088 0.8853 1.07564 0.0756398 -2.58177 0.00662949 
11 1100 2 0.0338569 3.08e-05 7.02493 0.215158 4.68832e-07 0.212561 0.885424 1.07579 0.0757896 -2.57979 0.0072926 
11 1200 2 0.0369368 3.08e-05 7.02493 0.215182 1.01874e-06 0.212049 0.885524 1.07591 0.0759119 -2.57818 0.00795543 
11 1300 2 0.0400168 3.08e-05 7.02493 0.2152 1.72958e-06 0.211553 0.885597 1.076 0.0760001 -2.57702 0.00861781 
11 1400 2 0.0430968 3.08e-05 7.02493 0.215217 2.50469e-06 0.211065 0.885668 1.07609 0.0760865 -2.57588 0.00928007 
11 1500 2 0.0461768 3.08e-05 7.02493 0.215235 1.86683e-06 0.210599 0.885739 1.07617 0.0761731 -2.57475 0.00994302 
11 1600 2 0.0492568 3.08e-05 7.02493 0.215253 2.39326e-06 0.210143 0.885815 1.07626 0.0762649 -2.57354 0.010606 
11 1700 2 0.0523368 3.08e-05 7.02493 0.215266 2.69644e-06 0.209703 0.88587 1.07633 0.076332 -2.57266 0.0112688 
11 1800 2 0.0554168 3.08e-05 7.02493 0.215275 2.33952e-06 0.209273 0.885904 1.07637 0.0763731 -2.57212 0.0119312 
11 1900 2 0.0584968 3.08e-05 7.02493 0.215292 -5.01299e-07 0.208876 0.885975 1.07646 0.0764592 -2.571 0.0125941 
11 2000 2 0.0615768 3.08e-05 7.02493 0.215315 -1.75704e-07 0.208492 0.886071 1.07658 0.0765766 -2.56946 0.0132574 
11 2100 2 0.0646568 3.08e-05 7.02493 0.21533 -2.23028e-07 0.208116 0.886133 1.07665 0.0766518 -2.56848 0.0139205 
11 2200 2 0.0677368 3.08e-05 7.02493 0.215336 1.11603e-06 0.20775 0.886157 1.07668 0.0766807 -2.5681 0.0145833 
11 2300 2 0.0708168 3.08e-05 7.02493 0.215343 3.15953e-07 0.207402 0.886187 1.07672 0.0767169 -2.56763 0.0152461 
11 2400 2 0.0738968 3.08e-05 7.02493 0.215354 3.57215e-06 0.207068 0.886229 1.07677 0.0767677 -2.56697 0.0159095 
11 2500 2 0.0769768 3.08e-05 7.02493 0.215356 4.27705e-07 0.206746 0.886239 1.07678 0.07678 -2.56681 0.0165728 
11 2600 3 0.0800308 3.08e-05 7.02493 0.215359 -4.60181e-06 0.206434 0.886252 1.0768 0.0767967 -2.56659 0.017236 
11 2700 3 0.0831108 3.08e-05 7.02493 0.215361 -2.96337e-06 0.206133 0.886258 1.0768 0.076804 -2.5665 0.0178989 
11 2800 3 0.0861908 3.08e-05 7.02493 0.215361 -1.71901e-06 0.205847 0.88626 1.07681 0.076806 -2.56647 0.0185621 
11 2900 3 0.0892708 3.08e-05 7.02493 0.215353 1.25648e-06 0.205571 0.886227 1.07677 0.0767658 -2.567 0.0192255 
11 3000 3 0.0923508 3.08e-05 7.02493 0.215357 2.18603e-06 0.205308 0.886244 1.07679 0.076787 -2.56672 0.0198888 
11 3100 3 0.0954308 3.08e-05 7.02493 0.215352 1.9909e-06 0.205055 0.886224 1.07676 0.076762 -2.56705 0.0205519 
11 3200 3 0.0985108 3.08e-05 7.02493 0.215353 2.1002e-06 0.204815 0.886226 1.07676 0.0767645 -2.56701 0.0212149 
11 3300 3 0.101591 3.08e-05 7.02493 0.215353 1.11548e-06 0.204587 0.886227 1.07677 0.076766 -2.56699 0.0218781 
11 3400 3 0.104671 3.08e-05 7.02493 0.215352 3.16879e-06 0.20437 0.886224 1.07676 0.0767619 -2.56705 0.0225416 
11 3500 3 0.107751 3.08e-05 7.02493 0.21535 -2.7867e-07 0.204166 0.886213 1.07675 0.0767491 -2.56721 0.0232049 
11 3600 3 0.110831 3.08e-05 7.02493 0.215351 -1.49372e-07 0.20397 0.886219 1.07676 0.076756 -2.56712 0.0238681 
11 3700 3 0.113911 3.08e-05 7.02493 0.215357 -2.9269e-06 0.203781 0.886241 1.07678 0.0767826 -2.56678 0.024531 
11 3800 3 0.116991 3.08e-05 7.02493 0.21535 -1.53488e-05 0.203604 0.886215 1.07675 0.0767515 -2.56718 0.0251942 
11 3900 3 0.120071 3.08e-05 7.02493 0.215347 -2.35656e-05 0.203438 0.8862 1.07673 0.0767327 -2.56743 0.0258575 
11 4000 3 0.123151 3.08e-05 7.02493 0.215344 -2.9035e-05 0.203282 0.886189 1.07672 0.0767191 -2.5676 0.0265207 
11 4100 3 0.126231 3.08e-05 7.02493 0.215343 -2.14442e-05 0.203139 0.886187 1.07672 0.0767171 -2.56763 0.027184 
11 4200 3 0.129311 3.08e-05 7.02493 0.215338 -1.50087e-05 0.203002 0.886166 1.07669 0.0766917 -2.56796 0.027847 
11 4300 3 0.132391 3.08e-05 7.02493 0.215337 -6.25331e-07 0.202869 0.886161 1.07669 0.0766856 -2.56804 0.02851 
11 4400 3 0.135471 3.08e-05 7.02493 0.21533 7.34783e-06 0.202742 0.886133 1.07665 0.0766521 -2.56848 0.0291733 
11 4500 3 0.138551 3.08e-05 7.02493 0.215326 3.5739e-06 0.202619 0.886114 1.07663 0.0766283 -2.56879 0.0298366 
11 4600 3 0.141631 3.08e-05 7.02493 0.215302 2.73118e-06 0.202499 0.886017 1.07651 0.076511 -2.57032 0.0304997 
11 4700 3 0.144711 3.08e-05 7.02493 0.215311 7.7173e-07 0.20239 0.886053 1.07655 0.0765539 -2.56976 0.031163 
11 4800 3 0.147791 3.08e-05 7.02493 0.215282 -9.83807e-06 0.202287 0.885932 1.07641 0.0764076 -2.57167 0.0318258 
11 4900 3 0.150871 3.08e-05 7.02493 0.215251 -1.62171e-05 0.202179 0.885805 1.07625 0.0762537 -2.57369 0.0324885 
11 5000 3 0.153951 3.08e-05 7.02493 0.215234 -1.59424e-05 0.20208 0.885736 1.07617 0.0761695 -2.57479 0.0331519 
11 5100 3 0.157031 3.08e-05 7.02493 0.215207 -2.2968e-05 0.20198 0.885627 1.07604 0.0760369 -2.57654 0.0338147 
11 5200 4 0.160092 3.08e-05 7.02493 0.215179 -3.95265e-05 0.201889 0.885509 1.07589 0.0758931 -2.57843 0.0344781 
11 5300 4 0.163172 3.08e-05 7.02493 0.215159 -4.40384e-05 0.201805 0.885429 1.0758 0.0757967 -2.5797 0.03514 
11 5400 4 0.166252 3.08e-05 7.02493 0.215145 -3.87716e-05 0.201729 0.885371 1.07573 0.0757254 -2.58064 0.0358024 
11 5500 4 0.169332 3.08e-05 7.02493 0.215141 -3.46473e-05 0.201661 0.885355 1.07571 0.0757063 -2.58089 0.036465 
11 5600 4 0.172412 3.08e-05 7.02493 0.215119 -2.00847e-05 0.201592 0.885265 1.0756 0.0755974 -2.58233 0.0371277 
11 5700 4 0.175492 3.08e-05 7.02493 0.215117 -7.71924e-07 0.201531 0.885253 1.07558 0.0755828 -2.58253 0.0377904 
11 5800 4 0.178572 3.08e-05 7.02493 0.215109 1.61525e-06 0.201471 0.885224 1.07555 0.0755467 -2.583 0.0384527 
11 5900 4 0.181652 3.08e-05 7.02493 0.215095 9.14694e-07 0.201416 0.885167 1.07548 0.0754773 -2.58392 0.0391159 
11 6000 4 0.184732 3.08e-05 7.02493 0.2151 -2.66244e-05 0.201367 0.885185 1.0755 0.0755003 -2.58362 0.0397779 
11 6100 4 0.187812 3.08e-05 7.02493 0.215081 -2.1208e-05 0.201317 0.885105 1.0754 0.0754027 -2.58491 0.0404401 
11 6200 4 0.190892 3.08e-05 7.02493 0.215071 -1.09231e-05 0.201271 0.885067 1.07536 0.0753559 -2.58553 0.0411028 
11 6300 4 0.193972 3.08e-05 7.02493 0.215069 9.07438e-06 0.20123 0.885057 1.07534 0.0753448 -2.58568 0.0417655 
11 6400 4 0.197052 3.08e-05 7.02493 0.215058 2.33348e-05 0.201188 0.885012 1.07529 0.075289 -2.58642 0.0424275 
11 6500 4 0.200132 3.08e-05 7.02493 0.215053 1.20046e-05 0.201149 0.884992 1.07526 0.0752649 -2.58674 0.0430902 
11 6600 4 0.203212 3.08e-05 7.02493 0.215048 8.18085e-06 0.201114 0.88497 1.07524 0.0752385 -2.58709 0.0437523 
11 6700 4 0.206292 3.08e-05 7.02493 0.215057 3.54741e-05 0.201082 0.885006 1.07528 0.0752827 -2.58651 0.0444147 
11 6800 4 0.209372 3.08e-05 7.02493 0.215041 3.08091e-05 0.20105 0.884944 1.07521 0.0752065 -2.58752 0.0450768 
11 6900 4 0.212452 3.08e-05 7.02493 0.215031 2.36159e-05 0.201021 0.884902 1.07516 0.075156 -2.58819 0.0457392 
11 7000 4 0.215532 3.08e-05 7.02493 0.215031 7.68428e-06 0.20099 0.884902 1.07516 0.075156 -2.58819 0.0464021 
11 7100 4 0.218612 3.08e-05 7.02493 0.21503 8.97469e-06 0.200964 0.884898 1.07515 0.0751506 -2.58826 0.0470634 
11 7200 4 0.221692 3.08e-05 7.02493 0.215019 1.82745e-05 0.200944 0.88485 1.07509 0.0750932 -2.58903 0.047726 
11 7300 4 0.224772 3.08e-05 7.02493 0.214976 3.20151e-06 0.20092 0.884677 1.07488 0.0748823 -2.59184 0.0483878 
11 7400 4 0.227852 3.08e-05 7.02493 0.21494 3.95355e-06 0.200898 0.884525 1.0747 0.0746978 -2.5943 0.04905 
11 7500 4 0.230932 3.08e-05 7.02493 0.214942 -6.87786e-06 0.20088 0.884535 1.07471 0.0747099 -2.59414 0.0497119 
11 7600 4 0.234012 3.08e-05 7.02493 0.214941 -8.0614e-06 0.200856 0.884532 1.07471 0.0747065 -2.59419 0.050374 
11 7700 4 0.237092 3.08e-05 7.02493 0.214938 -1.21023e-05 0.200834 0.88452 1.07469 0.0746918 -2.59439 0.0510355 
11 7800 5 0.240154 3.08e-05 7.02493 0.21492 -7.06773e-06 0.200815 0.884446 1.0746 0.0746023 -2.59558 0.0516976 
11 7900 5 0.243234 3.08e-05 7.02493 0.214916 9.52078e-06 0.200796 0.88443 1.07458 0.0745821 -2.59586 0.0523594 
11 8000 5 0.246314 3.08e-05 7.02493 0.214924 1.09735e-05 0.200779 0.884461 1.07462 0.0746202 -2.59534 0.0530223 
11 8100 5 0.249394 3.08e-05 7.02493 0.214919 5.25413e-06 0.200764 0.884441 1.0746 0.0745956 -2.59567 0.0536841 
11 8200 5 0.252474 3.08e-05 7.02493 0.214928 -1.17613e-05 0.200744 0.884479 1.07464 0.0746421 -2.59505 0.0543457 
11 8300 5 0.255554 3.08e-05 7.02493 0.214921 -7.97674e-06 0.200729 0.884448 1.0746 0.0746041 -2.59556 0.0550075 
11 8400 5 0.258634 3.08e-05 7.02493 0.214897 -3.50141e-06 0.200715 0.884351 1.07449 0.074486 -2.59714 0.0556694 
11 8500 5 0.261714 3.08e-05 7.02493 0.214876 2.07658e-06 0.200701 0.884262 1.07438 0.074378 -2.59859 0.0563312 
11 8600 5 0.264794 3.08e-05 7.02493 0.21488 6.30527e-06 0.200687 0.884281 1.0744 0.0744016 -2.59828 0.0569934 
11 8700 5 0.267874 3.08e-05 7.02493 0.214889 -2.04676e-06 0.200675 0.884316 1.07444 0.0744437 -2.59771 0.0576553 
11 8800 5 0.270954 3.08e-05 7.02493 0.214876 -5.57379e-06 0.200663 0.884264 1.07438 0.0743811 -2.59855 0.0583169 
11 8900 5 0.274034 3.08e-05 7.02493 0.214852 -4.63591e-06 0.200648 0.884166 1.07426 0.0742617 -2.60016 0.0589791 
11 9000 5 0.277114 3.08e-05 7.02493 0.214851 -6.9563e-06 0.200636 0.884161 1.07426 0.0742554 -2.60024 0.0596409 
11 9100 5 0.280194 3.08e-05 7.02493 0.214836 -7.15829e-06 0.200624 0.8841 1.07418 0.0741816 -2.60124 0.060302 
11 9200 5 0.283274 3.08e-05 7.02493 0.214812 -1.48204e-07 0.200614 0.883999 1.07406 0.0740593 -2.60289 0.0609638 
11 9300 5 0.286354 3.08e-05 7.02493 0.214796 7.705e-06 0.200604 0.883933 1.07398 0.0739791 -2.60397 0.0616275 
11 9400 5 0.289434 3.08e-05 7.02493 0.214805 1.27435e-05 0.200593 0.88397 1.07402 0.074023 -2.60338 0.0622875 
11 9500 5 0.292514 3.08e-05 7.02493 0.214793 1.5149e-05 0.200583 0.883922 1.07396 0.0739648 -2.60417 0.0629485 
11 9600 5 0.295594 3.08e-05 7.02493 0.214773 1.63538e-05 0.200573 0.883838 1.07386 0.0738628 -2.60555 0.0636101 
11 9700 5 0.298674 3.08e-05 7.02493 0.214768 2.2534e-05 0.200563 0.883821 1.07384 0.073842 -2.60583 0.0642714 
11 9800 5 0.301754 3.08e-05 7.02493 0.214765 7.58348e-06 0.200554 0.883808 1.07383 0.0738265 -2.60604 0.0649335 
11 9900 5 0.304834 3.08e-05 7.02493 0.214766 7.59848e-06 0.200547 0.883812 1.07383 0.0738311 -2.60598 0.0655947 
11 10000 5 0.307914 3.08e-05 7.02493 0.21474 1.59836e-05 0.200537 0.883702 1.0737 0.0736983 -2.60778 0.0662558 
11 10100 5 0.310994 3.08e-05 7.02493 0.214713 3.61788e-05 0.200529 0.883593 1.07357 0.073566 -2.60957 0.0669175 
11 10200 5 0.314074 3.08e-05 7.02493 0.214718 3.89191e-05 0.200522 0.883612 1.07359 0.0735885 -2.60927 0.067579 
11 10300 5 0.317154 3.08e-05 7.02493 0.21473 3.5751e-05 0.200515 0.883661 1.07365 0.0736482 -2.60846 0.0682407 
11 10400 6 0.320216 3.08e-05 7.02493 0.214729 3.41809e-05 0.200507 0.88366 1.07365 0.0736472 -2.60847 0.0689023 
11 10500 6 0.323296 3.08e-05 7.02493 0.214745 3.28229e-05 0.200499 0.883726 1.07373 0.0737265 -2.60739 0.0695636 
11 10600 6 0.326376 3.08e-05 7.02493 0.214711 1.07429e-05 0.200493 0.883585 1.07356 0.0735561 -2.60971 0.0702246 
11 10700 6 0.329456 3.08e-05 7.02493 0.214703 3.22457e-06 0.200486 0.883552 1.07352 0.0735158 -2.61025 0.0708863 
11 10800 6 0.332536 3.08e-05 7.02493 0.214692 7.42481e-06 0.20048 0.883506 1.07346 0.0734597 -2.61102 0.0715479 
11 10900 6 0.335616 3.08e-05 7.02493 0.21467 -1.43467e-05 0.200476 0.883417 1.07335 0.0733512 -2.6125 0.0722083 
11 11000 6 0.338696 3.08e-05 7.02493 0.214658 -1.2917e-05 0.200468 0.883365 1.07329 0.0732888 -2.61335 0.0728694 
11 11100 6 0.341776 3.08e-05 7.02493 0.214645 -2.02496e-05 0.200461 0.883312 1.07322 0.0732241 -2.61423 0.0735307 
11 11200 6 0.344856 3.08e-05 7.02493 0.214633 -4.06814e-05 0.200455 0.883263 1.07316 0.0731647 -2.61504 0.0741918 
11 11300 6 0.347936 3.08e-05 7.02493 0.214627 -6.02239e-05 0.200451 0.883239 1.07314 0.0731357 -2.61544 0.0748528 
11 11400 6 0.351016 3.08e-05 7.02493 0.214626 -7.12253e-05 0.200446 0.883234 1.07313 0.0731291 -2.61553 0.0755139 
11 11500 6 0.354096 3.08e-05 7.02493 0.214605 -7.35856e-05 0.200443 0.883149 1.07303 0.0730257 -2.61694 0.0761751 
11 11600 6 0.357176 3.08e-05 7.02493 0.2146 -5.32068e-05 0.200437 0.883126 1.073 0.0729986 -2.61732 0.0768359 
11 11700 6 0.360256 3.08e-05 7.02493 0.214579 -3.31909e-05 0.200432 0.883041 1.07289 0.072895 -2.61874 0.0774968 
11 11800 6 0.363336 3.08e-05 7.02493 0.214564 -1.36407e-05 0.200427 0.88298 1.07282 0.0728212 -2.61975 0.0781577 
11 11900 6 0.366416 3.08e-05 7.02493 0.214572 -2.19724e-05 0.200422 0.883013 1.07286 0.0728611 -2.6192 0.0788185 
11 12000 6 0.369496 3.08e-05 7.02493 0.214555 -3.14547e-05 0.200417 0.88294 1.07277 0.0727727 -2.62041 0.0794794 
11 12100 6 0.372576 3.08e-05 7.02493 0.214565 -2.67325e-05 0.200413 0.882984 1.07283 0.0728255 -2.61969 0.0801405 
11 12200 6 0.375656 3.08e-05 7.02493 0.214541 -1.16967e-05 0.200409 0.882887 1.07271 0.0727074 -2.62131 0.0808014 
11 12300 6 0.378736 3.08e-05 7.02493 0.214517 9.23728e-06 0.200405 0.882786 1.07258 0.0725847 -2.623 0.0814618 
11 12400 6 0.381816 3.08e-05 7.02493 0.214521 2.71858e-05 0.2004 0.882801 1.0726 0.0726029 -2.62275 0.0821229 
11 12500 6 0.384896 3.08e-05 7.02493 0.214501 2.85075e-05 0.200395 0.882722 1.07251 0.072507 -2.62407 0.0827835 
11 12600 6 0.387976 3.08e-05 7.02493 0.214482 2.157e-05 0.200393 0.882643 1.07241 0.0724108 -2.6254 0.0834441 
11 12700 6 0.391056 3.08e-05 7.02493 0.214487 1.50307e-05 0.200389 0.882662 1.07243 0.0724349 -2.62507 0.0841042 
11 12800 6 0.394135 3.08e-05 7.02493 0.214486 5.15764e-06 0.200385 0.882657 1.07243 0.072428 -2.62516 0.0847652 
11 12900 6 0.397215 3.08e-05 7.02493 0.214491 5.56224e-06 0.200381 0.882679 1.07245 0.0724547 -2.62479 0.0854261 
11 13000 7 0.400277 3.08e-05 7.02493 0.214482 -7.7313e-08 0.200379 0.882641 1.07241 0.0724087 -2.62543 0.0860866 
11 13100 7 0.403357 3.08e-05 7.02493 0.214491 -5.81893e-06 0.200375 0.882681 1.07246 0.0724569 -2.62476 0.0867473 
11 13200 7 0.406437 3.08e-05 7.02493 0.214462 6.05058e-06 0.200371 0.88256 1.07231 0.0723109 -2.62678 0.087408 
11 13300 7 0.409517 3.08e-05 7.02493 0.214416 3.29669e-05 0.200369 0.882371 1.07208 0.0720803 -2.62997 0.0880684 
11 13400 7 0.412597 3.08e-05 7.02493 0.214388 1.91031e-05 0.200366 0.882254 1.07194 0.0719384 -2.63195 0.0887289 
11 13500 7 0.415677 3.08e-05 7.02493 0.214382 2.02763e-05 0.200363 0.882229 1.07191 0.0719082 -2.63236 0.0893891 
11 13600 7 0.418757 3.08e-05 7.02493 0.214393 4.57079e-05 0.200359 0.882274 1.07196 0.0719633 -2.6316 0.0900496 
11 13700 7 0.421837 3.08e-05 7.02493 0.214399 3.21288e-05 0.200357 0.882299 1.07199 0.0719935 -2.63118 0.0907097 
11 13800 7 0.424917 3.08e-05 7.02493 0.214395 1.41183e-05 0.200354 0.882284 1.07197 0.0719748 -2.63144 0.0913704 
11 13900 7 0.427997 3.08e-05 7.02493 0.214381 5.6862e-06 0.200351 0.882228 1.07191 0.0719071 -2.63238 0.0920306 
11 14000 7 0.431077 3.08e-05 7.02493 0.214365 3.84253e-06 0.200349 0.882161 1.07183 0.0718258 -2.63351 0.0926911 
11 14100 7 0.434157 3.08e-05 7.02493 0.214327 -2.82635e-06 0.200348 0.882002 1.07163 0.0716326 -2.63621 0.0933513 
11 14200 7 0.437237 3.08e-05 7.02493 0.214322 -1.51616e-05 0.200345 0.881983 1.07161 0.0716094 -2.63653 0.0940114 
11 14300 7 0.440317 3.08e-05 7.02493 0.214311 -7.8617e-06 0.200342 0.881939 1.07156 0.071556 -2.63728 0.0946716 
11 14400 7 0.443397 3.08e-05 7.02493 0.21432 -9.93247e-06 0.20034 0.881975 1.0716 0.0716002 -2.63666 0.0953315 
11 14500 7 0.446477 3.08e-05 7.02493 0.214322 -9.14304e-06 0.200336 0.881983 1.07161 0.0716091 -2.63653 0.0959918 
11 14600 7 0.449557 3.08e-05 7.02493 0.214325 -1.20527e-06 0.200334 0.881997 1.07163 0.0716267 -2.63629 0.0966517 
11 14700 7 0.452637 3.08e-05 7.02493 0.214321 -1.44472e-06 0.200332 0.881978 1.0716 0.0716034 -2.63661 0.0973122 
11 14800 7 0.455717 3.08e-05 7.02493 0.214341 4.42572e-07 0.200329 0.882063 1.07171 0.071706 -2.63518 0.0979721 
11 14900 7 0.458797 3.08e-05 7.02493 0.214346 2.69646e-05 0.200327 0.882081 1.07173 0.0717288 -2.63486 0.0986325 
11 15000 7 0.461877 3.08e-05 7.02493 0.214342 2.82455e-05 0.200327 0.882064 1.07171 0.0717076 -2.63516 0.0992931 
11 15100 7 0.464957 3.08e-05 7.02493 0.214338 2.50185e-05 0.200327 0.882048 1.07169 0.0716877 -2.63544 0.099953 
11 15200 7 0.468037 3.08e-05 7.02493 0.214289 -1.22093e-05 0.200326 0.881849 1.07145 0.0714459 -2.63881 0.100613 
11 15300 7 0.471117 3.08e-05 7.02493 0.214277 -2.6268e-05 0.200324 0.881797 1.07138 0.0713836 -2.63969 0.101273 
11 15400 7 0.474197 3.08e-05 7.02493 0.214286 -1.60855e-05 0.20032 0.881836 1.07143 0.0714313 -2.63902 0.101933 
11 15500 7 0.477277 3.08e-05 7.02493 0.21426 -3.2484e-05 0.200319 0.881727 1.0713 0.0712979 -2.64089 0.102593 
11 15600 8 0.480339 3.08e-05 7.02493 0.214255 -1.95388e-05 0.200315 0.881706 1.07127 0.0712727 -2.64124 0.103253 
11 15700 8 0.483419 3.08e-05 7.02493 0.214227 -1.2095e-05 0.200316 0.881592 1.07113 0.0711339 -2.64319 0.103912 
11 15800 8 0.486499 3.08e-05 7.02493 0.214201 -9.82321e-06 0.200315 0.881486 1.07101 0.0710053 -2.645 0.104572 
11 15900 8 0.489579 3.08e-05 7.02493 0.214171 5.83006e-06 0.200314 0.881364 1.07086 0.0708569 -2.64709 0.105232 
11 16000 8 0.492659 3.08e-05 7.02493 0.214159 -5.28648e-06 0.200313 0.881314 1.0708 0.0707968 -2.64794 0.105892 
11 16100 8 0.495739 3.08e-05 7.02493 0.214163 -6.71146e-06 0.200311 0.881327 1.07081 0.0708126 -2.64772 0.106551 
11 16200 8 0.498819 3.08e-05 7.02493 0.214148 -2.99753e-05 0.20031 0.881267 1.07074 0.0707393 -2.64875 0.107211 
11 16300 8 0.501899 3.08e-05 7.02493 0.214155 -4.8219e-05 0.200308 0.881295 1.07077 0.0707734 -2.64827 0.107871 
11 16400 8 0.504979 3.08e-05 7.02493 0.214136 -5.6522e-05 0.200309 0.881219 1.07068 0.0706812 -2.64958 0.108531 
11 16500 8 0.508059 3.08e-05 7.02493 0.214132 -4.96926e-05 0.200306 0.881201 1.07066 0.0706593 -2.64989 0.10919 
11 16600 8 0.511139 3.08e-05 7.02493 0.214147 -1.72263e-05 0.200303 0.881264 1.07074 0.0707359 -2.6488 0.109849 
11 16700 8 0.514219 3.08e-05 7.02493 0.214161 -1.07047e-05 0.200302 0.881319 1.0708 0.0708028 -2.64786 0.110509 
11 16800 8 0.517299 3.08e-05 7.02493 0.214133 3.46602e-07 0.200302 0.881205 1.07066 0.0706639 -2.64982 0.111169 
11 16900 8 0.520379 3.08e-05 7.02493 0.214156 1.21864e-05 0.200299 0.881302 1.07078 0.0707822 -2.64815 0.111829 
11 17000 8 0.523459 3.08e-05 7.02493 0.214176 5.29341e-06 0.200298 0.881384 1.07088 0.070881 -2.64675 0.112488 
11 17100 8 0.526539 3.08e-05 7.02493 0.21414 -4.26123e-06 0.200299 0.881235 1.0707 0.0707003 -2.64931 0.113147 
11 17200 8 0.529619 3.08e-05 7.02493 0.214117 -1.33647e-05 0.200298 0.881141 1.07059 0.0705867 -2.65091 0.113807 
11 17300 8 0.532699 3.08e-05 7.02493 0.214075 -2.94282e-05 0.200299 0.880966 1.07037 0.0703737 -2.65394 0.114467 
11 17400 8 0.535779 3.08e-05 7.02493 0.214052 -2.45728e-05 0.200296 0.880873 1.07026 0.070261 -2.65554 0.115126 
11 17500 8 0.538859 3.08e-05 7.02493 0.214074 -1.64263e-05 0.200293 0.880964 1.07037 0.0703714 -2.65397 0.115785 
11 17600 8 0.541939 3.08e-05 7.02493 0.214077 -2.72498e-05 0.200292 0.880975 1.07038 0.0703841 -2.65379 0.116445 
11 17700 8 0.545019 3.08e-05 7.02493 0.214088 -4.09294e-05 0.200291 0.88102 1.07044 0.0704394 -2.653 0.117104 
11 17800 8 0.548099 3.08e-05 7.02493 0.21409 -3.4709e-05 0.200292 0.881028 1.07045 0.0704493 -2.65286 0.117763 
11 17900 8 0.551179 3.08e-05 7.02493 0.214071 -3.19038e-05 0.200291 0.880952 1.07036 0.0703571 -2.65417 0.118422 
11 18000 8 0.554259 3.08e-05 7.02493 0.214032 -1.28416e-05 0.200291 0.880792 1.07016 0.0701621 -2.65695 0.119081 
11 18100 8 0.557339 3.08e-05 7.02493 0.213986 9.66766e-06 0.200289 0.880602 1.06993 0.0699316 -2.66024 0.119741 
11 18200 9 0.5604 3.08e-05 7.02493 0.213959 1.49449e-05 0.200289 0.88049 1.0698 0.0697951 -2.66219 0.1204 
11 18300 9 0.56348 3.08e-05 7.02493 0.213952 3.28885e-05 0.200288 0.880459 1.06976 0.0697579 -2.66273 0.121059 
11 18400 9 0.56656 3.08e-05 7.02493 0.213959 3.55432e-05 0.200286 0.880492 1.0698 0.0697974 -2.66216 0.121718 
11 18500 9 0.56964 3.08e-05 7.02493 0.213946 3.89757e-05 0.200285 0.880438 1.06973 0.0697318 -2.6631 0.122377 
11 18600 9 0.57272 3.08e-05 7.02493 0.213923 5.32156e-05 0.200287 0.880342 1.06962 0.0696161 -2.66476 0.123036 
11 18700 9 0.5758 3.08e-05 7.02493 0.213917 5.93434e-05 0.200285 0.880316 1.06958 0.0695841 -2.66522 0.123695 
11 18800 9 0.57888 3.08e-05 7.02493 0.2139 7.26131e-05 0.200284 0.880246 1.0695 0.0694985 -2.66645 0.124354 
11 18900 9 0.58196 3.08e-05 7.02493 0.2139 7.15109e-05 0.200282 0.880246 1.0695 0.069499 -2.66644 0.125013 
11 19000 9 0.58504 3.08e-05 7.02493 0.213912 8.08569e-05 0.200281 0.880297 1.06956 0.0695604 -2.66556 0.125671 
11 19100 9 0.58812 3.08e-05 7.02493 0.21395 8.60682e-05 0.200279 0.880455 1.06975 0.0697524 -2.6628 0.12633 
11 19200 9 0.5912 3.08e-05 7.02493 0.213955 6.85939e-05 0.200279 0.880475 1.06978 0.069777 -2.66245 0.126989 
11 19300 9 0.59428 3.08e-05 7.02493 0.213923 3.88739e-05 0.200278 0.880342 1.06962 0.0696151 -2.66477 0.127648 
11 19400 9 0.59736 3.08e-05 7.02493 0.213883 1.0965e-05 0.20028 0.880176 1.06941 0.0694144 -2.66766 0.128307 
11 19500 9 0.60044 3.08e-05 7.02493 0.213859 -2.76288e-07 0.200281 0.880076 1.06929 0.0692929 -2.66941 0.128966 
11 19600 9 0.60352 3.08e-05 7.02493 0.213881 -7.17506e-06 0.200278 0.880167 1.0694 0.0694027 -2.66783 0.129625 
11 19700 9 0.6066 3.08e-05 7.02493 0.213923 1.56135e-07 0.200275 0.880343 1.06962 0.0696163 -2.66476 0.130283 
11 19800 9 0.60968 3.08e-05 7.02493 0.213924 -5.98791e-06 0.200274 0.880346 1.06962 0.0696205 -2.6647 0.130943 
11 19900 9 0.61276 3.08e-05 7.02493 0.213895 1.07041e-05 0.200276 0.880226 1.06947 0.0694745 -2.6668 0.131601 
11 20000 9 0.61584 3.08e-05 7.02493 0.213849 1.90724e-05 0.200275 0.880037 1.06924 0.0692445 -2.67011 0.132259 
11 20100 9 0.61892 3.08e-05 7.02493 0.213832 1.04621e-05 0.200275 0.879967 1.06916 0.0691602 -2.67133 0.132918 
11 20200 9 0.622 3.08e-05 7.02493 0.213828 -7.76934e-06 0.200273 0.87995 1.06914 0.0691387 -2.67164 0.133577 
11 20300 9 0.62508 3.08e-05 7.02493 0.213804 -3.83814e-05 0.200273 0.87985 1.06902 0.0690178 -2.67339 0.134235 
11 20400 9 0.62816 3.08e-05 7.02493 0.213813 -5.71952e-05 0.200273 0.879888 1.06906 0.0690643 -2.67272 0.134894 
11 20500 9 0.63124 3.08e-05 7.02493 0.2138 -5.14916e-05 0.20027 0.879836 1.069 0.0690011 -2.67363 0.135552 
11 20600 9 0.63432 3.08e-05 7.02493 0.213805 -5.27593e-05 0.200272 0.879855 1.06902 0.0690243 -2.6733 0.136212 
11 20700 9 0.6374 3.08e-05 7.02493 0.213775 -3.71324e-05 0.200272 0.879731 1.06887 0.0688732 -2.67549 0.136871 
11 20800 10 0.640462 3.08e-05 7.02493 0.213757 -5.28001e-05 0.200273 0.87966 1.06879 0.068787 -2.67674 0.137528 
11 20900 10 0.643542 3.08e-05 7.02493 0.213739 -4.65304e-05 0.200271 0.879585 1.0687 0.0686955 -2.67807 0.138186 
11 21000 10 0.646622 3.08e-05 7.02493 0.213754 -5.6727e-05 0.200271 0.879647 1.06877 0.0687717 -2.67696 0.138845 
11 21100 10 0.649702 3.08e-05 7.02493 0.21375 -6.41442e-05 0.200268 0.879628 1.06875 0.068748 -2.67731 0.139503 
11 21200 10 0.652782 3.08e-05 7.02493 0.213724 -4.3714e-05 0.200267 0.879524 1.06862 0.0686212 -2.67915 0.140161 
11 21300 10 0.655862 3.08e-05 7.02493 0.2137 -3.35679e-05 0.200269 0.879423 1.0685 0.0684992 -2.68093 0.14082 
11 21400 10 0.658942 3.08e-05 7.02493 0.213719 -5.1482e-05 0.200267 0.879504 1.0686 0.0685969 -2.67951 0.141478 
11 21500 10 0.662022 3.08e-05 7.02493 0.21373 -5.34299e-05 0.200266 0.879545 1.06865 0.0686477 -2.67877 0.142136 
11 21600 10 0.665102 3.08e-05 7.02493 0.213695 -4.76685e-05 0.200267 0.879405 1.06848 0.0684768 -2.68126 0.142795 
11 21700 10 0.668182 3.08e-05 7.02493 0.213685 -7.56937e-05 0.200268 0.879364 1.06843 0.0684274 -2.68198 0.143453 
11 21800 10 0.671262 3.08e-05 7.02493 0.213694 -7.10634e-05 0.200267 0.879401 1.06847 0.0684716 -2.68134 0.144111 
11 21900 10 0.674342 3.08e-05 7.02493 0.213729 -6.58254e-05 0.200263 0.879543 1.06864 0.0686445 -2.67881 0.144769 
11 22000 10 0.677422 3.08e-05 7.02493 0.213753 -5.55078e-05 0.200262 0.879641 1.06876 0.068764 -2.67707 0.145428 
11 22100 10 0.680502 3.08e-05 7.02493 0.213742 -4.34655e-05 0.200263 0.879597 1.06871 0.0687102 -2.67786 0.146086 
11 22200 10 0.683582 3.08e-05 7.02493 0.213681 -3.61245e-05 0.200266 0.879345 1.0684 0.0684036 -2.68233 0.146744 
11 22300 10 0.686662 3.08e-05 7.02493 0.213653 -2.1351e-05 0.200265 0.87923 1.06826 0.0682643 -2.68437 0.147402 
11 22400 10 0.689742 3.08e-05 7.02493 0.213639 1.08639e-05 0.200266 0.879174 1.0682 0.0681958 -2.68537 0.148061 
11 22500 10 0.692822 3.08e-05 7.02493 0.213644 2.10377e-05 0.200265 0.879195 1.06822 0.0682213 -2.685 0.148719 
11 22600 10 0.695902 3.08e-05 7.02493 0.213641 2.18501e-05 0.200263 0.879183 1.06821 0.0682069 -2.68521 0.149376 
11 22700 10 0.698982 3.08e-05 7.02493 0.213631 6.62887e-06 0.200263 0.879141 1.06816 0.0681559 -2.68596 0.150034 
11 22800 10 0.702062 3.08e-05 7.02493 0.213621 1.15341e-05 0.200265 0.879098 1.0681 0.0681036 -2.68672 0.150692 
11 22900 10 0.705142 3.08e-05 7.02493 0.213573 -1.96609e-06 0.200265 0.8789 1.06786 0.067864 -2.69025 0.15135 
11 23000 10 0.708222 3.08e-05 7.02493 0.213538 6.04397e-06 0.200265 0.878757 1.06769 0.0676904 -2.69281 0.152008 
11 23100 10 0.711302 3.08e-05 7.02493 0.213587 1.05052e-05 0.200263 0.878958 1.06793 0.0679337 -2.68922 0.152666 
11 23200 10 0.714382 3.08e-05 7.02493 0.213581 1.42237e-05 0.200263 0.878933 1.0679 0.0679039 -2.68966 0.153323 
11 23300 10 0.717462 3.08e-05 7.02493 0.213623 9.82342e-06 0.20026 0.879106 1.06811 0.0681134 -2.68658 0.153982 
11 23400 11 0.720524 3.08e-05 7.02493 0.213636 -1.64679e-06 0.200259 0.879162 1.06818 0.0681818 -2.68558 0.154639 
11 23500 11 0.723604 3.08e-05 7.02493 0.213596 -2.78826e-05 0.20026 0.878997 1.06798 0.0679815 -2.68852 0.155298 
11 23600 11 0.726684 3.08e-05 7.02493 0.21357 -4.16257e-05 0.200259 0.87889 1.06785 0.0678518 -2.69043 0.155955 
11 23700 11 0.729764 3.08e-05 7.02493 0.213541 -3.9012e-05 0.20026 0.878772 1.06771 0.0677074 -2.69256 0.156613 
11 23800 11 0.732844 3.08e-05 7.02493 0.213533 -3.51512e-05 0.20026 0.878739 1.06767 0.0676674 -2.69315 0.157271 
11 23900 11 0.735924 3.08e-05 7.02493 0.213544 -1.6768e-05 0.200258 0.878783 1.06772 0.0677209 -2.69236 0.157929 
11 24000 11 0.739004 3.08e-05 7.02493 0.213526 -1.7255e-05 0.200258 0.878708 1.06763 0.0676305 -2.6937 0.158586 
11 24100 11 0.742084 3.08e-05 7.02493 0.21351 -6.28935e-06 0.200257 0.878642 1.06755 0.0675495 -2.69489 0.159244 
11 24200 11 0.745164 3.08e-05 7.02493 0.213534 2.28036e-06 0.200258 0.878741 1.06767 0.0676699 -2.69311 0.159902 
11 24300 11 0.748244 3.08e-05 7.02493 0.213526 6.83688e-06 0.200256 0.878709 1.06763 0.0676318 -2.69368 0.160559 
11 24400 11 0.751324 3.08e-05 7.02493 0.213501 -7.579e-06 0.200256 0.878605 1.0675 0.0675046 -2.69556 0.161217 
11 24500 11 0.754404 3.08e-05 7.02493 0.213473 -2.46006e-05 0.200261 0.878488 1.06736 0.0673634 -2.69765 0.161875 
11 24600 11 0.757484 3.08e-05 7.02493 0.21346 -4.0266e-05 0.200262 0.878436 1.0673 0.0673002 -2.69859 0.162532 
11 24700 11 0.760564 3.08e-05 7.02493 0.213452 -5.27769e-05 0.200261 0.878402 1.06726 0.0672581 -2.69922 0.163189 
11 24800 11 0.763644 3.08e-05 7.02493 0.213483 -5.4604e-05 0.200258 0.878533 1.06742 0.0674172 -2.69685 0.163847 
11 24900 11 0.766724 3.08e-05 7.02493 0.213463 -7.02821e-05 0.200259 0.878447 1.06731 0.0673131 -2.6984 0.164504 
11 25000 11 0.769804 3.08e-05 7.02493 0.213455 -4.1434e-05 0.200258 0.878417 1.06728 0.067277 -2.69894 0.165162 
11 25100 11 0.772884 3.08e-05 7.02493 0.213458 5.58552e-06 0.200258 0.878427 1.06729 0.0672893 -2.69875 0.165819 
11 25200 11 0.775964 3.08e-05 7.02493 0.21346 2.2739e-05 0.200257 0.878437 1.0673 0.0673005 -2.69859 0.166477 
11 25300 11 0.779044 3.08e-05 7.02493 0.213436 3.39308e-05 0.200257 0.878339 1.06718 0.0671824 -2.70034 0.167134 
11 25400 11 0.782124 3.08e-05 7.02493 0.213402 4.37319e-05 0.200259 0.878197 1.06701 0.0670099 -2.70292 0.167792 
11 25500 11 0.785204 3.08e-05 7.02493 0.213397 5.56521e-05 0.200257 0.878176 1.06698 0.0669839 -2.7033 0.168449 
11 25600 11 0.788284 3.08e-05 7.02493 0.213421 3.68887e-05 0.200256 0.878277 1.06711 0.0671068 -2.70147 0.169107 
11 25700 11 0.791364 3.08e-05 7.02493 0.213409 2.87029e-05 0.200255 0.878227 1.06705 0.0670458 -2.70238 0.169764 
11 25800 11 0.794443 3.08e-05 7.02493 0.21339 -2.06967e-08 0.200257 0.878149 1.06695 0.0669507 -2.7038 0.170421 
11 25900 11 0.797523 3.08e-05 7.02493 0.213403 -2.3188e-05 0.200255 0.878203 1.06702 0.067017 -2.70281 0.171079 
11 26000 12 0.800585 3.08e-05 7.02493 0.213381 -2.25867e-05 0.200255 0.878111 1.06691 0.0669053 -2.70448 0.171736 
11 26100 12 0.803665 3.08e-05 7.02493 0.213356 -1.1142e-07 0.200257 0.878006 1.06678 0.0667778 -2.70638 0.172393 
11 26200 12 0.806745 3.08e-05 7.02493 0.213353 -1.03114e-05 0.200257 0.877995 1.06676 0.0667642 -2.70659 0.17305 
11 26300 12 0.809825 3.08e-05 7.02493 0.213359 -3.32567e-05 0.200255 0.87802 1.06679 0.0667948 -2.70613 0.173707 
11 26400 12 0.812905 3.08e-05 7.02493 0.213374 -3.02471e-05 0.200253 0.878084 1.06687 0.0668716 -2.70498 0.174365 
11 26500 12 0.815985 3.08e-05 7.02493 0.213422 -3.09816e-05 0.200252 0.878279 1.06711 0.0671086 -2.70144 0.175021 
11 26600 12 0.819065 3.08e-05 7.02493 0.213432 -3.77358e-05 0.200252 0.878319 1.06716 0.067158 -2.70071 0.175679 
11 26700 12 0.822145 3.08e-05 7.02493 0.213424 -4.02083e-05 0.200253 0.878286 1.06712 0.0671179 -2.7013 0.176337 
11 26800 12 0.825225 3.08e-05 7.02493 0.213382 -3.64162e-05 0.200254 0.878115 1.06691 0.0669095 -2.70441 0.176994 
11 26900 12 0.828305 3.08e-05 7.02493 0.213318 -1.59096e-05 0.200258 0.877853 1.06659 0.0665917 -2.70917 0.177651 
11 27000 12 0.831385 3.08e-05 7.02493 0.2133 -9.44304e-06 0.200257 0.87778 1.0665 0.0665022 -2.71052 0.178308 
11 27100 12 0.834465 3.08e-05 7.02493 0.213314 1.26142e-06 0.200256 0.877836 1.06657 0.0665707 -2.70949 0.178965 
11 27200 12 0.837545 3.08e-05 7.02493 0.213323 2.00468e-05 0.200256 0.877873 1.06662 0.0666159 -2.70881 0.179622 
11 27300 12 0.840625 3.08e-05 7.02493 0.213318 4.41654e-05 0.200255 0.877852 1.06659 0.0665901 -2.7092 0.180279 
11 27400 12 0.843705 3.08e-05 7.02493 0.213282 6.98229e-05 0.200256 0.877702 1.06641 0.066408 -2.71194 0.180936 
11 27500 12 0.846785 3.08e-05 7.02493 0.213277 6.17195e-05 0.200256 0.877682 1.06638 0.066384 -2.7123 0.181593 
11 27600 12 0.849865 3.08e-05 7.02493 0.213275 7.62542e-05 0.200257 0.877674 1.06637 0.0663733 -2.71246 0.182249 
11 27700 12 0.852945 3.08e-05 7.02493 0.213265 8.19845e-05 0.200255 0.877632 1.06632 0.0663232 -2.71322 0.182907 
11 27800 12 0.856025 3.08e-05 7.02493 0.213262 7.74256e-05 0.200255 0.877621 1.06631 0.0663099 -2.71342 0.183564 
11 27900 12 0.859105 3.08e-05 7.02493 0.213286 7.83563e-05 0.200254 0.877719 1.06643 0.066429 -2.71162 0.184221 
11 28000 12 0.862185 3.08e-05 7.02493 0.213283 3.1606e-05 0.200253 0.877706 1.06641 0.0664132 -2.71186 0.184878 
11 28100 12 0.865265 3.08e-05 7.02493 0.213262 6.11526e-06 0.200254 0.877623 1.06631 0.0663117 -2.71339 0.185534 
11 28200 12 0.868345 3.08e-05 7.02493 0.213239 -9.39187e-06 0.200254 0.877525 1.06619 0.0661934 -2.71517 0.186191 
11 28300 12 0.871425 3.08e-05 7.02493 0.213217 -2.70495e-05 0.200255 0.877438 1.06609 0.0660871 -2.71678 0.186848 
11 28400 12 0.874505 3.08e-05 7.02493 0.213206 -5.23013e-05 0.200255 0.877391 1.06603 0.0660302 -2.71764 0.187505 
11 28500 12 0.877585 3.08e-05 7.02493 0.213224 -6.25607e-05 0.200254 0.877466 1.06612 0.066121 -2.71627 0.188161 
11 28600 13 0.880647 3.08e-05 7.02493 0.213232 -4.21616e-05 0.200254 0.8775 1.06616 0.066162 -2.71565 0.188818 
11 28700 13 0.883727 3.08e-05 7.02493 0.213222 -3.3531e-05 0.200252 0.877455 1.06611 0.0661075 -2.71647 0.189474 
11 28800 13 0.886807 3.08e-05 7.02493 0.213218 -1.2141e-05 0.200252 0.87744 1.06609 0.0660894 -2.71675 0.190132 
11 28900 13 0.889887 3.08e-05 7.02493 0.213205 -2.63484e-05 0.200253 0.877387 1.06603 0.0660253 -2.71772 0.190788 
11 29000 13 0.892967 3.08e-05 7.02493 0.213205 -1.84206e-05 0.200255 0.877387 1.06602 0.0660249 -2.71772 0.191445 
11 29100 13 0.896047 3.08e-05 7.02493 0.213194 -2.84325e-05 0.200254 0.877341 1.06597 0.0659691 -2.71857 0.192102 
11 29200 13 0.899127 3.08e-05 7.02493 0.213169 -5.13524e-05 0.200256 0.877238 1.06584 0.0658442 -2.72046 0.192758 
11 29300 13 0.902207 3.08e-05 7.02493 0.213145 -8.95017e-05 0.200257 0.877141 1.06573 0.0657259 -2.72226 0.193415 
11 29400 13 0.905287 3.08e-05 7.02493 0.213145 -8.56336e-05 0.200255 0.877141 1.06573 0.0657269 -2.72225 0.194071 
11 29500 13 0.908367 3.08e-05 7.02493 0.213159 -6.36687e-05 0.200254 0.877199 1.0658 0.0657973 -2.72118 0.194728 
11 29600 13 0.911447 3.08e-05 7.02493 0.213153 -1.72055e-05 0.200254 0.877172 1.06576 0.0657639 -2.72168 0.195384 
11 29700 13 0.914527 3.08e-05 7.02493 0.21315 -1.33026e-05 0.200253 0.877162 1.06575 0.0657521 -2.72186 0.196042 
11 29800 13 0.917607 3.08e-05 7.02493 0.213146 -1.05403e-05 0.200254 0.877145 1.06573 0.0657313 -2.72218 0.196697 
11 29900 13 0.920687 3.08e-05 7.02493 0.213133 -2.95986e-05 0.200255 0.877089 1.06566 0.0656625 -2.72323 0.197354 
11 30000 13 0.923767 3.08e-05 7.02493 0.213141 -2.83667e-05 0.200253 0.877122 1.0657 0.0657038 -2.7226 0.19801 
11 30100 13 0.926847 3.08e-05 7.02493 0.213126 -6.57195e-06 0.200254 0.877063 1.06563 0.065631 -2.72371 0.198667 
11 30200 13 0.929927 3.08e-05 7.02493 0.213144 5.52557e-06 0.200252 0.877137 1.06572 0.0657219 -2.72232 0.199324 
11 30300 13 0.933007 3.08e-05 7.02493 0.213174 9.75083e-06 0.200252 0.87726 1.06587 0.0658706 -2.72006 0.19998 
11 30400 13 0.936087 3.08e-05 7.02493 0.213153 2.92333e-05 0.200252 0.877171 1.06576 0.065763 -2.7217 0.200637 
11 30500 13 0.939167 3.08e-05 7.02493 0.213126 2.68254e-05 0.200253 0.877062 1.06563 0.0656306 -2.72371 0.201293 
11 30600 13 0.942247 3.08e-05 7.02493 0.213098 1.34504e-05 0.200254 0.876945 1.06549 0.0654883 -2.72588 0.20195 
11 30700 13 0.945327 3.08e-05 7.02493 0.213064 1.76007e-05 0.200254 0.876808 1.06532 0.0653214 -2.72844 0.202606 
11 30800 13 0.948407 3.08e-05 7.02493 0.21307 1.05137e-05 0.200254 0.876832 1.06535 0.0653507 -2.72799 0.203262 
11 30900 13 0.951487 3.08e-05 7.02493 0.213101 1.89432e-05 0.200254 0.87696 1.06551 0.0655067 -2.7256 0.203918 
11 31000 13 0.954567 3.08e-05 7.02493 0.213125 1.76819e-05 0.200253 0.877057 1.06562 0.0656239 -2.72382 0.204575 
11 31100 13 0.957647 3.08e-05 7.02493 0.213097 2.67404e-05 0.200251 0.876944 1.06549 0.0654872 -2.7259 0.205231 
11 31200 14 0.960708 3.08e-05 7.02493 0.213097 3.34178e-05 0.200252 0.876944 1.06549 0.065487 -2.7259 0.205887 
11 31300 14 0.963788 3.08e-05 7.02493 0.213072 1.76742e-05 0.200253 0.87684 1.06536 0.0653604 -2.72784 0.206544 
11 31400 14 0.966868 3.08e-05 7.02493 0.213057 -1.0635e-05 0.200255 0.876779 1.06529 0.0652869 -2.72896 0.2072 
11 31500 14 0.969948 3.08e-05 7.02493 0.213035 -2.17691e-05 0.200256 0.876686 1.06517 0.0651739 -2.7307 0.207856 
11 31600 14 0.973028 3.08e-05 7.02493 0.213006 -4.74826e-05 0.200257 0.876569 1.06503 0.0650317 -2.73288 0.208513 
11 31700 14 0.976108 3.08e-05 7.02493 0.213025 -5.75709e-05 0.200254 0.876644 1.06512 0.065123 -2.73148 0.209169 
11 31800 14 0.979188 3.08e-05 7.02493 0.213038 -4.33335e-05 0.200254 0.8767 1.06519 0.0651905 -2.73044 0.209825 
11 31900 14 0.982268 3.08e-05 7.02493 0.213063 -4.02803e-05 0.200254 0.8768 1.06531 0.0653126 -2.72857 0.210481 
11 32000 14 0.985348 3.08e-05 7.02493 0.213027 7.11349e-07 0.200254 0.876656 1.06514 0.0651367 -2.73127 0.211137 
11 32100 14 0.988428 3.08e-05 7.02493 0.213008 1.84844e-05 0.200254 0.876575 1.06504 0.0650387 -2.73277 0.211793 
11 32200 14 0.991508 3.08e-05 7.02493 0.212996 1.00985e-05 0.200254 0.876525 1.06498 0.064978 -2.73371 0.212449 
11 32300 14 0.994588 3.08e-05 7.02493 0.213002 4.76403e-05 0.200254 0.876552 1.06501 0.0650109 -2.7332 0.213105 
11 32400 14 0.997668 3.08e-05 7.02493 0.213008 4.48118e-05 0.200254 0.876574 1.06504 0.0650375 -2.73279 0.213761 
11 32500 14 1.00075 3.08e-05 7.02493 0.213014 4.20087e-05 0.200252 0.8766 1.06507 0.0650694 -2.7323 0.214417 
11 32600 14 1.00383 3.08e-05 7.02493 0.213015 3.8067e-05 0.20025 0.876606 1.06508 0.0650766 -2.73219 0.215074 
11 32700 14 1.00691 3.08e-05 7.02493 0.213014 4.36564e-05 0.200251 0.876602 1.06507 0.0650719 -2.73226 0.21573 
11 32800 14 1.00999 3.08e-05 7.02493 0.213008 3.97554e-05 0.200251 0.876578 1.06504 0.0650425 -2.73271 0.216386 
11 32900 14 1.01307 3.08e-05 7.02493 0.213003 1.54116e-05 0.200252 0.876555 1.06501 0.0650148 -2.73314 0.217042 
11 33000 14 1.01615 3.08e-05 7.02493 0.212969 1.91453e-05 0.200252 0.876415 1.06484 0.0648439 -2.73577 0.217698 
11 33100 14 1.01923 3.08e-05 7.02493 0.212944 3.18308e-05 0.200253 0.876311 1.06472 0.0647183 -2.73771 0.218354 
11 33200 14 1.02231 3.08e-05 7.02493 0.212939 3.53232e-05 0.200254 0.876293 1.0647 0.0646965 -2.73805 0.21901 
11 33300 14 1.02539 3.08e-05 7.02493 0.212939 2.8844e-05 0.200251 0.876292 1.06469 0.0646949 -2.73807 0.219665 
11 33400 14 1.02847 3.08e-05 7.02493 0.212947 2.12955e-05 0.200253 0.876325 1.06473 0.0647346 -2.73746 0.220321 
11 33500 14 1.03155 3.08e-05 7.02493 0.212958 4.04477e-05 0.200251 0.87637 1.06479 0.0647891 -2.73662 0.220977 
11 33600 14 1.03463 3.08e-05 7.02493 0.212959 5.38081e-05 0.200252 0.876374 1.06479 0.0647939 -2.73654 0.221633 
11 33700 14 1.03771 3.08e-05 7.02493 0.212932 9.03746e-05 0.200253 0.876265 1.06466 0.0646624 -2.73857 0.222289 
11 33800 15 1.04077 3.08e-05 7.02493 0.212902 0.000109322 0.200254 0.876138 1.06451 0.0645081 -2.74096 0.222945 
11 33900 15 1.04385 3.08e-05 7.02493 0.212891 8.90848e-05 0.200255 0.876094 1.06445 0.0644543 -2.7418 0.223601 
11 34000 15 1.04693 3.08e-05 7.02493 0.212868 9.46918e-05 0.200254 0.875999 1.06434 0.0643385 -2.7436 0.224256 
11 34100 15 1.05001 3.08e-05 7.02493 0.212868 6.49432e-05 0.200255 0.875999 1.06434 0.0643387 -2.74359 0.224912 
11 34200 15 1.05309 3.08e-05 7.02493 0.212868 4.75751e-05 0.200255 0.876001 1.06434 0.0643414 -2.74355 0.225568 
11 34300 15 1.05617 3.08e-05 7.02493 0.212881 4.51506e-05 0.200255 0.876051 1.0644 0.0644026 -2.7426 0.226224 
11 34400 15 1.05925 3.08e-05 7.02493 0.212887 6.27097e-05 0.200255 0.876078 1.06443 0.0644345 -2.74211 0.226879 
11 34500 15 1.06233 3.08e-05 7.02493 0.212876 5.99783e-05 0.200253 0.876033 1.06438 0.0643801 -2.74295 0.227534 
11 34600 15 1.06541 3.08e-05 7.02493 0.212839 4.83018e-05 0.200255 0.875879 1.06419 0.0641934 -2.74585 0.22819 
11 34700 15 1.06849 3.08e-05 7.02493 0.212856 2.56851e-05 0.200254 0.875949 1.06428 0.0642785 -2.74453 0.228846 
11 34800 15 1.07157 3.08e-05 7.02493 0.212858 1.20684e-05 0.200253 0.875958 1.06429 0.064289 -2.74437 0.229502 
11 34900 15 1.07465 3.08e-05 7.02493 0.212879 1.17658e-05 0.200253 0.876045 1.06439 0.0643944 -2.74273 0.230157 
11 35000 15 1.07773 3.08e-05 7.02493 0.212903 1.83419e-05 0.200251 0.876144 1.06451 0.0645148 -2.74086 0.230813 
11 35100 15 1.08081 3.08e-05 7.02493 0.212876 1.57341e-05 0.200253 0.876032 1.06438 0.0643793 -2.74296 0.231469 
11 35200 15 1.08389 3.08e-05 7.02493 0.212863 2.10738e-05 0.200253 0.875981 1.06432 0.0643164 -2.74394 0.232124 
11 35300 15 1.08697 3.08e-05 7.02493 0.212848 1.67508e-05 0.200254 0.875916 1.06424 0.0642384 -2.74515 0.23278 
11 35400 15 1.09005 3.08e-05 7.02493 0.212825 3.344e-05 0.200255 0.875823 1.06413 0.0641253 -2.74692 0.233436 
11 35500 15 1.09313 3.08e-05 7.02493 0.212806 4.17669e-07 0.200257 0.875743 1.06403 0.0640282 -2.74843 0.234091 
11 35600 15 1.09621 3.08e-05 7.02493 0.212808 -2.52132e-05 0.200255 0.875754 1.06404 0.0640408 -2.74823 0.234746 
11 35700 15 1.09929 3.08e-05 7.02493 0.212815 -1.17096e-05 0.200253 0.875781 1.06407 0.0640737 -2.74772 0.235402 
11 35800 15 1.10237 3.08e-05 7.02493 0.212829 -1.04979e-07 0.200253 0.875839 1.06414 0.0641443 -2.74662 0.236057 
11 35900 15 1.10545 3.08e-05 7.02493 0.212843 -6.93006e-06 0.200251 0.875899 1.06422 0.0642174 -2.74548 0.236713 
11 36000 15 1.10853 3.08e-05 7.02493 0.212839 -5.21466e-06 0.200252 0.875881 1.0642 0.064196 -2.74581 0.237369 
11 36100 15 1.11161 3.08e-05 7.02493 0.212808 -1.42533e-05 0.200254 0.875753 1.06404 0.06404 -2.74825 0.238024 
11 36200 15 1.11469 3.08e-05 7.02493 0.212768 -2.9421e-05 0.200256 0.875589 1.06384 0.0638408 -2.75136 0.238679 
11 36300 15 1.11777 3.08e-05 7.02493 0.212772 -1.94828e-05 0.200255 0.875604 1.06386 0.0638586 -2.75108 0.239335 
11 36400 16 1.12083 3.08e-05 7.02493 0.212778 -7.24187e-08 0.200255 0.875629 1.06389 0.0638893 -2.7506 0.23999 
11 36500 16 1.12391 3.08e-05 7.02493 0.212773 -9.91965e-06 0.200254 0.87561 1.06387 0.0638659 -2.75097 0.240646 
11 36600 16 1.12699 3.08e-05 7.02493 0.212778 -9.71896e-06 0.200254 0.875629 1.06389 0.0638891 -2.75061 0.241301 
11 36700 16 1.13007 3.08e-05 7.02493 0.212756 -8.26763e-06 0.200255 0.875539 1.06378 0.0637801 -2.75231 0.241956 
11 36800 16 1.13315 3.08e-05 7.02493 0.212758 -1.47188e-05 0.200253 0.875547 1.06379 0.0637897 -2.75216 0.242612 
11 36900 16 1.13623 3.08e-05 7.02493 0.212742 3.74764e-05 0.200255 0.875481 1.06371 0.0637091 -2.75343 0.243267 
11 37000 16 1.13931 3.08e-05 7.02493 0.21272 6.87264e-06 0.200256 0.875389 1.0636 0.0635975 -2.75518 0.243922 
11 37100 16 1.14239 3.08e-05 7.02493 0.212729 -1.30192e-05 0.200255 0.87543 1.06365 0.0636475 -2.7544 0.244578 
11 37200 16 1.14547 3.08e-05 7.02493 0.212731 -1.31807e-05 0.200252 0.875436 1.06365 0.0636543 -2.75429 0.245233 
11 37300 16 1.14855 3.08e-05 7.02493 0.212762 -2.19041e-05 0.200252 0.875563 1.06381 0.0638087 -2.75187 0.245888 
11 37400 16 1.15163 3.08e-05 7.02493 0.212758 -5.21015e-05 0.200252 0.875548 1.06379 0.0637905 -2.75215 0.246543 
11 37500 16 1.15471 3.08e-05 7.02493 0.212747 -5.04357e-05 0.200253 0.875501 1.06373 0.0637334 -2.75305 0.247199 
11 37600 16 1.15779 3.08e-05 7.02493 0.21276 -3.18054e-05 0.200252 0.875557 1.0638 0.0638021 -2.75197 0.247854 
11 37700 16 1.16087 3.08e-05 7.02493 0.212721 -1.74081e-05 0.200254 0.875396 1.06361 0.0636066 -2.75504 0.248509 
11 37800 16 1.16395 3.08e-05 7.02493 0.212722 -1.08804e-05 0.200256 0.8754 1.06361 0.0636107 -2.75497 0.249164 
11 37900 16 1.16703 3.08e-05 7.02493 0.21272 2.24021e-06 0.200253 0.87539 1.0636 0.0635991 -2.75516 0.24982 
11 38000 16 1.17011 3.08e-05 7.02493 0.212692 -6.28104e-06 0.200254 0.875275 1.06346 0.0634595 -2.75735 0.250475 
11 38100 16 1.17319 3.08e-05 7.02493 0.212681 -1.23665e-05 0.200254 0.87523 1.0634 0.0634045 -2.75822 0.25113 
11 38200 16 1.17627 3.08e-05 7.02493 0.212658 -2.68092e-05 0.200255 0.875136 1.06329 0.06329 -2.76003 0.251785 
11 38300 16 1.17935 3.08e-05 7.02493 0.212684 -2.18838e-05 0.200255 0.875243 1.06342 0.0634197 -2.75798 0.25244 
11 38400 16 1.18243 3.08e-05 7.02493 0.212684 -1.15415e-05 0.200253 0.875242 1.06342 0.0634193 -2.75799 0.253095 
11 38500 16 1.18551 3.08e-05 7.02493 0.212659 -1.3638e-05 0.200255 0.875141 1.0633 0.0632958 -2.75994 0.25375 
11 38600 16 1.18859 3.08e-05 7.02493 0.212643 -1.15479e-05 0.200256 0.875075 1.06322 0.0632156 -2.7612 0.254405 
11 38700 16 1.19167 3.08e-05 7.02493 0.21264 -4.59577e-06 0.200254 0.875064 1.0632 0.0632022 -2.76142 0.25506 
11 38800 16 1.19475 3.08e-05 7.02493 0.212661 -1.52049e-05 0.200254 0.87515 1.06331 0.0633072 -2.75976 0.255715 
11 38900 16 1.19783 3.08e-05 7.02493 0.212655 -2.79664e-05 0.200255 0.875125 1.06328 0.0632775 -2.76023 0.256369 
11 39000 17 1.20089 3.08e-05 7.02493 0.212636 -5.73858e-06 0.200255 0.875046 1.06318 0.0631811 -2.76175 0.257025 
11 39100 17 1.20397 3.08e-05 7.02493 0.212628 9.0529e-06 0.200257 0.875012 1.06314 0.0631402 -2.7624 0.25768 
11 39200 17 1.20705 3.08e-05 7.02493 0.212627 3.84931e-05 0.200256 0.875007 1.06313 0.0631332 -2.76251 0.258335 
11 39300 17 1.21013 3.08e-05 7.02493 0.21263 7.61311e-05 0.200256 0.875021 1.06315 0.0631506 -2.76223 0.25899 
11 39400 17 1.21321 3.08e-05 7.02493 0.212625 8.24005e-05 0.200255 0.875002 1.06313 0.063127 -2.76261 0.259645 
11 39500 17 1.21629 3.08e-05 7.02493 0.212625 6.2958e-05 0.200255 0.874998 1.06312 0.0631227 -2.76268 0.2603 
11 39600 17 1.21937 3.08e-05 7.02493 0.212604 4.58896e-05 0.200255 0.874913 1.06302 0.0630196 -2.76431 0.260955 
11 39700 17 1.22245 3.08e-05 7.02493 0.212621 5.87796e-06 0.200254 0.874985 1.06311 0.0631068 -2.76293 0.26161 
11 39800 17 1.22553 3.08e-05 7.02493 0.21263 -2.67381e-07 0.200254 0.87502 1.06315 0.0631497 -2.76225 0.262264 
11 39900 17 1.22861 3.08e-05 7.02493 0.212631 2.77363e-07 0.200253 0.875024 1.06315 0.0631543 -2.76217 0.262919 
11 40000 17 1.23169 3.08e-05 7.02493 0.212637 -1.08715e-05 0.200254 0.87505 1.06319 0.0631858 -2.76168 0.263574 
11 40100 17 1.23477 3.08e-05 7.02493 0.212622 3.78439e-06 0.200256 0.874986 1.06311 0.0631082 -2.7629 0.264229 
11 40200 17 1.23785 3.08e-05 7.02493 0.212603 7.95865e-06 0.200256 0.874908 1.06301 0.0630134 -2.76441 0.264884 
11 40300 17 1.24093 3.08e-05 7.02493 0.212587 7.28e-06 0.200256 0.874842 1.06293 0.0629333 -2.76568 0.265539 
11 40400 17 1.24401 3.08e-05 7.02493 0.212596 7.07876e-06 0.200255 0.874879 1.06298 0.0629781 -2.76497 0.266193 
11 40500 17 1.24709 3.08e-05 7.02493 0.212582 1.11866e-05 0.200255 0.874825 1.06291 0.0629119 -2.76602 0.266848 
11 40600 17 1.25017 3.08e-05 7.02493 0.212585 1.80115e-05 0.200255 0.874837 1.06293 0.0629274 -2.76577 0.267503 
11 40700 17 1.25325 3.08e-05 7.02493 0.212604 2.84292e-05 0.200254 0.874913 1.06302 0.0630197 -2.76431 0.268158 
11 40800 17 1.25633 3.08e-05 7.02493 0.212601 2.49951e-05 0.200256 0.874899 1.063 0.0630027 -2.76458 0.268813 
11 40900 17 1.25941 3.08e-05 7.02493 0.212557 7.20139e-06 0.200258 0.874721 1.06279 0.0627854 -2.76803 0.269467 
11 41000 17 1.26249 3.08e-05 7.02493 0.212548 -1.50558e-06 0.200255 0.874684 1.06274 0.0627411 -2.76874 0.270122 
11 41100 17 1.26557 3.08e-05 7.02493 0.212559 3.54676e-05 0.200257 0.874728 1.06279 0.062794 -2.7679 0.270777 
11 41200 17 1.26865 3.08e-05 7.02493 0.212564 3.84351e-05 0.200256 0.87475 1.06282 0.0628217 -2.76746 0.271431 
11 41300 17 1.27173 3.08e-05 7.02493 0.212543 5.07751e-05 0.200256 0.874663 1.06272 0.0627157 -2.76914 0.272085 
11 41400 17 1.27481 3.08e-05 7.02493 0.212524 4.60231e-05 0.200257 0.874584 1.06262 0.0626201 -2.77067 0.27274 
11 41500 17 1.27789 3.08e-05 7.02493 0.21253 1.44209e-05 0.200258 0.87461 1.06265 0.0626507 -2.77018 0.273395 
11 41600 18 1.28095 3.08e-05 7.02493 0.212549 1.98807e-05 0.200257 0.874686 1.06274 0.0627434 -2.7687 0.27405 
11 41700 18 1.28403 3.08e-05 7.02493 0.212519 2.26234e-05 0.200257 0.874565 1.0626 0.0625969 -2.77104 0.274705 
11 41800 18 1.28711 3.08e-05 7.02493 0.212496 2.49265e-05 0.200257 0.874468 1.06248 0.0624783 -2.77294 0.275359 
11 41900 18 1.29019 3.08e-05 7.02493 0.212514 2.40717e-06 0.200256 0.874541 1.06257 0.0625677 -2.77151 0.276014 
11 42000 18 1.29327 3.08e-05 7.02493 0.212526 -2.72396e-05 0.200257 0.874591 1.06263 0.062628 -2.77054 0.276668 
11 42100 18 1.29635 3.08e-05 7.02493 0.212523 -5.90721e-05 0.200255 0.87458 1.06262 0.0626152 -2.77075 0.277323 
11 42200 18 1.29943 3.08e-05 7.02493 0.212526 -4.11521e-05 0.200254 0.874591 1.06263 0.0626278 -2.77055 0.277977 
11 42300 18 1.30251 3.08e-05 7.02493 0.212547 -3.16578e-05 0.200253 0.874678 1.06273 0.062734 -2.76885 0.278632 
11 42400 18 1.30559 3.08e-05 7.02493 0.212562 1.81806e-05 0.200254 0.874739 1.06281 0.062808 -2.76767 0.279287 
11 42500 18 1.30867 3.08e-05 7.02493 0.212526 2.08777e-05 0.200255 0.874592 1.06263 0.0626295 -2.77052 0.279941 
11 42600 18 1.31175 3.08e-05 7.02493 0.212508 2.51815e-05 0.200256 0.874518 1.06254 0.0625392 -2.77196 0.280596 
11 42700 18 1.31483 3.08e-05 7.02493 0.212483 1.93582e-05 0.200256 0.874415 1.06241 0.062414 -2.77397 0.28125 
11 42800 18 1.31791 3.08e-05 7.02493 0.212469 7.75799e-06 0.200257 0.874357 1.06234 0.0623441 -2.77509 0.281904 
11 42900 18 1.32099 3.08e-05 7.02493 0.212436 1.29434e-05 0.200258 0.874222 1.06218 0.0621797 -2.77773 0.282558 
11 43000 18 1.32407 3.08e-05 7.02493 0.212446 2.69009e-06 0.200258 0.874265 1.06223 0.0622325 -2.77688 0.283213 
11 43100 18 1.32715 3.08e-05 7.02493 0.212463 -2.80196e-06 0.200258 0.874334 1.06232 0.0623162 -2.77553 0.283867 
11 43200 18 1.33023 3.08e-05 7.02493 0.212476 2.11697e-05 0.200256 0.874388 1.06238 0.0623818 -2.77448 0.284522 
11 43300 18 1.33331 3.08e-05 7.02493 0.212442 1.24511e-05 0.200259 0.874245 1.06221 0.0622078 -2.77727 0.285177 
11 43400 18 1.33639 3.08e-05 7.02493 0.21242 7.281e-06 0.200258 0.874155 1.0621 0.0620979 -2.77904 0.285831 
11 43500 18 1.33947 3.08e-05 7.02493 0.212422 6.79633e-06 0.20026 0.874166 1.06211 0.0621113 -2.77883 0.286485 
11 43600 18 1.34255 3.08e-05 7.02493 0.212419 1.86657e-05 0.20026 0.874152 1.06209 0.0620941 -2.7791 0.287139 
11 43700 18 1.34563 3.08e-05 7.02493 0.212406 2.71075e-05 0.200261 0.8741 1.06203 0.0620311 -2.78012 0.287793 
11 43800 18 1.34871 3.08e-05 7.02493 0.212418 4.44906e-05 0.200259 0.874149 1.06209 0.0620915 -2.77915 0.288448 
11 43900 18 1.35179 3.08e-05 7.02493 0.212417 5.61746e-05 0.200259 0.874142 1.06208 0.0620826 -2.77929 0.289102 
11 44000 18 1.35487 3.08e-05 7.02493 0.212425 4.25497e-05 0.200259 0.874177 1.06213 0.0621253 -2.7786 0.289756 
11 44100 18 1.35795 3.08e-05 7.02493 0.212424 1.29319e-05 0.200259 0.874171 1.06212 0.0621182 -2.77872 0.29041 
11 44200 19 1.36102 3.08e-05 7.02493 0.212417 9.81363e-07 0.200259 0.874145 1.06209 0.0620859 -2.77924 0.291065 
11 44300 19 1.3641 3.08e-05 7.02493 0.212446 5.14896e-06 0.200256 0.874263 1.06223 0.0622289 -2.77694 0.291719 
11 44400 19 1.36718 3.08e-05 7.02493 0.212425 -7.49622e-06 0.200256 0.874177 1.06213 0.0621255 -2.7786 0.292374 
11 44500 19 1.37026 3.08e-05 7.02493 0.212393 -2.68641e-05 0.200257 0.874043 1.06196 0.0619627 -2.78122 0.293028 
11 44600 19 1.37334 3.08e-05 7.02493 0.212398 -3.62286e-05 0.200256 0.874066 1.06199 0.0619897 -2.78079 0.293682 
11 44700 19 1.37642 3.08e-05 7.02493 0.212404 -2.47131e-05 0.200256 0.874091 1.06202 0.062021 -2.78028 0.294336 
11 44800 19 1.3795 3.08e-05 7.02493 0.212428 -4.01821e-05 0.200256 0.874191 1.06214 0.0621415 -2.77834 0.29499 
11 44900 19 1.38258 3.08e-05 7.02493 0.212423 -1.47611e-05 0.200257 0.874167 1.06211 0.0621132 -2.7788 0.295645 
11 45000 19 1.38566 3.08e-05 7.02493 0.212413 -4.46154e-06 0.200257 0.87413 1.06207 0.0620674 -2.77954 0.296299 
11 45100 19 1.38874 3.08e-05 7.02493 0.212388 3.1282e-05 0.200257 0.874023 1.06194 0.0619378 -2.78162 0.296953 
11 45200 19 1.39182 3.08e-05 7.02493 0.212385 2.73289e-05 0.200256 0.87401 1.06192 0.0619227 -2.78187 0.297607 
11 45300 19 1.3949 3.08e-05 7.02493 0.212375 4.8416e-05 0.200257 0.87397 1.06187 0.0618733 -2.78267 0.298261 
11 45400 19 1.39798 3.08e-05 7.02493 0.212386 4.73628e-05 0.200258 0.874017 1.06193 0.0619306 -2.78174 0.298915 
11 45500 19 1.40106 3.08e-05 7.02493 0.212384 2.4628e-05 0.200258 0.874008 1.06192 0.0619192 -2.78192 0.29957 
11 45600 19 1.40414 3.08e-05 7.02493 0.212364 2.70618e-05 0.200259 0.873925 1.06182 0.0618194 -2.78354 0.300224 
11 45700 19 1.40722 3.08e-05 7.02493 0.212362 9.40387e-06 0.200258 0.873919 1.06181 0.0618115 -2.78367 0.300878 
11 45800 19 1.4103 3.08e-05 7.02493 0.212332 -2.39186e-05 0.200258 0.873796 1.06166 0.0616618 -2.78609 0.301532 
11 45900 19 1.41338 3.08e-05 7.02493 0.212337 -1.49286e-05 0.200259 0.873814 1.06168 0.0616836 -2.78574 0.302186 
11 46000 19 1.41646 3.08e-05 7.02493 0.212327 -1.96719e-06 0.200259 0.873775 1.06164 0.0616365 -2.7865 0.30284 
11 46100 19 1.41954 3.08e-05 7.02493 0.212329 -7.98234e-06 0.20026 0.873781 1.06164 0.061644 -2.78638 0.303493 
11 46200 19 1.42262 3.08e-05 7.02493 0.212321 -3.18779e-05 0.200259 0.873751 1.06161 0.0616075 -2.78697 0.304148 
11 46300 19 1.4257 3.08e-05 7.02493 0.21233 -3.95626e-05 0.200258 0.873787 1.06165 0.0616512 -2.78626 0.304801 
11 46400 19 1.42878 3.08e-05 7.02493 0.212339 -1.46223e-05 0.200259 0.873824 1.0617 0.0616965 -2.78553 0.305456 
11 46500 19 1.43186 3.08e-05 7.02493 0.212322 1.7328e-05 0.20026 0.873753 1.06161 0.0616093 -2.78694 0.30611 
11 46600 19 1.43494 3.08e-05 7.02493 0.212303 2.30365e-05 0.20026 0.873674 1.06151 0.0615141 -2.78849 0.306764 
11 46700 19 1.43802 3.08e-05 7.02493 0.212324 6.15925e-05 0.200258 0.87376 1.06162 0.0616184 -2.7868 0.307418 
11 46800 20 1.44108 3.08e-05 7.02493 0.212323 6.95735e-05 0.200257 0.873755 1.06161 0.0616126 -2.78689 0.308072 
11 46900 20 1.44416 3.08e-05 7.02493 0.21231 4.33607e-05 0.200257 0.873705 1.06155 0.0615517 -2.78788 0.308726 
11 47000 20 1.44724 3.08e-05 7.02493 0.212289 4.75027e-05 0.200256 0.873617 1.06144 0.0614444 -2.78962 0.30938 
11 47100 20 1.45032 3.08e-05 7.02493 0.212313 1.96449e-05 0.200256 0.873714 1.06156 0.0615629 -2.7877 0.310034 
11 47200 20 1.4534 3.08e-05 7.02493 0.21234 -4.02784e-06 0.200255 0.873829 1.0617 0.0617024 -2.78543 0.310687 
11 47300 20 1.45648 3.08e-05 7.02493 0.21234 -5.50023e-06 0.200257 0.873827 1.0617 0.0617001 -2.78547 0.311341 
11 47400 20 1.45956 3.08e-05 7.02493 0.212309 -1.25977e-05 0.200257 0.873699 1.06154 0.061544 -2.788 0.311995 
11 47500 20 1.46264 3.08e-05 7.02493 0.21226 -4.92992e-06 0.20026 0.8735 1.0613 0.0613022 -2.79194 0.312649 
11 47600 20 1.46572 3.08e-05 7.02493 0.212252 1.38462e-05 0.20026 0.873464 1.06126 0.0612584 -2.79265 0.313303 
11 47700 20 1.4688 3.08e-05 7.02493 0.212235 1.45068e-05 0.200261 0.873395 1.06118 0.0611754 -2.79401 0.313957 
11 47800 20 1.47188 3.08e-05 7.02493 0.212244 -1.10552e-05 0.20026 0.873433 1.06122 0.0612215 -2.79326 0.31461 
11 47900 20 1.47496 3.08e-05 7.02493 0.21225 -1.62066e-05 0.200261 0.873455 1.06125 0.0612482 -2.79282 0.315264 
11 48000 20 1.47804 3.08e-05 7.02493 0.212249 -2.271e-05 0.20026 0.873451 1.06124 0.061243 -2.79291 0.315918 
11 48100 20 1.48112 3.08e-05 7.02493 0.212249 -2.16087e-05 0.200259 0.873453 1.06124 0.061245 -2.79287 0.316572 
11 48200 20 1.4842 3.08e-05 7.02493 0.212232 -2.60407e-05 0.200258 0.873385 1.06116 0.0611622 -2.79423 0.317226 
11 48300 20 1.48728 3.08e-05 7.02493 0.212239 -2.87096e-05 0.200259 0.87341 1.06119 0.061193 -2.79372 0.317879 
11 48400 20 1.49036 3.08e-05 7.02493 0.212208 -3.64618e-05 0.200261 0.873282 1.06104 0.0610382 -2.79626 0.318532 
11 48500 20 1.49344 3.08e-05 7.02493 0.212195 -5.12881e-05 0.200261 0.87323 1.06097 0.060975 -2.79729 0.319186 
11 48600 20 1.49652 3.08e-05 7.02493 0.212218 -5.41958e-05 0.200261 0.873326 1.06109 0.0610914 -2.79538 0.31984 
11 48700 20 1.4996 3.08e-05 7.02493 0.212228 -7.45793e-05 0.20026 0.873367 1.06114 0.0611411 -2.79457 0.320494 
11 48800 20 1.50268 3.08e-05 7.02493 0.212239 -8.37675e-05 0.20026 0.87341 1.06119 0.061193 -2.79372 0.321148 
11 48900 20 1.50576 3.08e-05 7.02493 0.212239 -5.19612e-05 0.200259 0.873411 1.06119 0.0611943 -2.7937 0.321801 
11 49000 20 1.50884 3.08e-05 7.02493 0.212215 -2.98776e-05 0.20026 0.873314 1.06108 0.061076 -2.79564 0.322455 
11 49100 20 1.51192 3.08e-05 7.02493 0.21224 -4.538e-05 0.200258 0.873414 1.0612 0.0611977 -2.79365 0.323108 
11 49200 20 1.515 3.08e-05 7.02493 0.21226 -5.01821e-05 0.200258 0.873499 1.0613 0.0613011 -2.79196 0.323762 
11 49300 20 1.51808 3.08e-05 7.02493 0.212229 -3.88606e-05 0.200259 0.873371 1.06115 0.0611463 -2.79449 0.324416 
11 49400 21 1.52114 3.08e-05 7.02493 0.212221 -4.55216e-05 0.200257 0.873337 1.0611 0.0611048 -2.79516 0.32507 
11 49500 21 1.52422 3.08e-05 7.02493 0.212236 -5.85859e-05 0.200257 0.873399 1.06118 0.0611792 -2.79395 0.325723 
11 49600 21 1.5273 3.08e-05 7.02493 0.212235 -5.30192e-05 0.200259 0.873394 1.06117 0.0611734 -2.79404 0.326377 
11 49700 21 1.53038 3.08e-05 7.02493 0.212228 -4.12969e-05 0.200258 0.873366 1.06114 0.0611396 -2.7946 0.32703 
11 49800 21 1.53346 3.08e-05 7.02493 0.212228 -3.94946e-05 0.20026 0.873368 1.06114 0.0611424 -2.79455 0.327684 
11 49900 21 1.53654 3.08e-05 7.02493 0.21222 -2.92021e-05 0.200259 0.873335 1.0611 0.0611023 -2.79521 0.328338 
11 50000 21 1.53962 3.08e-05 7.02493 0.212192 -2.36611e-05 0.200259 0.873216 1.06096 0.0609577 -2.79758 0.328992 
11 50100 21 1.5427 3.08e-05 7.02493 0.212155 -1.15527e-05 0.200261 0.873064 1.06077 0.0607729 -2.80061 0.329645 
11 50200 21 1.54578 3.08e-05 7.02493 0.212139 8.46402e-06 0.200263 0.873002 1.0607 0.0606974 -2.80185 0.330298 
11 50300 21 1.54886 3.08e-05 7.02493 0.212158 3.74712e-05 0.200262 0.873079 1.06079 0.0607915 -2.8003 0.330951 
11 50400 21 1.55194 3.08e-05 7.02493 0.212171 3.44816e-05 0.200261 0.873133 1.06086 0.060857 -2.79923 0.331605 
11 50500 21 1.55502 3.08e-05 7.02493 0.212171 3.06305e-05 0.20026 0.87313 1.06085 0.0608527 -2.7993 0.332259 
11 50600 21 1.5581 3.08e-05 7.02493 0.212156 1.22393e-05 0.200261 0.87307 1.06078 0.0607802 -2.80049 0.332912 
11 50700 21 1.56118 3.08e-05 7.02493 0.212151 -2.18815e-05 0.200261 0.87305 1.06076 0.0607557 -2.80089 0.333566 
11 50800 21 1.56426 3.08e-05 7.02493 0.212128 -3.27667e-05 0.200263 0.872955 1.06064 0.0606401 -2.8028 0.334219 
11 50900 21 1.56734 3.08e-05 7.02493 0.212135 -1.63329e-05 0.200262 0.872982 1.06067 0.0606729 -2.80226 0.334872 
11 51000 21 1.57042 3.08e-05 7.02493 0.212146 5.02284e-06 0.200262 0.873029 1.06073 0.0607298 -2.80132 0.335525 
11 51100 21 1.5735 3.08e-05 7.02493 0.212152 7.0785e-06 0.200261 0.873053 1.06076 0.0607593 -2.80084 0.336179 
11 51200 21 1.57658 3.08e-05 7.02493 0.212169 7.54913e-06 0.20026 0.873123 1.06084 0.0608444 -2.79944 0.336832 
11 51300 21 1.57966 3.08e-05 7.02493 0.21215 -2.49115e-05 0.200262 0.873047 1.06075 0.0607516 -2.80096 0.337486 
11 51400 21 1.58274 3.08e-05 7.02493 0.212126 -2.80525e-05 0.200263 0.872945 1.06063 0.060628 -2.803 0.338139 
11 51500 21 1.58582 3.08e-05 7.02493 0.212148 -2.0968e-05 0.20026 0.873039 1.06074 0.0607421 -2.80112 0.338793 
11 51600 21 1.5889 3.08e-05 7.02493 0.212155 -2.28661e-05 0.200259 0.873066 1.06077 0.0607749 -2.80058 0.339446 
11 51700 21 1.59198 3.08e-05 7.02493 0.212139 1.10328e-05 0.20026 0.873001 1.0607 0.0606968 -2.80186 0.3401 
11 51800 21 1.59506 3.08e-05 7.02493 0.212138 2.71891e-05 0.20026 0.872996 1.06069 0.0606905 -2.80197 0.340753 
11 51900 21 1.59814 3.08e-05 7.02493 0.212151 4.22552e-05 0.200259 0.873048 1.06075 0.0607531 -2.80094 0.341406 
11 52000 22 1.6012 3.08e-05 7.02493 0.212154 3.65735e-05 0.200261 0.873063 1.06077 0.0607719 -2.80063 0.34206 
11 52100 22 1.60428 3.08e-05 7.02493 0.212154 5.0966e-05 0.20026 0.873063 1.06077 0.0607718 -2.80063 0.342713 
11 52200 22 1.60736 3.08e-05 7.02493 0.212141 3.93913e-05 0.200262 0.873009 1.06071 0.0607061 -2.80171 0.343366 
11 52300 22 1.61044 3.08e-05 7.02493 0.212127 3.20671e-05 0.200258 0.87295 1.06063 0.060634 -2.8029 0.34402 
11 52400 22 1.61352 3.08e-05 7.02493 0.212119 2.09823e-05 0.200258 0.872916 1.06059 0.0605929 -2.80358 0.344673 
11 52500 22 1.6166 3.08e-05 7.02493 0.212054 4.82174e-06 0.200261 0.872649 1.06027 0.0602681 -2.80895 0.345326 
11 52600 22 1.61968 3.08e-05 7.02493 0.212032 -4.37196e-06 0.200262 0.872558 1.06016 0.060158 -2.81078 0.345979 
11 52700 22 1.62276 3.08e-05 7.02493 0.212065 -3.93219e-06 0.200262 0.872694 1.06032 0.0603233 -2.80804 0.346633 
11 52800 22 1.62584 3.08e-05 7.02493 0.212066 -3.89122e-06 0.200261 0.8727 1.06033 0.0603308 -2.80791 0.347286 
11 52900 22 1.62892 3.08e-05 7.02493 0.212068 1.54731e-05 0.20026 0.872708 1.06034 0.0603398 -2.80776 0.347939 
11 53000 22 1.632 3.08e-05 7.02493 0.212069 1.42379e-05 0.200261 0.872712 1.06034 0.0603446 -2.80768 0.348593 
11 53100 22 1.63508 3.08e-05 7.02493 0.212048 1.69501e-07 0.200261 0.872625 1.06024 0.0602394 -2.80943 0.349245 
11 53200 22 1.63816 3.08e-05 7.02493 0.212019 2.04508e-05 0.200263 0.872504 1.06009 0.0600929 -2.81186 0.349898 
11 53300 22 1.64124 3.08e-05 7.02493 0.21202 3.45326e-05 0.200263 0.87251 1.0601 0.0601001 -2.81174 0.350551 
11 53400 22 1.64432 3.08e-05 7.02493 0.212026 4.53916e-05 0.200262 0.872535 1.06013 0.0601299 -2.81125 0.351205 
11 53500 22 1.6474 3.08e-05 7.02493 0.212061 2.63497e-05 0.20026 0.872677 1.0603 0.0603025 -2.80838 0.351858 
11 53600 22 1.65048 3.08e-05 7.02493 0.212069 4.43265e-05 0.200261 0.87271 1.06034 0.0603426 -2.80772 0.352511 
11 53700 22 1.65356 3.08e-05 7.02493 0.212072 2.63541e-05 0.20026 0.872722 1.06036 0.0603577 -2.80747 0.353165 
11 53800 22 1.65664 3.08e-05 7.02493 0.212033 3.0071e-05 0.200262 0.872565 1.06017 0.0601666 -2.81064 0.353818 
11 53900 22 1.65972 3.08e-05 7.02493 0.212039 4.87092e-05 0.20026 0.87259 1.0602 0.0601965 -2.81014 0.354471 
11 54000 22 1.6628 3.08e-05 7.02493 0.212055 4.83785e-05 0.200259 0.872655 1.06028 0.0602763 -2.80882 0.355124 
11 54100 22 1.66588 3.08e-05 7.02493 0.212082 3.56749e-05 0.200257 0.872765 1.06041 0.0604096 -2.80661 0.355777 
