11 0 1 0 6.28702e-05 7.02493 0.22101 0 0.200023 0.909508 1.10505 0.105052 -2.2533 7.50531e-07 
11 100 2 0.0124797 0.00012574 7.02493 0.218414 6.41938e-08 0.200221 0.898824 1.09207 0.0920716 -2.38519 0.00271432 
11 200 2 0.0250538 0.00012574 7.02493 0.218307 3.77439e-08 0.200244 0.898382 1.09153 0.091534 -2.39105 0.00547062 
11 300 2 0.0376278 0.00012574 7.02493 0.218334 7.01752e-08 0.200243 0.898493 1.09167 0.0916687 -2.38957 0.00821979 
11 400 2 0.0502018 0.00012574 7.02493 0.218381 -4.38326e-09 0.200239 0.898688 1.09191 0.0919064 -2.38698 0.0109759 
11 500 2 0.0627758 0.00012574 7.02493 0.218433 5.71657e-08 0.200236 0.898902 1.09217 0.0921661 -2.38416 0.0137157 
11 600 2 0.0753499 0.00012574 7.02493 0.218481 2.79304e-08 0.200232 0.8991 1.09241 0.0924063 -2.38156 0.0164476 
11 700 3 0.0879216 0.00012574 7.02493 0.218529 1.26969e-08 0.200228 0.899295 1.09264 0.0926435 -2.379 0.0191875 
11 800 3 0.100496 0.00012574 7.02493 0.218575 7.95376e-08 0.200225 0.899486 1.09288 0.0928756 -2.37649 0.0219338 
11 900 3 0.11307 0.00012574 7.02493 0.21862 6.32555e-08 0.200222 0.89967 1.0931 0.0930985 -2.3741 0.024678 
11 1000 3 0.125644 0.00012574 7.02493 0.218671 3.72391e-07 0.20022 0.899882 1.09336 0.0933566 -2.37133 0.0274417 
11 1100 3 0.138218 0.00012574 7.02493 0.218711 1.2946e-07 0.200216 0.900047 1.09356 0.093557 -2.36918 0.0301915 
11 1200 3 0.150792 0.00012574 7.02493 0.218749 1.35016e-07 0.200214 0.900203 1.09375 0.0937468 -2.36716 0.0329448 
11 1300 4 0.163269 0.00012574 7.02493 0.218789 3.98884e-08 0.200212 0.900365 1.09394 0.093943 -2.36507 0.0356985 
11 1400 4 0.175843 0.00012574 7.02493 0.218829 2.55181e-08 0.20021 0.900532 1.09415 0.0941464 -2.3629 0.0384526 
11 1500 4 0.188417 0.00012574 7.02493 0.218862 -2.71937e-07 0.200208 0.900668 1.09431 0.0943119 -2.36115 0.0412121 
11 1600 4 0.200991 0.00012574 7.02493 0.2189 -8.04255e-08 0.200206 0.900822 1.0945 0.0944988 -2.35917 0.0439657 
11 1700 4 0.213565 0.00012574 7.02493 0.218933 -9.09474e-08 0.200203 0.900961 1.09467 0.0946671 -2.35739 0.0467109 
11 1800 4 0.226139 0.00012574 7.02493 0.218956 -1.6423e-08 0.2002 0.901052 1.09478 0.0947779 -2.35622 0.0494567 
11 1900 4 0.238713 0.00012574 7.02493 0.218986 -9.92439e-09 0.200198 0.901178 1.09493 0.0949307 -2.35461 0.0522094 
11 2000 5 0.251191 0.00012574 7.02493 0.219016 -9.26975e-09 0.200198 0.901301 1.09508 0.0950806 -2.35303 0.0549703 
11 2100 5 0.263765 0.00012574 7.02493 0.219045 -5.63325e-09 0.200195 0.901419 1.09522 0.0952246 -2.35152 0.0577252 
11 2200 5 0.276339 0.00012574 7.02493 0.21907 -1.55872e-08 0.200193 0.901524 1.09535 0.0953515 -2.35019 0.060478 
11 2300 5 0.288913 0.00012574 7.02493 0.219096 4.75995e-09 0.200191 0.901631 1.09548 0.0954822 -2.34882 0.0632321 
11 2400 5 0.301487 0.00012574 7.02493 0.219121 1.61575e-08 0.20019 0.901734 1.09561 0.0956067 -2.34751 0.0659885 
11 2500 5 0.314061 0.00012574 7.02493 0.219147 -3.45696e-08 0.200189 0.901839 1.09573 0.0957342 -2.34618 0.0687461 
11 2600 6 0.326538 0.00012574 7.02493 0.219162 3.06928e-07 0.200188 0.9019 1.09581 0.0958085 -2.3454 0.0715044 
11 2700 6 0.339113 0.00012574 7.02493 0.219187 1.19211e-07 0.200186 0.902004 1.09593 0.0959348 -2.34409 0.074263 
11 2800 6 0.351687 0.00012574 7.02493 0.219205 1.30959e-08 0.200185 0.90208 1.09603 0.0960275 -2.34312 0.0770152 
11 2900 6 0.364261 0.00012574 7.02493 0.219229 7.29181e-08 0.200183 0.902175 1.09614 0.0961428 -2.34192 0.079766 
11 3000 6 0.376835 0.00012574 7.02493 0.219249 -2.9597e-08 0.200182 0.90226 1.09625 0.0962461 -2.34085 0.0825199 
11 3100 6 0.389409 0.00012574 7.02493 0.219267 7.93406e-08 0.200182 0.902333 1.09633 0.0963345 -2.33993 0.0852789 
11 3200 7 0.401886 0.00012574 7.02493 0.219284 3.17921e-08 0.200181 0.902405 1.09642 0.0964215 -2.33903 0.0880357 
11 3300 7 0.41446 0.00012574 7.02493 0.219303 -1.4023e-07 0.200179 0.902483 1.09652 0.0965168 -2.33804 0.090796 
11 3400 7 0.427034 0.00012574 7.02493 0.219315 -7.70855e-08 0.200178 0.902529 1.09657 0.0965731 -2.33746 0.0935609 
11 3500 7 0.439608 0.00012574 7.02493 0.219326 -9.71102e-09 0.200177 0.902575 1.09663 0.0966284 -2.33688 0.096317 
11 3600 7 0.452182 0.00012574 7.02493 0.219339 -1.36471e-08 0.200177 0.902629 1.09669 0.0966938 -2.33621 0.0990778 
11 3700 7 0.464756 0.00012574 7.02493 0.219361 1.41786e-09 0.200176 0.902719 1.0968 0.0968039 -2.33507 0.101837 
11 3800 7 0.47733 0.00012574 7.02493 0.219371 3.58758e-08 0.200176 0.902763 1.09686 0.0968572 -2.33452 0.104593 
11 3900 8 0.489808 0.00012574 7.02493 0.219394 -3.37328e-08 0.200175 0.902856 1.09697 0.0969695 -2.33336 0.107351 
11 4000 8 0.502382 0.00012574 7.02493 0.219406 -3.94186e-08 0.200174 0.902906 1.09703 0.0970307 -2.33273 0.110107 
11 4100 8 0.514956 0.00012574 7.02493 0.219418 -9.04174e-09 0.200173 0.902954 1.09709 0.0970892 -2.33213 0.112864 
11 4200 8 0.52753 0.00012574 7.02493 0.219426 -8.4476e-09 0.200173 0.902987 1.09713 0.0971295 -2.33171 0.115623 
11 4300 8 0.540104 0.00012574 7.02493 0.219431 -2.37158e-07 0.200172 0.903007 1.09715 0.0971529 -2.33147 0.118381 
11 4400 8 0.552678 0.00012574 7.02493 0.219434 1.95747e-08 0.200172 0.903019 1.09717 0.0971687 -2.33131 0.12114 
11 4500 9 0.565155 0.00012574 7.02493 0.219443 -4.3532e-08 0.200171 0.903058 1.09722 0.0972151 -2.33083 0.123898 
11 4600 9 0.577729 0.00012574 7.02493 0.219463 -6.7553e-08 0.20017 0.903141 1.09732 0.0973169 -2.32978 0.126654 
11 4700 9 0.590303 0.00012574 7.02493 0.219472 -1.23233e-08 0.20017 0.903177 1.09736 0.0973602 -2.32934 0.129416 
11 4800 9 0.602877 0.00012574 7.02493 0.219481 -1.17451e-08 0.20017 0.903215 1.09741 0.0974065 -2.32886 0.132185 
11 4900 9 0.615451 0.00012574 7.02493 0.219491 -6.04321e-08 0.20017 0.903257 1.09746 0.0974574 -2.32834 0.134951 
11 5000 9 0.628026 0.00012574 7.02493 0.219495 -9.86916e-08 0.20017 0.903272 1.09748 0.0974752 -2.32816 0.13771 
11 5100 10 0.640503 0.00012574 7.02493 0.219515 6.02001e-09 0.200169 0.903354 1.09758 0.0975756 -2.32713 0.140465 
11 5200 10 0.653077 0.00012574 7.02493 0.219527 2.78474e-08 0.200169 0.903403 1.09764 0.0976351 -2.32652 0.143222 
11 5300 10 0.665651 0.00012574 7.02493 0.219529 2.85988e-08 0.200169 0.90341 1.09764 0.097643 -2.32644 0.145981 
11 5400 10 0.678225 0.00012574 7.02493 0.219535 5.9249e-06 0.20017 0.903435 1.09767 0.097674 -2.32612 0.148739 
11 5500 10 0.690799 0.00012574 7.02493 0.219547 1.4981e-05 0.20017 0.903487 1.09774 0.0977368 -2.32548 0.151498 
11 5600 10 0.703373 0.00012574 7.02493 0.21955 9.27327e-06 0.200169 0.903498 1.09775 0.0977504 -2.32534 0.154262 
11 5700 10 0.715947 0.00012574 7.02493 0.219567 3.13716e-06 0.200167 0.903567 1.09783 0.0978344 -2.32448 0.157025 
11 5800 11 0.728425 0.00012574 7.02493 0.219571 1.46943e-06 0.200167 0.903583 1.09785 0.0978537 -2.32428 0.159792 
11 5900 11 0.740999 0.00012574 7.02493 0.219582 5.59123e-07 0.200167 0.903628 1.09791 0.0979081 -2.32373 0.162555 
11 6000 11 0.753573 0.00012574 7.02493 0.219585 2.02467e-07 0.200169 0.903643 1.09793 0.0979262 -2.32354 0.165313 
11 6100 11 0.766147 0.00012574 7.02493 0.219582 1.726e-07 0.200167 0.90363 1.09791 0.0979108 -2.3237 0.168078 
11 6200 11 0.778721 0.00012574 7.02493 0.219591 -3.65715e-08 0.200168 0.903666 1.09795 0.0979546 -2.32325 0.170831 
11 6300 11 0.791295 0.00012574 7.02493 0.2196 -2.7741e-07 0.200167 0.903705 1.098 0.0980019 -2.32277 0.173585 
11 6400 12 0.803772 0.00012574 7.02493 0.21961 -7.38997e-07 0.200167 0.903746 1.09805 0.0980509 -2.32227 0.176344 
11 6500 12 0.816346 0.00012574 7.02493 0.219624 -1.56345e-07 0.200167 0.903802 1.09812 0.0981197 -2.32157 0.17911 
11 6600 12 0.82892 0.00012574 7.02493 0.219627 -4.26309e-07 0.200168 0.903815 1.09814 0.0981357 -2.3214 0.181885 
11 6700 12 0.841494 0.00012574 7.02493 0.219635 -3.98862e-07 0.200167 0.903847 1.09817 0.0981746 -2.32101 0.184645 
11 6800 12 0.854068 0.00012574 7.02493 0.219639 -4.76905e-08 0.200167 0.903863 1.09819 0.098193 -2.32082 0.187406 
11 6900 12 0.866642 0.00012574 7.02493 0.219645 7.8649e-08 0.200167 0.903889 1.09823 0.0982253 -2.32049 0.190161 
11 7000 12 0.879216 0.00012574 7.02493 0.219636 -1.39663e-07 0.200167 0.903853 1.09818 0.0981817 -2.32093 0.192927 
11 7100 13 0.891694 0.00012574 7.02493 0.219652 -1.96284e-07 0.200166 0.903917 1.09826 0.0982592 -2.32015 0.195691 
11 7200 13 0.904268 0.00012574 7.02493 0.219659 8.1258e-08 0.200168 0.903945 1.09829 0.0982933 -2.3198 0.198446 
11 7300 13 0.916842 0.00012574 7.02493 0.219667 3.80535e-08 0.200167 0.903978 1.09833 0.0983328 -2.3194 0.201205 
11 7400 13 0.929416 0.00012574 7.02493 0.219675 -4.3263e-07 0.200166 0.904012 1.09838 0.0983751 -2.31897 0.203967 
11 7500 13 0.94199 0.00012574 7.02493 0.219684 2.40544e-06 0.200167 0.904049 1.09842 0.0984193 -2.31852 0.206729 
11 7600 13 0.954564 0.00012574 7.02493 0.219681 9.38516e-07 0.200168 0.904037 1.0984 0.0984045 -2.31867 0.209495 
11 7700 14 0.967041 0.00012574 7.02493 0.219687 2.86492e-07 0.200167 0.904061 1.09843 0.0984345 -2.31836 0.212259 
11 7800 14 0.979615 0.00012574 7.02493 0.219692 5.38502e-08 0.200168 0.904083 1.09846 0.0984604 -2.3181 0.215024 
11 7900 14 0.99219 0.00012574 7.02493 0.219693 1.70906e-08 0.200166 0.904085 1.09846 0.0984628 -2.31808 0.217787 
11 8000 14 1.00476 0.00012574 7.02493 0.219698 -1.58818e-07 0.200165 0.904106 1.09849 0.0984882 -2.31782 0.220545 
11 8100 14 1.01734 0.00012574 7.02493 0.219699 -4.66692e-07 0.200166 0.904112 1.0985 0.0984965 -2.31773 0.223305 
11 8200 14 1.02991 0.00012574 7.02493 0.219707 -3.61219e-07 0.200167 0.904145 1.09854 0.0985368 -2.31733 0.226071 
11 8300 15 1.04239 0.00012574 7.02493 0.219711 2.84944e-08 0.200167 0.904161 1.09856 0.0985562 -2.31713 0.228836 
11 8400 15 1.05496 0.00012574 7.02493 0.219714 -4.87118e-07 0.200166 0.904171 1.09857 0.0985683 -2.31701 0.231598 
11 8500 15 1.06754 0.00012574 7.02493 0.219727 -1.78983e-07 0.200166 0.904228 1.09864 0.0986367 -2.31631 0.234359 
11 8600 15 1.08011 0.00012574 7.02493 0.219733 -1.34628e-07 0.200166 0.904252 1.09867 0.0986668 -2.31601 0.237119 
11 8700 15 1.09269 0.00012574 7.02493 0.21974 -2.73885e-07 0.200167 0.90428 1.0987 0.0987003 -2.31567 0.239879 
11 8800 15 1.10526 0.00012574 7.02493 0.219742 -2.90048e-08 0.200168 0.904287 1.09871 0.0987081 -2.31559 0.242642 
11 8900 15 1.11783 0.00012574 7.02493 0.219748 -2.48724e-07 0.200168 0.904313 1.09874 0.0987405 -2.31526 0.245414 
11 9000 16 1.13031 0.00012574 7.02493 0.219751 -2.26021e-07 0.200168 0.904326 1.09876 0.0987564 -2.3151 0.248171 
11 9100 16 1.14288 0.00012574 7.02493 0.219767 1.62017e-07 0.200168 0.904391 1.09884 0.0988351 -2.3143 0.250932 
11 9200 16 1.15546 0.00012574 7.02493 0.219763 -1.63784e-08 0.200168 0.904376 1.09882 0.0988167 -2.31449 0.253702 
11 9300 16 1.16803 0.00012574 7.02493 0.219782 -2.20249e-07 0.200168 0.904453 1.09891 0.0989103 -2.31354 0.256469 
11 9400 16 1.18061 0.00012574 7.02493 0.219781 -4.0154e-08 0.200168 0.904447 1.0989 0.0989033 -2.31361 0.259234 
11 9500 16 1.19318 0.00012574 7.02493 0.219777 -2.31837e-08 0.200169 0.904433 1.09889 0.0988856 -2.31379 0.261995 
11 9600 17 1.20566 0.00012574 7.02493 0.219775 -1.72968e-07 0.200169 0.904422 1.09887 0.0988729 -2.31392 0.264754 
11 9700 17 1.21823 0.00012574 7.02493 0.219778 -6.3249e-07 0.200169 0.904436 1.09889 0.09889 -2.31375 0.267514 
11 9800 17 1.23081 0.00012574 7.02493 0.21979 -5.61599e-07 0.20017 0.904484 1.09895 0.0989481 -2.31316 0.270276 
11 9900 17 1.24338 0.00012574 7.02493 0.219805 -1.24481e-06 0.20017 0.904547 1.09902 0.0990245 -2.31239 0.273037 
11 10000 17 1.25595 0.00012574 7.02493 0.219804 -1.27829e-06 0.20017 0.904545 1.09902 0.0990216 -2.31242 0.275808 
11 10100 17 1.26853 0.00012574 7.02493 0.219815 -2.73464e-07 0.20017 0.904588 1.09907 0.0990747 -2.31188 0.278574 
11 10200 18 1.28101 0.00012574 7.02493 0.219806 -1.83555e-07 0.200169 0.90455 1.09903 0.0990288 -2.31235 0.281336 
11 10300 18 1.29358 0.00012574 7.02493 0.219814 5.12672e-08 0.200169 0.904585 1.09907 0.0990702 -2.31193 0.284103 
11 10400 18 1.30615 0.00012574 7.02493 0.219828 -3.2896e-07 0.20017 0.904641 1.09914 0.0991388 -2.31123 0.286871 
11 10500 18 1.31873 0.00012574 7.02493 0.219836 -1.15645e-07 0.20017 0.904676 1.09918 0.0991811 -2.31081 0.289637 
11 10600 18 1.3313 0.00012574 7.02493 0.219831 -9.80278e-07 0.200171 0.904655 1.09916 0.0991564 -2.31106 0.292393 
11 10700 18 1.34388 0.00012574 7.02493 0.219838 8.09457e-08 0.200171 0.904682 1.09919 0.0991892 -2.31073 0.295156 
11 10800 18 1.35645 0.00012574 7.02493 0.219841 -4.02069e-06 0.200171 0.904696 1.09921 0.0992054 -2.31056 0.297914 
11 10900 19 1.36893 0.00012574 7.02493 0.219856 -2.15063e-06 0.200171 0.904756 1.09928 0.0992788 -2.30982 0.300674 
11 11000 19 1.3815 0.00012574 7.02493 0.21986 -8.32222e-07 0.200172 0.904775 1.0993 0.0993021 -2.30959 0.303442 
11 11100 19 1.39408 0.00012574 7.02493 0.219859 -5.14582e-07 0.200172 0.90477 1.0993 0.0992959 -2.30965 0.30622 
11 11200 19 1.40665 0.00012574 7.02493 0.219879 -2.1538e-07 0.200172 0.904853 1.0994 0.0993968 -2.30864 0.308986 
11 11300 19 1.41922 0.00012574 7.02493 0.219867 1.95908e-08 0.200171 0.904804 1.09934 0.0993374 -2.30923 0.311748 
11 11400 19 1.4318 0.00012574 7.02493 0.219873 6.13773e-07 0.200172 0.904827 1.09936 0.0993647 -2.30896 0.314512 
11 11500 20 1.44428 0.00012574 7.02493 0.219886 4.90279e-07 0.200172 0.904881 1.09943 0.099431 -2.30829 0.317273 
11 11600 20 1.45685 0.00012574 7.02493 0.219887 2.68478e-07 0.200172 0.904885 1.09944 0.0994351 -2.30825 0.320045 
11 11700 20 1.46942 0.00012574 7.02493 0.21989 4.21838e-08 0.200172 0.904896 1.09945 0.0994485 -2.30811 0.322803 
11 11800 20 1.482 0.00012574 7.02493 0.2199 -5.99189e-08 0.200172 0.904936 1.0995 0.0994978 -2.30762 0.325562 
11 11900 20 1.49457 0.00012574 7.02493 0.219901 -1.57821e-06 0.200173 0.904941 1.0995 0.0995035 -2.30756 0.328323 
11 12000 20 1.50715 0.00012574 7.02493 0.219902 -1.3447e-06 0.200173 0.904948 1.09951 0.0995114 -2.30748 0.331089 
11 12100 20 1.51972 0.00012574 7.02493 0.219909 -5.86098e-07 0.200174 0.904976 1.09955 0.0995455 -2.30714 0.333857 
11 12200 21 1.5322 0.00012574 7.02493 0.219916 -2.76275e-08 0.200174 0.905004 1.09958 0.0995799 -2.3068 0.336637 
11 12300 21 1.54477 0.00012574 7.02493 0.219932 -4.1086e-06 0.200174 0.905069 1.09966 0.0996589 -2.306 0.339401 
11 12400 21 1.55734 0.00012574 7.02493 0.219947 -1.27396e-06 0.200173 0.905131 1.09973 0.0997339 -2.30525 0.342164 
11 12500 21 1.56992 0.00012574 7.02493 0.219939 1.24201e-06 0.200173 0.9051 1.0997 0.0996971 -2.30562 0.344923 
11 12600 21 1.58249 0.00012574 7.02493 0.219938 5.29196e-06 0.200173 0.905093 1.09969 0.0996885 -2.30571 0.347692 
11 12700 21 1.59507 0.00012574 7.02493 0.219941 6.42354e-06 0.200174 0.905108 1.09971 0.0997059 -2.30553 0.350458 
11 12800 22 1.60754 0.00012574 7.02493 0.219967 3.61497e-06 0.200174 0.905212 1.09983 0.0998327 -2.30426 0.353218 
11 12900 22 1.62012 0.00012574 7.02493 0.219981 -2.56138e-06 0.200174 0.90527 1.0999 0.0999029 -2.30356 0.355985 
11 13000 22 1.63269 0.00012574 7.02493 0.219971 -1.34434e-06 0.200174 0.905231 1.09986 0.0998563 -2.30402 0.358748 
11 13100 22 1.64527 0.00012574 7.02493 0.219983 -9.81972e-07 0.200174 0.905279 1.09991 0.0999142 -2.30344 0.361509 
11 13200 22 1.65784 0.00012574 7.02493 0.219972 -4.1655e-07 0.200175 0.905234 1.09986 0.0998592 -2.30399 0.364283 
11 13300 22 1.67041 0.00012574 7.02493 0.21999 -4.70376e-07 0.200175 0.905309 1.09995 0.0999507 -2.30308 0.367051 
11 13400 23 1.68289 0.00012574 7.02493 0.219996 -8.95407e-07 0.200175 0.905333 1.09998 0.0999798 -2.30279 0.36982 
11 13500 23 1.69547 0.00012574 7.02493 0.22 -1.6756e-07 0.200176 0.905349 1.1 0.0999987 -2.3026 0.372586 
11 13600 23 1.70804 0.00012574 7.02493 0.220011 -1.10942e-06 0.200175 0.905394 1.10005 0.100054 -2.30205 0.375347 
11 13700 23 1.72061 0.00012574 7.02493 0.220011 -1.84305e-06 0.200175 0.905395 1.10005 0.100055 -2.30204 0.378112 
11 13800 23 1.73319 0.00012574 7.02493 0.22003 -2.83395e-06 0.200177 0.905472 1.10015 0.100149 -2.3011 0.380881 
11 13900 23 1.74576 0.00012574 7.02493 0.220027 -1.468e-06 0.200177 0.90546 1.10013 0.100134 -2.30124 0.383651 
11 14000 23 1.75834 0.00012574 7.02493 0.220032 1.39007e-06 0.200177 0.905483 1.10016 0.100162 -2.30097 0.386415 
11 14100 24 1.77081 0.00012574 7.02493 0.220046 6.18322e-07 0.200177 0.905539 1.10023 0.10023 -2.30029 0.389179 
11 14200 24 1.78339 0.00012574 7.02493 0.220043 1.68156e-06 0.200177 0.905528 1.10022 0.100216 -2.30042 0.391948 
11 14300 24 1.79596 0.00012574 7.02493 0.220055 5.70162e-06 0.200178 0.905577 1.10028 0.100276 -2.29983 0.394714 
11 14400 24 1.80854 0.00012574 7.02493 0.220058 6.35904e-06 0.200179 0.905587 1.10029 0.100289 -2.2997 0.397477 
11 14500 24 1.82111 0.00012574 7.02493 0.220067 3.69791e-06 0.200179 0.905627 1.10034 0.100337 -2.29922 0.400252 
11 14600 24 1.83368 0.00012574 7.02493 0.220078 1.52045e-06 0.200179 0.90567 1.10039 0.100389 -2.29871 0.403015 
11 14700 25 1.84616 0.00012574 7.02493 0.220093 -1.98061e-07 0.200179 0.905733 1.10047 0.100466 -2.29793 0.405781 
11 14800 25 1.85874 0.00012574 7.02493 0.220106 4.03388e-07 0.200178 0.905788 1.10053 0.100532 -2.29728 0.408548 
11 14900 25 1.87131 0.00012574 7.02493 0.220101 -5.07571e-07 0.200178 0.905764 1.1005 0.100503 -2.29756 0.41132 
11 15000 25 1.88388 0.00012574 7.02493 0.220106 -4.28897e-07 0.200179 0.905784 1.10053 0.100528 -2.29732 0.414091 
11 15100 25 1.89646 0.00012574 7.02493 0.220113 -1.10905e-06 0.200178 0.905814 1.10056 0.100563 -2.29697 0.41686 
11 15200 25 1.90903 0.00012574 7.02493 0.220118 1.40798e-07 0.200178 0.905837 1.10059 0.100592 -2.29668 0.419624 
11 15300 26 1.92151 0.00012574 7.02493 0.220133 1.53986e-07 0.200179 0.905899 1.10067 0.100667 -2.29594 0.422386 
11 15400 26 1.93408 0.00012574 7.02493 0.22013 -2.89132e-06 0.200179 0.905883 1.10065 0.100648 -2.29613 0.425149 
11 15500 26 1.94666 0.00012574 7.02493 0.220133 -7.03326e-06 0.20018 0.905896 1.10066 0.100663 -2.29597 0.427918 
11 15600 26 1.95923 0.00012574 7.02493 0.220146 -7.07967e-06 0.200181 0.905949 1.10073 0.100728 -2.29533 0.430694 
11 15700 26 1.97181 0.00012574 7.02493 0.220162 -2.40015e-06 0.20018 0.906017 1.10081 0.10081 -2.29451 0.433459 
11 15800 26 1.98438 0.00012574 7.02493 0.22017 -1.50441e-06 0.200181 0.906047 1.10085 0.100848 -2.29414 0.436228 
11 15900 26 1.99695 0.00012574 7.02493 0.220173 -1.97633e-06 0.20018 0.90606 1.10086 0.100863 -2.29399 0.438998 
11 16000 27 2.00943 0.00012574 7.02493 0.220178 1.82935e-06 0.20018 0.906081 1.10089 0.100888 -2.29374 0.441768 
11 16100 27 2.022 0.00012574 7.02493 0.220179 1.88855e-06 0.200181 0.906087 1.1009 0.100895 -2.29367 0.444539 
11 16200 27 2.03458 0.00012574 7.02493 0.220191 -1.38431e-06 0.200181 0.906137 1.10096 0.100956 -2.29307 0.4473 
11 16300 27 2.04715 0.00012574 7.02493 0.220193 3.75446e-08 0.200181 0.906143 1.10096 0.100964 -2.29299 0.450074 
11 16400 27 2.05973 0.00012574 7.02493 0.2202 -3.36343e-07 0.200182 0.906173 1.101 0.101001 -2.29263 0.452834 
11 16500 27 2.0723 0.00012574 7.02493 0.220217 -6.78378e-07 0.200181 0.906242 1.10108 0.101084 -2.2918 0.455601 
11 16600 28 2.08478 0.00012574 7.02493 0.220231 -4.50007e-07 0.200181 0.906301 1.10116 0.101156 -2.29109 0.458368 
11 16700 28 2.09735 0.00012574 7.02493 0.220248 -6.71414e-07 0.200182 0.906369 1.10124 0.101238 -2.29028 0.46115 
11 16800 28 2.10993 0.00012574 7.02493 0.220246 -8.68521e-08 0.200182 0.906361 1.10123 0.101229 -2.29037 0.46392 
11 16900 28 2.1225 0.00012574 7.02493 0.220249 1.90498e-07 0.200182 0.906373 1.10124 0.101243 -2.29023 0.466688 
11 17000 28 2.13507 0.00012574 7.02493 0.22025 -6.4295e-08 0.200182 0.906378 1.10125 0.101249 -2.29017 0.469457 
11 17100 28 2.14765 0.00012574 7.02493 0.220261 -1.90622e-08 0.200181 0.906424 1.10131 0.101305 -2.28962 0.472226 
11 17200 29 2.16013 0.00012574 7.02493 0.22028 2.90208e-07 0.200181 0.9065 1.1014 0.101398 -2.2887 0.474999 
11 17300 29 2.1727 0.00012574 7.02493 0.22028 -2.23128e-07 0.200181 0.906504 1.1014 0.101402 -2.28866 0.477768 
11 17400 29 2.18527 0.00012574 7.02493 0.22029 -2.33584e-07 0.200182 0.906542 1.10145 0.101448 -2.2882 0.480533 
11 17500 29 2.19785 0.00012574 7.02493 0.220291 -9.57103e-08 0.200182 0.906549 1.10146 0.101457 -2.28812 0.483298 
11 17600 29 2.21042 0.00012574 7.02493 0.220306 -1.47879e-08 0.200183 0.906608 1.10153 0.101529 -2.28741 0.486064 
11 17700 29 2.223 0.00012574 7.02493 0.220317 -2.30659e-07 0.200183 0.906653 1.10158 0.101584 -2.28687 0.488834 
11 17800 29 2.23557 0.00012574 7.02493 0.220326 -1.17025e-07 0.200183 0.90669 1.10163 0.101629 -2.28643 0.49162 
11 17900 30 2.24805 0.00012574 7.02493 0.220346 -1.6821e-08 0.200184 0.906775 1.10173 0.101731 -2.28542 0.494392 
11 18000 30 2.26062 0.00012574 7.02493 0.220343 -1.48854e-07 0.200184 0.906761 1.10171 0.101714 -2.28559 0.497159 
11 18100 30 2.2732 0.00012574 7.02493 0.220339 -6.45488e-08 0.200184 0.906744 1.10169 0.101694 -2.28579 0.499927 
11 18200 30 2.28577 0.00012574 7.02493 0.220354 -5.72357e-10 0.200183 0.906806 1.10177 0.101769 -2.28504 0.502698 
11 18300 30 2.29834 0.00012574 7.02493 0.220357 1.07349e-06 0.200184 0.906819 1.10179 0.101786 -2.28489 0.50547 
11 18400 30 2.31092 0.00012574 7.02493 0.220377 7.56434e-07 0.200184 0.906899 1.10188 0.101883 -2.28393 0.508241 
11 18500 31 2.32339 0.00012574 7.02493 0.220389 4.57798e-07 0.200184 0.906949 1.10194 0.101943 -2.28334 0.511007 
11 18600 31 2.33597 0.00012574 7.02493 0.220412 -2.60908e-07 0.200184 0.907047 1.10206 0.102062 -2.28217 0.513774 
11 18700 31 2.34854 0.00012574 7.02493 0.220418 -2.91843e-07 0.200185 0.907068 1.10209 0.102088 -2.28192 0.516543 
11 18800 31 2.36112 0.00012574 7.02493 0.220415 -1.55822e-07 0.200185 0.907057 1.10207 0.102074 -2.28206 0.519316 
11 18900 31 2.37369 0.00012574 7.02493 0.220423 -5.2432e-08 0.200185 0.907089 1.10211 0.102114 -2.28167 0.52209 
11 19000 31 2.38627 0.00012574 7.02493 0.220423 -1.59796e-08 0.200186 0.907089 1.10211 0.102113 -2.28167 0.524872 
11 19100 31 2.39884 0.00012574 7.02493 0.220432 6.47436e-08 0.200186 0.907127 1.10216 0.10216 -2.28122 0.527637 
11 19200 32 2.41132 0.00012574 7.02493 0.220445 -6.13264e-08 0.200186 0.907183 1.10223 0.102227 -2.28056 0.530411 
11 19300 32 2.42389 0.00012574 7.02493 0.22045 -7.04572e-08 0.200186 0.907202 1.10225 0.102251 -2.28033 0.533182 
11 19400 32 2.43646 0.00012574 7.02493 0.22046 4.63877e-06 0.200186 0.907242 1.1023 0.102299 -2.27985 0.535954 
11 19500 32 2.44904 0.00012574 7.02493 0.220468 2.52381e-07 0.200186 0.907274 1.10234 0.102338 -2.27948 0.538726 
11 19600 32 2.46161 0.00012574 7.02493 0.220495 -1.47044e-07 0.200187 0.907387 1.10248 0.102476 -2.27813 0.541496 
11 19700 32 2.47419 0.00012574 7.02493 0.220495 3.13437e-07 0.200186 0.907389 1.10248 0.102477 -2.27811 0.544266 
11 19800 33 2.48666 0.00012574 7.02493 0.220507 -6.95844e-07 0.200187 0.907438 1.10254 0.102537 -2.27753 0.547038 
11 19900 33 2.49924 0.00012574 7.02493 0.220506 -8.45987e-08 0.200187 0.907432 1.10253 0.10253 -2.2776 0.549811 
11 20000 33 2.51181 0.00012574 7.02493 0.220519 -7.03147e-08 0.200188 0.907487 1.1026 0.102597 -2.27695 0.552583 
11 20100 33 2.52439 0.00012574 7.02493 0.220534 2.0312e-07 0.200188 0.907549 1.10267 0.102672 -2.27621 0.555361 
11 20200 33 2.53696 0.00012574 7.02493 0.220538 1.64686e-07 0.200188 0.907562 1.10269 0.102688 -2.27606 0.558138 
11 20300 33 2.54953 0.00012574 7.02493 0.220551 -2.18837e-07 0.200188 0.907616 1.10275 0.102754 -2.27542 0.560909 
11 20400 34 2.56201 0.00012574 7.02493 0.220558 8.39902e-07 0.200187 0.907647 1.10279 0.102791 -2.27506 0.56368 
11 20500 34 2.57459 0.00012574 7.02493 0.220575 1.48321e-06 0.200188 0.907715 1.10287 0.102874 -2.27425 0.566452 
11 20600 34 2.58716 0.00012574 7.02493 0.2206 -3.01839e-06 0.200187 0.907818 1.103 0.102999 -2.27303 0.569228 
11 20700 34 2.59973 0.00012574 7.02493 0.220604 -1.4655e-06 0.200188 0.907835 1.10302 0.10302 -2.27284 0.572001 
11 20800 34 2.61231 0.00012574 7.02493 0.220603 -3.34485e-06 0.200188 0.90783 1.10301 0.103013 -2.2729 0.574775 
11 20900 34 2.62488 0.00012574 7.02493 0.220615 -8.37167e-07 0.200188 0.907881 1.10308 0.103075 -2.2723 0.577546 
11 21000 34 2.63746 0.00012574 7.02493 0.220615 -5.66385e-07 0.200189 0.907881 1.10308 0.103076 -2.27229 0.580318 
11 21100 35 2.64993 0.00012574 7.02493 0.220623 -5.48139e-07 0.200189 0.907914 1.10312 0.103115 -2.27191 0.583087 
11 21200 35 2.66251 0.00012574 7.02493 0.220642 -3.567e-07 0.200189 0.907992 1.10321 0.10321 -2.27099 0.585876 
11 21300 35 2.67508 0.00012574 7.02493 0.220647 -2.67987e-07 0.200189 0.908013 1.10324 0.103236 -2.27074 0.588649 
11 21400 35 2.68766 0.00012574 7.02493 0.220649 -1.25847e-07 0.200189 0.908023 1.10325 0.103247 -2.27063 0.591421 
11 21500 35 2.70023 0.00012574 7.02493 0.220665 4.93624e-07 0.20019 0.908088 1.10333 0.103327 -2.26985 0.594192 
11 21600 35 2.7128 0.00012574 7.02493 0.220687 4.1582e-07 0.200189 0.908176 1.10343 0.103434 -2.26883 0.596966 
11 21700 36 2.72528 0.00012574 7.02493 0.220699 2.83903e-07 0.200188 0.908225 1.10349 0.103493 -2.26825 0.599745 
11 21800 36 2.73786 0.00012574 7.02493 0.220697 8.72896e-08 0.200189 0.908216 1.10348 0.103483 -2.26835 0.602523 
11 21900 36 2.75043 0.00012574 7.02493 0.220707 -1.18827e-06 0.200189 0.908259 1.10354 0.103535 -2.26784 0.605297 
11 22000 36 2.763 0.00012574 7.02493 0.220716 -1.8227e-07 0.200188 0.908295 1.10358 0.103579 -2.26742 0.608068 
11 22100 36 2.77558 0.00012574 7.02493 0.22072 -2.21069e-07 0.200189 0.908315 1.1036 0.103602 -2.26719 0.610836 
11 22200 36 2.78815 0.00012574 7.02493 0.220733 -8.89597e-08 0.20019 0.908367 1.10367 0.103666 -2.26658 0.613611 
11 22300 37 2.80063 0.00012574 7.02493 0.220746 -6.48006e-08 0.200189 0.908419 1.10373 0.103729 -2.26597 0.61639 
11 22400 37 2.8132 0.00012574 7.02493 0.220748 -2.16093e-06 0.20019 0.90843 1.10374 0.103742 -2.26584 0.619174 
11 22500 37 2.82578 0.00012574 7.02493 0.220769 4.57169e-07 0.200191 0.908515 1.10385 0.103845 -2.26485 0.621947 
11 22600 37 2.83835 0.00012574 7.02493 0.220793 -1.0706e-06 0.20019 0.908615 1.10397 0.103967 -2.26368 0.62472 
11 22700 37 2.85092 0.00012574 7.02493 0.220809 2.69442e-07 0.20019 0.908678 1.10404 0.104044 -2.26294 0.627497 
11 22800 37 2.8635 0.00012574 7.02493 0.220801 3.56253e-06 0.200191 0.908648 1.10401 0.104007 -2.26329 0.630278 
11 22900 37 2.87607 0.00012574 7.02493 0.220818 1.43342e-06 0.200191 0.908714 1.10409 0.104088 -2.26252 0.633058 
11 23000 38 2.88855 0.00012574 7.02493 0.220821 1.95617e-08 0.20019 0.908727 1.1041 0.104103 -2.26238 0.635832 
11 23100 38 2.90112 0.00012574 7.02493 0.220828 1.71633e-06 0.200191 0.908759 1.10414 0.104142 -2.262 0.638601 
11 23200 38 2.9137 0.00012574 7.02493 0.220848 6.05285e-07 0.200192 0.908839 1.10424 0.104239 -2.26106 0.641374 
11 23300 38 2.92627 0.00012574 7.02493 0.220848 3.58374e-07 0.200191 0.908839 1.10424 0.10424 -2.26106 0.644153 
11 23400 38 2.93885 0.00012574 7.02493 0.220848 1.5274e-07 0.200193 0.90884 1.10424 0.104241 -2.26105 0.646927 
11 23500 38 2.95142 0.00012574 7.02493 0.220877 -1.0955e-07 0.200193 0.908957 1.10438 0.104383 -2.25969 0.649715 
11 23600 39 2.9639 0.00012574 7.02493 0.220886 2.69553e-08 0.200193 0.908994 1.10443 0.104428 -2.25926 0.65249 
11 23700 39 2.97647 0.00012574 7.02493 0.220909 -1.43559e-06 0.200193 0.909092 1.10455 0.104547 -2.25812 0.655266 
11 23800 39 2.98905 0.00012574 7.02493 0.220905 -4.24252e-07 0.200193 0.909074 1.10452 0.104525 -2.25833 0.658047 
11 23900 39 3.00162 0.00012574 7.02493 0.220908 -1.37459e-07 0.200193 0.909088 1.10454 0.104542 -2.25817 0.660826 
11 24000 39 3.01419 0.00012574 7.02493 0.220921 -5.94295e-08 0.200192 0.909142 1.10461 0.104607 -2.25754 0.663607 
11 24100 39 3.02677 0.00012574 7.02493 0.220924 -6.71475e-07 0.200192 0.909152 1.10462 0.104619 -2.25743 0.666378 
11 24200 39 3.03934 0.00012574 7.02493 0.220946 -3.00595e-08 0.200192 0.909244 1.10473 0.104731 -2.25636 0.669157 
11 24300 40 3.05182 0.00012574 7.02493 0.220957 6.77595e-07 0.200192 0.909287 1.10478 0.104783 -2.25586 0.671931 
11 24400 40 3.06439 0.00012574 7.02493 0.220954 1.63522e-07 0.200191 0.909277 1.10477 0.104772 -2.25597 0.674706 
11 24500 40 3.07697 0.00012574 7.02493 0.220983 1.02887e-07 0.200192 0.909397 1.10492 0.104917 -2.25459 0.677483 
11 24600 40 3.08954 0.00012574 7.02493 0.221002 -1.3e-07 0.200192 0.909475 1.10501 0.105012 -2.25368 0.680271 
11 24700 40 3.10212 0.00012574 7.02493 0.221023 -1.08306e-07 0.200192 0.909558 1.10511 0.105113 -2.25272 0.68305 
11 24800 40 3.11469 0.00012574 7.02493 0.221014 1.60445e-07 0.200193 0.909523 1.10507 0.105071 -2.25312 0.685832 
11 24900 41 3.12717 0.00012574 7.02493 0.221018 8.96748e-08 0.200192 0.909541 1.10509 0.105092 -2.25292 0.688612 
11 25000 41 3.13974 0.00012574 7.02493 0.221029 9.14092e-08 0.200193 0.909585 1.10515 0.105146 -2.25241 0.691389 
11 25100 41 3.15232 0.00012574 7.02493 0.221035 1.29178e-08 0.200193 0.909609 1.10518 0.105175 -2.25213 0.694165 
11 25200 41 3.16489 0.00012574 7.02493 0.22105 2.29149e-07 0.200192 0.909669 1.10525 0.105248 -2.25144 0.696949 
11 25300 41 3.17746 0.00012574 7.02493 0.221056 4.14372e-08 0.200193 0.909697 1.10528 0.105282 -2.25111 0.699726 
11 25400 41 3.19004 0.00012574 7.02493 0.221063 -3.11272e-07 0.200193 0.909724 1.10531 0.105315 -2.2508 0.702501 
11 25500 42 3.20251 0.00012574 7.02493 0.221071 -7.63704e-07 0.200193 0.909756 1.10535 0.105354 -2.25043 0.705276 
11 25600 42 3.21509 0.00012574 7.02493 0.221094 -5.619e-08 0.200193 0.909853 1.10547 0.105472 -2.24931 0.708054 
11 25700 42 3.22766 0.00012574 7.02493 0.221109 -1.07405e-07 0.200194 0.909915 1.10555 0.105547 -2.2486 0.710845 
11 25800 42 3.24024 0.00012574 7.02493 0.221114 -1.14357e-07 0.200194 0.909934 1.10557 0.105569 -2.24839 0.71363 
11 25900 42 3.25281 0.00012574 7.02493 0.221133 -4.41219e-08 0.200194 0.910014 1.10567 0.105667 -2.24746 0.716412 
11 26000 42 3.26538 0.00012574 7.02493 0.221139 -5.53776e-08 0.200194 0.910038 1.1057 0.105696 -2.24719 0.719189 
11 26100 42 3.27796 0.00012574 7.02493 0.221145 1.21816e-07 0.200195 0.91006 1.10572 0.105723 -2.24693 0.721963 
11 26200 43 3.29044 0.00012574 7.02493 0.221147 -6.45211e-06 0.200195 0.91007 1.10573 0.105735 -2.24682 0.724749 
11 26300 43 3.30301 0.00012574 7.02493 0.221171 -1.6002e-06 0.200195 0.91017 1.10586 0.105857 -2.24567 0.727532 
11 26400 43 3.31558 0.00012574 7.02493 0.221181 -6.44236e-07 0.200195 0.910212 1.10591 0.105907 -2.24519 0.730309 
11 26500 43 3.32816 0.00012574 7.02493 0.221194 -8.31395e-09 0.200194 0.910262 1.10597 0.105968 -2.24462 0.733086 
11 26600 43 3.34073 0.00012574 7.02493 0.221213 -7.12628e-07 0.200194 0.910343 1.10607 0.106067 -2.24369 0.735864 
11 26700 43 3.35331 0.00012574 7.02493 0.221223 2.75039e-07 0.200194 0.910385 1.10612 0.106117 -2.24321 0.738644 
11 26800 44 3.36578 0.00012574 7.02493 0.22123 -3.99382e-07 0.200194 0.910413 1.10615 0.106152 -2.24288 0.741429 
11 26900 44 3.37836 0.00012574 7.02493 0.221253 -4.48018e-07 0.200194 0.910506 1.10626 0.106265 -2.24182 0.744222 
11 27000 44 3.39093 0.00012574 7.02493 0.221255 8.84422e-08 0.200195 0.910515 1.10628 0.106276 -2.24172 0.747004 
11 27100 44 3.40351 0.00012574 7.02493 0.221265 5.48418e-07 0.200195 0.910557 1.10633 0.106327 -2.24124 0.74978 
11 27200 44 3.41608 0.00012574 7.02493 0.221272 -1.3619e-06 0.200195 0.910586 1.10636 0.106361 -2.24091 0.752564 
11 27300 44 3.42865 0.00012574 7.02493 0.221276 -3.93745e-07 0.200195 0.9106 1.10638 0.106379 -2.24075 0.755346 
11 27400 45 3.44113 0.00012574 7.02493 0.22129 -1.13895e-06 0.200196 0.910659 1.10645 0.10645 -2.24008 0.758129 
11 27500 45 3.45371 0.00012574 7.02493 0.221311 3.73276e-07 0.200196 0.910743 1.10655 0.106553 -2.23911 0.76091 
11 27600 45 3.46628 0.00012574 7.02493 0.221326 6.17919e-07 0.200196 0.910806 1.10663 0.106629 -2.2384 0.76369 
11 27700 45 3.47885 0.00012574 7.02493 0.22134 1.0397e-06 0.200196 0.910865 1.1067 0.106701 -2.23772 0.766471 
11 27800 45 3.49143 0.00012574 7.02493 0.221345 2.70069e-06 0.200196 0.910884 1.10672 0.106724 -2.23751 0.769255 
11 27900 45 3.504 0.00012574 7.02493 0.221359 4.63693e-07 0.200196 0.910942 1.10679 0.106794 -2.23685 0.772037 
11 28000 45 3.51658 0.00012574 7.02493 0.221362 -4.95032e-07 0.200197 0.910956 1.10681 0.106812 -2.23669 0.774832 
11 28100 46 3.52905 0.00012574 7.02493 0.221373 -3.73415e-08 0.200197 0.911 1.10687 0.106866 -2.23618 0.77761 
11 28200 46 3.54163 0.00012574 7.02493 0.22139 2.48713e-07 0.200197 0.911071 1.10695 0.106951 -2.23538 0.780397 
11 28300 46 3.5542 0.00012574 7.02493 0.221404 1.83612e-07 0.200196 0.911127 1.10702 0.107019 -2.23475 0.783179 
11 28400 46 3.56678 0.00012574 7.02493 0.221409 7.12552e-07 0.200196 0.91115 1.10705 0.107047 -2.23449 0.78596 
11 28500 46 3.57935 0.00012574 7.02493 0.221426 2.79009e-07 0.200197 0.911218 1.10713 0.10713 -2.23371 0.788744 
11 28600 46 3.59192 0.00012574 7.02493 0.221439 2.47761e-07 0.200198 0.91127 1.10719 0.107193 -2.23313 0.791529 
11 28700 47 3.6044 0.00012574 7.02493 0.22147 1.88235e-07 0.200196 0.911397 1.10735 0.107348 -2.23168 0.794312 
11 28800 47 3.61697 0.00012574 7.02493 0.221468 9.82684e-08 0.200196 0.911392 1.10734 0.107341 -2.23174 0.797098 
11 28900 47 3.62955 0.00012574 7.02493 0.221483 -2.61312e-06 0.200196 0.911453 1.10742 0.107415 -2.23105 0.799879 
11 29000 47 3.64212 0.00012574 7.02493 0.221492 -3.58822e-07 0.200196 0.911488 1.10746 0.107458 -2.23065 0.802663 
11 29100 47 3.6547 0.00012574 7.02493 0.221494 4.02545e-08 0.200197 0.9115 1.10747 0.107472 -2.23052 0.805448 
11 29200 47 3.66727 0.00012574 7.02493 0.221515 6.96913e-08 0.200197 0.911583 1.10757 0.107573 -2.22959 0.808243 
11 29300 47 3.67985 0.00012574 7.02493 0.221518 1.02337e-08 0.200197 0.911596 1.10759 0.107589 -2.22944 0.811027 
11 29400 48 3.69232 0.00012574 7.02493 0.221523 -1.48499e-08 0.200198 0.911619 1.10762 0.107617 -2.22918 0.81381 
11 29500 48 3.7049 0.00012574 7.02493 0.221543 1.3093e-06 0.200197 0.911698 1.10771 0.107713 -2.22829 0.816592 
11 29600 48 3.71747 0.00012574 7.02493 0.221549 6.52025e-07 0.200197 0.911725 1.10775 0.107746 -2.22798 0.819378 
11 29700 48 3.73004 0.00012574 7.02493 0.221588 3.20231e-07 0.200197 0.911885 1.10794 0.10794 -2.22618 0.822168 
11 29800 48 3.74262 0.00012574 7.02493 0.221589 1.64751e-06 0.200197 0.911888 1.10794 0.107944 -2.22614 0.824955 
11 29900 48 3.75519 0.00012574 7.02493 0.221583 4.0316e-06 0.200197 0.911862 1.10791 0.107913 -2.22643 0.827739 
11 30000 49 3.76767 0.00012574 7.02493 0.221602 1.58922e-06 0.200197 0.911942 1.10801 0.10801 -2.22553 0.830523 
11 30100 49 3.78024 0.00012574 7.02493 0.221608 8.20117e-07 0.200198 0.911969 1.10804 0.108042 -2.22523 0.833306 
11 30200 49 3.79282 0.00012574 7.02493 0.221632 4.24662e-07 0.200198 0.912067 1.10816 0.108161 -2.22413 0.836088 
11 30300 49 3.80539 0.00012574 7.02493 0.221644 2.99949e-07 0.200199 0.912117 1.10822 0.108222 -2.22357 0.838886 
11 30400 49 3.81797 0.00012574 7.02493 0.221646 -1.34118e-07 0.200198 0.912123 1.10823 0.10823 -2.2235 0.841675 
11 30500 49 3.83054 0.00012574 7.02493 0.221673 3.91567e-07 0.200199 0.912235 1.10837 0.108365 -2.22225 0.844457 
11 30600 50 3.84302 0.00012574 7.02493 0.221682 1.81944e-07 0.200198 0.91227 1.10841 0.108408 -2.22185 0.847244 
11 30700 50 3.85559 0.00012574 7.02493 0.221701 3.55321e-08 0.200198 0.912349 1.1085 0.108504 -2.22097 0.850031 
11 30800 50 3.86817 0.00012574 7.02493 0.221716 1.25011e-07 0.200198 0.912412 1.10858 0.108581 -2.22026 0.85282 
11 30900 50 3.88074 0.00012574 7.02493 0.221714 -6.6195e-06 0.200198 0.912405 1.10857 0.108572 -2.22035 0.855613 
11 31000 50 3.89331 0.00012574 7.02493 0.22173 -3.32354e-06 0.200198 0.912467 1.10865 0.108648 -2.21964 0.858399 
11 31100 50 3.90589 0.00012574 7.02493 0.221737 -1.70923e-06 0.200199 0.912499 1.10869 0.108687 -2.21929 0.861184 
11 31200 50 3.91846 0.00012574 7.02493 0.221742 -2.30755e-06 0.200198 0.91252 1.10871 0.108711 -2.21906 0.863965 
11 31300 51 3.93094 0.00012574 7.02493 0.221755 -9.60174e-07 0.200197 0.912571 1.10877 0.108774 -2.21849 0.866752 
11 31400 51 3.94351 0.00012574 7.02493 0.221762 -5.09104e-07 0.200198 0.9126 1.10881 0.10881 -2.21816 0.869552 
11 31500 51 3.95609 0.00012574 7.02493 0.221778 1.42644e-07 0.200199 0.912666 1.10889 0.108889 -2.21743 0.872339 
11 31600 51 3.96866 0.00012574 7.02493 0.2218 8.73822e-08 0.200198 0.912757 1.109 0.108999 -2.21641 0.875126 
11 31700 51 3.98124 0.00012574 7.02493 0.221813 6.0549e-07 0.200198 0.912811 1.10907 0.109065 -2.21581 0.877914 
11 31800 51 3.99381 0.00012574 7.02493 0.221832 2.89239e-07 0.200198 0.912891 1.10916 0.109162 -2.21492 0.880704 
11 31900 52 4.00629 0.00012574 7.02493 0.221831 -7.3039e-08 0.200198 0.912884 1.10915 0.109154 -2.215 0.883496 
11 32000 52 4.01886 0.00012574 7.02493 0.221847 1.81722e-07 0.200198 0.912952 1.10924 0.109237 -2.21423 0.886292 
11 32100 52 4.03144 0.00012574 7.02493 0.221855 -1.29145e-07 0.200198 0.912982 1.10927 0.109274 -2.2139 0.889077 
11 32200 52 4.04401 0.00012574 7.02493 0.221867 -2.42539e-07 0.200198 0.913034 1.10934 0.109336 -2.21333 0.891858 
11 32300 52 4.05658 0.00012574 7.02493 0.221877 -2.57245e-07 0.200199 0.913076 1.10939 0.109387 -2.21286 0.894647 
11 32400 52 4.06916 0.00012574 7.02493 0.221901 -2.74628e-07 0.200199 0.913173 1.10951 0.109505 -2.21178 0.897435 
11 32500 53 4.08163 0.00012574 7.02493 0.221894 -5.27148e-08 0.200199 0.913145 1.10947 0.109471 -2.2121 0.900223 
11 32600 53 4.09421 0.00012574 7.02493 0.221925 6.60904e-08 0.200199 0.913272 1.10963 0.109626 -2.21068 0.903023 
11 32700 53 4.10678 0.00012574 7.02493 0.221943 1.99688e-08 0.200199 0.913346 1.10972 0.109716 -2.20986 0.905814 
11 32800 53 4.11936 0.00012574 7.02493 0.221962 -1.10188e-07 0.200198 0.913422 1.10981 0.109808 -2.20902 0.908604 
11 32900 53 4.13193 0.00012574 7.02493 0.221964 -3.31583e-07 0.200198 0.913431 1.10982 0.109819 -2.20892 0.911398 
11 33000 53 4.1445 0.00012574 7.02493 0.22197 2.22321e-06 0.200198 0.913456 1.10985 0.109849 -2.20865 0.914192 
11 33100 53 4.15708 0.00012574 7.02493 0.22198 4.37495e-07 0.200198 0.913499 1.1099 0.109902 -2.20817 0.916982 
11 33200 54 4.16956 0.00012574 7.02493 0.221995 1.77063e-07 0.200199 0.91356 1.10998 0.109976 -2.2075 0.919769 
11 33300 54 4.18213 0.00012574 7.02493 0.221997 2.32955e-07 0.200199 0.913569 1.10999 0.109986 -2.2074 0.922561 
11 33400 54 4.1947 0.00012574 7.02493 0.222012 3.07306e-07 0.200198 0.913629 1.11006 0.110059 -2.20674 0.925348 
11 33500 54 4.20728 0.00012574 7.02493 0.222018 1.60167e-06 0.200199 0.913655 1.11009 0.110091 -2.20645 0.928137 
11 33600 54 4.21985 0.00012574 7.02493 0.222047 9.16493e-07 0.200199 0.913774 1.11023 0.110235 -2.20514 0.930925 
11 33700 54 4.23243 0.00012574 7.02493 0.222054 3.38454e-07 0.2002 0.913804 1.11027 0.110272 -2.2048 0.933726 
11 33800 55 4.2449 0.00012574 7.02493 0.222079 1.67786e-07 0.2002 0.913904 1.11039 0.110394 -2.2037 0.93652 
11 33900 55 4.25748 0.00012574 7.02493 0.222082 -2.04635e-07 0.2002 0.913916 1.11041 0.110408 -2.20357 0.939311 
11 34000 55 4.27005 0.00012574 7.02493 0.22209 1.16796e-06 0.2002 0.91395 1.11045 0.110449 -2.2032 0.942106 
11 34100 55 4.28263 0.00012574 7.02493 0.222098 2.27138e-06 0.200199 0.913984 1.11049 0.11049 -2.20283 0.944897 
11 34200 55 4.2952 0.00012574 7.02493 0.222126 1.16945e-06 0.200199 0.9141 1.11063 0.110631 -2.20155 0.947687 
11 34300 55 4.30777 0.00012574 7.02493 0.222125 4.303e-07 0.200198 0.914094 1.11062 0.110625 -2.20161 0.950485 
11 34400 56 4.32025 0.00012574 7.02493 0.222127 -3.42899e-06 0.200199 0.914104 1.11064 0.110636 -2.20151 0.953277 
11 34500 56 4.33283 0.00012574 7.02493 0.222132 -2.81732e-06 0.200199 0.914123 1.11066 0.110659 -2.2013 0.956066 
11 34600 56 4.3454 0.00012574 7.02493 0.222163 -3.56214e-06 0.200199 0.914252 1.11082 0.110816 -2.19988 0.958856 
11 34700 56 4.35797 0.00012574 7.02493 0.222186 -3.42144e-06 0.200199 0.914345 1.11093 0.110929 -2.19886 0.961645 
11 34800 56 4.37055 0.00012574 7.02493 0.222207 -1.90653e-06 0.200199 0.914431 1.11103 0.111033 -2.19793 0.964438 
11 34900 56 4.38312 0.00012574 7.02493 0.222213 -4.02647e-06 0.2002 0.914456 1.11106 0.111063 -2.19765 0.967243 
11 35000 56 4.3957 0.00012574 7.02493 0.222224 -2.42657e-06 0.200199 0.914502 1.11112 0.11112 -2.19714 0.970038 
11 35100 57 4.40817 0.00012574 7.02493 0.222236 -1.18947e-06 0.2002 0.914551 1.11118 0.111179 -2.19661 0.972831 
11 35200 57 4.42075 0.00012574 7.02493 0.222257 -4.76181e-07 0.2002 0.914636 1.11128 0.111283 -2.19568 0.975624 
11 35300 57 4.43332 0.00012574 7.02493 0.222258 -1.1884e-06 0.200201 0.914642 1.11129 0.111291 -2.19561 0.978419 
11 35400 57 4.4459 0.00012574 7.02493 0.222266 -9.35842e-07 0.2002 0.914676 1.11133 0.111331 -2.19525 0.981214 
11 35500 57 4.45847 0.00012574 7.02493 0.222279 -1.68027e-06 0.2002 0.91473 1.1114 0.111397 -2.19466 0.984011 
11 35600 57 4.47104 0.00012574 7.02493 0.222276 7.88444e-06 0.2002 0.914714 1.11138 0.111378 -2.19483 0.986802 
11 35700 58 4.48352 0.00012574 7.02493 0.222301 2.88948e-06 0.200199 0.914817 1.1115 0.111503 -2.19371 0.989594 
11 35800 58 4.49609 0.00012574 7.02493 0.222334 5.00263e-08 0.200199 0.914956 1.11167 0.111671 -2.1922 0.992388 
11 35900 58 4.50867 0.00012574 7.02493 0.222339 3.63864e-07 0.200198 0.914977 1.1117 0.111697 -2.19196 0.995182 
11 36000 58 4.52124 0.00012574 7.02493 0.222336 1.10397e-07 0.200199 0.914961 1.11168 0.111678 -2.19214 0.997986 
11 36100 58 4.53382 0.00012574 7.02493 0.222344 -9.23344e-07 0.200199 0.914995 1.11172 0.111719 -2.19177 1.00078 
11 36200 58 4.54639 0.00012574 7.02493 0.222365 -8.64528e-07 0.200199 0.915084 1.11183 0.111827 -2.1908 1.00358 
11 36300 58 4.55896 0.00012574 7.02493 0.222378 -6.08573e-07 0.2002 0.915135 1.11189 0.111888 -2.19025 1.00637 
11 36400 59 4.57144 0.00012574 7.02493 0.222391 -1.6112e-06 0.200199 0.915191 1.11196 0.111957 -2.18964 1.00917 
11 36500 59 4.58402 0.00012574 7.02493 0.222402 -1.9254e-06 0.200199 0.915234 1.11201 0.11201 -2.18917 1.01197 
11 36600 59 4.59659 0.00012574 7.02493 0.222406 -9.34051e-07 0.200199 0.915251 1.11203 0.11203 -2.18899 1.01476 
11 36700 59 4.60916 0.00012574 7.02493 0.222427 1.07689e-07 0.200199 0.915336 1.11213 0.112134 -2.18806 1.01756 
11 36800 59 4.62174 0.00012574 7.02493 0.222458 -7.24933e-07 0.200199 0.915463 1.11229 0.112288 -2.18669 1.02035 
11 36900 59 4.63431 0.00012574 7.02493 0.222479 -1.98898e-06 0.200199 0.915551 1.11239 0.112394 -2.18574 1.02315 
11 37000 60 4.64679 0.00012574 7.02493 0.222478 -1.85037e-06 0.2002 0.915546 1.11239 0.112389 -2.18579 1.02594 
11 37100 60 4.65936 0.00012574 7.02493 0.222488 -5.48548e-07 0.2002 0.915588 1.11244 0.11244 -2.18534 1.02875 
11 37200 60 4.67194 0.00012574 7.02493 0.222501 3.63108e-07 0.2002 0.915642 1.1125 0.112505 -2.18476 1.03155 
11 37300 60 4.68451 0.00012574 7.02493 0.222505 2.38728e-07 0.200201 0.915656 1.11252 0.112523 -2.1846 1.03434 
11 37400 60 4.69709 0.00012574 7.02493 0.222518 -2.24277e-06 0.2002 0.915712 1.11259 0.112591 -2.184 1.03714 
11 37500 60 4.70966 0.00012574 7.02493 0.222532 -1.56098e-06 0.200201 0.915768 1.11266 0.112658 -2.1834 1.03994 
11 37600 61 4.72214 0.00012574 7.02493 0.22254 2.9811e-06 0.200201 0.915803 1.1127 0.112701 -2.18302 1.04274 
11 37700 61 4.73471 0.00012574 7.02493 0.222559 1.84169e-06 0.200201 0.91588 1.11279 0.112794 -2.18219 1.04554 
11 37800 61 4.74729 0.00012574 7.02493 0.222576 -6.59118e-08 0.200201 0.915951 1.11288 0.11288 -2.18143 1.04834 
11 37900 61 4.75986 0.00012574 7.02493 0.222613 -4.94265e-07 0.200201 0.916104 1.11307 0.113066 -2.17978 1.05113 
11 38000 61 4.77243 0.00012574 7.02493 0.222616 -3.35916e-07 0.200201 0.916114 1.11308 0.113078 -2.17967 1.05393 
11 38100 61 4.78501 0.00012574 7.02493 0.222636 4.8587e-07 0.2002 0.916196 1.11318 0.113178 -2.17879 1.05673 
11 38200 61 4.79758 0.00012574 7.02493 0.222623 7.60475e-07 0.2002 0.916143 1.11311 0.113113 -2.17936 1.05952 
11 38300 62 4.81006 0.00012574 7.02493 0.22264 3.82944e-07 0.200201 0.916215 1.1132 0.113201 -2.17859 1.06233 
11 38400 62 4.82263 0.00012574 7.02493 0.222655 -3.16978e-07 0.200201 0.916277 1.11328 0.113277 -2.17792 1.06513 
11 38500 62 4.83521 0.00012574 7.02493 0.222659 1.20627e-07 0.200201 0.916294 1.1133 0.113297 -2.17774 1.06793 
11 38600 62 4.84778 0.00012574 7.02493 0.222668 4.54928e-07 0.200201 0.916328 1.11334 0.113338 -2.17738 1.07073 
11 38700 62 4.86036 0.00012574 7.02493 0.222665 3.58476e-09 0.200201 0.916318 1.11333 0.113326 -2.17748 1.07353 
11 38800 62 4.87293 0.00012574 7.02493 0.22269 -7.79862e-09 0.2002 0.916421 1.11345 0.113451 -2.17638 1.07633 
11 38900 63 4.88541 0.00012574 7.02493 0.222735 6.58328e-07 0.2002 0.916605 1.11368 0.113675 -2.17441 1.07913 
11 39000 63 4.89798 0.00012574 7.02493 0.222744 1.00182e-06 0.2002 0.916642 1.11372 0.11372 -2.17402 1.08193 
11 39100 63 4.91055 0.00012574 7.02493 0.222757 8.28321e-07 0.200201 0.916697 1.11379 0.113787 -2.17342 1.08473 
11 39200 63 4.92313 0.00012574 7.02493 0.222758 1.16774e-07 0.2002 0.916699 1.11379 0.11379 -2.1734 1.08753 
11 39300 63 4.9357 0.00012574 7.02493 0.222773 9.27279e-07 0.2002 0.916759 1.11386 0.113863 -2.17276 1.09032 
11 39400 63 4.94828 0.00012574 7.02493 0.222787 4.52242e-07 0.200201 0.91682 1.11394 0.113937 -2.17211 1.09313 
11 39500 64 4.96075 0.00012574 7.02493 0.222803 1.42493e-06 0.200202 0.916885 1.11401 0.114015 -2.17143 1.09594 
11 39600 64 4.97333 0.00012574 7.02493 0.222813 3.61609e-06 0.200202 0.916928 1.11407 0.114067 -2.17097 1.09874 
11 39700 64 4.9859 0.00012574 7.02493 0.222804 1.86694e-06 0.200201 0.916888 1.11402 0.114019 -2.17139 1.10154 
11 39800 64 4.99848 0.00012574 7.02493 0.222827 -4.4838e-07 0.200202 0.916982 1.11413 0.114133 -2.17039 1.10434 
11 39900 64 5.01105 0.00012574 7.02493 0.222859 -4.25731e-07 0.2002 0.917113 1.11429 0.114293 -2.16899 1.10714 
11 40000 64 5.02362 0.00012574 7.02493 0.222867 -3.12698e-06 0.200201 0.917148 1.11434 0.114335 -2.16862 1.10995 
11 40100 64 5.0362 0.00012574 7.02493 0.222872 -4.09161e-06 0.200201 0.917169 1.11436 0.11436 -2.1684 1.11275 
11 40200 65 5.04868 0.00012574 7.02493 0.222891 -2.1707e-06 0.2002 0.917249 1.11446 0.114457 -2.16755 1.11555 
11 40300 65 5.06125 0.00012574 7.02493 0.222902 -1.01907e-06 0.2002 0.917291 1.11451 0.114509 -2.1671 1.11835 
11 40400 65 5.07382 0.00012574 7.02493 0.222911 -2.04368e-07 0.2002 0.91733 1.11456 0.114557 -2.16669 1.12115 
11 40500 65 5.0864 0.00012574 7.02493 0.222935 -4.68932e-07 0.2002 0.917427 1.11467 0.114674 -2.16566 1.12395 
11 40600 65 5.09897 0.00012574 7.02493 0.222936 -3.39394e-07 0.200199 0.917431 1.11468 0.114678 -2.16562 1.12676 
11 40700 65 5.11155 0.00012574 7.02493 0.222943 -1.15885e-07 0.2002 0.91746 1.11471 0.114714 -2.16531 1.12957 
11 40800 66 5.12402 0.00012574 7.02493 0.222957 -5.37911e-07 0.200201 0.917518 1.11478 0.114785 -2.1647 1.13237 
11 40900 66 5.1366 0.00012574 7.02493 0.222986 -6.04407e-07 0.2002 0.91764 1.11493 0.114932 -2.16341 1.13517 
11 41000 66 5.14917 0.00012574 7.02493 0.223004 -4.33812e-07 0.2002 0.917712 1.11502 0.11502 -2.16265 1.13797 
11 41100 66 5.16175 0.00012574 7.02493 0.223002 -7.57992e-07 0.2002 0.917702 1.11501 0.115008 -2.16276 1.14078 
11 41200 66 5.17432 0.00012574 7.02493 0.223031 -1.50962e-07 0.2002 0.917822 1.11515 0.115153 -2.16149 1.14358 
11 41300 66 5.18689 0.00012574 7.02493 0.223032 -7.85762e-07 0.2002 0.917826 1.11516 0.115159 -2.16144 1.14639 
11 41400 66 5.19947 0.00012574 7.02493 0.223043 -4.39406e-07 0.2002 0.917874 1.11522 0.115217 -2.16094 1.14919 
11 41500 67 5.21195 0.00012574 7.02493 0.223056 -4.9355e-07 0.2002 0.917926 1.11528 0.11528 -2.16039 1.15199 
11 41600 67 5.22452 0.00012574 7.02493 0.223075 -6.89778e-07 0.200201 0.918006 1.11538 0.115377 -2.15955 1.15479 
11 41700 67 5.23709 0.00012574 7.02493 0.223092 -2.91538e-07 0.200201 0.918073 1.11546 0.115459 -2.15884 1.15761 
11 41800 67 5.24967 0.00012574 7.02493 0.22309 3.96291e-08 0.200202 0.918068 1.11545 0.115452 -2.1589 1.16041 
11 41900 67 5.26224 0.00012574 7.02493 0.223105 -1.34571e-07 0.200202 0.918126 1.11552 0.115524 -2.15828 1.16322 
11 42000 67 5.27482 0.00012574 7.02493 0.223139 8.82055e-08 0.200201 0.918268 1.1157 0.115696 -2.15679 1.16602 
11 42100 68 5.28729 0.00012574 7.02493 0.223142 8.82889e-08 0.200201 0.918281 1.11571 0.115711 -2.15666 1.16883 
11 42200 68 5.29987 0.00012574 7.02493 0.223181 6.50959e-08 0.2002 0.918439 1.1159 0.115904 -2.155 1.17163 
11 42300 68 5.31244 0.00012574 7.02493 0.223162 2.51945e-08 0.200201 0.918363 1.11581 0.115811 -2.15579 1.17444 
11 42400 68 5.32502 0.00012574 7.02493 0.223181 2.96593e-07 0.200201 0.918441 1.11591 0.115906 -2.15498 1.17725 
11 42500 68 5.33759 0.00012574 7.02493 0.223198 -1.93146e-07 0.200201 0.91851 1.11599 0.115989 -2.15426 1.18005 
11 42600 68 5.35016 0.00012574 7.02493 0.223199 -1.37937e-07 0.200201 0.918512 1.11599 0.115993 -2.15423 1.18285 
11 42700 69 5.36264 0.00012574 7.02493 0.223222 9.49073e-07 0.2002 0.918608 1.11611 0.116109 -2.15323 1.18566 
11 42800 69 5.37521 0.00012574 7.02493 0.223227 9.25364e-07 0.2002 0.918628 1.11613 0.116133 -2.15302 1.18846 
11 42900 69 5.38779 0.00012574 7.02493 0.223241 8.12253e-08 0.200201 0.918688 1.11621 0.116206 -2.15239 1.19128 
11 43000 69 5.40036 0.00012574 7.02493 0.223265 -6.46216e-07 0.2002 0.918785 1.11632 0.116323 -2.15138 1.19409 
11 43100 69 5.41294 0.00012574 7.02493 0.223274 -1.04387e-06 0.200201 0.918825 1.11637 0.116372 -2.15096 1.19689 
11 43200 69 5.42551 0.00012574 7.02493 0.223289 -1.02179e-06 0.200201 0.918885 1.11645 0.116445 -2.15033 1.1997 
11 43300 69 5.43808 0.00012574 7.02493 0.223288 -1.05844e-06 0.200201 0.918881 1.11644 0.11644 -2.15038 1.20251 
11 43400 70 5.45056 0.00012574 7.02493 0.223314 -4.00625e-07 0.2002 0.918987 1.11657 0.11657 -2.14927 1.20532 
11 43500 70 5.46314 0.00012574 7.02493 0.223322 1.1727e-08 0.200201 0.91902 1.11661 0.11661 -2.14892 1.20813 
11 43600 70 5.47571 0.00012574 7.02493 0.223335 -2.57192e-07 0.200201 0.919076 1.11668 0.116677 -2.14835 1.21093 
11 43700 70 5.48828 0.00012574 7.02493 0.223349 1.587e-07 0.200201 0.919132 1.11675 0.116746 -2.14776 1.21374 
11 43800 70 5.50086 0.00012574 7.02493 0.22336 1.56909e-06 0.200201 0.919178 1.1168 0.116801 -2.14728 1.21654 
11 43900 70 5.51343 0.00012574 7.02493 0.223376 -1.53988e-07 0.200201 0.919241 1.11688 0.116878 -2.14663 1.21935 
11 44000 71 5.52591 0.00012574 7.02493 0.223393 9.97835e-07 0.200199 0.919313 1.11697 0.116966 -2.14587 1.22217 
11 44100 71 5.53848 0.00012574 7.02493 0.223416 6.51526e-07 0.200201 0.919409 1.11708 0.117081 -2.14489 1.22498 
11 44200 71 5.55106 0.00012574 7.02493 0.223414 -1.45256e-07 0.200201 0.919398 1.11707 0.117068 -2.145 1.22779 
11 44300 71 5.56363 0.00012574 7.02493 0.223442 7.8707e-08 0.200201 0.919514 1.11721 0.11721 -2.14379 1.2306 
11 44400 71 5.57621 0.00012574 7.02493 0.223449 2.6651e-08 0.2002 0.919542 1.11724 0.117243 -2.1435 1.2334 
11 44500 71 5.58878 0.00012574 7.02493 0.22346 6.86587e-07 0.2002 0.91959 1.1173 0.117302 -2.14301 1.23621 
11 44600 72 5.60126 0.00012574 7.02493 0.223487 3.86039e-08 0.2002 0.919698 1.11743 0.117433 -2.14189 1.23903 
11 44700 72 5.61383 0.00012574 7.02493 0.223493 3.60291e-06 0.2002 0.919726 1.11747 0.117467 -2.1416 1.24183 
11 44800 72 5.62641 0.00012574 7.02493 0.223499 7.44582e-06 0.200201 0.919749 1.11749 0.117495 -2.14136 1.24464 
11 44900 72 5.63898 0.00012574 7.02493 0.223506 2.83011e-06 0.200201 0.919776 1.11753 0.117528 -2.14108 1.24745 
11 45000 72 5.65155 0.00012574 7.02493 0.223532 1.08576e-06 0.2002 0.919886 1.11766 0.117662 -2.13994 1.25026 
11 45100 72 5.66413 0.00012574 7.02493 0.22355 1.57943e-07 0.200199 0.91996 1.11775 0.117751 -2.13918 1.25307 
11 45200 72 5.6767 0.00012574 7.02493 0.223545 5.5619e-08 0.2002 0.919936 1.11772 0.117723 -2.13942 1.25589 
11 45300 73 5.68918 0.00012574 7.02493 0.223587 -6.36494e-07 0.200199 0.92011 1.11793 0.117934 -2.13763 1.2587 
11 45400 73 5.70175 0.00012574 7.02493 0.223583 -1.70919e-07 0.2002 0.920093 1.11791 0.117913 -2.13781 1.26151 
11 45500 73 5.71433 0.00012574 7.02493 0.223592 -3.95247e-08 0.2002 0.92013 1.11796 0.117958 -2.13743 1.26432 
11 45600 73 5.7269 0.00012574 7.02493 0.223613 5.39684e-07 0.2002 0.920217 1.11806 0.118063 -2.13653 1.26713 
11 45700 73 5.73948 0.00012574 7.02493 0.22361 -6.39123e-09 0.200201 0.920204 1.11805 0.118048 -2.13666 1.26994 
11 45800 73 5.75205 0.00012574 7.02493 0.223628 -1.53909e-07 0.2002 0.920279 1.11814 0.118139 -2.1359 1.27276 
11 45900 74 5.76453 0.00012574 7.02493 0.223639 2.94668e-07 0.200201 0.920324 1.11819 0.118193 -2.13543 1.27557 
11 46000 74 5.7771 0.00012574 7.02493 0.223662 -1.41798e-06 0.2002 0.920422 1.11831 0.118312 -2.13443 1.27838 
11 46100 74 5.78967 0.00012574 7.02493 0.223699 -2.00136e-07 0.2002 0.92057 1.11849 0.118493 -2.1329 1.28119 
11 46200 74 5.80225 0.00012574 7.02493 0.223694 9.07273e-07 0.200201 0.92055 1.11847 0.118469 -2.13311 1.284 
11 46300 74 5.81482 0.00012574 7.02493 0.223715 -7.77956e-07 0.200201 0.920639 1.11858 0.118577 -2.13219 1.28682 
11 46400 74 5.8274 0.00012574 7.02493 0.223726 -1.89443e-07 0.200201 0.920683 1.11863 0.11863 -2.13174 1.28963 
11 46500 74 5.83997 0.00012574 7.02493 0.223731 -1.98987e-07 0.200202 0.920703 1.11865 0.118654 -2.13154 1.29244 
11 46600 75 5.85245 0.00012574 7.02493 0.223752 -6.07114e-08 0.200201 0.920792 1.11876 0.118762 -2.13063 1.29526 
11 46700 75 5.86502 0.00012574 7.02493 0.223757 -2.06029e-07 0.200201 0.920809 1.11878 0.118783 -2.13046 1.29807 
11 46800 75 5.8776 0.00012574 7.02493 0.223764 1.05335e-06 0.200201 0.920839 1.11882 0.118819 -2.13015 1.30088 
11 46900 75 5.89017 0.00012574 7.02493 0.223784 6.2535e-07 0.200199 0.920922 1.11892 0.11892 -2.1293 1.3037 
11 47000 75 5.90274 0.00012574 7.02493 0.223796 3.00553e-07 0.200201 0.92097 1.11898 0.118979 -2.12881 1.30651 
11 47100 75 5.91532 0.00012574 7.02493 0.223824 1.53482e-07 0.2002 0.921088 1.11912 0.119122 -2.12761 1.30932 
11 47200 76 5.9278 0.00012574 7.02493 0.223842 5.58767e-07 0.2002 0.92116 1.11921 0.119209 -2.12688 1.31213 
11 47300 76 5.94037 0.00012574 7.02493 0.223833 1.80422e-06 0.2002 0.921124 1.11917 0.119166 -2.12724 1.31495 
11 47400 76 5.95294 0.00012574 7.02493 0.223857 4.48908e-07 0.200199 0.921221 1.11928 0.119284 -2.12625 1.31776 
11 47500 76 5.96552 0.00012574 7.02493 0.223864 4.92965e-07 0.200202 0.92125 1.11932 0.119319 -2.12596 1.32058 
11 47600 76 5.97809 0.00012574 7.02493 0.22387 3.05259e-07 0.200202 0.921275 1.11935 0.119349 -2.1257 1.3234 
11 47700 76 5.99067 0.00012574 7.02493 0.223896 2.81151e-07 0.200201 0.921384 1.11948 0.119481 -2.1246 1.32621 
11 47800 77 6.00314 0.00012574 7.02493 0.223894 -4.35744e-07 0.200201 0.921373 1.11947 0.119468 -2.12471 1.32903 
11 47900 77 6.01572 0.00012574 7.02493 0.223908 -3.74221e-07 0.200202 0.921433 1.11954 0.119541 -2.12409 1.33184 
11 48000 77 6.02829 0.00012574 7.02493 0.223919 -4.74449e-07 0.200201 0.921477 1.11959 0.119594 -2.12365 1.33466 
11 48100 77 6.04087 0.00012574 7.02493 0.223945 -1.87112e-06 0.200201 0.921583 1.11972 0.119723 -2.12257 1.33748 
11 48200 77 6.05344 0.00012574 7.02493 0.223981 2.20765e-07 0.200201 0.921734 1.11991 0.119907 -2.12104 1.34029 
11 48300 77 6.06601 0.00012574 7.02493 0.223983 8.92808e-07 0.200201 0.921742 1.11992 0.119916 -2.12096 1.3431 
11 48400 77 6.07859 0.00012574 7.02493 0.223989 -1.38082e-06 0.200201 0.921764 1.11994 0.119943 -2.12073 1.34592 
11 48500 78 6.09107 0.00012574 7.02493 0.223996 3.45526e-07 0.2002 0.921793 1.11998 0.119978 -2.12044 1.34873 
11 48600 78 6.10364 0.00012574 7.02493 0.224009 -8.30161e-07 0.200201 0.921849 1.12005 0.120047 -2.11987 1.35156 
11 48700 78 6.11621 0.00012574 7.02493 0.22404 3.90723e-07 0.200201 0.921974 1.1202 0.120198 -2.11861 1.35438 
11 48800 78 6.12879 0.00012574 7.02493 0.224048 8.98742e-07 0.200201 0.922009 1.12024 0.120241 -2.11826 1.35719 
11 48900 78 6.14136 0.00012574 7.02493 0.22405 1.15427e-06 0.200201 0.922017 1.12025 0.120251 -2.11818 1.36001 
11 49000 78 6.15394 0.00012574 7.02493 0.224076 1.71596e-06 0.200201 0.922124 1.12038 0.120381 -2.1171 1.36282 
11 49100 79 6.16641 0.00012574 7.02493 0.224079 1.229e-06 0.2002 0.922134 1.12039 0.120393 -2.117 1.36564 
11 49200 79 6.17899 0.00012574 7.02493 0.224119 3.64354e-08 0.2002 0.922302 1.1206 0.120597 -2.1153 1.36846 
11 49300 79 6.19156 0.00012574 7.02493 0.224134 -1.19814e-07 0.2002 0.92236 1.12067 0.120668 -2.11471 1.37128 
11 49400 79 6.20413 0.00012574 7.02493 0.224132 -5.8716e-08 0.2002 0.922355 1.12066 0.120661 -2.11477 1.3741 
11 49500 79 6.21671 0.00012574 7.02493 0.224137 -2.16691e-07 0.2002 0.922375 1.12069 0.120685 -2.11457 1.37691 
11 49600 79 6.22928 0.00012574 7.02493 0.224146 -3.727e-06 0.2002 0.922413 1.12073 0.120732 -2.11418 1.37973 
11 49700 80 6.24176 0.00012574 7.02493 0.224169 -1.74305e-06 0.2002 0.922508 1.12085 0.120847 -2.11323 1.38254 
11 49800 80 6.25433 0.00012574 7.02493 0.224197 -1.09507e-06 0.2002 0.922621 1.12098 0.120984 -2.1121 1.38537 
11 49900 80 6.26691 0.00012574 7.02493 0.224193 -7.91887e-07 0.200201 0.922606 1.12097 0.120967 -2.11224 1.38819 
11 50000 80 6.27948 0.00012574 7.02493 0.224214 -3.41489e-07 0.2002 0.922691 1.12107 0.12107 -2.11139 1.39101 
11 50100 80 6.29206 0.00012574 7.02493 0.224224 3.57216e-06 0.2002 0.922732 1.12112 0.12112 -2.11098 1.39383 
11 50200 80 6.30463 0.00012574 7.02493 0.224244 -6.11618e-07 0.2002 0.922814 1.12122 0.12122 -2.11015 1.39665 
11 50300 80 6.3172 0.00012574 7.02493 0.224267 -7.17251e-07 0.2002 0.92291 1.12134 0.121336 -2.10919 1.39947 
11 50400 81 6.32968 0.00012574 7.02493 0.224276 -2.55803e-07 0.2002 0.922947 1.12138 0.12138 -2.10883 1.40229 
11 50500 81 6.34226 0.00012574 7.02493 0.224289 -2.04435e-07 0.2002 0.923 1.12144 0.121445 -2.10829 1.40511 
11 50600 81 6.35483 0.00012574 7.02493 0.224289 -2.67596e-07 0.2002 0.922999 1.12144 0.121444 -2.1083 1.40792 
11 50700 81 6.3674 0.00012574 7.02493 0.224303 9.27171e-09 0.2002 0.923059 1.12152 0.121517 -2.1077 1.41074 
11 50800 81 6.37998 0.00012574 7.02493 0.224331 -1.861e-08 0.2002 0.923174 1.12166 0.121657 -2.10655 1.41356 
11 50900 81 6.39255 0.00012574 7.02493 0.224342 3.20299e-09 0.2002 0.923219 1.12171 0.121711 -2.10611 1.41639 
11 51000 82 6.40503 0.00012574 7.02493 0.22435 -4.0119e-08 0.2002 0.923251 1.12175 0.12175 -2.10578 1.41921 
11 51100 82 6.4176 0.00012574 7.02493 0.224368 5.48546e-08 0.2002 0.923326 1.12184 0.121841 -2.10504 1.42203 
11 51200 82 6.43018 0.00012574 7.02493 0.224381 5.60647e-08 0.2002 0.923379 1.12191 0.121906 -2.10451 1.42485 
11 51300 82 6.44275 0.00012574 7.02493 0.224408 2.00249e-07 0.2002 0.923488 1.12204 0.122038 -2.10342 1.42767 
11 51400 82 6.45533 0.00012574 7.02493 0.224413 7.91251e-08 0.2002 0.92351 1.12206 0.122065 -2.1032 1.4305 
11 51500 82 6.4679 0.00012574 7.02493 0.224421 -7.55517e-08 0.200201 0.923544 1.12211 0.122106 -2.10286 1.43332 
11 51600 83 6.48038 0.00012574 7.02493 0.22444 3.74997e-09 0.200201 0.923622 1.1222 0.122201 -2.10209 1.43614 
11 51700 83 6.49295 0.00012574 7.02493 0.224432 -5.62632e-07 0.200201 0.923587 1.12216 0.122159 -2.10244 1.43896 
11 51800 83 6.50553 0.00012574 7.02493 0.224465 -9.57795e-07 0.200201 0.923724 1.12232 0.122325 -2.10108 1.44178 
11 51900 83 6.5181 0.00012574 7.02493 0.224482 -1.89499e-07 0.2002 0.923796 1.12241 0.122412 -2.10037 1.4446 
11 52000 83 6.53067 0.00012574 7.02493 0.224475 -2.68051e-07 0.2002 0.923764 1.12237 0.122373 -2.10068 1.44742 
11 52100 83 6.54325 0.00012574 7.02493 0.224513 -2.79936e-07 0.2002 0.923921 1.12256 0.122564 -2.09912 1.45025 
11 52200 83 6.55582 0.00012574 7.02493 0.22452 -5.63988e-07 0.200201 0.92395 1.1226 0.1226 -2.09883 1.45308 
11 52300 84 6.5683 0.00012574 7.02493 0.224547 2.98276e-09 0.2002 0.92406 1.12273 0.122733 -2.09774 1.4559 
11 52400 84 6.58087 0.00012574 7.02493 0.22456 2.76781e-08 0.2002 0.924115 1.1228 0.122799 -2.0972 1.45872 
11 52500 84 6.59345 0.00012574 7.02493 0.224564 -1.04671e-07 0.2002 0.924131 1.12282 0.12282 -2.09704 1.46154 
11 52600 84 6.60602 0.00012574 7.02493 0.224575 -3.30375e-07 0.2002 0.924175 1.12287 0.122873 -2.09661 1.46437 
11 52700 84 6.61859 0.00012574 7.02493 0.224576 1.04926e-06 0.2002 0.924182 1.12288 0.122882 -2.09653 1.46719 
11 52800 84 6.63117 0.00012574 7.02493 0.224603 -4.74686e-07 0.2002 0.924292 1.12301 0.123015 -2.09545 1.47002 
11 52900 85 6.64365 0.00012574 7.02493 0.224622 -2.3019e-07 0.2002 0.924371 1.12311 0.123111 -2.09467 1.47284 
11 53000 85 6.65622 0.00012574 7.02493 0.224618 2.98074e-07 0.200199 0.924354 1.12309 0.123091 -2.09483 1.47566 
11 53100 85 6.66879 0.00012574 7.02493 0.224633 2.85526e-07 0.200199 0.924417 1.12317 0.123167 -2.09421 1.47848 
11 53200 85 6.68137 0.00012574 7.02493 0.224648 -3.08258e-07 0.2002 0.924479 1.12324 0.123242 -2.0936 1.48131 
11 53300 85 6.69394 0.00012574 7.02493 0.224674 3.41064e-06 0.2002 0.924583 1.12337 0.123368 -2.09258 1.48414 
11 53400 85 6.70652 0.00012574 7.02493 0.224685 1.44226e-06 0.2002 0.924632 1.12343 0.123427 -2.0921 1.48697 
11 53500 85 6.71909 0.00012574 7.02493 0.224694 1.61563e-06 0.2002 0.924669 1.12347 0.123472 -2.09174 1.48979 
11 53600 86 6.73157 0.00012574 7.02493 0.2247 1.26648e-06 0.2002 0.924691 1.1235 0.1235 -2.09152 1.49261 
11 53700 86 6.74414 0.00012574 7.02493 0.224704 1.27807e-06 0.2002 0.924707 1.12352 0.123518 -2.09136 1.49544 
11 53800 86 6.75672 0.00012574 7.02493 0.22472 -1.44077e-07 0.2002 0.924774 1.1236 0.123601 -2.0907 1.49827 
11 53900 86 6.76929 0.00012574 7.02493 0.224755 -2.74474e-07 0.200201 0.924916 1.12377 0.123773 -2.0893 1.50109 
11 54000 86 6.78186 0.00012574 7.02493 0.224769 -3.08029e-07 0.2002 0.924976 1.12385 0.123845 -2.08872 1.50392 
11 54100 86 6.79444 0.00012574 7.02493 0.224778 -2.6146e-07 0.200199 0.925012 1.12389 0.12389 -2.08836 1.50674 
11 54200 87 6.80692 0.00012574 7.02493 0.224796 -2.04219e-07 0.2002 0.925088 1.12398 0.123982 -2.08762 1.50956 
11 54300 87 6.81949 0.00012574 7.02493 0.224803 5.18675e-07 0.200199 0.925115 1.12401 0.124015 -2.08735 1.51239 
11 54400 87 6.83206 0.00012574 7.02493 0.224834 2.61207e-08 0.200199 0.925243 1.12417 0.12417 -2.0861 1.51523 
11 54500 87 6.84464 0.00012574 7.02493 0.224844 -1.46338e-07 0.200199 0.925284 1.12422 0.124221 -2.0857 1.51805 
11 54600 87 6.85721 0.00012574 7.02493 0.224856 -2.62928e-07 0.200199 0.925334 1.12428 0.124281 -2.08521 1.52088 
11 54700 87 6.86979 0.00012574 7.02493 0.224871 -3.42242e-07 0.200199 0.925397 1.12436 0.124357 -2.0846 1.52371 
11 54800 88 6.88226 0.00012574 7.02493 0.224865 1.25157e-07 0.200199 0.925371 1.12433 0.124326 -2.08485 1.52653 
11 54900 88 6.89484 0.00012574 7.02493 0.224903 -3.53238e-08 0.200199 0.925528 1.12452 0.124516 -2.08332 1.52936 
11 55000 88 6.90741 0.00012574 7.02493 0.224924 -9.52181e-08 0.2002 0.925613 1.12462 0.12462 -2.08248 1.53219 
11 55100 88 6.91999 0.00012574 7.02493 0.224917 -1.00252e-07 0.200199 0.925585 1.12459 0.124586 -2.08276 1.53502 
11 55200 88 6.93256 0.00012574 7.02493 0.224954 2.37364e-06 0.200199 0.925737 1.12477 0.124771 -2.08127 1.53784 
11 55300 88 6.94513 0.00012574 7.02493 0.224957 3.45697e-06 0.200199 0.925749 1.12479 0.124785 -2.08116 1.54067 
11 55400 88 6.95771 0.00012574 7.02493 0.224978 1.6454e-06 0.200199 0.925833 1.12489 0.124888 -2.08034 1.54349 
11 55500 89 6.97018 0.00012574 7.02493 0.224987 2.02164e-06 0.2002 0.925874 1.12494 0.124936 -2.07995 1.54633 
11 55600 89 6.98276 0.00012574 7.02493 0.224992 5.97703e-08 0.200201 0.925891 1.12496 0.124958 -2.07978 1.54916 
11 55700 89 6.99533 0.00012574 7.02493 0.225009 1.52867e-06 0.200201 0.925963 1.12504 0.125045 -2.07908 1.55199 
11 55800 89 7.00791 0.00012574 7.02493 0.225011 1.88787e-06 0.200201 0.925969 1.12505 0.125053 -2.07902 1.55482 
11 55900 89 7.02048 0.00012574 7.02493 0.225033 2.09754e-06 0.2002 0.926064 1.12517 0.125167 -2.07811 1.55765 
11 56000 89 7.03306 0.00012574 7.02493 0.225057 1.14365e-06 0.2002 0.926162 1.12529 0.125287 -2.07715 1.56048 
11 56100 90 7.04553 0.00012574 7.02493 0.225057 1.42133e-07 0.200201 0.926162 1.12529 0.125286 -2.07715 1.56331 
11 56200 90 7.05811 0.00012574 7.02493 0.225081 7.61765e-08 0.2002 0.926258 1.1254 0.125404 -2.07622 1.56614 
11 56300 90 7.07068 0.00012574 7.02493 0.225093 2.7958e-06 0.200201 0.92631 1.12547 0.125466 -2.07572 1.56897 
11 56400 90 7.08325 0.00012574 7.02493 0.225114 3.56292e-06 0.2002 0.926395 1.12557 0.12557 -2.07489 1.57179 
11 56500 90 7.09583 0.00012574 7.02493 0.22513 2.06277e-06 0.2002 0.926462 1.12565 0.125651 -2.07425 1.57462 
11 56600 90 7.1084 0.00012574 7.02493 0.225145 1.31026e-06 0.2002 0.926524 1.12573 0.125726 -2.07365 1.57745 
11 56700 91 7.12088 0.00012574 7.02493 0.225148 2.85899e-07 0.2002 0.926537 1.12574 0.125742 -2.07352 1.58029 
11 56800 91 7.13345 0.00012574 7.02493 0.22516 -5.42691e-07 0.2002 0.926585 1.1258 0.125801 -2.07305 1.58312 
11 56900 91 7.14603 0.00012574 7.02493 0.225177 -5.88124e-07 0.200199 0.926654 1.12588 0.125884 -2.07239 1.58595 
11 57000 91 7.1586 0.00012574 7.02493 0.225199 -3.24649e-07 0.200199 0.926745 1.126 0.125995 -2.07151 1.58878 
11 57100 91 7.17118 0.00012574 7.02493 0.225206 -3.03733e-07 0.200199 0.926774 1.12603 0.12603 -2.07123 1.59161 
11 57200 91 7.18375 0.00012574 7.02493 0.225206 -4.30589e-07 0.2002 0.926774 1.12603 0.126031 -2.07123 1.59445 
11 57300 91 7.19632 0.00012574 7.02493 0.225231 -9.21194e-08 0.2002 0.926878 1.12616 0.126157 -2.07023 1.59728 
11 57400 92 7.2088 0.00012574 7.02493 0.225244 1.56579e-06 0.2002 0.926929 1.12622 0.126218 -2.06974 1.60011 
11 57500 92 7.22138 0.00012574 7.02493 0.225271 2.10467e-06 0.200199 0.92704 1.12635 0.126353 -2.06867 1.60294 
11 57600 92 7.23395 0.00012574 7.02493 0.225274 4.53541e-06 0.2002 0.927054 1.12637 0.12637 -2.06854 1.60577 
11 57700 92 7.24652 0.00012574 7.02493 0.225281 1.45046e-06 0.2002 0.927082 1.1264 0.126405 -2.06826 1.6086 
11 57800 92 7.2591 0.00012574 7.02493 0.225296 1.63759e-06 0.200199 0.927145 1.12648 0.126482 -2.06766 1.61144 
11 57900 92 7.27167 0.00012574 7.02493 0.225303 4.79562e-07 0.200201 0.927175 1.12652 0.126517 -2.06738 1.61428 
11 58000 93 7.28415 0.00012574 7.02493 0.22533 4.34075e-07 0.200201 0.927284 1.12665 0.126651 -2.06632 1.61711 
11 58100 93 7.29672 0.00012574 7.02493 0.225347 1.79958e-06 0.2002 0.927355 1.12674 0.126736 -2.06565 1.61994 
11 58200 93 7.3093 0.00012574 7.02493 0.225344 8.80025e-07 0.2002 0.92734 1.12672 0.126718 -2.06579 1.62277 
11 58300 93 7.32187 0.00012574 7.02493 0.225368 4.33308e-07 0.2002 0.927438 1.12684 0.126838 -2.06485 1.62561 
11 58400 93 7.33445 0.00012574 7.02493 0.225387 4.96158e-07 0.2002 0.92752 1.12694 0.126937 -2.06406 1.62844 
11 58500 93 7.34702 0.00012574 7.02493 0.225399 3.13814e-07 0.2002 0.927569 1.127 0.126996 -2.0636 1.63128 
11 58600 93 7.35959 0.00012574 7.02493 0.225408 -1.05895e-07 0.2002 0.927605 1.12704 0.12704 -2.06326 1.63411 
11 58700 94 7.37207 0.00012574 7.02493 0.225438 -3.27805e-07 0.2002 0.927726 1.12719 0.127188 -2.06209 1.63694 
11 58800 94 7.38465 0.00012574 7.02493 0.225434 -1.12614e-07 0.200199 0.927712 1.12717 0.12717 -2.06223 1.63977 
11 58900 94 7.39722 0.00012574 7.02493 0.225439 2.06949e-07 0.200199 0.927733 1.1272 0.127196 -2.06203 1.6426 
11 59000 94 7.40979 0.00012574 7.02493 0.225466 5.58215e-08 0.200199 0.927845 1.12733 0.127332 -2.06096 1.64545 
11 59100 94 7.42237 0.00012574 7.02493 0.225478 -1.66099e-07 0.200199 0.927893 1.12739 0.12739 -2.0605 1.64829 
11 59200 94 7.43494 0.00012574 7.02493 0.225492 -2.23225e-07 0.200199 0.927952 1.12746 0.127462 -2.05994 1.65112 
11 59300 95 7.44742 0.00012574 7.02493 0.225525 -5.63498e-07 0.2002 0.928087 1.12763 0.127626 -2.05865 1.65395 
11 59400 95 7.45999 0.00012574 7.02493 0.225536 -6.15494e-07 0.200199 0.928133 1.12768 0.127681 -2.05822 1.65679 
11 59500 95 7.47257 0.00012574 7.02493 0.225539 -2.38659e-07 0.200199 0.928145 1.1277 0.127696 -2.0581 1.65962 
11 59600 95 7.48514 0.00012574 7.02493 0.225551 -3.26827e-07 0.200199 0.928194 1.12776 0.127756 -2.05763 1.66246 
11 59700 95 7.49771 0.00012574 7.02493 0.22557 -3.14433e-06 0.200199 0.928271 1.12785 0.127849 -2.0569 1.6653 
11 59800 95 7.51029 0.00012574 7.02493 0.225566 -2.04685e-06 0.2002 0.928253 1.12783 0.127828 -2.05707 1.66813 
11 59900 96 7.52277 0.00012574 7.02493 0.22559 -1.26993e-06 0.200199 0.928352 1.12795 0.127948 -2.05613 1.67096 
11 60000 96 7.53534 0.00012574 7.02493 0.225604 -1.86184e-07 0.2002 0.928412 1.12802 0.128021 -2.05556 1.6738 
11 60100 96 7.54791 0.00012574 7.02493 0.225634 1.77304e-07 0.2002 0.928536 1.12817 0.128171 -2.05439 1.67665 
11 60200 96 7.56049 0.00012574 7.02493 0.225645 -7.62011e-08 0.2002 0.92858 1.12822 0.128224 -2.05398 1.67948 
11 60300 96 7.57306 0.00012574 7.02493 0.22566 -1.62303e-07 0.2002 0.928644 1.1283 0.128302 -2.05337 1.68232 
11 60400 96 7.58564 0.00012574 7.02493 0.225677 -5.00541e-07 0.2002 0.928711 1.12838 0.128384 -2.05273 1.68516 
11 60500 96 7.59821 0.00012574 7.02493 0.22569 9.85354e-07 0.2002 0.928765 1.12845 0.128449 -2.05222 1.68799 
11 60600 97 7.61069 0.00012574 7.02493 0.225709 9.0681e-07 0.200199 0.928842 1.12854 0.128544 -2.05149 1.69083 
11 60700 97 7.62326 0.00012574 7.02493 0.22573 8.67129e-07 0.2002 0.928928 1.12865 0.128648 -2.05068 1.69367 
11 60800 97 7.63584 0.00012574 7.02493 0.225733 6.79101e-08 0.2002 0.928941 1.12866 0.128663 -2.05056 1.69651 
11 60900 97 7.64841 0.00012574 7.02493 0.22574 -4.76763e-07 0.2002 0.928972 1.1287 0.128701 -2.05026 1.69934 
11 61000 97 7.66098 0.00012574 7.02493 0.225747 -1.49461e-06 0.200199 0.929001 1.12874 0.128737 -2.04999 1.70218 
11 61100 97 7.67356 0.00012574 7.02493 0.225773 -1.00874e-06 0.200199 0.929109 1.12887 0.128867 -2.04897 1.70502 
11 61200 98 7.68604 0.00012574 7.02493 0.225795 -3.00918e-07 0.200198 0.929196 1.12897 0.128973 -2.04815 1.70785 
11 61300 98 7.69861 0.00012574 7.02493 0.225795 2.31323e-07 0.200199 0.929196 1.12897 0.128973 -2.04815 1.7107 
11 61400 98 7.71118 0.00012574 7.02493 0.22583 -2.81921e-07 0.200198 0.929343 1.12915 0.129152 -2.04676 1.71354 
11 61500 98 7.72376 0.00012574 7.02493 0.225831 -5.44433e-07 0.200198 0.929345 1.12915 0.129155 -2.04674 1.71638 
11 61600 98 7.73633 0.00012574 7.02493 0.225851 -4.12888e-07 0.200199 0.929427 1.12925 0.129253 -2.04598 1.71922 
11 61700 98 7.74891 0.00012574 7.02493 0.225863 -1.87086e-07 0.200199 0.929478 1.12932 0.129315 -2.0455 1.72206 
11 61800 99 7.76138 0.00012574 7.02493 0.225872 4.41204e-07 0.200199 0.929516 1.12936 0.129362 -2.04514 1.7249 
11 61900 99 7.77396 0.00012574 7.02493 0.225886 1.26748e-06 0.200199 0.929574 1.12943 0.129432 -2.0446 1.72774 
11 62000 99 7.78653 0.00012574 7.02493 0.225885 -2.05489e-06 0.200199 0.929569 1.12943 0.129426 -2.04464 1.73058 
11 62100 99 7.79911 0.00012574 7.02493 0.225913 2.53411e-07 0.200199 0.929682 1.12956 0.129563 -2.04359 1.73342 
11 62200 99 7.81168 0.00012574 7.02493 0.225935 1.32132e-06 0.200199 0.929772 1.12967 0.129673 -2.04274 1.73626 
11 62300 99 7.82425 0.00012574 7.02493 0.225932 -5.019e-07 0.200199 0.929761 1.12966 0.12966 -2.04284 1.73909 
11 62400 99 7.83683 0.00012574 7.02493 0.22597 2.34739e-07 0.200199 0.929918 1.12985 0.12985 -2.04137 1.74194 
11 62500 100 7.8493 0.00012574 7.02493 0.225983 1.50585e-06 0.200199 0.929971 1.12991 0.129914 -2.04088 1.74479 
11 62600 100 7.86188 0.00012574 7.02493 0.22599 2.73435e-06 0.200199 0.93 1.12995 0.12995 -2.04061 1.74763 
11 62700 100 7.87445 0.00012574 7.02493 0.226005 -4.60047e-07 0.200199 0.930063 1.13003 0.130027 -2.04001 1.75047 
11 62800 100 7.88703 0.00012574 7.02493 0.226026 -1.33628e-06 0.200198 0.930149 1.13013 0.130131 -2.03921 1.75331 
11 62900 100 7.8996 0.00012574 7.02493 0.226027 -9.48462e-07 0.200198 0.930151 1.13013 0.130133 -2.0392 1.75615 
11 63000 100 7.91217 0.00012574 7.02493 0.226038 -4.84063e-07 0.200199 0.930197 1.13019 0.130189 -2.03876 1.759 
11 63100 101 7.92465 0.00012574 7.02493 0.226056 -2.32674e-08 0.200199 0.93027 1.13028 0.130278 -2.03809 1.76184 
11 63200 101 7.93723 0.00012574 7.02493 0.226081 -2.47268e-07 0.200198 0.930375 1.13041 0.130405 -2.03711 1.76468 
11 63300 101 7.9498 0.00012574 7.02493 0.226093 -2.24707e-07 0.200198 0.930422 1.13046 0.130463 -2.03666 1.76752 
11 63400 101 7.96237 0.00012574 7.02493 0.226108 -2.77198e-07 0.200198 0.930486 1.13054 0.13054 -2.03607 1.77036 
11 63500 101 7.97495 0.00012574 7.02493 0.226124 -5.66694e-07 0.200198 0.930552 1.13062 0.130621 -2.03546 1.7732 
