11 0 1 0 6.28702e-05 7.02493 0.22101 0 0.200023 0.909508 1.10505 0.105052 -2.2533 7.50531e-07 
11 100 2 0.0124797 0.00012574 7.02493 0.220791 6.7712e-08 0.20039 0.908604 1.10395 0.103954 -2.26381 0.00274717 
11 200 2 0.0250538 0.00012574 7.02493 0.220889 2.42192e-08 0.200498 0.90901 1.10445 0.104447 -2.25908 0.00551619 
11 300 2 0.0376278 0.00012574 7.02493 0.22101 4.46771e-08 0.20051 0.909506 1.10505 0.10505 -2.25332 0.00830598 
11 400 2 0.0502018 0.00012574 7.02493 0.22111 -6.54278e-10 0.200491 0.909917 1.10555 0.105549 -2.24858 0.0110966 
11 500 2 0.0627758 0.00012574 7.02493 0.221206 -1.24385e-07 0.200464 0.910315 1.10603 0.106032 -2.24401 0.0138726 
11 600 2 0.0753499 0.00012574 7.02493 0.221296 -1.77159e-08 0.200439 0.910685 1.10648 0.106482 -2.23978 0.0166444 
11 700 3 0.0879216 0.00012574 7.02493 0.221391 -3.3026e-09 0.200419 0.911075 1.10696 0.106956 -2.23534 0.0194272 
11 800 3 0.100496 0.00012574 7.02493 0.221471 7.66752e-09 0.2004 0.911401 1.10735 0.107353 -2.23164 0.0222107 
11 900 3 0.11307 0.00012574 7.02493 0.221557 1.09098e-08 0.200381 0.911758 1.10779 0.107786 -2.22761 0.0249911 
11 1000 3 0.125644 0.00012574 7.02493 0.221627 3.37585e-08 0.200365 0.912043 1.10813 0.108133 -2.2244 0.0277786 
11 1100 3 0.138218 0.00012574 7.02493 0.221691 -5.11377e-08 0.200348 0.912308 1.10845 0.108454 -2.22143 0.0305765 
11 1200 3 0.150792 0.00012574 7.02493 0.221753 -3.86381e-08 0.200335 0.912564 1.10876 0.108765 -2.21857 0.0333613 
11 1300 4 0.163269 0.00012574 7.02493 0.221818 -1.30315e-08 0.200326 0.912832 1.10909 0.109091 -2.21557 0.0361506 
11 1400 4 0.175843 0.00012574 7.02493 0.221902 -2.72046e-08 0.200316 0.913177 1.10951 0.10951 -2.21174 0.0389447 
11 1500 4 0.188417 0.00012574 7.02493 0.221963 -1.61336e-08 0.200307 0.913429 1.10982 0.109817 -2.20894 0.0417387 
11 1600 4 0.200991 0.00012574 7.02493 0.222002 -3.48556e-08 0.200297 0.91359 1.11001 0.110012 -2.20717 0.0445327 
11 1700 4 0.213565 0.00012574 7.02493 0.222051 4.71869e-07 0.200289 0.91379 1.11025 0.110255 -2.20496 0.0473195 
11 1800 4 0.226139 0.00012574 7.02493 0.222102 1.20302e-07 0.200283 0.913999 1.11051 0.110509 -2.20266 0.0501071 
11 1900 4 0.238713 0.00012574 7.02493 0.222137 2.08085e-07 0.200278 0.914144 1.11068 0.110685 -2.20107 0.0528948 
11 2000 5 0.251191 0.00012574 7.02493 0.222202 9.499e-08 0.200272 0.914411 1.11101 0.111009 -2.19814 0.0556923 
11 2100 5 0.263765 0.00012574 7.02493 0.222224 1.29208e-07 0.200267 0.914502 1.11112 0.11112 -2.19715 0.0584878 
11 2200 5 0.276339 0.00012574 7.02493 0.222274 1.43626e-07 0.20026 0.914706 1.11137 0.111368 -2.19492 0.061285 
11 2300 5 0.288913 0.00012574 7.02493 0.222276 1.12653e-07 0.200257 0.914716 1.11138 0.11138 -2.19481 0.0640766 
11 2400 5 0.301487 0.00012574 7.02493 0.222323 6.4504e-08 0.200253 0.91491 1.11162 0.111616 -2.19269 0.0668722 
11 2500 5 0.314061 0.00012574 7.02493 0.22238 -1.15141e-07 0.200249 0.915146 1.1119 0.111902 -2.19013 0.0696723 
11 2600 6 0.326538 0.00012574 7.02493 0.222382 -9.90572e-08 0.200246 0.915153 1.11191 0.111911 -2.19005 0.0724702 
11 2700 6 0.339113 0.00012574 7.02493 0.222447 -1.4637e-08 0.200242 0.915418 1.11223 0.112233 -2.18718 0.0752699 
11 2800 6 0.351687 0.00012574 7.02493 0.222458 -6.57361e-08 0.20024 0.915466 1.11229 0.112291 -2.18666 0.0780695 
11 2900 6 0.364261 0.00012574 7.02493 0.222471 -6.34588e-08 0.200236 0.915517 1.11235 0.112353 -2.18611 0.0808609 
11 3000 6 0.376835 0.00012574 7.02493 0.222501 -6.18277e-08 0.200234 0.915643 1.11251 0.112506 -2.18475 0.0836529 
11 3100 6 0.389409 0.00012574 7.02493 0.222508 -3.03337e-08 0.20023 0.915671 1.11254 0.11254 -2.18445 0.0864495 
11 3200 7 0.401886 0.00012574 7.02493 0.22255 -1.21133e-08 0.200228 0.915844 1.11275 0.112751 -2.18258 0.0892469 
11 3300 7 0.41446 0.00012574 7.02493 0.222541 -7.21228e-08 0.200226 0.915808 1.11271 0.112707 -2.18297 0.092046 
11 3400 7 0.427034 0.00012574 7.02493 0.222537 5.79955e-10 0.200223 0.915789 1.11268 0.112684 -2.18317 0.0948437 
11 3500 7 0.439608 0.00012574 7.02493 0.222593 5.27018e-08 0.20022 0.916022 1.11297 0.112967 -2.18066 0.097642 
11 3600 7 0.452182 0.00012574 7.02493 0.222571 3.12384e-08 0.200219 0.915931 1.11286 0.112856 -2.18165 0.100443 
11 3700 7 0.464756 0.00012574 7.02493 0.2226 7.98643e-08 0.200216 0.916049 1.113 0.113 -2.18037 0.103245 
11 3800 7 0.47733 0.00012574 7.02493 0.222611 1.44048e-07 0.200216 0.916095 1.11305 0.113055 -2.17988 0.106047 
11 3900 8 0.489808 0.00012574 7.02493 0.222652 5.18155e-08 0.200215 0.916264 1.11326 0.113261 -2.17806 0.108853 
11 4000 8 0.502382 0.00012574 7.02493 0.222622 9.836e-08 0.200214 0.916139 1.11311 0.113109 -2.17941 0.11165 
11 4100 8 0.514956 0.00012574 7.02493 0.222657 1.339e-07 0.200214 0.916283 1.11328 0.113284 -2.17786 0.114443 
11 4200 8 0.52753 0.00012574 7.02493 0.222704 -7.35325e-08 0.200212 0.916479 1.11352 0.113522 -2.17576 0.117239 
11 4300 8 0.540104 0.00012574 7.02493 0.222712 -3.38368e-08 0.20021 0.916512 1.11356 0.113562 -2.1754 0.120039 
11 4400 8 0.552678 0.00012574 7.02493 0.222707 2.38578e-06 0.20021 0.916491 1.11354 0.113536 -2.17563 0.12284 
11 4500 9 0.565155 0.00012574 7.02493 0.222717 1.48749e-06 0.200209 0.916531 1.11359 0.113586 -2.1752 0.125641 
11 4600 9 0.577729 0.00012574 7.02493 0.222701 7.83989e-07 0.200209 0.916465 1.11351 0.113506 -2.1759 0.128447 
11 4700 9 0.590303 0.00012574 7.02493 0.222724 -6.75682e-08 0.200208 0.916559 1.11362 0.113619 -2.1749 0.131244 
11 4800 9 0.602877 0.00012574 7.02493 0.222749 -1.90874e-07 0.200206 0.916662 1.11374 0.113744 -2.1738 0.134049 
11 4900 9 0.615451 0.00012574 7.02493 0.222726 -4.74421e-08 0.200206 0.916567 1.11363 0.113629 -2.17481 0.136853 
11 5000 9 0.628026 0.00012574 7.02493 0.222764 -1.46563e-07 0.200205 0.916725 1.11382 0.113821 -2.17313 0.139654 
11 5100 10 0.640503 0.00012574 7.02493 0.222729 -1.16886e-07 0.200205 0.916582 1.11365 0.113647 -2.17466 0.142458 
11 5200 10 0.653077 0.00012574 7.02493 0.222799 1.00502e-07 0.200204 0.916868 1.11399 0.113995 -2.1716 0.145256 
11 5300 10 0.665651 0.00012574 7.02493 0.222755 1.86417e-07 0.200203 0.916686 1.11377 0.113773 -2.17355 0.148057 
11 5400 10 0.678225 0.00012574 7.02493 0.222812 6.24933e-08 0.200203 0.916923 1.11406 0.114061 -2.17102 0.150856 
11 5500 10 0.690799 0.00012574 7.02493 0.222775 -1.73209e-08 0.200203 0.916769 1.11387 0.113874 -2.17266 0.153656 
11 5600 10 0.703373 0.00012574 7.02493 0.222798 -6.87689e-08 0.200202 0.916863 1.11399 0.113988 -2.17166 0.156457 
11 5700 10 0.715947 0.00012574 7.02493 0.222784 -9.3902e-08 0.200203 0.916806 1.11392 0.113919 -2.17227 0.159255 
11 5800 11 0.728425 0.00012574 7.02493 0.222765 -2.69731e-07 0.200201 0.916727 1.11382 0.113824 -2.1731 0.162054 
11 5900 11 0.740999 0.00012574 7.02493 0.222806 -8.7351e-08 0.200201 0.916899 1.11403 0.114032 -2.17127 0.164856 
11 6000 11 0.753573 0.00012574 7.02493 0.222783 -2.02094e-07 0.200201 0.916802 1.11391 0.113914 -2.17231 0.167662 
11 6100 11 0.766147 0.00012574 7.02493 0.222803 1.87823e-07 0.200201 0.916886 1.11402 0.114017 -2.17141 0.170473 
11 6200 11 0.778721 0.00012574 7.02493 0.222812 9.25866e-08 0.2002 0.916922 1.11406 0.114061 -2.17102 0.173281 
11 6300 11 0.791295 0.00012574 7.02493 0.222782 9.33137e-09 0.2002 0.916798 1.11391 0.113909 -2.17235 0.176077 
11 6400 12 0.803772 0.00012574 7.02493 0.222783 2.88259e-08 0.200199 0.916801 1.11391 0.113914 -2.17231 0.178869 
11 6500 12 0.816346 0.00012574 7.02493 0.222807 3.14935e-08 0.200199 0.9169 1.11403 0.114033 -2.17127 0.181671 
11 6600 12 0.82892 0.00012574 7.02493 0.222809 -2.78566e-08 0.200199 0.916908 1.11404 0.114043 -2.17118 0.184467 
11 6700 12 0.841494 0.00012574 7.02493 0.222809 -1.18763e-07 0.200199 0.91691 1.11405 0.114045 -2.17116 0.187266 
11 6800 12 0.854068 0.00012574 7.02493 0.22282 -1.55412e-07 0.200199 0.916953 1.1141 0.114098 -2.1707 0.19007 
11 6900 12 0.866642 0.00012574 7.02493 0.222842 -1.21113e-07 0.200199 0.917044 1.11421 0.114208 -2.16973 0.192876 
11 7000 12 0.879216 0.00012574 7.02493 0.222846 -5.22076e-08 0.200199 0.917062 1.11423 0.114231 -2.16954 0.195682 
11 7100 13 0.891694 0.00012574 7.02493 0.222819 -2.6637e-08 0.200199 0.91695 1.11409 0.114095 -2.17073 0.198486 
11 7200 13 0.904268 0.00012574 7.02493 0.222862 6.61529e-08 0.2002 0.917129 1.11431 0.114312 -2.16882 0.201292 
11 7300 13 0.916842 0.00012574 7.02493 0.222853 -1.11567e-07 0.2002 0.91709 1.11426 0.114265 -2.16924 0.204096 
11 7400 13 0.929416 0.00012574 7.02493 0.22285 -9.28928e-08 0.2002 0.917077 1.11425 0.114249 -2.16938 0.206897 
11 7500 13 0.94199 0.00012574 7.02493 0.222863 4.99916e-09 0.200199 0.91713 1.11431 0.114313 -2.16881 0.209691 
11 7600 13 0.954564 0.00012574 7.02493 0.222854 1.09765e-07 0.200199 0.917093 1.11427 0.114269 -2.1692 0.212489 
11 7700 14 0.967041 0.00012574 7.02493 0.222882 -8.73495e-08 0.200199 0.917209 1.11441 0.114409 -2.16798 0.215291 
11 7800 14 0.979615 0.00012574 7.02493 0.222841 3.47678e-07 0.2002 0.917042 1.11421 0.114206 -2.16975 0.218095 
11 7900 14 0.99219 0.00012574 7.02493 0.222859 6.31547e-07 0.200199 0.917116 1.1143 0.114296 -2.16896 0.220902 
11 8000 14 1.00476 0.00012574 7.02493 0.222897 -2.37087e-07 0.2002 0.917272 1.11448 0.114485 -2.16731 0.223699 
11 8100 14 1.01734 0.00012574 7.02493 0.222896 -1.55884e-07 0.200199 0.917266 1.11448 0.114478 -2.16737 0.226503 
11 8200 14 1.02991 0.00012574 7.02493 0.222884 -6.55476e-08 0.200199 0.91722 1.11442 0.114422 -2.16786 0.22931 
11 8300 15 1.04239 0.00012574 7.02493 0.222886 5.17715e-07 0.200201 0.917226 1.11443 0.11443 -2.16779 0.232117 
11 8400 15 1.05496 0.00012574 7.02493 0.222924 9.34704e-08 0.2002 0.917381 1.11462 0.114618 -2.16615 0.234922 
11 8500 15 1.06754 0.00012574 7.02493 0.22291 4.21187e-08 0.200201 0.917324 1.11455 0.114549 -2.16676 0.237722 
11 8600 15 1.08011 0.00012574 7.02493 0.222948 3.61546e-07 0.200202 0.917481 1.11474 0.114739 -2.1651 0.240524 
11 8700 15 1.09269 0.00012574 7.02493 0.222931 3.92303e-07 0.200202 0.917412 1.11466 0.114655 -2.16583 0.243329 
11 8800 15 1.10526 0.00012574 7.02493 0.222954 -9.54754e-07 0.200202 0.917507 1.11477 0.114771 -2.16482 0.246133 
11 8900 15 1.11783 0.00012574 7.02493 0.222925 -1.13951e-06 0.200203 0.917385 1.11462 0.114623 -2.1661 0.248936 
11 9000 16 1.13031 0.00012574 7.02493 0.222952 -8.03471e-07 0.200202 0.917497 1.11476 0.114759 -2.16492 0.25174 
11 9100 16 1.14288 0.00012574 7.02493 0.222933 1.08539e-06 0.200203 0.91742 1.11467 0.114665 -2.16574 0.254538 
11 9200 16 1.15546 0.00012574 7.02493 0.222954 1.09728e-06 0.200203 0.917508 1.11477 0.114772 -2.16481 0.257342 
11 9300 16 1.16803 0.00012574 7.02493 0.222961 1.51562e-08 0.200203 0.917534 1.1148 0.114804 -2.16453 0.26015 
11 9400 16 1.18061 0.00012574 7.02493 0.222974 3.18364e-07 0.200203 0.917588 1.11487 0.114869 -2.16396 0.26295 
11 9500 16 1.19318 0.00012574 7.02493 0.222973 3.08133e-07 0.200204 0.917585 1.11487 0.114866 -2.16399 0.265762 
11 9600 17 1.20566 0.00012574 7.02493 0.222972 9.40752e-07 0.200202 0.917582 1.11486 0.114862 -2.16403 0.268569 
11 9700 17 1.21823 0.00012574 7.02493 0.222966 -1.40155e-07 0.200204 0.917557 1.11483 0.114831 -2.16429 0.271365 
11 9800 17 1.23081 0.00012574 7.02493 0.222967 -3.90472e-07 0.200204 0.91756 1.11484 0.114836 -2.16425 0.274171 
11 9900 17 1.24338 0.00012574 7.02493 0.223019 -5.88054e-07 0.200203 0.917773 1.11509 0.115094 -2.16201 0.276972 
11 10000 17 1.25595 0.00012574 7.02493 0.222987 2.45479e-07 0.200204 0.917642 1.11494 0.114935 -2.16338 0.279772 
11 10100 17 1.26853 0.00012574 7.02493 0.222997 1.6861e-07 0.200204 0.917682 1.11498 0.114984 -2.16296 0.282577 
11 10200 18 1.28101 0.00012574 7.02493 0.223033 -8.60344e-07 0.200204 0.917832 1.11517 0.115166 -2.16138 0.285381 
11 10300 18 1.29358 0.00012574 7.02493 0.223018 1.0936e-06 0.200207 0.917769 1.11509 0.115089 -2.16205 0.288186 
11 10400 18 1.30615 0.00012574 7.02493 0.223057 2.26346e-08 0.200205 0.91793 1.11528 0.115285 -2.16035 0.290993 
11 10500 18 1.31873 0.00012574 7.02493 0.22306 4.97347e-07 0.200205 0.917944 1.1153 0.115302 -2.1602 0.293801 
11 10600 18 1.3313 0.00012574 7.02493 0.223057 -1.26468e-07 0.200205 0.917928 1.11528 0.115283 -2.16037 0.296608 
11 10700 18 1.34388 0.00012574 7.02493 0.223068 5.01447e-07 0.200206 0.917975 1.11534 0.115339 -2.15988 0.299421 
11 10800 18 1.35645 0.00012574 7.02493 0.223055 -4.71083e-08 0.200205 0.91792 1.11527 0.115273 -2.16045 0.302221 
11 10900 19 1.36893 0.00012574 7.02493 0.223069 4.96205e-07 0.200208 0.917978 1.11534 0.115344 -2.15984 0.305017 
11 11000 19 1.3815 0.00012574 7.02493 0.223082 2.00583e-07 0.200206 0.918033 1.11541 0.11541 -2.15927 0.30782 
11 11100 19 1.39408 0.00012574 7.02493 0.223062 -9.94842e-08 0.200207 0.917952 1.11531 0.115312 -2.16012 0.310622 
11 11200 19 1.40665 0.00012574 7.02493 0.223107 2.62454e-07 0.200206 0.918135 1.11553 0.115534 -2.15819 0.313428 
11 11300 19 1.41922 0.00012574 7.02493 0.223126 -2.2522e-07 0.200207 0.918213 1.11563 0.115629 -2.15737 0.316233 
11 11400 19 1.4318 0.00012574 7.02493 0.223117 7.0457e-07 0.200208 0.918175 1.11558 0.115583 -2.15777 0.31904 
11 11500 20 1.44428 0.00012574 7.02493 0.22312 9.39529e-07 0.200209 0.918191 1.1156 0.115602 -2.1576 0.321853 
11 11600 20 1.45685 0.00012574 7.02493 0.223118 -7.89726e-07 0.200207 0.918181 1.11559 0.11559 -2.15771 0.324664 
11 11700 20 1.46942 0.00012574 7.02493 0.223153 -1.70215e-06 0.200208 0.918327 1.11577 0.115767 -2.15618 0.327472 
11 11800 20 1.482 0.00012574 7.02493 0.223158 -1.82699e-06 0.200208 0.918346 1.11579 0.11579 -2.15597 0.330271 
11 11900 20 1.49457 0.00012574 7.02493 0.223168 -1.56832e-06 0.200207 0.918388 1.11584 0.115842 -2.15553 0.333077 
11 12000 20 1.50715 0.00012574 7.02493 0.223166 -1.52754e-06 0.200209 0.918379 1.11583 0.11583 -2.15563 0.335881 
11 12100 20 1.51972 0.00012574 7.02493 0.223198 -1.22296e-06 0.20021 0.918509 1.11599 0.115988 -2.15427 0.33868 
11 12200 21 1.5322 0.00012574 7.02493 0.223193 -1.71509e-06 0.200209 0.918492 1.11597 0.115967 -2.15445 0.341486 
11 12300 21 1.54477 0.00012574 7.02493 0.223224 -5.79398e-07 0.200209 0.918616 1.11612 0.116119 -2.15314 0.344298 
11 12400 21 1.55734 0.00012574 7.02493 0.223214 -1.20123e-07 0.20021 0.918578 1.11607 0.116072 -2.15354 0.347109 
11 12500 21 1.56992 0.00012574 7.02493 0.223222 2.8034e-07 0.20021 0.918609 1.11611 0.11611 -2.15322 0.349911 
11 12600 21 1.58249 0.00012574 7.02493 0.223199 7.60762e-07 0.200212 0.918513 1.11599 0.115994 -2.15422 0.352723 
11 12700 21 1.59507 0.00012574 7.02493 0.223225 2.70802e-06 0.20021 0.91862 1.11612 0.116123 -2.15311 0.35553 
11 12800 22 1.60754 0.00012574 7.02493 0.223246 4.06857e-06 0.20021 0.918706 1.11623 0.116228 -2.15221 0.358337 
11 12900 22 1.62012 0.00012574 7.02493 0.223245 4.19465e-06 0.200211 0.918703 1.11622 0.116224 -2.15224 0.361147 
11 13000 22 1.63269 0.00012574 7.02493 0.223259 3.35172e-06 0.200211 0.91876 1.11629 0.116293 -2.15164 0.363952 
11 13100 22 1.64527 0.00012574 7.02493 0.223281 7.32088e-06 0.20021 0.918854 1.11641 0.116407 -2.15066 0.366754 
11 13200 22 1.65784 0.00012574 7.02493 0.223294 -2.43232e-07 0.200213 0.918905 1.11647 0.116469 -2.15013 0.36956 
11 13300 22 1.67041 0.00012574 7.02493 0.223303 -1.01348e-06 0.200212 0.918944 1.11652 0.116517 -2.14972 0.372369 
11 13400 23 1.68289 0.00012574 7.02493 0.223299 -3.89641e-06 0.200212 0.918926 1.11649 0.116495 -2.14991 0.375178 
11 13500 23 1.69547 0.00012574 7.02493 0.2233 -2.99395e-06 0.200213 0.918928 1.1165 0.116498 -2.14988 0.377987 
11 13600 23 1.70804 0.00012574 7.02493 0.223328 -1.78814e-08 0.200213 0.919046 1.11664 0.116641 -2.14866 0.38079 
11 13700 23 1.72061 0.00012574 7.02493 0.223348 -2.37385e-06 0.200213 0.919127 1.11674 0.116739 -2.14781 0.383604 
11 13800 23 1.73319 0.00012574 7.02493 0.223348 -1.431e-06 0.200216 0.919127 1.11674 0.116739 -2.14781 0.386415 
11 13900 23 1.74576 0.00012574 7.02493 0.223354 -4.5768e-07 0.200214 0.919154 1.11677 0.116772 -2.14753 0.389223 
11 14000 23 1.75834 0.00012574 7.02493 0.223369 -1.30181e-07 0.200214 0.919214 1.11684 0.116845 -2.14691 0.392032 
11 14100 24 1.77081 0.00012574 7.02493 0.223384 1.01751e-06 0.200214 0.919277 1.11692 0.116921 -2.14626 0.394843 
11 14200 24 1.78339 0.00012574 7.02493 0.223388 1.27393e-06 0.200213 0.919292 1.11694 0.11694 -2.14609 0.397651 
11 14300 24 1.79596 0.00012574 7.02493 0.223411 1.61564e-06 0.200214 0.919387 1.11706 0.117055 -2.14511 0.400459 
11 14400 24 1.80854 0.00012574 7.02493 0.22341 -3.99217e-06 0.200215 0.919383 1.11705 0.117051 -2.14515 0.403265 
11 14500 24 1.82111 0.00012574 7.02493 0.223437 1.29204e-06 0.200214 0.919493 1.11718 0.117184 -2.14401 0.406073 
11 14600 24 1.83368 0.00012574 7.02493 0.223438 1.27502e-07 0.200214 0.919499 1.11719 0.117191 -2.14395 0.408884 
11 14700 25 1.84616 0.00012574 7.02493 0.223451 4.4783e-07 0.200215 0.919553 1.11726 0.117257 -2.14339 0.411693 
11 14800 25 1.85874 0.00012574 7.02493 0.223444 2.24182e-07 0.200214 0.919524 1.11722 0.117221 -2.14369 0.4145 
11 14900 25 1.87131 0.00012574 7.02493 0.223467 1.403e-06 0.200216 0.919617 1.11733 0.117334 -2.14273 0.417314 
11 15000 25 1.88388 0.00012574 7.02493 0.223481 -3.02879e-06 0.200217 0.919677 1.11741 0.117407 -2.14211 0.420124 
11 15100 25 1.89646 0.00012574 7.02493 0.223494 -7.03091e-08 0.200215 0.919729 1.11747 0.117471 -2.14156 0.422937 
11 15200 25 1.90903 0.00012574 7.02493 0.22348 7.55837e-07 0.200216 0.919671 1.1174 0.117401 -2.14216 0.425754 
11 15300 26 1.92151 0.00012574 7.02493 0.223506 3.93075e-07 0.200215 0.919779 1.11753 0.117532 -2.14105 0.428561 
11 15400 26 1.93408 0.00012574 7.02493 0.223519 5.04635e-07 0.200215 0.919832 1.1176 0.117596 -2.1405 0.431367 
11 15500 26 1.94666 0.00012574 7.02493 0.223531 5.56888e-07 0.200217 0.91988 1.11765 0.117654 -2.14001 0.434172 
11 15600 26 1.95923 0.00012574 7.02493 0.223543 -2.20048e-07 0.200217 0.91993 1.11771 0.117714 -2.13949 0.436983 
11 15700 26 1.97181 0.00012574 7.02493 0.223548 -2.70655e-08 0.200217 0.919951 1.11774 0.11774 -2.13927 0.439798 
11 15800 26 1.98438 0.00012574 7.02493 0.223549 4.02028e-07 0.200217 0.919954 1.11774 0.117745 -2.13924 0.442608 
11 15900 26 1.99695 0.00012574 7.02493 0.223574 2.72027e-07 0.200216 0.920058 1.11787 0.117871 -2.13816 0.445415 
11 16000 27 2.00943 0.00012574 7.02493 0.223606 3.36513e-07 0.200217 0.92019 1.11803 0.11803 -2.13681 0.448233 
11 16100 27 2.022 0.00012574 7.02493 0.22361 1.18595e-06 0.200219 0.920205 1.11805 0.118049 -2.13666 0.451046 
11 16200 27 2.03458 0.00012574 7.02493 0.223615 -2.15371e-06 0.200217 0.920226 1.11807 0.118075 -2.13644 0.453864 
11 16300 27 2.04715 0.00012574 7.02493 0.223625 -5.30407e-07 0.200217 0.920269 1.11813 0.118127 -2.13599 0.45668 
11 16400 27 2.05973 0.00012574 7.02493 0.22362 -1.05521e-06 0.200218 0.920248 1.1181 0.118101 -2.13622 0.459488 
11 16500 27 2.0723 0.00012574 7.02493 0.22363 -1.63762e-06 0.200217 0.920287 1.11815 0.118149 -2.13581 0.462295 
11 16600 28 2.08478 0.00012574 7.02493 0.223656 -1.92237e-06 0.200217 0.920394 1.11828 0.118279 -2.13471 0.465105 
11 16700 28 2.09735 0.00012574 7.02493 0.223661 -3.83753e-07 0.200219 0.920415 1.1183 0.118305 -2.13449 0.467915 
11 16800 28 2.10993 0.00012574 7.02493 0.223681 -8.11828e-07 0.200217 0.920497 1.1184 0.118404 -2.13365 0.470728 
11 16900 28 2.1225 0.00012574 7.02493 0.2237 5.79567e-07 0.200218 0.920575 1.1185 0.118498 -2.13286 0.473541 
11 17000 28 2.13507 0.00012574 7.02493 0.223724 8.65818e-07 0.200218 0.920676 1.11862 0.118621 -2.13182 0.476351 
11 17100 28 2.14765 0.00012574 7.02493 0.223736 -7.75334e-07 0.200218 0.920723 1.11868 0.118679 -2.13133 0.479174 
11 17200 29 2.16013 0.00012574 7.02493 0.223744 -2.50109e-06 0.200219 0.920758 1.11872 0.118721 -2.13098 0.481989 
11 17300 29 2.1727 0.00012574 7.02493 0.223745 -4.26946e-07 0.20022 0.920762 1.11873 0.118726 -2.13094 0.484803 
11 17400 29 2.18527 0.00012574 7.02493 0.223771 -1.03736e-06 0.200219 0.92087 1.11886 0.118857 -2.12984 0.487614 
11 17500 29 2.19785 0.00012574 7.02493 0.223798 -5.76057e-07 0.200219 0.920979 1.11899 0.118989 -2.12872 0.490433 
11 17600 29 2.21042 0.00012574 7.02493 0.223795 -1.15497e-07 0.20022 0.920966 1.11897 0.118973 -2.12886 0.493241 
11 17700 29 2.223 0.00012574 7.02493 0.223801 -2.61813e-08 0.20022 0.920993 1.11901 0.119006 -2.12858 0.496051 
11 17800 29 2.23557 0.00012574 7.02493 0.223823 4.65942e-08 0.200222 0.921081 1.11911 0.119113 -2.12768 0.498864 
11 17900 30 2.24805 0.00012574 7.02493 0.223846 2.18819e-06 0.200222 0.921176 1.11923 0.119229 -2.12671 0.501676 
11 18000 30 2.26062 0.00012574 7.02493 0.22387 3.07738e-06 0.200221 0.921274 1.11935 0.119348 -2.12571 0.504494 
11 18100 30 2.2732 0.00012574 7.02493 0.22385 3.23313e-06 0.200222 0.921193 1.11925 0.11925 -2.12653 0.507311 
11 18200 30 2.28577 0.00012574 7.02493 0.223852 -2.62926e-06 0.200222 0.921203 1.11926 0.119261 -2.12644 0.510133 
11 18300 30 2.29834 0.00012574 7.02493 0.223881 -8.38265e-06 0.200222 0.921321 1.1194 0.119405 -2.12524 0.512947 
11 18400 30 2.31092 0.00012574 7.02493 0.223876 -3.53851e-06 0.200223 0.921301 1.11938 0.119381 -2.12543 0.515759 
11 18500 31 2.32339 0.00012574 7.02493 0.223932 1.38577e-07 0.200222 0.92153 1.11966 0.119659 -2.12311 0.518576 
11 18600 31 2.33597 0.00012574 7.02493 0.223933 7.10817e-07 0.200221 0.921536 1.11967 0.119666 -2.12305 0.521399 
11 18700 31 2.34854 0.00012574 7.02493 0.223936 1.07791e-06 0.200221 0.921549 1.11968 0.119682 -2.12292 0.524205 
11 18800 31 2.36112 0.00012574 7.02493 0.223952 -7.06171e-07 0.200222 0.921613 1.11976 0.11976 -2.12227 0.527017 
11 18900 31 2.37369 0.00012574 7.02493 0.223977 4.8212e-08 0.200223 0.921717 1.11989 0.119887 -2.12121 0.529833 
11 19000 31 2.38627 0.00012574 7.02493 0.223987 -5.91414e-07 0.200224 0.921755 1.11993 0.119933 -2.12082 0.532648 
11 19100 31 2.39884 0.00012574 7.02493 0.224001 -8.68452e-07 0.200223 0.921815 1.12001 0.120005 -2.12022 0.535469 
11 19200 32 2.41132 0.00012574 7.02493 0.224009 -2.85763e-06 0.200223 0.921846 1.12004 0.120043 -2.11991 0.538288 
11 19300 32 2.42389 0.00012574 7.02493 0.224024 -2.89073e-06 0.200224 0.921909 1.12012 0.120119 -2.11927 0.541102 
11 19400 32 2.43646 0.00012574 7.02493 0.224034 9.94574e-07 0.200224 0.92195 1.12017 0.120169 -2.11886 0.543921 
11 19500 32 2.44904 0.00012574 7.02493 0.224055 1.50355e-06 0.200225 0.922037 1.12027 0.120275 -2.11798 0.546739 
11 19600 32 2.46161 0.00012574 7.02493 0.224065 5.31186e-07 0.200225 0.92208 1.12033 0.120327 -2.11754 0.549561 
11 19700 32 2.47419 0.00012574 7.02493 0.224078 1.1056e-06 0.200224 0.92213 1.12039 0.120389 -2.11703 0.552379 
11 19800 33 2.48666 0.00012574 7.02493 0.224114 1.01216e-06 0.200224 0.922279 1.12057 0.120568 -2.11554 0.555193 
11 19900 33 2.49924 0.00012574 7.02493 0.22415 4.20444e-07 0.200223 0.922427 1.12075 0.120749 -2.11404 0.558007 
11 20000 33 2.51181 0.00012574 7.02493 0.224156 4.24306e-07 0.200223 0.922453 1.12078 0.120781 -2.11378 0.560823 
11 20100 33 2.52439 0.00012574 7.02493 0.22414 1.66019e-06 0.200225 0.922386 1.1207 0.120699 -2.11446 0.563646 
11 20200 33 2.53696 0.00012574 7.02493 0.224168 1.7044e-06 0.200225 0.9225 1.12084 0.120838 -2.11331 0.566465 
11 20300 33 2.54953 0.00012574 7.02493 0.224171 1.09515e-06 0.200224 0.922516 1.12086 0.120857 -2.11315 0.569285 
11 20400 34 2.56201 0.00012574 7.02493 0.224173 1.50453e-06 0.200224 0.922522 1.12086 0.120865 -2.11308 0.572098 
11 20500 34 2.57459 0.00012574 7.02493 0.224205 1.94519e-06 0.200224 0.922653 1.12102 0.121023 -2.11177 0.574923 
11 20600 34 2.58716 0.00012574 7.02493 0.224203 -9.48447e-07 0.200225 0.922645 1.12101 0.121014 -2.11185 0.577744 
11 20700 34 2.59973 0.00012574 7.02493 0.224195 1.46456e-06 0.200227 0.922615 1.12098 0.120977 -2.11216 0.580563 
11 20800 34 2.61231 0.00012574 7.02493 0.224235 8.21446e-07 0.200225 0.922779 1.12118 0.121176 -2.11051 0.583384 
11 20900 34 2.62488 0.00012574 7.02493 0.224267 5.22787e-07 0.200224 0.922909 1.12133 0.121334 -2.1092 0.586205 
11 21000 34 2.63746 0.00012574 7.02493 0.224283 8.91284e-07 0.200224 0.922975 1.12141 0.121414 -2.10855 0.589023 
11 21100 35 2.64993 0.00012574 7.02493 0.224297 1.02889e-06 0.200224 0.923034 1.12149 0.121487 -2.10795 0.591841 
11 21200 35 2.66251 0.00012574 7.02493 0.224301 1.44822e-06 0.200226 0.923049 1.1215 0.121505 -2.1078 0.594661 
11 21300 35 2.67508 0.00012574 7.02493 0.224294 -3.47609e-07 0.200226 0.923022 1.12147 0.121472 -2.10807 0.597481 
11 21400 35 2.68766 0.00012574 7.02493 0.224317 1.40749e-07 0.200227 0.923115 1.12158 0.121584 -2.10715 0.600303 
11 21500 35 2.70023 0.00012574 7.02493 0.224346 8.73008e-07 0.200226 0.923236 1.12173 0.121732 -2.10593 0.603122 
11 21600 35 2.7128 0.00012574 7.02493 0.224345 1.96909e-06 0.200226 0.923231 1.12173 0.121726 -2.10599 0.605947 
11 21700 36 2.72528 0.00012574 7.02493 0.224362 -5.20016e-07 0.200226 0.923301 1.12181 0.12181 -2.10529 0.608766 
11 21800 36 2.73786 0.00012574 7.02493 0.224388 -6.51511e-08 0.200227 0.923409 1.12194 0.121942 -2.10421 0.611588 
11 21900 36 2.75043 0.00012574 7.02493 0.224415 -1.21034e-06 0.200227 0.92352 1.12208 0.122077 -2.10311 0.614412 
11 22000 36 2.763 0.00012574 7.02493 0.224439 -7.80977e-07 0.200226 0.923619 1.1222 0.122197 -2.10212 0.617242 
11 22100 36 2.77558 0.00012574 7.02493 0.224442 4.24295e-07 0.200226 0.923628 1.12221 0.122208 -2.10203 0.620058 
11 22200 36 2.78815 0.00012574 7.02493 0.224448 -8.94451e-07 0.200226 0.923656 1.12224 0.122242 -2.10176 0.622877 
11 22300 37 2.80063 0.00012574 7.02493 0.224473 -2.36476e-07 0.200226 0.923756 1.12236 0.122363 -2.10076 0.625694 
11 22400 37 2.8132 0.00012574 7.02493 0.22449 -5.58912e-07 0.200228 0.923826 1.12245 0.122448 -2.10007 0.628519 
11 22500 37 2.82578 0.00012574 7.02493 0.224511 8.80822e-07 0.200228 0.923912 1.12255 0.122553 -2.09921 0.631343 
11 22600 37 2.83835 0.00012574 7.02493 0.224525 7.79788e-07 0.200227 0.923971 1.12262 0.122625 -2.09863 0.634166 
11 22700 37 2.85092 0.00012574 7.02493 0.224542 2.67619e-06 0.200227 0.924042 1.12271 0.122711 -2.09792 0.636991 
11 22800 37 2.8635 0.00012574 7.02493 0.224544 1.8566e-06 0.200227 0.924049 1.12272 0.12272 -2.09785 0.639814 
11 22900 37 2.87607 0.00012574 7.02493 0.224565 2.53555e-06 0.200227 0.924134 1.12282 0.122823 -2.09701 0.64264 
11 23000 38 2.88855 0.00012574 7.02493 0.224571 1.25028e-06 0.200228 0.924162 1.12286 0.122857 -2.09674 0.645468 
11 23100 38 2.90112 0.00012574 7.02493 0.224591 2.96284e-07 0.200228 0.924242 1.12295 0.122955 -2.09594 0.648297 
11 23200 38 2.9137 0.00012574 7.02493 0.224593 1.13936e-07 0.200227 0.924249 1.12296 0.122963 -2.09588 0.651118 
11 23300 38 2.92627 0.00012574 7.02493 0.224604 6.84893e-08 0.200228 0.924296 1.12302 0.12302 -2.09541 0.653932 
11 23400 38 2.93885 0.00012574 7.02493 0.224614 -2.23061e-07 0.200227 0.924338 1.12307 0.12307 -2.095 0.656759 
11 23500 38 2.95142 0.00012574 7.02493 0.224638 7.21112e-07 0.200229 0.924436 1.12319 0.123189 -2.09403 0.659582 
11 23600 39 2.9639 0.00012574 7.02493 0.224642 -2.62574e-07 0.200229 0.924451 1.12321 0.123208 -2.09388 0.662406 
11 23700 39 2.97647 0.00012574 7.02493 0.224703 3.59402e-07 0.200228 0.924702 1.12351 0.123513 -2.09141 0.665231 
11 23800 39 2.98905 0.00012574 7.02493 0.224723 9.48397e-07 0.200227 0.924785 1.12361 0.123613 -2.0906 0.668054 
11 23900 39 3.00162 0.00012574 7.02493 0.22475 -5.14571e-07 0.200227 0.924896 1.12375 0.123749 -2.0895 0.670887 
11 24000 39 3.01419 0.00012574 7.02493 0.22475 -4.313e-07 0.200228 0.924895 1.12375 0.123748 -2.08951 0.673716 
11 24100 39 3.02677 0.00012574 7.02493 0.224762 -1.40544e-07 0.200229 0.924947 1.12381 0.123811 -2.089 0.676547 
11 24200 39 3.03934 0.00012574 7.02493 0.224775 -9.88573e-07 0.200228 0.925001 1.12388 0.123876 -2.08848 0.679374 
11 24300 40 3.05182 0.00012574 7.02493 0.224781 -6.59736e-07 0.200227 0.925024 1.1239 0.123904 -2.08825 0.682195 
11 24400 40 3.06439 0.00012574 7.02493 0.224796 2.20198e-07 0.200227 0.925088 1.12398 0.123982 -2.08762 0.685016 
11 24500 40 3.07697 0.00012574 7.02493 0.224824 3.92247e-07 0.200227 0.925201 1.12412 0.12412 -2.08651 0.687842 
11 24600 40 3.08954 0.00012574 7.02493 0.224814 4.50161e-07 0.200228 0.925162 1.12407 0.124071 -2.0869 0.690665 
11 24700 40 3.10212 0.00012574 7.02493 0.224837 -1.04386e-06 0.200229 0.925254 1.12418 0.124183 -2.086 0.693493 
11 24800 40 3.11469 0.00012574 7.02493 0.224865 -4.26058e-06 0.200228 0.925371 1.12433 0.124325 -2.08485 0.696322 
11 24900 41 3.12717 0.00012574 7.02493 0.224904 -5.00187e-06 0.200227 0.925529 1.12452 0.124518 -2.08331 0.69915 
11 25000 41 3.13974 0.00012574 7.02493 0.224909 -3.30182e-06 0.200228 0.925551 1.12454 0.124545 -2.08309 0.701986 
11 25100 41 3.15232 0.00012574 7.02493 0.224926 -6.8876e-06 0.200228 0.925623 1.12463 0.124632 -2.08239 0.704817 
11 25200 41 3.16489 0.00012574 7.02493 0.224925 -6.5182e-06 0.20023 0.925616 1.12462 0.124623 -2.08246 0.707644 
11 25300 41 3.17746 0.00012574 7.02493 0.224925 -3.80344e-06 0.20023 0.925616 1.12462 0.124623 -2.08246 0.710471 
11 25400 41 3.19004 0.00012574 7.02493 0.224984 -2.78867e-06 0.200228 0.92586 1.12492 0.12492 -2.08008 0.713302 
11 25500 42 3.20251 0.00012574 7.02493 0.224971 6.53992e-07 0.200227 0.925808 1.12486 0.124856 -2.08059 0.716124 
11 25600 42 3.21509 0.00012574 7.02493 0.224991 -3.06036e-06 0.200229 0.925889 1.12496 0.124955 -2.0798 0.718951 
11 25700 42 3.22766 0.00012574 7.02493 0.225014 -3.40575e-06 0.200228 0.925985 1.12507 0.125072 -2.07887 0.721778 
11 25800 42 3.24024 0.00012574 7.02493 0.225031 -1.18497e-06 0.200229 0.926052 1.12515 0.125153 -2.07822 0.724609 
11 25900 42 3.25281 0.00012574 7.02493 0.225071 -1.82111e-06 0.200228 0.926216 1.12535 0.125353 -2.07663 0.72744 
11 26000 42 3.26538 0.00012574 7.02493 0.225071 -4.38652e-07 0.200228 0.926217 1.12535 0.125353 -2.07662 0.730275 
11 26100 42 3.27796 0.00012574 7.02493 0.225096 -6.18526e-07 0.200228 0.926322 1.12548 0.125482 -2.0756 0.733113 
11 26200 43 3.29044 0.00012574 7.02493 0.225108 -5.58257e-07 0.200228 0.926369 1.12554 0.125538 -2.07515 0.73594 
11 26300 43 3.30301 0.00012574 7.02493 0.22513 3.46273e-09 0.200228 0.926462 1.12565 0.125652 -2.07424 0.738767 
11 26400 43 3.31558 0.00012574 7.02493 0.225142 -4.63784e-07 0.20023 0.926512 1.12571 0.125712 -2.07376 0.741599 
11 26500 43 3.32816 0.00012574 7.02493 0.225158 -8.85764e-07 0.200229 0.926576 1.12579 0.12579 -2.07314 0.744433 
11 26600 43 3.34073 0.00012574 7.02493 0.225147 -1.50177e-06 0.200229 0.92653 1.12573 0.125734 -2.07359 0.74726 
11 26700 43 3.35331 0.00012574 7.02493 0.225192 -1.85861e-06 0.20023 0.926715 1.12596 0.125959 -2.0718 0.750088 
11 26800 44 3.36578 0.00012574 7.02493 0.225212 -1.94252e-06 0.20023 0.9268 1.12606 0.126062 -2.07098 0.752917 
11 26900 44 3.37836 0.00012574 7.02493 0.225235 -1.05615e-06 0.20023 0.926892 1.12617 0.126174 -2.07009 0.755751 
11 27000 44 3.39093 0.00012574 7.02493 0.225253 -9.47157e-07 0.200231 0.926968 1.12627 0.126266 -2.06936 0.758583 
11 27100 44 3.40351 0.00012574 7.02493 0.225287 -5.15289e-07 0.20023 0.927107 1.12643 0.126435 -2.06803 0.761419 
11 27200 44 3.41608 0.00012574 7.02493 0.225273 -3.90592e-07 0.20023 0.92705 1.12637 0.126366 -2.06857 0.764247 
11 27300 44 3.42865 0.00012574 7.02493 0.225297 -6.98959e-07 0.200231 0.927146 1.12648 0.126483 -2.06765 0.767086 
11 27400 45 3.44113 0.00012574 7.02493 0.225305 -1.87686e-08 0.20023 0.927182 1.12653 0.126526 -2.06731 0.76992 
11 27500 45 3.45371 0.00012574 7.02493 0.225299 -1.84318e-07 0.200232 0.927157 1.1265 0.126496 -2.06754 0.772754 
11 27600 45 3.46628 0.00012574 7.02493 0.22532 -5.51732e-07 0.200231 0.927243 1.1266 0.126601 -2.06672 0.77559 
11 27700 45 3.47885 0.00012574 7.02493 0.225352 -2.97625e-07 0.20023 0.927374 1.12676 0.126759 -2.06547 0.778423 
11 27800 45 3.49143 0.00012574 7.02493 0.225383 -6.14726e-07 0.200229 0.927501 1.12691 0.126914 -2.06425 0.781252 
11 27900 45 3.504 0.00012574 7.02493 0.225412 -5.18506e-07 0.200229 0.92762 1.12706 0.127058 -2.06311 0.784083 
11 28000 45 3.51658 0.00012574 7.02493 0.225424 -4.17934e-07 0.200229 0.927673 1.12712 0.127122 -2.06261 0.786918 
11 28100 46 3.52905 0.00012574 7.02493 0.225431 -1.95265e-06 0.200232 0.927698 1.12715 0.127153 -2.06237 0.789753 
11 28200 46 3.54163 0.00012574 7.02493 0.225448 -2.65362e-06 0.200231 0.927769 1.12724 0.12724 -2.06168 0.792588 
11 28300 46 3.5542 0.00012574 7.02493 0.225466 -2.86021e-06 0.200231 0.927844 1.12733 0.12733 -2.06097 0.795422 
11 28400 46 3.56678 0.00012574 7.02493 0.22548 -2.28677e-06 0.200231 0.927901 1.1274 0.127399 -2.06043 0.798264 
11 28500 46 3.57935 0.00012574 7.02493 0.225486 -1.22431e-06 0.20023 0.927926 1.12743 0.12743 -2.06019 0.801098 
11 28600 46 3.59192 0.00012574 7.02493 0.225503 -8.94603e-07 0.200232 0.927996 1.12752 0.127516 -2.05952 0.803934 
11 28700 47 3.6044 0.00012574 7.02493 0.225531 -1.29461e-06 0.200231 0.928111 1.12765 0.127655 -2.05843 0.806772 
11 28800 47 3.61697 0.00012574 7.02493 0.225568 -5.95485e-07 0.20023 0.928262 1.12784 0.127839 -2.05699 0.809611 
11 28900 47 3.62955 0.00012574 7.02493 0.22559 -4.94176e-07 0.20023 0.928352 1.12795 0.127948 -2.05613 0.812442 
11 29000 47 3.64212 0.00012574 7.02493 0.225596 -1.98125e-06 0.20023 0.928379 1.12798 0.12798 -2.05588 0.815274 
11 29100 47 3.6547 0.00012574 7.02493 0.225601 -3.00578e-06 0.20023 0.928397 1.128 0.128003 -2.0557 0.81811 
11 29200 47 3.66727 0.00012574 7.02493 0.225613 1.22411e-05 0.200232 0.928449 1.12807 0.128065 -2.05522 0.820946 
11 29300 47 3.67985 0.00012574 7.02493 0.225634 6.13523e-06 0.200231 0.928534 1.12817 0.128168 -2.05441 0.823785 
11 29400 48 3.69232 0.00012574 7.02493 0.225673 1.16537e-05 0.200231 0.928694 1.12836 0.128364 -2.05289 0.826624 
11 29500 48 3.7049 0.00012574 7.02493 0.225657 1.34666e-05 0.200231 0.928629 1.12828 0.128284 -2.05351 0.829467 
11 29600 48 3.71747 0.00012574 7.02493 0.225687 8.11253e-06 0.200232 0.928753 1.12844 0.128435 -2.05233 0.832303 
11 29700 48 3.73004 0.00012574 7.02493 0.22571 6.31243e-06 0.200231 0.928846 1.12855 0.128548 -2.05145 0.835141 
11 29800 48 3.74262 0.00012574 7.02493 0.225728 2.70625e-06 0.200231 0.928921 1.12864 0.128639 -2.05075 0.837981 
11 29900 48 3.75519 0.00012574 7.02493 0.225744 9.83433e-07 0.200231 0.928986 1.12872 0.128718 -2.05013 0.840823 
11 30000 49 3.76767 0.00012574 7.02493 0.225768 -1.48563e-07 0.20023 0.929088 1.12884 0.128842 -2.04917 0.843659 
11 30100 49 3.78024 0.00012574 7.02493 0.225782 -1.09928e-06 0.20023 0.929144 1.12891 0.12891 -2.04864 0.846494 
11 30200 49 3.79282 0.00012574 7.02493 0.225809 -1.43484e-06 0.200229 0.929254 1.12904 0.129044 -2.0476 0.84933 
11 30300 49 3.80539 0.00012574 7.02493 0.225816 -1.53469e-06 0.20023 0.929283 1.12908 0.129079 -2.04733 0.85217 
11 30400 49 3.81797 0.00012574 7.02493 0.225812 -2.0179e-06 0.20023 0.929269 1.12906 0.129061 -2.04747 0.855009 
11 30500 49 3.83054 0.00012574 7.02493 0.225846 -1.91574e-06 0.20023 0.929407 1.12923 0.12923 -2.04616 0.857851 
11 30600 50 3.84302 0.00012574 7.02493 0.225822 -1.23321e-06 0.200231 0.929309 1.12911 0.129111 -2.04708 0.86069 
11 30700 50 3.85559 0.00012574 7.02493 0.225869 -2.30281e-06 0.20023 0.929504 1.12935 0.129347 -2.04525 0.863535 
11 30800 50 3.86817 0.00012574 7.02493 0.225911 -2.14301e-06 0.20023 0.929674 1.12955 0.129554 -2.04366 0.866377 
11 30900 50 3.88074 0.00012574 7.02493 0.225919 -2.37699e-06 0.200231 0.929707 1.12959 0.129594 -2.04335 0.869219 
11 31000 50 3.89331 0.00012574 7.02493 0.22592 -2.05353e-06 0.200231 0.929713 1.1296 0.129602 -2.04329 0.872062 
11 31100 50 3.90589 0.00012574 7.02493 0.225927 -4.6217e-06 0.200231 0.929739 1.12963 0.129633 -2.04305 0.874904 
11 31200 50 3.91846 0.00012574 7.02493 0.225939 -3.49169e-06 0.200231 0.92979 1.1297 0.129695 -2.04257 0.877738 
11 31300 51 3.93094 0.00012574 7.02493 0.225976 -4.89446e-06 0.200231 0.929943 1.12988 0.129881 -2.04114 0.880577 
11 31400 51 3.94351 0.00012574 7.02493 0.226007 -2.20592e-06 0.20023 0.930071 1.13004 0.130036 -2.03994 0.883418 
11 31500 51 3.95609 0.00012574 7.02493 0.226017 -1.60913e-06 0.200231 0.930111 1.13008 0.130084 -2.03957 0.88626 
11 31600 51 3.96866 0.00012574 7.02493 0.226031 -1.36409e-06 0.200231 0.93017 1.13016 0.130156 -2.03902 0.889102 
11 31700 51 3.98124 0.00012574 7.02493 0.22605 -1.83947e-06 0.200231 0.930248 1.13025 0.130251 -2.03829 0.891945 
11 31800 51 3.99381 0.00012574 7.02493 0.226103 -1.91829e-06 0.200231 0.930467 1.13052 0.130517 -2.03625 0.894793 
11 31900 52 4.00629 0.00012574 7.02493 0.226123 -2.77853e-06 0.20023 0.930549 1.13062 0.130617 -2.03549 0.897635 
11 32000 52 4.01886 0.00012574 7.02493 0.226124 -1.27828e-06 0.200231 0.930553 1.13062 0.130622 -2.03545 0.900478 
11 32100 52 4.03144 0.00012574 7.02493 0.226131 -1.99158e-06 0.200232 0.93058 1.13066 0.130655 -2.03519 0.903324 
11 32200 52 4.04401 0.00012574 7.02493 0.226153 -8.8302e-07 0.200231 0.930672 1.13077 0.130767 -2.03434 0.906171 
11 32300 52 4.05658 0.00012574 7.02493 0.226159 -1.6007e-06 0.200231 0.930695 1.13079 0.130795 -2.03412 0.909011 
11 32400 52 4.06916 0.00012574 7.02493 0.22618 -1.39357e-06 0.20023 0.930781 1.1309 0.130899 -2.03333 0.91185 
11 32500 53 4.08163 0.00012574 7.02493 0.226201 -1.98937e-06 0.20023 0.93087 1.13101 0.131007 -2.0325 0.914692 
11 32600 53 4.09421 0.00012574 7.02493 0.226209 -2.15708e-06 0.200231 0.930903 1.13105 0.131047 -2.0322 0.917537 
11 32700 53 4.10678 0.00012574 7.02493 0.226247 -1.48457e-06 0.20023 0.931058 1.13123 0.131235 -2.03077 0.920381 
11 32800 53 4.11936 0.00012574 7.02493 0.226264 -9.09314e-07 0.200231 0.931128 1.13132 0.131321 -2.03011 0.923229 
11 32900 53 4.13193 0.00012574 7.02493 0.226312 -1.07231e-06 0.200231 0.931325 1.13156 0.13156 -2.02829 0.926072 
11 33000 53 4.1445 0.00012574 7.02493 0.226309 -3.39551e-06 0.200231 0.931314 1.13155 0.131546 -2.0284 0.928924 
11 33100 53 4.15708 0.00012574 7.02493 0.226335 -3.22161e-07 0.200231 0.93142 1.13168 0.131676 -2.02741 0.931769 
11 33200 54 4.16956 0.00012574 7.02493 0.226351 -6.46328e-07 0.200231 0.931488 1.13176 0.131757 -2.02679 0.934616 
11 33300 54 4.18213 0.00012574 7.02493 0.226354 -2.04945e-06 0.200231 0.931496 1.13177 0.131768 -2.02671 0.937465 
11 33400 54 4.1947 0.00012574 7.02493 0.226387 -1.87023e-06 0.20023 0.931635 1.13194 0.131936 -2.02544 0.940311 
11 33500 54 4.20728 0.00012574 7.02493 0.226405 -1.83228e-06 0.200231 0.931706 1.13202 0.132023 -2.02478 0.943152 
11 33600 54 4.21985 0.00012574 7.02493 0.22641 -3.25131e-06 0.200231 0.931728 1.13205 0.13205 -2.02458 0.945997 
11 33700 54 4.23243 0.00012574 7.02493 0.226432 -9.28492e-06 0.20023 0.931818 1.13216 0.132159 -2.02375 0.948843 
11 33800 55 4.2449 0.00012574 7.02493 0.226447 -5.59629e-06 0.200231 0.931882 1.13224 0.132236 -2.02317 0.951691 
11 33900 55 4.25748 0.00012574 7.02493 0.226487 -4.23322e-06 0.20023 0.932047 1.13244 0.132437 -2.02165 0.954541 
11 34000 55 4.27005 0.00012574 7.02493 0.226479 -3.48969e-06 0.20023 0.932013 1.1324 0.132396 -2.02196 0.957387 
11 34100 55 4.28263 0.00012574 7.02493 0.226491 -1.71786e-07 0.20023 0.932061 1.13245 0.132455 -2.02151 0.96024 
11 34200 55 4.2952 0.00012574 7.02493 0.226527 9.36427e-07 0.20023 0.932208 1.13263 0.132633 -2.02017 0.963087 
11 34300 55 4.30777 0.00012574 7.02493 0.226536 -1.41859e-07 0.200231 0.932246 1.13268 0.132679 -2.01982 0.965937 
11 34400 56 4.32025 0.00012574 7.02493 0.226547 -1.04574e-06 0.200231 0.932291 1.13273 0.132734 -2.01941 0.968789 
11 34500 56 4.33283 0.00012574 7.02493 0.226576 -9.17056e-07 0.200231 0.932412 1.13288 0.132881 -2.0183 0.97164 
11 34600 56 4.3454 0.00012574 7.02493 0.226592 -7.03135e-07 0.200231 0.932477 1.13296 0.13296 -2.01771 0.974483 
11 34700 56 4.35797 0.00012574 7.02493 0.226598 -1.29504e-06 0.20023 0.932502 1.13299 0.132989 -2.01749 0.977329 
11 34800 56 4.37055 0.00012574 7.02493 0.226636 -1.4764e-06 0.200231 0.93266 1.13318 0.133181 -2.01604 0.980178 
11 34900 56 4.38312 0.00012574 7.02493 0.226659 -1.12379e-06 0.200231 0.932754 1.1333 0.133297 -2.01518 0.983029 
11 35000 56 4.3957 0.00012574 7.02493 0.226683 -3.71056e-06 0.20023 0.93285 1.13341 0.133413 -2.01431 0.98588 
11 35100 57 4.40817 0.00012574 7.02493 0.226672 2.82719e-06 0.20023 0.932809 1.13336 0.133362 -2.01469 0.988731 
11 35200 57 4.42075 0.00012574 7.02493 0.226695 1.64841e-06 0.200231 0.932901 1.13347 0.133475 -2.01384 0.991585 
11 35300 57 4.43332 0.00012574 7.02493 0.226709 1.22063e-06 0.20023 0.932958 1.13354 0.133544 -2.01332 0.994434 
11 35400 57 4.4459 0.00012574 7.02493 0.226752 -7.35556e-06 0.200231 0.933137 1.13376 0.133762 -2.01169 0.997287 
11 35500 57 4.45847 0.00012574 7.02493 0.22676 -1.09187e-05 0.200232 0.933168 1.1338 0.1338 -2.01141 1.00014 
11 35600 57 4.47104 0.00012574 7.02493 0.22676 -6.01274e-06 0.20023 0.933169 1.1338 0.1338 -2.01141 1.003 
11 35700 58 4.48352 0.00012574 7.02493 0.22678 -5.04759e-06 0.20023 0.933251 1.1339 0.1339 -2.01066 1.00584 
11 35800 58 4.49609 0.00012574 7.02493 0.226806 -3.26401e-06 0.200231 0.93336 1.13403 0.134032 -2.00967 1.00869 
11 35900 58 4.50867 0.00012574 7.02493 0.226852 -4.36155e-06 0.20023 0.933546 1.13426 0.134258 -2.00799 1.01154 
11 36000 58 4.52124 0.00012574 7.02493 0.226873 -3.6565e-06 0.200231 0.933634 1.13436 0.134365 -2.0072 1.01439 
11 36100 58 4.53382 0.00012574 7.02493 0.226884 -1.30802e-06 0.200231 0.93368 1.13442 0.134422 -2.00677 1.01725 
11 36200 58 4.54639 0.00012574 7.02493 0.226895 -6.38987e-08 0.200231 0.933725 1.13448 0.134476 -2.00637 1.0201 
11 36300 58 4.55896 0.00012574 7.02493 0.226912 -1.37129e-07 0.200231 0.933795 1.13456 0.13456 -2.00574 1.02295 
11 36400 59 4.57144 0.00012574 7.02493 0.226943 6.70105e-07 0.200231 0.933923 1.13472 0.134716 -2.00459 1.02581 
11 36500 59 4.58402 0.00012574 7.02493 0.22696 8.88961e-07 0.200231 0.93399 1.1348 0.134798 -2.00398 1.02866 
11 36600 59 4.59659 0.00012574 7.02493 0.226946 6.89522e-07 0.200232 0.933934 1.13473 0.134729 -2.00449 1.03152 
11 36700 59 4.60916 0.00012574 7.02493 0.226975 -6.65878e-07 0.200232 0.934052 1.13487 0.134874 -2.00342 1.03438 
11 36800 59 4.62174 0.00012574 7.02493 0.226985 -1.49382e-06 0.200231 0.934096 1.13493 0.134926 -2.00303 1.03723 
11 36900 59 4.63431 0.00012574 7.02493 0.227036 -1.39915e-06 0.20023 0.934304 1.13518 0.135179 -2.00116 1.04008 
11 37000 60 4.64679 0.00012574 7.02493 0.22705 -1.08125e-06 0.200231 0.934363 1.13525 0.135252 -2.00062 1.04293 
11 37100 60 4.65936 0.00012574 7.02493 0.227088 -8.43771e-07 0.200231 0.934516 1.13544 0.135438 -1.99924 1.04579 
11 37200 60 4.67194 0.00012574 7.02493 0.227071 7.03085e-07 0.200232 0.934447 1.13535 0.135353 -1.99987 1.04864 
11 37300 60 4.68451 0.00012574 7.02493 0.227112 -1.34448e-06 0.200231 0.934618 1.13556 0.135561 -1.99833 1.0515 
11 37400 60 4.69709 0.00012574 7.02493 0.227127 -9.41697e-07 0.200232 0.934677 1.13563 0.135633 -1.99781 1.05435 
11 37500 60 4.70966 0.00012574 7.02493 0.227142 -5.73139e-07 0.200232 0.934739 1.13571 0.135708 -1.99725 1.05722 
11 37600 61 4.72214 0.00012574 7.02493 0.227153 -9.25332e-07 0.200231 0.934785 1.13576 0.135763 -1.99684 1.06007 
11 37700 61 4.73471 0.00012574 7.02493 0.227171 -2.50188e-06 0.200233 0.934861 1.13586 0.135856 -1.99616 1.06293 
11 37800 61 4.74729 0.00012574 7.02493 0.227191 1.0487e-06 0.200232 0.934942 1.13595 0.135955 -1.99543 1.06579 
11 37900 61 4.75986 0.00012574 7.02493 0.227246 -1.02398e-06 0.200231 0.935167 1.13623 0.136228 -1.99343 1.06865 
11 38000 61 4.77243 0.00012574 7.02493 0.227243 -7.46705e-07 0.20023 0.935156 1.13621 0.136215 -1.99352 1.0715 
11 38100 61 4.78501 0.00012574 7.02493 0.227266 4.79803e-07 0.20023 0.935253 1.13633 0.136332 -1.99266 1.07436 
11 38200 61 4.79758 0.00012574 7.02493 0.227283 1.11389e-06 0.20023 0.935321 1.13642 0.136415 -1.99205 1.07721 
11 38300 62 4.81006 0.00012574 7.02493 0.227301 2.46961e-06 0.200231 0.935394 1.1365 0.136504 -1.9914 1.08007 
11 38400 62 4.82263 0.00012574 7.02493 0.227326 1.0784e-06 0.20023 0.935497 1.13663 0.136629 -1.99049 1.08293 
11 38500 62 4.83521 0.00012574 7.02493 0.227331 1.06608e-06 0.200231 0.93552 1.13666 0.136657 -1.99028 1.08579 
11 38600 62 4.84778 0.00012574 7.02493 0.227331 -1.42772e-07 0.200231 0.935518 1.13665 0.136654 -1.9903 1.08865 
11 38700 62 4.86036 0.00012574 7.02493 0.227345 1.766e-07 0.200231 0.935577 1.13673 0.136726 -1.98977 1.09151 
11 38800 62 4.87293 0.00012574 7.02493 0.227373 -1.04315e-06 0.200231 0.93569 1.13686 0.136864 -1.98877 1.09437 
11 38900 63 4.88541 0.00012574 7.02493 0.227396 3.23509e-06 0.200231 0.935787 1.13698 0.136981 -1.98791 1.09723 
11 39000 63 4.89798 0.00012574 7.02493 0.227451 6.86335e-06 0.200231 0.936012 1.13725 0.137254 -1.98592 1.10009 
11 39100 63 4.91055 0.00012574 7.02493 0.227477 6.32366e-07 0.200231 0.936119 1.13738 0.137384 -1.98497 1.10295 
11 39200 63 4.92313 0.00012574 7.02493 0.227448 -2.40781e-06 0.20023 0.936002 1.13724 0.137242 -1.98601 1.1058 
11 39300 63 4.9357 0.00012574 7.02493 0.22749 -2.83163e-06 0.20023 0.936172 1.13745 0.137449 -1.9845 1.10866 
11 39400 63 4.94828 0.00012574 7.02493 0.227507 -3.71437e-06 0.200231 0.936244 1.13754 0.137536 -1.98387 1.11152 
11 39500 64 4.96075 0.00012574 7.02493 0.227545 -4.26666e-06 0.200231 0.936399 1.13773 0.137725 -1.98249 1.11438 
11 39600 64 4.97333 0.00012574 7.02493 0.227548 1.0953e-07 0.20023 0.936411 1.13774 0.137739 -1.9824 1.11725 
11 39700 64 4.9859 0.00012574 7.02493 0.227558 4.42336e-06 0.200231 0.936454 1.13779 0.137791 -1.98201 1.12011 
11 39800 64 4.99848 0.00012574 7.02493 0.227589 1.35145e-05 0.20023 0.936582 1.13795 0.137947 -1.98088 1.12297 
11 39900 64 5.01105 0.00012574 7.02493 0.227615 1.08949e-05 0.20023 0.936687 1.13808 0.138075 -1.97996 1.12584 
11 40000 64 5.02362 0.00012574 7.02493 0.22763 6.56175e-06 0.200231 0.936747 1.13815 0.138148 -1.97943 1.1287 
11 40100 64 5.0362 0.00012574 7.02493 0.227673 4.91749e-06 0.200229 0.936926 1.13837 0.138365 -1.97786 1.13157 
11 40200 65 5.04868 0.00012574 7.02493 0.227674 3.79797e-06 0.200229 0.936929 1.13837 0.138369 -1.97783 1.13443 
11 40300 65 5.06125 0.00012574 7.02493 0.227688 -3.56337e-06 0.20023 0.93699 1.13844 0.138442 -1.9773 1.13728 
11 40400 65 5.07382 0.00012574 7.02493 0.227712 -2.9647e-06 0.20023 0.937084 1.13856 0.138558 -1.97647 1.14014 
11 40500 65 5.0864 0.00012574 7.02493 0.227713 -1.33075e-06 0.200231 0.93709 1.13856 0.138565 -1.97642 1.14301 
11 40600 65 5.09897 0.00012574 7.02493 0.227745 9.20066e-07 0.200231 0.937224 1.13873 0.138727 -1.97525 1.14587 
11 40700 65 5.11155 0.00012574 7.02493 0.227767 8.38496e-07 0.200231 0.937314 1.13884 0.138836 -1.97446 1.14874 
11 40800 66 5.12402 0.00012574 7.02493 0.227772 9.4556e-07 0.200231 0.937332 1.13886 0.138858 -1.9743 1.1516 
11 40900 66 5.1366 0.00012574 7.02493 0.227808 1.05373e-06 0.200232 0.937481 1.13904 0.13904 -1.973 1.15447 
11 41000 66 5.14917 0.00012574 7.02493 0.227825 1.34609e-06 0.20023 0.93755 1.13912 0.139124 -1.97239 1.15733 
11 41100 66 5.16175 0.00012574 7.02493 0.227845 1.60135e-05 0.200232 0.937634 1.13923 0.139226 -1.97166 1.1602 
11 41200 66 5.17432 0.00012574 7.02493 0.227866 7.17946e-06 0.200231 0.93772 1.13933 0.13933 -1.97091 1.16307 
11 41300 66 5.18689 0.00012574 7.02493 0.227888 6.1713e-06 0.200231 0.937813 1.13944 0.139442 -1.9701 1.16593 
11 41400 66 5.19947 0.00012574 7.02493 0.227909 3.4556e-06 0.200231 0.937899 1.13955 0.139547 -1.96935 1.16879 
11 41500 67 5.21195 0.00012574 7.02493 0.227917 2.84507e-06 0.200231 0.937929 1.13958 0.139584 -1.96909 1.17166 
11 41600 67 5.22452 0.00012574 7.02493 0.227956 4.1478e-06 0.200231 0.938091 1.13978 0.139781 -1.96768 1.17452 
11 41700 67 5.23709 0.00012574 7.02493 0.227952 -1.49532e-05 0.200232 0.938075 1.13976 0.139761 -1.96782 1.17739 
11 41800 67 5.24967 0.00012574 7.02493 0.227989 -4.00012e-06 0.20023 0.938225 1.13994 0.139944 -1.96651 1.18025 
11 41900 67 5.26224 0.00012574 7.02493 0.228006 -1.0747e-06 0.200231 0.938295 1.14003 0.140028 -1.96591 1.18312 
11 42000 67 5.27482 0.00012574 7.02493 0.228031 -1.81429e-06 0.200231 0.938401 1.14016 0.140157 -1.96499 1.18599 
11 42100 68 5.28729 0.00012574 7.02493 0.228052 -1.34293e-06 0.20023 0.938485 1.14026 0.14026 -1.96426 1.18886 
11 42200 68 5.29987 0.00012574 7.02493 0.228061 -9.78614e-06 0.200231 0.938522 1.1403 0.140304 -1.96394 1.19173 
11 42300 68 5.31244 0.00012574 7.02493 0.228082 -1.15574e-05 0.200231 0.938609 1.14041 0.14041 -1.96319 1.1946 
11 42400 68 5.32502 0.00012574 7.02493 0.2281 -6.64414e-06 0.200231 0.938684 1.1405 0.140501 -1.96254 1.19747 
11 42500 68 5.33759 0.00012574 7.02493 0.228115 -3.74543e-06 0.20023 0.938745 1.14058 0.140576 -1.96201 1.20034 
11 42600 68 5.35016 0.00012574 7.02493 0.228107 -1.63266e-06 0.20023 0.938711 1.14053 0.140534 -1.96231 1.2032 
11 42700 69 5.36264 0.00012574 7.02493 0.228136 -2.18424e-06 0.20023 0.938833 1.14068 0.140682 -1.96126 1.20607 
11 42800 69 5.37521 0.00012574 7.02493 0.228166 1.27515e-05 0.200231 0.938953 1.14083 0.140828 -1.96022 1.20893 
11 42900 69 5.38779 0.00012574 7.02493 0.2282 6.94555e-06 0.20023 0.939094 1.141 0.140999 -1.95901 1.2118 
11 43000 69 5.40036 0.00012574 7.02493 0.228231 4.54837e-06 0.20023 0.939222 1.14115 0.141155 -1.9579 1.21468 
11 43100 69 5.41294 0.00012574 7.02493 0.228235 1.5966e-06 0.20023 0.939238 1.14117 0.141174 -1.95776 1.21754 
11 43200 69 5.42551 0.00012574 7.02493 0.228245 2.78357e-06 0.20023 0.939278 1.14122 0.141223 -1.95741 1.22042 
11 43300 69 5.43808 0.00012574 7.02493 0.228268 1.22821e-07 0.20023 0.939374 1.14134 0.14134 -1.95659 1.22329 
11 43400 70 5.45056 0.00012574 7.02493 0.228275 -1.81604e-05 0.200231 0.939404 1.14138 0.141376 -1.95633 1.22616 
11 43500 70 5.46314 0.00012574 7.02493 0.228311 -6.31419e-06 0.20023 0.939551 1.14155 0.141554 -1.95507 1.22904 
11 43600 70 5.47571 0.00012574 7.02493 0.22833 -3.62004e-06 0.200231 0.93963 1.14165 0.14165 -1.95439 1.23191 
11 43700 70 5.48828 0.00012574 7.02493 0.22835 -2.86893e-06 0.20023 0.939712 1.14175 0.14175 -1.95369 1.23477 
11 43800 70 5.50086 0.00012574 7.02493 0.228366 -2.68875e-06 0.200229 0.939777 1.14183 0.14183 -1.95313 1.23764 
11 43900 70 5.51343 0.00012574 7.02493 0.228417 -1.94043e-06 0.200229 0.939989 1.14209 0.142086 -1.95132 1.24051 
11 44000 71 5.52591 0.00012574 7.02493 0.228432 1.6554e-08 0.200229 0.94005 1.14216 0.142161 -1.95079 1.24338 
11 44100 71 5.53848 0.00012574 7.02493 0.22843 4.28401e-07 0.200229 0.94004 1.14215 0.142148 -1.95088 1.24626 
11 44200 71 5.55106 0.00012574 7.02493 0.228444 1.8384e-07 0.200229 0.9401 1.14222 0.142222 -1.95037 1.24913 
11 44300 71 5.56363 0.00012574 7.02493 0.228472 4.28958e-07 0.20023 0.940213 1.14236 0.142358 -1.94941 1.25201 
11 44400 71 5.57621 0.00012574 7.02493 0.228495 6.48916e-07 0.200229 0.940309 1.14248 0.142476 -1.94858 1.25488 
11 44500 71 5.58878 0.00012574 7.02493 0.228519 1.38461e-05 0.20023 0.940409 1.1426 0.142597 -1.94773 1.25775 
11 44600 72 5.60126 0.00012574 7.02493 0.228533 6.8279e-06 0.20023 0.940464 1.14266 0.142664 -1.94726 1.26063 
11 44700 72 5.61383 0.00012574 7.02493 0.228538 4.94401e-06 0.20023 0.940486 1.14269 0.142691 -1.94708 1.26351 
11 44800 72 5.62641 0.00012574 7.02493 0.228575 2.71774e-06 0.200229 0.94064 1.14288 0.142877 -1.94577 1.26638 
11 44900 72 5.63898 0.00012574 7.02493 0.228606 2.70736e-06 0.200229 0.940766 1.14303 0.14303 -1.9447 1.26925 
11 45000 72 5.65155 0.00012574 7.02493 0.228651 1.63975e-06 0.200229 0.940952 1.14326 0.143257 -1.94312 1.27212 
11 45100 72 5.66413 0.00012574 7.02493 0.228649 -1.49684e-06 0.200231 0.940942 1.14324 0.143244 -1.9432 1.27499 
11 45200 72 5.6767 0.00012574 7.02493 0.228655 -8.99118e-06 0.200231 0.940969 1.14328 0.143277 -1.94298 1.27787 
11 45300 73 5.68918 0.00012574 7.02493 0.228659 -5.2318e-06 0.200231 0.940985 1.1433 0.143297 -1.94283 1.28075 
11 45400 73 5.70175 0.00012574 7.02493 0.228688 -2.71116e-06 0.200231 0.941103 1.14344 0.14344 -1.94184 1.28363 
11 45500 73 5.71433 0.00012574 7.02493 0.228724 -1.42262e-06 0.20023 0.941251 1.14362 0.14362 -1.94058 1.2865 
11 45600 73 5.7269 0.00012574 7.02493 0.228733 -4.31571e-07 0.200231 0.941288 1.14367 0.143665 -1.94027 1.28938 
11 45700 73 5.73948 0.00012574 7.02493 0.228737 7.6784e-07 0.200231 0.941306 1.14369 0.143687 -1.94012 1.29226 
11 45800 73 5.75205 0.00012574 7.02493 0.228789 -1.53585e-07 0.200231 0.941517 1.14394 0.143943 -1.93834 1.29513 
11 45900 74 5.76453 0.00012574 7.02493 0.228809 1.28125e-07 0.20023 0.9416 1.14404 0.144045 -1.93763 1.29801 
11 46000 74 5.7771 0.00012574 7.02493 0.228845 6.63453e-07 0.200231 0.941748 1.14422 0.144224 -1.93639 1.30088 
11 46100 74 5.78967 0.00012574 7.02493 0.228861 9.0501e-07 0.20023 0.941817 1.14431 0.144307 -1.93581 1.30376 
11 46200 74 5.80225 0.00012574 7.02493 0.22885 8.3513e-07 0.200231 0.94177 1.14425 0.144251 -1.9362 1.30664 
11 46300 74 5.81482 0.00012574 7.02493 0.228882 1.0575e-06 0.20023 0.9419 1.14441 0.144409 -1.93511 1.30951 
11 46400 74 5.8274 0.00012574 7.02493 0.228896 1.4902e-07 0.20023 0.941959 1.14448 0.14448 -1.93461 1.31239 
11 46500 74 5.83997 0.00012574 7.02493 0.228934 1.07157e-06 0.20023 0.942114 1.14467 0.144669 -1.93331 1.31527 
11 46600 75 5.85245 0.00012574 7.02493 0.228925 6.4676e-07 0.20023 0.942077 1.14462 0.144623 -1.93363 1.31816 
11 46700 75 5.86502 0.00012574 7.02493 0.228955 4.62112e-07 0.20023 0.942202 1.14478 0.144775 -1.93257 1.32103 
11 46800 75 5.8776 0.00012574 7.02493 0.228963 -2.09491e-05 0.200232 0.942233 1.14481 0.144813 -1.93231 1.32391 
11 46900 75 5.89017 0.00012574 7.02493 0.228992 -5.86992e-06 0.200231 0.942352 1.14496 0.144958 -1.93131 1.3268 
11 47000 75 5.90274 0.00012574 7.02493 0.229041 -2.45222e-06 0.20023 0.942557 1.14521 0.145207 -1.9296 1.32968 
11 47100 75 5.91532 0.00012574 7.02493 0.229056 -1.03958e-06 0.20023 0.942617 1.14528 0.145279 -1.9291 1.33255 
11 47200 76 5.9278 0.00012574 7.02493 0.229077 -7.72634e-07 0.200229 0.942702 1.14538 0.145383 -1.92838 1.33543 
11 47300 76 5.94037 0.00012574 7.02493 0.22908 -4.54146e-07 0.20023 0.942715 1.1454 0.145399 -1.92827 1.33831 
11 47400 76 5.95294 0.00012574 7.02493 0.229077 3.54902e-07 0.20023 0.942702 1.14538 0.145383 -1.92838 1.34119 
11 47500 76 5.96552 0.00012574 7.02493 0.229123 8.04554e-07 0.20023 0.942894 1.14562 0.145616 -1.92678 1.34407 
11 47600 76 5.97809 0.00012574 7.02493 0.229147 1.53771e-06 0.20023 0.942992 1.14574 0.145736 -1.92596 1.34695 
11 47700 76 5.99067 0.00012574 7.02493 0.229142 1.24889e-06 0.20023 0.942971 1.14571 0.14571 -1.92614 1.34984 
11 47800 77 6.00314 0.00012574 7.02493 0.229163 5.13007e-07 0.200229 0.943056 1.14581 0.145813 -1.92543 1.35272 
11 47900 77 6.01572 0.00012574 7.02493 0.229172 -3.29816e-07 0.200231 0.943094 1.14586 0.145859 -1.92512 1.3556 
11 48000 77 6.02829 0.00012574 7.02493 0.22922 -1.17049e-06 0.200229 0.943291 1.1461 0.146099 -1.92347 1.35849 
11 48100 77 6.04087 0.00012574 7.02493 0.229246 1.42752e-07 0.20023 0.943401 1.14623 0.146232 -1.92256 1.36137 
11 48200 77 6.05344 0.00012574 7.02493 0.22927 6.72065e-07 0.20023 0.943498 1.14635 0.14635 -1.92175 1.36425 
11 48300 77 6.06601 0.00012574 7.02493 0.229277 9.9068e-07 0.200228 0.943528 1.14639 0.146387 -1.9215 1.36713 
11 48400 77 6.07859 0.00012574 7.02493 0.229287 9.46982e-07 0.200229 0.943568 1.14643 0.146435 -1.92118 1.37001 
11 48500 78 6.09107 0.00012574 7.02493 0.22932 9.08812e-07 0.20023 0.943703 1.1466 0.146599 -1.92006 1.37289 
11 48600 78 6.10364 0.00012574 7.02493 0.22933 1.05887e-06 0.200228 0.943743 1.14665 0.146648 -1.91972 1.37578 
11 48700 78 6.11621 0.00012574 7.02493 0.22935 5.59521e-07 0.20023 0.943827 1.14675 0.146749 -1.91903 1.37866 
11 48800 78 6.12879 0.00012574 7.02493 0.229368 9.68784e-07 0.20023 0.9439 1.14684 0.146839 -1.91842 1.38154 
11 48900 78 6.14136 0.00012574 7.02493 0.229405 7.01412e-07 0.200228 0.944054 1.14703 0.147026 -1.91715 1.38443 
11 49000 78 6.15394 0.00012574 7.02493 0.22943 2.20137e-07 0.200228 0.944157 1.14715 0.14715 -1.9163 1.38732 
11 49100 79 6.16641 0.00012574 7.02493 0.229441 3.8769e-07 0.20023 0.944202 1.14721 0.147205 -1.91593 1.39021 
11 49200 79 6.17899 0.00012574 7.02493 0.229462 -1.35686e-07 0.20023 0.944289 1.14731 0.147312 -1.91521 1.39309 
11 49300 79 6.19156 0.00012574 7.02493 0.229485 -1.77918e-07 0.200229 0.944383 1.14743 0.147426 -1.91443 1.39598 
11 49400 79 6.20413 0.00012574 7.02493 0.229505 1.58047e-07 0.20023 0.944463 1.14752 0.147523 -1.91377 1.39886 
11 49500 79 6.21671 0.00012574 7.02493 0.22953 -3.68156e-08 0.20023 0.944568 1.14765 0.14765 -1.91291 1.40174 
11 49600 79 6.22928 0.00012574 7.02493 0.229559 6.30118e-07 0.20023 0.944686 1.14779 0.147794 -1.91194 1.40463 
11 49700 80 6.24176 0.00012574 7.02493 0.229568 7.33572e-07 0.20023 0.944725 1.14784 0.147841 -1.91162 1.40751 
11 49800 80 6.25433 0.00012574 7.02493 0.22957 2.82348e-07 0.20023 0.944731 1.14785 0.147849 -1.91157 1.4104 
11 49900 80 6.26691 0.00012574 7.02493 0.229608 -2.19037e-06 0.200231 0.94489 1.14804 0.148042 -1.91026 1.41329 
11 50000 80 6.27948 0.00012574 7.02493 0.229643 -3.55262e-07 0.20023 0.945033 1.14822 0.148215 -1.90909 1.41618 
11 50100 80 6.29206 0.00012574 7.02493 0.229669 3.44608e-07 0.200229 0.945142 1.14835 0.148347 -1.9082 1.41907 
11 50200 80 6.30463 0.00012574 7.02493 0.229672 -4.33618e-07 0.200231 0.945153 1.14836 0.148361 -1.90811 1.42196 
11 50300 80 6.3172 0.00012574 7.02493 0.229681 1.29631e-06 0.20023 0.945191 1.14841 0.148406 -1.9078 1.42485 
11 50400 81 6.32968 0.00012574 7.02493 0.229708 2.00158e-07 0.200229 0.945302 1.14854 0.148542 -1.90689 1.42774 
11 50500 81 6.34226 0.00012574 7.02493 0.229712 5.88614e-07 0.200229 0.945315 1.14856 0.148558 -1.90678 1.43062 
11 50600 81 6.35483 0.00012574 7.02493 0.229746 6.66902e-07 0.200229 0.945458 1.14873 0.148732 -1.90561 1.43351 
11 50700 81 6.3674 0.00012574 7.02493 0.229746 2.24264e-07 0.200229 0.945457 1.14873 0.148731 -1.90562 1.4364 
11 50800 81 6.37998 0.00012574 7.02493 0.229778 6.92969e-07 0.200231 0.945588 1.14889 0.14889 -1.90455 1.43928 
11 50900 81 6.39255 0.00012574 7.02493 0.22981 -2.71553e-06 0.20023 0.94572 1.14905 0.14905 -1.90347 1.44217 
11 51000 82 6.40503 0.00012574 7.02493 0.229827 -9.80663e-07 0.20023 0.945789 1.14913 0.149134 -1.90291 1.44507 
11 51100 82 6.4176 0.00012574 7.02493 0.229839 -1.31359e-06 0.20023 0.945838 1.14919 0.149193 -1.90252 1.44795 
11 51200 82 6.43018 0.00012574 7.02493 0.22986 -9.74866e-07 0.200229 0.945926 1.1493 0.1493 -1.9018 1.45085 
11 51300 82 6.44275 0.00012574 7.02493 0.229897 -1.44794e-05 0.20023 0.946079 1.14949 0.149486 -1.90055 1.45374 
11 51400 82 6.45533 0.00012574 7.02493 0.22989 -8.04307e-06 0.200229 0.946049 1.14945 0.14945 -1.90079 1.45663 
11 51500 82 6.4679 0.00012574 7.02493 0.229907 -4.77608e-06 0.200231 0.94612 1.14954 0.149535 -1.90022 1.45953 
11 51600 83 6.48038 0.00012574 7.02493 0.229958 -1.44424e-06 0.200229 0.946331 1.14979 0.149792 -1.89851 1.46242 
11 51700 83 6.49295 0.00012574 7.02493 0.229979 -4.12447e-07 0.200229 0.946417 1.1499 0.149896 -1.89781 1.4653 
11 51800 83 6.50553 0.00012574 7.02493 0.229993 -3.28223e-07 0.200229 0.946475 1.14997 0.149967 -1.89734 1.46819 
11 51900 83 6.5181 0.00012574 7.02493 0.230006 2.15136e-07 0.20023 0.946528 1.15003 0.150031 -1.89691 1.47108 
11 52000 83 6.53067 0.00012574 7.02493 0.230019 8.73808e-07 0.200228 0.946581 1.1501 0.150096 -1.89648 1.47398 
11 52100 83 6.54325 0.00012574 7.02493 0.230051 1.2429e-06 0.200228 0.946711 1.15025 0.150254 -1.89543 1.47687 
11 52200 83 6.55582 0.00012574 7.02493 0.230058 4.15218e-07 0.200228 0.946741 1.15029 0.15029 -1.89519 1.47976 
11 52300 84 6.5683 0.00012574 7.02493 0.230072 1.16661e-06 0.200228 0.946797 1.15036 0.150358 -1.89473 1.48266 
11 52400 84 6.58087 0.00012574 7.02493 0.230099 5.28451e-07 0.200228 0.946909 1.15049 0.150494 -1.89383 1.48555 
11 52500 84 6.59345 0.00012574 7.02493 0.230094 7.21791e-07 0.20023 0.946888 1.15047 0.150469 -1.894 1.48845 
11 52600 84 6.60602 0.00012574 7.02493 0.23014 4.24461e-07 0.200229 0.947076 1.1507 0.150698 -1.89248 1.49135 
11 52700 84 6.61859 0.00012574 7.02493 0.230174 5.88901e-07 0.200228 0.947219 1.15087 0.150871 -1.89133 1.49424 
11 52800 84 6.63117 0.00012574 7.02493 0.230165 2.46838e-07 0.200228 0.94718 1.15082 0.150824 -1.89164 1.49713 
11 52900 85 6.64365 0.00012574 7.02493 0.230207 5.99843e-07 0.200228 0.947353 1.15103 0.151034 -1.89025 1.50002 
11 53000 85 6.65622 0.00012574 7.02493 0.230219 -4.34906e-07 0.200229 0.947405 1.1511 0.151097 -1.88983 1.50291 
11 53100 85 6.66879 0.00012574 7.02493 0.230241 -6.36975e-08 0.200229 0.947493 1.1512 0.151205 -1.88912 1.50581 
11 53200 85 6.68137 0.00012574 7.02493 0.230256 8.73829e-07 0.200229 0.947557 1.15128 0.151281 -1.88861 1.50871 
11 53300 85 6.69394 0.00012574 7.02493 0.230271 1.06807e-06 0.200229 0.947619 1.15136 0.151357 -1.88811 1.5116 
11 53400 85 6.70652 0.00012574 7.02493 0.230303 8.32427e-07 0.200229 0.947748 1.15151 0.151514 -1.88708 1.5145 
11 53500 85 6.71909 0.00012574 7.02493 0.230296 1.56661e-06 0.200229 0.94772 1.15148 0.15148 -1.8873 1.5174 
11 53600 86 6.73157 0.00012574 7.02493 0.230324 9.1794e-07 0.20023 0.947837 1.15162 0.151622 -1.88637 1.5203 
11 53700 86 6.74414 0.00012574 7.02493 0.230378 8.46001e-07 0.200229 0.948058 1.15189 0.15189 -1.8846 1.52319 
11 53800 86 6.75672 0.00012574 7.02493 0.230368 6.69847e-07 0.200229 0.948015 1.15184 0.151839 -1.88494 1.52609 
11 53900 86 6.76929 0.00012574 7.02493 0.230415 1.29762e-06 0.200229 0.948208 1.15207 0.152073 -1.8834 1.52898 
11 54000 86 6.78186 0.00012574 7.02493 0.230432 2.28081e-06 0.200229 0.948278 1.15216 0.152158 -1.88283 1.53188 
11 54100 86 6.79444 0.00012574 7.02493 0.230482 9.94746e-07 0.200229 0.948485 1.15241 0.152409 -1.88118 1.53477 
11 54200 87 6.80692 0.00012574 7.02493 0.230485 1.2727e-06 0.200231 0.948497 1.15242 0.152424 -1.88109 1.53767 
11 54300 87 6.81949 0.00012574 7.02493 0.230495 9.21828e-07 0.20023 0.948538 1.15247 0.152474 -1.88076 1.54057 
11 54400 87 6.83206 0.00012574 7.02493 0.230531 1.56134e-06 0.200229 0.948687 1.15265 0.152655 -1.87958 1.54347 
11 54500 87 6.84464 0.00012574 7.02493 0.230522 9.01846e-07 0.20023 0.948649 1.15261 0.152609 -1.87988 1.54637 
11 54600 87 6.85721 0.00012574 7.02493 0.230559 5.90377e-07 0.200229 0.948801 1.15279 0.152793 -1.87867 1.54927 
11 54700 87 6.86979 0.00012574 7.02493 0.230574 -3.0052e-07 0.20023 0.948864 1.15287 0.15287 -1.87817 1.55217 
11 54800 88 6.88226 0.00012574 7.02493 0.230592 2.99597e-07 0.200231 0.948938 1.15296 0.15296 -1.87758 1.55507 
11 54900 88 6.89484 0.00012574 7.02493 0.230636 1.4342e-07 0.200231 0.949118 1.15318 0.153178 -1.87615 1.55797 
11 55000 88 6.90741 0.00012574 7.02493 0.230663 -2.60421e-07 0.20023 0.949228 1.15331 0.153313 -1.87528 1.56087 
11 55100 88 6.91999 0.00012574 7.02493 0.230692 2.7739e-07 0.20023 0.949348 1.15346 0.153458 -1.87433 1.56377 
11 55200 88 6.93256 0.00012574 7.02493 0.230706 5.10791e-07 0.200228 0.949408 1.15353 0.153531 -1.87386 1.56667 
11 55300 88 6.94513 0.00012574 7.02493 0.230713 7.50505e-07 0.200231 0.949437 1.15357 0.153566 -1.87362 1.56957 
11 55400 88 6.95771 0.00012574 7.02493 0.23074 9.11911e-07 0.20023 0.949549 1.1537 0.153702 -1.87274 1.57247 
11 55500 89 6.97018 0.00012574 7.02493 0.230752 7.67742e-07 0.20023 0.949597 1.15376 0.153761 -1.87236 1.57537 
11 55600 89 6.98276 0.00012574 7.02493 0.230771 6.58855e-07 0.20023 0.949676 1.15386 0.153857 -1.87173 1.57827 
11 55700 89 6.99533 0.00012574 7.02493 0.230809 9.49829e-07 0.200229 0.94983 1.15404 0.154044 -1.87052 1.58118 
11 55800 89 7.00791 0.00012574 7.02493 0.230789 -2.87152e-07 0.20023 0.949749 1.15394 0.153945 -1.87116 1.58408 
11 55900 89 7.02048 0.00012574 7.02493 0.230816 1.18961e-07 0.200231 0.949861 1.15408 0.154081 -1.87028 1.58699 
11 56000 89 7.03306 0.00012574 7.02493 0.230851 -6.7116e-08 0.200229 0.950005 1.15426 0.154256 -1.86914 1.58989 
11 56100 90 7.04553 0.00012574 7.02493 0.230892 1.29202e-07 0.200228 0.950172 1.15446 0.154459 -1.86782 1.59279 
11 56200 90 7.05811 0.00012574 7.02493 0.230912 7.75521e-08 0.200229 0.950254 1.15456 0.154558 -1.86718 1.59569 
11 56300 90 7.07068 0.00012574 7.02493 0.23092 4.29048e-07 0.200228 0.950288 1.1546 0.1546 -1.86691 1.59859 
11 56400 90 7.08325 0.00012574 7.02493 0.230929 1.09469e-07 0.200229 0.950325 1.15464 0.154645 -1.86662 1.6015 
11 56500 90 7.09583 0.00012574 7.02493 0.230947 6.02736e-07 0.20023 0.950398 1.15473 0.154734 -1.86605 1.6044 
11 56600 90 7.1084 0.00012574 7.02493 0.230973 1.08189e-07 0.200229 0.950506 1.15487 0.154865 -1.8652 1.60731 
11 56700 91 7.12088 0.00012574 7.02493 0.231011 -4.65816e-08 0.200228 0.950661 1.15505 0.155053 -1.86399 1.61021 
11 56800 91 7.13345 0.00012574 7.02493 0.231004 2.75744e-07 0.200229 0.950633 1.15502 0.155019 -1.86421 1.61312 
11 56900 91 7.14603 0.00012574 7.02493 0.231032 1.17628e-07 0.200229 0.950751 1.15516 0.155162 -1.86329 1.61602 
11 57000 91 7.1586 0.00012574 7.02493 0.231064 -5.93656e-07 0.20023 0.950882 1.15532 0.155322 -1.86226 1.61893 
11 57100 91 7.17118 0.00012574 7.02493 0.23109 3.03293e-07 0.200229 0.950986 1.15545 0.155449 -1.86144 1.62184 
11 57200 91 7.18375 0.00012574 7.02493 0.231122 1.03299e-06 0.20023 0.951119 1.15561 0.15561 -1.8604 1.62475 
11 57300 91 7.19632 0.00012574 7.02493 0.231123 7.49243e-06 0.200229 0.951123 1.15561 0.155614 -1.86038 1.62765 
11 57400 92 7.2088 0.00012574 7.02493 0.231122 1.26624e-05 0.200229 0.95112 1.15561 0.155611 -1.8604 1.63055 
11 57500 92 7.22138 0.00012574 7.02493 0.23114 7.90065e-06 0.200229 0.951193 1.1557 0.155699 -1.85983 1.63345 
11 57600 92 7.23395 0.00012574 7.02493 0.231177 5.59962e-06 0.200231 0.951346 1.15589 0.155885 -1.85863 1.63636 
11 57700 92 7.24652 0.00012574 7.02493 0.231209 3.81656e-06 0.20023 0.951476 1.15604 0.156044 -1.85762 1.63927 
11 57800 92 7.2591 0.00012574 7.02493 0.231214 2.72142e-06 0.20023 0.951499 1.15607 0.156071 -1.85744 1.64218 
11 57900 92 7.27167 0.00012574 7.02493 0.231229 1.63655e-06 0.200229 0.951558 1.15614 0.156143 -1.85698 1.64508 
11 58000 93 7.28415 0.00012574 7.02493 0.231258 9.74312e-07 0.200228 0.951679 1.15629 0.15629 -1.85604 1.648 
11 58100 93 7.29672 0.00012574 7.02493 0.231281 8.6461e-07 0.200229 0.951774 1.15641 0.156406 -1.8553 1.65091 
11 58200 93 7.3093 0.00012574 7.02493 0.231309 9.10975e-07 0.200231 0.95189 1.15655 0.156547 -1.8544 1.65382 
11 58300 93 7.32187 0.00012574 7.02493 0.23134 6.74722e-07 0.200229 0.952016 1.1567 0.156699 -1.85343 1.65673 
11 58400 93 7.33445 0.00012574 7.02493 0.231348 1.41359e-07 0.200229 0.952047 1.15674 0.156738 -1.85318 1.65963 
11 58500 93 7.34702 0.00012574 7.02493 0.231362 -1.09229e-06 0.20023 0.952108 1.15681 0.156812 -1.85271 1.66254 
11 58600 93 7.35959 0.00012574 7.02493 0.231392 -1.32354e-06 0.200229 0.952232 1.15696 0.156962 -1.85175 1.66545 
11 58700 94 7.37207 0.00012574 7.02493 0.231425 -2.87364e-07 0.200231 0.952365 1.15712 0.157124 -1.85072 1.66836 
11 58800 94 7.38465 0.00012574 7.02493 0.231428 -1.46527e-08 0.200231 0.952379 1.15714 0.157141 -1.85061 1.67127 
11 58900 94 7.39722 0.00012574 7.02493 0.231459 5.15654e-07 0.20023 0.952505 1.15729 0.157294 -1.84964 1.67418 
11 59000 94 7.40979 0.00012574 7.02493 0.231496 2.94628e-07 0.20023 0.952657 1.15748 0.157479 -1.84847 1.67708 
11 59100 94 7.42237 0.00012574 7.02493 0.231505 -8.652e-08 0.200231 0.952694 1.15752 0.157523 -1.84818 1.68 
11 59200 94 7.43494 0.00012574 7.02493 0.231538 -1.06888e-07 0.20023 0.95283 1.15769 0.157688 -1.84714 1.68292 
11 59300 95 7.44742 0.00012574 7.02493 0.231548 1.14719e-06 0.200231 0.952871 1.15774 0.157738 -1.84682 1.68583 
11 59400 95 7.45999 0.00012574 7.02493 0.231559 8.25196e-07 0.200231 0.952917 1.15779 0.157794 -1.84647 1.68874 
11 59500 95 7.47257 0.00012574 7.02493 0.231587 1.34219e-06 0.20023 0.953034 1.15794 0.157937 -1.84556 1.69165 
11 59600 95 7.48514 0.00012574 7.02493 0.231583 6.2894e-07 0.20023 0.953015 1.15791 0.157913 -1.84571 1.69456 
11 59700 95 7.49771 0.00012574 7.02493 0.231632 1.14077e-06 0.20023 0.953218 1.15816 0.15816 -1.84415 1.69747 
11 59800 95 7.51029 0.00012574 7.02493 0.231656 1.07623e-06 0.20023 0.953317 1.15828 0.158281 -1.84339 1.70038 
11 59900 96 7.52277 0.00012574 7.02493 0.231646 1.43085e-06 0.200232 0.953278 1.15823 0.158232 -1.84369 1.7033 
11 60000 96 7.53534 0.00012574 7.02493 0.231687 2.4369e-06 0.20023 0.953444 1.15843 0.158434 -1.84241 1.70621 
11 60100 96 7.54791 0.00012574 7.02493 0.231711 3.1181e-08 0.20023 0.953542 1.15855 0.158553 -1.84167 1.70912 
11 60200 96 7.56049 0.00012574 7.02493 0.231737 -5.28588e-07 0.20023 0.95365 1.15868 0.158684 -1.84084 1.71204 
11 60300 96 7.57306 0.00012574 7.02493 0.231759 -4.40696e-07 0.200229 0.953742 1.1588 0.158797 -1.84013 1.71496 
11 60400 96 7.58564 0.00012574 7.02493 0.231752 -1.16499e-06 0.200231 0.953713 1.15876 0.158762 -1.84035 1.71787 
11 60500 96 7.59821 0.00012574 7.02493 0.231774 -1.34633e-06 0.200231 0.953804 1.15887 0.158872 -1.83966 1.72079 
11 60600 97 7.61069 0.00012574 7.02493 0.231776 -7.43656e-07 0.20023 0.953813 1.15888 0.158882 -1.83959 1.72371 
11 60700 97 7.62326 0.00012574 7.02493 0.231819 -4.27857e-07 0.200229 0.953988 1.1591 0.159095 -1.83825 1.72661 
11 60800 97 7.63584 0.00012574 7.02493 0.231836 -5.0921e-07 0.20023 0.954056 1.15918 0.159178 -1.83774 1.72953 
11 60900 97 7.64841 0.00012574 7.02493 0.231851 -4.48581e-07 0.200229 0.954119 1.15925 0.159255 -1.83725 1.73244 
11 61000 97 7.66098 0.00012574 7.02493 0.231893 -4.4704e-07 0.20023 0.954293 1.15947 0.159467 -1.83592 1.73535 
11 61100 97 7.67356 0.00012574 7.02493 0.231916 -5.91751e-07 0.20023 0.954387 1.15958 0.15958 -1.83521 1.73827 
11 61200 98 7.68604 0.00012574 7.02493 0.231936 -3.65613e-07 0.20023 0.954468 1.15968 0.159678 -1.83459 1.74119 
11 61300 98 7.69861 0.00012574 7.02493 0.231964 7.09639e-07 0.20023 0.954586 1.15982 0.159822 -1.8337 1.74411 
11 61400 98 7.71118 0.00012574 7.02493 0.231964 7.27631e-07 0.20023 0.954586 1.15982 0.159822 -1.8337 1.74703 
11 61500 98 7.72376 0.00012574 7.02493 0.231983 -4.41296e-07 0.20023 0.954662 1.15991 0.159914 -1.83312 1.74994 
11 61600 98 7.73633 0.00012574 7.02493 0.232001 -5.44255e-07 0.200232 0.954735 1.16 0.160003 -1.83257 1.75286 
11 61700 98 7.74891 0.00012574 7.02493 0.232037 9.43319e-07 0.200231 0.954884 1.16018 0.160185 -1.83143 1.75578 
11 61800 99 7.76138 0.00012574 7.02493 0.232065 -5.21179e-07 0.20023 0.955 1.16032 0.160325 -1.83055 1.7587 
11 61900 99 7.77396 0.00012574 7.02493 0.232065 -1.76573e-06 0.200231 0.955002 1.16033 0.160327 -1.83054 1.76161 
11 62000 99 7.78653 0.00012574 7.02493 0.232119 -1.18301e-06 0.20023 0.955223 1.1606 0.160596 -1.82886 1.76453 
11 62100 99 7.79911 0.00012574 7.02493 0.232143 -5.85169e-07 0.200231 0.95532 1.16071 0.160713 -1.82813 1.76745 
11 62200 99 7.81168 0.00012574 7.02493 0.232156 6.64179e-07 0.200232 0.955374 1.16078 0.16078 -1.82772 1.77037 
11 62300 99 7.82425 0.00012574 7.02493 0.232187 1.82862e-07 0.200231 0.955501 1.16093 0.160934 -1.82676 1.77329 
11 62400 99 7.83683 0.00012574 7.02493 0.232199 -2.18028e-08 0.200231 0.955549 1.16099 0.160993 -1.8264 1.7762 
11 62500 100 7.8493 0.00012574 7.02493 0.232224 -8.90336e-07 0.200232 0.955654 1.16112 0.16112 -1.82561 1.77913 
11 62600 100 7.86188 0.00012574 7.02493 0.232221 -1.14976e-06 0.20023 0.955643 1.16111 0.161106 -1.82569 1.78205 
11 62700 100 7.87445 0.00012574 7.02493 0.232254 1.3861e-07 0.200231 0.955777 1.16127 0.161269 -1.82468 1.78497 
11 62800 100 7.88703 0.00012574 7.02493 0.232292 8.50511e-07 0.200232 0.955932 1.16146 0.161458 -1.82351 1.78789 
11 62900 100 7.8996 0.00012574 7.02493 0.23229 -3.03534e-08 0.200232 0.955924 1.16145 0.161448 -1.82357 1.79082 
11 63000 100 7.91217 0.00012574 7.02493 0.232316 5.57343e-08 0.200232 0.956032 1.16158 0.161579 -1.82276 1.79373 
11 63100 101 7.92465 0.00012574 7.02493 0.232341 -3.94871e-07 0.200233 0.956136 1.16171 0.161705 -1.82198 1.79665 
11 63200 101 7.93723 0.00012574 7.02493 0.232382 9.51092e-07 0.200232 0.956304 1.16191 0.161909 -1.82072 1.79957 
11 63300 101 7.9498 0.00012574 7.02493 0.232395 3.22843e-07 0.200233 0.95636 1.16198 0.161977 -1.8203 1.80249 
11 63400 101 7.96237 0.00012574 7.02493 0.232418 1.97044e-07 0.200233 0.956454 1.16209 0.162091 -1.81959 1.80542 
11 63500 101 7.97495 0.00012574 7.02493 0.232426 6.6913e-08 0.200233 0.956486 1.16213 0.162131 -1.81935 1.80834 
11 63600 101 7.98752 0.00012574 7.02493 0.232437 -3.26197e-07 0.200233 0.956532 1.16219 0.162187 -1.81901 1.81127 
11 63700 101 8 0.00012574 7.02493 0.232475 5.48869e-07 0.200233 0.956688 1.16238 0.162376 -1.81784 1.81419 
11 63800 102 8.01257 0.00012574 7.02493 0.232513 1.74526e-06 0.200233 0.956844 1.16256 0.162565 -1.81668 1.81711 
11 63900 102 8.02515 0.00012574 7.02493 0.232507 7.43813e-07 0.200235 0.95682 1.16254 0.162536 -1.81686 1.82004 
11 64000 102 8.03772 0.00012574 7.02493 0.232544 4.29894e-07 0.200234 0.956971 1.16272 0.16272 -1.81572 1.82297 
11 64100 102 8.0503 0.00012574 7.02493 0.232565 1.90503e-07 0.200233 0.957056 1.16282 0.162823 -1.81509 1.82588 
11 64200 102 8.06287 0.00012574 7.02493 0.232609 -1.3825e-06 0.200233 0.957239 1.16305 0.163045 -1.81373 1.8288 
11 64300 102 8.07544 0.00012574 7.02493 0.232631 -2.13942e-06 0.200232 0.957329 1.16316 0.163155 -1.81305 1.83173 
11 64400 103 8.08792 0.00012574 7.02493 0.232648 -1.97888e-06 0.200233 0.957399 1.16324 0.163239 -1.81254 1.83465 
11 64500 103 8.1005 0.00012574 7.02493 0.232656 -1.36839e-06 0.200235 0.957431 1.16328 0.163279 -1.81229 1.83758 
11 64600 103 8.11307 0.00012574 7.02493 0.232678 -8.18068e-07 0.200234 0.957522 1.16339 0.163389 -1.81162 1.84051 
11 64700 103 8.12564 0.00012574 7.02493 0.23269 -1.10286e-06 0.200233 0.95757 1.16345 0.163448 -1.81126 1.84343 
11 64800 103 8.13822 0.00012574 7.02493 0.232722 -9.81672e-07 0.200234 0.957706 1.16361 0.163612 -1.81025 1.84636 
11 64900 103 8.15079 0.00012574 7.02493 0.23273 -9.23561e-07 0.200233 0.957738 1.16365 0.163651 -1.81002 1.84929 
11 65000 104 8.16327 0.00012574 7.02493 0.232752 -7.63154e-06 0.200234 0.957827 1.16376 0.163759 -1.80936 1.85222 
11 65100 104 8.17584 0.00012574 7.02493 0.232781 -1.10197e-05 0.200235 0.957946 1.1639 0.163904 -1.80848 1.85515 
11 65200 104 8.18842 0.00012574 7.02493 0.23282 -6.19085e-06 0.200233 0.958108 1.1641 0.164101 -1.80728 1.85807 
11 65300 104 8.20099 0.00012574 7.02493 0.232837 -3.98818e-06 0.200233 0.958179 1.16419 0.164187 -1.80675 1.861 
11 65400 104 8.21357 0.00012574 7.02493 0.23286 -1.97419e-06 0.200234 0.95827 1.1643 0.164298 -1.80607 1.86392 
11 65500 104 8.22614 0.00012574 7.02493 0.232864 -1.37767e-06 0.200234 0.958286 1.16432 0.164318 -1.80595 1.86685 
11 65600 104 8.23871 0.00012574 7.02493 0.232884 -1.43346e-06 0.200235 0.95837 1.16442 0.164419 -1.80534 1.86978 
11 65700 105 8.25119 0.00012574 7.02493 0.232913 -7.51586e-07 0.200235 0.958492 1.16457 0.164567 -1.80444 1.87271 
11 65800 105 8.26376 0.00012574 7.02493 0.232947 -7.38915e-07 0.200234 0.95863 1.16473 0.164735 -1.80342 1.87564 
11 65900 105 8.27634 0.00012574 7.02493 0.232967 -4.8503e-07 0.200234 0.958713 1.16484 0.164836 -1.8028 1.87857 
11 66000 105 8.28891 0.00012574 7.02493 0.232983 5.21629e-08 0.200234 0.958777 1.16491 0.164914 -1.80233 1.8815 
11 66100 105 8.30149 0.00012574 7.02493 0.233014 -3.58466e-07 0.200234 0.958907 1.16507 0.165072 -1.80138 1.88443 
11 66200 105 8.31406 0.00012574 7.02493 0.233031 3.14964e-07 0.200234 0.958974 1.16515 0.165153 -1.80088 1.88736 
11 66300 106 8.32654 0.00012574 7.02493 0.233083 2.56908e-07 0.200234 0.959187 1.16541 0.165413 -1.79931 1.8903 
11 66400 106 8.33911 0.00012574 7.02493 0.233094 6.19051e-07 0.200234 0.959233 1.16547 0.165468 -1.79898 1.89322 
11 66500 106 8.35169 0.00012574 7.02493 0.233106 -1.12734e-06 0.200234 0.959284 1.16553 0.16553 -1.7986 1.89615 
11 66600 106 8.36426 0.00012574 7.02493 0.23312 4.31743e-07 0.200235 0.959341 1.1656 0.165599 -1.79818 1.89908 
11 66700 106 8.37683 0.00012574 7.02493 0.233125 -3.25649e-06 0.200236 0.95936 1.16562 0.165623 -1.79804 1.90201 
11 66800 106 8.38941 0.00012574 7.02493 0.233178 -7.40419e-07 0.200235 0.959579 1.16589 0.165888 -1.79644 1.90494 
11 66900 107 8.40189 0.00012574 7.02493 0.233193 -2.10318e-06 0.200234 0.959644 1.16597 0.165967 -1.79596 1.90787 
11 67000 107 8.41446 0.00012574 7.02493 0.233196 -1.30723e-06 0.200235 0.959653 1.16598 0.165978 -1.7959 1.91081 
11 67100 107 8.42703 0.00012574 7.02493 0.233252 1.60171e-06 0.200235 0.959883 1.16626 0.166258 -1.79421 1.91374 
11 67200 107 8.43961 0.00012574 7.02493 0.233272 2.08571e-06 0.200236 0.959965 1.16636 0.166358 -1.79361 1.91668 
11 67300 107 8.45218 0.00012574 7.02493 0.233286 5.19468e-07 0.200236 0.960025 1.16643 0.166431 -1.79318 1.91961 
11 67400 107 8.46476 0.00012574 7.02493 0.233304 1.07932e-06 0.200236 0.960098 1.16652 0.166518 -1.79265 1.92255 
11 67500 107 8.47733 0.00012574 7.02493 0.233311 1.14257e-06 0.200235 0.960128 1.16656 0.166556 -1.79242 1.92548 
11 67600 108 8.48981 0.00012574 7.02493 0.233345 1.45148e-07 0.200236 0.960266 1.16672 0.166723 -1.79142 1.92841 
11 67700 108 8.50238 0.00012574 7.02493 0.233341 -3.22615e-07 0.200237 0.960251 1.16671 0.166705 -1.79153 1.93134 
11 67800 108 8.51496 0.00012574 7.02493 0.233404 -3.16919e-08 0.200236 0.960512 1.16702 0.167022 -1.78963 1.93427 
11 67900 108 8.52753 0.00012574 7.02493 0.23344 -2.27886e-07 0.200238 0.960657 1.1672 0.167198 -1.78858 1.93721 
