11 0 1 0 8.89118e-06 7.02493 0.22101 0 0.200023 0.909508 1.10505 0.105052 -2.2533 7.50531e-07 
11 100 2 0.0017649 1.77824e-05 7.02493 0.217271 -2.88015e-08 0.234075 0.89412 1.08636 0.0863563 -2.44927 0.00038761 
11 200 2 0.00354314 1.77824e-05 7.02493 0.216117 1.06531e-07 0.257369 0.889371 1.08059 0.0805853 -2.51844 0.000772603 
11 300 2 0.00532137 1.77824e-05 7.02493 0.215665 -1.69101e-07 0.270647 0.887512 1.07833 0.0783275 -2.54686 0.00115643 
11 400 2 0.00709961 1.77824e-05 7.02493 0.215416 -2.367e-07 0.27752 0.886487 1.07708 0.0770822 -2.56288 0.00153977 
11 500 2 0.00887785 1.77824e-05 7.02493 0.215334 -6.5176e-08 0.280434 0.886148 1.07667 0.0766693 -2.56825 0.00192258 
11 600 2 0.0106561 1.77824e-05 7.02493 0.215291 -2.04852e-08 0.280912 0.885973 1.07646 0.076457 -2.57103 0.00230534 
11 700 2 0.0124343 1.77824e-05 7.02493 0.215292 -5.30711e-08 0.279907 0.885973 1.07646 0.0764577 -2.57102 0.00268813 
11 800 2 0.0142126 1.77824e-05 7.02493 0.215299 -9.61982e-08 0.277997 0.886004 1.0765 0.0764953 -2.57053 0.00307084 
11 900 2 0.0159908 1.77824e-05 7.02493 0.215319 -5.61117e-08 0.275552 0.886086 1.07659 0.0765949 -2.56922 0.00345366 
11 1000 2 0.017769 1.77824e-05 7.02493 0.21534 -6.17148e-08 0.272806 0.886171 1.0767 0.0766979 -2.56788 0.00383642 
11 1100 2 0.0195473 1.77824e-05 7.02493 0.215355 -3.58261e-08 0.269902 0.886234 1.07677 0.0767746 -2.56688 0.0042193 
11 1200 2 0.0213255 1.77824e-05 7.02493 0.21537 -2.51552e-08 0.266928 0.886298 1.07685 0.0768522 -2.56587 0.0046022 
11 1300 2 0.0231037 1.77824e-05 7.02493 0.215383 -5.2357e-08 0.263957 0.886351 1.07692 0.076916 -2.56504 0.00498509 
11 1400 2 0.024882 1.77824e-05 7.02493 0.21538 -5.48003e-08 0.261015 0.886336 1.0769 0.0768984 -2.56527 0.00536795 
11 1500 2 0.0266602 1.77824e-05 7.02493 0.215394 -5.82074e-08 0.258144 0.886394 1.07697 0.0769683 -2.56436 0.00575105 
11 1600 2 0.0284384 1.77824e-05 7.02493 0.215405 -9.43348e-08 0.255349 0.886441 1.07703 0.0770256 -2.56362 0.00613389 
11 1700 2 0.0302167 1.77824e-05 7.02493 0.215412 -6.175e-08 0.252645 0.886471 1.07706 0.0770618 -2.56315 0.00651681 
11 1800 2 0.0319949 1.77824e-05 7.02493 0.215408 -6.71763e-08 0.250032 0.886451 1.07704 0.0770385 -2.56345 0.00689989 
11 1900 2 0.0337732 1.77824e-05 7.02493 0.215397 -4.05449e-08 0.247516 0.886407 1.07698 0.0769849 -2.56415 0.00728286 
11 2000 2 0.0355514 1.77824e-05 7.02493 0.215396 -4.72996e-08 0.245098 0.886403 1.07698 0.0769798 -2.56421 0.00766568 
11 2100 2 0.0373296 1.77824e-05 7.02493 0.215376 4.08842e-08 0.242776 0.886321 1.07688 0.0768795 -2.56552 0.00804859 
11 2200 2 0.0391079 1.77824e-05 7.02493 0.215358 -4.2504e-09 0.240554 0.886246 1.07679 0.0767886 -2.5667 0.00843164 
11 2300 2 0.0408861 1.77824e-05 7.02493 0.215343 -1.99598e-09 0.238423 0.886186 1.07672 0.0767162 -2.56764 0.00881476 
11 2400 2 0.0426643 1.77824e-05 7.02493 0.215332 -1.53354e-07 0.236382 0.886139 1.07666 0.0766587 -2.56839 0.00919751 
11 2500 2 0.0444426 1.77824e-05 7.02493 0.215318 -3.2076e-07 0.234414 0.886081 1.07659 0.0765881 -2.56931 0.00958045 
11 2600 2 0.0462208 1.77824e-05 7.02493 0.215284 -2.61307e-06 0.232522 0.885944 1.07642 0.0764219 -2.57149 0.00996314 
11 2700 2 0.047999 1.77824e-05 7.02493 0.215247 -5.09846e-06 0.230711 0.885789 1.07623 0.076233 -2.57396 0.010346 
11 2800 2 0.0497773 1.77824e-05 7.02493 0.215212 -4.95526e-06 0.228997 0.885645 1.07606 0.0760591 -2.57624 0.0107287 
11 2900 2 0.0515555 1.77824e-05 7.02493 0.215198 -4.05812e-06 0.22734 0.885587 1.07599 0.0759886 -2.57717 0.0111112 
11 3000 2 0.0533338 1.77824e-05 7.02493 0.215186 -3.542e-06 0.225764 0.88554 1.07593 0.0759306 -2.57794 0.0114939 
11 3100 2 0.055112 1.77824e-05 7.02493 0.215177 -3.78581e-06 0.224279 0.8855 1.07588 0.0758828 -2.57856 0.0118764 
11 3200 2 0.0568902 1.77824e-05 7.02493 0.215169 -2.7563e-06 0.222867 0.885469 1.07585 0.0758452 -2.57906 0.012259 
11 3300 2 0.0586685 1.77824e-05 7.02493 0.215165 -1.03083e-06 0.221534 0.885454 1.07583 0.0758264 -2.57931 0.0126417 
11 3400 2 0.0604467 1.77824e-05 7.02493 0.215139 1.13427e-06 0.220264 0.885345 1.07569 0.0756944 -2.58105 0.0130242 
11 3500 2 0.0622249 1.77824e-05 7.02493 0.215124 1.24606e-06 0.219064 0.885282 1.07562 0.0756175 -2.58207 0.0134067 
11 3600 2 0.0640032 1.77824e-05 7.02493 0.2151 -5.71634e-07 0.217926 0.885187 1.0755 0.0755017 -2.5836 0.0137894 
11 3700 2 0.0657814 1.77824e-05 7.02493 0.215083 -1.02001e-06 0.216842 0.885114 1.07541 0.075413 -2.58478 0.0141717 
11 3800 2 0.0675596 1.77824e-05 7.02493 0.21505 8.84828e-08 0.215811 0.88498 1.07525 0.0752511 -2.58692 0.0145541 
11 3900 2 0.0693379 1.77824e-05 7.02493 0.215031 2.15293e-06 0.214849 0.884901 1.07516 0.0751552 -2.5882 0.0149368 
11 4000 2 0.0711161 1.77824e-05 7.02493 0.215014 3.08935e-06 0.213929 0.884833 1.07507 0.0750725 -2.5893 0.015319 
11 4100 2 0.0728944 1.77824e-05 7.02493 0.214988 4.74871e-06 0.21305 0.884723 1.07494 0.0749387 -2.59108 0.0157012 
11 4200 2 0.0746726 1.77824e-05 7.02493 0.214971 5.49656e-06 0.212224 0.884653 1.07485 0.074853 -2.59223 0.0160837 
11 4300 2 0.0764508 1.77824e-05 7.02493 0.214952 4.5701e-06 0.211453 0.884577 1.07476 0.0747608 -2.59346 0.0164658 
11 4400 2 0.0782291 1.77824e-05 7.02493 0.21493 4.96098e-06 0.210716 0.884484 1.07465 0.0746478 -2.59497 0.0168482 
11 4500 2 0.08 1.77824e-05 7.02493 0.214907 3.91001e-06 0.210019 0.884391 1.07454 0.0745351 -2.59648 0.0172303 
11 4600 3 0.0817782 1.77824e-05 7.02493 0.214888 3.17771e-06 0.209365 0.884313 1.07444 0.0744399 -2.59776 0.0176126 
11 4700 3 0.0835565 1.77824e-05 7.02493 0.214861 4.3084e-06 0.208748 0.8842 1.0743 0.0743032 -2.5996 0.0179947 
11 4800 3 0.0853347 1.77824e-05 7.02493 0.214835 4.06058e-06 0.208167 0.884096 1.07418 0.0741764 -2.60131 0.0183765 
11 4900 3 0.0871129 1.77824e-05 7.02493 0.214818 2.66237e-06 0.20763 0.884023 1.07409 0.0740883 -2.6025 0.0187587 
11 5000 3 0.0888912 1.77824e-05 7.02493 0.214802 1.27656e-06 0.207129 0.883959 1.07401 0.0740098 -2.60356 0.0191408 
11 5100 3 0.0906694 1.77824e-05 7.02493 0.214791 -1.55179e-06 0.206652 0.883913 1.07395 0.0739541 -2.60431 0.0195229 
11 5200 3 0.0924477 1.77824e-05 7.02493 0.214781 1.85158e-06 0.206216 0.88387 1.0739 0.0739025 -2.60501 0.0199046 
11 5300 3 0.0942259 1.77824e-05 7.02493 0.214757 2.77263e-06 0.205813 0.883774 1.07379 0.0737857 -2.60659 0.0202868 
11 5400 3 0.0960041 1.77824e-05 7.02493 0.214751 4.07763e-06 0.20544 0.883747 1.07375 0.073753 -2.60703 0.0206686 
11 5500 3 0.0977824 1.77824e-05 7.02493 0.214727 3.3306e-06 0.205103 0.883649 1.07363 0.0736337 -2.60865 0.0210506 
11 5600 3 0.0995606 1.77824e-05 7.02493 0.214694 4.18051e-06 0.20479 0.883513 1.07347 0.0734683 -2.6109 0.0214322 
11 5700 3 0.101339 1.77824e-05 7.02493 0.214669 2.71299e-07 0.204503 0.883411 1.07334 0.0733448 -2.61258 0.0218142 
11 5800 3 0.103117 1.77824e-05 7.02493 0.214656 3.91239e-06 0.204244 0.883357 1.07328 0.0732792 -2.61348 0.0221957 
11 5900 3 0.104895 1.77824e-05 7.02493 0.214639 5.91278e-06 0.20401 0.883287 1.07319 0.0731936 -2.61465 0.0225776 
11 6000 3 0.106674 1.77824e-05 7.02493 0.214623 4.89726e-06 0.203795 0.883221 1.07311 0.0731138 -2.61574 0.0229592 
11 6100 3 0.108452 1.77824e-05 7.02493 0.214607 6.34502e-06 0.203598 0.883158 1.07304 0.0730367 -2.61679 0.0233411 
11 6200 3 0.11023 1.77824e-05 7.02493 0.214591 6.99731e-06 0.203412 0.883091 1.07296 0.0729559 -2.6179 0.0237225 
11 6300 3 0.112008 1.77824e-05 7.02493 0.214576 6.45945e-06 0.20324 0.883029 1.07288 0.07288 -2.61894 0.0241042 
11 6400 3 0.113786 1.77824e-05 7.02493 0.214552 4.68943e-06 0.203077 0.88293 1.07276 0.0727599 -2.62059 0.0244858 
11 6500 3 0.115565 1.77824e-05 7.02493 0.214544 4.66419e-06 0.202931 0.882899 1.07272 0.0727223 -2.62111 0.0248673 
11 6600 3 0.117343 1.77824e-05 7.02493 0.214521 6.18274e-06 0.202792 0.882803 1.07261 0.0726056 -2.62271 0.0252488 
11 6700 3 0.119121 1.77824e-05 7.02493 0.214513 1.14051e-05 0.202668 0.882768 1.07256 0.0725635 -2.62329 0.0256305 
11 6800 3 0.120899 1.77824e-05 7.02493 0.214499 9.30156e-06 0.202555 0.882712 1.0725 0.0724955 -2.62423 0.0260117 
11 6900 3 0.122678 1.77824e-05 7.02493 0.214483 4.71891e-06 0.202447 0.882647 1.07242 0.0724159 -2.62533 0.026393 
11 7000 3 0.124456 1.77824e-05 7.02493 0.214475 7.93651e-07 0.202353 0.882613 1.07238 0.072375 -2.62589 0.0267749 
11 7100 3 0.126234 1.77824e-05 7.02493 0.214446 -1.58433e-06 0.202266 0.882494 1.07223 0.0722303 -2.6279 0.0271559 
11 7200 3 0.128012 1.77824e-05 7.02493 0.214432 -4.53075e-06 0.20219 0.882438 1.07216 0.0721623 -2.62884 0.0275372 
11 7300 3 0.129791 1.77824e-05 7.02493 0.214417 -9.43233e-06 0.20212 0.882374 1.07208 0.0720847 -2.62991 0.0279189 
11 7400 3 0.131569 1.77824e-05 7.02493 0.214389 -6.11217e-06 0.202049 0.88226 1.07195 0.0719461 -2.63184 0.0282999 
11 7500 3 0.133347 1.77824e-05 7.02493 0.214373 -6.59136e-06 0.20199 0.882195 1.07187 0.0718668 -2.63294 0.0286812 
11 7600 3 0.135125 1.77824e-05 7.02493 0.21436 -4.82648e-06 0.201932 0.88214 1.0718 0.0718007 -2.63386 0.0290623 
11 7700 3 0.136904 1.77824e-05 7.02493 0.214351 -5.46835e-06 0.201881 0.882104 1.07176 0.071756 -2.63448 0.0294436 
11 7800 3 0.138682 1.77824e-05 7.02493 0.214344 -8.33126e-06 0.201836 0.882076 1.07172 0.0717224 -2.63495 0.0298248 
11 7900 3 0.14046 1.77824e-05 7.02493 0.214349 -6.38307e-06 0.201792 0.882094 1.07174 0.0717437 -2.63465 0.0302062 
11 8000 3 0.142238 1.77824e-05 7.02493 0.214337 -1.31068e-05 0.201748 0.882043 1.07168 0.0716827 -2.63551 0.0305872 
11 8100 3 0.144017 1.77824e-05 7.02493 0.214313 -9.1302e-06 0.201706 0.881945 1.07156 0.0715636 -2.63717 0.0309683 
11 8200 3 0.145795 1.77824e-05 7.02493 0.214287 -1.72621e-06 0.201667 0.88184 1.07144 0.0714355 -2.63896 0.0313497 
11 8300 3 0.147573 1.77824e-05 7.02493 0.21426 5.44085e-06 0.20163 0.881729 1.0713 0.0713006 -2.64085 0.0317306 
11 8400 3 0.149351 1.77824e-05 7.02493 0.214243 9.10637e-06 0.201595 0.881659 1.07122 0.0712156 -2.64204 0.0321115 
11 8500 3 0.151129 1.77824e-05 7.02493 0.214227 1.80195e-05 0.201562 0.881592 1.07113 0.0711347 -2.64318 0.0324923 
11 8600 3 0.152908 1.77824e-05 7.02493 0.214217 2.44504e-05 0.201532 0.881551 1.07108 0.0710847 -2.64388 0.0328735 
11 8700 3 0.154686 1.77824e-05 7.02493 0.214207 2.0222e-05 0.201501 0.881509 1.07103 0.0710336 -2.6446 0.0332547 
11 8800 3 0.156464 1.77824e-05 7.02493 0.214217 1.08364e-05 0.201473 0.88155 1.07108 0.0710837 -2.6439 0.0336353 
11 8900 3 0.158242 1.77824e-05 7.02493 0.214223 5.37034e-06 0.201448 0.881575 1.07111 0.0711136 -2.64348 0.0340163 
11 9000 4 0.160018 1.77824e-05 7.02493 0.214221 3.57286e-06 0.201422 0.881567 1.0711 0.0711036 -2.64362 0.0343976 
11 9100 4 0.161796 1.77824e-05 7.02493 0.214186 -4.8864e-06 0.201395 0.881423 1.07093 0.070929 -2.64608 0.0347783 
11 9200 4 0.163574 1.77824e-05 7.02493 0.214184 -8.17801e-06 0.201373 0.881414 1.07092 0.0709179 -2.64623 0.0351596 
11 9300 4 0.165352 1.77824e-05 7.02493 0.214177 -1.26992e-05 0.201348 0.881388 1.07089 0.0708868 -2.64667 0.0355403 
11 9400 4 0.167131 1.77824e-05 7.02493 0.214162 -1.2371e-05 0.201326 0.881324 1.07081 0.0708084 -2.64778 0.0359207 
11 9500 4 0.168909 1.77824e-05 7.02493 0.21415 -1.07129e-05 0.201307 0.881278 1.07075 0.0707525 -2.64857 0.0363017 
11 9600 4 0.170687 1.77824e-05 7.02493 0.214128 -1.48619e-05 0.201287 0.881184 1.07064 0.0706381 -2.65019 0.036683 
11 9700 4 0.172465 1.77824e-05 7.02493 0.214102 -1.30535e-05 0.201267 0.881078 1.07051 0.0705095 -2.65201 0.0370633 
11 9800 4 0.174244 1.77824e-05 7.02493 0.214105 -1.31977e-05 0.201254 0.881091 1.07053 0.0705253 -2.65178 0.0374442 
11 9900 4 0.176022 1.77824e-05 7.02493 0.214114 -6.47445e-06 0.201237 0.881129 1.07057 0.0705718 -2.65112 0.0378249 
11 10000 4 0.1778 1.77824e-05 7.02493 0.214098 -8.98739e-06 0.201221 0.881062 1.07049 0.0704898 -2.65229 0.0382054 
11 10100 4 0.179578 1.77824e-05 7.02493 0.214069 -2.32788e-06 0.201206 0.880944 1.07035 0.0703466 -2.65432 0.0385863 
11 10200 4 0.181357 1.77824e-05 7.02493 0.214039 -5.16355e-06 0.201189 0.880817 1.07019 0.070193 -2.65651 0.0389669 
11 10300 4 0.183135 1.77824e-05 7.02493 0.214033 5.18588e-06 0.201175 0.880796 1.07017 0.070167 -2.65688 0.0393475 
11 10400 4 0.184913 1.77824e-05 7.02493 0.214026 3.04848e-06 0.201157 0.880767 1.07013 0.0701323 -2.65737 0.0397279 
11 10500 4 0.186691 1.77824e-05 7.02493 0.214018 3.14743e-06 0.201145 0.880731 1.07009 0.0700888 -2.65799 0.0401089 
11 10600 4 0.18847 1.77824e-05 7.02493 0.214016 6.98572e-06 0.201128 0.880724 1.07008 0.07008 -2.65812 0.0404894 
11 10700 4 0.190248 1.77824e-05 7.02493 0.213995 9.50552e-06 0.201114 0.880639 1.06998 0.0699761 -2.6596 0.0408703 
11 10800 4 0.192026 1.77824e-05 7.02493 0.213973 1.38e-05 0.201101 0.880549 1.06987 0.0698669 -2.66116 0.0412506 
11 10900 4 0.193804 1.77824e-05 7.02493 0.213952 1.66285e-05 0.201089 0.880461 1.06976 0.0697599 -2.6627 0.0416308 
11 11000 4 0.195583 1.77824e-05 7.02493 0.213941 1.39442e-05 0.201078 0.880417 1.06971 0.0697063 -2.66346 0.0420111 
11 11100 4 0.197361 1.77824e-05 7.02493 0.213929 1.11959e-05 0.201067 0.880364 1.06964 0.0696427 -2.66438 0.0423915 
11 11200 4 0.199139 1.77824e-05 7.02493 0.213907 5.91356e-06 0.201057 0.880277 1.06954 0.0695363 -2.66591 0.042772 
11 11300 4 0.200917 1.77824e-05 7.02493 0.213903 8.33397e-06 0.20105 0.880259 1.06951 0.0695145 -2.66622 0.0431525 
11 11400 4 0.202695 1.77824e-05 7.02493 0.213862 1.11413e-05 0.201038 0.880092 1.06931 0.0693116 -2.66914 0.0435328 
11 11500 4 0.204474 1.77824e-05 7.02493 0.213844 6.64848e-06 0.201028 0.880015 1.06922 0.0692188 -2.67048 0.0439132 
11 11600 4 0.206252 1.77824e-05 7.02493 0.213807 2.12968e-07 0.201019 0.879866 1.06904 0.069037 -2.67311 0.0442937 
11 11700 4 0.20803 1.77824e-05 7.02493 0.213757 1.49726e-06 0.201012 0.879659 1.06879 0.0687856 -2.67676 0.0446739 
11 11800 4 0.209808 1.77824e-05 7.02493 0.213743 5.63398e-06 0.201004 0.879601 1.06871 0.0687147 -2.67779 0.0450538 
11 11900 4 0.211587 1.77824e-05 7.02493 0.21374 3.8035e-06 0.200995 0.87959 1.0687 0.0687021 -2.67797 0.0454343 
11 12000 4 0.213365 1.77824e-05 7.02493 0.213773 2.76034e-06 0.200985 0.879722 1.06886 0.0688628 -2.67564 0.0458142 
11 12100 4 0.215143 1.77824e-05 7.02493 0.213783 -9.06001e-06 0.200976 0.879766 1.06892 0.0689155 -2.67487 0.0461945 
11 12200 4 0.216921 1.77824e-05 7.02493 0.213781 -5.03482e-06 0.200969 0.879758 1.06891 0.0689059 -2.67501 0.0465745 
11 12300 4 0.2187 1.77824e-05 7.02493 0.213772 1.46896e-05 0.200962 0.879719 1.06886 0.0688587 -2.6757 0.0469548 
11 12400 4 0.220478 1.77824e-05 7.02493 0.213754 3.16566e-05 0.200953 0.879648 1.06877 0.0687718 -2.67696 0.0473347 
11 12500 4 0.222256 1.77824e-05 7.02493 0.213715 5.83954e-05 0.200946 0.879484 1.06857 0.0685728 -2.67986 0.0477146 
11 12600 4 0.224034 1.77824e-05 7.02493 0.213699 6.14896e-05 0.200939 0.879418 1.06849 0.0684932 -2.68102 0.0480947 
11 12700 4 0.225813 1.77824e-05 7.02493 0.213662 4.51789e-05 0.200933 0.879266 1.06831 0.0683084 -2.68372 0.048475 
11 12800 4 0.227591 1.77824e-05 7.02493 0.213618 4.96554e-05 0.200924 0.879085 1.06809 0.0680878 -2.68696 0.0488547 
11 12900 4 0.229369 1.77824e-05 7.02493 0.213601 5.47248e-05 0.200921 0.879015 1.068 0.0680038 -2.68819 0.0492348 
11 13000 4 0.231147 1.77824e-05 7.02493 0.213561 4.2641e-05 0.200918 0.878853 1.06781 0.0678058 -2.69111 0.0496147 
11 13100 4 0.232925 1.77824e-05 7.02493 0.213504 4.50521e-05 0.200911 0.878618 1.06752 0.0675214 -2.69531 0.0499943 
11 13200 4 0.234704 1.77824e-05 7.02493 0.213477 4.00232e-05 0.200905 0.878506 1.06738 0.0673843 -2.69734 0.0503739 
11 13300 4 0.236482 1.77824e-05 7.02493 0.213466 4.24842e-05 0.200899 0.87846 1.06733 0.0673295 -2.69816 0.0507535 
11 13400 4 0.23826 1.77824e-05 7.02493 0.213459 4.96227e-05 0.200892 0.878431 1.06729 0.0672934 -2.69869 0.0511331 
11 13500 5 0.240036 1.77824e-05 7.02493 0.213447 6.0051e-05 0.200885 0.878385 1.06724 0.0672372 -2.69953 0.0515127 
11 13600 5 0.241814 1.77824e-05 7.02493 0.213452 5.62487e-05 0.200879 0.878403 1.06726 0.0672591 -2.6992 0.0518922 
11 13700 5 0.243592 1.77824e-05 7.02493 0.213458 3.20498e-05 0.200874 0.878426 1.06729 0.0672879 -2.69878 0.0522715 
11 13800 5 0.24537 1.77824e-05 7.02493 0.213493 4.812e-06 0.200871 0.878574 1.06747 0.0674673 -2.69611 0.052651 
11 13900 5 0.247149 1.77824e-05 7.02493 0.213488 2.13729e-06 0.200868 0.878553 1.06744 0.0674421 -2.69649 0.0530312 
11 14000 5 0.248927 1.77824e-05 7.02493 0.213437 3.29676e-06 0.200867 0.87834 1.06718 0.0671828 -2.70034 0.053411 
11 14100 5 0.250705 1.77824e-05 7.02493 0.213377 -2.5216e-05 0.200861 0.878095 1.06689 0.0668855 -2.70477 0.0537904 
11 14200 5 0.252483 1.77824e-05 7.02493 0.213337 -3.51645e-05 0.200857 0.877929 1.06668 0.0666832 -2.7078 0.0541696 
11 14300 5 0.254261 1.77824e-05 7.02493 0.213339 -4.6295e-05 0.200852 0.877937 1.06669 0.066693 -2.70766 0.0545491 
11 14400 5 0.25604 1.77824e-05 7.02493 0.213375 -4.0572e-05 0.200842 0.878085 1.06687 0.0668733 -2.70495 0.0549283 
11 14500 5 0.257818 1.77824e-05 7.02493 0.213414 -3.86285e-05 0.200836 0.878249 1.06707 0.0670722 -2.70199 0.0553078 
11 14600 5 0.259596 1.77824e-05 7.02493 0.213433 -1.57046e-05 0.200831 0.878325 1.06716 0.0671649 -2.7006 0.0556872 
11 14700 5 0.261374 1.77824e-05 7.02493 0.213441 -1.00271e-05 0.200825 0.878356 1.0672 0.0672026 -2.70004 0.0560666 
11 14800 5 0.263153 1.77824e-05 7.02493 0.213447 -9.43396e-06 0.200823 0.878384 1.06724 0.0672369 -2.69953 0.0564464 
11 14900 5 0.264931 1.77824e-05 7.02493 0.213411 -3.79722e-06 0.200822 0.878233 1.06705 0.0670527 -2.70228 0.0568262 
11 15000 5 0.266709 1.77824e-05 7.02493 0.213372 1.20964e-05 0.200817 0.878076 1.06686 0.066862 -2.70512 0.0572055 
11 15100 5 0.268487 1.77824e-05 7.02493 0.213344 2.72575e-05 0.200814 0.877958 1.06672 0.066719 -2.70726 0.057585 
11 15200 5 0.270266 1.77824e-05 7.02493 0.213309 1.72834e-05 0.20081 0.877816 1.06655 0.0665467 -2.70985 0.0579644 
11 15300 5 0.272044 1.77824e-05 7.02493 0.213288 6.05843e-06 0.200803 0.877728 1.06644 0.0664397 -2.71146 0.0583438 
11 15400 5 0.273822 1.77824e-05 7.02493 0.213293 9.55565e-06 0.200797 0.877748 1.06646 0.0664638 -2.7111 0.0587229 
11 15500 5 0.2756 1.77824e-05 7.02493 0.213293 1.31409e-05 0.200796 0.87775 1.06647 0.0664667 -2.71105 0.0591025 
11 15600 5 0.277379 1.77824e-05 7.02493 0.213265 2.18736e-05 0.200796 0.877636 1.06633 0.0663274 -2.71315 0.0594816 
11 15700 5 0.279157 1.77824e-05 7.02493 0.213234 2.52689e-05 0.200795 0.877508 1.06617 0.0661721 -2.7155 0.0598609 
11 15800 5 0.280935 1.77824e-05 7.02493 0.213211 2.24545e-05 0.200794 0.877412 1.06606 0.0660553 -2.71726 0.06024 
11 15900 5 0.282713 1.77824e-05 7.02493 0.213188 1.84438e-05 0.200793 0.877316 1.06594 0.0659389 -2.71903 0.0606193 
11 16000 5 0.284491 1.77824e-05 7.02493 0.213157 2.09588e-05 0.20079 0.877189 1.06578 0.0657844 -2.72137 0.0609984 
11 16100 5 0.28627 1.77824e-05 7.02493 0.213122 1.16555e-05 0.200785 0.877043 1.06561 0.0656076 -2.72406 0.0613773 
11 16200 5 0.288048 1.77824e-05 7.02493 0.213116 1.23441e-05 0.20078 0.877021 1.06558 0.0655801 -2.72448 0.0617564 
11 16300 5 0.289826 1.77824e-05 7.02493 0.213116 3.63057e-06 0.200778 0.87702 1.06558 0.0655796 -2.72449 0.0621358 
11 16400 5 0.291604 1.77824e-05 7.02493 0.213105 3.24123e-06 0.200777 0.876975 1.06552 0.0655244 -2.72533 0.0625143 
11 16500 5 0.293383 1.77824e-05 7.02493 0.213108 -4.77083e-07 0.200777 0.876987 1.06554 0.0655392 -2.72511 0.0628932 
11 16600 5 0.295161 1.77824e-05 7.02493 0.213116 -1.15857e-06 0.200776 0.87702 1.06558 0.065579 -2.7245 0.0632722 
11 16700 5 0.296939 1.77824e-05 7.02493 0.213097 6.63089e-07 0.200773 0.876941 1.06548 0.0654831 -2.72596 0.0636509 
11 16800 5 0.298717 1.77824e-05 7.02493 0.213068 -1.14119e-06 0.200769 0.876822 1.06534 0.0653393 -2.72816 0.0640299 
11 16900 5 0.300496 1.77824e-05 7.02493 0.213061 -2.60199e-06 0.200765 0.876793 1.0653 0.0653035 -2.72871 0.0644088 
11 17000 5 0.302274 1.77824e-05 7.02493 0.213069 -1.62741e-05 0.200762 0.876827 1.06534 0.0653447 -2.72808 0.0647879 
11 17100 5 0.304052 1.77824e-05 7.02493 0.213067 -1.38831e-05 0.20076 0.876818 1.06533 0.0653337 -2.72825 0.065167 
11 17200 5 0.30583 1.77824e-05 7.02493 0.21308 -8.20992e-06 0.200756 0.876871 1.0654 0.0653986 -2.72725 0.0655458 
11 17300 5 0.307609 1.77824e-05 7.02493 0.213059 -8.69716e-06 0.200757 0.876787 1.0653 0.0652963 -2.72882 0.0659247 
11 17400 5 0.309387 1.77824e-05 7.02493 0.213017 -2.27653e-05 0.200755 0.876614 1.06509 0.065086 -2.73205 0.0663034 
11 17500 5 0.311165 1.77824e-05 7.02493 0.212964 -2.50643e-05 0.200756 0.876396 1.06482 0.0648215 -2.73612 0.0666823 
11 17600 5 0.312943 1.77824e-05 7.02493 0.212947 -2.12678e-05 0.200756 0.876324 1.06473 0.0647342 -2.73747 0.067061 
11 17700 5 0.314721 1.77824e-05 7.02493 0.212928 -1.3738e-05 0.200751 0.876248 1.06464 0.0646417 -2.7389 0.0674396 
11 17800 5 0.3165 1.77824e-05 7.02493 0.212946 -9.16513e-06 0.200747 0.876319 1.06473 0.0647276 -2.73757 0.0678182 
11 17900 5 0.318278 1.77824e-05 7.02493 0.212947 9.78923e-07 0.200742 0.876327 1.06474 0.0647371 -2.73742 0.0681969 
11 18000 6 0.320053 1.77824e-05 7.02493 0.212958 5.61129e-06 0.200739 0.87637 1.06479 0.0647897 -2.73661 0.0685755 
11 18100 6 0.321832 1.77824e-05 7.02493 0.212946 7.90959e-06 0.200734 0.876319 1.06473 0.0647281 -2.73756 0.0689545 
11 18200 6 0.32361 1.77824e-05 7.02493 0.212931 1.21062e-05 0.200732 0.876261 1.06466 0.0646571 -2.73866 0.069333 
11 18300 6 0.325388 1.77824e-05 7.02493 0.212947 1.40618e-05 0.200727 0.876327 1.06474 0.0647373 -2.73742 0.0697117 
11 18400 6 0.327166 1.77824e-05 7.02493 0.212952 1.00472e-05 0.200725 0.876347 1.06476 0.0647612 -2.73705 0.0700905 
11 18500 6 0.328945 1.77824e-05 7.02493 0.212909 6.33417e-06 0.200725 0.876167 1.06454 0.0645433 -2.74042 0.0704692 
11 18600 6 0.330723 1.77824e-05 7.02493 0.212865 -2.13642e-06 0.200727 0.875986 1.06432 0.0643226 -2.74384 0.0708478 
11 18700 6 0.332501 1.77824e-05 7.02493 0.212832 -6.57346e-06 0.200726 0.875854 1.06416 0.0641624 -2.74634 0.0712263 
11 18800 6 0.334279 1.77824e-05 7.02493 0.212818 -9.46509e-06 0.200725 0.875795 1.06409 0.0640908 -2.74745 0.0716046 
11 18900 6 0.336057 1.77824e-05 7.02493 0.212813 -1.75472e-05 0.200722 0.875775 1.06407 0.0640665 -2.74783 0.0719831 
11 19000 6 0.337836 1.77824e-05 7.02493 0.212822 -7.99023e-06 0.200716 0.875813 1.06411 0.0641123 -2.74712 0.0723616 
11 19100 6 0.339614 1.77824e-05 7.02493 0.21287 -4.1326e-06 0.200712 0.876009 1.06435 0.0643504 -2.74341 0.0727401 
11 19200 6 0.341392 1.77824e-05 7.02493 0.212902 -7.33355e-06 0.20071 0.876139 1.06451 0.0645083 -2.74096 0.0731185 
11 19300 6 0.34317 1.77824e-05 7.02493 0.212914 -9.98974e-07 0.200711 0.876189 1.06457 0.0645694 -2.74001 0.0734971 
11 19400 6 0.344949 1.77824e-05 7.02493 0.212884 -2.02958e-07 0.200713 0.876067 1.06442 0.0644211 -2.74231 0.0738758 
11 19500 6 0.346727 1.77824e-05 7.02493 0.212849 -1.87164e-06 0.200713 0.875922 1.06425 0.0642456 -2.74504 0.0742546 
11 19600 6 0.348505 1.77824e-05 7.02493 0.212815 2.19203e-06 0.200714 0.875782 1.06408 0.0640752 -2.7477 0.0746328 
11 19700 6 0.350283 1.77824e-05 7.02493 0.212772 -9.89033e-07 0.200711 0.875607 1.06386 0.0638622 -2.75103 0.0750114 
11 19800 6 0.352062 1.77824e-05 7.02493 0.212737 -4.4335e-06 0.20071 0.875463 1.06369 0.0636872 -2.75377 0.0753898 
11 19900 6 0.35384 1.77824e-05 7.02493 0.21274 -3.40118e-06 0.200705 0.875474 1.0637 0.0637005 -2.75356 0.0757679 
11 20000 6 0.355618 1.77824e-05 7.02493 0.212743 -7.73475e-06 0.200701 0.875487 1.06372 0.0637163 -2.75331 0.0761461 
11 20100 6 0.357396 1.77824e-05 7.02493 0.212744 -5.27113e-06 0.200702 0.87549 1.06372 0.0637199 -2.75326 0.0765245 
11 20200 6 0.359175 1.77824e-05 7.02493 0.212719 -2.45077e-06 0.200704 0.875389 1.0636 0.0635974 -2.75518 0.076903 
11 20300 6 0.360953 1.77824e-05 7.02493 0.212687 -5.01611e-07 0.200704 0.875256 1.06344 0.0634362 -2.75772 0.0772814 
11 20400 6 0.362731 1.77824e-05 7.02493 0.21263 -4.64461e-06 0.200705 0.875019 1.06315 0.0631482 -2.76227 0.0776592 
11 20500 6 0.364509 1.77824e-05 7.02493 0.212595 -4.8622e-06 0.200703 0.874877 1.06298 0.0629754 -2.76501 0.0780374 
11 20600 6 0.366287 1.77824e-05 7.02493 0.21259 -1.88374e-05 0.2007 0.874855 1.06295 0.0629485 -2.76544 0.078415 
11 20700 6 0.368066 1.77824e-05 7.02493 0.212619 -2.66945e-05 0.2007 0.874975 1.06309 0.0630947 -2.76312 0.0787935 
11 20800 6 0.369844 1.77824e-05 7.02493 0.212637 -3.13352e-05 0.200697 0.875047 1.06318 0.0631826 -2.76173 0.0791715 
11 20900 6 0.371622 1.77824e-05 7.02493 0.212643 -3.16686e-05 0.200693 0.875072 1.06321 0.0632126 -2.76125 0.0795494 
11 21000 6 0.3734 1.77824e-05 7.02493 0.212632 -2.9107e-05 0.200691 0.87503 1.06316 0.0631612 -2.76206 0.0799276 
11 21100 6 0.375179 1.77824e-05 7.02493 0.212633 -2.98304e-05 0.200692 0.875034 1.06317 0.0631665 -2.76198 0.0803059 
11 21200 6 0.376957 1.77824e-05 7.02493 0.212621 -2.21182e-05 0.200691 0.874982 1.0631 0.0631035 -2.76298 0.0806835 
11 21300 6 0.378735 1.77824e-05 7.02493 0.212609 -1.74761e-05 0.200694 0.874934 1.06305 0.0630451 -2.7639 0.0810619 
11 21400 6 0.380513 1.77824e-05 7.02493 0.212539 -2.11856e-05 0.200695 0.874648 1.0627 0.0626973 -2.76944 0.0814398 
11 21500 6 0.382292 1.77824e-05 7.02493 0.212518 -2.04847e-05 0.200693 0.874561 1.06259 0.062591 -2.77113 0.0818177 
11 21600 6 0.38407 1.77824e-05 7.02493 0.212518 -1.70366e-05 0.20069 0.874561 1.06259 0.0625917 -2.77112 0.0821958 
11 21700 6 0.385848 1.77824e-05 7.02493 0.212529 -5.07466e-06 0.200689 0.874605 1.06264 0.0626445 -2.77028 0.0825737 
11 21800 6 0.387626 1.77824e-05 7.02493 0.212551 3.49368e-06 0.200687 0.874696 1.06276 0.0627553 -2.76851 0.0829517 
11 21900 6 0.389405 1.77824e-05 7.02493 0.212568 1.08352e-05 0.20068 0.874766 1.06284 0.0628412 -2.76714 0.0833296 
11 22000 6 0.391183 1.77824e-05 7.02493 0.212573 8.45765e-06 0.200678 0.874786 1.06286 0.0628647 -2.76677 0.0837077 
11 22100 6 0.392961 1.77824e-05 7.02493 0.212582 3.72859e-06 0.200676 0.874823 1.06291 0.0629099 -2.76605 0.0840852 
11 22200 6 0.394739 1.77824e-05 7.02493 0.212621 5.61089e-06 0.200672 0.874985 1.06311 0.0631062 -2.76294 0.0844636 
11 22300 6 0.396518 1.77824e-05 7.02493 0.212642 9.11697e-06 0.200669 0.875068 1.06321 0.0632081 -2.76132 0.0848418 
11 22400 6 0.398296 1.77824e-05 7.02493 0.212597 1.13954e-05 0.200671 0.874883 1.06298 0.062983 -2.76489 0.0852199 
11 22500 7 0.400071 1.77824e-05 7.02493 0.212537 2.46341e-05 0.200673 0.874638 1.06269 0.0626858 -2.76962 0.0855977 
11 22600 7 0.401849 1.77824e-05 7.02493 0.212521 2.41772e-05 0.200671 0.874573 1.06261 0.0626064 -2.77089 0.0859756 
11 22700 7 0.403628 1.77824e-05 7.02493 0.212519 2.46594e-05 0.200668 0.874562 1.06259 0.0625932 -2.7711 0.0863537 
11 22800 7 0.405406 1.77824e-05 7.02493 0.212516 2.35138e-05 0.200668 0.874551 1.06258 0.062579 -2.77133 0.0867314 
11 22900 7 0.407184 1.77824e-05 7.02493 0.212512 1.33062e-05 0.200663 0.874533 1.06256 0.0625578 -2.77166 0.0871095 
11 23000 7 0.408962 1.77824e-05 7.02493 0.21251 -1.79364e-07 0.200662 0.874526 1.06255 0.0625491 -2.7718 0.0874876 
11 23100 7 0.410741 1.77824e-05 7.02493 0.212481 -2.91312e-06 0.200662 0.874406 1.0624 0.0624029 -2.77414 0.0878652 
11 23200 7 0.412519 1.77824e-05 7.02493 0.212453 -2.3777e-06 0.200665 0.874292 1.06226 0.0622643 -2.77637 0.088243 
11 23300 7 0.414297 1.77824e-05 7.02493 0.212429 -7.08625e-06 0.200666 0.874193 1.06214 0.0621445 -2.77829 0.0886207 
11 23400 7 0.416075 1.77824e-05 7.02493 0.212396 -9.79944e-06 0.200667 0.874056 1.06198 0.0619784 -2.78097 0.0889984 
11 23500 7 0.417853 1.77824e-05 7.02493 0.212376 -9.38795e-06 0.200664 0.873976 1.06188 0.0618811 -2.78254 0.0893762 
11 23600 7 0.419632 1.77824e-05 7.02493 0.212361 -6.8264e-06 0.200664 0.873914 1.06181 0.0618051 -2.78377 0.0897535 
11 23700 7 0.42141 1.77824e-05 7.02493 0.212361 -5.28037e-06 0.200662 0.873913 1.0618 0.0618042 -2.78378 0.0901314 
11 23800 7 0.423188 1.77824e-05 7.02493 0.21237 -9.40322e-06 0.200656 0.873952 1.06185 0.0618512 -2.78302 0.090509 
11 23900 7 0.424966 1.77824e-05 7.02493 0.212388 -6.31249e-06 0.200654 0.874023 1.06194 0.0619376 -2.78163 0.0908865 
11 24000 7 0.426745 1.77824e-05 7.02493 0.212385 -1.35711e-05 0.200658 0.874013 1.06193 0.0619264 -2.78181 0.0912643 
11 24100 7 0.428523 1.77824e-05 7.02493 0.212364 -1.252e-05 0.200659 0.873927 1.06182 0.0618214 -2.78351 0.0916419 
11 24200 7 0.430301 1.77824e-05 7.02493 0.212333 -2.09332e-05 0.20066 0.873799 1.06167 0.0616657 -2.78603 0.0920195 
11 24300 7 0.432079 1.77824e-05 7.02493 0.212305 -1.83932e-05 0.200659 0.873685 1.06153 0.0615268 -2.78828 0.0923968 
11 24400 7 0.433858 1.77824e-05 7.02493 0.212299 -1.71753e-05 0.200656 0.873656 1.06149 0.0614926 -2.78884 0.0927743 
11 24500 7 0.435636 1.77824e-05 7.02493 0.212303 -8.61263e-06 0.200655 0.873673 1.06151 0.0615131 -2.7885 0.0931521 
11 24600 7 0.437414 1.77824e-05 7.02493 0.212297 -8.79889e-06 0.200654 0.87365 1.06148 0.0614848 -2.78897 0.0935296 
11 24700 7 0.439192 1.77824e-05 7.02493 0.212281 -2.95677e-06 0.200654 0.873585 1.06141 0.0614063 -2.79024 0.0939073 
11 24800 7 0.440971 1.77824e-05 7.02493 0.212222 -5.73625e-06 0.200654 0.873342 1.06111 0.0611107 -2.79507 0.0942847 
11 24900 7 0.442749 1.77824e-05 7.02493 0.212209 -7.68339e-06 0.200653 0.873289 1.06105 0.0610463 -2.79612 0.0946619 
11 25000 7 0.444527 1.77824e-05 7.02493 0.212212 -2.94807e-06 0.200652 0.873301 1.06106 0.0610603 -2.79589 0.095039 
11 25100 7 0.446305 1.77824e-05 7.02493 0.212204 3.55939e-06 0.200652 0.873267 1.06102 0.0610198 -2.79656 0.0954165 
11 25200 7 0.448084 1.77824e-05 7.02493 0.21221 1.1568e-05 0.200652 0.873293 1.06105 0.0610513 -2.79604 0.0957938 
11 25300 7 0.449862 1.77824e-05 7.02493 0.212202 2.06579e-05 0.200653 0.873258 1.06101 0.0610082 -2.79675 0.0961713 
11 25400 7 0.45164 1.77824e-05 7.02493 0.212172 1.84033e-05 0.200651 0.873137 1.06086 0.0608619 -2.79915 0.0965485 
11 25500 7 0.453418 1.77824e-05 7.02493 0.212187 4.84228e-06 0.200649 0.873197 1.06093 0.0609347 -2.79795 0.0969257 
11 25600 7 0.455196 1.77824e-05 7.02493 0.212199 -3.61879e-06 0.200647 0.873247 1.061 0.0609955 -2.79696 0.0973029 
11 25700 7 0.456975 1.77824e-05 7.02493 0.212191 -5.77965e-06 0.200648 0.873213 1.06095 0.0609541 -2.79763 0.0976803 
11 25800 7 0.458753 1.77824e-05 7.02493 0.212184 5.32754e-06 0.200644 0.873184 1.06092 0.0609186 -2.79822 0.0980577 
11 25900 7 0.460531 1.77824e-05 7.02493 0.212203 -8.36971e-07 0.20064 0.873262 1.06101 0.0610128 -2.79667 0.0984352 
11 26000 7 0.462309 1.77824e-05 7.02493 0.212222 -1.70566e-06 0.200637 0.873342 1.06111 0.0611111 -2.79506 0.0988123 
11 26100 7 0.464088 1.77824e-05 7.02493 0.212241 -6.14498e-06 0.200635 0.873419 1.0612 0.0612046 -2.79353 0.0991897 
11 26200 7 0.465866 1.77824e-05 7.02493 0.212255 -1.17372e-05 0.200634 0.873477 1.06128 0.061275 -2.79238 0.099567 
11 26300 7 0.467644 1.77824e-05 7.02493 0.212264 -4.01232e-07 0.200633 0.873515 1.06132 0.0613213 -2.79163 0.0999444 
11 26400 7 0.469422 1.77824e-05 7.02493 0.212248 2.17201e-06 0.200631 0.87345 1.06124 0.0612419 -2.79292 0.100322 
11 26500 7 0.471201 1.77824e-05 7.02493 0.212204 1.87073e-06 0.200632 0.873268 1.06102 0.0610205 -2.79655 0.100699 
11 26600 7 0.472979 1.77824e-05 7.02493 0.21218 -8.3784e-07 0.200632 0.873168 1.0609 0.0608997 -2.79853 0.101076 
11 26700 7 0.474757 1.77824e-05 7.02493 0.212174 -1.83576e-06 0.20063 0.873145 1.06087 0.0608718 -2.79899 0.101454 
11 26800 7 0.476535 1.77824e-05 7.02493 0.212176 -1.47483e-05 0.200628 0.873153 1.06088 0.0608807 -2.79884 0.101831 
11 26900 7 0.478314 1.77824e-05 7.02493 0.212178 -7.72825e-06 0.200627 0.873159 1.06089 0.0608885 -2.79871 0.102208 
11 27000 8 0.480089 1.77824e-05 7.02493 0.2122 -5.36071e-06 0.200622 0.873253 1.061 0.0610025 -2.79684 0.102586 
11 27100 8 0.481867 1.77824e-05 7.02493 0.21221 -6.50494e-06 0.200624 0.873293 1.06105 0.061051 -2.79605 0.102963 
11 27200 8 0.483645 1.77824e-05 7.02493 0.212187 -4.23239e-06 0.200627 0.873197 1.06093 0.0609337 -2.79797 0.103341 
11 27300 8 0.485424 1.77824e-05 7.02493 0.212137 1.95934e-06 0.200626 0.872993 1.06069 0.0606864 -2.80204 0.103718 
11 27400 8 0.487202 1.77824e-05 7.02493 0.212088 -3.22917e-06 0.200627 0.872792 1.06044 0.0604423 -2.80607 0.104095 
11 27500 8 0.48898 1.77824e-05 7.02493 0.212053 -1.27249e-06 0.200628 0.872646 1.06026 0.0602646 -2.80901 0.104472 
11 27600 8 0.490758 1.77824e-05 7.02493 0.212037 -2.07327e-06 0.200629 0.872581 1.06019 0.0601854 -2.81033 0.104849 
11 27700 8 0.492537 1.77824e-05 7.02493 0.212038 -4.52248e-06 0.200626 0.872586 1.06019 0.0601919 -2.81022 0.105226 
11 27800 8 0.494315 1.77824e-05 7.02493 0.212044 -1.076e-05 0.200622 0.872608 1.06022 0.0602187 -2.80977 0.105603 
11 27900 8 0.496093 1.77824e-05 7.02493 0.212057 -1.05091e-05 0.200622 0.872664 1.06029 0.0602872 -2.80863 0.10598 
11 28000 8 0.497871 1.77824e-05 7.02493 0.212038 -9.53263e-06 0.200627 0.872584 1.06019 0.0601893 -2.81026 0.106356 
11 28100 8 0.49965 1.77824e-05 7.02493 0.212002 -7.21999e-06 0.200627 0.872438 1.06001 0.0600117 -2.81322 0.106734 
11 28200 8 0.501428 1.77824e-05 7.02493 0.21197 -6.81772e-06 0.200625 0.872304 1.05985 0.0598495 -2.81592 0.107111 
11 28300 8 0.503206 1.77824e-05 7.02493 0.211966 -7.94993e-06 0.200625 0.872287 1.05983 0.0598287 -2.81627 0.107488 
11 28400 8 0.504984 1.77824e-05 7.02493 0.211952 -6.01918e-06 0.200624 0.872232 1.05976 0.0597623 -2.81738 0.107865 
11 28500 8 0.506762 1.77824e-05 7.02493 0.211968 1.65449e-06 0.20062 0.872297 1.05984 0.0598414 -2.81606 0.108242 
11 28600 8 0.508541 1.77824e-05 7.02493 0.211971 2.84087e-06 0.20062 0.872311 1.05986 0.0598573 -2.81579 0.108619 
11 28700 8 0.510319 1.77824e-05 7.02493 0.211977 -1.14979e-06 0.20062 0.872335 1.05989 0.059887 -2.8153 0.108996 
11 28800 8 0.512097 1.77824e-05 7.02493 0.211978 -3.06701e-06 0.200617 0.872336 1.05989 0.0598878 -2.81528 0.109373 
11 28900 8 0.513875 1.77824e-05 7.02493 0.211971 -2.52622e-06 0.200619 0.872309 1.05986 0.0598559 -2.81581 0.10975 
11 29000 8 0.515654 1.77824e-05 7.02493 0.211951 -3.28957e-06 0.200617 0.872225 1.05975 0.0597539 -2.81752 0.110127 
11 29100 8 0.517432 1.77824e-05 7.02493 0.211923 6.28868e-06 0.200615 0.872112 1.05962 0.0596157 -2.81984 0.110503 
11 29200 8 0.51921 1.77824e-05 7.02493 0.211882 6.81844e-06 0.200617 0.871943 1.05941 0.0594109 -2.82328 0.11088 
11 29300 8 0.520988 1.77824e-05 7.02493 0.21184 -4.05466e-06 0.200618 0.871768 1.0592 0.0591976 -2.82687 0.111257 
11 29400 8 0.522767 1.77824e-05 7.02493 0.211824 4.41931e-06 0.200619 0.871703 1.05912 0.0591187 -2.82821 0.111633 
11 29500 8 0.524545 1.77824e-05 7.02493 0.21182 -6.83102e-07 0.200618 0.871689 1.0591 0.0591023 -2.82849 0.11201 
11 29600 8 0.526323 1.77824e-05 7.02493 0.211845 2.78602e-05 0.200615 0.871791 1.05923 0.0592264 -2.82639 0.112387 
11 29700 8 0.528101 1.77824e-05 7.02493 0.211851 4.79814e-05 0.200616 0.871813 1.05925 0.0592526 -2.82595 0.112764 
11 29800 8 0.52988 1.77824e-05 7.02493 0.211849 3.70624e-05 0.200611 0.871809 1.05925 0.0592475 -2.82603 0.11314 
11 29900 8 0.531658 1.77824e-05 7.02493 0.211883 3.47431e-05 0.200606 0.871945 1.05941 0.0594136 -2.82323 0.113517 
11 30000 8 0.533436 1.77824e-05 7.02493 0.211899 3.99921e-05 0.200603 0.872013 1.0595 0.0594959 -2.82185 0.113894 
11 30100 8 0.535214 1.77824e-05 7.02493 0.211918 3.76496e-05 0.2006 0.872089 1.05959 0.0595877 -2.82031 0.114271 
11 30200 8 0.536992 1.77824e-05 7.02493 0.211952 3.81734e-05 0.200599 0.87223 1.05976 0.0597589 -2.81744 0.114647 
11 30300 8 0.538771 1.77824e-05 7.02493 0.211935 3.09506e-05 0.200598 0.87216 1.05967 0.0596743 -2.81885 0.115024 
11 30400 8 0.540549 1.77824e-05 7.02493 0.211912 2.4915e-05 0.200602 0.872067 1.05956 0.0595608 -2.82076 0.115401 
11 30500 8 0.542327 1.77824e-05 7.02493 0.211882 2.78531e-05 0.200601 0.871942 1.05941 0.0594089 -2.82331 0.115778 
11 30600 8 0.544105 1.77824e-05 7.02493 0.211853 2.24076e-05 0.200603 0.871823 1.05927 0.0592655 -2.82573 0.116155 
11 30700 8 0.545884 1.77824e-05 7.02493 0.21186 1.34965e-05 0.200601 0.871851 1.0593 0.0592994 -2.82516 0.116532 
11 30800 8 0.547662 1.77824e-05 7.02493 0.211873 1.59291e-05 0.200599 0.871907 1.05937 0.0593673 -2.82401 0.116908 
11 30900 8 0.54944 1.77824e-05 7.02493 0.211859 1.00553e-05 0.200598 0.871847 1.05929 0.0592936 -2.82525 0.117285 
11 31000 8 0.551218 1.77824e-05 7.02493 0.211858 1.09148e-05 0.200596 0.871843 1.05929 0.0592888 -2.82533 0.117662 
11 31100 8 0.552997 1.77824e-05 7.02493 0.211852 1.19312e-05 0.200597 0.871819 1.05926 0.0592598 -2.82582 0.118039 
11 31200 8 0.554775 1.77824e-05 7.02493 0.21184 2.01282e-05 0.200598 0.871772 1.0592 0.0592025 -2.82679 0.118415 
11 31300 8 0.556553 1.77824e-05 7.02493 0.211793 1.4126e-05 0.200599 0.871576 1.05896 0.0589643 -2.83082 0.118792 
11 31400 8 0.558331 1.77824e-05 7.02493 0.211779 1.33951e-05 0.200599 0.871517 1.05889 0.0588931 -2.83203 0.119168 
11 31500 9 0.560107 1.77824e-05 7.02493 0.211792 9.56111e-06 0.200597 0.871572 1.05896 0.0589603 -2.83089 0.119545 
11 31600 9 0.561885 1.77824e-05 7.02493 0.211791 1.25775e-05 0.200596 0.871569 1.05896 0.0589564 -2.83096 0.119922 
11 31700 9 0.563663 1.77824e-05 7.02493 0.211789 8.26892e-06 0.200593 0.871559 1.05894 0.0589448 -2.83115 0.120299 
11 31800 9 0.565441 1.77824e-05 7.02493 0.211797 1.35899e-05 0.200592 0.871592 1.05898 0.0589842 -2.83049 0.120675 
11 31900 9 0.56722 1.77824e-05 7.02493 0.21177 1.56284e-05 0.200591 0.871482 1.05885 0.0588506 -2.83275 0.121052 
11 32000 9 0.568998 1.77824e-05 7.02493 0.21175 1.84606e-05 0.200594 0.871399 1.05875 0.0587497 -2.83447 0.121428 
11 32100 9 0.570776 1.77824e-05 7.02493 0.211727 1.14652e-05 0.200593 0.871303 1.05863 0.0586327 -2.83646 0.121804 
11 32200 9 0.572554 1.77824e-05 7.02493 0.211696 -8.40552e-07 0.200597 0.871177 1.05848 0.05848 -2.83907 0.122181 
11 32300 9 0.574333 1.77824e-05 7.02493 0.21169 -1.39386e-06 0.200598 0.871151 1.05845 0.0584486 -2.83961 0.122558 
11 32400 9 0.576111 1.77824e-05 7.02493 0.211676 -5.54251e-06 0.200596 0.871094 1.05838 0.058379 -2.8408 0.122934 
11 32500 9 0.577889 1.77824e-05 7.02493 0.211672 -4.99074e-06 0.200594 0.87108 1.05836 0.0583619 -2.84109 0.123311 
11 32600 9 0.579667 1.77824e-05 7.02493 0.211674 -6.80414e-06 0.200592 0.871088 1.05837 0.0583722 -2.84091 0.123687 
11 32700 9 0.581446 1.77824e-05 7.02493 0.211683 -1.52681e-05 0.200594 0.871124 1.05842 0.0584151 -2.84018 0.124063 
11 32800 9 0.583224 1.77824e-05 7.02493 0.21167 -2.61807e-05 0.200592 0.871072 1.05835 0.0583523 -2.84126 0.124439 
11 32900 9 0.585002 1.77824e-05 7.02493 0.211661 -1.50054e-05 0.200591 0.871031 1.0583 0.058303 -2.8421 0.124816 
11 33000 9 0.58678 1.77824e-05 7.02493 0.21166 -1.61832e-05 0.20059 0.871029 1.0583 0.0582999 -2.84216 0.125192 
11 33100 9 0.588558 1.77824e-05 7.02493 0.211647 -2.52614e-05 0.20059 0.870974 1.05823 0.0582337 -2.84329 0.125569 
11 33200 9 0.590337 1.77824e-05 7.02493 0.211638 -2.52663e-05 0.200588 0.870938 1.05819 0.0581902 -2.84404 0.125945 
11 33300 9 0.592115 1.77824e-05 7.02493 0.211617 -2.61492e-05 0.200588 0.87085 1.05808 0.0580828 -2.84589 0.126321 
11 33400 9 0.593893 1.77824e-05 7.02493 0.211597 -2.94308e-05 0.200591 0.87077 1.05799 0.0579856 -2.84756 0.126698 
11 33500 9 0.595671 1.77824e-05 7.02493 0.211574 -2.24774e-05 0.20059 0.870673 1.05787 0.0578676 -2.8496 0.127074 
11 33600 9 0.59745 1.77824e-05 7.02493 0.211561 -1.31053e-05 0.200592 0.870619 1.0578 0.0578026 -2.85072 0.12745 
11 33700 9 0.599228 1.77824e-05 7.02493 0.211536 -9.34711e-07 0.200588 0.87052 1.05768 0.0576823 -2.8528 0.127826 
11 33800 9 0.601006 1.77824e-05 7.02493 0.211551 -1.10231e-05 0.200587 0.870582 1.05776 0.0577571 -2.85151 0.128202 
11 33900 9 0.602784 1.77824e-05 7.02493 0.211566 -5.84017e-07 0.200585 0.870644 1.05783 0.057832 -2.85021 0.128579 
11 34000 9 0.604563 1.77824e-05 7.02493 0.211593 7.27767e-06 0.200581 0.870755 1.05797 0.0579669 -2.84788 0.128955 
11 34100 9 0.606341 1.77824e-05 7.02493 0.211638 -2.02837e-06 0.200577 0.870936 1.05819 0.0581878 -2.84408 0.129331 
11 34200 9 0.608119 1.77824e-05 7.02493 0.211675 -1.16005e-05 0.200575 0.871091 1.05838 0.0583757 -2.84086 0.129708 
11 34300 9 0.609897 1.77824e-05 7.02493 0.211663 -1.17693e-05 0.200572 0.871042 1.05832 0.0583158 -2.84188 0.130084 
11 34400 9 0.611676 1.77824e-05 7.02493 0.211673 -2.4538e-05 0.200573 0.871081 1.05836 0.0583633 -2.84107 0.13046 
11 34500 9 0.613454 1.77824e-05 7.02493 0.211672 -1.55886e-05 0.200575 0.871078 1.05836 0.0583598 -2.84113 0.130837 
11 34600 9 0.615232 1.77824e-05 7.02493 0.211651 -9.35159e-07 0.200575 0.870991 1.05825 0.0582544 -2.84294 0.131213 
11 34700 9 0.61701 1.77824e-05 7.02493 0.211639 -7.80578e-07 0.200575 0.870942 1.05819 0.0581947 -2.84396 0.131589 
11 34800 9 0.618788 1.77824e-05 7.02493 0.211611 -6.94893e-06 0.200574 0.870826 1.05805 0.0580539 -2.84638 0.131966 
11 34900 9 0.620567 1.77824e-05 7.02493 0.211595 -6.80278e-06 0.200575 0.870761 1.05797 0.0579744 -2.84775 0.132342 
11 35000 9 0.622345 1.77824e-05 7.02493 0.211576 -1.34746e-05 0.200575 0.870683 1.05788 0.0578792 -2.8494 0.132719 
11 35100 9 0.624123 1.77824e-05 7.02493 0.211561 -1.43915e-05 0.200574 0.870621 1.0578 0.0578043 -2.85069 0.133095 
11 35200 9 0.625901 1.77824e-05 7.02493 0.211545 -1.45993e-05 0.200575 0.870557 1.05773 0.0577262 -2.85204 0.133471 
11 35300 9 0.62768 1.77824e-05 7.02493 0.211548 -1.15319e-05 0.200573 0.870566 1.05774 0.0577377 -2.85185 0.133847 
11 35400 9 0.629458 1.77824e-05 7.02493 0.211552 -8.57716e-06 0.200573 0.870585 1.05776 0.057761 -2.85144 0.134223 
11 35500 9 0.631236 1.77824e-05 7.02493 0.211546 -1.0206e-05 0.200571 0.870558 1.05773 0.0577279 -2.85201 0.1346 
11 35600 9 0.633014 1.77824e-05 7.02493 0.211551 -1.43184e-05 0.200572 0.870579 1.05775 0.0577533 -2.85157 0.134976 
11 35700 9 0.634793 1.77824e-05 7.02493 0.211543 -1.1955e-05 0.200568 0.870547 1.05771 0.0577144 -2.85225 0.135352 
11 35800 9 0.636571 1.77824e-05 7.02493 0.211555 3.66011e-05 0.200569 0.870595 1.05777 0.0577734 -2.85123 0.135728 
11 35900 9 0.638349 1.77824e-05 7.02493 0.21158 2.11528e-05 0.200567 0.8707 1.0579 0.0579005 -2.84903 0.136105 
11 36000 10 0.640124 1.77824e-05 7.02493 0.211562 1.71064e-05 0.200569 0.870627 1.05781 0.0578118 -2.85056 0.136481 
11 36100 10 0.641903 1.77824e-05 7.02493 0.211528 7.80641e-06 0.200569 0.870486 1.05764 0.05764 -2.85354 0.136857 
11 36200 10 0.643681 1.77824e-05 7.02493 0.211497 2.80214e-06 0.200572 0.870357 1.05748 0.0574842 -2.85625 0.137233 
11 36300 10 0.645459 1.77824e-05 7.02493 0.211463 4.15845e-06 0.200573 0.870217 1.05731 0.0573136 -2.85922 0.137609 
11 36400 10 0.647237 1.77824e-05 7.02493 0.211431 6.82473e-06 0.200573 0.870087 1.05716 0.0571553 -2.86198 0.137985 
11 36500 10 0.649016 1.77824e-05 7.02493 0.211393 1.63352e-07 0.200573 0.869929 1.05696 0.0569635 -2.86534 0.138361 
11 36600 10 0.650794 1.77824e-05 7.02493 0.211378 -5.7263e-06 0.200572 0.869869 1.05689 0.0568913 -2.86661 0.138737 
11 36700 10 0.652572 1.77824e-05 7.02493 0.211391 -1.56054e-05 0.200572 0.869924 1.05696 0.0569575 -2.86545 0.139113 
11 36800 10 0.65435 1.77824e-05 7.02493 0.211403 -2.1863e-05 0.200569 0.869972 1.05702 0.0570155 -2.86443 0.139489 
11 36900 10 0.656129 1.77824e-05 7.02493 0.211415 -2.12193e-05 0.20057 0.870021 1.05708 0.0570753 -2.86338 0.139865 
11 37000 10 0.657907 1.77824e-05 7.02493 0.211425 -1.57307e-05 0.200571 0.87006 1.05712 0.0571229 -2.86255 0.140241 
11 37100 10 0.659685 1.77824e-05 7.02493 0.211418 -1.47421e-05 0.20057 0.870032 1.05709 0.0570888 -2.86315 0.140616 
11 37200 10 0.661463 1.77824e-05 7.02493 0.211412 -3.94063e-06 0.20057 0.870008 1.05706 0.0570597 -2.86366 0.140993 
11 37300 10 0.663242 1.77824e-05 7.02493 0.211402 -6.90075e-06 0.20057 0.869968 1.05701 0.0570105 -2.86452 0.141368 
11 37400 10 0.66502 1.77824e-05 7.02493 0.211388 -1.59418e-05 0.200569 0.86991 1.05694 0.0569404 -2.86575 0.141744 
11 37500 10 0.666798 1.77824e-05 7.02493 0.211367 -1.88465e-05 0.200569 0.869825 1.05684 0.0568373 -2.86756 0.14212 
11 37600 10 0.668576 1.77824e-05 7.02493 0.211329 -6.44084e-06 0.200571 0.869665 1.05664 0.0566431 -2.87099 0.142496 
11 37700 10 0.670354 1.77824e-05 7.02493 0.211318 2.99339e-06 0.200567 0.869623 1.05659 0.0565917 -2.87189 0.142872 
11 37800 10 0.672133 1.77824e-05 7.02493 0.211351 -1.49053e-06 0.200568 0.869756 1.05675 0.0567535 -2.86904 0.143248 
11 37900 10 0.673911 1.77824e-05 7.02493 0.21138 1.13029e-06 0.200564 0.869879 1.0569 0.0569024 -2.86642 0.143624 
11 38000 10 0.675689 1.77824e-05 7.02493 0.21138 9.88607e-07 0.200561 0.869875 1.0569 0.0568986 -2.86648 0.143999 
11 38100 10 0.677467 1.77824e-05 7.02493 0.211375 -1.24256e-05 0.200557 0.869856 1.05687 0.0568748 -2.8669 0.144375 
11 38200 10 0.679246 1.77824e-05 7.02493 0.211368 -1.39819e-06 0.200557 0.869825 1.05684 0.0568376 -2.86756 0.144751 
11 38300 10 0.681024 1.77824e-05 7.02493 0.211386 6.82838e-07 0.200557 0.869901 1.05693 0.0569294 -2.86594 0.145127 
11 38400 10 0.682802 1.77824e-05 7.02493 0.211401 -6.40483e-06 0.200555 0.869964 1.05701 0.0570059 -2.8646 0.145503 
11 38500 10 0.68458 1.77824e-05 7.02493 0.211418 -1.37278e-05 0.200555 0.870034 1.05709 0.0570918 -2.86309 0.145879 
11 38600 10 0.686359 1.77824e-05 7.02493 0.211432 -3.20606e-05 0.200554 0.870089 1.05716 0.0571585 -2.86193 0.146255 
11 38700 10 0.688137 1.77824e-05 7.02493 0.211427 -1.87442e-05 0.200553 0.87007 1.05714 0.0571351 -2.86234 0.146631 
11 38800 10 0.689915 1.77824e-05 7.02493 0.211416 -2.37993e-05 0.200553 0.870025 1.05708 0.0570809 -2.86329 0.147007 
11 38900 10 0.691693 1.77824e-05 7.02493 0.211402 -2.31716e-05 0.200555 0.869967 1.05701 0.0570095 -2.86454 0.147383 
11 39000 10 0.693472 1.77824e-05 7.02493 0.211348 -3.41732e-05 0.200558 0.869746 1.05674 0.0567417 -2.86925 0.147759 
11 39100 10 0.69525 1.77824e-05 7.02493 0.21133 -3.51533e-05 0.200557 0.869669 1.05665 0.0566476 -2.87091 0.148135 
11 39200 10 0.697028 1.77824e-05 7.02493 0.211323 -2.66846e-05 0.200558 0.869643 1.05662 0.056616 -2.87146 0.14851 
11 39300 10 0.698806 1.77824e-05 7.02493 0.211291 -3.86519e-05 0.200559 0.869512 1.05646 0.0564573 -2.87427 0.148886 
11 39400 10 0.700585 1.77824e-05 7.02493 0.211282 -5.73441e-05 0.200559 0.869474 1.05641 0.0564105 -2.8751 0.149262 
11 39500 10 0.702363 1.77824e-05 7.02493 0.211271 -7.94046e-05 0.200559 0.869428 1.05635 0.0563544 -2.87609 0.149637 
11 39600 10 0.704141 1.77824e-05 7.02493 0.211257 -8.28331e-05 0.200559 0.86937 1.05628 0.0562849 -2.87733 0.150013 
11 39700 10 0.705919 1.77824e-05 7.02493 0.211268 -0.000106378 0.200558 0.869414 1.05634 0.0563379 -2.87639 0.150389 
11 39800 10 0.707697 1.77824e-05 7.02493 0.211312 -8.63109e-05 0.200552 0.869595 1.05656 0.0565575 -2.8725 0.150765 
11 39900 10 0.709476 1.77824e-05 7.02493 0.211354 -7.23493e-05 0.20055 0.869768 1.05677 0.0567676 -2.86879 0.151141 
11 40000 10 0.711254 1.77824e-05 7.02493 0.211357 -6.45201e-05 0.20055 0.869781 1.05678 0.0567837 -2.86851 0.151516 
11 40100 10 0.713032 1.77824e-05 7.02493 0.211345 -4.85186e-05 0.20055 0.869734 1.05673 0.0567272 -2.8695 0.151892 
11 40200 10 0.71481 1.77824e-05 7.02493 0.211318 -2.62214e-05 0.200552 0.869621 1.05659 0.0565892 -2.87194 0.152268 
11 40300 10 0.716589 1.77824e-05 7.02493 0.211295 -2.29751e-05 0.200552 0.869526 1.05647 0.0564747 -2.87396 0.152644 
11 40400 10 0.718367 1.77824e-05 7.02493 0.211277 -1.67315e-05 0.200551 0.869451 1.05638 0.0563832 -2.87558 0.153019 
11 40500 11 0.720142 1.77824e-05 7.02493 0.211239 -6.96876e-06 0.200551 0.869298 1.0562 0.0561973 -2.87889 0.153395 
11 40600 11 0.72192 1.77824e-05 7.02493 0.211221 6.71833e-06 0.200553 0.86922 1.0561 0.0561029 -2.88057 0.153771 
11 40700 11 0.723699 1.77824e-05 7.02493 0.211171 7.39838e-06 0.200554 0.869016 1.05585 0.0558546 -2.885 0.154146 
11 40800 11 0.725477 1.77824e-05 7.02493 0.211141 1.25219e-05 0.200557 0.868891 1.0557 0.0557027 -2.88773 0.154522 
11 40900 11 0.727255 1.77824e-05 7.02493 0.211148 2.18207e-06 0.200555 0.868924 1.05574 0.0557422 -2.88702 0.154897 
11 41000 11 0.729033 1.77824e-05 7.02493 0.211158 -5.6393e-06 0.200553 0.868964 1.05579 0.0557917 -2.88613 0.155273 
11 41100 11 0.730812 1.77824e-05 7.02493 0.211159 -1.96378e-06 0.200553 0.868965 1.05579 0.0557928 -2.88611 0.155648 
11 41200 11 0.73259 1.77824e-05 7.02493 0.211176 -8.47776e-06 0.200552 0.869038 1.05588 0.0558814 -2.88452 0.156024 
11 41300 11 0.734368 1.77824e-05 7.02493 0.211191 -1.08689e-05 0.200551 0.8691 1.05596 0.0559566 -2.88318 0.156399 
11 41400 11 0.736146 1.77824e-05 7.02493 0.211213 -6.29979e-06 0.200549 0.86919 1.05607 0.0560662 -2.88122 0.156775 
11 41500 11 0.737925 1.77824e-05 7.02493 0.211218 2.08898e-06 0.200549 0.869211 1.05609 0.0560914 -2.88077 0.15715 
11 41600 11 0.739703 1.77824e-05 7.02493 0.2112 1.858e-06 0.20055 0.869136 1.056 0.056 -2.8824 0.157526 
11 41700 11 0.741481 1.77824e-05 7.02493 0.211173 3.13439e-06 0.200548 0.869025 1.05587 0.0558651 -2.88481 0.157902 
11 41800 11 0.743259 1.77824e-05 7.02493 0.211164 5.14354e-06 0.200548 0.868989 1.05582 0.0558216 -2.88559 0.158277 
11 41900 11 0.745038 1.77824e-05 7.02493 0.211139 -1.63625e-06 0.200548 0.868883 1.05569 0.0556931 -2.8879 0.158652 
11 42000 11 0.746816 1.77824e-05 7.02493 0.211118 -1.10078e-05 0.200548 0.868799 1.05559 0.0555906 -2.88974 0.159028 
11 42100 11 0.748594 1.77824e-05 7.02493 0.211146 -1.90117e-05 0.200546 0.868914 1.05573 0.05573 -2.88724 0.159403 
11 42200 11 0.750372 1.77824e-05 7.02493 0.211172 -2.00789e-05 0.200544 0.869019 1.05586 0.0558581 -2.88494 0.159779 
11 42300 11 0.752151 1.77824e-05 7.02493 0.211194 -1.60018e-05 0.200544 0.869113 1.05597 0.0559717 -2.88291 0.160154 
11 42400 11 0.753929 1.77824e-05 7.02493 0.211232 -1.37644e-05 0.200542 0.869269 1.05616 0.0561619 -2.87952 0.16053 
11 42500 11 0.755707 1.77824e-05 7.02493 0.211245 -8.30092e-06 0.200539 0.869323 1.05623 0.0562269 -2.87836 0.160906 
11 42600 11 0.757485 1.77824e-05 7.02493 0.211239 -4.07434e-06 0.200538 0.869298 1.0562 0.0561971 -2.87889 0.161281 
11 42700 11 0.759263 1.77824e-05 7.02493 0.211217 -1.03001e-05 0.200539 0.869207 1.05609 0.056086 -2.88087 0.161657 
11 42800 11 0.761042 1.77824e-05 7.02493 0.211219 -1.32824e-05 0.20054 0.869213 1.05609 0.0560933 -2.88074 0.162033 
11 42900 11 0.76282 1.77824e-05 7.02493 0.211209 -4.31493e-06 0.200538 0.869171 1.05604 0.0560432 -2.88163 0.162408 
11 43000 11 0.764598 1.77824e-05 7.02493 0.211218 -6.57094e-06 0.200538 0.869211 1.05609 0.0560916 -2.88077 0.162784 
11 43100 11 0.766376 1.77824e-05 7.02493 0.211212 -5.66634e-06 0.200539 0.869185 1.05606 0.0560593 -2.88135 0.16316 
11 43200 11 0.768155 1.77824e-05 7.02493 0.211202 -3.46885e-07 0.20054 0.869144 1.05601 0.0560099 -2.88223 0.163535 
11 43300 11 0.769933 1.77824e-05 7.02493 0.211148 2.85275e-05 0.200542 0.86892 1.05574 0.0557376 -2.8871 0.163911 
11 43400 11 0.771711 1.77824e-05 7.02493 0.211127 4.13562e-05 0.200543 0.868836 1.05564 0.0556363 -2.88892 0.164286 
11 43500 11 0.773489 1.77824e-05 7.02493 0.211098 5.86648e-05 0.200544 0.868717 1.05549 0.0554911 -2.89153 0.164661 
11 43600 11 0.775268 1.77824e-05 7.02493 0.211079 7.36753e-05 0.200545 0.868639 1.0554 0.0553964 -2.89324 0.165037 
11 43700 11 0.777046 1.77824e-05 7.02493 0.211092 8.18726e-05 0.200543 0.86869 1.05546 0.0554584 -2.89212 0.165412 
11 43800 11 0.778824 1.77824e-05 7.02493 0.211126 5.22954e-05 0.200538 0.868832 1.05563 0.055631 -2.88901 0.165788 
11 43900 11 0.780602 1.77824e-05 7.02493 0.211151 5.31262e-05 0.200535 0.868934 1.05575 0.0557546 -2.8868 0.166163 
11 44000 11 0.782381 1.77824e-05 7.02493 0.211147 4.66752e-05 0.200536 0.868918 1.05574 0.0557358 -2.88713 0.166539 
11 44100 11 0.784159 1.77824e-05 7.02493 0.211136 4.82336e-05 0.200538 0.868873 1.05568 0.055681 -2.88812 0.166914 
11 44200 11 0.785937 1.77824e-05 7.02493 0.211113 3.43666e-05 0.20054 0.868777 1.05556 0.0555638 -2.89022 0.167289 
11 44300 11 0.787715 1.77824e-05 7.02493 0.211098 3.20718e-05 0.200542 0.868717 1.05549 0.0554917 -2.89152 0.167665 
11 44400 11 0.789493 1.77824e-05 7.02493 0.211085 2.0922e-05 0.200541 0.868663 1.05542 0.055425 -2.89273 0.16804 
11 44500 11 0.791272 1.77824e-05 7.02493 0.211075 1.69087e-05 0.200541 0.868622 1.05538 0.0553751 -2.89362 0.168416 
11 44600 11 0.79305 1.77824e-05 7.02493 0.211059 1.33079e-05 0.20054 0.868555 1.05529 0.0552948 -2.89508 0.168791 
11 44700 11 0.794828 1.77824e-05 7.02493 0.21105 9.79192e-06 0.20054 0.868519 1.05525 0.0552504 -2.89588 0.169166 
11 44800 11 0.796606 1.77824e-05 7.02493 0.211029 1.76002e-05 0.20054 0.868432 1.05514 0.0551444 -2.8978 0.169542 
11 44900 11 0.798385 1.77824e-05 7.02493 0.210997 8.68094e-06 0.200541 0.868301 1.05499 0.0549861 -2.90067 0.169917 
11 45000 12 0.80016 1.77824e-05 7.02493 0.21099 -2.91569e-06 0.200539 0.868273 1.05495 0.0549511 -2.90131 0.170292 
11 45100 12 0.801938 1.77824e-05 7.02493 0.21098 -1.13384e-05 0.200541 0.86823 1.0549 0.0548996 -2.90225 0.170667 
11 45200 12 0.803717 1.77824e-05 7.02493 0.210961 -5.68696e-06 0.200542 0.868151 1.0548 0.0548032 -2.90401 0.171042 
11 45300 12 0.805495 1.77824e-05 7.02493 0.210968 -3.902e-06 0.20054 0.868181 1.05484 0.0548403 -2.90333 0.171417 
11 45400 12 0.807273 1.77824e-05 7.02493 0.210987 -9.76994e-07 0.20054 0.868257 1.05493 0.0549326 -2.90165 0.171792 
11 45500 12 0.809051 1.77824e-05 7.02493 0.211008 -1.10541e-05 0.200537 0.868346 1.05504 0.055041 -2.89968 0.172167 
11 45600 12 0.810829 1.77824e-05 7.02493 0.211045 -1.55386e-05 0.200536 0.868497 1.05522 0.0552235 -2.89637 0.172543 
11 45700 12 0.812608 1.77824e-05 7.02493 0.211053 -6.59909e-06 0.200534 0.868532 1.05527 0.0552658 -2.8956 0.172918 
11 45800 12 0.814386 1.77824e-05 7.02493 0.211045 -1.18747e-05 0.200535 0.868498 1.05522 0.0552246 -2.89635 0.173293 
11 45900 12 0.816164 1.77824e-05 7.02493 0.211015 -9.47103e-06 0.200534 0.868374 1.05507 0.0550745 -2.89907 0.173669 
11 46000 12 0.817942 1.77824e-05 7.02493 0.210953 -1.0689e-05 0.200536 0.868118 1.05476 0.0547634 -2.90473 0.174044 
11 46100 12 0.819721 1.77824e-05 7.02493 0.210941 -1.08972e-05 0.200536 0.86807 1.0547 0.0547049 -2.9058 0.174419 
11 46200 12 0.821499 1.77824e-05 7.02493 0.210945 9.97233e-07 0.200535 0.868087 1.05473 0.0547259 -2.90542 0.174794 
11 46300 12 0.823277 1.77824e-05 7.02493 0.210984 -1.13848e-05 0.20053 0.868246 1.05492 0.0549188 -2.9019 0.175169 
11 46400 12 0.825055 1.77824e-05 7.02493 0.210995 -8.61177e-06 0.200529 0.868291 1.05497 0.0549741 -2.90089 0.175544 
11 46500 12 0.826834 1.77824e-05 7.02493 0.211015 -3.70436e-06 0.200529 0.868374 1.05507 0.0550739 -2.89908 0.17592 
11 46600 12 0.828612 1.77824e-05 7.02493 0.21104 -1.43568e-06 0.200527 0.868479 1.0552 0.0552019 -2.89676 0.176295 
11 46700 12 0.83039 1.77824e-05 7.02493 0.211065 -5.79196e-06 0.200526 0.868579 1.05532 0.055323 -2.89457 0.17667 
11 46800 12 0.832168 1.77824e-05 7.02493 0.211078 -1.10199e-05 0.200526 0.868633 1.05539 0.0553897 -2.89336 0.177046 
11 46900 12 0.833947 1.77824e-05 7.02493 0.211078 -5.28905e-06 0.200526 0.868635 1.05539 0.0553916 -2.89333 0.177421 
11 47000 12 0.835725 1.77824e-05 7.02493 0.211033 -1.71795e-07 0.200526 0.868447 1.05516 0.0551636 -2.89745 0.177796 
11 47100 12 0.837503 1.77824e-05 7.02493 0.211028 4.99569e-07 0.200527 0.86843 1.05514 0.0551421 -2.89784 0.178172 
11 47200 12 0.839281 1.77824e-05 7.02493 0.211003 -4.62022e-06 0.200528 0.868323 1.05501 0.0550129 -2.90019 0.178547 
11 47300 12 0.841059 1.77824e-05 7.02493 0.210993 -6.74002e-06 0.200529 0.868282 1.05496 0.0549631 -2.90109 0.178922 
11 47400 12 0.842838 1.77824e-05 7.02493 0.210983 -1.2588e-06 0.20053 0.868241 1.05491 0.0549126 -2.90201 0.179297 
11 47500 12 0.844616 1.77824e-05 7.02493 0.210969 -3.00616e-06 0.200531 0.868186 1.05485 0.0548458 -2.90323 0.179672 
11 47600 12 0.846394 1.77824e-05 7.02493 0.21096 6.71332e-06 0.200529 0.868147 1.0548 0.0547987 -2.90409 0.180047 
11 47700 12 0.848172 1.77824e-05 7.02493 0.210934 3.10605e-06 0.200532 0.868041 1.05467 0.0546693 -2.90645 0.180422 
11 47800 12 0.849951 1.77824e-05 7.02493 0.210918 -1.47558e-05 0.200531 0.867974 1.05459 0.0545887 -2.90793 0.180798 
11 47900 12 0.851729 1.77824e-05 7.02493 0.210912 -2.78695e-05 0.200531 0.867951 1.05456 0.0545606 -2.90844 0.181173 
11 48000 12 0.853507 1.77824e-05 7.02493 0.21091 -2.4694e-05 0.20053 0.867944 1.05455 0.0545521 -2.9086 0.181548 
11 48100 12 0.855285 1.77824e-05 7.02493 0.210921 -1.49189e-05 0.200528 0.867987 1.0546 0.0546037 -2.90765 0.181923 
11 48200 12 0.857064 1.77824e-05 7.02493 0.210895 -1.58223e-05 0.200529 0.867882 1.05448 0.054477 -2.90998 0.182298 
11 48300 12 0.858842 1.77824e-05 7.02493 0.210883 -1.33664e-05 0.20053 0.86783 1.05441 0.0544137 -2.91114 0.182673 
11 48400 12 0.86062 1.77824e-05 7.02493 0.210868 -1.33981e-05 0.200529 0.867769 1.05434 0.0543392 -2.91251 0.183048 
11 48500 12 0.862398 1.77824e-05 7.02493 0.210883 -1.32248e-05 0.200526 0.867832 1.05442 0.0544159 -2.9111 0.183422 
11 48600 12 0.864177 1.77824e-05 7.02493 0.210896 -9.23635e-06 0.200526 0.867884 1.05448 0.0544794 -2.90993 0.183798 
11 48700 12 0.865955 1.77824e-05 7.02493 0.210892 -7.82875e-06 0.200525 0.867868 1.05446 0.0544591 -2.91031 0.184173 
11 48800 12 0.867733 1.77824e-05 7.02493 0.210896 1.87683e-07 0.200525 0.867883 1.05448 0.054478 -2.90996 0.184548 
11 48900 12 0.869511 1.77824e-05 7.02493 0.210891 1.44727e-07 0.200525 0.867864 1.05445 0.0544542 -2.91039 0.184923 
11 49000 12 0.871289 1.77824e-05 7.02493 0.210882 -4.41188e-06 0.200526 0.867826 1.05441 0.0544085 -2.91124 0.185298 
11 49100 12 0.873068 1.77824e-05 7.02493 0.210862 -7.14243e-06 0.200526 0.867743 1.05431 0.0543078 -2.91309 0.185673 
11 49200 12 0.874846 1.77824e-05 7.02493 0.210861 -5.30709e-06 0.200526 0.867741 1.0543 0.0543048 -2.91314 0.186048 
11 49300 12 0.876624 1.77824e-05 7.02493 0.210836 2.02884e-06 0.200527 0.867639 1.05418 0.0541813 -2.91542 0.186423 
11 49400 12 0.878402 1.77824e-05 7.02493 0.210803 -7.61987e-06 0.200529 0.867503 1.05402 0.0540164 -2.91847 0.186798 
11 49500 13 0.880178 1.77824e-05 7.02493 0.210802 -2.98387e-06 0.200527 0.867498 1.05401 0.0540106 -2.91857 0.187172 
11 49600 13 0.881956 1.77824e-05 7.02493 0.21082 4.53697e-06 0.200525 0.86757 1.0541 0.0540975 -2.91697 0.187547 
11 49700 13 0.883734 1.77824e-05 7.02493 0.210844 8.34428e-06 0.200525 0.867669 1.05422 0.0542177 -2.91475 0.187922 
11 49800 13 0.885513 1.77824e-05 7.02493 0.210834 1.11821e-06 0.200525 0.867631 1.05417 0.0541715 -2.9156 0.188297 
11 49900 13 0.887291 1.77824e-05 7.02493 0.210823 6.00067e-06 0.200526 0.867584 1.05411 0.0541144 -2.91666 0.188672 
11 50000 13 0.889069 1.77824e-05 7.02493 0.210825 1.32751e-05 0.200525 0.867591 1.05412 0.0541227 -2.9165 0.189047 
11 50100 13 0.890847 1.77824e-05 7.02493 0.210806 1.39027e-05 0.200524 0.867516 1.05403 0.0540321 -2.91818 0.189422 
11 50200 13 0.892625 1.77824e-05 7.02493 0.210822 1.56964e-05 0.200522 0.867582 1.05411 0.054112 -2.9167 0.189796 
11 50300 13 0.894404 1.77824e-05 7.02493 0.210845 1.54408e-05 0.20052 0.867673 1.05422 0.0542229 -2.91465 0.190172 
11 50400 13 0.896182 1.77824e-05 7.02493 0.210876 1.3736e-05 0.200519 0.867803 1.05438 0.054381 -2.91174 0.190547 
11 50500 13 0.89796 1.77824e-05 7.02493 0.210872 1.32109e-05 0.200517 0.867785 1.05436 0.0543585 -2.91215 0.190921 
11 50600 13 0.899738 1.77824e-05 7.02493 0.210849 8.30044e-06 0.200518 0.867691 1.05424 0.0542444 -2.91426 0.191297 
11 50700 13 0.901517 1.77824e-05 7.02493 0.210859 9.82861e-06 0.200516 0.867734 1.0543 0.0542964 -2.9133 0.191671 
11 50800 13 0.903295 1.77824e-05 7.02493 0.210874 6.03178e-06 0.200515 0.867794 1.05437 0.0543694 -2.91195 0.192046 
11 50900 13 0.905073 1.77824e-05 7.02493 0.210904 1.51226e-05 0.200514 0.86792 1.05452 0.0545224 -2.90914 0.192421 
11 51000 13 0.906851 1.77824e-05 7.02493 0.210922 1.34717e-05 0.200514 0.867992 1.05461 0.0546102 -2.90753 0.192796 
11 51100 13 0.90863 1.77824e-05 7.02493 0.210942 1.65419e-05 0.200512 0.868072 1.05471 0.054708 -2.90574 0.193171 
11 51200 13 0.910408 1.77824e-05 7.02493 0.210936 1.68205e-05 0.200513 0.868049 1.05468 0.0546798 -2.90626 0.193547 
11 51300 13 0.912186 1.77824e-05 7.02493 0.210911 1.39258e-05 0.200513 0.867945 1.05455 0.0545532 -2.90858 0.193922 
11 51400 13 0.913964 1.77824e-05 7.02493 0.210842 9.21121e-06 0.200517 0.867664 1.05421 0.0542115 -2.91486 0.194297 
11 51500 13 0.915743 1.77824e-05 7.02493 0.210812 5.553e-06 0.200517 0.86754 1.05406 0.0540613 -2.91764 0.194671 
11 51600 13 0.917521 1.77824e-05 7.02493 0.210801 5.12494e-06 0.200516 0.867493 1.054 0.0540035 -2.91871 0.195047 
11 51700 13 0.919299 1.77824e-05 7.02493 0.210805 -1.54375e-06 0.200515 0.86751 1.05402 0.0540244 -2.91832 0.195421 
11 51800 13 0.921077 1.77824e-05 7.02493 0.210795 -3.38623e-06 0.200516 0.867467 1.05397 0.053973 -2.91927 0.195797 
11 51900 13 0.922855 1.77824e-05 7.02493 0.21081 -6.76372e-06 0.200514 0.867531 1.05405 0.05405 -2.91784 0.196171 
11 52000 13 0.924634 1.77824e-05 7.02493 0.210822 -7.61725e-06 0.200511 0.867579 1.05411 0.0541085 -2.91676 0.196546 
11 52100 13 0.926412 1.77824e-05 7.02493 0.210807 -9.94215e-06 0.200511 0.867517 1.05403 0.0540326 -2.91817 0.196921 
11 52200 13 0.92819 1.77824e-05 7.02493 0.210804 7.41338e-06 0.200512 0.867508 1.05402 0.054022 -2.91836 0.197296 
11 52300 13 0.929968 1.77824e-05 7.02493 0.210773 1.38611e-05 0.200511 0.867377 1.05386 0.0538627 -2.92132 0.197671 
11 52400 13 0.931747 1.77824e-05 7.02493 0.210747 8.24214e-06 0.200513 0.86727 1.05373 0.0537328 -2.92373 0.198045 
11 52500 13 0.933525 1.77824e-05 7.02493 0.210743 8.95065e-06 0.200514 0.867253 1.05371 0.0537128 -2.9241 0.19842 
11 52600 13 0.935303 1.77824e-05 7.02493 0.210731 1.06778e-05 0.200511 0.867205 1.05365 0.0536543 -2.92519 0.198795 
11 52700 13 0.937081 1.77824e-05 7.02493 0.21074 1.27152e-05 0.200511 0.867241 1.0537 0.0536984 -2.92437 0.199169 
11 52800 13 0.93886 1.77824e-05 7.02493 0.210739 9.58677e-06 0.200512 0.86724 1.0537 0.0536971 -2.9244 0.199544 
11 52900 13 0.940638 1.77824e-05 7.02493 0.210724 9.23258e-06 0.200512 0.867177 1.05362 0.0536202 -2.92583 0.199919 
