11 0 1 0 1.54e-05 7.02493 0.22101 0 0.200023 0.909508 1.10505 0.105052 -2.2533 7.50531e-07 
11 100 2 0.0030569 3.08e-05 7.02493 0.220916 -4.70198e-07 0.221008 0.90912 1.10458 0.104581 -2.25779 0.000667582 
11 200 2 0.00613689 3.08e-05 7.02493 0.221175 -2.911e-07 0.239556 0.910186 1.10588 0.105876 -2.24549 0.00135737 
11 300 2 0.00921689 3.08e-05 7.02493 0.221481 -2.3051e-07 0.253182 0.911446 1.10741 0.107407 -2.23113 0.00203911 
11 400 2 0.0122969 3.08e-05 7.02493 0.221819 -2.14259e-07 0.262302 0.912836 1.1091 0.109096 -2.21553 0.00272159 
11 500 2 0.0153769 3.08e-05 7.02493 0.222124 -1.71556e-07 0.267832 0.914089 1.11062 0.110619 -2.20167 0.00340518 
11 600 2 0.0184569 3.08e-05 7.02493 0.222377 -1.37935e-07 0.270508 0.915131 1.11188 0.111884 -2.19029 0.00408996 
11 700 2 0.0215369 3.08e-05 7.02493 0.222574 -8.15453e-08 0.270928 0.915941 1.11287 0.112868 -2.18154 0.00477507 
11 800 2 0.0246169 3.08e-05 7.02493 0.222741 -1.15448e-07 0.269599 0.916631 1.11371 0.113706 -2.17414 0.00546095 
11 900 2 0.0276969 3.08e-05 7.02493 0.222861 6.22539e-08 0.266956 0.917122 1.1143 0.114303 -2.16891 0.00614725 
11 1000 2 0.0307769 3.08e-05 7.02493 0.222904 3.60447e-08 0.263364 0.9173 1.11452 0.114519 -2.16701 0.00683362 
11 1100 2 0.0338569 3.08e-05 7.02493 0.222938 1.76502e-08 0.25915 0.917442 1.11469 0.114692 -2.1655 0.00752032 
11 1200 2 0.0369368 3.08e-05 7.02493 0.222949 -5.8138e-08 0.254576 0.917486 1.11475 0.114746 -2.16504 0.00820676 
11 1300 2 0.0400168 3.08e-05 7.02493 0.222931 -3.46541e-08 0.249853 0.91741 1.11465 0.114653 -2.16585 0.00889333 
11 1400 2 0.0430968 3.08e-05 7.02493 0.222906 -3.45298e-06 0.245148 0.91731 1.11453 0.114532 -2.1669 0.00958029 
11 1500 2 0.0461768 3.08e-05 7.02493 0.222833 -7.27972e-06 0.240561 0.91701 1.11417 0.114167 -2.17009 0.0102664 
11 1600 2 0.0492568 3.08e-05 7.02493 0.222776 6.3641e-06 0.236175 0.916774 1.11388 0.11388 -2.17261 0.0109527 
11 1700 2 0.0523368 3.08e-05 7.02493 0.222706 5.22614e-06 0.23203 0.916486 1.11353 0.113531 -2.17568 0.0116385 
11 1800 2 0.0554168 3.08e-05 7.02493 0.222624 -2.349e-06 0.228165 0.916148 1.11312 0.11312 -2.17931 0.0123244 
11 1900 2 0.0584968 3.08e-05 7.02493 0.222555 -3.40697e-06 0.224674 0.915862 1.11277 0.112773 -2.18238 0.0130098 
11 2000 2 0.0615768 3.08e-05 7.02493 0.222507 -1.59518e-05 0.221531 0.915668 1.11254 0.112536 -2.18448 0.0136952 
11 2100 2 0.0646568 3.08e-05 7.02493 0.222431 -3.26182e-05 0.218811 0.915353 1.11215 0.112154 -2.18788 0.0143807 
11 2200 2 0.0677368 3.08e-05 7.02493 0.222424 -4.28962e-05 0.216468 0.915323 1.11212 0.112118 -2.18821 0.0150657 
11 2300 2 0.0708168 3.08e-05 7.02493 0.222407 -6.05243e-05 0.214468 0.915256 1.11204 0.112036 -2.18894 0.0157509 
11 2400 2 0.0738968 3.08e-05 7.02493 0.222363 -6.87383e-05 0.212699 0.915074 1.11181 0.111815 -2.19091 0.0164358 
11 2500 2 0.0769768 3.08e-05 7.02493 0.222328 -6.31011e-05 0.211132 0.914929 1.11164 0.111638 -2.19249 0.0171205 
11 2600 3 0.0800308 3.08e-05 7.02493 0.222275 -7.03034e-05 0.209759 0.914711 1.11137 0.111374 -2.19486 0.0178052 
11 2700 3 0.0831108 3.08e-05 7.02493 0.222212 -6.24291e-05 0.208579 0.914454 1.11106 0.111061 -2.19767 0.0184897 
11 2800 3 0.0861908 3.08e-05 7.02493 0.222179 -3.5114e-05 0.207575 0.914317 1.11089 0.110895 -2.19917 0.0191739 
11 2900 3 0.0892708 3.08e-05 7.02493 0.222075 -5.35525e-07 0.206681 0.913887 1.11037 0.110373 -2.20389 0.0198581 
11 3000 3 0.0923508 3.08e-05 7.02493 0.221955 -1.35608e-05 0.205917 0.913397 1.10978 0.109777 -2.2093 0.0205416 
11 3100 3 0.0954308 3.08e-05 7.02493 0.221831 -8.28071e-06 0.205309 0.912884 1.10915 0.109154 -2.21499 0.0212251 
11 3200 3 0.0985108 3.08e-05 7.02493 0.221688 -1.21281e-05 0.204778 0.912296 1.10844 0.10844 -2.22156 0.021908 
11 3300 3 0.101591 3.08e-05 7.02493 0.2216 -4.95706e-05 0.204329 0.911932 1.108 0.107998 -2.22564 0.0225908 
11 3400 3 0.104671 3.08e-05 7.02493 0.221561 -7.80089e-05 0.203953 0.911774 1.10781 0.107806 -2.22742 0.0232733 
11 3500 3 0.107751 3.08e-05 7.02493 0.221494 -6.13795e-05 0.203614 0.911498 1.10747 0.10747 -2.23054 0.0239553 
11 3600 3 0.110831 3.08e-05 7.02493 0.221507 -4.00516e-05 0.203313 0.911551 1.10753 0.107535 -2.22994 0.0246378 
11 3700 3 0.113911 3.08e-05 7.02493 0.221566 -5.47298e-05 0.20305 0.911793 1.10783 0.107829 -2.22721 0.0253203 
11 3800 3 0.116991 3.08e-05 7.02493 0.2216 -7.76156e-05 0.202828 0.911935 1.108 0.108001 -2.22561 0.0260034 
11 3900 3 0.120071 3.08e-05 7.02493 0.221603 -6.81017e-05 0.202629 0.911948 1.10802 0.108017 -2.22546 0.0266855 
11 4000 3 0.123151 3.08e-05 7.02493 0.221584 -2.6416e-05 0.20246 0.91187 1.10792 0.107921 -2.22635 0.0273681 
11 4100 3 0.126231 3.08e-05 7.02493 0.221538 9.37808e-06 0.202297 0.911679 1.10769 0.10769 -2.2285 0.0280505 
11 4200 3 0.129311 3.08e-05 7.02493 0.221481 6.74234e-06 0.202153 0.911445 1.10741 0.107406 -2.23114 0.028733 
11 4300 3 0.132391 3.08e-05 7.02493 0.221474 -3.32277e-05 0.202045 0.911414 1.10737 0.107368 -2.2315 0.029415 
11 4400 3 0.135471 3.08e-05 7.02493 0.221479 -6.38875e-05 0.201948 0.911438 1.1074 0.107397 -2.23123 0.0300973 
11 4500 3 0.138551 3.08e-05 7.02493 0.221456 -6.42683e-05 0.201859 0.911343 1.10728 0.107282 -2.2323 0.0307793 
11 4600 3 0.141631 3.08e-05 7.02493 0.221398 -5.60899e-05 0.201796 0.911102 1.10699 0.106989 -2.23503 0.0314614 
11 4700 3 0.144711 3.08e-05 7.02493 0.22133 -6.44364e-05 0.201742 0.910821 1.10665 0.106648 -2.23822 0.0321434 
11 4800 3 0.147791 3.08e-05 7.02493 0.221267 -5.11176e-05 0.201681 0.910562 1.10633 0.106333 -2.24118 0.032825 
11 4900 3 0.150871 3.08e-05 7.02493 0.221221 -4.04553e-05 0.201618 0.910374 1.1061 0.106104 -2.24333 0.0335059 
11 5000 3 0.153951 3.08e-05 7.02493 0.221195 3.70545e-06 0.201569 0.910267 1.10597 0.105974 -2.24456 0.0341875 
11 5100 3 0.157031 3.08e-05 7.02493 0.221195 1.55305e-05 0.201534 0.910266 1.10597 0.105974 -2.24456 0.0348688 
11 5200 4 0.160092 3.08e-05 7.02493 0.221198 2.47546e-05 0.201501 0.910282 1.10599 0.105992 -2.24439 0.0355503 
11 5300 4 0.163172 3.08e-05 7.02493 0.221213 3.44439e-05 0.201471 0.910342 1.10607 0.106066 -2.2437 0.0362317 
11 5400 4 0.166252 3.08e-05 7.02493 0.221183 2.58306e-05 0.201441 0.910219 1.10592 0.105917 -2.2451 0.036913 
11 5500 4 0.169332 3.08e-05 7.02493 0.221157 1.79504e-05 0.201411 0.910112 1.10579 0.105786 -2.24634 0.0375943 
11 5600 4 0.172412 3.08e-05 7.02493 0.221126 3.72384e-06 0.201386 0.909983 1.10563 0.105629 -2.24782 0.0382747 
11 5700 4 0.175492 3.08e-05 7.02493 0.221054 6.0521e-06 0.20136 0.909686 1.10527 0.105268 -2.25125 0.0389561 
11 5800 4 0.178572 3.08e-05 7.02493 0.22099 3.41523e-05 0.20134 0.909423 1.10495 0.104949 -2.25428 0.039637 
11 5900 4 0.181652 3.08e-05 7.02493 0.220905 5.89391e-05 0.201327 0.909075 1.10453 0.104526 -2.25832 0.0403175 
11 6000 4 0.184732 3.08e-05 7.02493 0.220835 9.46134e-05 0.201311 0.908788 1.10418 0.104177 -2.26166 0.0409977 
11 6100 4 0.187812 3.08e-05 7.02493 0.220789 0.000138167 0.201295 0.908598 1.10395 0.103946 -2.26388 0.041678 
11 6200 4 0.190892 3.08e-05 7.02493 0.220704 0.00014459 0.201278 0.908249 1.10352 0.103522 -2.26797 0.0423576 
11 6300 4 0.193972 3.08e-05 7.02493 0.220644 0.000101718 0.201263 0.908 1.10322 0.103219 -2.2709 0.0430367 
11 6400 4 0.197052 3.08e-05 7.02493 0.220643 6.3986e-05 0.201241 0.907994 1.10321 0.103213 -2.27096 0.0437167 
11 6500 4 0.200132 3.08e-05 7.02493 0.220677 8.73007e-05 0.201218 0.908134 1.10338 0.103383 -2.26932 0.0443967 
11 6600 4 0.203212 3.08e-05 7.02493 0.220628 7.08344e-05 0.201208 0.907933 1.10314 0.103138 -2.27168 0.0450764 
11 6700 4 0.206292 3.08e-05 7.02493 0.220611 5.35256e-05 0.20119 0.907864 1.10306 0.103055 -2.27249 0.045756 
11 6800 4 0.209372 3.08e-05 7.02493 0.220585 6.29028e-05 0.201174 0.907758 1.10293 0.102925 -2.27375 0.0464362 
11 6900 4 0.212452 3.08e-05 7.02493 0.220589 9.61163e-05 0.201158 0.907774 1.10295 0.102946 -2.27355 0.0471149 
11 7000 4 0.215532 3.08e-05 7.02493 0.220595 9.95798e-05 0.20114 0.907798 1.10297 0.102975 -2.27327 0.0477949 
11 7100 4 0.218612 3.08e-05 7.02493 0.220565 0.000108281 0.201127 0.907674 1.10282 0.102824 -2.27474 0.0484742 
11 7200 4 0.221692 3.08e-05 7.02493 0.220557 8.88128e-05 0.201116 0.907641 1.10278 0.102783 -2.27513 0.0491536 
11 7300 4 0.224772 3.08e-05 7.02493 0.220579 6.71972e-05 0.201105 0.907734 1.1029 0.102897 -2.27403 0.0498334 
11 7400 4 0.227852 3.08e-05 7.02493 0.220546 3.33557e-05 0.201093 0.907595 1.10273 0.102728 -2.27567 0.0505122 
11 7500 4 0.230932 3.08e-05 7.02493 0.220536 1.26e-05 0.201083 0.907554 1.10268 0.102678 -2.27616 0.0511914 
11 7600 4 0.234012 3.08e-05 7.02493 0.22049 1.90827e-06 0.201078 0.907366 1.10245 0.10245 -2.27838 0.0518708 
11 7700 4 0.237092 3.08e-05 7.02493 0.220429 -2.63508e-05 0.201074 0.907114 1.10214 0.102144 -2.28137 0.0525496 
11 7800 5 0.240154 3.08e-05 7.02493 0.220339 -5.46119e-06 0.201069 0.906746 1.1017 0.101696 -2.28576 0.0532281 
11 7900 5 0.243234 3.08e-05 7.02493 0.220257 1.78501e-06 0.201066 0.906409 1.10129 0.101287 -2.2898 0.0539067 
11 8000 5 0.246314 3.08e-05 7.02493 0.220245 2.29996e-05 0.201059 0.906358 1.10123 0.101225 -2.29041 0.0545855 
11 8100 5 0.249394 3.08e-05 7.02493 0.220208 4.92316e-05 0.201049 0.906205 1.10104 0.101039 -2.29225 0.0552635 
11 8200 5 0.252474 3.08e-05 7.02493 0.220177 3.37393e-05 0.201046 0.906079 1.10089 0.100886 -2.29377 0.0559414 
11 8300 5 0.255554 3.08e-05 7.02493 0.220166 3.01658e-05 0.201047 0.906034 1.10083 0.100831 -2.29431 0.0566199 
11 8400 5 0.258634 3.08e-05 7.02493 0.220133 2.89694e-06 0.201043 0.905898 1.10067 0.100666 -2.29595 0.0572983 
11 8500 5 0.261714 3.08e-05 7.02493 0.220066 -1.61605e-05 0.201038 0.905619 1.10033 0.100328 -2.29931 0.0579755 
11 8600 5 0.264794 3.08e-05 7.02493 0.219987 -3.81424e-05 0.201031 0.905297 1.09994 0.0999355 -2.30323 0.0586537 
11 8700 5 0.267874 3.08e-05 7.02493 0.219917 -3.09266e-05 0.201022 0.905007 1.09958 0.0995837 -2.30676 0.0593308 
11 8800 5 0.270954 3.08e-05 7.02493 0.21992 -5.78469e-05 0.201009 0.905022 1.0996 0.0996023 -2.30657 0.0600089 
11 8900 5 0.274034 3.08e-05 7.02493 0.219917 -6.22993e-05 0.201003 0.905007 1.09958 0.0995833 -2.30676 0.0606855 
11 9000 5 0.277114 3.08e-05 7.02493 0.219946 -7.04352e-05 0.200992 0.905129 1.09973 0.0997318 -2.30527 0.0613633 
11 9100 5 0.280194 3.08e-05 7.02493 0.219882 -0.000100593 0.200988 0.904865 1.09941 0.099411 -2.30849 0.0620416 
11 9200 5 0.283274 3.08e-05 7.02493 0.219849 -0.000116149 0.200978 0.90473 1.09925 0.0992472 -2.31014 0.0627179 
11 9300 5 0.286354 3.08e-05 7.02493 0.21989 -0.000156812 0.200969 0.904898 1.09945 0.0994516 -2.30808 0.0633956 
11 9400 5 0.289434 3.08e-05 7.02493 0.219917 -0.000138758 0.200962 0.905007 1.09958 0.0995838 -2.30676 0.064073 
11 9500 5 0.292514 3.08e-05 7.02493 0.21992 -0.000110387 0.200956 0.905021 1.0996 0.0996008 -2.30658 0.0647501 
11 9600 5 0.295594 3.08e-05 7.02493 0.219885 -9.85418e-05 0.200955 0.904877 1.09943 0.0994261 -2.30834 0.0654278 
11 9700 5 0.298674 3.08e-05 7.02493 0.219881 -7.52052e-05 0.200954 0.904859 1.0994 0.0994042 -2.30856 0.0661052 
11 9800 5 0.301754 3.08e-05 7.02493 0.219857 -6.51016e-05 0.200953 0.90476 1.09928 0.099283 -2.30978 0.0667828 
11 9900 5 0.304834 3.08e-05 7.02493 0.219799 -6.95129e-05 0.200949 0.904525 1.099 0.0989974 -2.31266 0.0674596 
11 10000 5 0.307914 3.08e-05 7.02493 0.219729 -5.97153e-05 0.200954 0.904236 1.09865 0.098647 -2.31621 0.0681361 
11 10100 5 0.310994 3.08e-05 7.02493 0.219675 -7.78642e-05 0.200951 0.904014 1.09838 0.0983773 -2.31895 0.0688132 
11 10200 5 0.314074 3.08e-05 7.02493 0.219659 -8.87564e-05 0.200945 0.903946 1.09829 0.0982947 -2.31978 0.0694899 
11 10300 5 0.317154 3.08e-05 7.02493 0.219651 -7.7687e-05 0.200942 0.903912 1.09825 0.0982536 -2.3202 0.0701669 
11 10400 6 0.320216 3.08e-05 7.02493 0.219618 -5.49126e-05 0.200942 0.903776 1.09809 0.098088 -2.32189 0.0708428 
11 10500 6 0.323296 3.08e-05 7.02493 0.219559 -3.03872e-05 0.200944 0.903535 1.0978 0.0977951 -2.32488 0.07152 
11 10600 6 0.326376 3.08e-05 7.02493 0.219531 -3.07807e-05 0.200938 0.90342 1.09765 0.0976549 -2.32632 0.0721956 
11 10700 6 0.329456 3.08e-05 7.02493 0.219524 -2.28041e-05 0.200936 0.903392 1.09762 0.0976211 -2.32666 0.0728718 
11 10800 6 0.332536 3.08e-05 7.02493 0.21951 -3.48343e-05 0.200931 0.903335 1.09755 0.0975522 -2.32737 0.0735483 
11 10900 6 0.335616 3.08e-05 7.02493 0.219496 1.78528e-05 0.200927 0.903274 1.09748 0.0974776 -2.32813 0.0742246 
11 11000 6 0.338696 3.08e-05 7.02493 0.219502 2.94815e-05 0.200922 0.903302 1.09751 0.0975114 -2.32779 0.0749009 
11 11100 6 0.341776 3.08e-05 7.02493 0.219516 6.82746e-05 0.200922 0.903358 1.09758 0.0975806 -2.32708 0.0755769 
11 11200 6 0.344856 3.08e-05 7.02493 0.21952 7.10632e-05 0.200916 0.903373 1.0976 0.0975987 -2.32689 0.0762532 
11 11300 6 0.347936 3.08e-05 7.02493 0.219496 9.4666e-05 0.20091 0.903276 1.09748 0.0974806 -2.3281 0.0769287 
11 11400 6 0.351016 3.08e-05 7.02493 0.219485 0.000101483 0.200901 0.903231 1.09743 0.0974254 -2.32867 0.077605 
11 11500 6 0.354096 3.08e-05 7.02493 0.219453 9.2962e-05 0.200897 0.9031 1.09727 0.0972669 -2.3303 0.0782814 
11 11600 6 0.357176 3.08e-05 7.02493 0.219433 7.38453e-05 0.200894 0.903015 1.09716 0.0971628 -2.33137 0.0789573 
11 11700 6 0.360256 3.08e-05 7.02493 0.219397 8.55758e-05 0.200893 0.90287 1.09699 0.0969873 -2.33318 0.0796328 
11 11800 6 0.363336 3.08e-05 7.02493 0.219366 7.67374e-05 0.200897 0.90274 1.09683 0.0968287 -2.33481 0.0803091 
11 11900 6 0.366416 3.08e-05 7.02493 0.219322 7.51158e-05 0.200898 0.902561 1.09661 0.0966114 -2.33706 0.0809846 
11 12000 6 0.369496 3.08e-05 7.02493 0.219283 5.15728e-05 0.2009 0.902397 1.09641 0.0964128 -2.33912 0.0816603 
11 12100 6 0.372576 3.08e-05 7.02493 0.219261 3.20072e-05 0.2009 0.90231 1.09631 0.0963069 -2.34021 0.0823357 
11 12200 6 0.375656 3.08e-05 7.02493 0.219208 3.22004e-05 0.200902 0.90209 1.09604 0.0960388 -2.343 0.0830112 
11 12300 6 0.378736 3.08e-05 7.02493 0.219223 3.27843e-05 0.200897 0.902152 1.09611 0.0961144 -2.34222 0.0836861 
11 12400 6 0.381816 3.08e-05 7.02493 0.219253 1.65035e-05 0.200889 0.902277 1.09627 0.0962667 -2.34063 0.0843609 
11 12500 6 0.384896 3.08e-05 7.02493 0.219242 5.68616e-06 0.200887 0.902229 1.09621 0.0962083 -2.34124 0.0850367 
11 12600 6 0.387976 3.08e-05 7.02493 0.219186 1.25485e-05 0.200892 0.902001 1.09593 0.0959315 -2.34412 0.085712 
11 12700 6 0.391056 3.08e-05 7.02493 0.219112 2.06897e-05 0.200891 0.901694 1.09556 0.0955582 -2.34802 0.0863867 
11 12800 6 0.394135 3.08e-05 7.02493 0.219086 3.82125e-05 0.200889 0.901587 1.09543 0.0954281 -2.34938 0.0870619 
11 12900 6 0.397215 3.08e-05 7.02493 0.219097 3.44319e-05 0.200886 0.901635 1.09549 0.0954865 -2.34877 0.0877369 
11 13000 7 0.400277 3.08e-05 7.02493 0.219099 2.8973e-05 0.200883 0.901641 1.09549 0.0954935 -2.3487 0.088412 
11 13100 7 0.403357 3.08e-05 7.02493 0.21906 -8.68491e-06 0.200881 0.901481 1.0953 0.0952992 -2.35073 0.0890861 
11 13200 7 0.406437 3.08e-05 7.02493 0.219028 6.56727e-06 0.200876 0.90135 1.09514 0.0951406 -2.3524 0.0897613 
11 13300 7 0.409517 3.08e-05 7.02493 0.219021 -1.02953e-05 0.200874 0.90132 1.0951 0.0951039 -2.35278 0.090436 
11 13400 7 0.412597 3.08e-05 7.02493 0.219016 -3.9764e-05 0.200874 0.901299 1.09508 0.0950778 -2.35306 0.0911108 
11 13500 7 0.415677 3.08e-05 7.02493 0.219049 -3.05408e-05 0.200868 0.901436 1.09524 0.0952448 -2.3513 0.0917856 
11 13600 7 0.418757 3.08e-05 7.02493 0.219064 2.57081e-05 0.200862 0.901497 1.09532 0.0953186 -2.35053 0.0924598 
11 13700 7 0.421837 3.08e-05 7.02493 0.21902 4.29835e-05 0.200859 0.901317 1.0951 0.0950998 -2.35283 0.0931345 
11 13800 7 0.424917 3.08e-05 7.02493 0.218988 4.91391e-05 0.200859 0.901184 1.09494 0.0949389 -2.35452 0.0938092 
11 13900 7 0.427997 3.08e-05 7.02493 0.218964 2.547e-05 0.200857 0.901085 1.09482 0.0948186 -2.35579 0.0944841 
11 14000 7 0.431077 3.08e-05 7.02493 0.218912 3.19177e-05 0.200861 0.900873 1.09456 0.0945608 -2.35851 0.0951583 
11 14100 7 0.434157 3.08e-05 7.02493 0.218859 4.58347e-05 0.200858 0.900653 1.09429 0.094294 -2.36134 0.0958325 
11 14200 7 0.437237 3.08e-05 7.02493 0.218822 6.65588e-05 0.20086 0.9005 1.09411 0.0941079 -2.36331 0.0965066 
11 14300 7 0.440317 3.08e-05 7.02493 0.218827 8.8181e-05 0.20086 0.900521 1.09413 0.094133 -2.36305 0.0971805 
11 14400 7 0.443397 3.08e-05 7.02493 0.218779 0.000110222 0.200865 0.900326 1.0939 0.0938964 -2.36556 0.0978545 
11 14500 7 0.446477 3.08e-05 7.02493 0.218748 7.82949e-05 0.200864 0.900198 1.09374 0.0937407 -2.36722 0.0985285 
11 14600 7 0.449557 3.08e-05 7.02493 0.218692 2.13782e-05 0.200865 0.899968 1.09346 0.0934613 -2.37021 0.0992024 
11 14700 7 0.452637 3.08e-05 7.02493 0.218672 -5.1462e-06 0.200862 0.899885 1.09336 0.0933602 -2.37129 0.0998759 
11 14800 7 0.455717 3.08e-05 7.02493 0.218666 -1.71424e-06 0.200863 0.89986 1.09333 0.0933297 -2.37162 0.100549 
11 14900 7 0.458797 3.08e-05 7.02493 0.218661 4.72481e-06 0.200861 0.89984 1.09331 0.0933055 -2.37188 0.101223 
11 15000 7 0.461877 3.08e-05 7.02493 0.218649 -6.58182e-07 0.200859 0.899789 1.09324 0.0932433 -2.37254 0.101897 
11 15100 7 0.464957 3.08e-05 7.02493 0.218646 1.18157e-05 0.200855 0.899777 1.09323 0.0932291 -2.3727 0.10257 
11 15200 7 0.468037 3.08e-05 7.02493 0.218655 6.86394e-06 0.200851 0.899814 1.09327 0.0932736 -2.37222 0.103243 
11 15300 7 0.471117 3.08e-05 7.02493 0.218695 -1.98622e-06 0.200846 0.89998 1.09348 0.0934761 -2.37005 0.103917 
11 15400 7 0.474197 3.08e-05 7.02493 0.218692 -5.67674e-06 0.200842 0.899968 1.09346 0.0934616 -2.3702 0.104591 
11 15500 7 0.477277 3.08e-05 7.02493 0.21868 -4.42818e-06 0.200842 0.899918 1.0934 0.0934004 -2.37086 0.105264 
11 15600 8 0.480339 3.08e-05 7.02493 0.21861 -2.23938e-05 0.200842 0.899631 1.09305 0.0930521 -2.3746 0.105938 
11 15700 8 0.483419 3.08e-05 7.02493 0.218602 -2.95767e-05 0.200841 0.899597 1.09301 0.0930105 -2.37504 0.106612 
11 15800 8 0.486499 3.08e-05 7.02493 0.218602 -1.63411e-05 0.200836 0.899595 1.09301 0.0930077 -2.37507 0.107285 
11 15900 8 0.489579 3.08e-05 7.02493 0.218571 -6.16669e-06 0.200832 0.899469 1.09285 0.0928548 -2.37672 0.107958 
11 16000 8 0.492659 3.08e-05 7.02493 0.218617 -3.45982e-06 0.200828 0.89966 1.09309 0.0930868 -2.37422 0.108632 
11 16100 8 0.495739 3.08e-05 7.02493 0.218599 -4.57788e-06 0.200828 0.899585 1.093 0.0929954 -2.3752 0.109305 
11 16200 8 0.498819 3.08e-05 7.02493 0.218563 2.66814e-06 0.20083 0.899436 1.09281 0.0928146 -2.37715 0.109978 
11 16300 8 0.501899 3.08e-05 7.02493 0.21851 -1.61349e-05 0.200833 0.899219 1.09255 0.0925513 -2.37999 0.110651 
11 16400 8 0.504979 3.08e-05 7.02493 0.218454 -3.44557e-05 0.200833 0.898987 1.09227 0.092269 -2.38305 0.111324 
11 16500 8 0.508059 3.08e-05 7.02493 0.218408 -3.90252e-05 0.200833 0.898799 1.09204 0.0920402 -2.38553 0.111997 
11 16600 8 0.511139 3.08e-05 7.02493 0.218392 -3.08841e-05 0.200834 0.898732 1.09196 0.0919595 -2.38641 0.11267 
11 16700 8 0.514219 3.08e-05 7.02493 0.218399 -2.56472e-05 0.200834 0.898763 1.092 0.0919972 -2.386 0.113343 
11 16800 8 0.517299 3.08e-05 7.02493 0.218395 -1.88277e-06 0.200833 0.898747 1.09198 0.0919772 -2.38621 0.114015 
11 16900 8 0.520379 3.08e-05 7.02493 0.218358 1.40837e-05 0.200836 0.898592 1.09179 0.0917891 -2.38826 0.114688 
11 17000 8 0.523459 3.08e-05 7.02493 0.218299 2.17976e-05 0.200834 0.898349 1.09149 0.0914935 -2.39149 0.11536 
11 17100 8 0.526539 3.08e-05 7.02493 0.218263 2.57279e-05 0.200838 0.898203 1.09132 0.0913171 -2.39342 0.116033 
11 17200 8 0.529619 3.08e-05 7.02493 0.218265 9.97926e-06 0.200837 0.898209 1.09132 0.0913241 -2.39334 0.116705 
11 17300 8 0.532699 3.08e-05 7.02493 0.218228 -2.664e-06 0.200835 0.898059 1.09114 0.0911419 -2.39534 0.117378 
11 17400 8 0.535779 3.08e-05 7.02493 0.218233 -1.60018e-05 0.200833 0.89808 1.09117 0.0911675 -2.39506 0.11805 
11 17500 8 0.538859 3.08e-05 7.02493 0.218218 -2.73535e-05 0.20083 0.898015 1.09109 0.0910881 -2.39593 0.118721 
11 17600 8 0.541939 3.08e-05 7.02493 0.218236 -1.84945e-05 0.200825 0.89809 1.09118 0.0911793 -2.39493 0.119395 
11 17700 8 0.545019 3.08e-05 7.02493 0.218261 -1.9467e-05 0.200821 0.898192 1.0913 0.0913031 -2.39357 0.120067 
11 17800 8 0.548099 3.08e-05 7.02493 0.218297 -6.51263e-06 0.200818 0.898341 1.09148 0.0914839 -2.39159 0.120739 
11 17900 8 0.551179 3.08e-05 7.02493 0.218284 1.54291e-05 0.200818 0.89829 1.09142 0.0914221 -2.39227 0.121411 
11 18000 8 0.554259 3.08e-05 7.02493 0.218315 2.89688e-05 0.200816 0.898414 1.09157 0.0915736 -2.39061 0.122084 
11 18100 8 0.557339 3.08e-05 7.02493 0.218303 3.94707e-05 0.200813 0.898368 1.09152 0.0915167 -2.39123 0.122756 
11 18200 9 0.5604 3.08e-05 7.02493 0.218292 5.84237e-05 0.200807 0.898322 1.09146 0.0914612 -2.39184 0.123428 
11 18300 9 0.56348 3.08e-05 7.02493 0.218274 6.35568e-05 0.200805 0.898247 1.09137 0.09137 -2.39284 0.124101 
11 18400 9 0.56656 3.08e-05 7.02493 0.21822 5.32061e-05 0.200807 0.898025 1.0911 0.0911006 -2.39579 0.124773 
11 18500 9 0.56964 3.08e-05 7.02493 0.218206 3.06337e-05 0.200809 0.897966 1.09103 0.0910288 -2.39658 0.125446 
11 18600 9 0.57272 3.08e-05 7.02493 0.218173 1.399e-05 0.200813 0.897833 1.09087 0.0908672 -2.39836 0.126118 
11 18700 9 0.5758 3.08e-05 7.02493 0.218132 7.3064e-06 0.200813 0.897664 1.09066 0.090662 -2.40062 0.12679 
11 18800 9 0.57888 3.08e-05 7.02493 0.218109 7.36558e-06 0.200809 0.897567 1.09054 0.0905433 -2.40193 0.127462 
11 18900 9 0.58196 3.08e-05 7.02493 0.218059 2.5499e-05 0.200813 0.897362 1.0903 0.0902952 -2.40467 0.128133 
11 19000 9 0.58504 3.08e-05 7.02493 0.218035 3.61173e-05 0.200815 0.897262 1.09017 0.0901727 -2.40603 0.128805 
11 19100 9 0.58812 3.08e-05 7.02493 0.218021 4.29659e-05 0.200817 0.897207 1.09011 0.090106 -2.40677 0.129477 
11 19200 9 0.5912 3.08e-05 7.02493 0.218026 4.63813e-05 0.200815 0.897226 1.09013 0.0901301 -2.4065 0.130148 
11 19300 9 0.59428 3.08e-05 7.02493 0.218013 7.09659e-05 0.200817 0.897175 1.09007 0.090067 -2.4072 0.13082 
11 19400 9 0.59736 3.08e-05 7.02493 0.217975 8.79517e-05 0.200818 0.897017 1.08988 0.0898751 -2.40933 0.131492 
11 19500 9 0.60044 3.08e-05 7.02493 0.217924 9.10064e-05 0.200817 0.896807 1.08962 0.0896204 -2.41217 0.132163 
11 19600 9 0.60352 3.08e-05 7.02493 0.217899 9.75117e-05 0.200818 0.896705 1.0895 0.0894962 -2.41356 0.132834 
11 19700 9 0.6066 3.08e-05 7.02493 0.21783 0.000117416 0.200821 0.896418 1.08915 0.0891484 -2.41745 0.133506 
11 19800 9 0.60968 3.08e-05 7.02493 0.21783 0.000132833 0.200816 0.89642 1.08915 0.0891506 -2.41743 0.134177 
11 19900 9 0.61276 3.08e-05 7.02493 0.217885 0.000124584 0.200809 0.896645 1.08942 0.0894241 -2.41437 0.134848 
11 20000 9 0.61584 3.08e-05 7.02493 0.217942 9.86095e-05 0.200804 0.896882 1.08971 0.0897111 -2.41116 0.135519 
11 20100 9 0.61892 3.08e-05 7.02493 0.217964 7.20388e-05 0.2008 0.896973 1.08982 0.0898224 -2.40992 0.13619 
11 20200 9 0.622 3.08e-05 7.02493 0.217983 6.76995e-05 0.200797 0.897051 1.08992 0.0899175 -2.40886 0.136861 
11 20300 9 0.62508 3.08e-05 7.02493 0.217953 5.15476e-05 0.200796 0.896927 1.08977 0.0897659 -2.41055 0.137533 
11 20400 9 0.62816 3.08e-05 7.02493 0.217974 2.50238e-05 0.200789 0.897012 1.08987 0.0898692 -2.4094 0.138205 
11 20500 9 0.63124 3.08e-05 7.02493 0.218017 2.40813e-05 0.200784 0.897187 1.09008 0.0900827 -2.40703 0.138876 
11 20600 9 0.63432 3.08e-05 7.02493 0.217998 3.01433e-05 0.200785 0.897113 1.08999 0.0899921 -2.40803 0.139547 
11 20700 9 0.6374 3.08e-05 7.02493 0.217983 4.73213e-06 0.200786 0.897051 1.08992 0.0899171 -2.40887 0.140219 
11 20800 10 0.640462 3.08e-05 7.02493 0.217939 -1.6334e-05 0.200791 0.896869 1.0897 0.0896954 -2.41134 0.14089 
11 20900 10 0.643542 3.08e-05 7.02493 0.217856 -1.93171e-05 0.200798 0.896525 1.08928 0.0892779 -2.416 0.141561 
11 21000 10 0.646622 3.08e-05 7.02493 0.217827 -2.72126e-05 0.200796 0.896409 1.08914 0.089137 -2.41758 0.142232 
11 21100 10 0.649702 3.08e-05 7.02493 0.217831 -1.09164e-05 0.200796 0.896424 1.08915 0.0891548 -2.41738 0.142903 
11 21200 10 0.652782 3.08e-05 7.02493 0.217793 -6.23585e-06 0.200797 0.896269 1.08897 0.0889671 -2.41949 0.143574 
11 21300 10 0.655862 3.08e-05 7.02493 0.217745 -7.58736e-06 0.200797 0.896069 1.08872 0.0887236 -2.42223 0.144245 
11 21400 10 0.658942 3.08e-05 7.02493 0.21772 -1.51142e-05 0.200798 0.895967 1.0886 0.0886001 -2.42362 0.144916 
11 21500 10 0.662022 3.08e-05 7.02493 0.217708 -2.05357e-05 0.200801 0.895919 1.08854 0.0885412 -2.42429 0.145586 
11 21600 10 0.665102 3.08e-05 7.02493 0.217691 -1.61155e-05 0.200803 0.895849 1.08846 0.088456 -2.42525 0.146257 
11 21700 10 0.668182 3.08e-05 7.02493 0.217652 -1.54645e-05 0.200807 0.895688 1.08826 0.0882608 -2.42746 0.146927 
11 21800 10 0.671262 3.08e-05 7.02493 0.217633 3.66347e-06 0.200803 0.895609 1.08817 0.0881651 -2.42854 0.147598 
11 21900 10 0.674342 3.08e-05 7.02493 0.217581 3.20116e-05 0.200808 0.895394 1.0879 0.0879041 -2.43151 0.148268 
11 22000 10 0.677422 3.08e-05 7.02493 0.217539 3.12702e-05 0.200808 0.89522 1.08769 0.0876927 -2.43392 0.148939 
11 22100 10 0.680502 3.08e-05 7.02493 0.217534 1.22186e-05 0.200804 0.895202 1.08767 0.0876709 -2.43417 0.149609 
11 22200 10 0.683582 3.08e-05 7.02493 0.217552 -2.3195e-06 0.200799 0.895277 1.08776 0.0877615 -2.43313 0.150279 
11 22300 10 0.686662 3.08e-05 7.02493 0.217613 -2.1976e-05 0.20079 0.895529 1.08807 0.0880672 -2.42966 0.150949 
11 22400 10 0.689742 3.08e-05 7.02493 0.217668 -4.25479e-05 0.200784 0.895753 1.08834 0.08834 -2.42656 0.15162 
11 22500 10 0.692822 3.08e-05 7.02493 0.217686 -8.99494e-05 0.20078 0.895827 1.08843 0.0884303 -2.42554 0.152289 
11 22600 10 0.695902 3.08e-05 7.02493 0.217694 -0.000106903 0.20078 0.895859 1.08847 0.0884689 -2.4251 0.15296 
11 22700 10 0.698982 3.08e-05 7.02493 0.217707 -0.000106197 0.200776 0.895912 1.08853 0.0885333 -2.42438 0.153631 
11 22800 10 0.702062 3.08e-05 7.02493 0.217726 -9.54328e-05 0.200774 0.895993 1.08863 0.0886319 -2.42326 0.154301 
11 22900 10 0.705142 3.08e-05 7.02493 0.217715 -9.96498e-05 0.200771 0.895946 1.08857 0.0885749 -2.42391 0.154972 
11 23000 10 0.708222 3.08e-05 7.02493 0.217685 -7.65248e-05 0.200775 0.895824 1.08843 0.0884261 -2.42559 0.155643 
11 23100 10 0.711302 3.08e-05 7.02493 0.217643 -7.15633e-05 0.200777 0.895651 1.08822 0.0882164 -2.42796 0.156313 
11 23200 10 0.714382 3.08e-05 7.02493 0.217587 -7.94798e-05 0.200781 0.895419 1.08793 0.0879335 -2.43117 0.156984 
11 23300 10 0.717462 3.08e-05 7.02493 0.21755 -9.22403e-05 0.200784 0.895268 1.08775 0.0877508 -2.43325 0.157654 
11 23400 11 0.720524 3.08e-05 7.02493 0.217543 -0.000102126 0.200784 0.895237 1.08771 0.0877129 -2.43369 0.158324 
11 23500 11 0.723604 3.08e-05 7.02493 0.217503 -9.49341e-05 0.200789 0.895076 1.08752 0.0875169 -2.43592 0.158994 
11 23600 11 0.726684 3.08e-05 7.02493 0.217491 -8.63889e-05 0.200788 0.895024 1.08745 0.0874538 -2.43664 0.159663 
11 23700 11 0.729764 3.08e-05 7.02493 0.217448 -8.43539e-05 0.200788 0.894847 1.08724 0.0872394 -2.4391 0.160333 
11 23800 11 0.732844 3.08e-05 7.02493 0.217407 -9.13874e-05 0.200792 0.89468 1.08704 0.0870361 -2.44143 0.161004 
11 23900 11 0.735924 3.08e-05 7.02493 0.217376 -8.26986e-05 0.200796 0.894552 1.08688 0.0868805 -2.44322 0.161673 
11 24000 11 0.739004 3.08e-05 7.02493 0.217356 -7.52117e-05 0.200797 0.894469 1.08678 0.0867794 -2.44439 0.162343 
11 24100 11 0.742084 3.08e-05 7.02493 0.21732 -6.39647e-05 0.200798 0.89432 1.0866 0.0865985 -2.44647 0.163012 
11 24200 11 0.745164 3.08e-05 7.02493 0.217272 -6.52735e-05 0.200802 0.894124 1.08636 0.0863601 -2.44923 0.163682 
11 24300 11 0.748244 3.08e-05 7.02493 0.217211 -5.77167e-05 0.200799 0.893874 1.08606 0.0860571 -2.45274 0.164351 
11 24400 11 0.751324 3.08e-05 7.02493 0.217266 -8.34222e-05 0.200792 0.894098 1.08633 0.0863293 -2.44959 0.16502 
11 24500 11 0.754404 3.08e-05 7.02493 0.217307 -0.000113397 0.200785 0.894267 1.08653 0.0865343 -2.44721 0.165689 
11 24600 11 0.757484 3.08e-05 7.02493 0.217292 -0.000109213 0.200783 0.894206 1.08646 0.0864606 -2.44807 0.166359 
11 24700 11 0.760564 3.08e-05 7.02493 0.217346 -9.55415e-05 0.200777 0.894428 1.08673 0.0867306 -2.44495 0.167028 
11 24800 11 0.763644 3.08e-05 7.02493 0.217371 -6.49528e-05 0.200775 0.894531 1.08685 0.0868548 -2.44352 0.167697 
11 24900 11 0.766724 3.08e-05 7.02493 0.217391 -3.92578e-05 0.200773 0.894612 1.08695 0.0869532 -2.44239 0.168367 
11 25000 11 0.769804 3.08e-05 7.02493 0.217421 -4.77303e-05 0.200768 0.894737 1.08711 0.0871059 -2.44063 0.169036 
11 25100 11 0.772884 3.08e-05 7.02493 0.217417 -4.04174e-05 0.200767 0.894718 1.08708 0.087083 -2.44089 0.169706 
11 25200 11 0.775964 3.08e-05 7.02493 0.217423 -5.79417e-05 0.200767 0.894744 1.08711 0.0871142 -2.44054 0.170376 
11 25300 11 0.779044 3.08e-05 7.02493 0.21741 -5.70638e-05 0.200767 0.894692 1.08705 0.0870511 -2.44126 0.171046 
11 25400 11 0.782124 3.08e-05 7.02493 0.217385 -4.70461e-05 0.200769 0.89459 1.08693 0.0869267 -2.44269 0.171715 
11 25500 11 0.785204 3.08e-05 7.02493 0.217349 -3.76225e-05 0.20077 0.894442 1.08675 0.0867474 -2.44475 0.172385 
11 25600 11 0.788284 3.08e-05 7.02493 0.217298 -1.58596e-05 0.200772 0.89423 1.08649 0.086489 -2.44774 0.173054 
11 25700 11 0.791364 3.08e-05 7.02493 0.217244 -1.04201e-06 0.200776 0.894009 1.08622 0.0862204 -2.45085 0.173723 
11 25800 11 0.794443 3.08e-05 7.02493 0.217214 -3.30711e-06 0.200775 0.893885 1.08607 0.0860697 -2.4526 0.174393 
11 25900 11 0.797523 3.08e-05 7.02493 0.217226 -3.6877e-06 0.200774 0.893936 1.08613 0.0861319 -2.45188 0.175062 
11 26000 12 0.800585 3.08e-05 7.02493 0.217253 7.2329e-06 0.200771 0.894044 1.08626 0.086264 -2.45034 0.175731 
11 26100 12 0.803665 3.08e-05 7.02493 0.217217 1.87056e-05 0.200776 0.893896 1.08608 0.0860833 -2.45244 0.1764 
11 26200 12 0.806745 3.08e-05 7.02493 0.217194 3.23377e-05 0.200776 0.893802 1.08597 0.0859691 -2.45377 0.177069 
11 26300 12 0.809825 3.08e-05 7.02493 0.217226 5.49884e-05 0.200775 0.893936 1.08613 0.0861316 -2.45188 0.177738 
11 26400 12 0.812905 3.08e-05 7.02493 0.217185 6.60993e-05 0.200778 0.893767 1.08593 0.0859265 -2.45426 0.178407 
11 26500 12 0.815985 3.08e-05 7.02493 0.217141 -4.63931e-05 0.200782 0.893585 1.08571 0.0857054 -2.45684 0.179076 
11 26600 12 0.819065 3.08e-05 7.02493 0.217096 -7.13202e-05 0.200781 0.8934 1.08548 0.0854805 -2.45947 0.179746 
11 26700 12 0.822145 3.08e-05 7.02493 0.217094 4.27124e-06 0.200778 0.89339 1.08547 0.0854683 -2.45961 0.180414 
11 26800 12 0.825225 3.08e-05 7.02493 0.217091 7.29114e-06 0.200775 0.893381 1.08546 0.0854574 -2.45974 0.181083 
11 26900 12 0.828305 3.08e-05 7.02493 0.217107 -2.72812e-05 0.200772 0.893445 1.08554 0.0855352 -2.45883 0.181751 
11 27000 12 0.831385 3.08e-05 7.02493 0.217083 1.03564e-05 0.200772 0.893344 1.08541 0.0854127 -2.46026 0.182421 
11 27100 12 0.834465 3.08e-05 7.02493 0.217098 5.49521e-05 0.200769 0.893408 1.08549 0.0854908 -2.45935 0.183089 
11 27200 12 0.837545 3.08e-05 7.02493 0.217116 6.57175e-05 0.200766 0.893481 1.08558 0.0855797 -2.45831 0.183758 
11 27300 12 0.840625 3.08e-05 7.02493 0.217138 0.000104263 0.200761 0.893571 1.08569 0.0856887 -2.45703 0.184427 
11 27400 12 0.843705 3.08e-05 7.02493 0.217152 7.91658e-05 0.200759 0.893629 1.08576 0.0857591 -2.45621 0.185096 
11 27500 12 0.846785 3.08e-05 7.02493 0.217169 3.52451e-05 0.200759 0.8937 1.08585 0.0858457 -2.4552 0.185764 
11 27600 12 0.849865 3.08e-05 7.02493 0.217193 6.6965e-06 0.200758 0.8938 1.08597 0.0859675 -2.45379 0.186433 
11 27700 12 0.852945 3.08e-05 7.02493 0.217158 1.35825e-05 0.200762 0.893656 1.08579 0.0857918 -2.45583 0.187102 
11 27800 12 0.856025 3.08e-05 7.02493 0.217105 1.45882e-05 0.200765 0.893436 1.08552 0.0855244 -2.45895 0.187771 
11 27900 12 0.859105 3.08e-05 7.02493 0.217083 2.28019e-05 0.200766 0.893344 1.08541 0.0854129 -2.46026 0.188439 
11 28000 12 0.862185 3.08e-05 7.02493 0.216999 4.56825e-05 0.200772 0.892999 1.08499 0.0849932 -2.46518 0.189108 
11 28100 12 0.865265 3.08e-05 7.02493 0.216938 4.81796e-05 0.200775 0.892748 1.08469 0.0846889 -2.46877 0.189776 
11 28200 12 0.868345 3.08e-05 7.02493 0.216941 3.15141e-05 0.200772 0.89276 1.0847 0.084704 -2.46859 0.190445 
11 28300 12 0.871425 3.08e-05 7.02493 0.216903 1.99296e-05 0.200775 0.892606 1.08452 0.0845163 -2.47081 0.191113 
11 28400 12 0.874505 3.08e-05 7.02493 0.2169 3.52727e-06 0.200778 0.892593 1.0845 0.0845005 -2.471 0.191781 
11 28500 12 0.877585 3.08e-05 7.02493 0.216866 -6.66807e-06 0.200782 0.892451 1.08433 0.0843276 -2.47305 0.192449 
11 28600 13 0.880647 3.08e-05 7.02493 0.216861 -1.17111e-05 0.200777 0.892434 1.08431 0.0843072 -2.47329 0.193117 
11 28700 13 0.883727 3.08e-05 7.02493 0.216855 -9.15303e-06 0.200776 0.892409 1.08428 0.0842766 -2.47365 0.193784 
11 28800 13 0.886807 3.08e-05 7.02493 0.216818 -3.1878e-05 0.200785 0.892256 1.08409 0.0840914 -2.47585 0.194453 
11 28900 13 0.889887 3.08e-05 7.02493 0.216813 1.16934e-05 0.200782 0.892235 1.08407 0.0840653 -2.47616 0.195121 
11 29000 13 0.892967 3.08e-05 7.02493 0.216851 7.16539e-06 0.200776 0.892389 1.08425 0.0842531 -2.47393 0.195789 
11 29100 13 0.896047 3.08e-05 7.02493 0.216866 5.40302e-05 0.200771 0.892451 1.08433 0.0843279 -2.47304 0.196457 
11 29200 13 0.899127 3.08e-05 7.02493 0.216863 6.09297e-05 0.200768 0.89244 1.08431 0.0843143 -2.4732 0.197125 
11 29300 13 0.902207 3.08e-05 7.02493 0.216862 2.00973e-05 0.200766 0.892436 1.08431 0.0843093 -2.47326 0.197793 
11 29400 13 0.905287 3.08e-05 7.02493 0.216844 -2.72517e-05 0.200766 0.892364 1.08422 0.0842224 -2.47429 0.198461 
11 29500 13 0.908367 3.08e-05 7.02493 0.21684 -5.37487e-05 0.200766 0.892347 1.0842 0.0842012 -2.47455 0.199129 
11 29600 13 0.911447 3.08e-05 7.02493 0.216871 -8.69483e-06 0.200763 0.892475 1.08436 0.0843569 -2.4727 0.199797 
11 29700 13 0.914527 3.08e-05 7.02493 0.21693 1.21442e-05 0.200756 0.892714 1.08465 0.0846478 -2.46926 0.200465 
11 29800 13 0.917607 3.08e-05 7.02493 0.217012 -8.37984e-06 0.200749 0.893054 1.08506 0.0850606 -2.46439 0.201133 
11 29900 13 0.920687 3.08e-05 7.02493 0.217003 -2.34935e-05 0.200749 0.893016 1.08501 0.0850147 -2.46493 0.201802 
11 30000 13 0.923767 3.08e-05 7.02493 0.216994 -4.84523e-05 0.200751 0.89298 1.08497 0.0849703 -2.46545 0.20247 
11 30100 13 0.926847 3.08e-05 7.02493 0.216953 -6.35811e-05 0.200753 0.892811 1.08477 0.0847658 -2.46786 0.203139 
11 30200 13 0.929927 3.08e-05 7.02493 0.216944 -5.92337e-05 0.200754 0.892775 1.08472 0.0847218 -2.46838 0.203806 
11 30300 13 0.933007 3.08e-05 7.02493 0.216906 -5.91487e-05 0.200759 0.892616 1.08453 0.0845283 -2.47067 0.204475 
11 30400 13 0.936087 3.08e-05 7.02493 0.216825 -6.42197e-05 0.200765 0.892282 1.08412 0.0841227 -2.47548 0.205143 
11 30500 13 0.939167 3.08e-05 7.02493 0.216741 -6.49931e-05 0.200769 0.89194 1.08371 0.083707 -2.48043 0.20581 
11 30600 13 0.942247 3.08e-05 7.02493 0.216702 -3.8304e-05 0.200769 0.891778 1.08351 0.0835104 -2.48278 0.206478 
11 30700 13 0.945327 3.08e-05 7.02493 0.216707 -2.00985e-05 0.200769 0.891798 1.08353 0.0835348 -2.48249 0.207145 
11 30800 13 0.948407 3.08e-05 7.02493 0.216687 -5.72423e-07 0.200772 0.891714 1.08343 0.083433 -2.48371 0.207813 
11 30900 13 0.951487 3.08e-05 7.02493 0.21661 2.49369e-05 0.200776 0.891401 1.08305 0.0830517 -2.48829 0.208481 
11 31000 13 0.954567 3.08e-05 7.02493 0.216593 1.25598e-05 0.200777 0.891331 1.08297 0.0829666 -2.48932 0.209147 
11 31100 13 0.957647 3.08e-05 7.02493 0.216554 6.26554e-06 0.200783 0.891168 1.08277 0.0827693 -2.4917 0.209815 
11 31200 14 0.960708 3.08e-05 7.02493 0.2166 -6.6155e-06 0.200775 0.891356 1.083 0.0829977 -2.48894 0.210482 
11 31300 14 0.963788 3.08e-05 7.02493 0.216672 -3.00558e-05 0.200765 0.891654 1.08336 0.0833594 -2.48459 0.21115 
11 31400 14 0.966868 3.08e-05 7.02493 0.21667 -7.67356e-05 0.200763 0.891645 1.08335 0.0833493 -2.48472 0.211817 
11 31500 14 0.969948 3.08e-05 7.02493 0.216651 -8.67715e-05 0.200763 0.891568 1.08326 0.0832553 -2.48584 0.212484 
11 31600 14 0.973028 3.08e-05 7.02493 0.216649 -8.26641e-05 0.200762 0.891559 1.08324 0.0832447 -2.48597 0.213152 
11 31700 14 0.976108 3.08e-05 7.02493 0.216642 -6.63268e-05 0.200761 0.89153 1.08321 0.0832093 -2.4864 0.213819 
11 31800 14 0.979188 3.08e-05 7.02493 0.216619 -1.08874e-05 0.200762 0.891436 1.0831 0.0830952 -2.48777 0.214486 
11 31900 14 0.982268 3.08e-05 7.02493 0.216613 6.85195e-06 0.200764 0.89141 1.08306 0.0830629 -2.48816 0.215154 
11 32000 14 0.985348 3.08e-05 7.02493 0.21666 1.16359e-05 0.20076 0.891605 1.0833 0.0832995 -2.48531 0.215821 
11 32100 14 0.988428 3.08e-05 7.02493 0.216716 1.58063e-05 0.200752 0.891835 1.08358 0.0835793 -2.48196 0.216488 
11 32200 14 0.991508 3.08e-05 7.02493 0.216745 8.94548e-06 0.200749 0.891957 1.08373 0.0837274 -2.48019 0.217156 
11 32300 14 0.994588 3.08e-05 7.02493 0.216736 1.89154e-05 0.200751 0.891916 1.08368 0.0836781 -2.48078 0.217823 
11 32400 14 0.997668 3.08e-05 7.02493 0.216697 2.00794e-05 0.200755 0.891757 1.08348 0.083485 -2.48309 0.218491 
11 32500 14 1.00075 3.08e-05 7.02493 0.216653 1.61668e-05 0.20076 0.891577 1.08327 0.0832663 -2.48571 0.219158 
11 32600 14 1.00383 3.08e-05 7.02493 0.21664 1.11007e-05 0.20076 0.891521 1.0832 0.0831982 -2.48653 0.219826 
11 32700 14 1.00691 3.08e-05 7.02493 0.216616 -1.2806e-05 0.200762 0.891424 1.08308 0.0830801 -2.48795 0.220494 
11 32800 14 1.00999 3.08e-05 7.02493 0.216559 -3.27592e-05 0.200764 0.891188 1.08279 0.0827929 -2.49141 0.22116 
11 32900 14 1.01307 3.08e-05 7.02493 0.216537 -5.62391e-05 0.200765 0.891099 1.08269 0.0826851 -2.49272 0.221827 
11 33000 14 1.01615 3.08e-05 7.02493 0.216539 -3.71395e-05 0.200763 0.891107 1.08269 0.0826945 -2.4926 0.222494 
11 33100 14 1.01923 3.08e-05 7.02493 0.216537 -5.29734e-05 0.200761 0.8911 1.08269 0.0826861 -2.4927 0.223161 
11 33200 14 1.02231 3.08e-05 7.02493 0.216518 -5.51706e-05 0.200762 0.891022 1.08259 0.0825917 -2.49385 0.223828 
11 33300 14 1.02539 3.08e-05 7.02493 0.216478 -5.33169e-05 0.200768 0.890856 1.08239 0.0823904 -2.49629 0.224495 
11 33400 14 1.02847 3.08e-05 7.02493 0.216452 -3.26386e-05 0.20077 0.890749 1.08226 0.0822599 -2.49787 0.225162 
11 33500 14 1.03155 3.08e-05 7.02493 0.216499 -3.339e-05 0.200763 0.890942 1.08249 0.0824944 -2.49503 0.225829 
11 33600 14 1.03463 3.08e-05 7.02493 0.21656 -3.45877e-05 0.200754 0.891195 1.0828 0.0828014 -2.49131 0.226496 
11 33700 14 1.03771 3.08e-05 7.02493 0.21659 -1.45316e-05 0.200749 0.891316 1.08295 0.0829488 -2.48953 0.227163 
11 33800 15 1.04077 3.08e-05 7.02493 0.216547 -1.35577e-05 0.200755 0.891141 1.08274 0.0827363 -2.4921 0.22783 
11 33900 15 1.04385 3.08e-05 7.02493 0.21655 -1.81003e-05 0.200753 0.891152 1.08275 0.0827494 -2.49194 0.228497 
11 34000 15 1.04693 3.08e-05 7.02493 0.216549 -3.97575e-05 0.200751 0.891147 1.08274 0.0827434 -2.49201 0.229164 
11 34100 15 1.05001 3.08e-05 7.02493 0.216526 -7.99967e-05 0.200753 0.891055 1.08263 0.0826315 -2.49336 0.229832 
11 34200 15 1.05309 3.08e-05 7.02493 0.216493 -9.10659e-05 0.200755 0.890916 1.08246 0.0824631 -2.4954 0.230499 
11 34300 15 1.05617 3.08e-05 7.02493 0.216495 -8.29615e-05 0.200754 0.890924 1.08247 0.0824727 -2.49529 0.231165 
11 34400 15 1.05925 3.08e-05 7.02493 0.216561 -0.000120509 0.200749 0.891196 1.0828 0.0828031 -2.49129 0.231832 
11 34500 15 1.06233 3.08e-05 7.02493 0.216579 -0.000127908 0.200749 0.891272 1.0829 0.0828957 -2.49017 0.232499 
11 34600 15 1.06541 3.08e-05 7.02493 0.21659 -0.000121313 0.200747 0.891317 1.08295 0.0829502 -2.48952 0.233166 
11 34700 15 1.06849 3.08e-05 7.02493 0.216541 -0.000132456 0.200751 0.891115 1.08271 0.0827051 -2.49247 0.233833 
11 34800 15 1.07157 3.08e-05 7.02493 0.216503 -0.000133484 0.200753 0.890958 1.08251 0.0825142 -2.49479 0.2345 
11 34900 15 1.07465 3.08e-05 7.02493 0.216467 -0.000110789 0.200759 0.890813 1.08234 0.0823372 -2.49693 0.235167 
11 35000 15 1.07773 3.08e-05 7.02493 0.216437 -7.47153e-05 0.200761 0.890687 1.08219 0.0821852 -2.49878 0.235833 
11 35100 15 1.08081 3.08e-05 7.02493 0.216416 -5.61929e-05 0.200763 0.890601 1.08208 0.0820805 -2.50006 0.2365 
11 35200 15 1.08389 3.08e-05 7.02493 0.216394 -1.45533e-05 0.200763 0.890508 1.08197 0.0819678 -2.50143 0.237167 
11 35300 15 1.08697 3.08e-05 7.02493 0.216344 2.49352e-05 0.200764 0.890305 1.08172 0.0817204 -2.50445 0.237834 
11 35400 15 1.09005 3.08e-05 7.02493 0.216299 2.85098e-05 0.200764 0.890121 1.0815 0.0814972 -2.50719 0.2385 
11 35500 15 1.09313 3.08e-05 7.02493 0.216272 6.38773e-05 0.200764 0.890009 1.08136 0.0813606 -2.50886 0.239166 
11 35600 15 1.09621 3.08e-05 7.02493 0.216281 6.90048e-05 0.200766 0.890045 1.0814 0.0814043 -2.50833 0.239832 
11 35700 15 1.09929 3.08e-05 7.02493 0.216264 5.90498e-05 0.200767 0.889977 1.08132 0.0813222 -2.50934 0.240498 
11 35800 15 1.10237 3.08e-05 7.02493 0.216279 5.51393e-05 0.200764 0.890037 1.0814 0.0813951 -2.50844 0.241165 
11 35900 15 1.10545 3.08e-05 7.02493 0.21631 7.50081e-05 0.200757 0.890165 1.08155 0.0815509 -2.50653 0.241831 
11 36000 15 1.10853 3.08e-05 7.02493 0.216361 7.60788e-05 0.200753 0.890373 1.0818 0.0818037 -2.50343 0.242497 
11 36100 15 1.11161 3.08e-05 7.02493 0.216385 8.60717e-05 0.200749 0.890474 1.08193 0.081926 -2.50194 0.243164 
11 36200 15 1.11469 3.08e-05 7.02493 0.216389 9.52356e-05 0.200748 0.890491 1.08195 0.0819467 -2.50169 0.243831 
11 36300 15 1.11777 3.08e-05 7.02493 0.216372 9.03784e-05 0.200749 0.890422 1.08186 0.0818624 -2.50272 0.244497 
11 36400 16 1.12083 3.08e-05 7.02493 0.216352 0.000100046 0.200748 0.890336 1.08176 0.0817583 -2.50399 0.245164 
11 36500 16 1.12391 3.08e-05 7.02493 0.216358 0.000102366 0.200746 0.890363 1.08179 0.0817916 -2.50358 0.245831 
11 36600 16 1.12699 3.08e-05 7.02493 0.216365 9.75511e-05 0.200746 0.890392 1.08183 0.0818263 -2.50316 0.246497 
11 36700 16 1.13007 3.08e-05 7.02493 0.216346 5.78085e-05 0.200748 0.890311 1.08173 0.0817276 -2.50436 0.247163 
11 36800 16 1.13315 3.08e-05 7.02493 0.216379 4.82587e-06 0.200745 0.890447 1.08189 0.0818928 -2.50234 0.247829 
11 36900 16 1.13623 3.08e-05 7.02493 0.216367 8.82604e-06 0.200747 0.890401 1.08184 0.081837 -2.50303 0.248496 
11 37000 16 1.13931 3.08e-05 7.02493 0.216351 1.60852e-05 0.200751 0.890335 1.08176 0.0817568 -2.50401 0.249162 
11 37100 16 1.14239 3.08e-05 7.02493 0.216333 9.07947e-06 0.200753 0.89026 1.08167 0.0816654 -2.50512 0.249829 
11 37200 16 1.14547 3.08e-05 7.02493 0.216305 -1.35939e-05 0.200755 0.890144 1.08153 0.0815254 -2.50684 0.250495 
11 37300 16 1.14855 3.08e-05 7.02493 0.21628 -2.72553e-05 0.200755 0.89004 1.0814 0.0813989 -2.50839 0.251161 
11 37400 16 1.15163 3.08e-05 7.02493 0.216247 -2.53007e-05 0.200758 0.889905 1.08123 0.0812349 -2.51041 0.251827 
11 37500 16 1.15471 3.08e-05 7.02493 0.216242 -4.06514e-05 0.200758 0.889886 1.08121 0.0812112 -2.5107 0.252493 
11 37600 16 1.15779 3.08e-05 7.02493 0.216202 -5.32506e-05 0.200762 0.889719 1.08101 0.0810091 -2.51319 0.25316 
11 37700 16 1.16087 3.08e-05 7.02493 0.216144 -6.16267e-05 0.200762 0.88948 1.08072 0.0807188 -2.51678 0.253825 
11 37800 16 1.16395 3.08e-05 7.02493 0.216127 -3.526e-05 0.20076 0.889412 1.08064 0.0806355 -2.51782 0.25449 
11 37900 16 1.16703 3.08e-05 7.02493 0.216189 -6.06026e-05 0.200756 0.889666 1.08094 0.0809439 -2.514 0.255157 
11 38000 16 1.17011 3.08e-05 7.02493 0.216195 -9.41148e-05 0.200757 0.889691 1.08097 0.080975 -2.51362 0.255823 
11 38100 16 1.17319 3.08e-05 7.02493 0.216197 -8.16477e-05 0.200755 0.889701 1.08099 0.0809872 -2.51346 0.256489 
11 38200 16 1.17627 3.08e-05 7.02493 0.216207 -5.70796e-05 0.200752 0.889741 1.08104 0.0810354 -2.51287 0.257155 
11 38300 16 1.17935 3.08e-05 7.02493 0.216229 -5.14728e-05 0.200751 0.88983 1.08114 0.0811437 -2.51153 0.257821 
11 38400 16 1.18243 3.08e-05 7.02493 0.216259 -3.58812e-05 0.200747 0.889953 1.08129 0.0812928 -2.5097 0.258487 
11 38500 16 1.18551 3.08e-05 7.02493 0.216285 -4.08855e-05 0.200743 0.890062 1.08143 0.0814251 -2.50807 0.259153 
11 38600 16 1.18859 3.08e-05 7.02493 0.216263 -6.43936e-05 0.200743 0.889969 1.08131 0.0813129 -2.50945 0.25982 
11 38700 16 1.19167 3.08e-05 7.02493 0.21625 -5.72451e-05 0.200744 0.889919 1.08125 0.0812517 -2.5102 0.260486 
11 38800 16 1.19475 3.08e-05 7.02493 0.21624 -5.24006e-05 0.200743 0.889876 1.0812 0.081199 -2.51085 0.261152 
11 38900 16 1.19783 3.08e-05 7.02493 0.21621 -7.5987e-05 0.200744 0.889752 1.08105 0.0810486 -2.51271 0.261818 
11 39000 17 1.20089 3.08e-05 7.02493 0.2162 -7.02148e-05 0.200743 0.889711 1.081 0.0809993 -2.51331 0.262484 
11 39100 17 1.20397 3.08e-05 7.02493 0.216183 -3.9502e-05 0.200746 0.889643 1.08092 0.0809162 -2.51434 0.26315 
11 39200 17 1.20705 3.08e-05 7.02493 0.216196 7.40279e-06 0.200745 0.889696 1.08098 0.0809807 -2.51354 0.263816 
11 39300 17 1.21013 3.08e-05 7.02493 0.216204 8.03703e-06 0.200745 0.889728 1.08102 0.0810195 -2.51307 0.264482 
11 39400 17 1.21321 3.08e-05 7.02493 0.216194 2.52924e-05 0.200748 0.889687 1.08097 0.0809699 -2.51368 0.265147 
11 39500 17 1.21629 3.08e-05 7.02493 0.216154 2.64762e-05 0.200751 0.889522 1.08077 0.0807697 -2.51615 0.265813 
11 39600 17 1.21937 3.08e-05 7.02493 0.216106 5.32611e-05 0.200755 0.889324 1.08053 0.0805283 -2.51915 0.266478 
11 39700 17 1.22245 3.08e-05 7.02493 0.216134 8.60975e-05 0.200752 0.889442 1.08067 0.0806725 -2.51736 0.267145 
11 39800 17 1.22553 3.08e-05 7.02493 0.216117 4.36836e-05 0.200751 0.88937 1.08059 0.0805851 -2.51844 0.26781 
11 39900 17 1.22861 3.08e-05 7.02493 0.216073 1.45244e-05 0.200757 0.88919 1.08037 0.0803663 -2.52116 0.268476 
11 40000 17 1.23169 3.08e-05 7.02493 0.216009 2.80285e-05 0.200762 0.888927 1.08005 0.0800469 -2.52514 0.269142 
11 40100 17 1.23477 3.08e-05 7.02493 0.215966 1.97366e-05 0.200761 0.88875 1.07983 0.0798317 -2.52783 0.269806 
11 40200 17 1.23785 3.08e-05 7.02493 0.215951 -1.32515e-05 0.200761 0.888689 1.07976 0.0797568 -2.52877 0.270472 
11 40300 17 1.24093 3.08e-05 7.02493 0.215958 -8.5076e-06 0.200759 0.888716 1.07979 0.0797895 -2.52836 0.271137 
11 40400 17 1.24401 3.08e-05 7.02493 0.215988 -4.21654e-06 0.200756 0.888839 1.07994 0.0799399 -2.52648 0.271803 
11 40500 17 1.24709 3.08e-05 7.02493 0.216022 -1.38024e-05 0.200753 0.88898 1.08011 0.0801111 -2.52434 0.272468 
11 40600 17 1.25017 3.08e-05 7.02493 0.216031 -3.60006e-05 0.200753 0.889017 1.08016 0.0801562 -2.52378 0.273133 
11 40700 17 1.25325 3.08e-05 7.02493 0.216057 -3.69866e-05 0.200749 0.889124 1.08029 0.0802863 -2.52216 0.273799 
11 40800 17 1.25633 3.08e-05 7.02493 0.216091 -2.27035e-05 0.200743 0.889265 1.08046 0.0804568 -2.52003 0.274465 
11 40900 17 1.25941 3.08e-05 7.02493 0.216108 1.40714e-05 0.200741 0.889333 1.08054 0.0805396 -2.51901 0.27513 
11 41000 17 1.26249 3.08e-05 7.02493 0.216095 1.09391e-05 0.200742 0.889281 1.08048 0.0804759 -2.5198 0.275796 
11 41100 17 1.26557 3.08e-05 7.02493 0.216092 1.61995e-05 0.200744 0.889268 1.08046 0.0804607 -2.51999 0.276462 
11 41200 17 1.26865 3.08e-05 7.02493 0.216076 3.14178e-06 0.200746 0.889201 1.08038 0.0803797 -2.52099 0.277127 
11 41300 17 1.27173 3.08e-05 7.02493 0.216065 -5.84415e-06 0.200743 0.889157 1.08033 0.0803261 -2.52166 0.277793 
11 41400 17 1.27481 3.08e-05 7.02493 0.21608 1.40159e-05 0.200741 0.889219 1.0804 0.080401 -2.52073 0.278459 
11 41500 17 1.27789 3.08e-05 7.02493 0.216008 9.32883e-06 0.200747 0.888923 1.08004 0.0800414 -2.52521 0.279124 
11 41600 18 1.28095 3.08e-05 7.02493 0.216004 -1.25419e-07 0.200748 0.888907 1.08002 0.0800217 -2.52546 0.279789 
11 41700 18 1.28403 3.08e-05 7.02493 0.216028 -2.53682e-05 0.200748 0.889006 1.08014 0.0801421 -2.52395 0.280454 
11 41800 18 1.28711 3.08e-05 7.02493 0.215995 -5.06791e-05 0.20075 0.888868 1.07997 0.0799743 -2.52605 0.28112 
11 41900 18 1.29019 3.08e-05 7.02493 0.215962 -5.50718e-05 0.200755 0.888733 1.07981 0.0798101 -2.52811 0.281785 
11 42000 18 1.29327 3.08e-05 7.02493 0.215919 -5.13918e-05 0.200757 0.888554 1.07959 0.0795932 -2.53083 0.282451 
11 42100 18 1.29635 3.08e-05 7.02493 0.215957 -2.43306e-05 0.200752 0.888712 1.07979 0.0797851 -2.52842 0.283115 
11 42200 18 1.29943 3.08e-05 7.02493 0.215936 -3.452e-05 0.20075 0.888627 1.07968 0.079682 -2.52971 0.28378 
11 42300 18 1.30251 3.08e-05 7.02493 0.215893 -4.11978e-05 0.200755 0.888449 1.07947 0.079466 -2.53243 0.284445 
11 42400 18 1.30559 3.08e-05 7.02493 0.215923 -3.84998e-06 0.200751 0.888572 1.07961 0.0796146 -2.53056 0.285111 
11 42500 18 1.30867 3.08e-05 7.02493 0.215936 -1.43033e-05 0.20075 0.888624 1.07968 0.0796786 -2.52975 0.285775 
11 42600 18 1.31175 3.08e-05 7.02493 0.215883 1.26977e-05 0.20075 0.888406 1.07941 0.0794136 -2.53309 0.286441 
11 42700 18 1.31483 3.08e-05 7.02493 0.215931 5.32541e-05 0.200746 0.888605 1.07966 0.0796553 -2.53005 0.287106 
11 42800 18 1.31791 3.08e-05 7.02493 0.21593 4.1338e-05 0.200746 0.8886 1.07965 0.0796491 -2.53012 0.287771 
11 42900 18 1.32099 3.08e-05 7.02493 0.215907 7.94911e-06 0.200747 0.888505 1.07953 0.079534 -2.53157 0.288436 
11 43000 18 1.32407 3.08e-05 7.02493 0.215888 4.31532e-05 0.200747 0.888427 1.07944 0.0794394 -2.53276 0.289101 
11 43100 18 1.32715 3.08e-05 7.02493 0.215922 6.93379e-05 0.200741 0.888569 1.07961 0.0796113 -2.5306 0.289766 
11 43200 18 1.33023 3.08e-05 7.02493 0.215952 9.85798e-05 0.200741 0.888693 1.07976 0.0797619 -2.52871 0.290432 
11 43300 18 1.33331 3.08e-05 7.02493 0.216 0.000104852 0.200738 0.888888 1.08 0.0799984 -2.52575 0.291097 
11 43400 18 1.33639 3.08e-05 7.02493 0.21599 0.000107935 0.20074 0.888849 1.07995 0.0799514 -2.52634 0.291763 
11 43500 18 1.33947 3.08e-05 7.02493 0.215997 0.000104727 0.200741 0.888877 1.07999 0.0799852 -2.52591 0.292428 
11 43600 18 1.34255 3.08e-05 7.02493 0.215988 0.000110229 0.20074 0.888838 1.07994 0.0799386 -2.5265 0.293093 
11 43700 18 1.34563 3.08e-05 7.02493 0.21599 0.000113551 0.200735 0.888847 1.07995 0.0799497 -2.52636 0.293759 
11 43800 18 1.34871 3.08e-05 7.02493 0.215962 0.000123836 0.200738 0.888733 1.07981 0.0798104 -2.5281 0.294424 
11 43900 18 1.35179 3.08e-05 7.02493 0.215921 9.62942e-05 0.200742 0.888564 1.0796 0.0796049 -2.53068 0.295088 
11 44000 18 1.35487 3.08e-05 7.02493 0.215894 5.83888e-05 0.200744 0.888452 1.07947 0.079469 -2.53239 0.295754 
11 44100 18 1.35795 3.08e-05 7.02493 0.215883 4.67898e-06 0.200746 0.888408 1.07942 0.0794152 -2.53307 0.296419 
11 44200 19 1.36102 3.08e-05 7.02493 0.215846 -5.92275e-06 0.20075 0.888256 1.07923 0.079231 -2.53539 0.297083 
11 44300 19 1.3641 3.08e-05 7.02493 0.215824 -2.01779e-05 0.200753 0.888165 1.07912 0.0791203 -2.53679 0.297749 
11 44400 19 1.36718 3.08e-05 7.02493 0.215782 -4.41515e-05 0.200755 0.88799 1.07891 0.0789079 -2.53947 0.298413 
11 44500 19 1.37026 3.08e-05 7.02493 0.215756 -6.43053e-05 0.200756 0.887886 1.07878 0.0787816 -2.54108 0.299078 
11 44600 19 1.37334 3.08e-05 7.02493 0.215739 -9.48205e-05 0.200758 0.887814 1.07869 0.0786944 -2.54218 0.299743 
11 44700 19 1.37642 3.08e-05 7.02493 0.215745 -0.000118488 0.200757 0.887838 1.07872 0.0787229 -2.54182 0.300407 
11 44800 19 1.3795 3.08e-05 7.02493 0.215774 -8.86398e-05 0.200752 0.887958 1.07887 0.0788687 -2.53997 0.301071 
11 44900 19 1.38258 3.08e-05 7.02493 0.215774 -6.55348e-05 0.20075 0.887958 1.07887 0.0788686 -2.53997 0.301737 
11 45000 19 1.38566 3.08e-05 7.02493 0.21574 -1.33611e-05 0.200749 0.887819 1.0787 0.0787005 -2.54211 0.302401 
11 45100 19 1.38874 3.08e-05 7.02493 0.215757 2.06546e-05 0.200746 0.887888 1.07878 0.0787841 -2.54104 0.303066 
11 45200 19 1.39182 3.08e-05 7.02493 0.215752 2.94494e-05 0.200747 0.887869 1.07876 0.0787606 -2.54134 0.30373 
11 45300 19 1.3949 3.08e-05 7.02493 0.215783 2.64995e-05 0.200745 0.887997 1.07892 0.078916 -2.53937 0.304395 
11 45400 19 1.39798 3.08e-05 7.02493 0.215765 2.07025e-05 0.200742 0.887923 1.07883 0.0788258 -2.54051 0.30506 
11 45500 19 1.40106 3.08e-05 7.02493 0.215795 2.87626e-05 0.200739 0.888045 1.07897 0.0789741 -2.53864 0.305725 
11 45600 19 1.40414 3.08e-05 7.02493 0.215853 5.51669e-05 0.200737 0.888283 1.07926 0.0792641 -2.53497 0.306389 
11 45700 19 1.40722 3.08e-05 7.02493 0.215895 4.6106e-05 0.200735 0.888458 1.07948 0.0794766 -2.53229 0.307054 
11 45800 19 1.4103 3.08e-05 7.02493 0.215882 5.18087e-05 0.200736 0.888401 1.07941 0.0794078 -2.53316 0.307719 
11 45900 19 1.41338 3.08e-05 7.02493 0.215857 6.41883e-05 0.200739 0.888302 1.07929 0.0792873 -2.53468 0.308384 
11 46000 19 1.41646 3.08e-05 7.02493 0.215817 9.92246e-05 0.200741 0.888135 1.07908 0.0790846 -2.53724 0.309049 
11 46100 19 1.41954 3.08e-05 7.02493 0.215801 0.00012872 0.200739 0.888068 1.079 0.0790027 -2.53827 0.309714 
11 46200 19 1.42262 3.08e-05 7.02493 0.215776 0.000133812 0.200742 0.887965 1.07888 0.0788778 -2.53986 0.310379 
11 46300 19 1.4257 3.08e-05 7.02493 0.215712 0.000125707 0.200746 0.887706 1.07856 0.0785625 -2.54386 0.311043 
11 46400 19 1.42878 3.08e-05 7.02493 0.215678 0.000120283 0.200749 0.887564 1.07839 0.0783908 -2.54605 0.311708 
11 46500 19 1.43186 3.08e-05 7.02493 0.215687 0.000118339 0.200751 0.887601 1.07843 0.078435 -2.54549 0.312371 
11 46600 19 1.43494 3.08e-05 7.02493 0.215703 0.000118296 0.200749 0.887666 1.07851 0.0785142 -2.54448 0.313036 
11 46700 19 1.43802 3.08e-05 7.02493 0.215704 0.000125517 0.20075 0.887671 1.07852 0.0785199 -2.5444 0.3137 
11 46800 20 1.44108 3.08e-05 7.02493 0.215656 0.000118778 0.200753 0.887473 1.07828 0.0782791 -2.54747 0.314365 
11 46900 20 1.44416 3.08e-05 7.02493 0.215626 0.000125916 0.200756 0.887351 1.07813 0.0781309 -2.54937 0.315029 
11 47000 20 1.44724 3.08e-05 7.02493 0.215667 0.000112931 0.200752 0.887517 1.07833 0.0783327 -2.54679 0.315693 
11 47100 20 1.45032 3.08e-05 7.02493 0.215703 9.87011e-05 0.200747 0.887665 1.07851 0.0785134 -2.54449 0.316357 
11 47200 20 1.4534 3.08e-05 7.02493 0.215671 6.02867e-05 0.200747 0.887534 1.07835 0.0783543 -2.54651 0.317022 
11 47300 20 1.45648 3.08e-05 7.02493 0.215675 3.82401e-05 0.200745 0.887552 1.07838 0.0783762 -2.54624 0.317687 
11 47400 20 1.45956 3.08e-05 7.02493 0.215655 8.29994e-05 0.200746 0.88747 1.07828 0.0782762 -2.54751 0.318351 
11 47500 20 1.46264 3.08e-05 7.02493 0.215703 0.00011953 0.200744 0.887666 1.07851 0.0785141 -2.54448 0.319015 
11 47600 20 1.46572 3.08e-05 7.02493 0.215725 0.000114626 0.200742 0.887758 1.07863 0.0786263 -2.54305 0.31968 
11 47700 20 1.4688 3.08e-05 7.02493 0.215712 7.44119e-05 0.200739 0.887705 1.07856 0.078561 -2.54388 0.320344 
11 47800 20 1.47188 3.08e-05 7.02493 0.215723 6.10591e-05 0.200737 0.887749 1.07862 0.0786151 -2.54319 0.321009 
11 47900 20 1.47496 3.08e-05 7.02493 0.215762 5.54698e-05 0.200735 0.887911 1.07881 0.0788116 -2.54069 0.321673 
11 48000 20 1.47804 3.08e-05 7.02493 0.215798 5.26707e-05 0.200733 0.888056 1.07899 0.078988 -2.53846 0.322338 
11 48100 20 1.48112 3.08e-05 7.02493 0.215793 4.35082e-05 0.200735 0.888036 1.07896 0.0789639 -2.53876 0.323003 
11 48200 20 1.4842 3.08e-05 7.02493 0.215796 2.58321e-05 0.200733 0.88805 1.07898 0.0789804 -2.53856 0.323667 
11 48300 20 1.48728 3.08e-05 7.02493 0.215753 3.11448e-05 0.200737 0.887872 1.07876 0.0787649 -2.54129 0.324332 
11 48400 20 1.49036 3.08e-05 7.02493 0.215711 4.67146e-05 0.200739 0.8877 1.07856 0.0785551 -2.54395 0.324996 
11 48500 20 1.49344 3.08e-05 7.02493 0.215681 4.51938e-05 0.20074 0.887577 1.07841 0.0784063 -2.54585 0.32566 
11 48600 20 1.49652 3.08e-05 7.02493 0.215629 2.48969e-05 0.200746 0.887361 1.07814 0.0781437 -2.54921 0.326325 
11 48700 20 1.4996 3.08e-05 7.02493 0.215594 1.56943e-05 0.20075 0.887216 1.07797 0.0779676 -2.55146 0.32699 
11 48800 20 1.50268 3.08e-05 7.02493 0.215597 3.36284e-05 0.200749 0.887229 1.07798 0.0779834 -2.55126 0.327654 
11 48900 20 1.50576 3.08e-05 7.02493 0.215615 2.44577e-05 0.200747 0.887306 1.07808 0.0780765 -2.55007 0.328318 
11 49000 20 1.50884 3.08e-05 7.02493 0.215625 5.70765e-05 0.200744 0.887344 1.07812 0.0781231 -2.54947 0.328981 
11 49100 20 1.51192 3.08e-05 7.02493 0.21561 0.000106779 0.200746 0.887283 1.07805 0.0780494 -2.55041 0.329646 
11 49200 20 1.515 3.08e-05 7.02493 0.215568 0.000107909 0.20075 0.88711 1.07784 0.0778381 -2.55312 0.33031 
11 49300 20 1.51808 3.08e-05 7.02493 0.215548 7.52055e-05 0.20075 0.88703 1.07774 0.0777416 -2.55436 0.330973 
11 49400 21 1.52114 3.08e-05 7.02493 0.215569 5.87812e-05 0.200747 0.887117 1.07785 0.0778467 -2.55301 0.331638 
11 49500 21 1.52422 3.08e-05 7.02493 0.215582 4.83031e-05 0.200744 0.887169 1.07791 0.0779101 -2.5522 0.332302 
11 49600 21 1.5273 3.08e-05 7.02493 0.215571 4.42604e-05 0.200745 0.887124 1.07786 0.0778558 -2.5529 0.332966 
11 49700 21 1.53038 3.08e-05 7.02493 0.215554 8.29498e-05 0.200741 0.887054 1.07777 0.0777706 -2.55399 0.33363 
11 49800 21 1.53346 3.08e-05 7.02493 0.215542 7.65108e-05 0.200741 0.887004 1.07771 0.0777103 -2.55477 0.334294 
11 49900 21 1.53654 3.08e-05 7.02493 0.215545 7.31038e-05 0.200741 0.887016 1.07772 0.0777241 -2.55459 0.334958 
11 50000 21 1.53962 3.08e-05 7.02493 0.215552 5.87374e-05 0.200739 0.887046 1.07776 0.0777604 -2.55412 0.335622 
11 50100 21 1.5427 3.08e-05 7.02493 0.215586 4.45814e-05 0.200735 0.887184 1.07793 0.0779282 -2.55197 0.336286 
11 50200 21 1.54578 3.08e-05 7.02493 0.215627 3.85301e-05 0.200733 0.887353 1.07813 0.0781336 -2.54933 0.33695 
11 50300 21 1.54886 3.08e-05 7.02493 0.215632 3.07378e-05 0.200731 0.887376 1.07816 0.078162 -2.54897 0.337614 
11 50400 21 1.55194 3.08e-05 7.02493 0.21563 3.00955e-05 0.200733 0.887367 1.07815 0.0781511 -2.54911 0.338278 
11 50500 21 1.55502 3.08e-05 7.02493 0.21566 2.53898e-05 0.200732 0.887489 1.0783 0.0782995 -2.54721 0.338943 
11 50600 21 1.5581 3.08e-05 7.02493 0.21563 9.54211e-06 0.200731 0.887364 1.07815 0.0781477 -2.54915 0.339607 
11 50700 21 1.56118 3.08e-05 7.02493 0.21559 9.39584e-06 0.200736 0.887203 1.07795 0.0779512 -2.55167 0.340271 
11 50800 21 1.56426 3.08e-05 7.02493 0.215559 1.00797e-05 0.200737 0.887076 1.0778 0.077797 -2.55365 0.340935 
11 50900 21 1.56734 3.08e-05 7.02493 0.215532 -1.35666e-06 0.200742 0.886963 1.07766 0.07766 -2.55541 0.341599 
11 51000 21 1.57042 3.08e-05 7.02493 0.215472 1.92245e-05 0.200746 0.886715 1.07736 0.0773587 -2.5593 0.342263 
11 51100 21 1.5735 3.08e-05 7.02493 0.215444 -1.75296e-05 0.200749 0.886599 1.07722 0.0772176 -2.56113 0.342927 
11 51200 21 1.57658 3.08e-05 7.02493 0.215426 -2.69094e-05 0.200749 0.886527 1.07713 0.0771305 -2.56226 0.343591 
11 51300 21 1.57966 3.08e-05 7.02493 0.215435 -3.76659e-05 0.200749 0.886563 1.07717 0.0771741 -2.56169 0.344254 
11 51400 21 1.58274 3.08e-05 7.02493 0.215425 -3.1006e-05 0.20075 0.886522 1.07712 0.0771242 -2.56234 0.344917 
11 51500 21 1.58582 3.08e-05 7.02493 0.215418 -1.73977e-05 0.20075 0.886494 1.07709 0.0770905 -2.56278 0.345581 
11 51600 21 1.5889 3.08e-05 7.02493 0.215424 -3.446e-06 0.200748 0.886519 1.07712 0.0771209 -2.56238 0.346244 
11 51700 21 1.59198 3.08e-05 7.02493 0.215443 2.79109e-05 0.200746 0.886596 1.07721 0.0772136 -2.56118 0.346907 
11 51800 21 1.59506 3.08e-05 7.02493 0.215475 4.06449e-05 0.200742 0.886729 1.07738 0.0773762 -2.55908 0.347572 
11 51900 21 1.59814 3.08e-05 7.02493 0.215454 4.45983e-05 0.200743 0.886641 1.07727 0.077269 -2.56046 0.348235 
11 52000 22 1.6012 3.08e-05 7.02493 0.215468 3.16194e-05 0.200738 0.886699 1.07734 0.0773394 -2.55955 0.348899 
11 52100 22 1.60428 3.08e-05 7.02493 0.21547 4.76804e-05 0.200738 0.886709 1.07735 0.0773512 -2.5594 0.349563 
11 52200 22 1.60736 3.08e-05 7.02493 0.215418 -1.07619e-05 0.200742 0.886496 1.07709 0.0770923 -2.56275 0.350227 
11 52300 22 1.61044 3.08e-05 7.02493 0.215451 -4.17691e-05 0.200738 0.886631 1.07726 0.0772564 -2.56063 0.35089 
11 52400 22 1.61352 3.08e-05 7.02493 0.215518 -5.20394e-05 0.200733 0.886907 1.07759 0.0775919 -2.55629 0.351554 
11 52500 22 1.6166 3.08e-05 7.02493 0.215548 -4.44434e-05 0.200731 0.887029 1.07774 0.0777403 -2.55438 0.352218 
11 52600 22 1.61968 3.08e-05 7.02493 0.215529 -4.17024e-05 0.200732 0.886952 1.07765 0.0776472 -2.55558 0.352882 
11 52700 22 1.62276 3.08e-05 7.02493 0.215496 -4.80224e-05 0.200736 0.886815 1.07748 0.0774801 -2.55773 0.353546 
11 52800 22 1.62584 3.08e-05 7.02493 0.215523 -4.05661e-05 0.200734 0.886925 1.07761 0.0776136 -2.55601 0.354209 
11 52900 22 1.62892 3.08e-05 7.02493 0.215526 -5.47992e-05 0.200735 0.886936 1.07763 0.0776275 -2.55583 0.354873 
11 53000 22 1.632 3.08e-05 7.02493 0.215538 -2.49315e-05 0.200731 0.886989 1.07769 0.0776917 -2.55501 0.355537 
11 53100 22 1.63508 3.08e-05 7.02493 0.215493 3.99506e-06 0.200734 0.886801 1.07746 0.0774629 -2.55796 0.356201 
11 53200 22 1.63816 3.08e-05 7.02493 0.21544 -6.53381e-06 0.200739 0.886582 1.0772 0.0771976 -2.56139 0.356865 
11 53300 22 1.64124 3.08e-05 7.02493 0.215401 9.28217e-06 0.200743 0.886425 1.07701 0.0770064 -2.56387 0.357528 
11 53400 22 1.64432 3.08e-05 7.02493 0.215364 2.51442e-05 0.200747 0.88627 1.07682 0.0768176 -2.56632 0.358191 
11 53500 22 1.6474 3.08e-05 7.02493 0.215366 4.84098e-05 0.200747 0.886278 1.07683 0.0768283 -2.56618 0.358855 
11 53600 22 1.65048 3.08e-05 7.02493 0.215344 7.09259e-05 0.200746 0.886187 1.07672 0.0767176 -2.56762 0.359518 
11 53700 22 1.65356 3.08e-05 7.02493 0.215353 7.70204e-05 0.200746 0.886227 1.07677 0.0767661 -2.56699 0.360182 
11 53800 22 1.65664 3.08e-05 7.02493 0.215369 9.33623e-05 0.200746 0.886292 1.07684 0.0768442 -2.56598 0.360845 
11 53900 22 1.65972 3.08e-05 7.02493 0.215376 0.000116652 0.200745 0.886321 1.07688 0.0768797 -2.56551 0.361508 
11 54000 22 1.6628 3.08e-05 7.02493 0.215388 0.000132554 0.200742 0.886372 1.07694 0.0769414 -2.56471 0.362172 
11 54100 22 1.66588 3.08e-05 7.02493 0.215389 0.000114966 0.200741 0.886376 1.07695 0.0769471 -2.56464 0.362836 
11 54200 22 1.66896 3.08e-05 7.02493 0.215409 0.000110002 0.200738 0.886457 1.07705 0.0770455 -2.56336 0.363499 
11 54300 22 1.67204 3.08e-05 7.02493 0.215401 0.000107968 0.200736 0.886423 1.077 0.0770035 -2.5639 0.364162 
11 54400 22 1.67512 3.08e-05 7.02493 0.215398 9.6163e-05 0.200737 0.886413 1.07699 0.0769923 -2.56405 0.364826 
11 54500 22 1.6782 3.08e-05 7.02493 0.215376 3.55349e-05 0.200736 0.88632 1.07688 0.0768793 -2.56552 0.36549 
11 54600 23 1.68126 3.08e-05 7.02493 0.215338 3.76436e-06 0.200737 0.886165 1.07669 0.0766904 -2.56798 0.366153 
11 54700 23 1.68434 3.08e-05 7.02493 0.215354 -2.8336e-06 0.200734 0.886231 1.07677 0.0767712 -2.56693 0.366817 
11 54800 23 1.68742 3.08e-05 7.02493 0.215401 9.30879e-06 0.200731 0.886424 1.07701 0.0770057 -2.56388 0.36748 
11 54900 23 1.6905 3.08e-05 7.02493 0.215415 3.34428e-05 0.20073 0.886479 1.07707 0.0770725 -2.56301 0.368143 
11 55000 23 1.69358 3.08e-05 7.02493 0.215398 7.51056e-05 0.200731 0.886411 1.07699 0.0769892 -2.56409 0.368807 
11 55100 23 1.69666 3.08e-05 7.02493 0.215365 6.24406e-05 0.200734 0.886274 1.07682 0.0768227 -2.56626 0.36947 
11 55200 23 1.69974 3.08e-05 7.02493 0.215352 3.60039e-05 0.200737 0.886224 1.07676 0.0767619 -2.56705 0.370134 
11 55300 23 1.70282 3.08e-05 7.02493 0.215413 5.24288e-05 0.200733 0.886471 1.07706 0.0770627 -2.56314 0.370797 
11 55400 23 1.7059 3.08e-05 7.02493 0.215422 5.79902e-05 0.200733 0.886509 1.07711 0.0771082 -2.56255 0.371461 
11 55500 23 1.70898 3.08e-05 7.02493 0.215371 1.24187e-05 0.200734 0.886298 1.07685 0.0768525 -2.56587 0.372124 
11 55600 23 1.71206 3.08e-05 7.02493 0.215305 8.70273e-06 0.200741 0.886027 1.07652 0.0765226 -2.57017 0.372788 
11 55700 23 1.71514 3.08e-05 7.02493 0.215241 -1.0761e-05 0.200745 0.885766 1.07621 0.076206 -2.57431 0.373451 
11 55800 23 1.71822 3.08e-05 7.02493 0.215244 -2.66648e-05 0.200745 0.885776 1.07622 0.0762176 -2.57416 0.374114 
11 55900 23 1.7213 3.08e-05 7.02493 0.215192 -8.20159e-05 0.200746 0.885562 1.07596 0.075958 -2.57758 0.374776 
11 56000 23 1.72438 3.08e-05 7.02493 0.215158 -0.000106277 0.200747 0.885425 1.07579 0.0757917 -2.57977 0.375439 
11 56100 23 1.72746 3.08e-05 7.02493 0.215194 -9.25637e-05 0.200747 0.885574 1.07597 0.0759718 -2.57739 0.376102 
11 56200 23 1.73054 3.08e-05 7.02493 0.215253 -6.26263e-05 0.200744 0.885816 1.07627 0.0762659 -2.57353 0.376765 
11 56300 23 1.73362 3.08e-05 7.02493 0.215304 -2.19369e-05 0.200738 0.886026 1.07652 0.0765213 -2.57019 0.377428 
11 56400 23 1.7367 3.08e-05 7.02493 0.215329 3.42829e-06 0.200736 0.886128 1.07665 0.0766451 -2.56857 0.378092 
11 56500 23 1.73978 3.08e-05 7.02493 0.215293 1.48975e-05 0.200736 0.885981 1.07647 0.0764665 -2.5709 0.378755 
11 56600 23 1.74286 3.08e-05 7.02493 0.215318 -2.81224e-06 0.200734 0.886082 1.07659 0.0765893 -2.5693 0.379418 
11 56700 23 1.74594 3.08e-05 7.02493 0.215329 -2.52541e-05 0.200733 0.886129 1.07665 0.0766469 -2.56855 0.380081 
11 56800 23 1.74902 3.08e-05 7.02493 0.215299 -1.60568e-05 0.200733 0.886004 1.07649 0.076495 -2.57053 0.380744 
11 56900 23 1.7521 3.08e-05 7.02493 0.21527 1.62898e-05 0.200735 0.885884 1.07635 0.0763487 -2.57244 0.381408 
11 57000 23 1.75518 3.08e-05 7.02493 0.215262 -1.96765e-06 0.200732 0.88585 1.07631 0.0763079 -2.57298 0.382071 
11 57100 23 1.75826 3.08e-05 7.02493 0.215323 -1.13163e-05 0.200727 0.886105 1.07662 0.0766175 -2.56893 0.382734 
11 57200 24 1.76132 3.08e-05 7.02493 0.215367 -2.04313e-05 0.200724 0.886283 1.07683 0.0768333 -2.56612 0.383397 
11 57300 24 1.7644 3.08e-05 7.02493 0.21536 1.90404e-05 0.200725 0.886256 1.0768 0.0768007 -2.56654 0.384061 
11 57400 24 1.76748 3.08e-05 7.02493 0.215347 3.03274e-05 0.200725 0.886202 1.07673 0.0767349 -2.5674 0.384724 
11 57500 24 1.77056 3.08e-05 7.02493 0.215283 2.38761e-05 0.200729 0.88594 1.07642 0.0764172 -2.57155 0.385387 
11 57600 24 1.77364 3.08e-05 7.02493 0.215294 2.63028e-05 0.20073 0.885986 1.07647 0.0764724 -2.57083 0.386051 
11 57700 24 1.77672 3.08e-05 7.02493 0.215323 3.0733e-05 0.200727 0.886104 1.07662 0.0766161 -2.56895 0.386714 
11 57800 24 1.7798 3.08e-05 7.02493 0.215297 2.19615e-05 0.200732 0.885994 1.07648 0.0764827 -2.57069 0.387377 
11 57900 24 1.78288 3.08e-05 7.02493 0.215282 2.0643e-05 0.200733 0.885934 1.07641 0.0764102 -2.57164 0.38804 
11 58000 24 1.78596 3.08e-05 7.02493 0.215236 1.46755e-05 0.200739 0.885744 1.07618 0.0761784 -2.57468 0.388704 
11 58100 24 1.78904 3.08e-05 7.02493 0.215192 3.64174e-05 0.200741 0.885565 1.07596 0.0759619 -2.57752 0.389366 
11 58200 24 1.79212 3.08e-05 7.02493 0.215155 2.79003e-05 0.200743 0.885411 1.07577 0.0757749 -2.57999 0.390029 
11 58300 24 1.7952 3.08e-05 7.02493 0.215117 1.29842e-05 0.200743 0.885253 1.07558 0.0755829 -2.58253 0.390691 
11 58400 24 1.79828 3.08e-05 7.02493 0.215115 4.52539e-06 0.200741 0.885247 1.07557 0.0755748 -2.58263 0.391355 
11 58500 24 1.80136 3.08e-05 7.02493 0.215127 -3.46932e-05 0.200741 0.885297 1.07564 0.0756357 -2.58183 0.392018 
11 58600 24 1.80444 3.08e-05 7.02493 0.215161 -4.99902e-05 0.200742 0.885437 1.07581 0.0758058 -2.57958 0.39268 
11 58700 24 1.80752 3.08e-05 7.02493 0.215203 -7.74929e-05 0.200737 0.885607 1.07601 0.0760127 -2.57685 0.393342 
11 58800 24 1.8106 3.08e-05 7.02493 0.215218 -6.07417e-05 0.200736 0.88567 1.07609 0.0760894 -2.57585 0.394005 
11 58900 24 1.81368 3.08e-05 7.02493 0.21522 -2.66054e-05 0.200733 0.88568 1.0761 0.0761015 -2.57569 0.394668 
11 59000 24 1.81676 3.08e-05 7.02493 0.215281 -3.44306e-05 0.200726 0.885928 1.0764 0.0764027 -2.57174 0.395331 
11 59100 24 1.81984 3.08e-05 7.02493 0.215263 -1.08699e-05 0.200725 0.885856 1.07632 0.0763153 -2.57288 0.395994 
11 59200 24 1.82292 3.08e-05 7.02493 0.215231 -4.83598e-07 0.200728 0.885722 1.07615 0.0761526 -2.57502 0.396658 
11 59300 24 1.826 3.08e-05 7.02493 0.215245 -5.98559e-06 0.200728 0.885782 1.07622 0.0762249 -2.57407 0.397321 
11 59400 24 1.82908 3.08e-05 7.02493 0.215253 -6.97091e-06 0.200724 0.885816 1.07627 0.0762661 -2.57353 0.397984 
11 59500 24 1.83216 3.08e-05 7.02493 0.215271 -8.85612e-06 0.200721 0.885887 1.07635 0.0763527 -2.57239 0.398647 
11 59600 24 1.83524 3.08e-05 7.02493 0.215257 -2.43147e-05 0.200723 0.88583 1.07628 0.0762831 -2.5733 0.39931 
11 59700 24 1.83832 3.08e-05 7.02493 0.215214 -2.75792e-05 0.200727 0.885653 1.07607 0.0760682 -2.57612 0.399973 
11 59800 25 1.84139 3.08e-05 7.02493 0.215176 -2.81221e-05 0.20073 0.885496 1.07588 0.0758775 -2.57863 0.400635 
11 59900 25 1.84447 3.08e-05 7.02493 0.215176 -5.18918e-05 0.200729 0.885499 1.07588 0.0758817 -2.57858 0.401298 
11 60000 25 1.84755 3.08e-05 7.02493 0.215171 -4.77144e-05 0.20073 0.885479 1.07586 0.0758573 -2.5789 0.401961 
11 60100 25 1.85063 3.08e-05 7.02493 0.215187 -4.74962e-05 0.200731 0.885545 1.07594 0.0759366 -2.57786 0.402623 
11 60200 25 1.85371 3.08e-05 7.02493 0.215151 -5.73209e-05 0.200737 0.885395 1.07575 0.0757546 -2.58026 0.403286 
11 60300 25 1.85679 3.08e-05 7.02493 0.215118 -6.83484e-05 0.200743 0.88526 1.07559 0.0755909 -2.58242 0.40395 
11 60400 25 1.85987 3.08e-05 7.02493 0.215084 -8.05955e-05 0.200744 0.885121 1.07542 0.0754223 -2.58465 0.404612 
11 60500 25 1.86295 3.08e-05 7.02493 0.21503 -6.0891e-05 0.200745 0.884895 1.07515 0.0751477 -2.5883 0.405275 
11 60600 25 1.86603 3.08e-05 7.02493 0.215016 -4.52943e-05 0.200744 0.884839 1.07508 0.0750793 -2.58921 0.405937 
11 60700 25 1.86911 3.08e-05 7.02493 0.215036 -4.41842e-05 0.200743 0.884923 1.07518 0.075182 -2.58784 0.406599 
11 60800 25 1.87219 3.08e-05 7.02493 0.215006 -4.39413e-05 0.200744 0.8848 1.07503 0.0750315 -2.58985 0.407262 
11 60900 25 1.87527 3.08e-05 7.02493 0.214985 -5.66552e-05 0.200743 0.884714 1.07493 0.0749275 -2.59123 0.407923 
11 61000 25 1.87835 3.08e-05 7.02493 0.215037 -4.0623e-05 0.20074 0.884927 1.07519 0.0751865 -2.58778 0.408586 
11 61100 25 1.88143 3.08e-05 7.02493 0.215083 -3.79751e-05 0.200735 0.885115 1.07541 0.0754142 -2.58476 0.409249 
11 61200 25 1.88451 3.08e-05 7.02493 0.215114 -6.84468e-05 0.200731 0.885245 1.07557 0.0755724 -2.58266 0.409911 
11 61300 25 1.88759 3.08e-05 7.02493 0.215139 -9.04761e-05 0.200727 0.885344 1.07569 0.0756934 -2.58106 0.410574 
