11 0 1 0 6.28702e-05 7.02493 0.22101 0 0.200023 0.909508 1.10505 0.105052 -2.2533 7.50531e-07 
11 100 2 0.0124797 0.00012574 7.02493 0.214725 -3.55249e-08 0.200166 0.883641 1.07362 0.0736238 -2.60879 0.00269205 
11 200 2 0.0250538 0.00012574 7.02493 0.214671 -3.46628e-07 0.200167 0.883421 1.07336 0.0733563 -2.61243 0.00539753 
11 300 2 0.0376278 0.00012574 7.02493 0.214687 -1.2649e-07 0.200167 0.883486 1.07344 0.0734353 -2.61135 0.00809969 
11 400 2 0.0502018 0.00012574 7.02493 0.214698 -3.07372e-08 0.200166 0.883529 1.07349 0.0734883 -2.61063 0.0108068 
11 500 2 0.0627758 0.00012574 7.02493 0.21471 -1.17629e-07 0.200167 0.883582 1.07355 0.0735524 -2.60976 0.0135038 
11 600 2 0.0753499 0.00012574 7.02493 0.214727 -1.809e-07 0.200167 0.883649 1.07363 0.073633 -2.60866 0.0161876 
11 700 3 0.0879216 0.00012574 7.02493 0.214743 1.83559e-08 0.200167 0.883716 1.07372 0.0737151 -2.60755 0.0188738 
11 800 3 0.100496 0.00012574 7.02493 0.214751 -7.42149e-10 0.200166 0.883751 1.07376 0.073757 -2.60698 0.0215667 
11 900 3 0.11307 0.00012574 7.02493 0.214765 2.26041e-08 0.200166 0.883806 1.07382 0.0738244 -2.60607 0.0242702 
11 1000 3 0.125644 0.00012574 7.02493 0.21478 -2.52945e-08 0.200167 0.883869 1.0739 0.0739011 -2.60503 0.0269747 
11 1100 3 0.138218 0.00012574 7.02493 0.214793 -5.07245e-08 0.200166 0.883923 1.07397 0.0739661 -2.60415 0.0296682 
11 1200 3 0.150792 0.00012574 7.02493 0.214811 -6.75519e-11 0.200166 0.883996 1.07405 0.0740548 -2.60295 0.0323648 
11 1300 4 0.163269 0.00012574 7.02493 0.214822 -1.89025e-08 0.200166 0.884043 1.07411 0.0741118 -2.60218 0.0350658 
11 1400 4 0.175843 0.00012574 7.02493 0.214833 2.62859e-08 0.200165 0.884087 1.07417 0.0741655 -2.60146 0.0377677 
11 1500 4 0.188417 0.00012574 7.02493 0.214849 4.55711e-08 0.200166 0.884153 1.07425 0.0742464 -2.60037 0.0405063 
11 1600 4 0.200991 0.00012574 7.02493 0.214867 5.54016e-08 0.200167 0.884226 1.07433 0.0743348 -2.59918 0.043205 
11 1700 4 0.213565 0.00012574 7.02493 0.21488 3.03186e-08 0.200167 0.884279 1.0744 0.0743995 -2.59831 0.0458966 
11 1800 4 0.226139 0.00012574 7.02493 0.214889 2.37086e-08 0.200167 0.884317 1.07444 0.0744446 -2.5977 0.048598 
11 1900 4 0.238713 0.00012574 7.02493 0.214901 -3.2972e-08 0.200167 0.884366 1.0745 0.0745048 -2.59689 0.0513045 
11 2000 5 0.251191 0.00012574 7.02493 0.214914 -6.34497e-08 0.200165 0.884418 1.07457 0.0745682 -2.59604 0.0540084 
11 2100 5 0.263765 0.00012574 7.02493 0.214922 -1.83234e-07 0.200165 0.884451 1.07461 0.0746077 -2.59551 0.0567135 
11 2200 5 0.276339 0.00012574 7.02493 0.214935 -3.38595e-08 0.200165 0.884505 1.07467 0.0746733 -2.59463 0.0594174 
11 2300 5 0.288913 0.00012574 7.02493 0.214942 -5.9709e-09 0.200165 0.884536 1.07471 0.0747109 -2.59413 0.0621187 
11 2400 5 0.301487 0.00012574 7.02493 0.214954 2.3654e-08 0.200165 0.884583 1.07477 0.0747686 -2.59336 0.0648162 
11 2500 5 0.314061 0.00012574 7.02493 0.214962 -6.89934e-10 0.200165 0.884615 1.07481 0.0748076 -2.59284 0.0675192 
11 2600 6 0.326538 0.00012574 7.02493 0.214981 -8.92736e-08 0.200165 0.884693 1.0749 0.0749025 -2.59157 0.0702223 
11 2700 6 0.339113 0.00012574 7.02493 0.214985 6.23241e-09 0.200165 0.884712 1.07493 0.0749253 -2.59126 0.0729291 
11 2800 6 0.351687 0.00012574 7.02493 0.214995 9.7841e-07 0.200166 0.884753 1.07497 0.0749747 -2.59061 0.0756284 
11 2900 6 0.364261 0.00012574 7.02493 0.215005 1.96127e-07 0.200166 0.884793 1.07502 0.075024 -2.58995 0.0783267 
11 3000 6 0.376835 0.00012574 7.02493 0.215021 8.02537e-08 0.200166 0.884858 1.0751 0.0751027 -2.5889 0.0810256 
11 3100 6 0.389409 0.00012574 7.02493 0.21503 7.57798e-08 0.200165 0.884895 1.07515 0.0751479 -2.5883 0.08372 
11 3200 7 0.401886 0.00012574 7.02493 0.215042 3.35846e-08 0.200166 0.884948 1.07521 0.075212 -2.58744 0.0864378 
11 3300 7 0.41446 0.00012574 7.02493 0.215052 -3.654e-06 0.200166 0.884989 1.07526 0.0752613 -2.58679 0.0891428 
11 3400 7 0.427034 0.00012574 7.02493 0.215054 -3.10028e-06 0.200165 0.884995 1.07527 0.0752694 -2.58668 0.0918443 
11 3500 7 0.439608 0.00012574 7.02493 0.215072 -1.13618e-06 0.200165 0.88507 1.07536 0.07536 -2.58548 0.094542 
11 3600 7 0.452182 0.00012574 7.02493 0.21508 -4.77792e-07 0.200165 0.885102 1.0754 0.0753985 -2.58497 0.0972518 
11 3700 7 0.464756 0.00012574 7.02493 0.215087 -1.67729e-07 0.200165 0.88513 1.07543 0.0754329 -2.58451 0.0999653 
11 3800 7 0.47733 0.00012574 7.02493 0.215095 1.0748e-08 0.200165 0.885166 1.07548 0.0754765 -2.58393 0.102678 
11 3900 8 0.489808 0.00012574 7.02493 0.215104 6.73814e-08 0.200165 0.885203 1.07552 0.075522 -2.58333 0.10538 
11 4000 8 0.502382 0.00012574 7.02493 0.215118 9.32918e-08 0.200165 0.885257 1.07559 0.0755877 -2.58246 0.108079 
11 4100 8 0.514956 0.00012574 7.02493 0.215127 1.0556e-07 0.200165 0.885295 1.07563 0.0756331 -2.58186 0.11078 
11 4200 8 0.52753 0.00012574 7.02493 0.215138 4.73194e-08 0.200165 0.885343 1.07569 0.075692 -2.58108 0.113481 
11 4300 8 0.540104 0.00012574 7.02493 0.215147 2.01412e-08 0.200165 0.885379 1.07574 0.0757355 -2.58051 0.116184 
11 4400 8 0.552678 0.00012574 7.02493 0.215149 -6.04063e-10 0.200165 0.885385 1.07574 0.0757426 -2.58042 0.118888 
11 4500 9 0.565155 0.00012574 7.02493 0.215157 1.07061e-07 0.200165 0.885421 1.07579 0.0757871 -2.57983 0.121594 
11 4600 9 0.577729 0.00012574 7.02493 0.215167 2.15405e-07 0.200165 0.885461 1.07584 0.0758356 -2.57919 0.124302 
11 4700 9 0.590303 0.00012574 7.02493 0.215171 2.27173e-08 0.200164 0.885477 1.07585 0.075854 -2.57894 0.127012 
11 4800 9 0.602877 0.00012574 7.02493 0.215181 2.89268e-08 0.200164 0.88552 1.07591 0.0759071 -2.57825 0.129724 
11 4900 9 0.615451 0.00012574 7.02493 0.215188 3.55647e-08 0.200165 0.885546 1.07594 0.0759381 -2.57784 0.132436 
11 5000 9 0.628026 0.00012574 7.02493 0.2152 4.72767e-08 0.200165 0.885598 1.076 0.0760015 -2.577 0.135138 
11 5100 10 0.640503 0.00012574 7.02493 0.215208 6.76943e-08 0.200165 0.885629 1.07604 0.0760389 -2.57651 0.137838 
11 5200 10 0.653077 0.00012574 7.02493 0.21521 -1.11405e-08 0.200166 0.885637 1.07605 0.0760495 -2.57637 0.140538 
11 5300 10 0.665651 0.00012574 7.02493 0.215221 4.35651e-08 0.200166 0.885683 1.0761 0.0761046 -2.57565 0.143239 
11 5400 10 0.678225 0.00012574 7.02493 0.215236 3.4993e-08 0.200166 0.885744 1.07618 0.076179 -2.57467 0.145942 
11 5500 10 0.690799 0.00012574 7.02493 0.215242 2.72837e-08 0.200166 0.88577 1.07621 0.0762111 -2.57425 0.148652 
11 5600 10 0.703373 0.00012574 7.02493 0.215243 -6.67781e-09 0.200165 0.885774 1.07621 0.0762149 -2.5742 0.151362 
11 5700 10 0.715947 0.00012574 7.02493 0.215255 -2.80378e-07 0.200167 0.885823 1.07628 0.076275 -2.57341 0.154071 
11 5800 11 0.728425 0.00012574 7.02493 0.215265 -1.93473e-07 0.200166 0.885866 1.07633 0.0763267 -2.57273 0.156778 
11 5900 11 0.740999 0.00012574 7.02493 0.21528 -5.83998e-08 0.200166 0.885926 1.0764 0.0763999 -2.57177 0.15949 
11 6000 11 0.753573 0.00012574 7.02493 0.215281 -1.76645e-08 0.200166 0.885929 1.0764 0.0764036 -2.57172 0.162202 
11 6100 11 0.766147 0.00012574 7.02493 0.215281 3.33718e-09 0.200166 0.885931 1.07641 0.0764061 -2.57169 0.164907 
11 6200 11 0.778721 0.00012574 7.02493 0.215285 7.67888e-09 0.200167 0.885945 1.07642 0.0764226 -2.57148 0.167607 
11 6300 11 0.791295 0.00012574 7.02493 0.215295 2.09687e-08 0.200167 0.885987 1.07647 0.0764738 -2.57081 0.170307 
11 6400 12 0.803772 0.00012574 7.02493 0.215308 -2.59442e-07 0.200166 0.88604 1.07654 0.0765381 -2.56997 0.173012 
11 6500 12 0.816346 0.00012574 7.02493 0.215316 -1.31679e-07 0.200167 0.886074 1.07658 0.07658 -2.56942 0.175721 
11 6600 12 0.82892 0.00012574 7.02493 0.215319 -2.67722e-07 0.200166 0.886087 1.0766 0.0765953 -2.56922 0.178431 
11 6700 12 0.841494 0.00012574 7.02493 0.21533 4.96696e-08 0.200166 0.886133 1.07665 0.0766514 -2.56849 0.181141 
11 6800 12 0.854068 0.00012574 7.02493 0.215338 4.41759e-08 0.200166 0.886164 1.07669 0.0766895 -2.56799 0.183849 
11 6900 12 0.866642 0.00012574 7.02493 0.215335 -2.97031e-07 0.200165 0.886153 1.07668 0.0766765 -2.56816 0.186553 
11 7000 12 0.879216 0.00012574 7.02493 0.215342 -9.0252e-08 0.200165 0.88618 1.07671 0.0767093 -2.56773 0.189267 
11 7100 13 0.891694 0.00012574 7.02493 0.215349 -4.9123e-10 0.200165 0.886209 1.07674 0.0767438 -2.56728 0.191978 
11 7200 13 0.904268 0.00012574 7.02493 0.215355 1.24881e-08 0.200165 0.886233 1.07677 0.0767728 -2.5669 0.194683 
11 7300 13 0.916842 0.00012574 7.02493 0.215362 2.79506e-07 0.200165 0.886262 1.07681 0.0768087 -2.56644 0.197386 
11 7400 13 0.929416 0.00012574 7.02493 0.215365 9.2223e-08 0.200166 0.886277 1.07683 0.076827 -2.5662 0.200092 
11 7500 13 0.94199 0.00012574 7.02493 0.215373 1.44399e-08 0.200167 0.886308 1.07686 0.0768639 -2.56572 0.202799 
11 7600 13 0.954564 0.00012574 7.02493 0.215388 9.75236e-08 0.200167 0.88637 1.07694 0.0769401 -2.56473 0.205507 
11 7700 14 0.967041 0.00012574 7.02493 0.215393 1.80522e-07 0.200166 0.886389 1.07696 0.0769629 -2.56443 0.208217 
11 7800 14 0.979615 0.00012574 7.02493 0.215398 4.68138e-08 0.200165 0.886412 1.07699 0.07699 -2.56408 0.210927 
11 7900 14 0.99219 0.00012574 7.02493 0.215403 -9.3787e-09 0.200165 0.886431 1.07701 0.0770132 -2.56378 0.213635 
11 8000 14 1.00476 0.00012574 7.02493 0.215407 -1.06224e-07 0.200166 0.886449 1.07704 0.0770359 -2.56348 0.216344 
11 8100 14 1.01734 0.00012574 7.02493 0.215415 -4.77687e-07 0.200166 0.886481 1.07707 0.0770741 -2.56299 0.219053 
11 8200 14 1.02991 0.00012574 7.02493 0.215422 -1.54827e-07 0.200166 0.886512 1.07711 0.0771121 -2.56249 0.221761 
11 8300 15 1.04239 0.00012574 7.02493 0.215431 4.07274e-09 0.200166 0.886546 1.07715 0.0771536 -2.56196 0.224473 
11 8400 15 1.05496 0.00012574 7.02493 0.215433 1.22912e-07 0.200166 0.886555 1.07716 0.0771646 -2.56181 0.227182 
11 8500 15 1.06754 0.00012574 7.02493 0.21544 -3.78058e-08 0.200166 0.886583 1.0772 0.0771989 -2.56137 0.229889 
11 8600 15 1.08011 0.00012574 7.02493 0.215443 9.26476e-09 0.200166 0.886598 1.07722 0.077216 -2.56115 0.232596 
11 8700 15 1.09269 0.00012574 7.02493 0.215448 1.42643e-08 0.200167 0.886618 1.07724 0.0772412 -2.56082 0.235303 
11 8800 15 1.10526 0.00012574 7.02493 0.215459 -3.56122e-08 0.200167 0.886661 1.07729 0.0772934 -2.56015 0.238013 
11 8900 15 1.11783 0.00012574 7.02493 0.215459 1.4652e-08 0.200167 0.886664 1.0773 0.0772965 -2.56011 0.240722 
11 9000 16 1.13031 0.00012574 7.02493 0.215468 -9.39376e-08 0.200166 0.8867 1.07734 0.0773401 -2.55954 0.243429 
11 9100 16 1.14288 0.00012574 7.02493 0.215468 -7.96529e-08 0.200166 0.886702 1.07734 0.0773424 -2.55951 0.246137 
11 9200 16 1.15546 0.00012574 7.02493 0.215476 1.52633e-07 0.200167 0.886731 1.07738 0.0773786 -2.55904 0.248845 
11 9300 16 1.16803 0.00012574 7.02493 0.215483 2.57209e-07 0.200167 0.886762 1.07742 0.0774162 -2.55856 0.251559 
11 9400 16 1.18061 0.00012574 7.02493 0.215492 2.66508e-07 0.200167 0.8868 1.07746 0.0774622 -2.55797 0.254277 
11 9500 16 1.19318 0.00012574 7.02493 0.215504 7.11672e-08 0.200166 0.886846 1.07752 0.0775181 -2.55724 0.256986 
11 9600 17 1.20566 0.00012574 7.02493 0.215502 8.76537e-08 0.200167 0.886841 1.07751 0.0775122 -2.55732 0.259693 
11 9700 17 1.21823 0.00012574 7.02493 0.215511 -1.52274e-07 0.200168 0.886877 1.07756 0.0775561 -2.55675 0.262399 
11 9800 17 1.23081 0.00012574 7.02493 0.215515 -1.19363e-07 0.200168 0.886893 1.07757 0.0775745 -2.55652 0.265103 
11 9900 17 1.24338 0.00012574 7.02493 0.215525 2.54255e-07 0.200168 0.886936 1.07763 0.0776272 -2.55584 0.267816 
11 10000 17 1.25595 0.00012574 7.02493 0.21553 3.68335e-07 0.200168 0.886953 1.07765 0.0776478 -2.55557 0.270524 
11 10100 17 1.26853 0.00012574 7.02493 0.215534 5.05785e-07 0.200168 0.886971 1.07767 0.0776698 -2.55529 0.273233 
11 10200 18 1.28101 0.00012574 7.02493 0.215547 1.08614e-07 0.200168 0.887025 1.07774 0.0777352 -2.55445 0.27594 
11 10300 18 1.29358 0.00012574 7.02493 0.215555 -2.23665e-07 0.200167 0.887058 1.07777 0.077775 -2.55394 0.278655 
11 10400 18 1.30615 0.00012574 7.02493 0.215564 -8.3175e-07 0.200168 0.887096 1.07782 0.0778215 -2.55334 0.281371 
11 10500 18 1.31873 0.00012574 7.02493 0.215562 -7.50116e-07 0.200168 0.887085 1.07781 0.077808 -2.55351 0.284087 
11 10600 18 1.3313 0.00012574 7.02493 0.21557 -3.84125e-07 0.200168 0.887119 1.07785 0.07785 -2.55297 0.286799 
11 10700 18 1.34388 0.00012574 7.02493 0.215578 7.39522e-06 0.200167 0.887153 1.07789 0.077891 -2.55244 0.289506 
11 10800 18 1.35645 0.00012574 7.02493 0.215582 6.58537e-07 0.200168 0.887171 1.07791 0.0779123 -2.55217 0.292208 
11 10900 19 1.36893 0.00012574 7.02493 0.215585 1.5915e-06 0.200168 0.887182 1.07793 0.0779262 -2.55199 0.294919 
11 11000 19 1.3815 0.00012574 7.02493 0.215592 6.76686e-07 0.200168 0.88721 1.07796 0.0779604 -2.55155 0.297627 
11 11100 19 1.39408 0.00012574 7.02493 0.215602 3.57587e-07 0.200168 0.887251 1.07801 0.07801 -2.55092 0.300335 
11 11200 19 1.40665 0.00012574 7.02493 0.2156 1.21609e-07 0.200168 0.887241 1.078 0.0779979 -2.55107 0.303045 
11 11300 19 1.41922 0.00012574 7.02493 0.215603 6.1933e-08 0.200168 0.887254 1.07801 0.078014 -2.55087 0.305759 
11 11400 19 1.4318 0.00012574 7.02493 0.215616 -8.45392e-08 0.200168 0.887309 1.07808 0.0780807 -2.55001 0.308474 
11 11500 20 1.44428 0.00012574 7.02493 0.215621 -5.64471e-08 0.200167 0.887331 1.07811 0.0781068 -2.54968 0.31119 
11 11600 20 1.45685 0.00012574 7.02493 0.215628 -1.99211e-08 0.200167 0.887357 1.07814 0.0781392 -2.54926 0.313906 
11 11700 20 1.46942 0.00012574 7.02493 0.215635 -2.99058e-08 0.200167 0.887388 1.07818 0.078176 -2.54879 0.31662 
11 11800 20 1.482 0.00012574 7.02493 0.21564 -5.4282e-08 0.200168 0.887409 1.0782 0.0782015 -2.54847 0.319327 
11 11900 20 1.49457 0.00012574 7.02493 0.215645 2.3612e-08 0.200168 0.887427 1.07822 0.0782233 -2.54819 0.322034 
11 12000 20 1.50715 0.00012574 7.02493 0.215649 2.88063e-08 0.200169 0.887446 1.07825 0.0782474 -2.54788 0.324742 
11 12100 20 1.51972 0.00012574 7.02493 0.215653 8.28614e-08 0.200169 0.887461 1.07827 0.0782651 -2.54765 0.327447 
11 12200 21 1.5322 0.00012574 7.02493 0.215663 3.93098e-07 0.20017 0.887502 1.07831 0.0783148 -2.54702 0.330156 
11 12300 21 1.54477 0.00012574 7.02493 0.215679 2.31989e-07 0.20017 0.887569 1.0784 0.078396 -2.54598 0.332873 
11 12400 21 1.55734 0.00012574 7.02493 0.215672 2.02968e-06 0.200169 0.887539 1.07836 0.0783602 -2.54644 0.335589 
11 12500 21 1.56992 0.00012574 7.02493 0.215679 4.28397e-07 0.200169 0.887567 1.07839 0.0783938 -2.54601 0.338302 
11 12600 21 1.58249 0.00012574 7.02493 0.215693 -3.35858e-08 0.200168 0.887626 1.07847 0.078466 -2.54509 0.341017 
11 12700 21 1.59507 0.00012574 7.02493 0.2157 -9.33915e-08 0.200168 0.887656 1.0785 0.078502 -2.54463 0.343731 
11 12800 22 1.60754 0.00012574 7.02493 0.215702 1.13637e-06 0.200168 0.887661 1.07851 0.078508 -2.54455 0.346446 
11 12900 22 1.62012 0.00012574 7.02493 0.215702 4.24505e-07 0.200169 0.887663 1.07851 0.0785108 -2.54452 0.349157 
11 13000 22 1.63269 0.00012574 7.02493 0.215712 3.43634e-07 0.200167 0.887704 1.07856 0.0785607 -2.54388 0.351862 
11 13100 22 1.64527 0.00012574 7.02493 0.215722 -1.82748e-08 0.200169 0.887745 1.07861 0.0786102 -2.54325 0.354567 
11 13200 22 1.65784 0.00012574 7.02493 0.215721 2.67343e-08 0.20017 0.887739 1.0786 0.0786025 -2.54335 0.357278 
11 13300 22 1.67041 0.00012574 7.02493 0.215728 8.11102e-08 0.200169 0.88777 1.07864 0.0786408 -2.54287 0.359993 
11 13400 23 1.68289 0.00012574 7.02493 0.215743 -1.0406e-08 0.20017 0.88783 1.07871 0.0787129 -2.54195 0.362709 
11 13500 23 1.69547 0.00012574 7.02493 0.215745 -1.73334e-07 0.20017 0.887838 1.07872 0.0787237 -2.54181 0.365424 
11 13600 23 1.70804 0.00012574 7.02493 0.215755 4.10458e-07 0.200169 0.887882 1.07878 0.0787762 -2.54114 0.368138 
11 13700 23 1.72061 0.00012574 7.02493 0.21576 1.84786e-07 0.200169 0.887902 1.0788 0.0788004 -2.54084 0.370852 
11 13800 23 1.73319 0.00012574 7.02493 0.21576 1.38579e-07 0.20017 0.887901 1.0788 0.0787993 -2.54085 0.373568 
11 13900 23 1.74576 0.00012574 7.02493 0.215767 -5.97445e-08 0.200169 0.88793 1.07884 0.0788352 -2.5404 0.376284 
11 14000 23 1.75834 0.00012574 7.02493 0.215777 3.86957e-07 0.200169 0.887971 1.07888 0.0788849 -2.53977 0.378994 
11 14100 24 1.77081 0.00012574 7.02493 0.215779 7.62684e-08 0.200169 0.887979 1.07889 0.0788945 -2.53964 0.381701 
11 14200 24 1.78339 0.00012574 7.02493 0.215784 -1.46441e-07 0.200169 0.888 1.07892 0.0789201 -2.53932 0.384411 
11 14300 24 1.79596 0.00012574 7.02493 0.215783 -3.02931e-07 0.20017 0.887996 1.07892 0.0789155 -2.53938 0.387125 
11 14400 24 1.80854 0.00012574 7.02493 0.215786 -2.29339e-07 0.20017 0.888009 1.07893 0.0789308 -2.53918 0.38984 
11 14500 24 1.82111 0.00012574 7.02493 0.215783 -7.07136e-08 0.20017 0.887997 1.07892 0.078916 -2.53937 0.392557 
11 14600 24 1.83368 0.00012574 7.02493 0.215796 7.64989e-08 0.20017 0.888048 1.07898 0.0789783 -2.53858 0.395272 
11 14700 25 1.84616 0.00012574 7.02493 0.215809 -1.79917e-07 0.20017 0.888103 1.07904 0.079045 -2.53774 0.397985 
11 14800 25 1.85874 0.00012574 7.02493 0.215811 9.26563e-08 0.20017 0.88811 1.07905 0.0790538 -2.53763 0.400698 
11 14900 25 1.87131 0.00012574 7.02493 0.215816 7.75822e-08 0.20017 0.888133 1.07908 0.0790814 -2.53728 0.403411 
11 15000 25 1.88388 0.00012574 7.02493 0.215822 -3.31688e-08 0.20017 0.888155 1.07911 0.0791082 -2.53694 0.406127 
11 15100 25 1.89646 0.00012574 7.02493 0.21583 -3.96307e-08 0.20017 0.888191 1.07915 0.0791523 -2.53638 0.408838 
11 15200 25 1.90903 0.00012574 7.02493 0.215837 -1.37036e-08 0.20017 0.888217 1.07918 0.079184 -2.53598 0.41155 
11 15300 26 1.92151 0.00012574 7.02493 0.21584 -2.87642e-07 0.20017 0.888231 1.0792 0.0792008 -2.53577 0.414261 
11 15400 26 1.93408 0.00012574 7.02493 0.215851 -3.73778e-06 0.200171 0.888277 1.07926 0.0792562 -2.53507 0.416974 
11 15500 26 1.94666 0.00012574 7.02493 0.215862 -4.13982e-07 0.200171 0.888321 1.07931 0.07931 -2.53439 0.419689 
11 15600 26 1.95923 0.00012574 7.02493 0.215863 -1.60401e-07 0.200171 0.888324 1.07931 0.0793135 -2.53435 0.422403 
11 15700 26 1.97181 0.00012574 7.02493 0.215873 -5.30465e-08 0.200171 0.888367 1.07937 0.0793657 -2.53369 0.425118 
11 15800 26 1.98438 0.00012574 7.02493 0.215883 -7.50082e-07 0.200171 0.888407 1.07941 0.0794142 -2.53308 0.427832 
11 15900 26 1.99695 0.00012574 7.02493 0.215882 -1.14029e-07 0.200171 0.888404 1.07941 0.0794104 -2.53313 0.430546 
11 16000 27 2.00943 0.00012574 7.02493 0.215883 -3.56418e-07 0.20017 0.888407 1.07941 0.0794143 -2.53308 0.433261 
11 16100 27 2.022 0.00012574 7.02493 0.215905 -3.84647e-07 0.20017 0.888499 1.07953 0.0795258 -2.53167 0.435977 
11 16200 27 2.03458 0.00012574 7.02493 0.2159 1.44946e-08 0.200169 0.888477 1.0795 0.0794999 -2.532 0.438697 
11 16300 27 2.04715 0.00012574 7.02493 0.215907 -1.21418e-07 0.20017 0.888505 1.07953 0.0795333 -2.53158 0.44141 
11 16400 27 2.05973 0.00012574 7.02493 0.215913 2.9423e-07 0.20017 0.88853 1.07956 0.0795638 -2.5312 0.444126 
11 16500 27 2.0723 0.00012574 7.02493 0.215928 6.49014e-08 0.200171 0.888594 1.07964 0.0796416 -2.53022 0.446838 
11 16600 28 2.08478 0.00012574 7.02493 0.215929 -1.21159e-08 0.200172 0.888596 1.07964 0.079644 -2.53019 0.449552 
11 16700 28 2.09735 0.00012574 7.02493 0.215937 -2.77675e-08 0.200172 0.888628 1.07968 0.079683 -2.5297 0.452269 
11 16800 28 2.10993 0.00012574 7.02493 0.215946 -4.02485e-07 0.200172 0.888666 1.07973 0.0797293 -2.52912 0.454983 
11 16900 28 2.1225 0.00012574 7.02493 0.21595 -4.69275e-08 0.200172 0.888683 1.07975 0.0797495 -2.52886 0.457697 
11 17000 28 2.13507 0.00012574 7.02493 0.215955 2.75135e-07 0.200172 0.888706 1.07978 0.0797774 -2.52852 0.46041 
11 17100 28 2.14765 0.00012574 7.02493 0.215973 3.51286e-07 0.200172 0.888778 1.07987 0.079865 -2.52742 0.463124 
11 17200 29 2.16013 0.00012574 7.02493 0.215972 5.11812e-07 0.20017 0.888774 1.07986 0.0798605 -2.52747 0.465845 
11 17300 29 2.1727 0.00012574 7.02493 0.215975 6.46792e-08 0.200172 0.888784 1.07987 0.0798729 -2.52732 0.468565 
11 17400 29 2.18527 0.00012574 7.02493 0.215976 8.42734e-08 0.200171 0.888791 1.07988 0.0798813 -2.52721 0.471281 
11 17500 29 2.19785 0.00012574 7.02493 0.21598 -2.33079e-08 0.200171 0.888807 1.0799 0.0799 -2.52698 0.473995 
11 17600 29 2.21042 0.00012574 7.02493 0.215988 5.27426e-08 0.20017 0.888841 1.07994 0.0799414 -2.52646 0.476708 
11 17700 29 2.223 0.00012574 7.02493 0.215994 1.08013e-07 0.20017 0.888863 1.07997 0.0799685 -2.52612 0.479423 
11 17800 29 2.23557 0.00012574 7.02493 0.216007 1.32547e-08 0.200171 0.888916 1.08003 0.0800332 -2.52531 0.482134 
11 17900 30 2.24805 0.00012574 7.02493 0.216011 4.54102e-08 0.200171 0.888934 1.08006 0.0800552 -2.52504 0.48485 
11 18000 30 2.26062 0.00012574 7.02493 0.216017 6.25638e-09 0.200171 0.888959 1.08009 0.0800851 -2.52467 0.487564 
11 18100 30 2.2732 0.00012574 7.02493 0.216028 3.93229e-08 0.200171 0.889005 1.08014 0.0801413 -2.52396 0.490281 
11 18200 30 2.28577 0.00012574 7.02493 0.216032 -3.51709e-08 0.20017 0.889019 1.08016 0.0801577 -2.52376 0.493 
11 18300 30 2.29834 0.00012574 7.02493 0.216036 2.55651e-07 0.20017 0.889037 1.08018 0.0801795 -2.52349 0.49572 
11 18400 30 2.31092 0.00012574 7.02493 0.21604 -1.74195e-08 0.200171 0.889052 1.0802 0.0801978 -2.52326 0.498442 
11 18500 31 2.32339 0.00012574 7.02493 0.216055 1.8684e-07 0.200172 0.889115 1.08027 0.0802742 -2.52231 0.501157 
11 18600 31 2.33597 0.00012574 7.02493 0.216058 1.17339e-07 0.200172 0.889126 1.08029 0.0802879 -2.52214 0.503865 
11 18700 31 2.34854 0.00012574 7.02493 0.216067 8.83877e-08 0.200172 0.889163 1.08033 0.080333 -2.52157 0.506579 
11 18800 31 2.36112 0.00012574 7.02493 0.216072 4.85204e-09 0.200173 0.889184 1.08036 0.0803586 -2.52126 0.509295 
11 18900 31 2.37369 0.00012574 7.02493 0.216085 5.56088e-09 0.200173 0.88924 1.08043 0.0804265 -2.52041 0.51201 
11 19000 31 2.38627 0.00012574 7.02493 0.216077 4.94537e-08 0.200175 0.889207 1.08039 0.0803864 -2.52091 0.514731 
11 19100 31 2.39884 0.00012574 7.02493 0.216085 1.70029e-07 0.200175 0.889237 1.08042 0.0804227 -2.52046 0.517447 
11 19200 32 2.41132 0.00012574 7.02493 0.216091 1.24711e-07 0.200175 0.889263 1.08046 0.0804551 -2.52006 0.520163 
11 19300 32 2.42389 0.00012574 7.02493 0.216105 8.31192e-08 0.200175 0.889321 1.08053 0.0805256 -2.51918 0.522884 
11 19400 32 2.43646 0.00012574 7.02493 0.216112 -1.87902e-08 0.200174 0.889349 1.08056 0.0805596 -2.51876 0.525604 
11 19500 32 2.44904 0.00012574 7.02493 0.21612 -3.53223e-08 0.200174 0.889382 1.0806 0.0805997 -2.51826 0.528325 
11 19600 32 2.46161 0.00012574 7.02493 0.216131 8.7208e-07 0.200175 0.889428 1.08066 0.0806553 -2.51757 0.531044 
11 19700 32 2.47419 0.00012574 7.02493 0.21613 1.23684e-06 0.200174 0.889424 1.08065 0.0806498 -2.51764 0.533754 
11 19800 33 2.48666 0.00012574 7.02493 0.216136 5.47482e-07 0.200173 0.889447 1.08068 0.0806776 -2.51729 0.536469 
11 19900 33 2.49924 0.00012574 7.02493 0.216144 5.94205e-06 0.200173 0.889481 1.08072 0.0807191 -2.51678 0.539189 
11 20000 33 2.51181 0.00012574 7.02493 0.216149 3.49933e-06 0.200173 0.889502 1.08074 0.0807449 -2.51646 0.541903 
11 20100 33 2.52439 0.00012574 7.02493 0.216169 1.49187e-06 0.200173 0.889583 1.08084 0.0808433 -2.51524 0.544619 
11 20200 33 2.53696 0.00012574 7.02493 0.21618 -1.34992e-06 0.200173 0.889628 1.0809 0.0808985 -2.51456 0.547338 
11 20300 33 2.54953 0.00012574 7.02493 0.216181 7.54675e-07 0.200174 0.889636 1.08091 0.0809075 -2.51445 0.550059 
11 20400 34 2.56201 0.00012574 7.02493 0.216179 3.27546e-07 0.200174 0.889627 1.0809 0.0808971 -2.51458 0.552779 
11 20500 34 2.57459 0.00012574 7.02493 0.21619 1.12892e-08 0.200173 0.889673 1.08095 0.0809523 -2.51389 0.555503 
11 20600 34 2.58716 0.00012574 7.02493 0.216201 -1.00463e-07 0.200172 0.889717 1.08101 0.0810056 -2.51324 0.558224 
11 20700 34 2.59973 0.00012574 7.02493 0.216202 1.20709e-07 0.200172 0.889722 1.08101 0.0810123 -2.51315 0.560946 
11 20800 34 2.61231 0.00012574 7.02493 0.216195 8.10206e-07 0.200174 0.889692 1.08098 0.0809752 -2.51361 0.563657 
11 20900 34 2.62488 0.00012574 7.02493 0.216221 6.89772e-07 0.200174 0.8898 1.08111 0.0811067 -2.51199 0.566372 
11 21000 34 2.63746 0.00012574 7.02493 0.216228 1.46944e-07 0.200174 0.889827 1.08114 0.0811402 -2.51158 0.569087 
11 21100 35 2.64993 0.00012574 7.02493 0.216232 -3.58498e-08 0.200175 0.889843 1.08116 0.0811594 -2.51134 0.571802 
11 21200 35 2.66251 0.00012574 7.02493 0.216245 4.8474e-08 0.200176 0.889898 1.08123 0.0812264 -2.51051 0.574521 
11 21300 35 2.67508 0.00012574 7.02493 0.216251 -5.14929e-08 0.200177 0.889923 1.08126 0.0812559 -2.51015 0.577242 
11 21400 35 2.68766 0.00012574 7.02493 0.21626 2.58999e-06 0.200177 0.889957 1.0813 0.0812983 -2.50963 0.579962 
11 21500 35 2.70023 0.00012574 7.02493 0.21626 1.67423e-06 0.200177 0.889957 1.0813 0.081298 -2.50963 0.582681 
11 21600 35 2.7128 0.00012574 7.02493 0.216275 7.16524e-07 0.200176 0.890019 1.08137 0.0813733 -2.50871 0.585409 
11 21700 36 2.72528 0.00012574 7.02493 0.216277 1.59379e-07 0.200176 0.890029 1.08138 0.0813847 -2.50857 0.588131 
11 21800 36 2.73786 0.00012574 7.02493 0.216278 -6.95438e-08 0.200174 0.890033 1.08139 0.0813904 -2.5085 0.590849 
11 21900 36 2.75043 0.00012574 7.02493 0.216296 -9.17804e-09 0.200175 0.890107 1.08148 0.0814795 -2.5074 0.593567 
11 22000 36 2.763 0.00012574 7.02493 0.21629 3.71539e-07 0.200174 0.89008 1.08145 0.0814475 -2.5078 0.596283 
11 22100 36 2.77558 0.00012574 7.02493 0.2163 1.15973e-07 0.200174 0.890124 1.0815 0.0815008 -2.50714 0.598997 
11 22200 36 2.78815 0.00012574 7.02493 0.21631 -1.60056e-07 0.200174 0.890165 1.08155 0.08155 -2.50654 0.601715 
11 22300 37 2.80063 0.00012574 7.02493 0.216319 -2.27744e-07 0.200174 0.890202 1.08159 0.0815949 -2.50599 0.604436 
11 22400 37 2.8132 0.00012574 7.02493 0.216331 -4.23948e-07 0.200174 0.89025 1.08165 0.0816536 -2.50527 0.607159 
11 22500 37 2.82578 0.00012574 7.02493 0.216327 -1.10444e-06 0.200173 0.890237 1.08164 0.0816374 -2.50547 0.609883 
11 22600 37 2.83835 0.00012574 7.02493 0.216345 -4.63329e-07 0.200174 0.890307 1.08172 0.0817227 -2.50442 0.612608 
11 22700 37 2.85092 0.00012574 7.02493 0.216347 -2.67202e-07 0.200174 0.890315 1.08173 0.0817329 -2.5043 0.615322 
11 22800 37 2.8635 0.00012574 7.02493 0.216358 -2.54394e-07 0.200174 0.890361 1.08179 0.081789 -2.50361 0.618042 
11 22900 37 2.87607 0.00012574 7.02493 0.216362 2.81318e-08 0.200174 0.89038 1.08181 0.0818122 -2.50333 0.620765 
11 23000 38 2.88855 0.00012574 7.02493 0.216388 -5.69732e-08 0.200174 0.890484 1.08194 0.0819384 -2.50179 0.623486 
11 23100 38 2.90112 0.00012574 7.02493 0.216395 -1.95953e-07 0.200176 0.890515 1.08198 0.0819757 -2.50133 0.626203 
11 23200 38 2.9137 0.00012574 7.02493 0.216386 -1.66374e-07 0.200175 0.890477 1.08193 0.0819292 -2.5019 0.628922 
11 23300 38 2.92627 0.00012574 7.02493 0.216391 -4.19568e-08 0.200176 0.890499 1.08196 0.0819558 -2.50158 0.631641 
11 23400 38 2.93885 0.00012574 7.02493 0.216397 -1.27878e-06 0.200176 0.890524 1.08199 0.0819861 -2.50121 0.634362 
11 23500 38 2.95142 0.00012574 7.02493 0.216402 -1.71975e-07 0.200177 0.890542 1.08201 0.0820089 -2.50093 0.637086 
11 23600 39 2.9639 0.00012574 7.02493 0.216423 -1.20154e-07 0.200177 0.890629 1.08211 0.0821146 -2.49964 0.639808 
11 23700 39 2.97647 0.00012574 7.02493 0.216434 -2.28582e-07 0.200178 0.890675 1.08217 0.0821705 -2.49896 0.642525 
11 23800 39 2.98905 0.00012574 7.02493 0.216442 7.1182e-08 0.200178 0.890707 1.08221 0.0822094 -2.49849 0.645247 
11 23900 39 3.00162 0.00012574 7.02493 0.216451 2.90986e-08 0.200177 0.890745 1.08225 0.0822549 -2.49793 0.64797 
11 24000 39 3.01419 0.00012574 7.02493 0.216459 5.34321e-08 0.200177 0.890776 1.08229 0.0822927 -2.49747 0.650694 
11 24100 39 3.02677 0.00012574 7.02493 0.216459 -5.20972e-07 0.200176 0.890777 1.08229 0.0822945 -2.49745 0.653419 
11 24200 39 3.03934 0.00012574 7.02493 0.216469 -7.34433e-08 0.200177 0.890819 1.08235 0.0823455 -2.49683 0.656137 
11 24300 40 3.05182 0.00012574 7.02493 0.216474 1.11939e-07 0.200175 0.89084 1.08237 0.08237 -2.49653 0.65886 
11 24400 40 3.06439 0.00012574 7.02493 0.216482 -5.09311e-08 0.200176 0.890871 1.08241 0.0824082 -2.49607 0.661581 
11 24500 40 3.07697 0.00012574 7.02493 0.216482 2.49617e-08 0.200176 0.890873 1.08241 0.0824104 -2.49604 0.6643 
11 24600 40 3.08954 0.00012574 7.02493 0.216487 -1.11642e-07 0.200176 0.890894 1.08244 0.0824364 -2.49573 0.667024 
11 24700 40 3.10212 0.00012574 7.02493 0.216504 -7.40408e-08 0.200176 0.890963 1.08252 0.0825195 -2.49472 0.669742 
11 24800 40 3.11469 0.00012574 7.02493 0.216502 2.20254e-08 0.200177 0.890955 1.08251 0.0825109 -2.49482 0.672465 
11 24900 41 3.12717 0.00012574 7.02493 0.216527 -2.10226e-06 0.200177 0.891057 1.08263 0.0826346 -2.49333 0.675193 
11 25000 41 3.13974 0.00012574 7.02493 0.21654 -2.97912e-06 0.200177 0.891112 1.0827 0.0827007 -2.49253 0.677915 
11 25100 41 3.15232 0.00012574 7.02493 0.216536 -5.88027e-07 0.200177 0.891093 1.08268 0.0826782 -2.4928 0.680638 
11 25200 41 3.16489 0.00012574 7.02493 0.216548 3.76389e-07 0.200176 0.891143 1.08274 0.082739 -2.49206 0.683362 
11 25300 41 3.17746 0.00012574 7.02493 0.21655 3.57167e-07 0.200176 0.891151 1.08275 0.082748 -2.49196 0.686084 
11 25400 41 3.19004 0.00012574 7.02493 0.216561 -2.48652e-07 0.200177 0.891197 1.0828 0.0828042 -2.49128 0.688807 
11 25500 42 3.20251 0.00012574 7.02493 0.216564 2.19262e-07 0.200177 0.89121 1.08282 0.08282 -2.49109 0.691528 
11 25600 42 3.21509 0.00012574 7.02493 0.216564 -8.30641e-08 0.200177 0.89121 1.08282 0.0828203 -2.49108 0.69425 
11 25700 42 3.22766 0.00012574 7.02493 0.216592 -2.45156e-06 0.200179 0.891326 1.08296 0.0829606 -2.48939 0.696967 
11 25800 42 3.24024 0.00012574 7.02493 0.216595 -3.08164e-06 0.200179 0.891339 1.08298 0.0829764 -2.4892 0.699692 
11 25900 42 3.25281 0.00012574 7.02493 0.216608 -3.49359e-06 0.200179 0.891391 1.08304 0.0830403 -2.48843 0.702417 
11 26000 42 3.26538 0.00012574 7.02493 0.216615 -2.14322e-06 0.200179 0.891421 1.08308 0.0830769 -2.48799 0.705141 
11 26100 42 3.27796 0.00012574 7.02493 0.216615 6.05674e-07 0.200179 0.891419 1.08307 0.0830735 -2.48803 0.707866 
11 26200 43 3.29044 0.00012574 7.02493 0.216642 -2.83633e-06 0.200177 0.891533 1.08321 0.0832124 -2.48636 0.71059 
11 26300 43 3.30301 0.00012574 7.02493 0.216646 -3.53984e-06 0.200178 0.891546 1.08323 0.0832281 -2.48617 0.713317 
11 26400 43 3.31558 0.00012574 7.02493 0.216646 -4.51469e-06 0.200177 0.891549 1.08323 0.0832318 -2.48613 0.716045 
11 26500 43 3.32816 0.00012574 7.02493 0.216654 -2.74285e-06 0.200176 0.891582 1.08327 0.0832721 -2.48564 0.718768 
11 26600 43 3.34073 0.00012574 7.02493 0.216655 -3.22088e-06 0.200176 0.891584 1.08327 0.0832748 -2.48561 0.721491 
11 26700 43 3.35331 0.00012574 7.02493 0.216671 2.19769e-06 0.200176 0.891651 1.08336 0.0833555 -2.48464 0.724212 
11 26800 44 3.36578 0.00012574 7.02493 0.216673 1.69828e-06 0.200177 0.891658 1.08336 0.0833639 -2.48454 0.72693 
11 26900 44 3.37836 0.00012574 7.02493 0.216689 2.28392e-06 0.200178 0.891724 1.08344 0.0834446 -2.48357 0.729655 
11 27000 44 3.39093 0.00012574 7.02493 0.216689 1.58118e-06 0.200177 0.891726 1.08345 0.0834475 -2.48354 0.732385 
11 27100 44 3.40351 0.00012574 7.02493 0.2167 1.03811e-06 0.200177 0.891771 1.0835 0.0835016 -2.48289 0.73511 
11 27200 44 3.41608 0.00012574 7.02493 0.216701 3.78373e-07 0.200178 0.891772 1.0835 0.0835026 -2.48288 0.737834 
11 27300 44 3.42865 0.00012574 7.02493 0.216709 2.92099e-07 0.200177 0.891808 1.08355 0.0835471 -2.48235 0.740559 
11 27400 45 3.44113 0.00012574 7.02493 0.216717 1.19916e-07 0.200178 0.89184 1.08359 0.0835856 -2.48188 0.743287 
11 27500 45 3.45371 0.00012574 7.02493 0.216737 1.77773e-07 0.200178 0.891921 1.08368 0.0836835 -2.48071 0.746016 
11 27600 45 3.46628 0.00012574 7.02493 0.216741 3.42746e-07 0.200178 0.891937 1.0837 0.0837031 -2.48048 0.74874 
11 27700 45 3.47885 0.00012574 7.02493 0.216759 -3.71574e-07 0.200178 0.892014 1.0838 0.0837972 -2.47936 0.751464 
11 27800 45 3.49143 0.00012574 7.02493 0.216772 -8.65666e-08 0.200178 0.892066 1.08386 0.08386 -2.47861 0.754182 
11 27900 45 3.504 0.00012574 7.02493 0.216773 1.64023e-07 0.200179 0.892069 1.08386 0.0838639 -2.47856 0.756905 
11 28000 45 3.51658 0.00012574 7.02493 0.21678 4.11179e-09 0.200179 0.8921 1.0839 0.0839018 -2.47811 0.759631 
11 28100 46 3.52905 0.00012574 7.02493 0.216782 -2.92886e-07 0.20018 0.892107 1.08391 0.0839094 -2.47802 0.762359 
11 28200 46 3.54163 0.00012574 7.02493 0.216805 -4.13482e-08 0.20018 0.892201 1.08402 0.0840243 -2.47665 0.765088 
11 28300 46 3.5542 0.00012574 7.02493 0.216815 -2.53228e-08 0.200181 0.892243 1.08408 0.0840755 -2.47604 0.767813 
11 28400 46 3.56678 0.00012574 7.02493 0.216817 -4.20763e-08 0.200181 0.89225 1.08408 0.0840839 -2.47594 0.770543 
11 28500 46 3.57935 0.00012574 7.02493 0.216828 1.47149e-07 0.200181 0.892295 1.08414 0.0841379 -2.4753 0.773272 
11 28600 46 3.59192 0.00012574 7.02493 0.216833 1.02847e-07 0.20018 0.892318 1.08417 0.0841663 -2.47496 0.775999 
11 28700 47 3.6044 0.00012574 7.02493 0.216832 1.23529e-07 0.200179 0.892311 1.08416 0.084158 -2.47506 0.778726 
11 28800 47 3.61697 0.00012574 7.02493 0.21686 1.0074e-06 0.20018 0.892429 1.0843 0.0843017 -2.47335 0.781446 
11 28900 47 3.62955 0.00012574 7.02493 0.216864 2.78539e-07 0.20018 0.892445 1.08432 0.0843207 -2.47313 0.78417 
11 29000 47 3.64212 0.00012574 7.02493 0.216873 1.92019e-07 0.20018 0.892483 1.08437 0.0843667 -2.47258 0.786894 
11 29100 47 3.6547 0.00012574 7.02493 0.216886 2.60867e-07 0.20018 0.892536 1.08443 0.0844318 -2.47181 0.789623 
11 29200 47 3.66727 0.00012574 7.02493 0.216877 5.45103e-08 0.20018 0.892496 1.08438 0.0843831 -2.47239 0.792347 
11 29300 47 3.67985 0.00012574 7.02493 0.216887 7.01581e-08 0.20018 0.892539 1.08443 0.0844344 -2.47178 0.795078 
11 29400 48 3.69232 0.00012574 7.02493 0.216902 1.83782e-07 0.20018 0.8926 1.08451 0.0845093 -2.47089 0.797807 
11 29500 48 3.7049 0.00012574 7.02493 0.216905 1.3508e-07 0.20018 0.892612 1.08452 0.0845237 -2.47072 0.800537 
11 29600 48 3.71747 0.00012574 7.02493 0.216906 1.66983e-08 0.20018 0.892616 1.08453 0.0845282 -2.47067 0.803264 
11 29700 48 3.73004 0.00012574 7.02493 0.216914 3.22107e-08 0.20018 0.892649 1.08457 0.0845691 -2.47019 0.805994 
11 29800 48 3.74262 0.00012574 7.02493 0.21693 8.00743e-09 0.20018 0.892715 1.08465 0.0846489 -2.46924 0.80872 
11 29900 48 3.75519 0.00012574 7.02493 0.216944 -5.80485e-07 0.20018 0.892773 1.08472 0.0847191 -2.46841 0.811445 
11 30000 49 3.76767 0.00012574 7.02493 0.216962 -1.15451e-06 0.200179 0.892846 1.08481 0.0848083 -2.46736 0.814171 
11 30100 49 3.78024 0.00012574 7.02493 0.216971 -7.66135e-07 0.20018 0.892883 1.08485 0.0848527 -2.46684 0.816896 
11 30200 49 3.79282 0.00012574 7.02493 0.216986 -2.45473e-07 0.20018 0.892948 1.08493 0.0849321 -2.4659 0.819622 
11 30300 49 3.80539 0.00012574 7.02493 0.216995 -4.81766e-08 0.200181 0.892985 1.08498 0.0849773 -2.46537 0.82235 
11 30400 49 3.81797 0.00012574 7.02493 0.216992 4.49447e-08 0.200182 0.89297 1.08496 0.0849584 -2.46559 0.82508 
11 30500 49 3.83054 0.00012574 7.02493 0.217004 4.97319e-08 0.200182 0.893021 1.08502 0.0850204 -2.46486 0.827815 
11 30600 50 3.84302 0.00012574 7.02493 0.217011 -2.65039e-07 0.200182 0.893051 1.08506 0.085057 -2.46443 0.830545 
11 30700 50 3.85559 0.00012574 7.02493 0.217022 1.68709e-07 0.200182 0.893094 1.08511 0.0851097 -2.46381 0.833272 
11 30800 50 3.86817 0.00012574 7.02493 0.21702 1.91233e-07 0.200183 0.893087 1.0851 0.0851012 -2.46391 0.835999 
11 30900 50 3.88074 0.00012574 7.02493 0.217031 3.72081e-06 0.200181 0.893131 1.08515 0.0851546 -2.46329 0.838731 
11 31000 50 3.89331 0.00012574 7.02493 0.217037 3.88097e-07 0.200181 0.893158 1.08519 0.0851873 -2.4629 0.841459 
11 31100 50 3.90589 0.00012574 7.02493 0.21705 2.74083e-07 0.20018 0.89321 1.08525 0.0852501 -2.46217 0.844184 
11 31200 50 3.91846 0.00012574 7.02493 0.217062 -7.88956e-07 0.20018 0.893257 1.08531 0.0853078 -2.46149 0.846911 
11 31300 51 3.93094 0.00012574 7.02493 0.217066 -4.05414e-07 0.20018 0.893275 1.08533 0.0853294 -2.46124 0.849638 
11 31400 51 3.94351 0.00012574 7.02493 0.217074 4.21851e-07 0.20018 0.893307 1.08537 0.0853681 -2.46078 0.852367 
11 31500 51 3.95609 0.00012574 7.02493 0.217086 6.23949e-08 0.20018 0.893357 1.08543 0.0854291 -2.46007 0.855101 
11 31600 51 3.96866 0.00012574 7.02493 0.217096 9.07575e-08 0.20018 0.893399 1.08548 0.0854793 -2.45948 0.857836 
11 31700 51 3.98124 0.00012574 7.02493 0.217104 2.62879e-07 0.20018 0.893434 1.08552 0.085522 -2.45898 0.860566 
11 31800 51 3.99381 0.00012574 7.02493 0.217101 -1.87018e-06 0.20018 0.893421 1.08551 0.0855068 -2.45916 0.863296 
11 31900 52 4.00629 0.00012574 7.02493 0.217127 -6.42382e-07 0.200181 0.893526 1.08563 0.0856344 -2.45767 0.866023 
11 32000 52 4.01886 0.00012574 7.02493 0.217132 1.09706e-07 0.20018 0.893547 1.08566 0.0856597 -2.45737 0.868754 
11 32100 52 4.03144 0.00012574 7.02493 0.217147 1.70505e-06 0.200181 0.893611 1.08574 0.0857369 -2.45647 0.871485 
11 32200 52 4.04401 0.00012574 7.02493 0.217161 -3.32337e-07 0.200181 0.893669 1.08581 0.0858074 -2.45565 0.874213 
11 32300 52 4.05658 0.00012574 7.02493 0.21716 1.92923e-07 0.200181 0.893662 1.0858 0.0857993 -2.45574 0.87694 
11 32400 52 4.06916 0.00012574 7.02493 0.217186 6.78836e-08 0.200181 0.893769 1.08593 0.0859299 -2.45422 0.879669 
11 32500 53 4.08163 0.00012574 7.02493 0.21718 1.70026e-07 0.200182 0.893746 1.0859 0.0859014 -2.45456 0.882402 
11 32600 53 4.09421 0.00012574 7.02493 0.2172 -2.90347e-07 0.200183 0.893826 1.086 0.0859988 -2.45342 0.885133 
11 32700 53 4.10678 0.00012574 7.02493 0.217196 1.89743e-08 0.200182 0.893809 1.08598 0.0859784 -2.45366 0.88787 
11 32800 53 4.11936 0.00012574 7.02493 0.217199 -1.86716e-08 0.200183 0.893825 1.086 0.0859971 -2.45344 0.8906 
11 32900 53 4.13193 0.00012574 7.02493 0.217226 -1.27096e-07 0.200184 0.893935 1.08613 0.0861314 -2.45188 0.893327 
11 33000 53 4.1445 0.00012574 7.02493 0.217239 3.6973e-07 0.200184 0.893987 1.08619 0.0861942 -2.45115 0.89606 
11 33100 53 4.15708 0.00012574 7.02493 0.217249 2.97087e-07 0.200184 0.894028 1.08624 0.0862443 -2.45057 0.898792 
11 33200 54 4.16956 0.00012574 7.02493 0.217251 8.42471e-08 0.200182 0.894037 1.08625 0.0862544 -2.45045 0.901528 
11 33300 54 4.18213 0.00012574 7.02493 0.217256 3.87153e-08 0.200182 0.894058 1.08628 0.0862804 -2.45015 0.904255 
11 33400 54 4.1947 0.00012574 7.02493 0.217259 3.69271e-08 0.200182 0.894072 1.0863 0.0862969 -2.44996 0.906984 
11 33500 54 4.20728 0.00012574 7.02493 0.21727 1.09239e-07 0.200181 0.894113 1.08635 0.0863475 -2.44938 0.909715 
11 33600 54 4.21985 0.00012574 7.02493 0.217274 -6.59493e-08 0.200182 0.894131 1.08637 0.0863691 -2.44913 0.912447 
11 33700 54 4.23243 0.00012574 7.02493 0.217289 1.32338e-08 0.200182 0.894195 1.08645 0.0864467 -2.44823 0.91518 
11 33800 55 4.2449 0.00012574 7.02493 0.217303 -2.82325e-08 0.200182 0.894249 1.08651 0.0865126 -2.44747 0.917912 
11 33900 55 4.25748 0.00012574 7.02493 0.217301 6.02549e-08 0.200182 0.894241 1.0865 0.0865031 -2.44757 0.920645 
11 34000 55 4.27005 0.00012574 7.02493 0.217322 7.97386e-08 0.200181 0.89433 1.08661 0.0866104 -2.44634 0.923378 
11 34100 55 4.28263 0.00012574 7.02493 0.217328 2.0882e-07 0.200181 0.894353 1.08664 0.0866385 -2.44601 0.926111 
11 34200 55 4.2952 0.00012574 7.02493 0.217336 1.10665e-07 0.200181 0.894387 1.08668 0.0866806 -2.44553 0.928845 
11 34300 55 4.30777 0.00012574 7.02493 0.217356 2.0559e-07 0.20018 0.894469 1.08678 0.0867804 -2.44437 0.931578 
11 34400 56 4.32025 0.00012574 7.02493 0.217355 1.9886e-07 0.200181 0.894467 1.08678 0.0867772 -2.44441 0.934312 
11 34500 56 4.33283 0.00012574 7.02493 0.217364 8.93895e-08 0.200181 0.8945 1.08682 0.0868178 -2.44394 0.937042 
11 34600 56 4.3454 0.00012574 7.02493 0.217372 7.53996e-08 0.200181 0.894533 1.08686 0.0868578 -2.44348 0.939776 
11 34700 56 4.35797 0.00012574 7.02493 0.217379 9.63431e-08 0.200181 0.894563 1.08689 0.0868935 -2.44307 0.942508 
11 34800 56 4.37055 0.00012574 7.02493 0.217392 2.5847e-07 0.200183 0.894617 1.08696 0.08696 -2.44231 0.94524 
11 34900 56 4.38312 0.00012574 7.02493 0.217398 1.93579e-07 0.200183 0.894642 1.08699 0.0869901 -2.44196 0.947973 
11 35000 56 4.3957 0.00012574 7.02493 0.217409 1.1091e-07 0.200183 0.894689 1.08705 0.0870475 -2.4413 0.950708 
11 35100 57 4.40817 0.00012574 7.02493 0.217427 -1.88859e-07 0.200184 0.894763 1.08714 0.0871373 -2.44027 0.953442 
11 35200 57 4.42075 0.00012574 7.02493 0.21743 5.14447e-08 0.200184 0.894772 1.08715 0.0871479 -2.44015 0.956176 
11 35300 57 4.43332 0.00012574 7.02493 0.217449 3.89878e-07 0.200184 0.894853 1.08725 0.0872469 -2.43901 0.958911 
11 35400 57 4.4459 0.00012574 7.02493 0.217451 2.17016e-07 0.200184 0.894861 1.08726 0.0872555 -2.43891 0.961644 
11 35500 57 4.45847 0.00012574 7.02493 0.217461 1.55256e-07 0.200182 0.894903 1.08731 0.0873071 -2.43832 0.964382 
11 35600 57 4.47104 0.00012574 7.02493 0.217466 7.45417e-08 0.200181 0.894922 1.08733 0.0873304 -2.43806 0.967116 
11 35700 58 4.48352 0.00012574 7.02493 0.217472 3.33997e-07 0.200182 0.894948 1.08736 0.0873623 -2.43769 0.96985 
11 35800 58 4.49609 0.00012574 7.02493 0.217479 3.77863e-06 0.200182 0.894974 1.08739 0.0873929 -2.43734 0.972582 
11 35900 58 4.50867 0.00012574 7.02493 0.217496 7.68537e-07 0.200181 0.895047 1.08748 0.0874825 -2.43632 0.975314 
11 36000 58 4.52124 0.00012574 7.02493 0.21751 4.26504e-07 0.200181 0.895102 1.08755 0.087549 -2.43556 0.978044 
11 36100 58 4.53382 0.00012574 7.02493 0.217521 2.18286e-07 0.200181 0.89515 1.08761 0.0876072 -2.43489 0.98078 
11 36200 58 4.54639 0.00012574 7.02493 0.217538 1.05663e-07 0.200181 0.895217 1.08769 0.0876884 -2.43397 0.983521 
11 36300 58 4.55896 0.00012574 7.02493 0.21754 6.69224e-08 0.20018 0.895228 1.0877 0.0877018 -2.43381 0.986257 
11 36400 59 4.57144 0.00012574 7.02493 0.217548 9.63041e-08 0.200181 0.895259 1.08774 0.0877394 -2.43338 0.98899 
11 36500 59 4.58402 0.00012574 7.02493 0.217557 7.71047e-08 0.200182 0.895295 1.08778 0.0877838 -2.43288 0.991727 
11 36600 59 4.59659 0.00012574 7.02493 0.217566 -8.91227e-07 0.200182 0.895333 1.08783 0.0878296 -2.43236 0.994466 
11 36700 59 4.60916 0.00012574 7.02493 0.217575 1.73167e-07 0.200181 0.895369 1.08787 0.0878739 -2.43185 0.997205 
11 36800 59 4.62174 0.00012574 7.02493 0.217577 1.74874e-06 0.200182 0.895378 1.08788 0.0878839 -2.43174 0.999938 
11 36900 59 4.63431 0.00012574 7.02493 0.217582 8.41048e-07 0.200182 0.895398 1.08791 0.0879089 -2.43145 1.00267 
11 37000 60 4.64679 0.00012574 7.02493 0.217602 3.02847e-07 0.200183 0.895483 1.08801 0.0880112 -2.43029 1.0054 
11 37100 60 4.65936 0.00012574 7.02493 0.21762 4.62848e-08 0.200183 0.895555 1.0881 0.0880988 -2.4293 1.00814 
11 37200 60 4.67194 0.00012574 7.02493 0.217636 2.63975e-07 0.200184 0.895623 1.08818 0.088182 -2.42835 1.01087 
11 37300 60 4.68451 0.00012574 7.02493 0.21764 1.18176e-07 0.200183 0.895638 1.0882 0.0882002 -2.42815 1.01361 
11 37400 60 4.69709 0.00012574 7.02493 0.217656 3.32673e-07 0.200184 0.895703 1.08828 0.0882796 -2.42725 1.01635 
11 37500 60 4.70966 0.00012574 7.02493 0.217662 -1.54358e-06 0.200185 0.895729 1.08831 0.0883107 -2.42689 1.01909 
11 37600 61 4.72214 0.00012574 7.02493 0.217675 -1.49568e-06 0.200185 0.895782 1.08838 0.0883755 -2.42616 1.02182 
11 37700 61 4.73471 0.00012574 7.02493 0.217667 -2.38611e-07 0.200184 0.89575 1.08834 0.0883364 -2.4266 1.02457 
11 37800 61 4.74729 0.00012574 7.02493 0.217679 -1.66151e-07 0.200183 0.895798 1.0884 0.0883951 -2.42594 1.02731 
11 37900 61 4.75986 0.00012574 7.02493 0.21768 -3.33276e-07 0.200183 0.895804 1.0884 0.0884021 -2.42586 1.03004 
11 38000 61 4.77243 0.00012574 7.02493 0.217692 2.42761e-08 0.200183 0.89585 1.08846 0.088458 -2.42523 1.03278 
11 38100 61 4.78501 0.00012574 7.02493 0.217713 5.39614e-08 0.200182 0.895939 1.08857 0.0885662 -2.42401 1.03551 
11 38200 61 4.79758 0.00012574 7.02493 0.217719 5.333e-08 0.200183 0.895963 1.0886 0.0885953 -2.42368 1.03824 
11 38300 62 4.81006 0.00012574 7.02493 0.217733 -9.02657e-09 0.200183 0.896022 1.08867 0.0886673 -2.42286 1.04098 
11 38400 62 4.82263 0.00012574 7.02493 0.217749 5.00641e-08 0.200183 0.896085 1.08874 0.0887434 -2.42201 1.04372 
11 38500 62 4.83521 0.00012574 7.02493 0.217757 5.29833e-09 0.200183 0.896119 1.08878 0.0887845 -2.42154 1.04646 
11 38600 62 4.84778 0.00012574 7.02493 0.217781 5.25295e-09 0.200182 0.89622 1.08891 0.0889069 -2.42017 1.0492 
11 38700 62 4.86036 0.00012574 7.02493 0.217781 -2.5809e-07 0.200182 0.896218 1.08891 0.0889053 -2.42018 1.05194 
11 38800 62 4.87293 0.00012574 7.02493 0.217779 -6.21243e-08 0.200183 0.89621 1.0889 0.0888953 -2.4203 1.05468 
11 38900 63 4.88541 0.00012574 7.02493 0.217782 2.93629e-07 0.200184 0.896224 1.08891 0.0889118 -2.42011 1.05742 
11 39000 63 4.89798 0.00012574 7.02493 0.217791 4.0421e-07 0.200184 0.896258 1.08895 0.088953 -2.41965 1.06016 
11 39100 63 4.91055 0.00012574 7.02493 0.217803 3.59778e-08 0.200185 0.896308 1.08901 0.089014 -2.41896 1.06289 
11 39200 63 4.92313 0.00012574 7.02493 0.217827 3.01949e-07 0.200184 0.896407 1.08913 0.0891349 -2.4176 1.06563 
11 39300 63 4.9357 0.00012574 7.02493 0.217835 -7.38061e-07 0.200185 0.896439 1.08917 0.0891732 -2.41718 1.06836 
11 39400 63 4.94828 0.00012574 7.02493 0.217844 -5.24922e-06 0.200186 0.896475 1.08922 0.0892177 -2.41668 1.0711 
11 39500 64 4.96075 0.00012574 7.02493 0.21786 -4.06299e-06 0.200185 0.896542 1.0893 0.0892982 -2.41577 1.07384 
11 39600 64 4.97333 0.00012574 7.02493 0.217863 -2.75515e-06 0.200185 0.896555 1.08931 0.0893143 -2.41559 1.07659 
11 39700 64 4.9859 0.00012574 7.02493 0.217889 -4.74666e-07 0.200186 0.896662 1.08944 0.0894438 -2.41415 1.07933 
11 39800 64 4.99848 0.00012574 7.02493 0.217888 -3.69677e-08 0.200186 0.896657 1.08944 0.0894377 -2.41421 1.08207 
11 39900 64 5.01105 0.00012574 7.02493 0.2179 -4.19547e-06 0.200186 0.89671 1.0895 0.0895021 -2.41349 1.08481 
11 40000 64 5.02362 0.00012574 7.02493 0.217907 -3.26234e-06 0.200185 0.896736 1.08953 0.0895337 -2.41314 1.08755 
11 40100 64 5.0362 0.00012574 7.02493 0.217897 -8.38688e-07 0.200184 0.896697 1.08949 0.0894874 -2.41366 1.09029 
11 40200 65 5.04868 0.00012574 7.02493 0.217925 -2.60677e-06 0.200184 0.896811 1.08962 0.089625 -2.41212 1.09303 
11 40300 65 5.06125 0.00012574 7.02493 0.217937 -8.89992e-07 0.200184 0.896859 1.08968 0.0896835 -2.41147 1.09576 
11 40400 65 5.07382 0.00012574 7.02493 0.217945 -1.12481e-07 0.200184 0.896891 1.08972 0.0897228 -2.41103 1.0985 
11 40500 65 5.0864 0.00012574 7.02493 0.217956 -1.99673e-08 0.200184 0.896939 1.08978 0.0897811 -2.41038 1.10124 
11 40600 65 5.09897 0.00012574 7.02493 0.217964 -5.37672e-07 0.200184 0.896973 1.08982 0.0898217 -2.40993 1.10398 
11 40700 65 5.11155 0.00012574 7.02493 0.217983 -1.86496e-06 0.200183 0.89705 1.08992 0.0899153 -2.40889 1.10672 
11 40800 66 5.12402 0.00012574 7.02493 0.21798 -8.30037e-07 0.200183 0.897035 1.0899 0.089898 -2.40908 1.10947 
11 40900 66 5.1366 0.00012574 7.02493 0.217993 -3.93054e-07 0.200183 0.897092 1.08997 0.0899665 -2.40832 1.11221 
11 41000 66 5.14917 0.00012574 7.02493 0.217996 1.94135e-07 0.200183 0.897105 1.08998 0.089982 -2.40815 1.11495 
11 41100 66 5.16175 0.00012574 7.02493 0.218004 9.44978e-07 0.200183 0.897137 1.09002 0.0900217 -2.4077 1.1177 
11 41200 66 5.17432 0.00012574 7.02493 0.218019 1.44518e-07 0.200184 0.897199 1.0901 0.0900964 -2.40687 1.12043 
11 41300 66 5.18689 0.00012574 7.02493 0.218034 5.56233e-08 0.200184 0.89726 1.09017 0.0901706 -2.40605 1.12318 
11 41400 66 5.19947 0.00012574 7.02493 0.218048 1.29445e-07 0.200185 0.897318 1.09024 0.0902413 -2.40527 1.12592 
11 41500 67 5.21195 0.00012574 7.02493 0.21806 2.07607e-07 0.200185 0.897368 1.0903 0.090302 -2.4046 1.12865 
11 41600 67 5.22452 0.00012574 7.02493 0.218065 9.59675e-07 0.200185 0.897387 1.09033 0.0903251 -2.40434 1.13139 
11 41700 67 5.23709 0.00012574 7.02493 0.218081 3.36799e-07 0.200185 0.897451 1.0904 0.0904035 -2.40347 1.13413 
11 41800 67 5.24967 0.00012574 7.02493 0.218091 2.80866e-06 0.200185 0.897493 1.09045 0.0904541 -2.40291 1.13688 
11 41900 67 5.26224 0.00012574 7.02493 0.21809 2.37994e-06 0.200185 0.897491 1.09045 0.0904511 -2.40295 1.13963 
11 42000 67 5.27482 0.00012574 7.02493 0.218105 9.53475e-07 0.200186 0.897551 1.09052 0.0905249 -2.40213 1.14237 
11 42100 68 5.28729 0.00012574 7.02493 0.218121 5.74027e-07 0.200186 0.897616 1.0906 0.0906033 -2.40126 1.14511 
11 42200 68 5.29987 0.00012574 7.02493 0.218117 1.81246e-07 0.200187 0.8976 1.09058 0.0905843 -2.40147 1.14785 
11 42300 68 5.31244 0.00012574 7.02493 0.218142 2.92159e-08 0.200186 0.897704 1.09071 0.0907101 -2.40009 1.15059 
11 42400 68 5.32502 0.00012574 7.02493 0.21815 -1.99406e-07 0.200184 0.897736 1.09075 0.0907497 -2.39965 1.15334 
11 42500 68 5.33759 0.00012574 7.02493 0.218161 1.00136e-07 0.200184 0.897781 1.0908 0.0908036 -2.39906 1.15608 
11 42600 68 5.35016 0.00012574 7.02493 0.218173 1.08974e-07 0.200184 0.897832 1.09087 0.0908657 -2.39837 1.15882 
11 42700 69 5.36264 0.00012574 7.02493 0.218181 1.91187e-07 0.200184 0.897864 1.0909 0.0909043 -2.39795 1.16156 
11 42800 69 5.37521 0.00012574 7.02493 0.218193 1.87265e-07 0.200184 0.897912 1.09096 0.0909632 -2.3973 1.1643 
11 42900 69 5.38779 0.00012574 7.02493 0.218193 3.5406e-08 0.200184 0.897914 1.09097 0.0909652 -2.39728 1.16705 
11 43000 69 5.40036 0.00012574 7.02493 0.21821 -6.21451e-08 0.200185 0.897985 1.09105 0.0910513 -2.39633 1.1698 
11 43100 69 5.41294 0.00012574 7.02493 0.218214 -9.83475e-08 0.200185 0.897999 1.09107 0.0910688 -2.39614 1.17254 
11 43200 69 5.42551 0.00012574 7.02493 0.218224 5.81408e-08 0.200184 0.898041 1.09112 0.0911203 -2.39557 1.17528 
11 43300 69 5.43808 0.00012574 7.02493 0.218223 3.80237e-08 0.200184 0.898036 1.09111 0.0911136 -2.39565 1.17803 
11 43400 70 5.45056 0.00012574 7.02493 0.218234 4.66444e-08 0.200184 0.898082 1.09117 0.0911702 -2.39503 1.18077 
11 43500 70 5.46314 0.00012574 7.02493 0.21825 5.35288e-08 0.200184 0.898147 1.09125 0.0912485 -2.39417 1.18352 
11 43600 70 5.47571 0.00012574 7.02493 0.218262 5.46571e-08 0.200184 0.898199 1.09131 0.0913121 -2.39347 1.18626 
11 43700 70 5.48828 0.00012574 7.02493 0.218276 5.32626e-08 0.200185 0.898253 1.09138 0.091378 -2.39275 1.189 
11 43800 70 5.50086 0.00012574 7.02493 0.218299 4.34029e-08 0.200184 0.89835 1.09149 0.0914948 -2.39147 1.19175 
11 43900 70 5.51343 0.00012574 7.02493 0.218308 -4.60684e-07 0.200185 0.898387 1.09154 0.0915396 -2.39098 1.19449 
11 44000 71 5.52591 0.00012574 7.02493 0.218316 -1.02577e-06 0.200186 0.898419 1.09158 0.0915787 -2.39056 1.19724 
11 44100 71 5.53848 0.00012574 7.02493 0.218319 -1.32094e-06 0.200187 0.89843 1.09159 0.0915929 -2.3904 1.19998 
11 44200 71 5.55106 0.00012574 7.02493 0.218331 -1.11046e-06 0.200185 0.898481 1.09165 0.0916539 -2.38974 1.20273 
11 44300 71 5.56363 0.00012574 7.02493 0.21834 -7.51517e-07 0.200186 0.89852 1.0917 0.0917013 -2.38922 1.20547 
11 44400 71 5.57621 0.00012574 7.02493 0.218353 -2.80059e-07 0.200186 0.898572 1.09176 0.0917649 -2.38853 1.20822 
11 44500 71 5.58878 0.00012574 7.02493 0.218365 1.70926e-07 0.200188 0.89862 1.09182 0.0918231 -2.38789 1.21097 
11 44600 72 5.60126 0.00012574 7.02493 0.218375 6.7397e-07 0.200186 0.898661 1.09187 0.091873 -2.38735 1.21371 
11 44700 72 5.61383 0.00012574 7.02493 0.218381 5.88595e-07 0.200184 0.898686 1.0919 0.0919031 -2.38702 1.21646 
11 44800 72 5.62641 0.00012574 7.02493 0.218401 3.17756e-07 0.200184 0.898768 1.092 0.0920033 -2.38593 1.2192 
11 44900 72 5.63898 0.00012574 7.02493 0.2184 -2.0218e-06 0.200185 0.898765 1.092 0.092 -2.38597 1.22195 
11 45000 72 5.65155 0.00012574 7.02493 0.218397 -1.81872e-06 0.200184 0.898752 1.09198 0.0919835 -2.38615 1.2247 
11 45100 72 5.66413 0.00012574 7.02493 0.218424 -1.09764e-06 0.200185 0.898866 1.09212 0.0921219 -2.38464 1.22744 
11 45200 72 5.6767 0.00012574 7.02493 0.218438 -6.24435e-07 0.200184 0.89892 1.09219 0.0921878 -2.38393 1.23019 
11 45300 73 5.68918 0.00012574 7.02493 0.21845 -1.13734e-08 0.200186 0.898969 1.09225 0.0922479 -2.38328 1.23293 
11 45400 73 5.70175 0.00012574 7.02493 0.218443 1.40973e-07 0.200184 0.898944 1.09222 0.0922167 -2.38361 1.23568 
11 45500 73 5.71433 0.00012574 7.02493 0.218447 2.20845e-06 0.200184 0.898958 1.09223 0.0922342 -2.38342 1.23843 
11 45600 73 5.7269 0.00012574 7.02493 0.218463 2.27658e-06 0.200185 0.899027 1.09232 0.0923175 -2.38252 1.24118 
11 45700 73 5.73948 0.00012574 7.02493 0.218476 -1.35726e-06 0.200184 0.899076 1.09238 0.0923779 -2.38187 1.24392 
11 45800 73 5.75205 0.00012574 7.02493 0.218495 -4.34835e-07 0.200184 0.899155 1.09247 0.0924736 -2.38083 1.24667 
11 45900 74 5.76453 0.00012574 7.02493 0.218508 1.39733e-07 0.200185 0.89921 1.09254 0.0925406 -2.38011 1.24942 
11 46000 74 5.7771 0.00012574 7.02493 0.218504 1.02934e-06 0.200184 0.899195 1.09252 0.0925222 -2.38031 1.25217 
11 46100 74 5.78967 0.00012574 7.02493 0.218528 -1.79482e-07 0.200185 0.899293 1.09264 0.0926413 -2.37902 1.25491 
11 46200 74 5.80225 0.00012574 7.02493 0.218527 6.42758e-07 0.200185 0.899287 1.09263 0.0926341 -2.3791 1.25766 
11 46300 74 5.81482 0.00012574 7.02493 0.218551 4.02985e-07 0.200185 0.899388 1.09276 0.0927559 -2.37778 1.2604 
11 46400 74 5.8274 0.00012574 7.02493 0.21857 2.17478e-07 0.200185 0.899463 1.09285 0.0928481 -2.37679 1.26315 
11 46500 74 5.83997 0.00012574 7.02493 0.218577 -1.47097e-07 0.200186 0.899494 1.09288 0.0928847 -2.3764 1.2659 
11 46600 75 5.85245 0.00012574 7.02493 0.218586 -5.77906e-07 0.200186 0.899533 1.09293 0.0929322 -2.37588 1.26865 
11 46700 75 5.86502 0.00012574 7.02493 0.218604 1.66257e-07 0.200187 0.899604 1.09302 0.093019 -2.37495 1.2714 
11 46800 75 5.8776 0.00012574 7.02493 0.218613 -9.96167e-08 0.200187 0.899642 1.09306 0.0930646 -2.37446 1.27415 
11 46900 75 5.89017 0.00012574 7.02493 0.218641 5.79315e-09 0.200186 0.899756 1.0932 0.0932035 -2.37297 1.2769 
11 47000 75 5.90274 0.00012574 7.02493 0.218626 8.29667e-07 0.200184 0.899697 1.09313 0.0931322 -2.37374 1.27965 
11 47100 75 5.91532 0.00012574 7.02493 0.218622 -3.03226e-06 0.200186 0.89968 1.09311 0.0931113 -2.37396 1.2824 
11 47200 76 5.9278 0.00012574 7.02493 0.218637 -1.27922e-06 0.200186 0.899742 1.09319 0.0931864 -2.37315 1.28515 
11 47300 76 5.94037 0.00012574 7.02493 0.218648 -7.03716e-07 0.200185 0.899786 1.09324 0.0932394 -2.37258 1.28789 
11 47400 76 5.95294 0.00012574 7.02493 0.218668 1.6283e-07 0.200187 0.899868 1.09334 0.0933392 -2.37151 1.29064 
11 47500 76 5.96552 0.00012574 7.02493 0.218672 2.71511e-07 0.200187 0.899884 1.09336 0.0933592 -2.3713 1.29339 
11 47600 76 5.97809 0.00012574 7.02493 0.218675 -2.67316e-07 0.200186 0.899898 1.09338 0.093376 -2.37112 1.29614 
11 47700 76 5.99067 0.00012574 7.02493 0.218684 1.54537e-07 0.200186 0.899932 1.09342 0.0934179 -2.37067 1.29889 
11 47800 77 6.00314 0.00012574 7.02493 0.21871 4.27723e-07 0.200186 0.900039 1.09355 0.0935478 -2.36928 1.30164 
11 47900 77 6.01572 0.00012574 7.02493 0.218724 1.31685e-07 0.200185 0.900099 1.09362 0.0936204 -2.36851 1.30439 
11 48000 77 6.02829 0.00012574 7.02493 0.218739 3.31822e-07 0.200186 0.900159 1.09369 0.093693 -2.36773 1.30714 
11 48100 77 6.04087 0.00012574 7.02493 0.218723 6.76057e-07 0.200186 0.900094 1.09361 0.0936146 -2.36857 1.3099 
11 48200 77 6.05344 0.00012574 7.02493 0.218753 -1.32669e-06 0.200185 0.900217 1.09376 0.0937633 -2.36698 1.31265 
11 48300 77 6.06601 0.00012574 7.02493 0.21875 -1.6708e-06 0.200186 0.900204 1.09375 0.0937476 -2.36715 1.3154 
11 48400 77 6.07859 0.00012574 7.02493 0.218769 1.18735e-06 0.200186 0.900285 1.09385 0.0938469 -2.36609 1.31814 
11 48500 78 6.09107 0.00012574 7.02493 0.218793 4.40601e-07 0.200187 0.900384 1.09397 0.093966 -2.36482 1.32089 
11 48600 78 6.10364 0.00012574 7.02493 0.218799 4.24682e-07 0.200188 0.900409 1.094 0.0939973 -2.36449 1.32364 
11 48700 78 6.11621 0.00012574 7.02493 0.21881 -5.49294e-07 0.200187 0.900452 1.09405 0.094049 -2.36394 1.32639 
11 48800 78 6.12879 0.00012574 7.02493 0.218832 4.42676e-07 0.200189 0.900545 1.09416 0.094162 -2.36274 1.32914 
11 48900 78 6.14136 0.00012574 7.02493 0.218823 4.42808e-07 0.200186 0.900508 1.09412 0.0941167 -2.36322 1.3319 
11 49000 78 6.15394 0.00012574 7.02493 0.218858 -1.26682e-06 0.200187 0.900651 1.09429 0.0942909 -2.36137 1.33465 
11 49100 79 6.16641 0.00012574 7.02493 0.218859 3.33187e-07 0.200188 0.900652 1.09429 0.0942926 -2.36135 1.3374 
11 49200 79 6.17899 0.00012574 7.02493 0.218872 7.03965e-08 0.200188 0.900708 1.09436 0.0943605 -2.36063 1.34016 
11 49300 79 6.19156 0.00012574 7.02493 0.218874 -1.26311e-07 0.200186 0.900715 1.09437 0.0943685 -2.36055 1.34291 
11 49400 79 6.20413 0.00012574 7.02493 0.218878 -5.88201e-08 0.200187 0.900731 1.09439 0.0943876 -2.36035 1.34567 
11 49500 79 6.21671 0.00012574 7.02493 0.218886 1.34016e-07 0.200187 0.900764 1.09443 0.094428 -2.35992 1.34841 
11 49600 79 6.22928 0.00012574 7.02493 0.218895 -4.71771e-07 0.200187 0.900801 1.09447 0.0944727 -2.35944 1.35116 
11 49700 80 6.24176 0.00012574 7.02493 0.218895 5.26945e-06 0.200187 0.900802 1.09447 0.0944745 -2.35943 1.35391 
11 49800 80 6.25433 0.00012574 7.02493 0.218919 1.63985e-06 0.200187 0.900901 1.0946 0.0945951 -2.35815 1.35666 
11 49900 80 6.26691 0.00012574 7.02493 0.218942 4.35224e-07 0.200187 0.900996 1.09471 0.0947107 -2.35693 1.35941 
11 50000 80 6.27948 0.00012574 7.02493 0.218949 2.66089e-07 0.200186 0.901024 1.09474 0.0947442 -2.35657 1.36217 
11 50100 80 6.29206 0.00012574 7.02493 0.218964 2.02129e-06 0.200185 0.901088 1.09482 0.0948216 -2.35576 1.36493 
11 50200 80 6.30463 0.00012574 7.02493 0.218958 2.02813e-06 0.200186 0.90106 1.09479 0.0947876 -2.35612 1.36768 
11 50300 80 6.3172 0.00012574 7.02493 0.218973 2.01941e-06 0.200185 0.901122 1.09486 0.0948629 -2.35532 1.37044 
11 50400 81 6.32968 0.00012574 7.02493 0.218986 2.80467e-06 0.200185 0.901176 1.09493 0.0949289 -2.35463 1.37319 
11 50500 81 6.34226 0.00012574 7.02493 0.219 -2.58816e-06 0.200184 0.901236 1.095 0.0950018 -2.35386 1.37594 
11 50600 81 6.35483 0.00012574 7.02493 0.219006 -4.1283e-06 0.200186 0.90126 1.09503 0.0950315 -2.35355 1.3787 
11 50700 81 6.3674 0.00012574 7.02493 0.219021 -3.32592e-06 0.200186 0.901321 1.0951 0.0951046 -2.35278 1.38144 
11 50800 81 6.37998 0.00012574 7.02493 0.219028 -1.939e-06 0.200186 0.901348 1.09514 0.0951378 -2.35243 1.3842 
11 50900 81 6.39255 0.00012574 7.02493 0.219052 -1.27555e-06 0.200187 0.90145 1.09526 0.0952612 -2.35113 1.38695 
11 51000 82 6.40503 0.00012574 7.02493 0.219063 3.65042e-07 0.200187 0.901492 1.09531 0.0953133 -2.35059 1.3897 
11 51100 82 6.4176 0.00012574 7.02493 0.219084 -2.18171e-06 0.200187 0.901579 1.09542 0.0954183 -2.34949 1.39246 
11 51200 82 6.43018 0.00012574 7.02493 0.219085 -6.58646e-06 0.200187 0.901583 1.09542 0.0954232 -2.34943 1.39522 
11 51300 82 6.44275 0.00012574 7.02493 0.21909 -1.8061e-07 0.200189 0.901604 1.09545 0.0954493 -2.34916 1.39797 
11 51400 82 6.45533 0.00012574 7.02493 0.219111 -1.9966e-07 0.200189 0.90169 1.09555 0.0955532 -2.34807 1.40073 
11 51500 82 6.4679 0.00012574 7.02493 0.219116 3.36405e-08 0.200189 0.901712 1.09558 0.0955806 -2.34779 1.40349 
11 51600 83 6.48038 0.00012574 7.02493 0.219122 4.95808e-06 0.200186 0.901738 1.09561 0.0956118 -2.34746 1.40624 
11 51700 83 6.49295 0.00012574 7.02493 0.219118 -2.66672e-06 0.200187 0.901721 1.09559 0.0955913 -2.34767 1.40899 
11 51800 83 6.50553 0.00012574 7.02493 0.219125 -5.43145e-07 0.200187 0.901748 1.09562 0.095624 -2.34733 1.41175 
11 51900 83 6.5181 0.00012574 7.02493 0.219144 -3.17787e-07 0.200187 0.901827 1.09572 0.0957195 -2.34633 1.4145 
11 52000 83 6.53067 0.00012574 7.02493 0.219162 4.64036e-07 0.200187 0.901901 1.09581 0.0958101 -2.34539 1.41725 
11 52100 83 6.54325 0.00012574 7.02493 0.219183 7.51413e-08 0.200186 0.90199 1.09592 0.0959173 -2.34427 1.42001 
11 52200 83 6.55582 0.00012574 7.02493 0.219197 -3.25371e-06 0.200186 0.902044 1.09598 0.0959832 -2.34358 1.42276 
11 52300 84 6.5683 0.00012574 7.02493 0.219191 -3.18409e-06 0.200187 0.90202 1.09595 0.0959549 -2.34388 1.42553 
11 52400 84 6.58087 0.00012574 7.02493 0.2192 -2.2983e-06 0.200186 0.902058 1.096 0.0960008 -2.3434 1.42829 
11 52500 84 6.59345 0.00012574 7.02493 0.219214 -1.88279e-06 0.200186 0.902114 1.09607 0.0960687 -2.34269 1.43104 
11 52600 84 6.60602 0.00012574 7.02493 0.219234 -7.34243e-07 0.200186 0.902198 1.09617 0.09617 -2.34164 1.4338 
11 52700 84 6.61859 0.00012574 7.02493 0.219234 -1.48833e-06 0.200185 0.902196 1.09617 0.0961685 -2.34165 1.43656 
11 52800 84 6.63117 0.00012574 7.02493 0.219239 -3.60057e-06 0.200184 0.90222 1.0962 0.0961974 -2.34135 1.43931 
11 52900 85 6.64365 0.00012574 7.02493 0.219235 5.90162e-07 0.200185 0.902204 1.09618 0.0961775 -2.34156 1.44207 
11 53000 85 6.65622 0.00012574 7.02493 0.219271 5.9611e-07 0.200186 0.902349 1.09635 0.096354 -2.33973 1.44482 
11 53100 85 6.66879 0.00012574 7.02493 0.219291 2.90764e-07 0.200187 0.902433 1.09646 0.0964558 -2.33867 1.44758 
11 53200 85 6.68137 0.00012574 7.02493 0.219331 -2.06886e-08 0.200189 0.902597 1.09666 0.0966557 -2.3366 1.45033 
11 53300 85 6.69394 0.00012574 7.02493 0.219341 6.40693e-07 0.200191 0.902639 1.09671 0.0967064 -2.33608 1.45309 
11 53400 85 6.70652 0.00012574 7.02493 0.219345 9.8419e-07 0.20019 0.902654 1.09673 0.0967251 -2.33588 1.45585 
11 53500 85 6.71909 0.00012574 7.02493 0.219335 5.87109e-07 0.200188 0.902611 1.09667 0.0966726 -2.33643 1.45861 
11 53600 86 6.73157 0.00012574 7.02493 0.219341 4.41293e-07 0.200188 0.902638 1.09671 0.0967051 -2.33609 1.46137 
11 53700 86 6.74414 0.00012574 7.02493 0.219359 1.36079e-06 0.200188 0.902712 1.0968 0.0967953 -2.33516 1.46413 
11 53800 86 6.75672 0.00012574 7.02493 0.219367 1.0581e-06 0.200189 0.902743 1.09683 0.0968328 -2.33477 1.46689 
11 53900 86 6.76929 0.00012574 7.02493 0.21937 -5.45318e-08 0.200186 0.902759 1.09685 0.0968521 -2.33457 1.46965 
11 54000 86 6.78186 0.00012574 7.02493 0.219373 -2.02382e-07 0.200186 0.902771 1.09687 0.0968665 -2.33442 1.4724 
11 54100 86 6.79444 0.00012574 7.02493 0.219389 1.9148e-07 0.200186 0.902836 1.09695 0.0969458 -2.3336 1.47516 
11 54200 87 6.80692 0.00012574 7.02493 0.219413 1.66787e-07 0.200186 0.902935 1.09707 0.0970664 -2.33236 1.47792 
11 54300 87 6.81949 0.00012574 7.02493 0.219428 2.26043e-07 0.200185 0.902994 1.09714 0.0971382 -2.33162 1.48067 
11 54400 87 6.83206 0.00012574 7.02493 0.219418 -5.4174e-07 0.200186 0.902956 1.09709 0.0970918 -2.3321 1.48343 
11 54500 87 6.84464 0.00012574 7.02493 0.219414 -2.28518e-06 0.200187 0.902936 1.09707 0.0970676 -2.33235 1.48619 
11 54600 87 6.85721 0.00012574 7.02493 0.21944 -1.29214e-06 0.200186 0.903045 1.0972 0.0972002 -2.33098 1.48895 
11 54700 87 6.86979 0.00012574 7.02493 0.219463 -6.16347e-07 0.200186 0.903139 1.09731 0.0973141 -2.32981 1.49171 
11 54800 88 6.88226 0.00012574 7.02493 0.219468 2.38637e-07 0.200185 0.90316 1.09734 0.0973394 -2.32955 1.49447 
11 54900 88 6.89484 0.00012574 7.02493 0.219486 -1.85677e-07 0.200185 0.903234 1.09743 0.0974296 -2.32863 1.49723 
11 55000 88 6.90741 0.00012574 7.02493 0.219483 2.64599e-07 0.200185 0.903221 1.09741 0.0974132 -2.32879 1.49999 
11 55100 88 6.91999 0.00012574 7.02493 0.219499 2.38448e-08 0.200184 0.90329 1.0975 0.0974974 -2.32793 1.50275 
11 55200 88 6.93256 0.00012574 7.02493 0.219514 2.49269e-07 0.200185 0.903349 1.09757 0.0975688 -2.3272 1.50551 
