11 0 1 0 2.35239e-05 7.02493 0.22101 0 0.200023 0.909508 1.10505 0.105052 -2.2533 7.50531e-07 
11 100 2 0.00466949 4.70477e-05 7.02493 0.215541 -1.66507e-09 0.202127 0.886999 1.0777 0.0777038 -2.55485 0.00101689 
11 200 2 0.00937426 4.70477e-05 7.02493 0.214904 -7.67557e-08 0.202716 0.88438 1.07452 0.074522 -2.59666 0.00202979 
11 300 2 0.014079 4.70477e-05 7.02493 0.214805 4.50961e-07 0.202799 0.883972 1.07403 0.0740256 -2.60334 0.00304037 
11 400 2 0.0187838 4.70477e-05 7.02493 0.214804 6.53075e-07 0.202741 0.883965 1.07402 0.0740179 -2.60345 0.00404954 
11 500 2 0.0234886 4.70477e-05 7.02493 0.214824 4.13657e-07 0.202656 0.884048 1.07412 0.0741187 -2.60209 0.00505788 
11 600 2 0.0281933 4.70477e-05 7.02493 0.214857 2.88249e-07 0.202568 0.884185 1.07428 0.0742842 -2.59986 0.00606922 
11 700 2 0.0328981 4.70477e-05 7.02493 0.214893 1.52771e-07 0.202478 0.884332 1.07446 0.0744631 -2.59745 0.00708207 
11 800 2 0.0376029 4.70477e-05 7.02493 0.214922 2.14406e-07 0.202386 0.884451 1.07461 0.0746078 -2.59551 0.00809516 
11 900 2 0.0423077 4.70477e-05 7.02493 0.214947 2.93868e-08 0.2023 0.884555 1.07473 0.0747338 -2.59382 0.00910693 
11 1000 2 0.0470124 4.70477e-05 7.02493 0.214974 1.2043e-08 0.20222 0.884668 1.07487 0.0748717 -2.59198 0.0101178 
11 1100 2 0.0517172 4.70477e-05 7.02493 0.215002 1.06029e-08 0.202141 0.884783 1.07501 0.0750114 -2.59012 0.011128 
11 1200 2 0.056422 4.70477e-05 7.02493 0.215031 1.75649e-06 0.202062 0.884899 1.07515 0.0751527 -2.58823 0.0121376 
11 1300 2 0.0611267 4.70477e-05 7.02493 0.215051 -7.29885e-08 0.201987 0.884984 1.07526 0.0752561 -2.58686 0.0131471 
11 1400 2 0.0658315 4.70477e-05 7.02493 0.215073 -2.09792e-08 0.201916 0.885073 1.07536 0.075364 -2.58542 0.0141588 
11 1500 2 0.0705363 4.70477e-05 7.02493 0.215097 -3.32803e-08 0.201847 0.885174 1.07549 0.0754868 -2.5838 0.015172 
11 1600 2 0.0752411 4.70477e-05 7.02493 0.215116 7.79619e-08 0.20178 0.885252 1.07558 0.0755817 -2.58254 0.0161855 
11 1700 2 0.0799458 4.70477e-05 7.02493 0.21513 -1.19725e-08 0.201714 0.885307 1.07565 0.0756477 -2.58167 0.0171987 
11 1800 3 0.0846107 4.70477e-05 7.02493 0.21515 -2.72468e-08 0.201653 0.885391 1.07575 0.0757505 -2.58031 0.0182114 
11 1900 3 0.0893154 4.70477e-05 7.02493 0.215166 -7.66715e-08 0.201593 0.885457 1.07583 0.0758303 -2.57926 0.0192235 
11 2000 3 0.0940202 4.70477e-05 7.02493 0.215185 -4.74271e-07 0.201537 0.885534 1.07592 0.0759237 -2.57803 0.020235 
11 2100 3 0.098725 4.70477e-05 7.02493 0.215201 -4.32811e-07 0.201484 0.885599 1.076 0.0760028 -2.57698 0.0212459 
11 2200 3 0.10343 4.70477e-05 7.02493 0.215216 -1.25566e-07 0.201429 0.885661 1.07608 0.0760775 -2.576 0.0222574 
11 2300 3 0.108135 4.70477e-05 7.02493 0.215227 -1.2802e-07 0.201379 0.885708 1.07613 0.0761349 -2.57525 0.0232707 
11 2400 3 0.112839 4.70477e-05 7.02493 0.215243 6.17325e-09 0.201332 0.885774 1.07621 0.076215 -2.5742 0.0242846 
11 2500 3 0.117544 4.70477e-05 7.02493 0.215252 -5.37899e-07 0.201287 0.88581 1.07626 0.0762596 -2.57361 0.0252982 
11 2600 3 0.122249 4.70477e-05 7.02493 0.215266 4.93515e-07 0.201243 0.88587 1.07633 0.0763315 -2.57267 0.0263118 
11 2700 3 0.126954 4.70477e-05 7.02493 0.215276 2.18914e-07 0.201202 0.885908 1.07638 0.0763785 -2.57205 0.0273251 
11 2800 3 0.131658 4.70477e-05 7.02493 0.215287 9.06751e-08 0.201163 0.885954 1.07643 0.0764336 -2.57133 0.0283378 
11 2900 3 0.136363 4.70477e-05 7.02493 0.215304 7.90481e-08 0.201128 0.886023 1.07652 0.0765176 -2.57024 0.0293497 
11 3000 3 0.141068 4.70477e-05 7.02493 0.215317 1.15881e-07 0.201093 0.88608 1.07659 0.0765866 -2.56933 0.0303608 
11 3100 3 0.145773 4.70477e-05 7.02493 0.215327 9.61935e-08 0.201061 0.886118 1.07663 0.0766337 -2.56872 0.0313728 
11 3200 3 0.150477 4.70477e-05 7.02493 0.215335 2.55653e-08 0.20103 0.886151 1.07667 0.0766739 -2.56819 0.0323857 
11 3300 3 0.155182 4.70477e-05 7.02493 0.215343 2.8538e-08 0.201 0.886185 1.07671 0.0767147 -2.56766 0.033399 
11 3400 3 0.159887 4.70477e-05 7.02493 0.215351 2.72121e-08 0.200971 0.886217 1.07675 0.076754 -2.56715 0.0344123 
11 3500 4 0.164564 4.70477e-05 7.02493 0.215353 -1.32942e-08 0.200943 0.886227 1.07677 0.0767664 -2.56699 0.0354255 
11 3600 4 0.169268 4.70477e-05 7.02493 0.215366 -1.33713e-07 0.200919 0.886278 1.07683 0.0768278 -2.56619 0.0364385 
11 3700 4 0.173973 4.70477e-05 7.02493 0.215363 -1.19531e-07 0.200893 0.886269 1.07682 0.0768165 -2.56634 0.0374512 
11 3800 4 0.178678 4.70477e-05 7.02493 0.215367 -6.89116e-08 0.200869 0.886284 1.07683 0.0768346 -2.5661 0.0384633 
11 3900 4 0.183383 4.70477e-05 7.02493 0.215361 -1.23071e-07 0.200846 0.886259 1.0768 0.0768045 -2.56649 0.0394752 
11 4000 4 0.188087 4.70477e-05 7.02493 0.215365 -4.65078e-07 0.200827 0.886277 1.07683 0.0768268 -2.5662 0.0404871 
11 4100 4 0.192792 4.70477e-05 7.02493 0.215372 -1.00189e-07 0.200809 0.886305 1.07686 0.0768609 -2.56576 0.0415003 
11 4200 4 0.197497 4.70477e-05 7.02493 0.215378 3.69442e-08 0.20079 0.88633 1.07689 0.0768914 -2.56536 0.0425139 
11 4300 4 0.202202 4.70477e-05 7.02493 0.215383 3.36856e-08 0.200771 0.886351 1.07692 0.0769165 -2.56503 0.0435277 
11 4400 4 0.206907 4.70477e-05 7.02493 0.215377 3.55712e-08 0.200753 0.886327 1.07689 0.0768869 -2.56542 0.0445411 
11 4500 4 0.211611 4.70477e-05 7.02493 0.215375 1.43208e-08 0.200738 0.886316 1.07687 0.0768733 -2.5656 0.0455549 
11 4600 4 0.216316 4.70477e-05 7.02493 0.215387 -1.88125e-07 0.200722 0.886365 1.07693 0.0769331 -2.56482 0.0465683 
11 4700 4 0.221021 4.70477e-05 7.02493 0.215385 -1.44026e-07 0.200708 0.88636 1.07693 0.0769274 -2.56489 0.0475816 
11 4800 4 0.225726 4.70477e-05 7.02493 0.215391 -6.57801e-08 0.200694 0.886382 1.07695 0.0769541 -2.56455 0.0485942 
11 4900 4 0.23043 4.70477e-05 7.02493 0.215385 -4.20962e-06 0.200681 0.88636 1.07693 0.0769274 -2.56489 0.0496072 
11 5000 4 0.235135 4.70477e-05 7.02493 0.215388 -8.83922e-06 0.200668 0.886372 1.07694 0.0769425 -2.5647 0.050621 
11 5100 4 0.23984 4.70477e-05 7.02493 0.215391 -4.81099e-06 0.200656 0.886383 1.07696 0.0769556 -2.56453 0.051635 
11 5200 5 0.244517 4.70477e-05 7.02493 0.215397 -2.35234e-06 0.200645 0.886409 1.07699 0.0769874 -2.56411 0.052649 
11 5300 5 0.249221 4.70477e-05 7.02493 0.215399 -1.23302e-06 0.200633 0.886415 1.07699 0.0769946 -2.56402 0.0536631 
11 5400 5 0.253926 4.70477e-05 7.02493 0.215396 -7.4194e-07 0.200621 0.886403 1.07698 0.0769796 -2.56421 0.0546769 
11 5500 5 0.258631 4.70477e-05 7.02493 0.215392 -3.17562e-07 0.20061 0.886387 1.07696 0.0769606 -2.56446 0.0556903 
11 5600 5 0.263336 4.70477e-05 7.02493 0.215392 -2.12477e-07 0.200599 0.886388 1.07696 0.0769613 -2.56445 0.0567033 
11 5700 5 0.26804 4.70477e-05 7.02493 0.215387 2.5253e-08 0.200588 0.886366 1.07693 0.0769343 -2.5648 0.057715 
11 5800 5 0.272745 4.70477e-05 7.02493 0.215388 2.29574e-07 0.200578 0.886371 1.07694 0.0769408 -2.56472 0.0587286 
11 5900 5 0.27745 4.70477e-05 7.02493 0.215381 6.63251e-08 0.200569 0.886343 1.07691 0.0769064 -2.56517 0.059741 
11 6000 5 0.282155 4.70477e-05 7.02493 0.215372 1.06338e-06 0.200558 0.886305 1.07686 0.0768603 -2.56577 0.0607539 
11 6100 5 0.28686 4.70477e-05 7.02493 0.215362 2.98677e-07 0.20055 0.886263 1.07681 0.0768098 -2.56642 0.0617671 
11 6200 5 0.291564 4.70477e-05 7.02493 0.21536 1.22797e-06 0.200542 0.886256 1.0768 0.0768012 -2.56653 0.0627803 
11 6300 5 0.296269 4.70477e-05 7.02493 0.215356 -8.37466e-08 0.200532 0.886241 1.07678 0.0767823 -2.56678 0.0637933 
11 6400 5 0.300974 4.70477e-05 7.02493 0.215353 3.02119e-07 0.200524 0.886225 1.07676 0.0767637 -2.56702 0.0648064 
11 6500 5 0.305679 4.70477e-05 7.02493 0.215367 3.72601e-07 0.200517 0.886285 1.07684 0.0768365 -2.56607 0.0658193 
11 6600 5 0.310383 4.70477e-05 7.02493 0.215353 1.03172e-05 0.200508 0.886227 1.07677 0.0767655 -2.567 0.0668325 
11 6700 5 0.315088 4.70477e-05 7.02493 0.215348 1.39268e-05 0.200502 0.886206 1.07674 0.0767407 -2.56732 0.0678449 
11 6800 5 0.319793 4.70477e-05 7.02493 0.215351 1.92111e-05 0.200495 0.886217 1.07675 0.0767542 -2.56715 0.0688572 
11 6900 6 0.32447 4.70477e-05 7.02493 0.215335 1.52423e-05 0.200489 0.886151 1.07667 0.0766729 -2.56821 0.0698698 
11 7000 6 0.329174 4.70477e-05 7.02493 0.215336 7.14523e-06 0.200483 0.886155 1.07668 0.0766779 -2.56814 0.0708831 
11 7100 6 0.333879 4.70477e-05 7.02493 0.215334 1.30492e-06 0.200475 0.886149 1.07667 0.0766714 -2.56823 0.071897 
11 7200 6 0.338584 4.70477e-05 7.02493 0.215318 -5.68553e-06 0.200469 0.886082 1.07659 0.0765901 -2.56929 0.0729107 
11 7300 6 0.343289 4.70477e-05 7.02493 0.215333 -1.47838e-05 0.200463 0.886143 1.07666 0.0766639 -2.56832 0.0739242 
11 7400 6 0.347993 4.70477e-05 7.02493 0.215322 -3.68863e-05 0.200455 0.886097 1.07661 0.0766084 -2.56905 0.074938 
11 7500 6 0.352698 4.70477e-05 7.02493 0.215315 -4.02196e-05 0.20045 0.886069 1.07657 0.076574 -2.5695 0.0759508 
11 7600 6 0.357403 4.70477e-05 7.02493 0.215313 -1.7625e-05 0.200443 0.886061 1.07656 0.0765641 -2.56963 0.0769645 
11 7700 6 0.362108 4.70477e-05 7.02493 0.215312 -6.70783e-06 0.200437 0.886056 1.07656 0.0765582 -2.5697 0.0779772 
11 7800 6 0.366812 4.70477e-05 7.02493 0.215284 -6.01281e-06 0.200432 0.885942 1.07642 0.0764192 -2.57152 0.07899 
11 7900 6 0.371517 4.70477e-05 7.02493 0.215277 -7.8377e-06 0.200427 0.885912 1.07638 0.0763827 -2.572 0.080002 
11 8000 6 0.376222 4.70477e-05 7.02493 0.215271 -5.72293e-06 0.200421 0.885889 1.07636 0.0763551 -2.57236 0.0810139 
11 8100 6 0.380927 4.70477e-05 7.02493 0.215251 -6.28593e-06 0.200416 0.885808 1.07626 0.0762569 -2.57365 0.0820261 
11 8200 6 0.385632 4.70477e-05 7.02493 0.215255 -3.26848e-06 0.20041 0.885823 1.07627 0.0762748 -2.57341 0.08304 
11 8300 6 0.390336 4.70477e-05 7.02493 0.215249 -2.39222e-06 0.200407 0.885798 1.07624 0.0762442 -2.57381 0.084052 
11 8400 6 0.395041 4.70477e-05 7.02493 0.215235 -1.78613e-06 0.200402 0.885742 1.07618 0.0761768 -2.5747 0.0850648 
11 8500 6 0.399746 4.70477e-05 7.02493 0.215222 -7.03925e-07 0.200398 0.885685 1.07611 0.0761075 -2.57561 0.0860763 
11 8600 7 0.404422 4.70477e-05 7.02493 0.215229 -3.14218e-06 0.200392 0.885714 1.07614 0.0761428 -2.57514 0.0870874 
11 8700 7 0.409127 4.70477e-05 7.02493 0.215231 -8.42959e-08 0.200389 0.885726 1.07616 0.0761572 -2.57496 0.0881008 
11 8800 7 0.413832 4.70477e-05 7.02493 0.215227 -1.17496e-07 0.200383 0.885709 1.07614 0.0761369 -2.57522 0.0891139 
11 8900 7 0.418537 4.70477e-05 7.02493 0.215219 -3.25828e-06 0.200381 0.885674 1.07609 0.0760941 -2.57579 0.0901262 
11 9000 7 0.423242 4.70477e-05 7.02493 0.215213 -1.32524e-06 0.200377 0.88565 1.07606 0.0760648 -2.57617 0.0911382 
11 9100 7 0.427946 4.70477e-05 7.02493 0.215231 7.03809e-06 0.200374 0.885724 1.07615 0.0761546 -2.57499 0.0921509 
11 9200 7 0.432651 4.70477e-05 7.02493 0.215224 1.33713e-05 0.20037 0.885695 1.07612 0.0761191 -2.57546 0.0931648 
11 9300 7 0.437356 4.70477e-05 7.02493 0.215218 2.03287e-05 0.200366 0.88567 1.07609 0.0760891 -2.57585 0.0941782 
11 9400 7 0.442061 4.70477e-05 7.02493 0.215191 1.79385e-05 0.200361 0.885561 1.07596 0.0759563 -2.5776 0.0951878 
11 9500 7 0.446765 4.70477e-05 7.02493 0.215168 3.21288e-06 0.200357 0.885464 1.07584 0.0758382 -2.57915 0.0962043 
11 9600 7 0.45147 4.70477e-05 7.02493 0.215163 4.07696e-06 0.200354 0.885446 1.07582 0.0758165 -2.57944 0.09722 
11 9700 7 0.456175 4.70477e-05 7.02493 0.215155 5.99665e-06 0.200351 0.885411 1.07577 0.0757741 -2.58 0.0982339 
11 9800 7 0.46088 4.70477e-05 7.02493 0.215168 -4.47992e-06 0.200347 0.885465 1.07584 0.0758401 -2.57913 0.099247 
11 9900 7 0.465585 4.70477e-05 7.02493 0.215161 1.69145e-06 0.200344 0.885437 1.07581 0.0758065 -2.57957 0.10026 
11 10000 7 0.470289 4.70477e-05 7.02493 0.215155 5.88922e-06 0.20034 0.885413 1.07578 0.0757762 -2.57997 0.101265 
11 10100 7 0.474994 4.70477e-05 7.02493 0.215127 4.47026e-06 0.200338 0.885298 1.07564 0.0756365 -2.58182 0.102275 
11 10200 7 0.479699 4.70477e-05 7.02493 0.215122 -6.23179e-06 0.200334 0.885277 1.07561 0.0756113 -2.58215 0.103285 
11 10300 8 0.484375 4.70477e-05 7.02493 0.215101 -4.93545e-06 0.200333 0.885189 1.0755 0.0755042 -2.58357 0.104297 
11 10400 8 0.48908 4.70477e-05 7.02493 0.215096 -8.11388e-06 0.200329 0.88517 1.07548 0.0754816 -2.58387 0.105308 
11 10500 8 0.493785 4.70477e-05 7.02493 0.215085 3.06839e-06 0.200325 0.885124 1.07543 0.0754255 -2.58461 0.106329 
11 10600 8 0.49849 4.70477e-05 7.02493 0.215076 1.31583e-05 0.200323 0.885088 1.07538 0.0753822 -2.58518 0.107333 
11 10700 8 0.503195 4.70477e-05 7.02493 0.21506 1.09743e-05 0.20032 0.885022 1.0753 0.0753013 -2.58626 0.108352 
11 10800 8 0.507899 4.70477e-05 7.02493 0.215061 2.02045e-05 0.200319 0.885026 1.07531 0.0753067 -2.58619 0.109363 
11 10900 8 0.512604 4.70477e-05 7.02493 0.215067 2.57822e-05 0.200317 0.885049 1.07533 0.0753345 -2.58582 0.110375 
11 11000 8 0.517309 4.70477e-05 7.02493 0.215066 2.07911e-05 0.200313 0.885045 1.07533 0.0753297 -2.58588 0.111383 
11 11100 8 0.522014 4.70477e-05 7.02493 0.21506 2.83934e-05 0.200311 0.885019 1.0753 0.0752983 -2.5863 0.112395 
11 11200 8 0.526718 4.70477e-05 7.02493 0.21508 2.73471e-05 0.200309 0.885104 1.0754 0.0754015 -2.58493 0.113407 
11 11300 8 0.531423 4.70477e-05 7.02493 0.215054 2.30884e-05 0.200307 0.884997 1.07527 0.0752712 -2.58666 0.114417 
11 11400 8 0.536128 4.70477e-05 7.02493 0.215057 8.11781e-06 0.200304 0.885007 1.07528 0.075283 -2.5865 0.115429 
11 11500 8 0.540833 4.70477e-05 7.02493 0.215073 -9.72011e-06 0.200303 0.885074 1.07537 0.0753653 -2.58541 0.116442 
11 11600 8 0.545537 4.70477e-05 7.02493 0.215053 -2.4629e-05 0.200302 0.884991 1.07526 0.0752644 -2.58675 0.117455 
11 11700 8 0.550242 4.70477e-05 7.02493 0.215061 -2.67779e-06 0.200299 0.885027 1.07531 0.0753073 -2.58618 0.118467 
11 11800 8 0.554947 4.70477e-05 7.02493 0.215043 2.35719e-05 0.200298 0.884951 1.07522 0.0752155 -2.5874 0.119479 
11 11900 8 0.559652 4.70477e-05 7.02493 0.215017 4.54426e-05 0.200296 0.884845 1.07509 0.0750862 -2.58912 0.120493 
11 12000 9 0.564328 4.70477e-05 7.02493 0.215029 3.73746e-05 0.200295 0.884895 1.07515 0.0751472 -2.58831 0.121508 
11 12100 9 0.569033 4.70477e-05 7.02493 0.21505 2.82062e-05 0.200292 0.884979 1.07525 0.0752491 -2.58695 0.122517 
11 12200 9 0.573738 4.70477e-05 7.02493 0.215026 2.12031e-05 0.200291 0.884882 1.07513 0.075132 -2.58851 0.12353 
11 12300 9 0.578443 4.70477e-05 7.02493 0.215014 5.90106e-06 0.200288 0.884832 1.07507 0.0750708 -2.58932 0.124539 
11 12400 9 0.583147 4.70477e-05 7.02493 0.215005 3.91757e-06 0.200285 0.884795 1.07503 0.0750255 -2.58993 0.125553 
11 12500 9 0.587852 4.70477e-05 7.02493 0.214988 8.16295e-06 0.200284 0.884724 1.07494 0.0749396 -2.59107 0.126565 
11 12600 9 0.592557 4.70477e-05 7.02493 0.214983 -6.24527e-07 0.200283 0.884702 1.07491 0.0749129 -2.59143 0.127576 
11 12700 9 0.597262 4.70477e-05 7.02493 0.214999 -3.10941e-06 0.200283 0.884769 1.07499 0.0749943 -2.59034 0.128588 
11 12800 9 0.601967 4.70477e-05 7.02493 0.214988 -3.39093e-06 0.200281 0.884723 1.07494 0.0749387 -2.59108 0.129596 
11 12900 9 0.606671 4.70477e-05 7.02493 0.214954 -1.20908e-06 0.200279 0.884585 1.07477 0.0747704 -2.59333 0.130605 
11 13000 9 0.611376 4.70477e-05 7.02493 0.214958 3.58525e-07 0.200277 0.8846 1.07479 0.0747894 -2.59308 0.131621 
11 13100 9 0.616081 4.70477e-05 7.02493 0.21496 1.38938e-06 0.200275 0.88461 1.0748 0.0748017 -2.59292 0.132632 
11 13200 9 0.620786 4.70477e-05 7.02493 0.214955 -2.6224e-06 0.200274 0.88459 1.07478 0.0747772 -2.59324 0.133643 
11 13300 9 0.62549 4.70477e-05 7.02493 0.214939 -4.59366e-06 0.200272 0.884523 1.0747 0.0746952 -2.59434 0.134652 
11 13400 9 0.630195 4.70477e-05 7.02493 0.214924 -3.1977e-06 0.200272 0.884462 1.07462 0.0746217 -2.59532 0.135663 
11 13500 9 0.6349 4.70477e-05 7.02493 0.214935 -1.39883e-06 0.200268 0.884506 1.07467 0.0746744 -2.59462 0.136674 
11 13600 9 0.639605 4.70477e-05 7.02493 0.214962 1.55143e-05 0.200268 0.884617 1.07481 0.0748097 -2.59281 0.137684 
11 13700 10 0.644281 4.70477e-05 7.02493 0.214936 6.52524e-06 0.200266 0.884511 1.07468 0.0746813 -2.59453 0.138696 
11 13800 10 0.648986 4.70477e-05 7.02493 0.214915 5.36822e-06 0.200267 0.884423 1.07457 0.0745736 -2.59597 0.139703 
11 13900 10 0.653691 4.70477e-05 7.02493 0.214911 -1.10562e-05 0.200265 0.884409 1.07456 0.0745568 -2.59619 0.140714 
11 14000 10 0.658396 4.70477e-05 7.02493 0.214891 -2.91161e-05 0.200265 0.884323 1.07445 0.0744527 -2.59759 0.141725 
11 14100 10 0.6631 4.70477e-05 7.02493 0.214869 -1.91934e-05 0.200263 0.884233 1.07434 0.0743433 -2.59906 0.142738 
11 14200 10 0.667805 4.70477e-05 7.02493 0.214864 -2.13856e-05 0.200262 0.884214 1.07432 0.0743195 -2.59938 0.14375 
11 14300 10 0.67251 4.70477e-05 7.02493 0.214881 -1.78626e-05 0.20026 0.884283 1.0744 0.0744036 -2.59825 0.144762 
11 14400 10 0.677215 4.70477e-05 7.02493 0.214872 -3.95221e-06 0.200259 0.884246 1.07436 0.0743592 -2.59885 0.145767 
11 14500 10 0.68192 4.70477e-05 7.02493 0.214859 1.40448e-06 0.200256 0.884192 1.07429 0.0742935 -2.59973 0.146783 
11 14600 10 0.686624 4.70477e-05 7.02493 0.214848 1.27332e-06 0.200258 0.884146 1.07424 0.0742377 -2.60048 0.147797 
11 14700 10 0.691329 4.70477e-05 7.02493 0.214872 7.41396e-06 0.200257 0.884248 1.07436 0.0743617 -2.59881 0.14881 
11 14800 10 0.696034 4.70477e-05 7.02493 0.214866 6.09339e-06 0.200254 0.884222 1.07433 0.0743299 -2.59924 0.149817 
11 14900 10 0.700739 4.70477e-05 7.02493 0.214869 1.14946e-05 0.200252 0.884233 1.07434 0.0743427 -2.59907 0.150829 
11 15000 10 0.705443 4.70477e-05 7.02493 0.214892 1.98772e-05 0.200251 0.884328 1.07446 0.0744582 -2.59752 0.151844 
11 15100 10 0.710148 4.70477e-05 7.02493 0.214866 1.56305e-05 0.200252 0.884224 1.07433 0.0743325 -2.59921 0.152857 
11 15200 10 0.714853 4.70477e-05 7.02493 0.214866 -3.70721e-06 0.200249 0.884222 1.07433 0.0743293 -2.59925 0.153864 
11 15300 10 0.719558 4.70477e-05 7.02493 0.214844 3.2506e-06 0.20025 0.884134 1.07422 0.0742224 -2.60069 0.154874 
11 15400 11 0.724234 4.70477e-05 7.02493 0.214845 -5.8827e-06 0.200248 0.884136 1.07422 0.0742247 -2.60066 0.155884 
11 15500 11 0.728939 4.70477e-05 7.02493 0.214829 -6.63935e-06 0.200247 0.88407 1.07415 0.0741451 -2.60173 0.156894 
11 15600 11 0.733644 4.70477e-05 7.02493 0.214819 1.45797e-05 0.200247 0.884029 1.0741 0.0740952 -2.60241 0.157908 
11 15700 11 0.738349 4.70477e-05 7.02493 0.214802 2.55172e-06 0.200246 0.88396 1.07401 0.0740109 -2.60354 0.158916 
11 15800 11 0.743053 4.70477e-05 7.02493 0.214824 -2.34984e-06 0.200244 0.884051 1.07412 0.0741221 -2.60204 0.159924 
11 15900 11 0.747758 4.70477e-05 7.02493 0.214794 -8.54337e-06 0.200245 0.883927 1.07397 0.0739708 -2.60408 0.160933 
11 16000 11 0.752463 4.70477e-05 7.02493 0.214761 -1.06353e-05 0.200246 0.883792 1.07381 0.0738069 -2.6063 0.161944 
11 16100 11 0.757168 4.70477e-05 7.02493 0.214765 -7.59432e-06 0.200245 0.883807 1.07383 0.0738251 -2.60606 0.162952 
11 16200 11 0.761872 4.70477e-05 7.02493 0.214782 -1.15597e-06 0.200243 0.883877 1.07391 0.073911 -2.60489 0.163962 
11 16300 11 0.766577 4.70477e-05 7.02493 0.21477 -2.02252e-06 0.200242 0.883829 1.07385 0.0738521 -2.60569 0.164971 
11 16400 11 0.771282 4.70477e-05 7.02493 0.214779 8.33625e-06 0.200241 0.883865 1.0739 0.0738954 -2.6051 0.165982 
11 16500 11 0.775987 4.70477e-05 7.02493 0.214774 -3.36715e-06 0.200241 0.883845 1.07387 0.0738722 -2.60542 0.166994 
11 16600 11 0.780692 4.70477e-05 7.02493 0.214765 -1.41418e-05 0.20024 0.883807 1.07383 0.0738251 -2.60606 0.168005 
11 16700 11 0.785396 4.70477e-05 7.02493 0.214729 -1.60392e-05 0.200239 0.88366 1.07365 0.0736471 -2.60847 0.169017 
11 16800 11 0.790101 4.70477e-05 7.02493 0.214741 -5.01875e-06 0.20024 0.883706 1.0737 0.0737032 -2.60771 0.170028 
11 16900 11 0.794806 4.70477e-05 7.02493 0.21473 -7.54038e-06 0.200238 0.883661 1.07365 0.0736479 -2.60846 0.17104 
11 17000 11 0.799511 4.70477e-05 7.02493 0.214725 -1.98022e-05 0.200238 0.883642 1.07363 0.0736256 -2.60876 0.172051 
11 17100 12 0.804187 4.70477e-05 7.02493 0.214742 -3.31232e-05 0.200237 0.883713 1.07371 0.0737109 -2.6076 0.173064 
11 17200 12 0.808892 4.70477e-05 7.02493 0.214732 -2.00091e-05 0.200235 0.883671 1.07366 0.0736603 -2.60829 0.174071 
11 17300 12 0.813597 4.70477e-05 7.02493 0.214722 -1.71766e-05 0.200235 0.883628 1.07361 0.073608 -2.609 0.175085 
11 17400 12 0.818302 4.70477e-05 7.02493 0.21472 -2.89854e-05 0.200236 0.883621 1.0736 0.0735999 -2.60911 0.17609 
11 17500 12 0.823006 4.70477e-05 7.02493 0.214703 -3.82826e-05 0.200236 0.883553 1.07352 0.0735168 -2.61024 0.1771 
11 17600 12 0.827711 4.70477e-05 7.02493 0.214728 -3.23078e-05 0.200234 0.883653 1.07364 0.0736385 -2.60859 0.178113 
11 17700 12 0.832416 4.70477e-05 7.02493 0.214706 -2.16387e-05 0.200235 0.883564 1.07353 0.0735297 -2.61007 0.179125 
11 17800 12 0.837121 4.70477e-05 7.02493 0.214682 -1.55611e-05 0.200232 0.883463 1.07341 0.073408 -2.61172 0.18013 
11 17900 12 0.841825 4.70477e-05 7.02493 0.214628 -1.21201e-05 0.200235 0.883242 1.07314 0.0731391 -2.61539 0.181135 
11 18000 12 0.84653 4.70477e-05 7.02493 0.214642 -2.84722e-06 0.200234 0.8833 1.07321 0.073209 -2.61444 0.182146 
11 18100 12 0.851235 4.70477e-05 7.02493 0.214653 1.19294e-05 0.200232 0.883348 1.07327 0.0732674 -2.61364 0.183158 
11 18200 12 0.85594 4.70477e-05 7.02493 0.214651 2.55145e-05 0.200232 0.883338 1.07326 0.0732551 -2.61381 0.184167 
11 18300 12 0.860645 4.70477e-05 7.02493 0.214655 2.0415e-05 0.20023 0.883355 1.07328 0.073276 -2.61352 0.185176 
11 18400 12 0.865349 4.70477e-05 7.02493 0.214629 2.28182e-06 0.200231 0.883245 1.07314 0.0731431 -2.61534 0.186186 
11 18500 12 0.870054 4.70477e-05 7.02493 0.214659 8.25308e-06 0.200229 0.883371 1.0733 0.0732952 -2.61326 0.187197 
11 18600 12 0.874759 4.70477e-05 7.02493 0.21465 7.20849e-06 0.200228 0.883334 1.07325 0.0732502 -2.61387 0.188211 
11 18700 12 0.879464 4.70477e-05 7.02493 0.214648 2.67641e-07 0.200228 0.883325 1.07324 0.0732399 -2.61401 0.189219 
11 18800 13 0.88414 4.70477e-05 7.02493 0.214622 4.53896e-06 0.200229 0.883218 1.07311 0.0731102 -2.61579 0.19023 
11 18900 13 0.888845 4.70477e-05 7.02493 0.214629 2.19749e-05 0.200228 0.883248 1.07315 0.0731463 -2.61529 0.191236 
11 19000 13 0.89355 4.70477e-05 7.02493 0.214615 8.64663e-06 0.200226 0.883191 1.07308 0.0730766 -2.61625 0.192247 
11 19100 13 0.898255 4.70477e-05 7.02493 0.214629 4.01756e-06 0.200225 0.883246 1.07314 0.0731438 -2.61533 0.193254 
11 19200 13 0.902959 4.70477e-05 7.02493 0.21461 -2.79098e-06 0.200226 0.883167 1.07305 0.0730478 -2.61664 0.194265 
11 19300 13 0.907664 4.70477e-05 7.02493 0.214596 -2.10428e-05 0.200227 0.883112 1.07298 0.0729807 -2.61756 0.195275 
11 19400 13 0.912369 4.70477e-05 7.02493 0.214603 -1.19103e-05 0.200225 0.883141 1.07302 0.0730163 -2.61707 0.196284 
11 19500 13 0.917074 4.70477e-05 7.02493 0.214605 3.7956e-06 0.200224 0.883148 1.07303 0.0730254 -2.61695 0.197295 
11 19600 13 0.921778 4.70477e-05 7.02493 0.214562 2.4747e-05 0.200226 0.882971 1.07281 0.0728094 -2.61991 0.198307 
11 19700 13 0.926483 4.70477e-05 7.02493 0.214568 3.79566e-05 0.200224 0.882995 1.07284 0.0728388 -2.61951 0.199316 
11 19800 13 0.931188 4.70477e-05 7.02493 0.214537 2.83918e-05 0.200225 0.882867 1.07268 0.072683 -2.62165 0.200325 
11 19900 13 0.935893 4.70477e-05 7.02493 0.214536 1.13584e-05 0.200226 0.882864 1.07268 0.0726803 -2.62169 0.201331 
11 20000 13 0.940597 4.70477e-05 7.02493 0.21455 9.06977e-06 0.200224 0.882922 1.07275 0.0727499 -2.62073 0.202343 
11 20100 13 0.945302 4.70477e-05 7.02493 0.214524 3.96146e-08 0.200224 0.882815 1.07262 0.0726207 -2.6225 0.203357 
11 20200 13 0.950007 4.70477e-05 7.02493 0.214518 3.86841e-06 0.200225 0.88279 1.07259 0.0725893 -2.62294 0.204359 
11 20300 13 0.954712 4.70477e-05 7.02493 0.214532 2.41975e-06 0.200224 0.882848 1.07266 0.0726603 -2.62196 0.20537 
11 20400 13 0.959417 4.70477e-05 7.02493 0.214567 -9.01647e-06 0.200221 0.882991 1.07283 0.0728343 -2.61957 0.206378 
11 20500 14 0.964093 4.70477e-05 7.02493 0.214553 -5.98181e-06 0.200222 0.882933 1.07276 0.0727632 -2.62055 0.207388 
11 20600 14 0.968798 4.70477e-05 7.02493 0.214507 -2.33171e-05 0.200222 0.882747 1.07254 0.0725373 -2.62365 0.208396 
11 20700 14 0.973503 4.70477e-05 7.02493 0.214484 -3.31246e-05 0.200225 0.88265 1.07242 0.0724198 -2.62528 0.209405 
11 20800 14 0.978207 4.70477e-05 7.02493 0.214519 -3.09143e-05 0.200221 0.882794 1.0726 0.0725952 -2.62286 0.210418 
11 20900 14 0.982912 4.70477e-05 7.02493 0.214531 -2.98999e-05 0.200222 0.882844 1.07265 0.072655 -2.62203 0.211423 
11 21000 14 0.987617 4.70477e-05 7.02493 0.214486 -2.49039e-05 0.200222 0.882657 1.07243 0.0724288 -2.62515 0.212435 
11 21100 14 0.992322 4.70477e-05 7.02493 0.21447 -4.1697e-05 0.200223 0.882594 1.07235 0.0723512 -2.62622 0.213441 
11 21200 14 0.997027 4.70477e-05 7.02493 0.214487 -3.25752e-05 0.200222 0.882662 1.07243 0.0724343 -2.62507 0.21445 
11 21300 14 1.00173 4.70477e-05 7.02493 0.214496 -3.87081e-05 0.200219 0.8827 1.07248 0.0724799 -2.62445 0.215462 
11 21400 14 1.00644 4.70477e-05 7.02493 0.214503 -3.0081e-05 0.200219 0.88273 1.07252 0.0725173 -2.62393 0.216473 
11 21500 14 1.01114 4.70477e-05 7.02493 0.2145 -2.73724e-05 0.200219 0.882715 1.0725 0.0724991 -2.62418 0.217481 
11 21600 14 1.01585 4.70477e-05 7.02493 0.214465 -3.20294e-05 0.20022 0.882573 1.07233 0.0723267 -2.62656 0.218488 
11 21700 14 1.02055 4.70477e-05 7.02493 0.214446 -3.26012e-05 0.200221 0.882492 1.07223 0.072228 -2.62793 0.219498 
11 21800 14 1.02526 4.70477e-05 7.02493 0.214462 -3.12013e-05 0.20022 0.882558 1.07231 0.0723084 -2.62681 0.220506 
11 21900 14 1.02996 4.70477e-05 7.02493 0.214474 -2.3012e-05 0.200217 0.88261 1.07237 0.0723717 -2.62594 0.221516 
11 22000 14 1.03466 4.70477e-05 7.02493 0.214455 -1.5325e-05 0.200219 0.882529 1.07227 0.0722728 -2.62731 0.222525 
11 22100 14 1.03937 4.70477e-05 7.02493 0.214451 -2.05707e-05 0.200219 0.882514 1.07225 0.0722541 -2.62757 0.223533 
11 22200 15 1.04405 4.70477e-05 7.02493 0.214428 -1.03751e-05 0.20022 0.88242 1.07214 0.0721409 -2.62913 0.224542 
11 22300 15 1.04875 4.70477e-05 7.02493 0.214449 -1.12505e-06 0.200218 0.882505 1.07224 0.072243 -2.62772 0.225551 
11 22400 15 1.05346 4.70477e-05 7.02493 0.214424 1.28966e-06 0.20022 0.882403 1.07212 0.0721198 -2.62943 0.226557 
11 22500 15 1.05816 4.70477e-05 7.02493 0.214412 -8.43737e-06 0.20022 0.882355 1.07206 0.0720617 -2.63023 0.227564 
11 22600 15 1.06287 4.70477e-05 7.02493 0.214433 9.28961e-06 0.200218 0.882441 1.07217 0.0721663 -2.62878 0.228579 
11 22700 15 1.06757 4.70477e-05 7.02493 0.214426 8.98814e-06 0.200217 0.882412 1.07213 0.07213 -2.62929 0.229584 
11 22800 15 1.07227 4.70477e-05 7.02493 0.214408 6.82891e-06 0.200218 0.882338 1.07204 0.0720409 -2.63052 0.230591 
11 22900 15 1.07698 4.70477e-05 7.02493 0.214422 1.47026e-06 0.200218 0.882396 1.07211 0.0721109 -2.62955 0.231601 
11 23000 15 1.08168 4.70477e-05 7.02493 0.214418 -1.62861e-07 0.200217 0.88238 1.07209 0.0720922 -2.62981 0.232609 
11 23100 15 1.08639 4.70477e-05 7.02493 0.214385 -1.62184e-06 0.200219 0.882243 1.07193 0.0719258 -2.63212 0.233617 
11 23200 15 1.09109 4.70477e-05 7.02493 0.214389 -5.51892e-06 0.200218 0.882258 1.07194 0.0719432 -2.63188 0.234626 
11 23300 15 1.0958 4.70477e-05 7.02493 0.214373 -4.92657e-06 0.200217 0.882195 1.07187 0.0718666 -2.63294 0.235638 
11 23400 15 1.1005 4.70477e-05 7.02493 0.214393 -7.99241e-06 0.200216 0.882275 1.07196 0.071964 -2.63159 0.236648 
11 23500 15 1.10521 4.70477e-05 7.02493 0.214343 7.09153e-06 0.200216 0.88207 1.07172 0.0717153 -2.63505 0.237661 
11 23600 15 1.10991 4.70477e-05 7.02493 0.214365 2.81854e-07 0.200217 0.882162 1.07183 0.0718265 -2.6335 0.238666 
11 23700 15 1.11462 4.70477e-05 7.02493 0.21439 5.77018e-06 0.200215 0.882265 1.07195 0.0719525 -2.63175 0.239674 
11 23800 15 1.11932 4.70477e-05 7.02493 0.214396 -3.22876e-05 0.200216 0.882288 1.07198 0.0719802 -2.63136 0.240674 
11 23900 16 1.124 4.70477e-05 7.02493 0.214342 -3.6914e-05 0.200218 0.882066 1.07171 0.0717102 -2.63512 0.241691 
11 24000 16 1.1287 4.70477e-05 7.02493 0.214338 -2.93143e-05 0.200216 0.88205 1.07169 0.071691 -2.63539 0.242699 
11 24100 16 1.13341 4.70477e-05 7.02493 0.214331 -3.07559e-05 0.200216 0.882021 1.07166 0.071656 -2.63588 0.243708 
11 24200 16 1.13811 4.70477e-05 7.02493 0.214331 -3.99022e-06 0.200216 0.882022 1.07166 0.0716565 -2.63587 0.244716 
11 24300 16 1.14282 4.70477e-05 7.02493 0.214316 -8.74673e-06 0.200215 0.881958 1.07158 0.0715791 -2.63695 0.245716 
11 24400 16 1.14752 4.70477e-05 7.02493 0.214291 5.35365e-06 0.200215 0.881856 1.07146 0.0714552 -2.63869 0.24673 
11 24500 16 1.15223 4.70477e-05 7.02493 0.214286 1.277e-05 0.200215 0.881837 1.07143 0.0714315 -2.63902 0.247741 
11 24600 16 1.15693 4.70477e-05 7.02493 0.214314 4.77854e-06 0.200214 0.88195 1.07157 0.0715693 -2.63709 0.24875 
11 24700 16 1.16164 4.70477e-05 7.02493 0.214318 3.33219e-06 0.200214 0.881969 1.07159 0.0715918 -2.63677 0.249757 
11 24800 16 1.16634 4.70477e-05 7.02493 0.214344 -1.09734e-05 0.200213 0.882076 1.07172 0.071722 -2.63496 0.250765 
11 24900 16 1.17105 4.70477e-05 7.02493 0.214283 -6.32248e-06 0.200215 0.881821 1.07141 0.071413 -2.63928 0.251772 
11 25000 16 1.17575 4.70477e-05 7.02493 0.214289 5.44746e-06 0.200215 0.881849 1.07145 0.0714464 -2.63881 0.252782 
11 25100 16 1.18046 4.70477e-05 7.02493 0.214291 2.1723e-05 0.200215 0.881855 1.07145 0.0714542 -2.6387 0.25379 
11 25200 16 1.18516 4.70477e-05 7.02493 0.214276 1.83534e-05 0.200215 0.881795 1.07138 0.0713807 -2.63973 0.254797 
11 25300 16 1.18987 4.70477e-05 7.02493 0.21427 1.02827e-05 0.200215 0.881769 1.07135 0.0713493 -2.64017 0.255806 
11 25400 16 1.19457 4.70477e-05 7.02493 0.214246 1.38796e-05 0.200216 0.881672 1.07123 0.0712317 -2.64182 0.256816 
11 25500 16 1.19928 4.70477e-05 7.02493 0.214235 8.36688e-06 0.200216 0.881624 1.07117 0.0711736 -2.64263 0.257821 
11 25600 17 1.20395 4.70477e-05 7.02493 0.214235 -4.91165e-06 0.200216 0.881626 1.07118 0.0711751 -2.64261 0.258827 
11 25700 17 1.20866 4.70477e-05 7.02493 0.214249 3.7692e-07 0.200216 0.881684 1.07125 0.0712457 -2.64162 0.25984 
11 25800 17 1.21336 4.70477e-05 7.02493 0.214272 -1.89146e-06 0.200214 0.88178 1.07136 0.0713623 -2.63999 0.260847 
11 25900 17 1.21807 4.70477e-05 7.02493 0.214229 -3.52586e-06 0.200215 0.881599 1.07114 0.071143 -2.64306 0.261851 
11 26000 17 1.22277 4.70477e-05 7.02493 0.214208 -5.64083e-06 0.200217 0.881513 1.07104 0.0710381 -2.64454 0.262859 
11 26100 17 1.22748 4.70477e-05 7.02493 0.214243 -4.16404e-06 0.200214 0.88166 1.07122 0.0712173 -2.64202 0.263868 
11 26200 17 1.23218 4.70477e-05 7.02493 0.21422 -5.86875e-07 0.200215 0.881565 1.0711 0.0711018 -2.64364 0.264873 
11 26300 17 1.23689 4.70477e-05 7.02493 0.214219 2.49852e-06 0.200214 0.881559 1.07109 0.0710943 -2.64375 0.265887 
11 26400 17 1.24159 4.70477e-05 7.02493 0.214215 1.86542e-06 0.200215 0.881541 1.07107 0.0710729 -2.64405 0.266893 
11 26500 17 1.24629 4.70477e-05 7.02493 0.214206 4.49453e-06 0.200215 0.881505 1.07103 0.0710292 -2.64466 0.267903 
11 26600 17 1.251 4.70477e-05 7.02493 0.214212 1.09218e-05 0.200215 0.881531 1.07106 0.0710599 -2.64423 0.26891 
11 26700 17 1.2557 4.70477e-05 7.02493 0.214198 1.82238e-05 0.200214 0.881474 1.07099 0.0709909 -2.6452 0.269918 
11 26800 17 1.26041 4.70477e-05 7.02493 0.21418 1.79594e-05 0.200217 0.881401 1.0709 0.0709018 -2.64646 0.270926 
11 26900 17 1.26511 4.70477e-05 7.02493 0.214182 1.40321e-05 0.200215 0.881409 1.07091 0.0709116 -2.64632 0.27193 
11 27000 17 1.26982 4.70477e-05 7.02493 0.214142 -1.63179e-05 0.20022 0.881243 1.07071 0.0707107 -2.64916 0.272936 
11 27100 17 1.27452 4.70477e-05 7.02493 0.214164 -3.24294e-05 0.200218 0.881335 1.07082 0.0708223 -2.64758 0.273948 
11 27200 17 1.27923 4.70477e-05 7.02493 0.21418 -2.12475e-05 0.200214 0.881398 1.0709 0.0708986 -2.6465 0.274956 
11 27300 18 1.2839 4.70477e-05 7.02493 0.214195 -1.64833e-05 0.200213 0.881462 1.07098 0.0709761 -2.64541 0.275965 
11 27400 18 1.28861 4.70477e-05 7.02493 0.214195 -8.10488e-06 0.200216 0.881461 1.07098 0.0709753 -2.64542 0.276972 
11 27500 18 1.29331 4.70477e-05 7.02493 0.214175 -1.12504e-05 0.200213 0.88138 1.07088 0.0708763 -2.64682 0.277977 
11 27600 18 1.29802 4.70477e-05 7.02493 0.214167 -5.61503e-06 0.200215 0.881345 1.07083 0.0708339 -2.64742 0.278986 
11 27700 18 1.30272 4.70477e-05 7.02493 0.214132 -4.76008e-06 0.200216 0.881201 1.07066 0.0706591 -2.64989 0.279992 
11 27800 18 1.30743 4.70477e-05 7.02493 0.214166 -3.75704e-06 0.200216 0.881341 1.07083 0.0708288 -2.64749 0.281002 
11 27900 18 1.31213 4.70477e-05 7.02493 0.214175 -3.9946e-06 0.200215 0.881379 1.07088 0.070876 -2.64682 0.282009 
11 28000 18 1.31684 4.70477e-05 7.02493 0.214142 -1.42773e-05 0.200215 0.881244 1.07071 0.0707114 -2.64915 0.283016 
11 28100 18 1.32154 4.70477e-05 7.02493 0.214148 -1.23465e-05 0.200215 0.881267 1.07074 0.0707389 -2.64876 0.284023 
11 28200 18 1.32625 4.70477e-05 7.02493 0.214119 -9.01586e-06 0.200215 0.881147 1.07059 0.0705931 -2.65082 0.28503 
11 28300 18 1.33095 4.70477e-05 7.02493 0.214101 -1.71428e-05 0.200216 0.881075 1.07051 0.0705058 -2.65206 0.286038 
11 28400 18 1.33566 4.70477e-05 7.02493 0.214093 -1.1062e-05 0.200217 0.88104 1.07046 0.0704639 -2.65266 0.287047 
11 28500 18 1.34036 4.70477e-05 7.02493 0.214115 5.03052e-06 0.200218 0.881131 1.07057 0.0705741 -2.65109 0.288053 
11 28600 18 1.34507 4.70477e-05 7.02493 0.21413 2.58784e-06 0.200217 0.881192 1.07065 0.070648 -2.65005 0.28906 
11 28700 18 1.34977 4.70477e-05 7.02493 0.214122 -1.22294e-05 0.200214 0.881161 1.07061 0.0706108 -2.65057 0.290068 
11 28800 18 1.35448 4.70477e-05 7.02493 0.214102 -1.92373e-05 0.200213 0.881077 1.07051 0.0705087 -2.65202 0.291076 
11 28900 18 1.35918 4.70477e-05 7.02493 0.21412 -7.80856e-07 0.200216 0.881151 1.0706 0.0705985 -2.65075 0.292083 
11 29000 19 1.36386 4.70477e-05 7.02493 0.214129 -3.77789e-06 0.200213 0.881189 1.07064 0.0706443 -2.6501 0.293085 
11 29100 19 1.36856 4.70477e-05 7.02493 0.214094 -8.07972e-06 0.200215 0.881045 1.07047 0.0704695 -2.65258 0.294099 
11 29200 19 1.37327 4.70477e-05 7.02493 0.2141 -6.34928e-06 0.200214 0.88107 1.0705 0.0705006 -2.65213 0.295105 
11 29300 19 1.37797 4.70477e-05 7.02493 0.214091 -6.20776e-06 0.200214 0.881033 1.07046 0.0704555 -2.65277 0.296113 
11 29400 19 1.38268 4.70477e-05 7.02493 0.214069 -4.11939e-06 0.200214 0.88094 1.07034 0.0703426 -2.65438 0.29712 
11 29500 19 1.38738 4.70477e-05 7.02493 0.21408 5.8451e-07 0.200213 0.880988 1.0704 0.0704008 -2.65355 0.298122 
11 29600 19 1.39209 4.70477e-05 7.02493 0.214027 5.29814e-06 0.200217 0.880768 1.07013 0.0701329 -2.65736 0.299128 
11 29700 19 1.39679 4.70477e-05 7.02493 0.214032 1.34919e-05 0.200216 0.88079 1.07016 0.0701598 -2.65698 0.300138 
11 29800 19 1.4015 4.70477e-05 7.02493 0.214033 1.90585e-05 0.200216 0.880795 1.07017 0.070166 -2.65689 0.301141 
11 29900 19 1.4062 4.70477e-05 7.02493 0.214035 3.12471e-05 0.200216 0.880803 1.07018 0.0701753 -2.65676 0.302154 
11 30000 19 1.41091 4.70477e-05 7.02493 0.214035 1.39912e-05 0.200217 0.880802 1.07017 0.0701739 -2.65678 0.303161 
11 30100 19 1.41561 4.70477e-05 7.02493 0.214019 2.5232e-06 0.200214 0.880738 1.0701 0.0700972 -2.65787 0.304168 
11 30200 19 1.42032 4.70477e-05 7.02493 0.214051 2.84078e-06 0.200213 0.88087 1.07026 0.0702573 -2.65559 0.305175 
11 30300 19 1.42502 4.70477e-05 7.02493 0.214044 1.20198e-06 0.200213 0.880841 1.07022 0.0702224 -2.65609 0.306174 
11 30400 19 1.42972 4.70477e-05 7.02493 0.214043 4.2643e-06 0.200213 0.880836 1.07022 0.0702158 -2.65618 0.307181 
11 30500 19 1.43443 4.70477e-05 7.02493 0.214045 3.35927e-06 0.200213 0.880845 1.07023 0.0702273 -2.65602 0.308188 
11 30600 19 1.43913 4.70477e-05 7.02493 0.214029 3.94043e-08 0.200213 0.880777 1.07014 0.0701438 -2.65721 0.309196 
11 30700 20 1.44381 4.70477e-05 7.02493 0.214015 1.28609e-06 0.200214 0.88072 1.07007 0.0700749 -2.65819 0.310204 
11 30800 20 1.44852 4.70477e-05 7.02493 0.214015 1.45585e-05 0.200215 0.88072 1.07007 0.0700742 -2.6582 0.311212 
11 30900 20 1.45322 4.70477e-05 7.02493 0.214026 1.80378e-05 0.200214 0.880766 1.07013 0.0701311 -2.65739 0.312223 
11 31000 20 1.45793 4.70477e-05 7.02493 0.214039 2.56542e-05 0.200214 0.88082 1.0702 0.0701959 -2.65647 0.31323 
11 31100 20 1.46263 4.70477e-05 7.02493 0.213979 1.86272e-05 0.200217 0.880571 1.06989 0.0698941 -2.66077 0.314237 
11 31200 20 1.46733 4.70477e-05 7.02493 0.213977 9.2224e-06 0.200215 0.880563 1.06988 0.0698835 -2.66093 0.315245 
11 31300 20 1.47204 4.70477e-05 7.02493 0.213972 1.58243e-05 0.200214 0.880542 1.06986 0.0698591 -2.66128 0.316252 
11 31400 20 1.47674 4.70477e-05 7.02493 0.213958 4.76074e-06 0.200216 0.880485 1.06979 0.0697891 -2.66228 0.317257 
11 31500 20 1.48145 4.70477e-05 7.02493 0.213943 -7.83279e-06 0.200218 0.880424 1.06971 0.0697147 -2.66334 0.318264 
11 31600 20 1.48615 4.70477e-05 7.02493 0.213966 -7.01253e-08 0.200217 0.88052 1.06983 0.0698317 -2.66167 0.319273 
11 31700 20 1.49086 4.70477e-05 7.02493 0.213977 2.12797e-05 0.200214 0.880564 1.06989 0.0698857 -2.66089 0.320278 
11 31800 20 1.49556 4.70477e-05 7.02493 0.213965 1.36335e-05 0.200215 0.880514 1.06982 0.0698245 -2.66177 0.321282 
11 31900 20 1.50027 4.70477e-05 7.02493 0.213975 -2.05432e-06 0.200216 0.880556 1.06988 0.069875 -2.66105 0.322292 
11 32000 20 1.50497 4.70477e-05 7.02493 0.21401 -1.26799e-05 0.200213 0.880698 1.07005 0.0700486 -2.65857 0.323294 
11 32100 20 1.50968 4.70477e-05 7.02493 0.213966 -1.0957e-05 0.200214 0.880518 1.06983 0.0698291 -2.6617 0.3243 
11 32200 20 1.51438 4.70477e-05 7.02493 0.213967 1.47531e-06 0.200216 0.880524 1.06984 0.0698365 -2.6616 0.325312 
11 32300 20 1.51909 4.70477e-05 7.02493 0.213968 8.30544e-06 0.200216 0.880525 1.06984 0.0698384 -2.66157 0.326319 
11 32400 21 1.52376 4.70477e-05 7.02493 0.21397 1.09248e-05 0.200214 0.880537 1.06985 0.069852 -2.66138 0.327326 
11 32500 21 1.52847 4.70477e-05 7.02493 0.213963 1.44461e-06 0.200215 0.880505 1.06981 0.0698136 -2.66193 0.328333 
11 32600 21 1.53317 4.70477e-05 7.02493 0.213946 -6.82701e-06 0.200215 0.880437 1.06973 0.0697304 -2.66312 0.329339 
11 32700 21 1.53788 4.70477e-05 7.02493 0.213927 -5.30742e-06 0.200216 0.88036 1.06964 0.0696369 -2.66446 0.330344 
11 32800 21 1.54258 4.70477e-05 7.02493 0.213924 2.46728e-06 0.200215 0.880348 1.06962 0.0696223 -2.66467 0.331352 
11 32900 21 1.54729 4.70477e-05 7.02493 0.213923 1.59834e-06 0.200216 0.880342 1.06962 0.0696151 -2.66477 0.332359 
11 33000 21 1.55199 4.70477e-05 7.02493 0.213924 -4.06737e-06 0.200215 0.880345 1.06962 0.0696187 -2.66472 0.333365 
11 33100 21 1.5567 4.70477e-05 7.02493 0.213915 -8.332e-06 0.200216 0.88031 1.06958 0.0695761 -2.66533 0.33437 
11 33200 21 1.5614 4.70477e-05 7.02493 0.213905 1.35131e-05 0.200214 0.880267 1.06952 0.0695248 -2.66607 0.335378 
11 33300 21 1.56611 4.70477e-05 7.02493 0.213922 3.78723e-05 0.200214 0.880338 1.06961 0.0696104 -2.66484 0.336384 
11 33400 21 1.57081 4.70477e-05 7.02493 0.21391 3.99717e-05 0.200215 0.880288 1.06955 0.0695495 -2.66572 0.337391 
11 33500 21 1.57552 4.70477e-05 7.02493 0.213944 3.11289e-05 0.200215 0.880429 1.06972 0.0697216 -2.66325 0.338397 
11 33600 21 1.58022 4.70477e-05 7.02493 0.213934 1.74896e-05 0.200214 0.880387 1.06967 0.0696707 -2.66398 0.339403 
11 33700 21 1.58493 4.70477e-05 7.02493 0.21389 3.01948e-05 0.200216 0.880205 1.06945 0.0694495 -2.66716 0.340408 
11 33800 21 1.58963 4.70477e-05 7.02493 0.213911 2.41276e-05 0.200215 0.880293 1.06956 0.069556 -2.66562 0.341417 
11 33900 21 1.59434 4.70477e-05 7.02493 0.213925 1.71866e-05 0.200215 0.880348 1.06962 0.0696229 -2.66466 0.342423 
11 34000 21 1.59904 4.70477e-05 7.02493 0.213918 7.49686e-06 0.200215 0.880322 1.06959 0.0695912 -2.66512 0.34343 
11 34100 22 1.60372 4.70477e-05 7.02493 0.2139 -8.43339e-06 0.200215 0.880245 1.0695 0.0694979 -2.66646 0.344434 
11 34200 22 1.60842 4.70477e-05 7.02493 0.213856 -4.34352e-06 0.200218 0.880064 1.06928 0.069278 -2.66963 0.34544 
11 34300 22 1.61313 4.70477e-05 7.02493 0.213866 9.46508e-06 0.200217 0.880105 1.06933 0.0693276 -2.66891 0.346448 
11 34400 22 1.61783 4.70477e-05 7.02493 0.213859 8.11195e-06 0.200217 0.880078 1.06929 0.0692943 -2.66939 0.347453 
11 34500 22 1.62254 4.70477e-05 7.02493 0.213818 6.693e-06 0.200219 0.879908 1.06909 0.0690878 -2.67238 0.34846 
11 34600 22 1.62724 4.70477e-05 7.02493 0.213802 -1.03763e-06 0.200219 0.879843 1.06901 0.0690092 -2.67352 0.349465 
11 34700 22 1.63195 4.70477e-05 7.02493 0.213816 -2.83857e-06 0.200217 0.8799 1.06908 0.0690786 -2.67251 0.350473 
11 34800 22 1.63665 4.70477e-05 7.02493 0.213849 -8.34496e-06 0.200217 0.880038 1.06925 0.0692462 -2.67009 0.351477 
11 34900 22 1.64135 4.70477e-05 7.02493 0.21385 -8.49658e-06 0.200217 0.880041 1.06925 0.06925 -2.67003 0.352481 
11 35000 22 1.64606 4.70477e-05 7.02493 0.213873 -4.58678e-06 0.200215 0.880134 1.06936 0.0693627 -2.66841 0.353491 
11 35100 22 1.65076 4.70477e-05 7.02493 0.213895 -1.7355e-06 0.200214 0.880227 1.06948 0.0694761 -2.66677 0.354497 
11 35200 22 1.65547 4.70477e-05 7.02493 0.213873 9.25181e-06 0.200214 0.880138 1.06937 0.0693673 -2.66834 0.355501 
11 35300 22 1.66017 4.70477e-05 7.02493 0.213842 4.12792e-06 0.200217 0.880009 1.06921 0.0692111 -2.67059 0.356504 
11 35400 22 1.66488 4.70477e-05 7.02493 0.213835 9.74654e-06 0.200217 0.879978 1.06917 0.0691736 -2.67114 0.357516 
11 35500 22 1.66958 4.70477e-05 7.02493 0.213851 -2.36636e-06 0.200215 0.880043 1.06925 0.0692526 -2.66999 0.358522 
11 35600 22 1.67429 4.70477e-05 7.02493 0.213843 -2.52664e-06 0.200215 0.880014 1.06922 0.0692168 -2.67051 0.359527 
11 35700 22 1.67899 4.70477e-05 7.02493 0.213819 -4.96596e-06 0.200217 0.879912 1.06909 0.0690927 -2.67231 0.360529 
11 35800 23 1.68367 4.70477e-05 7.02493 0.213795 -6.97037e-06 0.200217 0.879814 1.06897 0.0689742 -2.67402 0.361531 
11 35900 23 1.68837 4.70477e-05 7.02493 0.213822 -3.64813e-06 0.200216 0.879925 1.06911 0.0691093 -2.67207 0.362546 
11 36000 23 1.69308 4.70477e-05 7.02493 0.213816 -2.01792e-05 0.200217 0.879899 1.06908 0.0690778 -2.67252 0.363552 
11 36100 23 1.69778 4.70477e-05 7.02493 0.213798 -2.91589e-05 0.200217 0.879826 1.06899 0.0689887 -2.67381 0.364557 
11 36200 23 1.70249 4.70477e-05 7.02493 0.213795 -2.67649e-05 0.200217 0.879815 1.06897 0.0689749 -2.67401 0.365553 
11 36300 23 1.70719 4.70477e-05 7.02493 0.213796 -4.83924e-05 0.200216 0.879818 1.06898 0.0689791 -2.67395 0.36656 
11 36400 23 1.7119 4.70477e-05 7.02493 0.213805 -3.82673e-05 0.200215 0.879857 1.06903 0.0690262 -2.67327 0.367571 
11 36500 23 1.7166 4.70477e-05 7.02493 0.21385 -3.10532e-05 0.200214 0.880041 1.06925 0.0692497 -2.67004 0.368572 
11 36600 23 1.72131 4.70477e-05 7.02493 0.213858 -1.72509e-05 0.200214 0.880074 1.06929 0.0692893 -2.66946 0.369579 
11 36700 23 1.72601 4.70477e-05 7.02493 0.213845 -7.32147e-06 0.200215 0.880019 1.06922 0.0692233 -2.67042 0.370584 
11 36800 23 1.73072 4.70477e-05 7.02493 0.213817 -8.19063e-06 0.200217 0.879904 1.06908 0.0690835 -2.67244 0.371591 
11 36900 23 1.73542 4.70477e-05 7.02493 0.213818 -9.47224e-06 0.200216 0.879909 1.06909 0.0690895 -2.67235 0.372598 
11 37000 23 1.74013 4.70477e-05 7.02493 0.213803 -1.66502e-07 0.200217 0.879849 1.06902 0.0690169 -2.6734 0.373604 
11 37100 23 1.74483 4.70477e-05 7.02493 0.213805 -1.94366e-05 0.200216 0.879855 1.06902 0.0690233 -2.67331 0.374611 
11 37200 23 1.74954 4.70477e-05 7.02493 0.2138 -2.59662e-05 0.200217 0.879836 1.069 0.0690006 -2.67364 0.375619 
11 37300 23 1.75424 4.70477e-05 7.02493 0.21378 -9.4882e-06 0.200217 0.879753 1.0689 0.0688994 -2.67511 0.376626 
11 37400 23 1.75895 4.70477e-05 7.02493 0.213791 5.02739e-06 0.200216 0.879799 1.06896 0.0689555 -2.67429 0.377634 
11 37500 24 1.76362 4.70477e-05 7.02493 0.21379 2.0537e-05 0.200217 0.879793 1.06895 0.068949 -2.67439 0.37864 
11 37600 24 1.76833 4.70477e-05 7.02493 0.21377 1.10358e-05 0.200218 0.879714 1.06885 0.0688523 -2.67579 0.379646 
11 37700 24 1.77303 4.70477e-05 7.02493 0.213726 1.4977e-05 0.200218 0.879531 1.06863 0.0686301 -2.67902 0.380651 
11 37800 24 1.77774 4.70477e-05 7.02493 0.213761 1.46901e-05 0.200218 0.879674 1.0688 0.0688037 -2.6765 0.381658 
11 37900 24 1.78244 4.70477e-05 7.02493 0.213748 2.29522e-06 0.200218 0.879622 1.06874 0.068741 -2.67741 0.382662 
11 38000 24 1.78715 4.70477e-05 7.02493 0.213738 5.1528e-06 0.200219 0.87958 1.06869 0.0686892 -2.67816 0.383666 
11 38100 24 1.79185 4.70477e-05 7.02493 0.213745 6.3802e-06 0.200219 0.879609 1.06873 0.0687252 -2.67764 0.384674 
11 38200 24 1.79656 4.70477e-05 7.02493 0.213758 9.02974e-06 0.200218 0.879663 1.06879 0.0687905 -2.67669 0.385677 
11 38300 24 1.80126 4.70477e-05 7.02493 0.213778 9.11347e-06 0.200217 0.879743 1.06889 0.0688878 -2.67528 0.386686 
11 38400 24 1.80597 4.70477e-05 7.02493 0.213751 6.52369e-06 0.200219 0.879636 1.06876 0.0687573 -2.67717 0.387685 
11 38500 24 1.81067 4.70477e-05 7.02493 0.213756 2.62852e-06 0.200219 0.879655 1.06878 0.0687808 -2.67683 0.388697 
11 38600 24 1.81538 4.70477e-05 7.02493 0.213741 -1.19533e-06 0.200218 0.879594 1.06871 0.0687067 -2.67791 0.389697 
11 38700 24 1.82008 4.70477e-05 7.02493 0.213739 2.23881e-06 0.200219 0.879585 1.0687 0.068696 -2.67807 0.390707 
11 38800 24 1.82478 4.70477e-05 7.02493 0.213739 1.01452e-05 0.200219 0.879582 1.06869 0.0686926 -2.67811 0.391715 
11 38900 24 1.82949 4.70477e-05 7.02493 0.213736 8.96224e-06 0.200218 0.879572 1.06868 0.0686795 -2.6783 0.392716 
11 39000 24 1.83419 4.70477e-05 7.02493 0.213733 1.23657e-05 0.200218 0.879561 1.06867 0.0686666 -2.67849 0.393726 
11 39100 24 1.8389 4.70477e-05 7.02493 0.213727 8.80761e-06 0.200218 0.879537 1.06864 0.0686371 -2.67892 0.394731 
11 39200 25 1.84358 4.70477e-05 7.02493 0.213708 7.48196e-06 0.200219 0.879455 1.06854 0.0685384 -2.68036 0.395736 
11 39300 25 1.84828 4.70477e-05 7.02493 0.213704 -1.90797e-06 0.200219 0.879441 1.06852 0.0685212 -2.68061 0.396742 
11 39400 25 1.85299 4.70477e-05 7.02493 0.213692 -2.21339e-05 0.200218 0.879392 1.06846 0.0684614 -2.68149 0.397739 
11 39500 25 1.85769 4.70477e-05 7.02493 0.213728 -4.02001e-05 0.200218 0.879538 1.06864 0.0686384 -2.6789 0.398752 
11 39600 25 1.86239 4.70477e-05 7.02493 0.213724 -3.52358e-05 0.200217 0.879523 1.06862 0.0686209 -2.67916 0.399759 
11 39700 25 1.8671 4.70477e-05 7.02493 0.21371 -1.6255e-05 0.200218 0.879465 1.06855 0.0685497 -2.6802 0.400762 
11 39800 25 1.8718 4.70477e-05 7.02493 0.213714 -3.79122e-07 0.200218 0.87948 1.06857 0.0685687 -2.67992 0.401767 
11 39900 25 1.87651 4.70477e-05 7.02493 0.213728 1.18764e-05 0.200219 0.879538 1.06864 0.0686389 -2.6789 0.402772 
11 40000 25 1.88121 4.70477e-05 7.02493 0.213681 6.94716e-06 0.20022 0.879344 1.0684 0.0684026 -2.68234 0.403777 
11 40100 25 1.88592 4.70477e-05 7.02493 0.213699 -3.70338e-06 0.200219 0.879421 1.0685 0.0684969 -2.68097 0.404779 
11 40200 25 1.89062 4.70477e-05 7.02493 0.213709 -9.9804e-06 0.200219 0.879462 1.06855 0.0685461 -2.68025 0.405791 
11 40300 25 1.89533 4.70477e-05 7.02493 0.213711 -7.54459e-06 0.200219 0.879469 1.06855 0.0685544 -2.68013 0.406794 
11 40400 25 1.90003 4.70477e-05 7.02493 0.213693 2.55563e-06 0.20022 0.879397 1.06847 0.0684671 -2.6814 0.407799 
11 40500 25 1.90474 4.70477e-05 7.02493 0.21367 7.35517e-06 0.200221 0.879302 1.06835 0.0683514 -2.68309 0.408806 
11 40600 25 1.90944 4.70477e-05 7.02493 0.21366 4.7117e-06 0.200222 0.879261 1.0683 0.0683021 -2.68382 0.409812 
11 40700 25 1.91415 4.70477e-05 7.02493 0.213667 6.24696e-06 0.200221 0.879287 1.06833 0.0683341 -2.68335 0.410817 
11 40800 25 1.91885 4.70477e-05 7.02493 0.213655 3.13764e-05 0.200221 0.87924 1.06828 0.0682764 -2.68419 0.411822 
11 40900 26 1.92353 4.70477e-05 7.02493 0.213652 8.91958e-06 0.20022 0.879228 1.06826 0.0682618 -2.6844 0.412828 
11 41000 26 1.92823 4.70477e-05 7.02493 0.213671 -2.19727e-05 0.200219 0.879306 1.06836 0.0683563 -2.68302 0.413834 
11 41100 26 1.93294 4.70477e-05 7.02493 0.213686 -3.05641e-05 0.200219 0.879366 1.06843 0.0684297 -2.68195 0.414838 
11 41200 26 1.93764 4.70477e-05 7.02493 0.213664 -3.44784e-05 0.200219 0.879276 1.06832 0.0683209 -2.68354 0.415842 
11 41300 26 1.94235 4.70477e-05 7.02493 0.213664 -2.77731e-05 0.20022 0.879277 1.06832 0.0683215 -2.68353 0.416848 
11 41400 26 1.94705 4.70477e-05 7.02493 0.213677 -1.81237e-05 0.200219 0.879328 1.06838 0.0683832 -2.68263 0.417848 
11 41500 26 1.95176 4.70477e-05 7.02493 0.213638 -1.42687e-05 0.200222 0.879168 1.06819 0.0681888 -2.68547 0.41886 
11 41600 26 1.95646 4.70477e-05 7.02493 0.21365 -2.63858e-06 0.20022 0.87922 1.06825 0.0682519 -2.68455 0.419864 
11 41700 26 1.96117 4.70477e-05 7.02493 0.21364 7.1603e-07 0.200221 0.879178 1.0682 0.0682016 -2.68529 0.420862 
11 41800 26 1.96587 4.70477e-05 7.02493 0.213655 3.63954e-06 0.20022 0.879238 1.06827 0.0682739 -2.68423 0.421875 
11 41900 26 1.97058 4.70477e-05 7.02493 0.213664 1.34635e-05 0.200219 0.879276 1.06832 0.0683206 -2.68354 0.42288 
11 42000 26 1.97528 4.70477e-05 7.02493 0.213656 1.50563e-05 0.20022 0.879243 1.06828 0.0682801 -2.68414 0.423885 
11 42100 26 1.97999 4.70477e-05 7.02493 0.21364 1.8673e-05 0.200219 0.879177 1.0682 0.0682006 -2.6853 0.424891 
11 42200 26 1.98469 4.70477e-05 7.02493 0.213642 3.51429e-06 0.200221 0.879184 1.06821 0.0682089 -2.68518 0.425896 
11 42300 26 1.9894 4.70477e-05 7.02493 0.213626 -1.58321e-06 0.200221 0.87912 1.06813 0.0681311 -2.68632 0.426897 
11 42400 26 1.9941 4.70477e-05 7.02493 0.213614 7.65153e-06 0.200221 0.879071 1.06807 0.0680719 -2.68719 0.427907 
11 42500 26 1.9988 4.70477e-05 7.02493 0.213632 -3.80388e-06 0.20022 0.879144 1.06816 0.0681599 -2.6859 0.428911 
11 42600 27 2.00348 4.70477e-05 7.02493 0.213648 1.23864e-06 0.200219 0.879208 1.06824 0.0682382 -2.68475 0.429916 
11 42700 27 2.00819 4.70477e-05 7.02493 0.213638 1.24102e-05 0.200218 0.879169 1.06819 0.0681901 -2.68546 0.43092 
11 42800 27 2.01289 4.70477e-05 7.02493 0.213635 6.23215e-06 0.200218 0.879157 1.06818 0.0681756 -2.68567 0.431921 
11 42900 27 2.0176 4.70477e-05 7.02493 0.213648 4.91675e-06 0.200218 0.87921 1.06824 0.06824 -2.68472 0.432923 
11 43000 27 2.0223 4.70477e-05 7.02493 0.213654 1.59247e-06 0.200218 0.879235 1.06827 0.0682703 -2.68428 0.433936 
11 43100 27 2.02701 4.70477e-05 7.02493 0.21362 -1.93412e-06 0.200221 0.879094 1.0681 0.0680995 -2.68679 0.434942 
11 43200 27 2.03171 4.70477e-05 7.02493 0.213592 6.9471e-06 0.200221 0.878978 1.06796 0.0679588 -2.68885 0.43594 
11 43300 27 2.03641 4.70477e-05 7.02493 0.213605 6.24686e-06 0.20022 0.879034 1.06803 0.0680263 -2.68786 0.436946 
11 43400 27 2.04112 4.70477e-05 7.02493 0.213609 1.69703e-05 0.200221 0.879049 1.06804 0.0680446 -2.68759 0.437954 
11 43500 27 2.04582 4.70477e-05 7.02493 0.213593 1.1078e-05 0.200222 0.878983 1.06796 0.0679644 -2.68877 0.438957 
11 43600 27 2.05053 4.70477e-05 7.02493 0.213614 1.12284e-05 0.200219 0.879071 1.06807 0.068071 -2.6872 0.439963 
11 43700 27 2.05523 4.70477e-05 7.02493 0.213577 -1.26395e-05 0.20022 0.878918 1.06788 0.067885 -2.68994 0.440968 
11 43800 27 2.05994 4.70477e-05 7.02493 0.213602 -2.70288e-05 0.200221 0.87902 1.06801 0.0680096 -2.68811 0.441976 
11 43900 27 2.06464 4.70477e-05 7.02493 0.213601 -1.83548e-05 0.20022 0.879015 1.068 0.068003 -2.6882 0.44298 
11 44000 27 2.06935 4.70477e-05 7.02493 0.213585 1.18783e-05 0.200222 0.87895 1.06792 0.0679236 -2.68937 0.443985 
11 44100 27 2.07405 4.70477e-05 7.02493 0.213596 1.08896e-05 0.200221 0.878997 1.06798 0.0679816 -2.68852 0.44499 
11 44200 27 2.07876 4.70477e-05 7.02493 0.213583 3.64916e-05 0.200221 0.878944 1.06792 0.0679169 -2.68947 0.445992 
11 44300 28 2.08343 4.70477e-05 7.02493 0.213595 4.64728e-05 0.200221 0.878994 1.06798 0.0679773 -2.68858 0.446999 
11 44400 28 2.08814 4.70477e-05 7.02493 0.213574 1.43924e-05 0.200222 0.878904 1.06787 0.0678685 -2.69018 0.448 
11 44500 28 2.09284 4.70477e-05 7.02493 0.213555 -1.33391e-07 0.200222 0.878827 1.06778 0.0677753 -2.69156 0.449004 
11 44600 28 2.09755 4.70477e-05 7.02493 0.213543 -1.52591e-05 0.200222 0.878779 1.06772 0.0677161 -2.69243 0.450008 
11 44700 28 2.10225 4.70477e-05 7.02493 0.213551 -6.8086e-06 0.200222 0.878809 1.06775 0.0677534 -2.69188 0.45102 
11 44800 28 2.10696 4.70477e-05 7.02493 0.213552 1.62759e-06 0.200222 0.878813 1.06776 0.0677581 -2.69181 0.452017 
11 44900 28 2.11166 4.70477e-05 7.02493 0.213564 -2.39768e-06 0.200221 0.878863 1.06782 0.0678188 -2.69092 0.453028 
11 45000 28 2.11637 4.70477e-05 7.02493 0.213585 9.68045e-06 0.200221 0.878952 1.06793 0.0679268 -2.68932 0.454034 
11 45100 28 2.12107 4.70477e-05 7.02493 0.213574 1.25918e-05 0.200222 0.878904 1.06787 0.0678682 -2.69019 0.455035 
11 45200 28 2.12578 4.70477e-05 7.02493 0.213541 2.10418e-05 0.200222 0.878768 1.0677 0.0677025 -2.69263 0.456042 
11 45300 28 2.13048 4.70477e-05 7.02493 0.213535 2.30098e-05 0.200222 0.878745 1.06767 0.067675 -2.69304 0.457047 
11 45400 28 2.13519 4.70477e-05 7.02493 0.213534 3.19231e-05 0.200223 0.87874 1.06767 0.067669 -2.69313 0.458052 
11 45500 28 2.13989 4.70477e-05 7.02493 0.213545 3.69456e-06 0.200222 0.878787 1.06773 0.0677262 -2.69228 0.459056 
11 45600 28 2.1446 4.70477e-05 7.02493 0.213539 -3.84986e-07 0.200223 0.87876 1.06769 0.0676937 -2.69276 0.460062 
11 45700 28 2.1493 4.70477e-05 7.02493 0.213535 1.86487e-05 0.200223 0.878747 1.06768 0.0676773 -2.693 0.461067 
11 45800 28 2.15401 4.70477e-05 7.02493 0.213546 1.37771e-05 0.200221 0.878789 1.06773 0.0677292 -2.69224 0.462071 
11 45900 28 2.15871 4.70477e-05 7.02493 0.213573 3.72902e-06 0.200221 0.878902 1.06787 0.0678662 -2.69022 0.463074 
11 46000 29 2.16339 4.70477e-05 7.02493 0.213565 5.88998e-07 0.200222 0.878867 1.06782 0.0678234 -2.69085 0.464076 
11 46100 29 2.16809 4.70477e-05 7.02493 0.213528 4.10716e-08 0.200222 0.878717 1.06764 0.0676412 -2.69354 0.465083 
11 46200 29 2.1728 4.70477e-05 7.02493 0.21352 -1.69392e-06 0.200224 0.878683 1.0676 0.0675995 -2.69416 0.46609 
11 46300 29 2.1775 4.70477e-05 7.02493 0.21352 -9.6668e-06 0.200223 0.878681 1.0676 0.0675978 -2.69418 0.467088 
11 46400 29 2.18221 4.70477e-05 7.02493 0.21353 -1.74059e-05 0.200223 0.878726 1.06765 0.0676519 -2.69338 0.468099 
11 46500 29 2.18691 4.70477e-05 7.02493 0.213543 -2.16979e-05 0.200222 0.878778 1.06772 0.0677154 -2.69244 0.469102 
11 46600 29 2.19162 4.70477e-05 7.02493 0.213527 -3.07972e-05 0.200223 0.878713 1.06764 0.0676363 -2.69361 0.470105 
11 46700 29 2.19632 4.70477e-05 7.02493 0.213502 -2.73151e-05 0.200224 0.87861 1.06751 0.0675114 -2.69546 0.47111 
11 46800 29 2.20103 4.70477e-05 7.02493 0.213503 -1.99846e-05 0.200224 0.878612 1.06751 0.0675136 -2.69543 0.472115 
11 46900 29 2.20573 4.70477e-05 7.02493 0.213498 -2.50205e-05 0.200226 0.878592 1.06749 0.0674889 -2.69579 0.47312 
11 47000 29 2.21044 4.70477e-05 7.02493 0.213473 -2.57681e-05 0.200226 0.878488 1.06736 0.0673633 -2.69765 0.474125 
11 47100 29 2.21514 4.70477e-05 7.02493 0.213501 1.68014e-06 0.200225 0.878605 1.0675 0.0675046 -2.69556 0.475129 
11 47200 29 2.21984 4.70477e-05 7.02493 0.213525 -1.00216e-05 0.200223 0.878704 1.06763 0.0676253 -2.69377 0.476135 
11 47300 29 2.22455 4.70477e-05 7.02493 0.21352 -1.54696e-05 0.200224 0.878685 1.0676 0.0676022 -2.69411 0.477138 
11 47400 29 2.22925 4.70477e-05 7.02493 0.213542 -1.66681e-05 0.200222 0.878773 1.06771 0.0677087 -2.69254 0.478144 
11 47500 29 2.23396 4.70477e-05 7.02493 0.213564 -1.15005e-05 0.200222 0.878863 1.06782 0.0678186 -2.69092 0.479146 
11 47600 29 2.23866 4.70477e-05 7.02493 0.213534 -4.23994e-06 0.200223 0.878741 1.06767 0.0676699 -2.69311 0.480153 
11 47700 30 2.24334 4.70477e-05 7.02493 0.213515 5.188e-06 0.200224 0.878663 1.06758 0.0675754 -2.69451 0.481156 
11 47800 30 2.24805 4.70477e-05 7.02493 0.213509 2.29756e-07 0.200224 0.878639 1.06755 0.0675468 -2.69493 0.482162 
11 47900 30 2.25275 4.70477e-05 7.02493 0.21351 -2.34027e-06 0.200223 0.878644 1.06755 0.067552 -2.69486 0.483166 
11 48000 30 2.25745 4.70477e-05 7.02493 0.213504 -4.06095e-06 0.20022 0.878616 1.06752 0.0675189 -2.69535 0.484171 
11 48100 30 2.26216 4.70477e-05 7.02493 0.213465 3.83076e-06 0.200223 0.878457 1.06732 0.0673247 -2.69823 0.485169 
11 48200 30 2.26686 4.70477e-05 7.02493 0.213468 1.20265e-05 0.200222 0.878471 1.06734 0.0673421 -2.69797 0.486179 
11 48300 30 2.27157 4.70477e-05 7.02493 0.213479 1.57607e-05 0.200222 0.878514 1.06739 0.0673945 -2.69719 0.487184 
11 48400 30 2.27627 4.70477e-05 7.02493 0.21346 -1.77762e-06 0.200223 0.878438 1.0673 0.0673016 -2.69857 0.488184 
11 48500 30 2.28098 4.70477e-05 7.02493 0.213459 -6.3264e-06 0.200224 0.87843 1.06729 0.0672928 -2.6987 0.489194 
11 48600 30 2.28568 4.70477e-05 7.02493 0.213466 -1.10779e-07 0.200222 0.878462 1.06733 0.0673313 -2.69813 0.490198 
11 48700 30 2.29039 4.70477e-05 7.02493 0.21346 7.81001e-07 0.200222 0.878436 1.0673 0.0672997 -2.6986 0.491202 
11 48800 30 2.29509 4.70477e-05 7.02493 0.213472 -3.87627e-07 0.200222 0.878486 1.06736 0.0673605 -2.6977 0.492206 
11 48900 30 2.2998 4.70477e-05 7.02493 0.21348 5.19718e-06 0.200221 0.878517 1.0674 0.0673982 -2.69714 0.493201 
11 49000 30 2.3045 4.70477e-05 7.02493 0.213514 1.42918e-06 0.20022 0.878659 1.06757 0.0675703 -2.69459 0.494206 
11 49100 30 2.30921 4.70477e-05 7.02493 0.213493 -2.3917e-06 0.200221 0.878571 1.06746 0.0674638 -2.69616 0.49521 
11 49200 30 2.31391 4.70477e-05 7.02493 0.213478 1.2794e-05 0.200221 0.87851 1.06739 0.0673894 -2.69727 0.496215 
11 49300 30 2.31862 4.70477e-05 7.02493 0.213441 2.08419e-05 0.200223 0.878358 1.06721 0.0672054 -2.7 0.49722 
11 49400 31 2.32329 4.70477e-05 7.02493 0.213427 1.45992e-05 0.200225 0.8783 1.06713 0.0671345 -2.70106 0.498225 
11 49500 31 2.328 4.70477e-05 7.02493 0.213447 2.15589e-05 0.200223 0.878381 1.06723 0.0672333 -2.69959 0.499234 
11 49600 31 2.3327 4.70477e-05 7.02493 0.21343 1.89719e-05 0.200224 0.878311 1.06715 0.0671482 -2.70085 0.500239 
11 49700 31 2.33741 4.70477e-05 7.02493 0.213424 2.93085e-05 0.200223 0.878287 1.06712 0.0671191 -2.70129 0.501243 
11 49800 31 2.34211 4.70477e-05 7.02493 0.213432 2.33558e-05 0.200221 0.878322 1.06716 0.0671607 -2.70067 0.502248 
11 49900 31 2.34682 4.70477e-05 7.02493 0.213471 1.68271e-05 0.200221 0.878482 1.06736 0.0673559 -2.69776 0.503252 
11 50000 31 2.35152 4.70477e-05 7.02493 0.213448 1.97043e-05 0.200222 0.878386 1.06724 0.0672391 -2.6995 0.504257 
11 50100 31 2.35623 4.70477e-05 7.02493 0.213437 -2.42806e-07 0.200222 0.878343 1.06719 0.0671873 -2.70027 0.505261 
11 50200 31 2.36093 4.70477e-05 7.02493 0.213419 5.11823e-06 0.200223 0.878266 1.06709 0.0670937 -2.70167 0.506265 
11 50300 31 2.36564 4.70477e-05 7.02493 0.21339 4.89327e-06 0.200225 0.878149 1.06695 0.0669506 -2.7038 0.507267 
11 50400 31 2.37034 4.70477e-05 7.02493 0.213373 2.46731e-05 0.200225 0.878078 1.06687 0.0668654 -2.70507 0.50827 
11 50500 31 2.37505 4.70477e-05 7.02493 0.213423 1.63599e-05 0.200224 0.878283 1.06711 0.0671133 -2.70137 0.509276 
11 50600 31 2.37975 4.70477e-05 7.02493 0.213451 1.58612e-05 0.200221 0.878398 1.06725 0.067254 -2.69928 0.510281 
11 50700 31 2.38446 4.70477e-05 7.02493 0.213434 1.15031e-05 0.200222 0.87833 1.06717 0.0671707 -2.70052 0.51128 
11 50800 31 2.38916 4.70477e-05 7.02493 0.213438 8.43965e-06 0.200222 0.878344 1.06719 0.0671883 -2.70026 0.51229 
11 50900 31 2.39386 4.70477e-05 7.02493 0.213421 1.04575e-05 0.200224 0.878277 1.06711 0.067107 -2.70147 0.513294 
11 51000 31 2.39857 4.70477e-05 7.02493 0.213404 1.19975e-05 0.200223 0.878207 1.06702 0.0670218 -2.70274 0.514291 
11 51100 32 2.40325 4.70477e-05 7.02493 0.213434 -3.90539e-06 0.200222 0.878331 1.06717 0.0671723 -2.70049 0.515302 
11 51200 32 2.40795 4.70477e-05 7.02493 0.213422 -1.21615e-05 0.200223 0.87828 1.06711 0.0671104 -2.70142 0.516306 
11 51300 32 2.41266 4.70477e-05 7.02493 0.213407 -1.53562e-05 0.200222 0.87822 1.06704 0.0670371 -2.70251 0.51731 
11 51400 32 2.41736 4.70477e-05 7.02493 0.21341 -1.50666e-05 0.200222 0.878232 1.06705 0.0670519 -2.70229 0.518313 
11 51500 32 2.42207 4.70477e-05 7.02493 0.21342 -1.26673e-05 0.200223 0.87827 1.0671 0.0670979 -2.7016 0.519318 
11 51600 32 2.42677 4.70477e-05 7.02493 0.213401 2.5691e-06 0.200224 0.878193 1.067 0.0670042 -2.703 0.520322 
11 51700 32 2.43147 4.70477e-05 7.02493 0.213388 1.91553e-05 0.200223 0.878139 1.06694 0.0669384 -2.70398 0.521326 
11 51800 32 2.43618 4.70477e-05 7.02493 0.213381 1.33796e-05 0.200223 0.878109 1.0669 0.0669028 -2.70451 0.522331 
11 51900 32 2.44088 4.70477e-05 7.02493 0.213381 9.78151e-06 0.200224 0.878111 1.0669 0.0669048 -2.70448 0.523334 
11 52000 32 2.44559 4.70477e-05 7.02493 0.213422 2.0384e-05 0.200222 0.878279 1.06711 0.0671093 -2.70143 0.52434 
11 52100 32 2.45029 4.70477e-05 7.02493 0.213433 3.34103e-05 0.200222 0.878326 1.06717 0.0671664 -2.70058 0.525342 
11 52200 32 2.455 4.70477e-05 7.02493 0.213434 2.11342e-05 0.200221 0.878328 1.06717 0.0671685 -2.70055 0.526346 
11 52300 32 2.4597 4.70477e-05 7.02493 0.213413 1.17702e-05 0.200222 0.878242 1.06706 0.0670637 -2.70211 0.527348 
11 52400 32 2.46441 4.70477e-05 7.02493 0.213365 1.60195e-05 0.200225 0.878046 1.06683 0.0668264 -2.70566 0.528352 
11 52500 32 2.46911 4.70477e-05 7.02493 0.213352 1.58087e-05 0.200227 0.877993 1.06676 0.0667612 -2.70663 0.529359 
11 52600 32 2.47382 4.70477e-05 7.02493 0.213388 3.02966e-06 0.200223 0.878142 1.06694 0.0669422 -2.70393 0.530361 
11 52700 32 2.47852 4.70477e-05 7.02493 0.213401 -2.08919e-05 0.200223 0.878192 1.067 0.0670039 -2.703 0.531364 
11 52800 33 2.4832 4.70477e-05 7.02493 0.213358 -2.46421e-05 0.200224 0.878017 1.06679 0.0667902 -2.7062 0.532369 
11 52900 33 2.4879 4.70477e-05 7.02493 0.213369 -1.5315e-05 0.200223 0.878063 1.06685 0.0668467 -2.70535 0.533372 
11 53000 33 2.49261 4.70477e-05 7.02493 0.213373 -5.84499e-06 0.200223 0.878079 1.06687 0.0668664 -2.70506 0.534377 
11 53100 33 2.49731 4.70477e-05 7.02493 0.213358 1.30641e-06 0.200224 0.878017 1.06679 0.0667904 -2.7062 0.535381 
11 53200 33 2.50202 4.70477e-05 7.02493 0.213353 -1.98215e-06 0.200225 0.877998 1.06677 0.0667673 -2.70654 0.536387 
11 53300 33 2.50672 4.70477e-05 7.02493 0.213344 2.37132e-06 0.200224 0.877959 1.06672 0.0667205 -2.70724 0.53739 
11 53400 33 2.51143 4.70477e-05 7.02493 0.213364 1.00643e-05 0.200224 0.878041 1.06682 0.0668194 -2.70576 0.538394 
11 53500 33 2.51613 4.70477e-05 7.02493 0.213346 1.06427e-05 0.200225 0.877968 1.06673 0.0667311 -2.70708 0.539393 
11 53600 33 2.52084 4.70477e-05 7.02493 0.213376 9.5587e-06 0.200224 0.878092 1.06688 0.0668814 -2.70483 0.540401 
11 53700 33 2.52554 4.70477e-05 7.02493 0.21339 1.96094e-06 0.200223 0.878148 1.06695 0.0669493 -2.70382 0.541405 
11 53800 33 2.53025 4.70477e-05 7.02493 0.213409 3.30731e-06 0.200222 0.878225 1.06704 0.0670434 -2.70242 0.542409 
11 53900 33 2.53495 4.70477e-05 7.02493 0.213406 3.29893e-06 0.200222 0.878214 1.06703 0.0670301 -2.70261 0.543414 
11 54000 33 2.53966 4.70477e-05 7.02493 0.21338 9.56827e-06 0.200224 0.878105 1.0669 0.0668977 -2.70459 0.544413 
11 54100 33 2.54436 4.70477e-05 7.02493 0.213361 1.46798e-05 0.200225 0.878027 1.0668 0.066803 -2.70601 0.545415 
11 54200 33 2.54907 4.70477e-05 7.02493 0.21337 -1.64945e-06 0.200224 0.878068 1.06685 0.0668523 -2.70527 0.546425 
11 54300 33 2.55377 4.70477e-05 7.02493 0.21335 -5.95646e-06 0.200225 0.877983 1.06675 0.0667488 -2.70682 0.547426 
11 54400 33 2.55848 4.70477e-05 7.02493 0.213331 -1.95173e-06 0.200225 0.877906 1.06666 0.0666554 -2.70822 0.548427 
11 54500 34 2.56315 4.70477e-05 7.02493 0.213348 -2.85514e-06 0.200225 0.877974 1.06674 0.0667387 -2.70697 0.549431 
11 54600 34 2.56786 4.70477e-05 7.02493 0.213356 -1.85668e-06 0.200224 0.87801 1.06678 0.0667821 -2.70632 0.550438 
11 54700 34 2.57256 4.70477e-05 7.02493 0.213351 9.13328e-06 0.200225 0.877989 1.06676 0.0667567 -2.7067 0.551438 
11 54800 34 2.57727 4.70477e-05 7.02493 0.213323 -2.63089e-06 0.200226 0.877872 1.06661 0.0666141 -2.70884 0.552447 
11 54900 34 2.58197 4.70477e-05 7.02493 0.213317 -1.31436e-05 0.200226 0.877846 1.06658 0.0665834 -2.7093 0.553441 
11 55000 34 2.58668 4.70477e-05 7.02493 0.21332 -1.84425e-05 0.200225 0.877859 1.0666 0.0665988 -2.70907 0.554445 
