11 0 1 0 1.77824e-05 7.02493 0.22101 0 0.200023 0.909508 1.10505 0.105052 -2.2533 7.50531e-07 
11 100 2 0.0035298 3.55647e-05 7.02493 0.219226 6.7218e-09 0.211693 0.902163 1.09613 0.0961282 -2.34207 0.000774188 
11 200 2 0.00708627 3.55647e-05 7.02493 0.218944 3.97099e-07 0.220605 0.901004 1.09472 0.09472 -2.35683 0.00155599 
11 300 2 0.0106427 3.55647e-05 7.02493 0.21893 3.94679e-07 0.226413 0.900945 1.09465 0.0946487 -2.35758 0.00233535 
11 400 2 0.0141992 3.55647e-05 7.02493 0.218992 3.81611e-07 0.229473 0.901201 1.09496 0.0949596 -2.3543 0.00311319 
11 500 2 0.0177557 3.55647e-05 7.02493 0.219087 3.24168e-07 0.230671 0.901594 1.09544 0.0954371 -2.34929 0.00389305 
11 600 2 0.0213122 3.55647e-05 7.02493 0.219184 2.40477e-07 0.230673 0.901991 1.09592 0.0959193 -2.34425 0.00467282 
11 700 2 0.0248686 3.55647e-05 7.02493 0.21927 1.80106e-07 0.229924 0.902347 1.09635 0.0963512 -2.33976 0.00545134 
11 800 2 0.0284251 3.55647e-05 7.02493 0.219346 1.2796e-07 0.22872 0.902658 1.09673 0.0967298 -2.33583 0.00623155 
11 900 2 0.0319816 3.55647e-05 7.02493 0.219412 3.40132e-07 0.227259 0.902929 1.09706 0.0970583 -2.33244 0.00701088 
11 1000 2 0.0355381 3.55647e-05 7.02493 0.219462 -3.25913e-07 0.225676 0.903138 1.09731 0.0973121 -2.32983 0.00779124 
11 1100 2 0.0390945 3.55647e-05 7.02493 0.219506 2.39688e-07 0.224048 0.903317 1.09753 0.0975298 -2.3276 0.00857218 
11 1200 2 0.042651 3.55647e-05 7.02493 0.219533 5.29835e-07 0.222429 0.903428 1.09767 0.0976651 -2.32621 0.00935246 
11 1300 2 0.0462075 3.55647e-05 7.02493 0.219557 -5.84338e-06 0.22086 0.903526 1.09778 0.0977843 -2.32499 0.0101339 
11 1400 2 0.0497639 3.55647e-05 7.02493 0.219571 -6.45697e-06 0.219347 0.903585 1.09786 0.0978555 -2.32426 0.0109147 
11 1500 2 0.0533204 3.55647e-05 7.02493 0.219579 -7.54431e-06 0.217912 0.903619 1.0979 0.0978971 -2.32384 0.0116951 
11 1600 2 0.0568769 3.55647e-05 7.02493 0.219587 -1.36996e-05 0.216553 0.903649 1.09793 0.0979336 -2.32347 0.0124763 
11 1700 2 0.0604334 3.55647e-05 7.02493 0.219598 -2.13482e-05 0.215287 0.903694 1.09799 0.0979885 -2.32291 0.0132568 
11 1800 2 0.0639898 3.55647e-05 7.02493 0.2196 -1.76748e-05 0.214096 0.903704 1.098 0.098 -2.32279 0.0140377 
11 1900 2 0.0675463 3.55647e-05 7.02493 0.219592 -1.33106e-06 0.212973 0.903669 1.09796 0.0979578 -2.32322 0.0148185 
11 2000 2 0.0711028 3.55647e-05 7.02493 0.219578 6.80153e-06 0.211933 0.903613 1.09789 0.0978898 -2.32391 0.0155995 
11 2100 2 0.0746593 3.55647e-05 7.02493 0.219564 6.87418e-06 0.210967 0.903556 1.09782 0.0978204 -2.32462 0.0163801 
11 2200 2 0.0782157 3.55647e-05 7.02493 0.219552 -5.284e-06 0.210075 0.903505 1.09776 0.097759 -2.32525 0.017161 
11 2300 3 0.0817427 3.55647e-05 7.02493 0.219536 -4.42742e-06 0.209248 0.903439 1.09768 0.0976788 -2.32607 0.017942 
11 2400 3 0.0852991 3.55647e-05 7.02493 0.219524 -3.39148e-06 0.208484 0.903389 1.09762 0.0976179 -2.32669 0.0187226 
11 2500 3 0.0888556 3.55647e-05 7.02493 0.219506 8.67e-06 0.207782 0.903318 1.09753 0.0975311 -2.32758 0.0195033 
11 2600 3 0.0924121 3.55647e-05 7.02493 0.219482 1.19735e-05 0.207133 0.90322 1.09741 0.0974119 -2.32881 0.0202841 
11 2700 3 0.0959686 3.55647e-05 7.02493 0.219466 1.10558e-05 0.206536 0.903152 1.09733 0.0973291 -2.32966 0.0210646 
11 2800 3 0.099525 3.55647e-05 7.02493 0.219443 1.74677e-05 0.205991 0.903059 1.09722 0.0972163 -2.33082 0.0218449 
11 2900 3 0.103082 3.55647e-05 7.02493 0.219421 2.27779e-05 0.205495 0.902965 1.0971 0.0971025 -2.33199 0.0226251 
11 3000 3 0.106638 3.55647e-05 7.02493 0.219393 1.76115e-05 0.205041 0.902853 1.09697 0.0969665 -2.33339 0.0234057 
11 3100 3 0.110194 3.55647e-05 7.02493 0.219381 1.24809e-05 0.204636 0.902804 1.09691 0.0969071 -2.334 0.024186 
11 3200 3 0.113751 3.55647e-05 7.02493 0.219361 1.14157e-05 0.204271 0.902719 1.0968 0.0968037 -2.33507 0.024966 
11 3300 3 0.117307 3.55647e-05 7.02493 0.219347 1.05301e-05 0.203946 0.902662 1.09673 0.0967339 -2.33579 0.0257459 
11 3400 3 0.120864 3.55647e-05 7.02493 0.219323 7.22837e-06 0.203643 0.902563 1.09661 0.0966141 -2.33703 0.026526 
11 3500 3 0.12442 3.55647e-05 7.02493 0.219296 -3.42244e-06 0.203377 0.902454 1.09648 0.0964814 -2.33841 0.0273062 
11 3600 3 0.127977 3.55647e-05 7.02493 0.219253 -2.70003e-06 0.203132 0.902277 1.09627 0.0962668 -2.34063 0.028086 
11 3700 3 0.131533 3.55647e-05 7.02493 0.219218 -6.41057e-06 0.2029 0.90213 1.09609 0.0960879 -2.34249 0.0288654 
11 3800 3 0.13509 3.55647e-05 7.02493 0.219173 -2.72911e-05 0.202684 0.901948 1.09587 0.0958664 -2.3448 0.0296446 
11 3900 3 0.138646 3.55647e-05 7.02493 0.219107 -4.22966e-05 0.202483 0.901673 1.09553 0.0955332 -2.34828 0.0304242 
11 4000 3 0.142203 3.55647e-05 7.02493 0.21905 -1.16714e-05 0.202307 0.901442 1.09525 0.0952515 -2.35123 0.031203 
11 4100 3 0.145759 3.55647e-05 7.02493 0.218991 5.93342e-06 0.202145 0.901199 1.09496 0.094957 -2.35433 0.0319818 
11 4200 3 0.149316 3.55647e-05 7.02493 0.218944 1.71948e-05 0.201992 0.901005 1.09472 0.0947208 -2.35682 0.0327606 
11 4300 3 0.152872 3.55647e-05 7.02493 0.218914 2.14786e-05 0.201866 0.900881 1.09457 0.0945704 -2.35841 0.0335395 
11 4400 3 0.156429 3.55647e-05 7.02493 0.218894 7.93772e-06 0.201755 0.900797 1.09447 0.0944679 -2.3595 0.0343176 
11 4500 3 0.159985 3.55647e-05 7.02493 0.218869 1.15563e-05 0.201641 0.900696 1.09435 0.0943459 -2.36079 0.0350963 
11 4600 4 0.163521 3.55647e-05 7.02493 0.218864 1.6113e-05 0.20154 0.900676 1.09432 0.0943208 -2.36105 0.0358746 
11 4700 4 0.167077 3.55647e-05 7.02493 0.218843 3.63588e-06 0.201451 0.900588 1.09421 0.0942139 -2.36219 0.0366532 
11 4800 4 0.170634 3.55647e-05 7.02493 0.21883 -1.58292e-05 0.201373 0.900533 1.09415 0.0941481 -2.36289 0.0374312 
11 4900 4 0.17419 3.55647e-05 7.02493 0.218863 -1.31955e-05 0.201309 0.900671 1.09432 0.0943153 -2.36111 0.03821 
11 5000 4 0.177747 3.55647e-05 7.02493 0.218856 -1.94214e-06 0.201242 0.900643 1.09428 0.0942812 -2.36147 0.038988 
11 5100 4 0.181303 3.55647e-05 7.02493 0.218847 2.73431e-06 0.201184 0.900603 1.09423 0.0942331 -2.36198 0.0397662 
11 5200 4 0.18486 3.55647e-05 7.02493 0.218842 -4.53819e-06 0.201134 0.900584 1.09421 0.0942094 -2.36224 0.0405447 
11 5300 4 0.188416 3.55647e-05 7.02493 0.218853 -2.14523e-05 0.201089 0.900629 1.09426 0.0942646 -2.36165 0.0413224 
11 5400 4 0.191973 3.55647e-05 7.02493 0.218822 -2.86088e-05 0.201049 0.900501 1.09411 0.0941081 -2.36331 0.0421001 
11 5500 4 0.195529 3.55647e-05 7.02493 0.218782 -1.87035e-05 0.201008 0.900336 1.09391 0.0939087 -2.36543 0.0428774 
11 5600 4 0.199086 3.55647e-05 7.02493 0.218742 -8.67981e-06 0.200967 0.900173 1.09371 0.09371 -2.36755 0.0436556 
11 5700 4 0.202642 3.55647e-05 7.02493 0.218755 -1.50434e-05 0.200935 0.900226 1.09377 0.093774 -2.36687 0.0444355 
11 5800 4 0.206199 3.55647e-05 7.02493 0.218749 -9.26444e-06 0.200904 0.900202 1.09375 0.0937457 -2.36717 0.0452138 
11 5900 4 0.209755 3.55647e-05 7.02493 0.21874 -2.88024e-06 0.200879 0.900164 1.0937 0.0936988 -2.36767 0.0459915 
11 6000 4 0.213312 3.55647e-05 7.02493 0.218734 8.47213e-07 0.200855 0.900141 1.09367 0.0936716 -2.36796 0.0467689 
11 6100 4 0.216868 3.55647e-05 7.02493 0.218725 -1.10198e-05 0.200836 0.900102 1.09362 0.0936234 -2.36847 0.0475468 
11 6200 4 0.220424 3.55647e-05 7.02493 0.218695 1.55714e-06 0.200813 0.899981 1.09348 0.0934772 -2.37004 0.0483245 
11 6300 4 0.223981 3.55647e-05 7.02493 0.218659 2.47896e-05 0.200795 0.899831 1.09329 0.0932947 -2.37199 0.049102 
11 6400 4 0.227537 3.55647e-05 7.02493 0.218638 6.70642e-05 0.200776 0.899746 1.09319 0.0931912 -2.3731 0.0498811 
11 6500 4 0.231094 3.55647e-05 7.02493 0.218624 9.58582e-05 0.200759 0.899689 1.09312 0.0931218 -2.37385 0.0506585 
11 6600 4 0.23465 3.55647e-05 7.02493 0.218602 8.19729e-05 0.200743 0.899596 1.09301 0.0930097 -2.37505 0.0514362 
11 6700 4 0.238207 3.55647e-05 7.02493 0.218565 6.69384e-05 0.200722 0.899445 1.09283 0.0928258 -2.37703 0.0522134 
11 6800 5 0.241743 3.55647e-05 7.02493 0.218498 6.60856e-05 0.200706 0.899167 1.09249 0.0924885 -2.38067 0.0529902 
11 6900 5 0.245299 3.55647e-05 7.02493 0.21848 6.12799e-05 0.200688 0.899094 1.0924 0.0923989 -2.38164 0.0537671 
11 7000 5 0.248856 3.55647e-05 7.02493 0.21848 4.19403e-05 0.200675 0.899096 1.0924 0.0924021 -2.38161 0.0545443 
11 7100 5 0.252412 3.55647e-05 7.02493 0.218492 2.8908e-05 0.200662 0.899142 1.09246 0.0924576 -2.38101 0.0553207 
11 7200 5 0.255969 3.55647e-05 7.02493 0.218486 4.588e-05 0.200649 0.899119 1.09243 0.0924293 -2.38131 0.0560985 
11 7300 5 0.259525 3.55647e-05 7.02493 0.218474 4.62251e-05 0.200635 0.899069 1.09237 0.0923682 -2.38197 0.0568756 
11 7400 5 0.263082 3.55647e-05 7.02493 0.218462 3.60276e-05 0.20062 0.899021 1.09231 0.0923107 -2.3826 0.0576524 
11 7500 5 0.266638 3.55647e-05 7.02493 0.218443 3.44004e-05 0.200611 0.898944 1.09222 0.0922171 -2.38361 0.0584291 
11 7600 5 0.270194 3.55647e-05 7.02493 0.218408 2.46657e-05 0.200606 0.898796 1.09204 0.0920376 -2.38556 0.0592057 
11 7700 5 0.273751 3.55647e-05 7.02493 0.218379 2.62307e-05 0.200597 0.898677 1.09189 0.0918931 -2.38713 0.0599825 
11 7800 5 0.277307 3.55647e-05 7.02493 0.218376 2.96719e-05 0.200587 0.898667 1.09188 0.0918804 -2.38727 0.06076 
11 7900 5 0.280864 3.55647e-05 7.02493 0.218356 4.52655e-05 0.200583 0.898585 1.09178 0.0917813 -2.38835 0.0615353 
11 8000 5 0.28442 3.55647e-05 7.02493 0.218289 5.96562e-05 0.200575 0.898308 1.09144 0.0914443 -2.39203 0.0623123 
11 8100 5 0.287977 3.55647e-05 7.02493 0.218266 5.61228e-05 0.200564 0.898213 1.09133 0.0913288 -2.39329 0.0630884 
11 8200 5 0.291533 3.55647e-05 7.02493 0.218218 3.36412e-05 0.200559 0.898018 1.09109 0.0910916 -2.39589 0.0638649 
11 8300 5 0.29509 3.55647e-05 7.02493 0.218216 -8.84095e-06 0.200553 0.898006 1.09108 0.0910779 -2.39604 0.0646405 
11 8400 5 0.298646 3.55647e-05 7.02493 0.218206 -2.12089e-05 0.200546 0.897966 1.09103 0.0910282 -2.39659 0.0654171 
11 8500 5 0.302203 3.55647e-05 7.02493 0.218187 -6.5466e-06 0.20054 0.897888 1.09093 0.0909334 -2.39763 0.0661932 
11 8600 5 0.305759 3.55647e-05 7.02493 0.218199 -2.95321e-05 0.200529 0.897937 1.09099 0.0909938 -2.39696 0.0669688 
11 8700 5 0.309316 3.55647e-05 7.02493 0.218208 -2.59055e-05 0.200522 0.897976 1.09104 0.0910414 -2.39644 0.0677444 
11 8800 5 0.312872 3.55647e-05 7.02493 0.218212 -1.64713e-05 0.200512 0.897992 1.09106 0.0910608 -2.39623 0.0685214 
11 8900 5 0.316429 3.55647e-05 7.02493 0.218196 -5.27857e-06 0.200504 0.897924 1.09098 0.0909776 -2.39714 0.0692977 
11 9000 5 0.319985 3.55647e-05 7.02493 0.218167 -2.71031e-05 0.200496 0.897806 1.09083 0.0908346 -2.39872 0.0700729 
11 9100 6 0.323521 3.55647e-05 7.02493 0.218166 -1.64543e-05 0.200492 0.897803 1.09083 0.0908301 -2.39876 0.0708485 
11 9200 6 0.327077 3.55647e-05 7.02493 0.218137 -2.61935e-05 0.200492 0.897682 1.09068 0.0906836 -2.40038 0.0716247 
11 9300 6 0.330634 3.55647e-05 7.02493 0.218092 -3.04199e-05 0.200488 0.897497 1.09046 0.090459 -2.40286 0.072401 
11 9400 6 0.33419 3.55647e-05 7.02493 0.218079 -2.1853e-05 0.20048 0.897442 1.09039 0.0903926 -2.40359 0.0731763 
11 9500 6 0.337747 3.55647e-05 7.02493 0.218063 -6.7589e-06 0.200478 0.897377 1.09031 0.0903127 -2.40448 0.0739515 
11 9600 6 0.341303 3.55647e-05 7.02493 0.218036 -2.06382e-05 0.200475 0.897268 1.09018 0.0901802 -2.40595 0.0747272 
11 9700 6 0.34486 3.55647e-05 7.02493 0.218035 -5.07536e-05 0.20047 0.897262 1.09017 0.0901738 -2.40602 0.0755028 
11 9800 6 0.348416 3.55647e-05 7.02493 0.218019 -7.79334e-05 0.200466 0.897197 1.09009 0.0900946 -2.40689 0.0762784 
11 9900 6 0.351973 3.55647e-05 7.02493 0.217979 -7.75898e-05 0.200463 0.897032 1.08989 0.0898934 -2.40913 0.0770523 
11 10000 6 0.355529 3.55647e-05 7.02493 0.217933 -7.65657e-05 0.200462 0.896842 1.08966 0.0896634 -2.41169 0.0778287 
11 10100 6 0.359086 3.55647e-05 7.02493 0.217878 -6.69653e-05 0.200458 0.896618 1.08939 0.0893906 -2.41474 0.0786034 
11 10200 6 0.362642 3.55647e-05 7.02493 0.217875 -6.70944e-05 0.200451 0.896606 1.08938 0.0893762 -2.4149 0.079379 
11 10300 6 0.366199 3.55647e-05 7.02493 0.217887 -0.000106394 0.200449 0.896655 1.08944 0.0894364 -2.41423 0.0801531 
11 10400 6 0.369755 3.55647e-05 7.02493 0.217901 -8.43797e-05 0.200443 0.896713 1.08951 0.0895067 -2.41344 0.0809279 
11 10500 6 0.373312 3.55647e-05 7.02493 0.21792 -7.82818e-05 0.200435 0.89679 1.0896 0.0895999 -2.4124 0.0817037 
11 10600 6 0.376868 3.55647e-05 7.02493 0.217901 -4.93969e-05 0.200431 0.896712 1.08951 0.0895055 -2.41345 0.0824786 
11 10700 6 0.380424 3.55647e-05 7.02493 0.217925 -3.37792e-05 0.200428 0.896809 1.08962 0.0896226 -2.41215 0.0832536 
11 10800 6 0.383981 3.55647e-05 7.02493 0.217932 -4.78061e-05 0.200428 0.89684 1.08966 0.0896609 -2.41172 0.0840287 
11 10900 6 0.387537 3.55647e-05 7.02493 0.217843 -5.16836e-05 0.200429 0.896474 1.08922 0.0892154 -2.4167 0.0848033 
11 11000 6 0.391094 3.55647e-05 7.02493 0.217824 -5.16737e-05 0.200429 0.896397 1.08912 0.0891219 -2.41775 0.0855785 
11 11100 6 0.39465 3.55647e-05 7.02493 0.217795 -4.81155e-05 0.200426 0.896274 1.08897 0.0889727 -2.41943 0.0863532 
11 11200 6 0.398207 3.55647e-05 7.02493 0.217796 -4.74616e-05 0.200421 0.896281 1.08898 0.088982 -2.41932 0.087127 
11 11300 7 0.401743 3.55647e-05 7.02493 0.217784 -4.77607e-05 0.200422 0.896228 1.08892 0.0889176 -2.42005 0.087902 
11 11400 7 0.405299 3.55647e-05 7.02493 0.217769 -3.45504e-05 0.200422 0.89617 1.08885 0.0888464 -2.42085 0.0886768 
11 11500 7 0.408856 3.55647e-05 7.02493 0.217748 -5.77289e-05 0.20042 0.896083 1.08874 0.0887409 -2.42203 0.0894512 
11 11600 7 0.412412 3.55647e-05 7.02493 0.217711 -6.06471e-05 0.200417 0.89593 1.08855 0.0885545 -2.42414 0.0902253 
11 11700 7 0.415969 3.55647e-05 7.02493 0.217666 -4.04533e-05 0.200414 0.895744 1.08833 0.0883284 -2.42669 0.0909997 
11 11800 7 0.419525 3.55647e-05 7.02493 0.217644 -2.1239e-05 0.200413 0.895653 1.08822 0.088218 -2.42794 0.0917736 
11 11900 7 0.423082 3.55647e-05 7.02493 0.217618 -3.37202e-05 0.200413 0.895549 1.08809 0.0880924 -2.42937 0.0925476 
11 12000 7 0.426638 3.55647e-05 7.02493 0.217594 -4.45735e-05 0.200411 0.895448 1.08797 0.0879699 -2.43076 0.0933221 
11 12100 7 0.430194 3.55647e-05 7.02493 0.217601 -3.16703e-05 0.200406 0.895479 1.08801 0.0880067 -2.43034 0.0940962 
11 12200 7 0.433751 3.55647e-05 7.02493 0.217617 -1.64013e-05 0.2004 0.895545 1.08809 0.0880871 -2.42943 0.0948699 
11 12300 7 0.437307 3.55647e-05 7.02493 0.217606 -3.50392e-06 0.200397 0.8955 1.08803 0.0880323 -2.43005 0.0956436 
11 12400 7 0.440864 3.55647e-05 7.02493 0.217618 1.42605e-05 0.200395 0.895546 1.08809 0.0880883 -2.42942 0.0964179 
11 12500 7 0.44442 3.55647e-05 7.02493 0.217614 3.49814e-05 0.200394 0.89553 1.08807 0.0880686 -2.42964 0.0971913 
11 12600 7 0.447977 3.55647e-05 7.02493 0.217644 5.53608e-05 0.200393 0.895653 1.08822 0.0882178 -2.42795 0.0979652 
11 12700 7 0.451533 3.55647e-05 7.02493 0.217638 6.32006e-05 0.200393 0.895632 1.08819 0.0881923 -2.42824 0.0987402 
11 12800 7 0.45509 3.55647e-05 7.02493 0.217586 6.45609e-05 0.200394 0.895415 1.08793 0.0879293 -2.43122 0.099514 
11 12900 7 0.458646 3.55647e-05 7.02493 0.217562 3.61943e-05 0.200392 0.895317 1.08781 0.0878099 -2.43258 0.100287 
11 13000 7 0.462203 3.55647e-05 7.02493 0.217529 3.32444e-05 0.200389 0.895183 1.08765 0.0876475 -2.43443 0.101061 
11 13100 7 0.465759 3.55647e-05 7.02493 0.217521 3.81301e-05 0.200387 0.895148 1.0876 0.0876043 -2.43493 0.101835 
11 13200 7 0.469316 3.55647e-05 7.02493 0.217464 4.11752e-05 0.200389 0.894912 1.08732 0.0873186 -2.43819 0.102609 
11 13300 7 0.472872 3.55647e-05 7.02493 0.217438 4.80946e-05 0.200391 0.894807 1.08719 0.0871903 -2.43966 0.103381 
11 13400 7 0.476429 3.55647e-05 7.02493 0.217387 2.29484e-05 0.200391 0.894597 1.08694 0.086935 -2.44259 0.104155 
11 13500 7 0.479985 3.55647e-05 7.02493 0.217369 9.70714e-07 0.200388 0.894521 1.08684 0.0868432 -2.44365 0.104928 
11 13600 8 0.483521 3.55647e-05 7.02493 0.217388 -3.87146e-06 0.200386 0.8946 1.08694 0.0869396 -2.44254 0.105701 
11 13700 8 0.487077 3.55647e-05 7.02493 0.217366 -4.88245e-06 0.200387 0.89451 1.08683 0.0868302 -2.4438 0.106474 
11 13800 8 0.490634 3.55647e-05 7.02493 0.21733 1.1138e-05 0.200385 0.89436 1.08665 0.0866479 -2.4459 0.107247 
11 13900 8 0.49419 3.55647e-05 7.02493 0.217284 2.83396e-05 0.200386 0.894174 1.08642 0.0864213 -2.44852 0.10802 
11 14000 8 0.497747 3.55647e-05 7.02493 0.217322 3.61965e-05 0.20038 0.894327 1.08661 0.0866076 -2.44637 0.108793 
11 14100 8 0.501303 3.55647e-05 7.02493 0.217345 2.66939e-05 0.200376 0.894423 1.08672 0.0867236 -2.44503 0.109566 
11 14200 8 0.50486 3.55647e-05 7.02493 0.217334 2.63608e-05 0.200374 0.89438 1.08667 0.0866717 -2.44563 0.110339 
11 14300 8 0.508416 3.55647e-05 7.02493 0.217334 2.51125e-05 0.200373 0.894378 1.08667 0.0866695 -2.44565 0.111112 
11 14400 8 0.511973 3.55647e-05 7.02493 0.217352 4.42365e-06 0.200371 0.894451 1.08676 0.0867576 -2.44464 0.111885 
11 14500 8 0.515529 3.55647e-05 7.02493 0.21734 1.5939e-05 0.200371 0.894403 1.0867 0.0866996 -2.44531 0.112658 
11 14600 8 0.519086 3.55647e-05 7.02493 0.217307 1.15833e-05 0.200372 0.894269 1.08654 0.0865372 -2.44718 0.113432 
11 14700 8 0.522642 3.55647e-05 7.02493 0.217243 7.30942e-06 0.200373 0.894003 1.08621 0.0862142 -2.45092 0.114204 
11 14800 8 0.526199 3.55647e-05 7.02493 0.217225 1.71827e-07 0.200371 0.893929 1.08612 0.0861233 -2.45198 0.114977 
11 14900 8 0.529755 3.55647e-05 7.02493 0.217224 -5.54648e-06 0.200369 0.893925 1.08612 0.0861184 -2.45203 0.115749 
11 15000 8 0.533312 3.55647e-05 7.02493 0.217219 -1.92233e-06 0.200369 0.893905 1.0861 0.0860951 -2.4523 0.116521 
11 15100 8 0.536868 3.55647e-05 7.02493 0.217232 9.01763e-06 0.20037 0.89396 1.08616 0.0861617 -2.45153 0.117295 
11 15200 8 0.540424 3.55647e-05 7.02493 0.217233 3.21543e-05 0.20037 0.893961 1.08616 0.0861625 -2.45152 0.118067 
11 15300 8 0.543981 3.55647e-05 7.02493 0.217176 5.60899e-06 0.200374 0.893727 1.08588 0.0858786 -2.45482 0.118839 
11 15400 8 0.547537 3.55647e-05 7.02493 0.217112 -9.13393e-07 0.200372 0.893466 1.08556 0.0855609 -2.45853 0.119611 
11 15500 8 0.551094 3.55647e-05 7.02493 0.217097 8.09302e-07 0.200372 0.893403 1.08548 0.0854849 -2.45942 0.120383 
11 15600 8 0.55465 3.55647e-05 7.02493 0.217063 6.7773e-06 0.200374 0.893263 1.08531 0.0853146 -2.46141 0.121156 
11 15700 8 0.558207 3.55647e-05 7.02493 0.217062 -1.40028e-05 0.200371 0.893258 1.08531 0.085308 -2.46149 0.121928 
11 15800 9 0.561743 3.55647e-05 7.02493 0.217039 -6.9463e-05 0.200372 0.893166 1.0852 0.0851969 -2.46279 0.1227 
11 15900 9 0.565299 3.55647e-05 7.02493 0.217038 -6.41891e-05 0.200367 0.89316 1.08519 0.0851899 -2.46287 0.123472 
11 16000 9 0.568856 3.55647e-05 7.02493 0.217092 -4.65032e-05 0.200362 0.893382 1.08546 0.0854594 -2.45971 0.124244 
11 16100 9 0.572412 3.55647e-05 7.02493 0.217084 -6.00146e-05 0.20036 0.89335 1.08542 0.0854203 -2.46017 0.125016 
11 16200 9 0.575969 3.55647e-05 7.02493 0.217059 -6.76461e-05 0.20036 0.893246 1.08529 0.0852942 -2.46165 0.125788 
11 16300 9 0.579525 3.55647e-05 7.02493 0.217054 -6.32781e-05 0.20036 0.893227 1.08527 0.0852702 -2.46193 0.12656 
11 16400 9 0.583082 3.55647e-05 7.02493 0.217062 -4.32946e-05 0.200358 0.893257 1.08531 0.0853078 -2.46149 0.127332 
11 16500 9 0.586638 3.55647e-05 7.02493 0.21706 -3.16569e-05 0.200359 0.893252 1.0853 0.0853012 -2.46157 0.128104 
11 16600 9 0.590194 3.55647e-05 7.02493 0.217057 -3.61628e-05 0.20036 0.89324 1.08529 0.0852867 -2.46174 0.128876 
11 16700 9 0.593751 3.55647e-05 7.02493 0.217047 -2.82857e-05 0.200357 0.893196 1.08523 0.0852326 -2.46237 0.129649 
11 16800 9 0.597307 3.55647e-05 7.02493 0.217056 -1.17109e-05 0.200356 0.893233 1.08528 0.0852778 -2.46184 0.130421 
11 16900 9 0.600864 3.55647e-05 7.02493 0.21705 4.61581e-06 0.200355 0.893208 1.08525 0.0852483 -2.46219 0.131193 
11 17000 9 0.60442 3.55647e-05 7.02493 0.21699 1.13243e-06 0.200357 0.892962 1.08495 0.0849492 -2.4657 0.131964 
11 17100 9 0.607977 3.55647e-05 7.02493 0.216926 1.07656e-05 0.200362 0.892698 1.08463 0.0846278 -2.46949 0.132736 
11 17200 9 0.611533 3.55647e-05 7.02493 0.216896 4.86821e-05 0.200365 0.892577 1.08448 0.0844816 -2.47122 0.133507 
11 17300 9 0.61509 3.55647e-05 7.02493 0.216865 0.000125703 0.200365 0.892449 1.08433 0.084326 -2.47306 0.134278 
11 17400 9 0.618646 3.55647e-05 7.02493 0.216883 0.000147895 0.200361 0.892521 1.08441 0.0844136 -2.47203 0.135049 
11 17500 9 0.622203 3.55647e-05 7.02493 0.216883 0.000162568 0.200363 0.892522 1.08441 0.0844138 -2.47202 0.135821 
11 17600 9 0.625759 3.55647e-05 7.02493 0.216863 0.000152746 0.200361 0.892439 1.08431 0.0843138 -2.47321 0.136592 
11 17700 9 0.629316 3.55647e-05 7.02493 0.216858 0.000116554 0.20036 0.89242 1.08429 0.0842907 -2.47348 0.137363 
11 17800 9 0.632872 3.55647e-05 7.02493 0.216805 1.94189e-05 0.200362 0.892203 1.08403 0.0840266 -2.47662 0.138135 
11 17900 9 0.636429 3.55647e-05 7.02493 0.216768 3.10479e-05 0.200362 0.892051 1.08384 0.083842 -2.47882 0.138906 
11 18000 9 0.639985 3.55647e-05 7.02493 0.216789 8.37075e-05 0.200357 0.892134 1.08394 0.0839432 -2.47761 0.139677 
11 18100 10 0.643521 3.55647e-05 7.02493 0.216783 8.32756e-05 0.200356 0.892113 1.08392 0.083917 -2.47793 0.140448 
11 18200 10 0.647077 3.55647e-05 7.02493 0.216786 7.38887e-05 0.200357 0.892124 1.08393 0.0839311 -2.47776 0.141219 
11 18300 10 0.650634 3.55647e-05 7.02493 0.216825 7.79049e-05 0.200352 0.892285 1.08413 0.0841264 -2.47543 0.14199 
11 18400 10 0.65419 3.55647e-05 7.02493 0.216838 7.10233e-05 0.200351 0.892337 1.08419 0.0841892 -2.47469 0.142761 
11 18500 10 0.657747 3.55647e-05 7.02493 0.216818 6.98241e-05 0.200353 0.892255 1.08409 0.0840899 -2.47587 0.143533 
11 18600 10 0.661303 3.55647e-05 7.02493 0.216826 5.69908e-05 0.200352 0.892289 1.08413 0.0841306 -2.47538 0.144303 
11 18700 10 0.66486 3.55647e-05 7.02493 0.216789 4.62498e-05 0.200352 0.892136 1.08395 0.0839451 -2.47759 0.145075 
11 18800 10 0.668416 3.55647e-05 7.02493 0.216781 4.58896e-05 0.20035 0.892105 1.08391 0.0839072 -2.47804 0.145846 
11 18900 10 0.671973 3.55647e-05 7.02493 0.216766 3.11933e-05 0.20035 0.892041 1.08383 0.0838296 -2.47897 0.146617 
11 19000 10 0.675529 3.55647e-05 7.02493 0.216738 2.74879e-05 0.200354 0.891925 1.08369 0.083689 -2.48065 0.147388 
11 19100 10 0.679086 3.55647e-05 7.02493 0.216699 4.71466e-05 0.200355 0.891767 1.0835 0.0834966 -2.48295 0.148158 
11 19200 10 0.682642 3.55647e-05 7.02493 0.216637 5.25408e-05 0.200361 0.89151 1.08318 0.0831848 -2.48669 0.148929 
11 19300 10 0.686199 3.55647e-05 7.02493 0.216561 4.8913e-05 0.200362 0.891197 1.0828 0.0828045 -2.49127 0.1497 
11 19400 10 0.689755 3.55647e-05 7.02493 0.216562 1.93259e-05 0.200361 0.8912 1.08281 0.0828081 -2.49123 0.15047 
11 19500 10 0.693312 3.55647e-05 7.02493 0.216606 3.18185e-06 0.200358 0.891383 1.08303 0.0830298 -2.48856 0.15124 
11 19600 10 0.696868 3.55647e-05 7.02493 0.216639 3.38681e-06 0.200355 0.89152 1.0832 0.0831968 -2.48655 0.15201 
11 19700 10 0.700424 3.55647e-05 7.02493 0.216652 1.51069e-05 0.200355 0.891571 1.08326 0.0832589 -2.4858 0.152781 
11 19800 10 0.703981 3.55647e-05 7.02493 0.21659 3.9812e-05 0.200359 0.891317 1.08295 0.0829505 -2.48951 0.153552 
11 19900 10 0.707537 3.55647e-05 7.02493 0.216584 4.27051e-05 0.200355 0.891292 1.08292 0.0829193 -2.48989 0.154323 
11 20000 10 0.711094 3.55647e-05 7.02493 0.216572 1.15182e-05 0.200351 0.891243 1.08286 0.0828603 -2.4906 0.155092 
11 20100 10 0.71465 3.55647e-05 7.02493 0.216566 -2.49166e-05 0.200352 0.891219 1.08283 0.0828309 -2.49095 0.155863 
11 20200 10 0.718207 3.55647e-05 7.02493 0.216558 -5.66319e-05 0.20035 0.891185 1.08279 0.08279 -2.49145 0.156633 
11 20300 11 0.721743 3.55647e-05 7.02493 0.216602 -5.98387e-05 0.200348 0.891366 1.08301 0.0830093 -2.4888 0.157403 
11 20400 11 0.725299 3.55647e-05 7.02493 0.216601 -6.94111e-05 0.200347 0.891361 1.083 0.0830036 -2.48887 0.158174 
11 20500 11 0.728856 3.55647e-05 7.02493 0.216569 -6.47778e-05 0.200349 0.891233 1.08285 0.0828475 -2.49075 0.158944 
11 20600 11 0.732412 3.55647e-05 7.02493 0.216573 -5.43824e-05 0.200348 0.891247 1.08287 0.0828652 -2.49054 0.159714 
11 20700 11 0.735969 3.55647e-05 7.02493 0.216592 -6.88398e-05 0.200346 0.891323 1.08296 0.0829579 -2.48942 0.160484 
11 20800 11 0.739525 3.55647e-05 7.02493 0.216612 -9.24292e-05 0.200344 0.891408 1.08306 0.0830604 -2.48819 0.161255 
11 20900 11 0.743082 3.55647e-05 7.02493 0.216606 -9.57566e-05 0.200346 0.891382 1.08303 0.0830291 -2.48856 0.162026 
11 21000 11 0.746638 3.55647e-05 7.02493 0.216559 -0.00010682 0.200349 0.891191 1.0828 0.0827973 -2.49136 0.162796 
11 21100 11 0.750194 3.55647e-05 7.02493 0.216508 -9.58935e-05 0.200352 0.890981 1.08254 0.082542 -2.49445 0.163566 
11 21200 11 0.753751 3.55647e-05 7.02493 0.216465 -8.03916e-05 0.200354 0.890801 1.08232 0.0823231 -2.4971 0.164335 
11 21300 11 0.757307 3.55647e-05 7.02493 0.216407 -6.0461e-05 0.200356 0.890564 1.08204 0.0820354 -2.5006 0.165105 
11 21400 11 0.760864 3.55647e-05 7.02493 0.21637 -3.6277e-05 0.200357 0.89041 1.08185 0.0818482 -2.50289 0.165875 
11 21500 11 0.76442 3.55647e-05 7.02493 0.216366 -4.13994e-05 0.200356 0.890395 1.08183 0.0818297 -2.50311 0.166644 
11 21600 11 0.767977 3.55647e-05 7.02493 0.216406 -3.71128e-05 0.200351 0.890561 1.08203 0.0820316 -2.50065 0.167414 
11 21700 11 0.771533 3.55647e-05 7.02493 0.216429 -4.12062e-05 0.200352 0.890653 1.08214 0.082143 -2.49929 0.168184 
11 21800 11 0.77509 3.55647e-05 7.02493 0.216381 -2.41433e-05 0.200355 0.890455 1.0819 0.081903 -2.50222 0.168953 
11 21900 11 0.778646 3.55647e-05 7.02493 0.216408 -2.12765e-05 0.200349 0.890568 1.08204 0.0820405 -2.50054 0.169724 
11 22000 11 0.782203 3.55647e-05 7.02493 0.216416 -9.09282e-06 0.200347 0.890599 1.08208 0.082078 -2.50008 0.170493 
11 22100 11 0.785759 3.55647e-05 7.02493 0.216378 9.72347e-07 0.200347 0.890445 1.08189 0.0818901 -2.50238 0.171263 
11 22200 11 0.789316 3.55647e-05 7.02493 0.21639 2.14614e-05 0.200347 0.890494 1.08195 0.0819504 -2.50164 0.172032 
11 22300 11 0.792872 3.55647e-05 7.02493 0.216436 2.89583e-05 0.200344 0.890684 1.08218 0.0821809 -2.49883 0.172802 
11 22400 11 0.796429 3.55647e-05 7.02493 0.216408 1.14402e-05 0.200345 0.890569 1.08204 0.0820415 -2.50053 0.173572 
11 22500 11 0.799985 3.55647e-05 7.02493 0.216402 -1.33882e-06 0.200345 0.890543 1.08201 0.08201 -2.50091 0.174342 
11 22600 12 0.803521 3.55647e-05 7.02493 0.216404 -1.84945e-05 0.200344 0.890549 1.08202 0.0820176 -2.50082 0.175111 
11 22700 12 0.807077 3.55647e-05 7.02493 0.216382 -2.06559e-05 0.200344 0.89046 1.08191 0.0819085 -2.50215 0.17588 
11 22800 12 0.810634 3.55647e-05 7.02493 0.216364 -1.65693e-05 0.200345 0.890388 1.08182 0.0818214 -2.50322 0.17665 
11 22900 12 0.81419 3.55647e-05 7.02493 0.216346 -1.38709e-05 0.200345 0.890311 1.08173 0.0817278 -2.50436 0.17742 
11 23000 12 0.817747 3.55647e-05 7.02493 0.216349 -1.00633e-05 0.200348 0.890323 1.08174 0.0817429 -2.50418 0.17819 
11 23100 12 0.821303 3.55647e-05 7.02493 0.216349 2.5181e-06 0.200347 0.890325 1.08174 0.0817448 -2.50415 0.178959 
11 23200 12 0.82486 3.55647e-05 7.02493 0.216325 2.97781e-05 0.20035 0.890225 1.08162 0.0816232 -2.50564 0.179728 
11 23300 12 0.828416 3.55647e-05 7.02493 0.216267 5.15793e-05 0.200352 0.889986 1.08133 0.0813333 -2.5092 0.180497 
11 23400 12 0.831973 3.55647e-05 7.02493 0.216217 8.98429e-05 0.200354 0.889781 1.08108 0.0810836 -2.51227 0.181266 
11 23500 12 0.835529 3.55647e-05 7.02493 0.216186 5.35811e-05 0.200353 0.889653 1.08093 0.080929 -2.51418 0.182035 
11 23600 12 0.839086 3.55647e-05 7.02493 0.216196 5.63277e-05 0.200351 0.889693 1.08098 0.0809775 -2.51358 0.182804 
11 23700 12 0.842642 3.55647e-05 7.02493 0.216218 6.28786e-05 0.200351 0.889788 1.08109 0.0810923 -2.51217 0.183574 
11 23800 12 0.846199 3.55647e-05 7.02493 0.216172 1.18871e-05 0.200353 0.889596 1.08086 0.0808586 -2.51505 0.184343 
11 23900 12 0.849755 3.55647e-05 7.02493 0.216238 2.92899e-05 0.200345 0.889868 1.08119 0.0811894 -2.51097 0.185112 
11 24000 12 0.853312 3.55647e-05 7.02493 0.216256 1.41351e-05 0.200344 0.889943 1.08128 0.0812808 -2.50985 0.185881 
11 24100 12 0.856868 3.55647e-05 7.02493 0.216219 -8.99626e-06 0.200344 0.889789 1.08109 0.0810934 -2.51215 0.18665 
11 24200 12 0.860424 3.55647e-05 7.02493 0.216197 -3.40904e-05 0.200345 0.889699 1.08098 0.0809843 -2.5135 0.187419 
11 24300 12 0.863981 3.55647e-05 7.02493 0.216233 -3.54487e-05 0.200343 0.889848 1.08117 0.0811658 -2.51126 0.188187 
11 24400 12 0.867537 3.55647e-05 7.02493 0.21619 -2.02264e-05 0.200346 0.88967 1.08095 0.0809487 -2.51394 0.188957 
11 24500 12 0.871094 3.55647e-05 7.02493 0.216172 -1.31343e-05 0.200348 0.889598 1.08086 0.080861 -2.51502 0.189726 
11 24600 12 0.87465 3.55647e-05 7.02493 0.216192 1.27474e-05 0.200346 0.88968 1.08096 0.0809611 -2.51379 0.190494 
11 24700 12 0.878207 3.55647e-05 7.02493 0.216196 3.17127e-05 0.200345 0.889694 1.08098 0.0809784 -2.51357 0.191264 
11 24800 13 0.881743 3.55647e-05 7.02493 0.21619 2.99815e-05 0.200344 0.889669 1.08095 0.0809479 -2.51395 0.192032 
11 24900 13 0.885299 3.55647e-05 7.02493 0.216175 1.63268e-05 0.200346 0.889608 1.08087 0.0808733 -2.51487 0.192802 
11 25000 13 0.888856 3.55647e-05 7.02493 0.216131 1.65864e-05 0.200349 0.889428 1.08066 0.0806556 -2.51757 0.193571 
11 25100 13 0.892412 3.55647e-05 7.02493 0.216104 8.24639e-06 0.20035 0.889318 1.08052 0.0805215 -2.51923 0.194339 
11 25200 13 0.895969 3.55647e-05 7.02493 0.216085 4.77554e-06 0.200351 0.889237 1.08042 0.0804234 -2.52045 0.195108 
11 25300 13 0.899525 3.55647e-05 7.02493 0.216064 2.20596e-05 0.200352 0.889154 1.08032 0.0803216 -2.52172 0.195876 
11 25400 13 0.903082 3.55647e-05 7.02493 0.216052 2.72751e-05 0.200352 0.889102 1.08026 0.0802588 -2.5225 0.196644 
11 25500 13 0.906638 3.55647e-05 7.02493 0.216041 7.44176e-06 0.200351 0.889056 1.0802 0.0802036 -2.52319 0.197413 
11 25600 13 0.910194 3.55647e-05 7.02493 0.21603 -7.61611e-06 0.200349 0.889013 1.08015 0.0801509 -2.52384 0.198181 
11 25700 13 0.913751 3.55647e-05 7.02493 0.216033 1.93313e-05 0.200351 0.889025 1.08017 0.0801658 -2.52366 0.19895 
11 25800 13 0.917307 3.55647e-05 7.02493 0.215993 -3.69844e-05 0.200352 0.888858 1.07996 0.0799628 -2.52619 0.199718 
11 25900 13 0.920864 3.55647e-05 7.02493 0.216023 -4.67742e-05 0.200349 0.888984 1.08012 0.0801152 -2.52429 0.200486 
11 26000 13 0.92442 3.55647e-05 7.02493 0.216057 -3.95565e-05 0.200344 0.889122 1.08028 0.0802826 -2.5222 0.201254 
11 26100 13 0.927977 3.55647e-05 7.02493 0.216046 -4.72289e-05 0.200344 0.889079 1.08023 0.0802305 -2.52285 0.202023 
11 26200 13 0.931533 3.55647e-05 7.02493 0.21605 -7.21951e-05 0.200343 0.889093 1.08025 0.0802478 -2.52264 0.202792 
11 26300 13 0.93509 3.55647e-05 7.02493 0.216066 -8.81548e-05 0.200343 0.889162 1.08033 0.0803321 -2.52159 0.20356 
11 26400 13 0.938646 3.55647e-05 7.02493 0.216036 -7.16136e-05 0.200345 0.889036 1.08018 0.0801784 -2.5235 0.204328 
11 26500 13 0.942203 3.55647e-05 7.02493 0.216019 -4.29929e-05 0.200345 0.888968 1.0801 0.0800963 -2.52453 0.205097 
11 26600 13 0.945759 3.55647e-05 7.02493 0.215999 -1.2616e-05 0.200346 0.888886 1.08 0.0799967 -2.52577 0.205865 
11 26700 13 0.949316 3.55647e-05 7.02493 0.216009 -6.07069e-06 0.200347 0.888926 1.08004 0.0800446 -2.52517 0.206632 
11 26800 13 0.952872 3.55647e-05 7.02493 0.216007 -1.34201e-05 0.200344 0.888917 1.08003 0.0800344 -2.5253 0.207401 
11 26900 13 0.956429 3.55647e-05 7.02493 0.216011 -1.57269e-05 0.200345 0.888935 1.08006 0.0800565 -2.52502 0.20817 
11 27000 13 0.959985 3.55647e-05 7.02493 0.216003 1.03599e-06 0.200346 0.8889 1.08001 0.0800131 -2.52556 0.208938 
11 27100 14 0.963521 3.55647e-05 7.02493 0.215973 2.59374e-05 0.200349 0.888779 1.07987 0.0798663 -2.5274 0.209707 
11 27200 14 0.967077 3.55647e-05 7.02493 0.215928 3.12754e-05 0.200349 0.888594 1.07964 0.0796419 -2.53022 0.210474 
11 27300 14 0.970634 3.55647e-05 7.02493 0.215919 4.12366e-05 0.20035 0.888555 1.07959 0.0795947 -2.53081 0.211242 
11 27400 14 0.97419 3.55647e-05 7.02493 0.215874 3.72287e-05 0.200352 0.888371 1.07937 0.079371 -2.53362 0.21201 
11 27500 14 0.977747 3.55647e-05 7.02493 0.215852 1.09258e-05 0.200354 0.888278 1.07926 0.0792584 -2.53504 0.212778 
11 27600 14 0.981303 3.55647e-05 7.02493 0.21587 1.69441e-05 0.200351 0.888354 1.07935 0.0793504 -2.53388 0.213545 
11 27700 14 0.98486 3.55647e-05 7.02493 0.215914 3.03371e-05 0.200348 0.888536 1.07957 0.0795717 -2.5311 0.214314 
11 27800 14 0.988416 3.55647e-05 7.02493 0.215896 2.51472e-05 0.200348 0.88846 1.07948 0.0794784 -2.53227 0.215082 
11 27900 14 0.991973 3.55647e-05 7.02493 0.215905 3.19992e-05 0.200346 0.888498 1.07952 0.079525 -2.53168 0.21585 
11 28000 14 0.995529 3.55647e-05 7.02493 0.21592 3.97606e-05 0.200344 0.88856 1.0796 0.0795999 -2.53074 0.216618 
11 28100 14 0.999086 3.55647e-05 7.02493 0.215883 4.70061e-05 0.200344 0.888408 1.07942 0.0794156 -2.53306 0.217385 
11 28200 14 1.00264 3.55647e-05 7.02493 0.21589 3.84399e-05 0.200344 0.888435 1.07945 0.079449 -2.53264 0.218153 
11 28300 14 1.0062 3.55647e-05 7.02493 0.215924 2.63342e-05 0.200341 0.888577 1.07962 0.0796213 -2.53047 0.218921 
11 28400 14 1.00976 3.55647e-05 7.02493 0.215921 -2.13279e-05 0.200342 0.888566 1.07961 0.0796071 -2.53065 0.219689 
11 28500 14 1.01331 3.55647e-05 7.02493 0.215866 -1.80008e-05 0.200346 0.888338 1.07933 0.0793306 -2.53413 0.220457 
11 28600 14 1.01687 3.55647e-05 7.02493 0.215836 -3.9046e-07 0.200346 0.888215 1.07918 0.0791816 -2.53601 0.221225 
11 28700 14 1.02042 3.55647e-05 7.02493 0.215866 2.82126e-05 0.200344 0.888338 1.07933 0.0793309 -2.53413 0.221992 
11 28800 14 1.02398 3.55647e-05 7.02493 0.215859 1.99608e-05 0.200344 0.888308 1.07929 0.0792936 -2.5346 0.22276 
11 28900 14 1.02754 3.55647e-05 7.02493 0.215843 1.26929e-05 0.200344 0.888243 1.07922 0.0792151 -2.53559 0.223527 
11 29000 14 1.03109 3.55647e-05 7.02493 0.215834 -1.25964e-05 0.200346 0.888205 1.07917 0.0791687 -2.53617 0.224295 
11 29100 14 1.03465 3.55647e-05 7.02493 0.215808 -1.91507e-05 0.200348 0.888097 1.07904 0.079038 -2.53783 0.225063 
11 29200 14 1.03821 3.55647e-05 7.02493 0.215754 -8.26057e-06 0.200351 0.887877 1.07877 0.0787703 -2.54122 0.22583 
11 29300 15 1.04174 3.55647e-05 7.02493 0.215719 -1.56952e-05 0.20035 0.887733 1.0786 0.0785955 -2.54344 0.226597 
11 29400 15 1.0453 3.55647e-05 7.02493 0.215714 9.27782e-06 0.20035 0.887712 1.07857 0.0785698 -2.54377 0.227365 
11 29500 15 1.04886 3.55647e-05 7.02493 0.215715 -1.44888e-06 0.200351 0.887717 1.07858 0.0785762 -2.54369 0.228132 
11 29600 15 1.05241 3.55647e-05 7.02493 0.215722 -6.61831e-06 0.20035 0.887746 1.07861 0.0786118 -2.54323 0.2289 
11 29700 15 1.05597 3.55647e-05 7.02493 0.215739 -3.02513e-05 0.200349 0.887813 1.07869 0.0786933 -2.5422 0.229667 
11 29800 15 1.05953 3.55647e-05 7.02493 0.215747 -3.46368e-05 0.200347 0.887849 1.07874 0.0787366 -2.54165 0.230434 
11 29900 15 1.06308 3.55647e-05 7.02493 0.215739 -2.98269e-05 0.200345 0.887813 1.07869 0.0786933 -2.5422 0.231202 
11 30000 15 1.06664 3.55647e-05 7.02493 0.215762 -1.55595e-06 0.200343 0.88791 1.07881 0.0788111 -2.5407 0.231969 
11 30100 15 1.07019 3.55647e-05 7.02493 0.215756 9.40145e-06 0.200342 0.887884 1.07878 0.0787789 -2.54111 0.232736 
11 30200 15 1.07375 3.55647e-05 7.02493 0.215741 -6.68207e-06 0.200342 0.887821 1.0787 0.0787027 -2.54208 0.233503 
11 30300 15 1.07731 3.55647e-05 7.02493 0.215772 4.077e-06 0.200341 0.88795 1.07886 0.0788588 -2.5401 0.234271 
11 30400 15 1.08086 3.55647e-05 7.02493 0.215813 7.03196e-06 0.200339 0.888119 1.07906 0.0790648 -2.53749 0.235038 
11 30500 15 1.08442 3.55647e-05 7.02493 0.215776 8.97365e-06 0.200342 0.887969 1.07888 0.0788823 -2.5398 0.235806 
11 30600 15 1.08798 3.55647e-05 7.02493 0.215703 -1.05786e-05 0.200346 0.887667 1.07851 0.0785148 -2.54447 0.236573 
11 30700 15 1.09153 3.55647e-05 7.02493 0.215678 -2.54198e-05 0.200347 0.887563 1.07839 0.0783888 -2.54607 0.23734 
11 30800 15 1.09509 3.55647e-05 7.02493 0.215669 -4.94185e-05 0.200346 0.887529 1.07835 0.0783472 -2.54661 0.238107 
11 30900 15 1.09865 3.55647e-05 7.02493 0.215649 -4.63638e-05 0.200348 0.887446 1.07825 0.0782474 -2.54788 0.238874 
11 31000 15 1.1022 3.55647e-05 7.02493 0.215658 -4.65853e-05 0.200347 0.88748 1.07829 0.0782878 -2.54736 0.239642 
11 31100 15 1.10576 3.55647e-05 7.02493 0.215647 -5.90884e-05 0.20035 0.887437 1.07824 0.0782355 -2.54803 0.240409 
11 31200 15 1.10932 3.55647e-05 7.02493 0.215658 -7.56608e-05 0.20035 0.887481 1.07829 0.0782898 -2.54734 0.241175 
11 31300 15 1.11287 3.55647e-05 7.02493 0.215652 -8.29141e-05 0.200348 0.887458 1.07826 0.0782616 -2.5477 0.241943 
11 31400 15 1.11643 3.55647e-05 7.02493 0.215629 -3.93573e-05 0.200349 0.887362 1.07814 0.0781449 -2.54919 0.24271 
11 31500 15 1.11999 3.55647e-05 7.02493 0.215623 2.56013e-06 0.20035 0.887337 1.07811 0.078114 -2.54959 0.243477 
11 31600 16 1.12352 3.55647e-05 7.02493 0.215573 1.89884e-05 0.200354 0.887132 1.07787 0.0778657 -2.55277 0.244243 
11 31700 16 1.12708 3.55647e-05 7.02493 0.215549 2.7431e-05 0.200354 0.887034 1.07775 0.0777457 -2.55431 0.245009 
11 31800 16 1.13063 3.55647e-05 7.02493 0.21558 2.35019e-05 0.200349 0.887162 1.0779 0.0779017 -2.55231 0.245777 
11 31900 16 1.13419 3.55647e-05 7.02493 0.21561 8.13367e-06 0.200348 0.887284 1.07805 0.0780497 -2.55041 0.246543 
11 32000 16 1.13775 3.55647e-05 7.02493 0.215627 1.02751e-05 0.200346 0.887355 1.07814 0.0781363 -2.5493 0.247311 
11 32100 16 1.1413 3.55647e-05 7.02493 0.215649 1.0333e-05 0.200344 0.887443 1.07824 0.0782429 -2.54794 0.248077 
11 32200 16 1.14486 3.55647e-05 7.02493 0.215622 7.65998e-07 0.200343 0.887333 1.07811 0.0781091 -2.54965 0.248844 
11 32300 16 1.14842 3.55647e-05 7.02493 0.215626 -7.6231e-06 0.200342 0.88735 1.07813 0.07813 -2.54938 0.249611 
11 32400 16 1.15197 3.55647e-05 7.02493 0.215626 -1.85103e-05 0.200342 0.887351 1.07813 0.0781316 -2.54936 0.250378 
11 32500 16 1.15553 3.55647e-05 7.02493 0.21563 -1.97677e-05 0.200344 0.887368 1.07815 0.078152 -2.5491 0.251145 
11 32600 16 1.15909 3.55647e-05 7.02493 0.215607 -1.66341e-05 0.200345 0.88727 1.07803 0.0780327 -2.55063 0.251913 
11 32700 16 1.16264 3.55647e-05 7.02493 0.215598 -3.44936e-05 0.200346 0.887236 1.07799 0.0779916 -2.55115 0.252679 
11 32800 16 1.1662 3.55647e-05 7.02493 0.215596 -6.62686e-05 0.200346 0.887225 1.07798 0.0779783 -2.55132 0.253445 
11 32900 16 1.16976 3.55647e-05 7.02493 0.21557 -6.6839e-05 0.200346 0.887117 1.07785 0.0778477 -2.553 0.254212 
11 33000 16 1.17331 3.55647e-05 7.02493 0.215547 -6.33355e-05 0.200349 0.887027 1.07774 0.0777375 -2.55442 0.254979 
11 33100 16 1.17687 3.55647e-05 7.02493 0.215525 -4.65267e-05 0.200351 0.886934 1.07762 0.0776246 -2.55587 0.255746 
11 33200 16 1.18042 3.55647e-05 7.02493 0.215531 -2.59986e-05 0.20035 0.886958 1.07765 0.0776534 -2.5555 0.256512 
11 33300 16 1.18398 3.55647e-05 7.02493 0.215527 -1.95393e-05 0.200349 0.886941 1.07763 0.0776329 -2.55576 0.257279 
11 33400 16 1.18754 3.55647e-05 7.02493 0.215515 -2.1951e-05 0.200347 0.886891 1.07757 0.0775725 -2.55654 0.258046 
11 33500 16 1.19109 3.55647e-05 7.02493 0.215476 -3.7401e-05 0.200352 0.886733 1.07738 0.0773807 -2.55902 0.258813 
11 33600 16 1.19465 3.55647e-05 7.02493 0.215449 -6.05762e-05 0.200353 0.886623 1.07725 0.0772465 -2.56075 0.259579 
11 33700 16 1.19821 3.55647e-05 7.02493 0.215402 -2.12483e-05 0.200354 0.88643 1.07701 0.0770125 -2.56379 0.260344 
11 33800 17 1.20174 3.55647e-05 7.02493 0.215415 1.00266e-06 0.200352 0.886482 1.07708 0.0770762 -2.56296 0.261111 
11 33900 17 1.2053 3.55647e-05 7.02493 0.215459 7.8173e-06 0.200349 0.886663 1.0773 0.0772952 -2.56012 0.261877 
11 34000 17 1.20886 3.55647e-05 7.02493 0.215443 -1.36757e-05 0.200349 0.886598 1.07722 0.0772171 -2.56113 0.262643 
11 34100 17 1.21241 3.55647e-05 7.02493 0.21545 -3.53636e-05 0.200348 0.886625 1.07725 0.0772488 -2.56072 0.26341 
11 34200 17 1.21597 3.55647e-05 7.02493 0.215466 -3.67151e-05 0.200346 0.886692 1.07733 0.0773311 -2.55966 0.264176 
11 34300 17 1.21953 3.55647e-05 7.02493 0.215467 -3.95628e-05 0.200345 0.886694 1.07733 0.0773332 -2.55963 0.264942 
11 34400 17 1.22308 3.55647e-05 7.02493 0.215486 -3.58298e-05 0.200344 0.886773 1.07743 0.0774286 -2.5584 0.265709 
11 34500 17 1.22664 3.55647e-05 7.02493 0.215487 -2.55643e-05 0.200345 0.886778 1.07743 0.0774348 -2.55832 0.266475 
11 34600 17 1.23019 3.55647e-05 7.02493 0.215465 -2.15892e-05 0.200347 0.886686 1.07732 0.0773235 -2.55976 0.267241 
11 34700 17 1.23375 3.55647e-05 7.02493 0.215457 -1.02771e-05 0.200347 0.886653 1.07728 0.0772832 -2.56028 0.268008 
11 34800 17 1.23731 3.55647e-05 7.02493 0.215448 3.61743e-06 0.200346 0.886618 1.07724 0.0772405 -2.56083 0.268774 
11 34900 17 1.24086 3.55647e-05 7.02493 0.215415 5.1873e-06 0.200347 0.886481 1.07707 0.0770742 -2.56299 0.26954 
11 35000 17 1.24442 3.55647e-05 7.02493 0.215376 -9.99818e-07 0.200351 0.886321 1.07688 0.0768795 -2.56552 0.270307 
11 35100 17 1.24798 3.55647e-05 7.02493 0.215333 -9.01701e-06 0.200354 0.886142 1.07666 0.0766631 -2.56834 0.271072 
11 35200 17 1.25153 3.55647e-05 7.02493 0.215359 7.21305e-07 0.200352 0.88625 1.07679 0.0767941 -2.56663 0.271838 
11 35300 17 1.25509 3.55647e-05 7.02493 0.21539 -1.42598e-05 0.20035 0.88638 1.07695 0.0769519 -2.56457 0.272604 
11 35400 17 1.25865 3.55647e-05 7.02493 0.215419 2.04556e-06 0.200348 0.8865 1.0771 0.0770974 -2.56269 0.273371 
11 35500 17 1.2622 3.55647e-05 7.02493 0.215367 1.92294e-05 0.200351 0.886285 1.07684 0.076836 -2.56608 0.274137 
11 35600 17 1.26576 3.55647e-05 7.02493 0.215329 3.11752e-05 0.200353 0.886129 1.07665 0.0766464 -2.56855 0.274903 
11 35700 17 1.26932 3.55647e-05 7.02493 0.215299 2.60255e-05 0.200354 0.886005 1.0765 0.0764963 -2.57051 0.275669 
11 35800 17 1.27287 3.55647e-05 7.02493 0.215311 6.47686e-06 0.200353 0.886056 1.07656 0.0765575 -2.56971 0.276435 
11 35900 17 1.27643 3.55647e-05 7.02493 0.215335 1.55082e-05 0.200349 0.886153 1.07668 0.0766756 -2.56817 0.2772 
11 36000 17 1.27999 3.55647e-05 7.02493 0.215351 1.95435e-05 0.200347 0.886217 1.07675 0.0767536 -2.56715 0.277966 
11 36100 18 1.28352 3.55647e-05 7.02493 0.215381 1.19771e-05 0.200346 0.886343 1.07691 0.0769072 -2.56516 0.278732 
11 36200 18 1.28708 3.55647e-05 7.02493 0.215387 2.06917e-05 0.200344 0.886364 1.07693 0.0769328 -2.56482 0.279498 
11 36300 18 1.29063 3.55647e-05 7.02493 0.215352 3.04958e-05 0.200346 0.886222 1.07676 0.0767596 -2.56708 0.280264 
11 36400 18 1.29419 3.55647e-05 7.02493 0.215348 2.85573e-05 0.200346 0.886208 1.07674 0.0767421 -2.5673 0.281029 
11 36500 18 1.29775 3.55647e-05 7.02493 0.215354 1.54322e-05 0.200347 0.88623 1.07677 0.0767689 -2.56696 0.281795 
11 36600 18 1.3013 3.55647e-05 7.02493 0.215331 2.64227e-05 0.200349 0.886137 1.07666 0.0766565 -2.56842 0.282562 
11 36700 18 1.30486 3.55647e-05 7.02493 0.215297 4.4355e-05 0.200351 0.885994 1.07648 0.0764833 -2.57068 0.283328 
11 36800 18 1.30842 3.55647e-05 7.02493 0.215289 6.85203e-05 0.200352 0.885964 1.07645 0.0764457 -2.57117 0.284093 
11 36900 18 1.31197 3.55647e-05 7.02493 0.215336 9.30428e-05 0.200348 0.886156 1.07668 0.0766799 -2.56812 0.284859 
11 37000 18 1.31553 3.55647e-05 7.02493 0.215307 0.000104338 0.20035 0.886039 1.07654 0.0765375 -2.56997 0.285624 
11 37100 18 1.31909 3.55647e-05 7.02493 0.215273 7.65674e-05 0.200354 0.885898 1.07637 0.0763661 -2.57222 0.28639 
11 37200 18 1.32264 3.55647e-05 7.02493 0.215254 5.44283e-05 0.200353 0.88582 1.07627 0.0762711 -2.57346 0.287156 
11 37300 18 1.3262 3.55647e-05 7.02493 0.215265 5.19489e-05 0.200352 0.885863 1.07632 0.0763231 -2.57278 0.287922 
11 37400 18 1.32976 3.55647e-05 7.02493 0.215279 3.25763e-05 0.20035 0.885924 1.0764 0.0763972 -2.57181 0.288687 
11 37500 18 1.33331 3.55647e-05 7.02493 0.215273 1.06698e-05 0.200352 0.885898 1.07637 0.0763655 -2.57222 0.289453 
11 37600 18 1.33687 3.55647e-05 7.02493 0.215204 4.92633e-06 0.200356 0.885615 1.07602 0.0760221 -2.57673 0.290219 
11 37700 18 1.34042 3.55647e-05 7.02493 0.21515 3.17613e-05 0.200359 0.885389 1.07575 0.075748 -2.58034 0.290985 
11 37800 18 1.34398 3.55647e-05 7.02493 0.21516 3.01549e-05 0.200359 0.88543 1.0758 0.0757977 -2.57969 0.29175 
11 37900 18 1.34754 3.55647e-05 7.02493 0.215176 2.72544e-05 0.200356 0.885497 1.07588 0.0758784 -2.57862 0.292515 
11 38000 18 1.35109 3.55647e-05 7.02493 0.21519 3.49309e-05 0.200353 0.885555 1.07595 0.0759494 -2.57769 0.29328 
11 38100 18 1.35465 3.55647e-05 7.02493 0.21521 6.30926e-06 0.200352 0.885639 1.07605 0.0760509 -2.57635 0.294045 
11 38200 18 1.35821 3.55647e-05 7.02493 0.215204 -2.90029e-05 0.200352 0.885615 1.07602 0.0760221 -2.57673 0.294811 
11 38300 19 1.36174 3.55647e-05 7.02493 0.215221 -3.93721e-05 0.200349 0.885685 1.07611 0.0761072 -2.57561 0.295576 
11 38400 19 1.3653 3.55647e-05 7.02493 0.215237 -4.15272e-05 0.200348 0.88575 1.07619 0.076186 -2.57458 0.296342 
11 38500 19 1.36886 3.55647e-05 7.02493 0.215241 -3.64924e-05 0.200348 0.885764 1.0762 0.0762032 -2.57435 0.297107 
11 38600 19 1.37241 3.55647e-05 7.02493 0.215249 -3.26678e-05 0.20035 0.885799 1.07625 0.0762453 -2.5738 0.297873 
11 38700 19 1.37597 3.55647e-05 7.02493 0.215198 -1.55951e-05 0.200351 0.88559 1.07599 0.0759918 -2.57713 0.298638 
11 38800 19 1.37953 3.55647e-05 7.02493 0.215181 -3.41671e-05 0.200353 0.88552 1.07591 0.0759073 -2.57824 0.299403 
11 38900 19 1.38308 3.55647e-05 7.02493 0.215213 -5.64086e-05 0.200352 0.885652 1.07607 0.0760671 -2.57614 0.300169 
11 39000 19 1.38664 3.55647e-05 7.02493 0.215212 -6.12236e-05 0.200353 0.885647 1.07606 0.0760615 -2.57621 0.300934 
11 39100 19 1.39019 3.55647e-05 7.02493 0.215129 -7.70351e-05 0.200358 0.885307 1.07565 0.0756475 -2.58167 0.301699 
11 39200 19 1.39375 3.55647e-05 7.02493 0.215095 -8.54469e-05 0.200359 0.885165 1.07548 0.0754755 -2.58395 0.302464 
11 39300 19 1.39731 3.55647e-05 7.02493 0.215094 -9.00361e-05 0.200357 0.885162 1.07547 0.0754721 -2.58399 0.303229 
11 39400 19 1.40086 3.55647e-05 7.02493 0.21515 -8.52003e-05 0.200353 0.885389 1.07575 0.0757479 -2.58034 0.303995 
11 39500 19 1.40442 3.55647e-05 7.02493 0.215162 -8.86189e-05 0.200353 0.885441 1.07581 0.0758104 -2.57952 0.30476 
11 39600 19 1.40798 3.55647e-05 7.02493 0.215128 -8.911e-05 0.200357 0.885301 1.07564 0.0756403 -2.58177 0.305525 
11 39700 19 1.41153 3.55647e-05 7.02493 0.215059 -6.83806e-05 0.200361 0.885017 1.0753 0.0752961 -2.58633 0.306291 
11 39800 19 1.41509 3.55647e-05 7.02493 0.215064 -3.43685e-05 0.20036 0.885039 1.07532 0.0753221 -2.58598 0.307055 
11 39900 19 1.41865 3.55647e-05 7.02493 0.21511 -3.40239e-05 0.200355 0.885228 1.07555 0.0755515 -2.58294 0.307821 
11 40000 19 1.4222 3.55647e-05 7.02493 0.215128 -1.77032e-05 0.200353 0.885302 1.07564 0.0756417 -2.58175 0.308586 
11 40100 19 1.42576 3.55647e-05 7.02493 0.215137 -3.77433e-05 0.20035 0.885338 1.07569 0.075686 -2.58116 0.309351 
11 40200 19 1.42932 3.55647e-05 7.02493 0.21515 -5.2051e-05 0.200349 0.885392 1.07575 0.0757511 -2.5803 0.310116 
11 40300 19 1.43287 3.55647e-05 7.02493 0.215142 -9.38373e-05 0.20035 0.885357 1.07571 0.075709 -2.58086 0.310881 
11 40400 19 1.43643 3.55647e-05 7.02493 0.215141 -0.00011313 0.200349 0.885353 1.0757 0.0757039 -2.58093 0.311646 
11 40500 19 1.43999 3.55647e-05 7.02493 0.215157 -9.53399e-05 0.200347 0.88542 1.07578 0.0757849 -2.57986 0.312411 
11 40600 20 1.44352 3.55647e-05 7.02493 0.215164 -8.30714e-05 0.200348 0.88545 1.07582 0.0758218 -2.57937 0.313177 
11 40700 20 1.44708 3.55647e-05 7.02493 0.215137 -5.90572e-05 0.20035 0.885337 1.07568 0.0756849 -2.58118 0.313942 
11 40800 20 1.45063 3.55647e-05 7.02493 0.215085 -4.40287e-05 0.200354 0.885125 1.07543 0.0754267 -2.58459 0.314707 
11 40900 20 1.45419 3.55647e-05 7.02493 0.215076 -3.93803e-05 0.200355 0.885087 1.07538 0.0753805 -2.58521 0.315472 
11 41000 20 1.45775 3.55647e-05 7.02493 0.215133 8.25712e-06 0.200352 0.885323 1.07567 0.0756671 -2.58141 0.316237 
11 41100 20 1.4613 3.55647e-05 7.02493 0.215117 5.59524e-05 0.200354 0.885256 1.07559 0.0755865 -2.58248 0.317002 
11 41200 20 1.46486 3.55647e-05 7.02493 0.215074 6.22591e-05 0.200356 0.885079 1.07537 0.0753704 -2.58534 0.317767 
11 41300 20 1.46842 3.55647e-05 7.02493 0.215064 4.38309e-05 0.200357 0.885036 1.07532 0.0753188 -2.58603 0.318532 
11 41400 20 1.47197 3.55647e-05 7.02493 0.215067 3.43373e-05 0.200353 0.885049 1.07533 0.0753348 -2.58581 0.319295 
11 41500 20 1.47553 3.55647e-05 7.02493 0.21507 4.19404e-05 0.200353 0.885063 1.07535 0.0753513 -2.58559 0.320062 
11 41600 20 1.47909 3.55647e-05 7.02493 0.215022 4.56289e-05 0.200357 0.884862 1.07511 0.0751076 -2.58883 0.320827 
11 41700 20 1.48264 3.55647e-05 7.02493 0.214985 3.93432e-05 0.200359 0.884713 1.07493 0.0749257 -2.59126 0.321592 
11 41800 20 1.4862 3.55647e-05 7.02493 0.214958 3.93821e-05 0.200361 0.884601 1.07479 0.0747901 -2.59307 0.322356 
11 41900 20 1.48976 3.55647e-05 7.02493 0.21498 5.09053e-05 0.200357 0.884691 1.0749 0.0748998 -2.5916 0.323121 
11 42000 20 1.49331 3.55647e-05 7.02493 0.214984 6.92594e-05 0.200357 0.884707 1.07492 0.0749193 -2.59134 0.323886 
11 42100 20 1.49687 3.55647e-05 7.02493 0.214998 2.71898e-05 0.200354 0.884763 1.07499 0.0749876 -2.59043 0.324651 
11 42200 20 1.50042 3.55647e-05 7.02493 0.215001 1.8947e-05 0.200354 0.884778 1.07501 0.0750059 -2.59019 0.325415 
11 42300 20 1.50398 3.55647e-05 7.02493 0.215013 4.69575e-05 0.200353 0.884828 1.07507 0.0750663 -2.58938 0.32618 
11 42400 20 1.50754 3.55647e-05 7.02493 0.215031 6.65576e-05 0.200351 0.884902 1.07516 0.0751561 -2.58819 0.326944 
11 42500 20 1.51109 3.55647e-05 7.02493 0.215042 5.28106e-05 0.200351 0.884945 1.07521 0.0752087 -2.58749 0.327709 
11 42600 20 1.51465 3.55647e-05 7.02493 0.215057 4.22083e-05 0.200351 0.885007 1.07528 0.0752836 -2.58649 0.328474 
11 42700 20 1.51821 3.55647e-05 7.02493 0.215028 3.26569e-05 0.200353 0.884889 1.07514 0.0751406 -2.58839 0.329238 
11 42800 21 1.52174 3.55647e-05 7.02493 0.214993 1.33433e-05 0.200356 0.884746 1.07497 0.0749668 -2.59071 0.330003 
11 42900 21 1.5253 3.55647e-05 7.02493 0.214964 6.41462e-06 0.200357 0.884625 1.07482 0.0748195 -2.59268 0.330768 
11 43000 21 1.52886 3.55647e-05 7.02493 0.214988 -4.97168e-06 0.200353 0.884725 1.07494 0.0749404 -2.59106 0.331533 
11 43100 21 1.53241 3.55647e-05 7.02493 0.214998 -1.13968e-05 0.200354 0.884767 1.07499 0.074992 -2.59037 0.332297 
11 43200 21 1.53597 3.55647e-05 7.02493 0.214907 1.83457e-05 0.20036 0.88439 1.07453 0.0745333 -2.59651 0.333061 
11 43300 21 1.53953 3.55647e-05 7.02493 0.214865 1.85468e-05 0.200362 0.884217 1.07432 0.0743238 -2.59932 0.333826 
11 43400 21 1.54308 3.55647e-05 7.02493 0.214899 2.34019e-06 0.200358 0.884356 1.07449 0.074493 -2.59705 0.33459 
11 43500 21 1.54664 3.55647e-05 7.02493 0.214939 4.31457e-06 0.200356 0.884524 1.0747 0.0746962 -2.59433 0.335355 
11 43600 21 1.55019 3.55647e-05 7.02493 0.21494 -3.64106e-06 0.200357 0.884526 1.0747 0.0746992 -2.59429 0.33612 
11 43700 21 1.55375 3.55647e-05 7.02493 0.21491 -2.14764e-05 0.200359 0.884404 1.07455 0.0745508 -2.59627 0.336884 
11 43800 21 1.55731 3.55647e-05 7.02493 0.214871 -9.89236e-06 0.200362 0.884245 1.07436 0.0743574 -2.59887 0.337649 
11 43900 21 1.56086 3.55647e-05 7.02493 0.214854 -2.76066e-05 0.200362 0.884172 1.07427 0.0742688 -2.60006 0.338413 
11 44000 21 1.56442 3.55647e-05 7.02493 0.214869 -4.40825e-05 0.20036 0.884236 1.07435 0.0743472 -2.59901 0.339177 
11 44100 21 1.56798 3.55647e-05 7.02493 0.214907 -4.41891e-05 0.200356 0.884392 1.07454 0.0745367 -2.59646 0.339941 
11 44200 21 1.57153 3.55647e-05 7.02493 0.214936 -1.37396e-05 0.200353 0.884512 1.07468 0.0746819 -2.59452 0.340705 
11 44300 21 1.57509 3.55647e-05 7.02493 0.214909 -2.30327e-06 0.200354 0.884398 1.07454 0.0745431 -2.59638 0.34147 
11 44400 21 1.57865 3.55647e-05 7.02493 0.214921 3.27551e-05 0.200354 0.884449 1.07461 0.0746059 -2.59554 0.342234 
11 44500 21 1.5822 3.55647e-05 7.02493 0.214947 4.75977e-05 0.200352 0.884556 1.07474 0.0747354 -2.5938 0.342999 
11 44600 21 1.58576 3.55647e-05 7.02493 0.214929 2.46872e-05 0.200351 0.884483 1.07465 0.0746463 -2.59499 0.343763 
11 44700 21 1.58932 3.55647e-05 7.02493 0.21493 -7.41158e-06 0.200352 0.884484 1.07465 0.0746486 -2.59496 0.344528 
11 44800 21 1.59287 3.55647e-05 7.02493 0.214911 -2.28825e-05 0.200353 0.884409 1.07456 0.0745564 -2.5962 0.345292 
11 44900 21 1.59643 3.55647e-05 7.02493 0.214882 -2.05625e-05 0.200357 0.884289 1.07441 0.0744108 -2.59815 0.346057 
11 45000 21 1.59999 3.55647e-05 7.02493 0.21486 -1.5221e-05 0.200357 0.884199 1.0743 0.0743017 -2.59962 0.346821 
11 45100 22 1.60352 3.55647e-05 7.02493 0.21491 -3.12952e-05 0.200356 0.884403 1.07455 0.07455 -2.59629 0.347585 
11 45200 22 1.60708 3.55647e-05 7.02493 0.214902 -2.54314e-05 0.200358 0.884372 1.07451 0.0745116 -2.5968 0.34835 
11 45300 22 1.61063 3.55647e-05 7.02493 0.214855 -3.99397e-05 0.200358 0.884176 1.07427 0.0742744 -2.59999 0.349114 
11 45400 22 1.61419 3.55647e-05 7.02493 0.21486 -2.18892e-05 0.200355 0.884199 1.0743 0.0743021 -2.59962 0.349878 
11 45500 22 1.61775 3.55647e-05 7.02493 0.214887 -1.56816e-05 0.200355 0.884307 1.07443 0.074433 -2.59786 0.350642 
11 45600 22 1.6213 3.55647e-05 7.02493 0.214865 -1.82572e-05 0.200357 0.884218 1.07433 0.0743251 -2.59931 0.351407 
11 45700 22 1.62486 3.55647e-05 7.02493 0.214844 -2.59468e-05 0.200359 0.88413 1.07422 0.0742176 -2.60075 0.352171 
11 45800 22 1.62842 3.55647e-05 7.02493 0.214833 -1.98498e-05 0.200359 0.884087 1.07417 0.0741662 -2.60145 0.352935 
11 45900 22 1.63197 3.55647e-05 7.02493 0.214787 -2.77015e-05 0.200362 0.883898 1.07394 0.0739366 -2.60455 0.353699 
11 46000 22 1.63553 3.55647e-05 7.02493 0.214774 -9.24523e-06 0.200361 0.883843 1.07387 0.0738697 -2.60545 0.354463 
11 46100 22 1.63909 3.55647e-05 7.02493 0.214811 3.37784e-05 0.200357 0.883998 1.07406 0.0740574 -2.60291 0.355227 
11 46200 22 1.64264 3.55647e-05 7.02493 0.214853 1.68849e-05 0.200354 0.884169 1.07427 0.0742657 -2.60011 0.355991 
11 46300 22 1.6462 3.55647e-05 7.02493 0.214859 1.12e-05 0.200354 0.884195 1.0743 0.0742971 -2.59968 0.356755 
11 46400 22 1.64976 3.55647e-05 7.02493 0.214821 2.42976e-05 0.200356 0.884037 1.0741 0.0741044 -2.60228 0.35752 
11 46500 22 1.65331 3.55647e-05 7.02493 0.214818 3.0263e-05 0.200355 0.884023 1.07409 0.0740878 -2.60251 0.358283 
11 46600 22 1.65687 3.55647e-05 7.02493 0.214816 3.30643e-06 0.200354 0.884016 1.07408 0.0740789 -2.60263 0.359047 
11 46700 22 1.66042 3.55647e-05 7.02493 0.214823 -4.04975e-05 0.200354 0.884046 1.07412 0.0741163 -2.60212 0.359812 
11 46800 22 1.66398 3.55647e-05 7.02493 0.214821 -3.40711e-05 0.200355 0.884036 1.0741 0.0741043 -2.60228 0.360576 
11 46900 22 1.66754 3.55647e-05 7.02493 0.214814 2.51198e-05 0.200357 0.88401 1.07407 0.0740723 -2.60271 0.361339 
11 47000 22 1.67109 3.55647e-05 7.02493 0.214754 3.0343e-05 0.200361 0.883762 1.07377 0.073771 -2.60679 0.362104 
11 47100 22 1.67465 3.55647e-05 7.02493 0.214763 4.49598e-05 0.200361 0.883799 1.07382 0.0738152 -2.60619 0.362867 
11 47200 22 1.67821 3.55647e-05 7.02493 0.214755 5.48076e-05 0.200361 0.883767 1.07378 0.0737774 -2.6067 0.363631 
11 47300 23 1.68174 3.55647e-05 7.02493 0.214705 5.19935e-05 0.200365 0.883558 1.07352 0.0735227 -2.61016 0.364394 
11 47400 23 1.6853 3.55647e-05 7.02493 0.214697 3.3445e-05 0.200363 0.883526 1.07348 0.0734844 -2.61068 0.365158 
11 47500 23 1.68886 3.55647e-05 7.02493 0.214734 2.58981e-05 0.20036 0.883678 1.07367 0.0736692 -2.60817 0.365922 
11 47600 23 1.69241 3.55647e-05 7.02493 0.21476 2.30524e-05 0.200361 0.883788 1.0738 0.0738025 -2.60636 0.366686 
11 47700 23 1.69597 3.55647e-05 7.02493 0.214718 2.28373e-05 0.200364 0.883614 1.07359 0.0735909 -2.60923 0.36745 
11 47800 23 1.69953 3.55647e-05 7.02493 0.214723 2.53031e-05 0.200362 0.883635 1.07362 0.0736165 -2.60889 0.368213 
11 47900 23 1.70308 3.55647e-05 7.02493 0.214721 3.62323e-05 0.200363 0.883625 1.0736 0.0736049 -2.60904 0.368978 
11 48000 23 1.70664 3.55647e-05 7.02493 0.214711 1.25442e-05 0.200363 0.883585 1.07356 0.0735555 -2.60972 0.369741 
11 48100 23 1.71019 3.55647e-05 7.02493 0.214702 -1.87496e-05 0.200363 0.883546 1.07351 0.0735078 -2.61036 0.370504 
11 48200 23 1.71375 3.55647e-05 7.02493 0.214708 -4.05954e-05 0.200362 0.883573 1.07354 0.0735408 -2.60991 0.371268 
11 48300 23 1.71731 3.55647e-05 7.02493 0.214756 -2.10452e-05 0.200358 0.88377 1.07378 0.0737809 -2.60666 0.372032 
11 48400 23 1.72086 3.55647e-05 7.02493 0.21478 1.35244e-05 0.200356 0.88387 1.0739 0.0739015 -2.60502 0.372796 
11 48500 23 1.72442 3.55647e-05 7.02493 0.214782 2.32222e-05 0.200357 0.883875 1.07391 0.0739079 -2.60494 0.37356 
11 48600 23 1.72798 3.55647e-05 7.02493 0.214754 3.09863e-05 0.200356 0.883762 1.07377 0.0737713 -2.60679 0.374324 
11 48700 23 1.73153 3.55647e-05 7.02493 0.214735 5.00183e-05 0.200357 0.883682 1.07367 0.0736742 -2.6081 0.375088 
11 48800 23 1.73509 3.55647e-05 7.02493 0.214725 6.94812e-05 0.200359 0.883644 1.07363 0.0736273 -2.60874 0.375851 
11 48900 23 1.73865 3.55647e-05 7.02493 0.214689 7.2411e-05 0.20036 0.883496 1.07345 0.0734474 -2.61119 0.376615 
11 49000 23 1.7422 3.55647e-05 7.02493 0.214661 7.36397e-05 0.200364 0.88338 1.07331 0.0733065 -2.61311 0.377378 
11 49100 23 1.74576 3.55647e-05 7.02493 0.214643 7.00313e-05 0.200365 0.883303 1.07321 0.0732127 -2.61439 0.378142 
11 49200 23 1.74932 3.55647e-05 7.02493 0.214671 8.49339e-05 0.200364 0.88342 1.07335 0.0733549 -2.61245 0.378906 
11 49300 23 1.75287 3.55647e-05 7.02493 0.214706 7.07137e-05 0.20036 0.883564 1.07353 0.0735309 -2.61005 0.379669 
11 49400 23 1.75643 3.55647e-05 7.02493 0.214698 7.17923e-05 0.200361 0.883533 1.07349 0.0734924 -2.61057 0.380432 
11 49500 23 1.75999 3.55647e-05 7.02493 0.214728 4.28175e-05 0.200358 0.883656 1.07364 0.0736414 -2.60855 0.381196 
11 49600 24 1.76352 3.55647e-05 7.02493 0.214729 2.05948e-05 0.200358 0.883657 1.07364 0.0736435 -2.60852 0.38196 
11 49700 24 1.76708 3.55647e-05 7.02493 0.214685 1.66419e-05 0.200361 0.883477 1.07342 0.0734249 -2.61149 0.382724 
11 49800 24 1.77063 3.55647e-05 7.02493 0.214674 2.29753e-06 0.200363 0.88343 1.07337 0.0733675 -2.61227 0.383487 
11 49900 24 1.77419 3.55647e-05 7.02493 0.214653 1.90642e-06 0.200365 0.883347 1.07327 0.0732662 -2.61366 0.384251 
11 50000 24 1.77775 3.55647e-05 7.02493 0.214652 -5.73986e-06 0.200364 0.883341 1.07326 0.0732598 -2.61374 0.385015 
11 50100 24 1.7813 3.55647e-05 7.02493 0.214636 1.60657e-06 0.200364 0.883277 1.07318 0.0731818 -2.61481 0.385778 
11 50200 24 1.78486 3.55647e-05 7.02493 0.214625 2.45256e-05 0.200362 0.883232 1.07313 0.0731266 -2.61556 0.386542 
11 50300 24 1.78842 3.55647e-05 7.02493 0.214666 2.08807e-05 0.200359 0.883401 1.07333 0.0733324 -2.61275 0.387305 
11 50400 24 1.79197 3.55647e-05 7.02493 0.214703 1.86669e-05 0.200357 0.88355 1.07351 0.0735133 -2.61029 0.388069 
11 50500 24 1.79553 3.55647e-05 7.02493 0.214671 1.43554e-05 0.200358 0.883419 1.07335 0.0733541 -2.61246 0.388832 
11 50600 24 1.79909 3.55647e-05 7.02493 0.214657 1.40739e-05 0.200359 0.883361 1.07328 0.0732831 -2.61342 0.389595 
11 50700 24 1.80264 3.55647e-05 7.02493 0.214658 1.89141e-05 0.200358 0.883367 1.07329 0.0732911 -2.61332 0.390359 
11 50800 24 1.8062 3.55647e-05 7.02493 0.214654 2.79533e-05 0.200358 0.88335 1.07327 0.0732701 -2.6136 0.391122 
11 50900 24 1.80976 3.55647e-05 7.02493 0.214645 2.29099e-05 0.20036 0.883314 1.07323 0.0732265 -2.6142 0.391885 
11 51000 24 1.81331 3.55647e-05 7.02493 0.214629 2.38873e-05 0.200365 0.883247 1.07315 0.0731454 -2.61531 0.392649 
11 51100 24 1.81687 3.55647e-05 7.02493 0.214609 2.29075e-05 0.200366 0.883163 1.07304 0.0730435 -2.6167 0.393412 
11 51200 24 1.82042 3.55647e-05 7.02493 0.214604 4.26936e-05 0.200365 0.883142 1.07302 0.0730176 -2.61706 0.394175 
11 51300 24 1.82398 3.55647e-05 7.02493 0.214571 4.23758e-05 0.200366 0.88301 1.07286 0.0728574 -2.61925 0.394938 
11 51400 24 1.82754 3.55647e-05 7.02493 0.214577 5.32932e-05 0.200368 0.883032 1.07288 0.0728838 -2.61889 0.395701 
11 51500 24 1.83109 3.55647e-05 7.02493 0.214574 5.55137e-05 0.200365 0.883022 1.07287 0.0728715 -2.61906 0.396465 
11 51600 24 1.83465 3.55647e-05 7.02493 0.214577 4.19656e-05 0.200364 0.883032 1.07288 0.0728837 -2.61889 0.397229 
11 51700 24 1.83821 3.55647e-05 7.02493 0.214568 3.04987e-05 0.200364 0.882997 1.07284 0.072841 -2.61948 0.397992 
11 51800 25 1.84174 3.55647e-05 7.02493 0.214583 1.08554e-05 0.200365 0.883058 1.07292 0.0729154 -2.61846 0.398754 
11 51900 25 1.8453 3.55647e-05 7.02493 0.214584 1.3357e-05 0.200366 0.88306 1.07292 0.0729178 -2.61842 0.399518 
11 52000 25 1.84886 3.55647e-05 7.02493 0.214572 1.41208e-05 0.200368 0.883011 1.07286 0.0728588 -2.61923 0.400282 
11 52100 25 1.85241 3.55647e-05 7.02493 0.214571 -7.44865e-06 0.200368 0.883008 1.07286 0.0728553 -2.61928 0.401045 
11 52200 25 1.85597 3.55647e-05 7.02493 0.214561 -1.82421e-05 0.200367 0.882967 1.0728 0.0728047 -2.61998 0.401807 
11 52300 25 1.85953 3.55647e-05 7.02493 0.21455 6.49363e-06 0.200367 0.882921 1.07275 0.0727486 -2.62075 0.40257 
11 52400 25 1.86308 3.55647e-05 7.02493 0.214569 5.79043e-08 0.200365 0.883 1.07284 0.0728446 -2.61943 0.403334 
11 52500 25 1.86664 3.55647e-05 7.02493 0.214591 1.3926e-05 0.200363 0.883092 1.07296 0.0729571 -2.61788 0.404097 
11 52600 25 1.87019 3.55647e-05 7.02493 0.214599 2.83704e-06 0.200361 0.883122 1.07299 0.072993 -2.61739 0.404861 
11 52700 25 1.87375 3.55647e-05 7.02493 0.214591 3.52149e-06 0.200361 0.883092 1.07296 0.0729564 -2.61789 0.405624 
11 52800 25 1.87731 3.55647e-05 7.02493 0.214593 3.03206e-05 0.200361 0.883098 1.07296 0.0729636 -2.61779 0.406387 
11 52900 25 1.88086 3.55647e-05 7.02493 0.214602 3.34226e-05 0.200361 0.883135 1.07301 0.0730089 -2.61717 0.40715 
11 53000 25 1.88442 3.55647e-05 7.02493 0.214584 5.2479e-05 0.200362 0.883062 1.07292 0.0729199 -2.61839 0.407913 
11 53100 25 1.88798 3.55647e-05 7.02493 0.214575 5.34143e-05 0.200363 0.883023 1.07287 0.0728728 -2.61904 0.408676 
11 53200 25 1.89153 3.55647e-05 7.02493 0.214566 4.25681e-05 0.200364 0.882987 1.07283 0.0728297 -2.61963 0.40944 
11 53300 25 1.89509 3.55647e-05 7.02493 0.214529 3.81779e-05 0.200365 0.882837 1.07265 0.0726474 -2.62214 0.410203 
11 53400 25 1.89865 3.55647e-05 7.02493 0.214553 -7.1235e-06 0.200363 0.882934 1.07276 0.0727646 -2.62053 0.410966 
11 53500 25 1.9022 3.55647e-05 7.02493 0.214572 -3.33042e-05 0.200361 0.883011 1.07286 0.0728589 -2.61923 0.411729 
11 53600 25 1.90576 3.55647e-05 7.02493 0.214557 -3.75144e-05 0.200362 0.882952 1.07279 0.0727872 -2.62021 0.412492 
11 53700 25 1.90932 3.55647e-05 7.02493 0.214532 -2.66447e-06 0.200363 0.88285 1.07266 0.0726624 -2.62193 0.413255 
11 53800 25 1.91287 3.55647e-05 7.02493 0.214531 -5.28096e-07 0.200365 0.882844 1.07266 0.0726556 -2.62203 0.414018 
11 53900 25 1.91643 3.55647e-05 7.02493 0.214511 -4.19554e-05 0.200367 0.88276 1.07255 0.0725534 -2.62343 0.414782 
11 54000 25 1.91999 3.55647e-05 7.02493 0.214492 -5.01657e-05 0.200369 0.882681 1.07246 0.0724579 -2.62475 0.415544 
11 54100 26 1.92352 3.55647e-05 7.02493 0.214466 -4.93936e-05 0.200367 0.882576 1.07233 0.0723302 -2.62651 0.416307 
11 54200 26 1.92708 3.55647e-05 7.02493 0.214467 -5.34521e-05 0.200368 0.882579 1.07233 0.0723336 -2.62647 0.41707 
11 54300 26 1.93063 3.55647e-05 7.02493 0.214452 -4.81301e-05 0.200368 0.882519 1.07226 0.0722603 -2.62748 0.417832 
11 54400 26 1.93419 3.55647e-05 7.02493 0.214465 -4.68199e-05 0.200367 0.882574 1.07233 0.0723273 -2.62655 0.418596 
11 54500 26 1.93775 3.55647e-05 7.02493 0.214491 -4.95792e-05 0.200364 0.882678 1.07245 0.0724539 -2.6248 0.419358 
11 54600 26 1.9413 3.55647e-05 7.02493 0.21451 -5.98096e-05 0.200362 0.882756 1.07255 0.072549 -2.62349 0.420121 
11 54700 26 1.94486 3.55647e-05 7.02493 0.214501 -6.21421e-05 0.200362 0.882722 1.07251 0.0725067 -2.62408 0.420883 
11 54800 26 1.94842 3.55647e-05 7.02493 0.214491 -4.7121e-05 0.200362 0.88268 1.07246 0.0724564 -2.62477 0.421647 
11 54900 26 1.95197 3.55647e-05 7.02493 0.214499 -5.5151e-05 0.200364 0.882714 1.0725 0.0724971 -2.62421 0.42241 
11 55000 26 1.95553 3.55647e-05 7.02493 0.214503 -5.20077e-05 0.200363 0.882728 1.07251 0.0725146 -2.62397 0.423173 
11 55100 26 1.95909 3.55647e-05 7.02493 0.214503 -7.30044e-05 0.200366 0.882729 1.07252 0.0725155 -2.62396 0.423936 
11 55200 26 1.96264 3.55647e-05 7.02493 0.214491 -0.000108586 0.200366 0.882679 1.07246 0.0724551 -2.62479 0.424698 
11 55300 26 1.9662 3.55647e-05 7.02493 0.214456 -0.000109828 0.200367 0.882534 1.07228 0.0722788 -2.62722 0.425461 
11 55400 26 1.96976 3.55647e-05 7.02493 0.214463 -9.25907e-05 0.200366 0.882562 1.07231 0.0723131 -2.62675 0.426224 
11 55500 26 1.97331 3.55647e-05 7.02493 0.214494 -6.90446e-05 0.200365 0.882692 1.07247 0.0724711 -2.62457 0.426987 
11 55600 26 1.97687 3.55647e-05 7.02493 0.214476 -2.59504e-05 0.200364 0.882617 1.07238 0.0723801 -2.62582 0.42775 
11 55700 26 1.98042 3.55647e-05 7.02493 0.21447 -1.10026e-05 0.200365 0.882591 1.07235 0.0723476 -2.62627 0.428513 
11 55800 26 1.98398 3.55647e-05 7.02493 0.214482 2.2528e-05 0.200365 0.88264 1.07241 0.0724076 -2.62544 0.429276 
11 55900 26 1.98754 3.55647e-05 7.02493 0.214494 3.97837e-05 0.200365 0.882691 1.07247 0.0724691 -2.6246 0.430039 
11 56000 26 1.99109 3.55647e-05 7.02493 0.214471 2.85648e-05 0.200367 0.882595 1.07235 0.0723533 -2.62619 0.430801 
11 56100 26 1.99465 3.55647e-05 7.02493 0.214455 1.50086e-05 0.200366 0.882529 1.07227 0.0722733 -2.6273 0.431564 
11 56200 26 1.99821 3.55647e-05 7.02493 0.214425 -2.05576e-05 0.200367 0.882409 1.07213 0.0721268 -2.62933 0.432327 
11 56300 27 2.00174 3.55647e-05 7.02493 0.214418 -4.26219e-05 0.200368 0.882379 1.07209 0.0720904 -2.62983 0.43309 
11 56400 27 2.0053 3.55647e-05 7.02493 0.214401 -6.83676e-05 0.20037 0.882308 1.072 0.0720045 -2.63103 0.433853 
11 56500 27 2.00886 3.55647e-05 7.02493 0.214427 -8.30431e-05 0.200367 0.882416 1.07214 0.0721357 -2.62921 0.434616 
11 56600 27 2.01241 3.55647e-05 7.02493 0.214447 -0.00010563 0.200364 0.8825 1.07224 0.072237 -2.6278 0.435378 
11 56700 27 2.01597 3.55647e-05 7.02493 0.214447 -0.00011848 0.200365 0.882499 1.07224 0.0722365 -2.62781 0.43614 
11 56800 27 2.01953 3.55647e-05 7.02493 0.214451 -8.43581e-05 0.200363 0.882514 1.07225 0.0722547 -2.62756 0.436903 
11 56900 27 2.02308 3.55647e-05 7.02493 0.214457 -4.36453e-05 0.200362 0.882539 1.07228 0.0722849 -2.62714 0.437666 
11 57000 27 2.02664 3.55647e-05 7.02493 0.214442 -2.02629e-05 0.200364 0.882478 1.07221 0.0722113 -2.62816 0.438429 
11 57100 27 2.03019 3.55647e-05 7.02493 0.214423 -3.64348e-05 0.200368 0.882399 1.07211 0.0721143 -2.6295 0.439191 
11 57200 27 2.03375 3.55647e-05 7.02493 0.214409 -7.18539e-05 0.200367 0.88234 1.07204 0.0720432 -2.63049 0.439953 
11 57300 27 2.03731 3.55647e-05 7.02493 0.214415 -5.56721e-05 0.200366 0.882365 1.07207 0.0720734 -2.63007 0.440715 
11 57400 27 2.04086 3.55647e-05 7.02493 0.21441 -5.86581e-05 0.200367 0.882347 1.07205 0.0720514 -2.63038 0.441479 
11 57500 27 2.04442 3.55647e-05 7.02493 0.214429 -7.53901e-05 0.200365 0.882424 1.07215 0.0721453 -2.62907 0.442241 
11 57600 27 2.04798 3.55647e-05 7.02493 0.214422 -0.000114562 0.200366 0.882394 1.07211 0.072109 -2.62958 0.443004 
11 57700 27 2.05153 3.55647e-05 7.02493 0.214377 -0.000117482 0.200368 0.88221 1.07189 0.0718855 -2.63268 0.443767 
11 57800 27 2.05509 3.55647e-05 7.02493 0.214382 -0.00010748 0.200369 0.882231 1.07191 0.0719104 -2.63233 0.44453 
11 57900 27 2.05865 3.55647e-05 7.02493 0.214377 -7.55454e-05 0.200369 0.882208 1.07188 0.0718826 -2.63272 0.445292 
11 58000 27 2.0622 3.55647e-05 7.02493 0.21438 -3.91599e-05 0.200369 0.882221 1.0719 0.0718989 -2.63249 0.446054 
11 58100 27 2.06576 3.55647e-05 7.02493 0.214393 -3.33239e-05 0.200368 0.882276 1.07197 0.071965 -2.63158 0.446816 
