11 0 1 0 2.66735e-05 7.02493 0.22101 0 0.200023 0.909508 1.10505 0.105052 -2.2533 7.50531e-07 
11 100 2 0.0052947 5.33471e-05 7.02493 0.215376 -4.95724e-07 0.201295 0.886322 1.07688 0.0768817 -2.56549 0.00115178 
11 200 2 0.0106294 5.33471e-05 7.02493 0.214848 -1.25269e-07 0.201582 0.884149 1.07424 0.0742405 -2.60045 0.00229976 
11 300 2 0.0159641 5.33471e-05 7.02493 0.214778 -2.5247e-08 0.201591 0.883862 1.07389 0.0738924 -2.60515 0.00344509 
11 400 2 0.0212988 5.33471e-05 7.02493 0.214787 2.42299e-08 0.201546 0.883898 1.07394 0.0739366 -2.60455 0.00458892 
11 500 2 0.0266335 5.33471e-05 7.02493 0.214808 -2.21121e-08 0.201492 0.883985 1.07404 0.0740417 -2.60313 0.00573193 
11 600 2 0.0319682 5.33471e-05 7.02493 0.214835 -2.69911e-08 0.20144 0.884093 1.07417 0.0741729 -2.60136 0.00687991 
11 700 2 0.037303 5.33471e-05 7.02493 0.214866 1.5314e-08 0.201392 0.884224 1.07433 0.0743325 -2.59921 0.00802773 
11 800 2 0.0426377 5.33471e-05 7.02493 0.214895 8.28619e-08 0.201347 0.884342 1.07448 0.0744761 -2.59728 0.00917521 
11 900 2 0.0479724 5.33471e-05 7.02493 0.214921 1.32015e-08 0.201301 0.88445 1.07461 0.0746067 -2.59552 0.010322 
11 1000 2 0.0533071 5.33471e-05 7.02493 0.214949 4.47554e-09 0.201258 0.884565 1.07475 0.0747462 -2.59366 0.011468 
11 1100 2 0.0586418 5.33471e-05 7.02493 0.214972 1.91955e-08 0.201216 0.884657 1.07486 0.0748579 -2.59216 0.0126135 
11 1200 2 0.0639765 5.33471e-05 7.02493 0.214994 -1.66884e-08 0.201173 0.884749 1.07497 0.0749702 -2.59066 0.0137587 
11 1300 2 0.0693112 5.33471e-05 7.02493 0.215017 -1.56722e-07 0.201133 0.884844 1.07509 0.075085 -2.58913 0.0149044 
11 1400 2 0.0746459 5.33471e-05 7.02493 0.215038 -1.14909e-07 0.201098 0.884928 1.07519 0.0751879 -2.58777 0.016053 
11 1500 2 0.0799806 5.33471e-05 7.02493 0.215056 8.03791e-09 0.201063 0.885003 1.07528 0.075279 -2.58655 0.0172024 
11 1600 3 0.0852814 5.33471e-05 7.02493 0.215074 8.72103e-08 0.20103 0.885077 1.07537 0.0753683 -2.58537 0.0183517 
11 1700 3 0.0906161 5.33471e-05 7.02493 0.215095 2.14864e-08 0.201 0.885163 1.07547 0.0754731 -2.58398 0.0195003 
11 1800 3 0.0959508 5.33471e-05 7.02493 0.215109 2.72069e-08 0.200969 0.88522 1.07554 0.0755428 -2.58306 0.0206479 
11 1900 3 0.101285 5.33471e-05 7.02493 0.21513 -3.23377e-07 0.200942 0.885309 1.07565 0.0756501 -2.58164 0.0217942 
11 2000 3 0.10662 5.33471e-05 7.02493 0.215146 -3.30169e-07 0.200914 0.885373 1.07573 0.0757287 -2.5806 0.0229394 
11 2100 3 0.111955 5.33471e-05 7.02493 0.215163 -2.19091e-07 0.20089 0.885443 1.07581 0.0758128 -2.57949 0.0240847 
11 2200 3 0.11729 5.33471e-05 7.02493 0.215178 -8.34563e-08 0.200867 0.885508 1.07589 0.0758921 -2.57844 0.0252325 
11 2300 3 0.122624 5.33471e-05 7.02493 0.215195 -9.37473e-08 0.200845 0.885578 1.07598 0.0759775 -2.57732 0.0263809 
11 2400 3 0.127959 5.33471e-05 7.02493 0.215212 -4.18606e-08 0.200824 0.885647 1.07606 0.0760615 -2.57621 0.0275296 
11 2500 3 0.133294 5.33471e-05 7.02493 0.215227 -1.58948e-08 0.200806 0.885707 1.07613 0.076134 -2.57526 0.0286783 
11 2600 3 0.138628 5.33471e-05 7.02493 0.21524 3.64587e-07 0.200786 0.88576 1.0762 0.0761987 -2.57441 0.0298263 
11 2700 3 0.143963 5.33471e-05 7.02493 0.215252 2.78388e-07 0.200768 0.885809 1.07626 0.0762575 -2.57364 0.0309737 
11 2800 3 0.149298 5.33471e-05 7.02493 0.215261 1.85286e-07 0.200752 0.885847 1.0763 0.0763041 -2.57303 0.0321204 
11 2900 3 0.154633 5.33471e-05 7.02493 0.215271 4.82126e-07 0.200734 0.88589 1.07636 0.0763569 -2.57234 0.0332669 
11 3000 3 0.159967 5.33471e-05 7.02493 0.215278 5.12554e-07 0.200716 0.885916 1.07639 0.0763878 -2.57193 0.0344149 
11 3100 4 0.165281 5.33471e-05 7.02493 0.215291 -2.45686e-07 0.200702 0.885971 1.07645 0.0764548 -2.57106 0.0355639 
11 3200 4 0.170616 5.33471e-05 7.02493 0.2153 -2.75989e-07 0.200687 0.886007 1.0765 0.0764985 -2.57048 0.0367134 
11 3300 4 0.175951 5.33471e-05 7.02493 0.215308 2.57514e-06 0.200674 0.886042 1.07654 0.0765411 -2.56993 0.037863 
11 3400 4 0.181285 5.33471e-05 7.02493 0.215312 1.0896e-06 0.20066 0.886058 1.07656 0.0765599 -2.56968 0.0390122 
11 3500 4 0.18662 5.33471e-05 7.02493 0.215314 6.05889e-07 0.200648 0.886065 1.07657 0.0765686 -2.56957 0.040161 
11 3600 4 0.191955 5.33471e-05 7.02493 0.215314 3.63461e-07 0.200636 0.886065 1.07657 0.0765694 -2.56956 0.0413099 
11 3700 4 0.19729 5.33471e-05 7.02493 0.215324 1.89676e-07 0.200624 0.886105 1.07662 0.0766179 -2.56893 0.0424579 
11 3800 4 0.202624 5.33471e-05 7.02493 0.215335 1.15265e-07 0.200614 0.886151 1.07667 0.0766731 -2.5682 0.0436064 
11 3900 4 0.207959 5.33471e-05 7.02493 0.215341 6.27644e-08 0.200602 0.886176 1.0767 0.0767033 -2.56781 0.0447559 
11 4000 4 0.213294 5.33471e-05 7.02493 0.215335 1.78237e-08 0.200592 0.886154 1.07668 0.0766774 -2.56815 0.0459056 
11 4100 4 0.218628 5.33471e-05 7.02493 0.215346 7.61344e-07 0.200583 0.886198 1.07673 0.07673 -2.56746 0.0470536 
11 4200 4 0.223963 5.33471e-05 7.02493 0.215351 -3.39238e-06 0.200571 0.886217 1.07675 0.0767532 -2.56716 0.0482026 
11 4300 4 0.229298 5.33471e-05 7.02493 0.215355 3.19581e-08 0.200563 0.886234 1.07677 0.0767746 -2.56688 0.0493512 
11 4400 4 0.234633 5.33471e-05 7.02493 0.215367 -3.23471e-06 0.200555 0.886283 1.07683 0.0768338 -2.56611 0.0504991 
11 4500 4 0.239967 5.33471e-05 7.02493 0.215368 -1.9957e-06 0.200546 0.886289 1.07684 0.0768413 -2.56601 0.0516467 
11 4600 5 0.245281 5.33471e-05 7.02493 0.215376 -1.1505e-06 0.200538 0.886321 1.07688 0.0768804 -2.5655 0.0527939 
11 4700 5 0.250616 5.33471e-05 7.02493 0.215385 -7.34319e-07 0.200531 0.886357 1.07692 0.0769238 -2.56494 0.0539422 
11 4800 5 0.255951 5.33471e-05 7.02493 0.215388 6.09402e-07 0.200524 0.886369 1.07694 0.0769377 -2.56476 0.0550913 
11 4900 5 0.261285 5.33471e-05 7.02493 0.215393 7.70524e-07 0.200515 0.88639 1.07696 0.0769642 -2.56441 0.0562403 
11 5000 5 0.26662 5.33471e-05 7.02493 0.215385 5.44067e-07 0.200508 0.886357 1.07692 0.0769234 -2.56494 0.0573896 
11 5100 5 0.271955 5.33471e-05 7.02493 0.215388 7.08805e-07 0.2005 0.886372 1.07694 0.0769423 -2.5647 0.0585389 
11 5200 5 0.27729 5.33471e-05 7.02493 0.215381 8.85006e-07 0.200492 0.886343 1.07691 0.0769073 -2.56515 0.0596882 
11 5300 5 0.282624 5.33471e-05 7.02493 0.215382 7.51334e-07 0.200486 0.886345 1.07691 0.0769094 -2.56513 0.0608375 
11 5400 5 0.287959 5.33471e-05 7.02493 0.215387 5.80481e-07 0.20048 0.886367 1.07694 0.0769354 -2.56479 0.061986 
11 5500 5 0.293294 5.33471e-05 7.02493 0.215391 3.35006e-07 0.200472 0.886382 1.07695 0.0769538 -2.56455 0.0631342 
11 5600 5 0.298628 5.33471e-05 7.02493 0.215385 6.58496e-08 0.200465 0.886356 1.07692 0.0769227 -2.56495 0.0642838 
11 5700 5 0.303963 5.33471e-05 7.02493 0.215381 -1.62356e-07 0.20046 0.886342 1.07691 0.0769055 -2.56518 0.0654336 
11 5800 5 0.309298 5.33471e-05 7.02493 0.215372 -2.96879e-07 0.200453 0.886304 1.07686 0.0768597 -2.56577 0.0665833 
11 5900 5 0.314633 5.33471e-05 7.02493 0.21537 -4.70631e-07 0.200448 0.886297 1.07685 0.0768505 -2.56589 0.0677329 
11 6000 5 0.319967 5.33471e-05 7.02493 0.215371 -1.42775e-06 0.200442 0.886299 1.07685 0.0768535 -2.56585 0.0688823 
11 6100 6 0.325281 5.33471e-05 7.02493 0.215375 -2.36704e-06 0.200438 0.886317 1.07687 0.0768749 -2.56558 0.070031 
11 6200 6 0.330616 5.33471e-05 7.02493 0.215383 -2.01512e-06 0.200432 0.886348 1.07691 0.0769132 -2.56508 0.0711785 
11 6300 6 0.335951 5.33471e-05 7.02493 0.215386 -1.50949e-06 0.200426 0.886363 1.07693 0.0769307 -2.56485 0.072326 
11 6400 6 0.341285 5.33471e-05 7.02493 0.215378 -9.68759e-07 0.200421 0.88633 1.07689 0.0768906 -2.56537 0.0734742 
11 6500 6 0.34662 5.33471e-05 7.02493 0.215395 -3.93007e-07 0.200417 0.886398 1.07697 0.0769736 -2.56429 0.0746225 
11 6600 6 0.351955 5.33471e-05 7.02493 0.215393 -3.52776e-07 0.200412 0.886393 1.07697 0.0769674 -2.56437 0.0757711 
11 6700 6 0.35729 5.33471e-05 7.02493 0.215383 -2.02027e-06 0.200408 0.88635 1.07692 0.0769157 -2.56505 0.07692 
11 6800 6 0.362624 5.33471e-05 7.02493 0.21538 -9.54104e-06 0.200404 0.886337 1.0769 0.0768995 -2.56526 0.0780694 
11 6900 6 0.367959 5.33471e-05 7.02493 0.21538 -7.77291e-06 0.200399 0.886339 1.0769 0.0769023 -2.56522 0.0792176 
11 7000 6 0.373294 5.33471e-05 7.02493 0.215368 -3.85626e-06 0.200395 0.886289 1.07684 0.0768415 -2.56601 0.0803677 
11 7100 6 0.378628 5.33471e-05 7.02493 0.21537 -2.66078e-06 0.200391 0.886297 1.07685 0.0768514 -2.56588 0.0815168 
11 7200 6 0.383963 5.33471e-05 7.02493 0.215364 -4.46742e-07 0.200386 0.886274 1.07682 0.0768225 -2.56626 0.0826662 
11 7300 6 0.389298 5.33471e-05 7.02493 0.215367 -8.09299e-07 0.200381 0.886284 1.07684 0.0768355 -2.56609 0.0838143 
11 7400 6 0.394633 5.33471e-05 7.02493 0.215354 -1.54323e-06 0.200376 0.88623 1.07677 0.0767691 -2.56695 0.0849618 
11 7500 6 0.399967 5.33471e-05 7.02493 0.215355 5.11899e-06 0.200374 0.886236 1.07678 0.0767766 -2.56685 0.0861129 
11 7600 7 0.405281 5.33471e-05 7.02493 0.21534 1.21297e-05 0.200369 0.886172 1.0767 0.0766987 -2.56787 0.0872605 
11 7700 7 0.410616 5.33471e-05 7.02493 0.215339 2.10685e-05 0.200366 0.886168 1.07669 0.0766945 -2.56793 0.0884121 
11 7800 7 0.415951 5.33471e-05 7.02493 0.215335 2.00362e-05 0.200362 0.886153 1.07668 0.0766762 -2.56816 0.0895614 
11 7900 7 0.421285 5.33471e-05 7.02493 0.215332 3.12259e-05 0.20036 0.886139 1.07666 0.0766588 -2.56839 0.0907103 
11 8000 7 0.42662 5.33471e-05 7.02493 0.215323 3.02485e-05 0.200356 0.886103 1.07661 0.076615 -2.56896 0.0918581 
11 8100 7 0.431955 5.33471e-05 7.02493 0.215318 9.44938e-06 0.200353 0.886082 1.07659 0.0765902 -2.56929 0.093006 
11 8200 7 0.43729 5.33471e-05 7.02493 0.215312 2.60076e-06 0.200349 0.886059 1.07656 0.0765612 -2.56966 0.0941537 
11 8300 7 0.442624 5.33471e-05 7.02493 0.215308 1.48164e-06 0.200346 0.886042 1.07654 0.0765412 -2.56993 0.0953009 
11 8400 7 0.447959 5.33471e-05 7.02493 0.215315 4.90631e-07 0.200343 0.886071 1.07658 0.076576 -2.56947 0.0964486 
11 8500 7 0.453294 5.33471e-05 7.02493 0.215315 -4.08029e-07 0.20034 0.886071 1.07658 0.0765761 -2.56947 0.0975989 
11 8600 7 0.458628 5.33471e-05 7.02493 0.215309 -8.38388e-07 0.200337 0.886045 1.07654 0.0765442 -2.56989 0.0987438 
11 8700 7 0.463963 5.33471e-05 7.02493 0.21529 -2.14133e-06 0.200334 0.885967 1.07645 0.0764503 -2.57111 0.0998961 
11 8800 7 0.469298 5.33471e-05 7.02493 0.215287 -5.6579e-07 0.200331 0.885955 1.07643 0.0764348 -2.57132 0.101048 
11 8900 7 0.474633 5.33471e-05 7.02493 0.215292 -1.96801e-06 0.20033 0.885975 1.07646 0.0764593 -2.571 0.102197 
11 9000 7 0.479967 5.33471e-05 7.02493 0.215295 1.23907e-06 0.200326 0.885989 1.07648 0.0764765 -2.57077 0.103347 
11 9100 8 0.485281 5.33471e-05 7.02493 0.215277 -6.56094e-07 0.200324 0.885915 1.07639 0.076387 -2.57194 0.104497 
11 9200 8 0.490616 5.33471e-05 7.02493 0.215281 -1.4789e-06 0.200321 0.885928 1.0764 0.0764027 -2.57174 0.105646 
11 9300 8 0.495951 5.33471e-05 7.02493 0.215281 -9.30928e-07 0.20032 0.885929 1.0764 0.0764041 -2.57172 0.106786 
11 9400 8 0.501285 5.33471e-05 7.02493 0.215281 -3.74336e-07 0.200316 0.885932 1.07641 0.0764069 -2.57168 0.107934 
11 9500 8 0.50662 5.33471e-05 7.02493 0.215267 4.97976e-07 0.200313 0.885871 1.07633 0.0763327 -2.57265 0.109092 
11 9600 8 0.511955 5.33471e-05 7.02493 0.215253 -4.14778e-07 0.20031 0.885816 1.07627 0.0762669 -2.57352 0.110236 
11 9700 8 0.51729 5.33471e-05 7.02493 0.215235 3.59656e-07 0.200309 0.885741 1.07617 0.0761748 -2.57472 0.111387 
11 9800 8 0.522624 5.33471e-05 7.02493 0.215253 1.06135e-06 0.200308 0.885814 1.07626 0.0762639 -2.57356 0.112535 
11 9900 8 0.527959 5.33471e-05 7.02493 0.215262 3.86515e-07 0.200307 0.885853 1.07631 0.0763118 -2.57293 0.113682 
11 10000 8 0.533294 5.33471e-05 7.02493 0.215249 1.16124e-06 0.200304 0.885798 1.07624 0.076244 -2.57382 0.114829 
11 10100 8 0.538628 5.33471e-05 7.02493 0.215229 -1.03443e-06 0.200301 0.885718 1.07615 0.0761474 -2.57508 0.115975 
11 10200 8 0.543963 5.33471e-05 7.02493 0.215235 -5.20459e-07 0.2003 0.885741 1.07617 0.0761749 -2.57472 0.117119 
11 10300 8 0.549298 5.33471e-05 7.02493 0.215218 1.7941e-06 0.200297 0.885672 1.07609 0.0760909 -2.57583 0.118268 
11 10400 8 0.554633 5.33471e-05 7.02493 0.215201 1.34426e-05 0.200296 0.885601 1.07601 0.0760057 -2.57695 0.119415 
11 10500 8 0.559967 5.33471e-05 7.02493 0.215197 1.37118e-05 0.200294 0.885585 1.07599 0.0759854 -2.57721 0.120563 
11 10600 9 0.565281 5.33471e-05 7.02493 0.215212 8.62804e-06 0.200292 0.885646 1.07606 0.0760598 -2.57623 0.121714 
11 10700 9 0.570616 5.33471e-05 7.02493 0.215213 4.24283e-06 0.200289 0.885651 1.07607 0.0760659 -2.57615 0.122863 
11 10800 9 0.575951 5.33471e-05 7.02493 0.215195 -1.25838e-05 0.200288 0.885577 1.07598 0.0759758 -2.57734 0.124011 
11 10900 9 0.581285 5.33471e-05 7.02493 0.2152 -7.86083e-06 0.200287 0.885595 1.076 0.0759981 -2.57705 0.125162 
11 11000 9 0.58662 5.33471e-05 7.02493 0.215213 -7.29972e-06 0.200286 0.885651 1.07607 0.0760657 -2.57616 0.126311 
11 11100 9 0.591955 5.33471e-05 7.02493 0.215186 -8.15989e-06 0.200284 0.88554 1.07593 0.0759311 -2.57793 0.127457 
11 11200 9 0.59729 5.33471e-05 7.02493 0.215189 -4.44946e-06 0.200281 0.88555 1.07594 0.0759428 -2.57777 0.12861 
11 11300 9 0.602624 5.33471e-05 7.02493 0.215192 -2.73127e-06 0.200279 0.885565 1.07596 0.0759619 -2.57752 0.129759 
11 11400 9 0.607959 5.33471e-05 7.02493 0.215178 -2.32654e-06 0.200279 0.885504 1.07589 0.0758875 -2.5785 0.130906 
11 11500 9 0.613294 5.33471e-05 7.02493 0.215182 -2.6759e-06 0.200278 0.885524 1.07591 0.075912 -2.57818 0.132053 
11 11600 9 0.618628 5.33471e-05 7.02493 0.215159 -3.07223e-06 0.200276 0.885427 1.07579 0.0757942 -2.57973 0.1332 
11 11700 9 0.623963 5.33471e-05 7.02493 0.215158 -2.27127e-06 0.200274 0.885424 1.07579 0.0757905 -2.57978 0.134343 
11 11800 9 0.629298 5.33471e-05 7.02493 0.215171 -1.90315e-06 0.200273 0.885477 1.07586 0.075855 -2.57893 0.135493 
11 11900 9 0.634633 5.33471e-05 7.02493 0.215156 -1.78959e-06 0.200271 0.885417 1.07578 0.0757821 -2.57989 0.136641 
11 12000 9 0.639967 5.33471e-05 7.02493 0.215121 -2.22279e-06 0.20027 0.885271 1.0756 0.0756048 -2.58224 0.137788 
11 12100 10 0.645281 5.33471e-05 7.02493 0.21512 1.64207e-07 0.200268 0.885266 1.0756 0.0755979 -2.58233 0.138935 
11 12200 10 0.650616 5.33471e-05 7.02493 0.215126 -7.07124e-07 0.200267 0.885293 1.07563 0.0756311 -2.58189 0.140082 
11 12300 10 0.655951 5.33471e-05 7.02493 0.215116 -6.35426e-07 0.200266 0.885251 1.07558 0.07558 -2.58256 0.141225 
11 12400 10 0.661285 5.33471e-05 7.02493 0.215125 -3.94946e-06 0.200265 0.88529 1.07563 0.0756272 -2.58194 0.142375 
11 12500 10 0.66662 5.33471e-05 7.02493 0.215113 -1.00178e-06 0.200263 0.885241 1.07557 0.0755672 -2.58273 0.143519 
11 12600 10 0.671955 5.33471e-05 7.02493 0.215117 9.55376e-06 0.200263 0.885254 1.07558 0.0755837 -2.58251 0.144668 
11 12700 10 0.67729 5.33471e-05 7.02493 0.215132 3.5276e-06 0.20026 0.885319 1.07566 0.0756622 -2.58148 0.145816 
11 12800 10 0.682624 5.33471e-05 7.02493 0.215124 3.64932e-06 0.200259 0.885284 1.07562 0.0756206 -2.58203 0.146966 
11 12900 10 0.687959 5.33471e-05 7.02493 0.215141 1.47024e-06 0.200258 0.885352 1.0757 0.0757032 -2.58094 0.148115 
11 13000 10 0.693294 5.33471e-05 7.02493 0.215152 3.45676e-06 0.200257 0.885401 1.07576 0.0757619 -2.58016 0.149264 
11 13100 10 0.698628 5.33471e-05 7.02493 0.215114 5.27183e-06 0.200256 0.885244 1.07557 0.0755711 -2.58268 0.150414 
11 13200 10 0.703963 5.33471e-05 7.02493 0.215108 7.98693e-06 0.200255 0.885217 1.07554 0.0755383 -2.58312 0.151559 
11 13300 10 0.709298 5.33471e-05 7.02493 0.215096 1.97947e-05 0.200254 0.885168 1.07548 0.0754794 -2.5839 0.152707 
11 13400 10 0.714633 5.33471e-05 7.02493 0.215081 1.35647e-05 0.200253 0.885107 1.0754 0.0754044 -2.58489 0.153855 
11 13500 10 0.719967 5.33471e-05 7.02493 0.215066 1.67448e-05 0.200252 0.885047 1.07533 0.0753317 -2.58585 0.155003 
11 13600 11 0.725281 5.33471e-05 7.02493 0.215072 2.17334e-05 0.20025 0.885071 1.07536 0.0753615 -2.58546 0.156151 
11 13700 11 0.730616 5.33471e-05 7.02493 0.215058 1.71754e-05 0.20025 0.885011 1.07529 0.0752884 -2.58643 0.157293 
11 13800 11 0.735951 5.33471e-05 7.02493 0.215048 5.8011e-06 0.20025 0.884973 1.07524 0.0752419 -2.58705 0.158446 
11 13900 11 0.741285 5.33471e-05 7.02493 0.215046 -3.68205e-06 0.200248 0.884965 1.07523 0.0752322 -2.58718 0.159588 
11 14000 11 0.74662 5.33471e-05 7.02493 0.21504 -1.20143e-05 0.200247 0.884937 1.0752 0.0751979 -2.58763 0.160735 
11 14100 11 0.751955 5.33471e-05 7.02493 0.215044 -1.62233e-06 0.200246 0.884954 1.07522 0.0752186 -2.58736 0.161886 
11 14200 11 0.75729 5.33471e-05 7.02493 0.215036 -9.23843e-06 0.200245 0.884923 1.07518 0.0751812 -2.58785 0.163032 
11 14300 11 0.762624 5.33471e-05 7.02493 0.215041 2.11722e-06 0.200245 0.884941 1.0752 0.0752034 -2.58756 0.164178 
11 14400 11 0.767959 5.33471e-05 7.02493 0.21501 3.7656e-06 0.200244 0.884816 1.07505 0.0750519 -2.58958 0.165322 
11 14500 11 0.773294 5.33471e-05 7.02493 0.215015 2.74272e-06 0.200243 0.884835 1.07508 0.0750751 -2.58927 0.16647 
11 14600 11 0.778628 5.33471e-05 7.02493 0.215013 -2.74405e-06 0.200243 0.884829 1.07507 0.0750671 -2.58937 0.167615 
11 14700 11 0.783963 5.33471e-05 7.02493 0.215005 -4.47454e-06 0.200242 0.884794 1.07502 0.0750249 -2.58994 0.168761 
11 14800 11 0.789298 5.33471e-05 7.02493 0.215007 -7.94255e-06 0.200242 0.884801 1.07503 0.0750327 -2.58983 0.169906 
11 14900 11 0.794633 5.33471e-05 7.02493 0.215001 -1.42123e-05 0.200241 0.884778 1.075 0.0750048 -2.5902 0.171054 
11 15000 11 0.799967 5.33471e-05 7.02493 0.214982 -9.2477e-06 0.200241 0.8847 1.07491 0.0749108 -2.59146 0.172202 
11 15100 12 0.805281 5.33471e-05 7.02493 0.214985 -3.84902e-06 0.200239 0.88471 1.07492 0.0749229 -2.5913 0.173351 
11 15200 12 0.810616 5.33471e-05 7.02493 0.214993 1.38349e-06 0.200239 0.884747 1.07497 0.0749674 -2.5907 0.174498 
11 15300 12 0.815951 5.33471e-05 7.02493 0.214979 1.93882e-07 0.200238 0.884688 1.0749 0.0748959 -2.59166 0.175645 
11 15400 12 0.821285 5.33471e-05 7.02493 0.214978 -1.14362e-05 0.200237 0.884682 1.07489 0.0748883 -2.59176 0.176795 
11 15500 12 0.82662 5.33471e-05 7.02493 0.214985 -1.09013e-05 0.200236 0.884712 1.07493 0.0749256 -2.59126 0.177943 
11 15600 12 0.831955 5.33471e-05 7.02493 0.214977 -1.14485e-05 0.200236 0.884677 1.07488 0.0748828 -2.59183 0.179086 
11 15700 12 0.83729 5.33471e-05 7.02493 0.214942 -8.35374e-06 0.200235 0.884537 1.07471 0.0747119 -2.59412 0.180237 
11 15800 12 0.842624 5.33471e-05 7.02493 0.214933 -5.44979e-06 0.200235 0.884497 1.07466 0.074664 -2.59476 0.18138 
11 15900 12 0.847959 5.33471e-05 7.02493 0.214939 -1.94237e-06 0.200234 0.884521 1.07469 0.0746926 -2.59437 0.182531 
11 16000 12 0.853294 5.33471e-05 7.02493 0.214952 -2.57142e-06 0.200233 0.884576 1.07476 0.0747597 -2.59348 0.183679 
11 16100 12 0.858628 5.33471e-05 7.02493 0.21495 -5.66057e-06 0.200233 0.88457 1.07475 0.0747521 -2.59358 0.184815 
11 16200 12 0.863963 5.33471e-05 7.02493 0.21493 -1.99005e-05 0.200234 0.884486 1.07465 0.0746501 -2.59494 0.185966 
11 16300 12 0.869298 5.33471e-05 7.02493 0.214908 -3.08068e-05 0.200233 0.884396 1.07454 0.0745412 -2.5964 0.187112 
11 16400 12 0.874633 5.33471e-05 7.02493 0.214913 -1.52882e-05 0.200232 0.884415 1.07456 0.0745643 -2.59609 0.188261 
11 16500 12 0.879967 5.33471e-05 7.02493 0.214909 -7.14062e-06 0.200231 0.884401 1.07455 0.0745471 -2.59632 0.189405 
11 16600 13 0.885281 5.33471e-05 7.02493 0.214921 4.12841e-06 0.200231 0.884447 1.0746 0.074603 -2.59557 0.19055 
11 16700 13 0.890616 5.33471e-05 7.02493 0.214913 7.04696e-06 0.20023 0.884415 1.07456 0.0745647 -2.59609 0.191696 
11 16800 13 0.895951 5.33471e-05 7.02493 0.214907 4.55786e-06 0.200229 0.884391 1.07453 0.074535 -2.59649 0.192845 
11 16900 13 0.901285 5.33471e-05 7.02493 0.214929 -1.67932e-06 0.200228 0.88448 1.07464 0.0746429 -2.59504 0.193989 
11 17000 13 0.90662 5.33471e-05 7.02493 0.214907 -1.80767e-07 0.200228 0.884392 1.07454 0.0745367 -2.59646 0.195134 
11 17100 13 0.911955 5.33471e-05 7.02493 0.2149 5.80406e-06 0.200227 0.884361 1.0745 0.074499 -2.59697 0.19628 
11 17200 13 0.91729 5.33471e-05 7.02493 0.214902 1.16525e-05 0.200227 0.88437 1.07451 0.0745095 -2.59683 0.197428 
11 17300 13 0.922624 5.33471e-05 7.02493 0.214886 1.17782e-05 0.200226 0.884304 1.07443 0.0744295 -2.5979 0.198576 
11 17400 13 0.927959 5.33471e-05 7.02493 0.214873 1.84758e-06 0.200227 0.884251 1.07436 0.0743648 -2.59877 0.199723 
11 17500 13 0.933294 5.33471e-05 7.02493 0.21487 2.63676e-06 0.200226 0.884239 1.07435 0.0743506 -2.59896 0.200871 
11 17600 13 0.938628 5.33471e-05 7.02493 0.214868 -3.63165e-06 0.200225 0.884229 1.07434 0.0743382 -2.59913 0.202016 
11 17700 13 0.943963 5.33471e-05 7.02493 0.214852 -3.99113e-06 0.200225 0.884164 1.07426 0.0742591 -2.60019 0.203161 
11 17800 13 0.949298 5.33471e-05 7.02493 0.214853 -2.69962e-06 0.200225 0.884168 1.07426 0.0742638 -2.60013 0.204311 
11 17900 13 0.954633 5.33471e-05 7.02493 0.214864 3.81968e-06 0.200224 0.884214 1.07432 0.0743201 -2.59937 0.205458 
11 18000 13 0.959967 5.33471e-05 7.02493 0.214849 3.58894e-06 0.200224 0.884153 1.07425 0.0742454 -2.60038 0.206605 
11 18100 14 0.965281 5.33471e-05 7.02493 0.214867 1.82964e-05 0.200222 0.884228 1.07434 0.0743364 -2.59915 0.207751 
11 18200 14 0.970616 5.33471e-05 7.02493 0.21486 1.58371e-05 0.200222 0.884199 1.0743 0.0743014 -2.59962 0.208894 
11 18300 14 0.975951 5.33471e-05 7.02493 0.214856 1.46233e-05 0.200222 0.884183 1.07428 0.0742824 -2.59988 0.210044 
11 18400 14 0.981285 5.33471e-05 7.02493 0.214829 -1.94871e-07 0.200221 0.884071 1.07415 0.0741464 -2.60171 0.211184 
11 18500 14 0.98662 5.33471e-05 7.02493 0.214831 1.85977e-07 0.200222 0.884077 1.07415 0.074154 -2.60161 0.212331 
11 18600 14 0.991955 5.33471e-05 7.02493 0.214828 -4.22484e-06 0.200222 0.884064 1.07414 0.0741383 -2.60182 0.213477 
11 18700 14 0.99729 5.33471e-05 7.02493 0.214781 1.21842e-05 0.200223 0.883871 1.0739 0.0739036 -2.60499 0.214625 
11 18800 14 1.00262 5.33471e-05 7.02493 0.21478 1.49387e-05 0.200222 0.88387 1.0739 0.0739023 -2.60501 0.215765 
11 18900 14 1.00796 5.33471e-05 7.02493 0.214793 1.26471e-05 0.200221 0.883923 1.07397 0.0739664 -2.60414 0.216912 
11 19000 14 1.01329 5.33471e-05 7.02493 0.214793 4.79202e-06 0.200221 0.88392 1.07396 0.0739626 -2.6042 0.218061 
11 19100 14 1.01863 5.33471e-05 7.02493 0.214784 -9.89782e-06 0.200221 0.883884 1.07392 0.0739185 -2.60479 0.219205 
11 19200 14 1.02396 5.33471e-05 7.02493 0.214779 -4.84556e-06 0.200221 0.883863 1.07389 0.0738938 -2.60513 0.22035 
11 19300 14 1.0293 5.33471e-05 7.02493 0.214783 -1.52765e-05 0.200221 0.88388 1.07391 0.0739145 -2.60485 0.221492 
11 19400 14 1.03463 5.33471e-05 7.02493 0.21479 -4.97328e-06 0.20022 0.883909 1.07395 0.0739492 -2.60438 0.222637 
11 19500 14 1.03997 5.33471e-05 7.02493 0.214786 6.93942e-06 0.200219 0.883891 1.07393 0.0739278 -2.60467 0.223783 
11 19600 15 1.04528 5.33471e-05 7.02493 0.214794 -4.00195e-06 0.200219 0.883924 1.07397 0.0739676 -2.60413 0.224928 
11 19700 15 1.05062 5.33471e-05 7.02493 0.214766 6.96515e-06 0.200219 0.883809 1.07383 0.0738284 -2.60601 0.226077 
11 19800 15 1.05595 5.33471e-05 7.02493 0.214767 6.15727e-06 0.200218 0.883815 1.07384 0.0738355 -2.60592 0.227222 
11 19900 15 1.06129 5.33471e-05 7.02493 0.214754 5.53223e-06 0.200219 0.88376 1.07377 0.0737679 -2.60683 0.228374 
11 20000 15 1.06662 5.33471e-05 7.02493 0.214754 3.19111e-06 0.200218 0.883762 1.07377 0.0737712 -2.60679 0.22952 
11 20100 15 1.07195 5.33471e-05 7.02493 0.21475 5.55339e-07 0.200218 0.883744 1.07375 0.0737484 -2.6071 0.230668 
11 20200 15 1.07729 5.33471e-05 7.02493 0.214731 3.76967e-06 0.200219 0.883668 1.07366 0.0736569 -2.60834 0.231813 
11 20300 15 1.08262 5.33471e-05 7.02493 0.214743 9.88434e-07 0.200217 0.883716 1.07371 0.0737149 -2.60755 0.232961 
11 20400 15 1.08796 5.33471e-05 7.02493 0.214751 8.41035e-06 0.200217 0.883748 1.07375 0.0737541 -2.60702 0.234105 
11 20500 15 1.09329 5.33471e-05 7.02493 0.214714 -9.35442e-07 0.200218 0.883596 1.07357 0.0735697 -2.60952 0.235247 
11 20600 15 1.09863 5.33471e-05 7.02493 0.214726 9.75855e-06 0.200217 0.883644 1.07363 0.0736277 -2.60873 0.236392 
11 20700 15 1.10396 5.33471e-05 7.02493 0.21472 1.23896e-07 0.200216 0.883622 1.0736 0.0736013 -2.60909 0.237542 
11 20800 15 1.1093 5.33471e-05 7.02493 0.214704 2.492e-06 0.200217 0.883555 1.07352 0.0735193 -2.61021 0.238677 
11 20900 15 1.11463 5.33471e-05 7.02493 0.214697 -5.6602e-06 0.200216 0.883526 1.07348 0.0734841 -2.61069 0.239823 
11 21000 15 1.11997 5.33471e-05 7.02493 0.214718 -1.04558e-05 0.200215 0.883613 1.07359 0.0735902 -2.60924 0.240969 
11 21100 16 1.12528 5.33471e-05 7.02493 0.214717 -8.13695e-06 0.200214 0.88361 1.07359 0.0735867 -2.60929 0.242121 
11 21200 16 1.13062 5.33471e-05 7.02493 0.214688 -1.09991e-05 0.200216 0.883491 1.07344 0.0734411 -2.61127 0.243267 
11 21300 16 1.13595 5.33471e-05 7.02493 0.214682 -4.72266e-06 0.200215 0.883466 1.07341 0.0734114 -2.61168 0.244408 
11 21400 16 1.14129 5.33471e-05 7.02493 0.214692 3.49441e-06 0.200215 0.883506 1.07346 0.0734602 -2.61101 0.245553 
11 21500 16 1.14662 5.33471e-05 7.02493 0.214671 -3.76771e-06 0.200215 0.883418 1.07335 0.0733534 -2.61247 0.246699 
11 21600 16 1.15195 5.33471e-05 7.02493 0.214676 -5.81179e-06 0.200214 0.883442 1.07338 0.0733823 -2.61207 0.247843 
11 21700 16 1.15729 5.33471e-05 7.02493 0.214675 -5.90679e-06 0.200214 0.883436 1.07338 0.073375 -2.61217 0.248989 
11 21800 16 1.16262 5.33471e-05 7.02493 0.214668 8.19171e-07 0.200214 0.883409 1.07334 0.0733421 -2.61262 0.250131 
11 21900 16 1.16796 5.33471e-05 7.02493 0.214667 7.05736e-07 0.200213 0.883404 1.07334 0.0733359 -2.61271 0.251276 
11 22000 16 1.17329 5.33471e-05 7.02493 0.214652 1.66346e-06 0.200213 0.883343 1.07326 0.0732623 -2.61371 0.25242 
11 22100 16 1.17863 5.33471e-05 7.02493 0.214648 3.88457e-06 0.200212 0.883327 1.07324 0.0732421 -2.61399 0.253566 
11 22200 16 1.18396 5.33471e-05 7.02493 0.214652 5.41558e-06 0.200213 0.88334 1.07326 0.0732581 -2.61377 0.254713 
11 22300 16 1.1893 5.33471e-05 7.02493 0.214692 1.14684e-05 0.20021 0.883505 1.07346 0.0734581 -2.61104 0.255858 
11 22400 16 1.19463 5.33471e-05 7.02493 0.214651 3.65154e-06 0.200212 0.883339 1.07326 0.0732569 -2.61378 0.257004 
11 22500 16 1.19997 5.33471e-05 7.02493 0.214632 6.40358e-06 0.200213 0.883261 1.07316 0.0731618 -2.61508 0.25815 
11 22600 17 1.20528 5.33471e-05 7.02493 0.214635 -4.90095e-06 0.200213 0.88327 1.07317 0.0731734 -2.61492 0.259292 
11 22700 17 1.21062 5.33471e-05 7.02493 0.214609 -3.20984e-06 0.200214 0.883166 1.07305 0.0730465 -2.61666 0.260442 
11 22800 17 1.21595 5.33471e-05 7.02493 0.214602 -4.34137e-07 0.200214 0.883134 1.07301 0.0730076 -2.61719 0.261588 
11 22900 17 1.22129 5.33471e-05 7.02493 0.214597 4.0517e-06 0.200213 0.883115 1.07298 0.0729849 -2.6175 0.262733 
11 23000 17 1.22662 5.33471e-05 7.02493 0.214618 -3.19003e-06 0.200213 0.883202 1.07309 0.0730903 -2.61606 0.263878 
11 23100 17 1.23195 5.33471e-05 7.02493 0.214603 -1.53971e-05 0.200213 0.88314 1.07301 0.0730146 -2.6171 0.265022 
11 23200 17 1.23729 5.33471e-05 7.02493 0.214596 -2.2367e-05 0.200212 0.883112 1.07298 0.0729813 -2.61755 0.266164 
11 23300 17 1.24262 5.33471e-05 7.02493 0.214574 -1.16612e-05 0.200213 0.88302 1.07287 0.0728697 -2.61908 0.267306 
11 23400 17 1.24796 5.33471e-05 7.02493 0.214579 -4.84047e-06 0.200213 0.883043 1.0729 0.0728972 -2.6187 0.268451 
11 23500 17 1.25329 5.33471e-05 7.02493 0.214588 -9.89877e-06 0.200213 0.88308 1.07294 0.072942 -2.61809 0.269595 
11 23600 17 1.25863 5.33471e-05 7.02493 0.214587 -7.21204e-06 0.200212 0.883075 1.07294 0.0729356 -2.61818 0.270743 
11 23700 17 1.26396 5.33471e-05 7.02493 0.214572 -7.14393e-06 0.200212 0.883014 1.07286 0.0728618 -2.61919 0.271884 
11 23800 17 1.2693 5.33471e-05 7.02493 0.214581 2.77858e-06 0.200212 0.883049 1.0729 0.0729048 -2.6186 0.273029 
11 23900 17 1.27463 5.33471e-05 7.02493 0.214584 -2.79839e-06 0.200212 0.883062 1.07292 0.0729204 -2.61839 0.274174 
11 24000 17 1.27997 5.33471e-05 7.02493 0.214574 -5.35114e-07 0.200212 0.883019 1.07287 0.0728685 -2.6191 0.275318 
11 24100 18 1.28528 5.33471e-05 7.02493 0.21456 -1.05865e-05 0.200213 0.882964 1.0728 0.0728014 -2.62002 0.276465 
11 24200 18 1.29062 5.33471e-05 7.02493 0.214534 -8.81205e-06 0.200212 0.882857 1.07267 0.0726714 -2.62181 0.277609 
11 24300 18 1.29595 5.33471e-05 7.02493 0.21456 -1.71139e-06 0.200212 0.882962 1.0728 0.0727989 -2.62005 0.278754 
11 24400 18 1.30129 5.33471e-05 7.02493 0.214557 9.83987e-06 0.200212 0.882951 1.07279 0.0727853 -2.62024 0.279897 
11 24500 18 1.30662 5.33471e-05 7.02493 0.214549 1.36928e-05 0.200212 0.882917 1.07274 0.0727439 -2.62081 0.281043 
11 24600 18 1.31195 5.33471e-05 7.02493 0.214549 -3.15786e-06 0.200211 0.882916 1.07274 0.0727425 -2.62083 0.282187 
11 24700 18 1.31729 5.33471e-05 7.02493 0.214559 1.07164e-06 0.200211 0.882957 1.07279 0.0727927 -2.62014 0.283333 
11 24800 18 1.32262 5.33471e-05 7.02493 0.214544 5.12027e-06 0.200211 0.882895 1.07272 0.0727175 -2.62117 0.284474 
11 24900 18 1.32796 5.33471e-05 7.02493 0.214531 1.08167e-07 0.200211 0.882845 1.07266 0.0726565 -2.62201 0.285618 
11 25000 18 1.33329 5.33471e-05 7.02493 0.214516 -3.00841e-06 0.200211 0.882782 1.07258 0.0725801 -2.62306 0.286762 
11 25100 18 1.33863 5.33471e-05 7.02493 0.214511 -1.69534e-06 0.200211 0.882763 1.07256 0.0725566 -2.62339 0.28791 
11 25200 18 1.34396 5.33471e-05 7.02493 0.214485 5.85064e-06 0.200212 0.882654 1.07242 0.0724243 -2.62521 0.289049 
11 25300 18 1.3493 5.33471e-05 7.02493 0.214493 1.45452e-06 0.200212 0.882687 1.07247 0.0724651 -2.62465 0.2902 
11 25400 18 1.35463 5.33471e-05 7.02493 0.214498 6.87438e-06 0.200211 0.882708 1.07249 0.0724899 -2.62431 0.291341 
11 25500 18 1.35997 5.33471e-05 7.02493 0.214485 2.49688e-06 0.200211 0.882654 1.07242 0.0724247 -2.62521 0.292485 
11 25600 19 1.36528 5.33471e-05 7.02493 0.214509 -3.35594e-07 0.20021 0.882753 1.07254 0.0725448 -2.62355 0.293627 
11 25700 19 1.37062 5.33471e-05 7.02493 0.21448 4.95211e-07 0.200212 0.882636 1.0724 0.0724024 -2.62552 0.294771 
11 25800 19 1.37595 5.33471e-05 7.02493 0.214462 1.68975e-06 0.200211 0.882562 1.07231 0.0723123 -2.62676 0.295922 
11 25900 19 1.38129 5.33471e-05 7.02493 0.214439 -1.81635e-07 0.200211 0.882466 1.0722 0.0721958 -2.62837 0.297059 
11 26000 19 1.38662 5.33471e-05 7.02493 0.214453 -4.52755e-06 0.20021 0.882521 1.07226 0.0722629 -2.62744 0.29821 
11 26100 19 1.39195 5.33471e-05 7.02493 0.214484 -6.93646e-06 0.200209 0.882651 1.07242 0.0724206 -2.62526 0.299346 
11 26200 19 1.39729 5.33471e-05 7.02493 0.214478 -1.98664e-06 0.200209 0.882624 1.07239 0.072388 -2.62572 0.30049 
11 26300 19 1.40262 5.33471e-05 7.02493 0.214469 7.54562e-06 0.200209 0.882589 1.07235 0.0723452 -2.62631 0.301634 
11 26400 19 1.40796 5.33471e-05 7.02493 0.214474 -5.4346e-07 0.200209 0.882608 1.07237 0.0723692 -2.62597 0.30279 
11 26500 19 1.41329 5.33471e-05 7.02493 0.214477 -2.81449e-06 0.200209 0.88262 1.07238 0.072383 -2.62578 0.303925 
11 26600 19 1.41863 5.33471e-05 7.02493 0.214475 2.31326e-07 0.200209 0.882614 1.07238 0.0723764 -2.62587 0.305069 
11 26700 19 1.42396 5.33471e-05 7.02493 0.214447 -6.39092e-06 0.200211 0.882498 1.07224 0.0722354 -2.62782 0.306209 
11 26800 19 1.4293 5.33471e-05 7.02493 0.214449 -5.57787e-06 0.20021 0.882504 1.07224 0.0722426 -2.62772 0.307355 
11 26900 19 1.43463 5.33471e-05 7.02493 0.21446 5.74723e-06 0.200209 0.882553 1.0723 0.0723018 -2.62691 0.308502 
11 27000 19 1.43997 5.33471e-05 7.02493 0.214432 1.01912e-05 0.20021 0.882437 1.07216 0.0721615 -2.62885 0.309647 
11 27100 20 1.44528 5.33471e-05 7.02493 0.214432 1.92093e-05 0.20021 0.882436 1.07216 0.0721603 -2.62886 0.310789 
11 27200 20 1.45062 5.33471e-05 7.02493 0.214449 1.97437e-05 0.200208 0.882507 1.07225 0.0722465 -2.62767 0.311939 
11 27300 20 1.45595 5.33471e-05 7.02493 0.214455 1.37373e-05 0.200207 0.882532 1.07228 0.0722767 -2.62725 0.313084 
11 27400 20 1.46129 5.33471e-05 7.02493 0.214429 2.63008e-06 0.200209 0.882423 1.07214 0.0721444 -2.62909 0.314229 
11 27500 20 1.46662 5.33471e-05 7.02493 0.214414 1.08146e-06 0.200209 0.882361 1.07207 0.0720691 -2.63013 0.315373 
11 27600 20 1.47195 5.33471e-05 7.02493 0.214433 1.92612e-06 0.200208 0.882438 1.07216 0.0721626 -2.62883 0.316515 
11 27700 20 1.47729 5.33471e-05 7.02493 0.21442 2.16207e-06 0.200209 0.882388 1.0721 0.0721014 -2.62968 0.317653 
11 27800 20 1.48262 5.33471e-05 7.02493 0.214393 -7.97939e-06 0.20021 0.882275 1.07196 0.0719636 -2.6316 0.318803 
11 27900 20 1.48796 5.33471e-05 7.02493 0.214389 -8.00046e-06 0.20021 0.882258 1.07194 0.0719429 -2.63188 0.319939 
11 28000 20 1.49329 5.33471e-05 7.02493 0.214376 -3.45579e-06 0.200211 0.882204 1.07188 0.0718782 -2.63278 0.321082 
11 28100 20 1.49863 5.33471e-05 7.02493 0.214393 -6.14018e-06 0.200211 0.882277 1.07197 0.0719667 -2.63155 0.322228 
11 28200 20 1.50396 5.33471e-05 7.02493 0.214413 -7.30855e-06 0.20021 0.882357 1.07206 0.0720641 -2.6302 0.323371 
11 28300 20 1.5093 5.33471e-05 7.02493 0.214392 -5.33547e-07 0.200212 0.882273 1.07196 0.0719616 -2.63162 0.324516 
11 28400 20 1.51463 5.33471e-05 7.02493 0.214381 3.69244e-06 0.200211 0.882227 1.07191 0.0719053 -2.63241 0.325658 
11 28500 20 1.51997 5.33471e-05 7.02493 0.214372 3.60458e-06 0.200212 0.882189 1.07186 0.0718602 -2.63303 0.326806 
11 28600 21 1.52528 5.33471e-05 7.02493 0.214379 5.44177e-06 0.20021 0.882216 1.07189 0.0718927 -2.63258 0.327943 
11 28700 21 1.53062 5.33471e-05 7.02493 0.214365 1.17672e-05 0.20021 0.882162 1.07183 0.0718272 -2.63349 0.329089 
11 28800 21 1.53595 5.33471e-05 7.02493 0.214357 6.73277e-06 0.20021 0.882126 1.07178 0.0717827 -2.63411 0.330238 
11 28900 21 1.54129 5.33471e-05 7.02493 0.214354 -2.83474e-06 0.20021 0.882114 1.07177 0.071769 -2.6343 0.331373 
11 29000 21 1.54662 5.33471e-05 7.02493 0.214363 -5.26219e-06 0.20021 0.882151 1.07181 0.0718136 -2.63368 0.332517 
11 29100 21 1.55195 5.33471e-05 7.02493 0.214338 -1.00898e-05 0.20021 0.882051 1.07169 0.0716917 -2.63538 0.333659 
11 29200 21 1.55729 5.33471e-05 7.02493 0.214344 -1.11402e-05 0.20021 0.882074 1.07172 0.0717198 -2.63499 0.33481 
11 29300 21 1.56262 5.33471e-05 7.02493 0.214341 -9.65267e-06 0.200211 0.882063 1.07171 0.0717063 -2.63518 0.335953 
11 29400 21 1.56796 5.33471e-05 7.02493 0.214343 -1.30088e-05 0.200211 0.882071 1.07172 0.0717167 -2.63503 0.337096 
11 29500 21 1.57329 5.33471e-05 7.02493 0.214352 -1.61279e-05 0.20021 0.882106 1.07176 0.0717592 -2.63444 0.338239 
11 29600 21 1.57863 5.33471e-05 7.02493 0.214329 -1.3885e-05 0.20021 0.882013 1.07165 0.0716461 -2.63602 0.339383 
11 29700 21 1.58396 5.33471e-05 7.02493 0.214328 -2.02058e-05 0.200211 0.882007 1.07164 0.0716381 -2.63613 0.340527 
11 29800 21 1.5893 5.33471e-05 7.02493 0.214336 -1.95485e-05 0.200211 0.882041 1.07168 0.0716802 -2.63554 0.341671 
11 29900 21 1.59463 5.33471e-05 7.02493 0.214323 -1.38157e-05 0.200211 0.881986 1.07161 0.0716135 -2.63647 0.342816 
11 30000 21 1.59997 5.33471e-05 7.02493 0.214337 -1.18148e-05 0.20021 0.882045 1.07168 0.0716843 -2.63548 0.343958 
11 30100 22 1.60528 5.33471e-05 7.02493 0.214341 -1.64902e-05 0.20021 0.882063 1.07171 0.0717069 -2.63517 0.345103 
11 30200 22 1.61062 5.33471e-05 7.02493 0.214346 -1.27277e-05 0.200211 0.882083 1.07173 0.071731 -2.63483 0.346245 
11 30300 22 1.61595 5.33471e-05 7.02493 0.21436 -2.64301e-06 0.200209 0.882139 1.0718 0.0717989 -2.63389 0.34739 
11 30400 22 1.62129 5.33471e-05 7.02493 0.214326 5.97745e-07 0.20021 0.882002 1.07163 0.0716322 -2.63621 0.34853 
11 30500 22 1.62662 5.33471e-05 7.02493 0.214302 7.92745e-07 0.200211 0.881901 1.07151 0.0715102 -2.63792 0.349672 
11 30600 22 1.63195 5.33471e-05 7.02493 0.214302 -1.08059e-05 0.200211 0.881902 1.07151 0.0715105 -2.63791 0.350814 
11 30700 22 1.63729 5.33471e-05 7.02493 0.214307 -1.83513e-05 0.200211 0.881921 1.07153 0.0715344 -2.63758 0.351956 
11 30800 22 1.64262 5.33471e-05 7.02493 0.21431 -2.28322e-05 0.200211 0.881933 1.07155 0.071549 -2.63737 0.353099 
11 30900 22 1.64796 5.33471e-05 7.02493 0.214277 -1.8788e-05 0.200212 0.8818 1.07139 0.0713873 -2.63964 0.354245 
11 31000 22 1.65329 5.33471e-05 7.02493 0.214297 -1.0357e-05 0.200211 0.881881 1.07149 0.0714851 -2.63827 0.355384 
11 31100 22 1.65863 5.33471e-05 7.02493 0.214298 -1.40564e-06 0.200209 0.881883 1.07149 0.0714883 -2.63822 0.356527 
11 31200 22 1.66396 5.33471e-05 7.02493 0.214298 7.37238e-06 0.20021 0.881886 1.07149 0.0714909 -2.63818 0.35767 
11 31300 22 1.6693 5.33471e-05 7.02493 0.214304 9.51195e-06 0.200209 0.881909 1.07152 0.0715197 -2.63778 0.358816 
11 31400 22 1.67463 5.33471e-05 7.02493 0.214308 1.624e-05 0.200208 0.881928 1.07154 0.0715419 -2.63747 0.359956 
11 31500 22 1.67997 5.33471e-05 7.02493 0.214284 2.64652e-05 0.200209 0.881825 1.07142 0.071418 -2.63921 0.361099 
11 31600 23 1.68528 5.33471e-05 7.02493 0.214289 3.88142e-05 0.200209 0.881849 1.07145 0.0714461 -2.63881 0.362241 
11 31700 23 1.69062 5.33471e-05 7.02493 0.214283 2.8228e-05 0.200209 0.881823 1.07141 0.0714145 -2.63925 0.363385 
11 31800 23 1.69595 5.33471e-05 7.02493 0.214287 1.73413e-05 0.200211 0.881838 1.07143 0.071433 -2.639 0.364528 
11 31900 23 1.70129 5.33471e-05 7.02493 0.214281 1.62997e-05 0.20021 0.881815 1.07141 0.0714055 -2.63938 0.36568 
11 32000 23 1.70662 5.33471e-05 7.02493 0.214285 1.46051e-05 0.20021 0.881829 1.07142 0.0714225 -2.63914 0.366816 
11 32100 23 1.71195 5.33471e-05 7.02493 0.214265 1.68228e-05 0.20021 0.881751 1.07133 0.0713275 -2.64047 0.367959 
11 32200 23 1.71729 5.33471e-05 7.02493 0.214251 1.48142e-05 0.20021 0.88169 1.07125 0.0712532 -2.64152 0.369102 
11 32300 23 1.72262 5.33471e-05 7.02493 0.214261 9.63994e-07 0.20021 0.881731 1.0713 0.0713037 -2.64081 0.370246 
11 32400 23 1.72796 5.33471e-05 7.02493 0.214308 2.37713e-06 0.20021 0.881925 1.07154 0.0715395 -2.63751 0.371391 
11 32500 23 1.73329 5.33471e-05 7.02493 0.214251 -1.04791e-05 0.200211 0.881691 1.07125 0.0712543 -2.6415 0.372537 
11 32600 23 1.73863 5.33471e-05 7.02493 0.214238 -2.86767e-05 0.200211 0.881638 1.07119 0.0711907 -2.64239 0.373678 
11 32700 23 1.74396 5.33471e-05 7.02493 0.214248 -3.33422e-05 0.200209 0.881681 1.07124 0.0712423 -2.64167 0.374828 
11 32800 23 1.7493 5.33471e-05 7.02493 0.214247 -4.74118e-05 0.200211 0.881675 1.07123 0.0712349 -2.64177 0.375969 
11 32900 23 1.75463 5.33471e-05 7.02493 0.214238 -2.85203e-05 0.200213 0.881636 1.07119 0.071188 -2.64243 0.377111 
11 33000 23 1.75997 5.33471e-05 7.02493 0.214245 -1.12862e-05 0.200211 0.881665 1.07122 0.071223 -2.64194 0.378253 
11 33100 24 1.76528 5.33471e-05 7.02493 0.214255 -4.40731e-06 0.200211 0.881707 1.07127 0.0712745 -2.64122 0.379394 
11 33200 24 1.77062 5.33471e-05 7.02493 0.214262 -8.58408e-06 0.200212 0.881738 1.07131 0.0713111 -2.6407 0.380536 
11 33300 24 1.77595 5.33471e-05 7.02493 0.21426 -1.05107e-05 0.200212 0.881727 1.0713 0.0712985 -2.64088 0.381683 
11 33400 24 1.78129 5.33471e-05 7.02493 0.214242 -1.14183e-05 0.200213 0.881653 1.07121 0.0712088 -2.64214 0.38282 
11 33500 24 1.78662 5.33471e-05 7.02493 0.2142 -8.29554e-08 0.200214 0.88148 1.071 0.070998 -2.6451 0.383962 
11 33600 24 1.79195 5.33471e-05 7.02493 0.214245 -3.83477e-06 0.200213 0.881666 1.07122 0.0712237 -2.64193 0.385106 
11 33700 24 1.79729 5.33471e-05 7.02493 0.214237 -8.6221e-06 0.200214 0.881635 1.07119 0.071186 -2.64246 0.386247 
11 33800 24 1.80262 5.33471e-05 7.02493 0.214206 5.6343e-06 0.200214 0.881508 1.07103 0.0710323 -2.64462 0.387388 
11 33900 24 1.80796 5.33471e-05 7.02493 0.214214 -7.93929e-06 0.200214 0.881541 1.07107 0.0710724 -2.64406 0.388531 
11 34000 24 1.81329 5.33471e-05 7.02493 0.21423 -2.96879e-05 0.200214 0.881603 1.07115 0.0711479 -2.64299 0.389681 
11 34100 24 1.81863 5.33471e-05 7.02493 0.214231 -1.75932e-05 0.200213 0.881608 1.07115 0.0711534 -2.64292 0.390825 
11 34200 24 1.82396 5.33471e-05 7.02493 0.214215 -2.86158e-05 0.200213 0.881544 1.07108 0.071076 -2.64401 0.391959 
11 34300 24 1.8293 5.33471e-05 7.02493 0.214198 -1.6589e-05 0.200214 0.881473 1.07099 0.0709898 -2.64522 0.393101 
11 34400 24 1.83463 5.33471e-05 7.02493 0.214214 -1.30838e-05 0.200213 0.881539 1.07107 0.0710694 -2.6441 0.394243 
11 34500 24 1.83997 5.33471e-05 7.02493 0.214221 -3.50533e-06 0.200213 0.881568 1.07111 0.0711051 -2.6436 0.395387 
11 34600 25 1.84528 5.33471e-05 7.02493 0.214227 -2.33216e-06 0.200213 0.881592 1.07113 0.0711342 -2.64319 0.396532 
11 34700 25 1.85062 5.33471e-05 7.02493 0.214223 -7.64943e-06 0.200212 0.881575 1.07111 0.0711136 -2.64348 0.397677 
11 34800 25 1.85595 5.33471e-05 7.02493 0.214193 2.90349e-06 0.200212 0.881453 1.07097 0.0709655 -2.64556 0.398819 
11 34900 25 1.86129 5.33471e-05 7.02493 0.214187 6.14107e-06 0.200214 0.881428 1.07093 0.0709345 -2.646 0.399961 
11 35000 25 1.86662 5.33471e-05 7.02493 0.214214 5.35339e-06 0.200213 0.881541 1.07107 0.0710723 -2.64406 0.401104 
11 35100 25 1.87195 5.33471e-05 7.02493 0.214208 -1.09116e-06 0.200213 0.881513 1.07104 0.0710385 -2.64453 0.402249 
11 35200 25 1.87729 5.33471e-05 7.02493 0.21418 -5.8437e-06 0.200215 0.881399 1.0709 0.0708994 -2.64649 0.403392 
11 35300 25 1.88262 5.33471e-05 7.02493 0.21415 6.79427e-06 0.200216 0.881275 1.07075 0.0707497 -2.64861 0.404535 
11 35400 25 1.88796 5.33471e-05 7.02493 0.214178 6.85766e-06 0.200213 0.881392 1.07089 0.0708908 -2.64662 0.405676 
11 35500 25 1.89329 5.33471e-05 7.02493 0.214205 1.14949e-05 0.200211 0.881504 1.07103 0.0710274 -2.64469 0.40682 
11 35600 25 1.89863 5.33471e-05 7.02493 0.214184 9.76652e-06 0.200213 0.881414 1.07092 0.0709179 -2.64623 0.407964 
11 35700 25 1.90396 5.33471e-05 7.02493 0.214176 -4.2651e-07 0.200214 0.881384 1.07088 0.070881 -2.64675 0.409106 
11 35800 25 1.9093 5.33471e-05 7.02493 0.214196 -2.15785e-06 0.200213 0.881466 1.07098 0.0709814 -2.64534 0.410249 
11 35900 25 1.91463 5.33471e-05 7.02493 0.214179 3.1706e-06 0.200214 0.881394 1.07089 0.0708933 -2.64658 0.411389 
11 36000 25 1.91997 5.33471e-05 7.02493 0.214166 6.27395e-06 0.200215 0.881342 1.07083 0.07083 -2.64747 0.412531 
11 36100 26 1.92528 5.33471e-05 7.02493 0.214152 1.29233e-05 0.200212 0.881284 1.07076 0.07076 -2.64846 0.413673 
11 36200 26 1.93062 5.33471e-05 7.02493 0.214157 2.92353e-05 0.200212 0.881303 1.07078 0.0707831 -2.64814 0.414815 
11 36300 26 1.93595 5.33471e-05 7.02493 0.214141 1.754e-05 0.200213 0.881239 1.07071 0.0707056 -2.64923 0.415962 
11 36400 26 1.94129 5.33471e-05 7.02493 0.21414 6.49187e-06 0.200213 0.881233 1.0707 0.0706976 -2.64934 0.417097 
11 36500 26 1.94662 5.33471e-05 7.02493 0.214129 2.83061e-06 0.200213 0.881191 1.07065 0.0706472 -2.65006 0.41824 
11 36600 26 1.95195 5.33471e-05 7.02493 0.214138 1.62022e-05 0.200213 0.881227 1.07069 0.0706907 -2.64944 0.419385 
11 36700 26 1.95729 5.33471e-05 7.02493 0.214127 1.66917e-05 0.200213 0.881182 1.07064 0.0706363 -2.65021 0.420522 
11 36800 26 1.96262 5.33471e-05 7.02493 0.214138 1.71803e-05 0.200211 0.881226 1.07069 0.0706901 -2.64945 0.421669 
11 36900 26 1.96796 5.33471e-05 7.02493 0.214143 1.67266e-05 0.20021 0.881246 1.07071 0.0707133 -2.64912 0.422807 
11 37000 26 1.97329 5.33471e-05 7.02493 0.214134 1.63008e-05 0.200211 0.881211 1.07067 0.0706715 -2.64971 0.423949 
11 37100 26 1.97863 5.33471e-05 7.02493 0.214146 9.61066e-06 0.20021 0.881258 1.07073 0.0707288 -2.6489 0.425091 
11 37200 26 1.98396 5.33471e-05 7.02493 0.214148 -8.08066e-07 0.20021 0.881265 1.07074 0.0707376 -2.64878 0.426234 
11 37300 26 1.9893 5.33471e-05 7.02493 0.214144 1.72589e-06 0.200212 0.881253 1.07072 0.0707222 -2.649 0.427376 
11 37400 26 1.99463 5.33471e-05 7.02493 0.21412 7.08077e-08 0.200212 0.881153 1.0706 0.0706003 -2.65072 0.42852 
11 37500 26 1.99997 5.33471e-05 7.02493 0.214113 7.82416e-06 0.200212 0.881124 1.07057 0.0705659 -2.65121 0.429664 
11 37600 27 2.00528 5.33471e-05 7.02493 0.214139 1.23464e-05 0.200212 0.881229 1.07069 0.0706937 -2.6494 0.430804 
11 37700 27 2.01062 5.33471e-05 7.02493 0.214135 4.08808e-07 0.200212 0.881214 1.07068 0.0706753 -2.64966 0.431948 
11 37800 27 2.01595 5.33471e-05 7.02493 0.214122 -7.92795e-06 0.200211 0.88116 1.07061 0.0706092 -2.65059 0.433091 
11 37900 27 2.02129 5.33471e-05 7.02493 0.214097 -4.7964e-06 0.200213 0.881057 1.07048 0.0704837 -2.65237 0.434236 
11 38000 27 2.02662 5.33471e-05 7.02493 0.214081 3.12016e-07 0.200214 0.88099 1.0704 0.0704026 -2.65353 0.43538 
11 38100 27 2.03195 5.33471e-05 7.02493 0.214104 7.38099e-07 0.200212 0.881087 1.07052 0.070521 -2.65185 0.436521 
11 38200 27 2.03729 5.33471e-05 7.02493 0.214116 1.44669e-06 0.20021 0.881137 1.07058 0.0705818 -2.65098 0.437663 
11 38300 27 2.04262 5.33471e-05 7.02493 0.214089 -4.23804e-07 0.200211 0.881024 1.07044 0.0704436 -2.65294 0.438807 
11 38400 27 2.04796 5.33471e-05 7.02493 0.214096 -4.12949e-06 0.200212 0.881054 1.07048 0.0704808 -2.65241 0.43995 
11 38500 27 2.05329 5.33471e-05 7.02493 0.214105 -2.20329e-06 0.200212 0.881092 1.07053 0.0705271 -2.65176 0.441093 
11 38600 27 2.05863 5.33471e-05 7.02493 0.21411 -5.02538e-06 0.200211 0.881111 1.07055 0.0705495 -2.65144 0.442234 
11 38700 27 2.06396 5.33471e-05 7.02493 0.214085 -7.65652e-06 0.200213 0.881007 1.07042 0.0704231 -2.65323 0.443373 
11 38800 27 2.0693 5.33471e-05 7.02493 0.214077 -2.616e-06 0.200214 0.880975 1.07038 0.0703842 -2.65379 0.444519 
11 38900 27 2.07463 5.33471e-05 7.02493 0.214073 1.09133e-05 0.200213 0.880957 1.07036 0.0703633 -2.65408 0.445656 
11 39000 27 2.07997 5.33471e-05 7.02493 0.214079 3.13956e-05 0.200213 0.880982 1.07039 0.0703928 -2.65366 0.446797 
11 39100 28 2.08528 5.33471e-05 7.02493 0.21409 2.71702e-05 0.200213 0.881027 1.07045 0.0704483 -2.65288 0.447939 
11 39200 28 2.09062 5.33471e-05 7.02493 0.214099 1.2999e-05 0.200212 0.881066 1.0705 0.0704955 -2.65221 0.44908 
11 39300 28 2.09595 5.33471e-05 7.02493 0.214064 9.60924e-06 0.200214 0.880923 1.07032 0.0703211 -2.65468 0.450222 
11 39400 28 2.10129 5.33471e-05 7.02493 0.214059 1.07423e-05 0.200213 0.880901 1.0703 0.0702953 -2.65505 0.451363 
11 39500 28 2.10662 5.33471e-05 7.02493 0.21406 1.44984e-05 0.200213 0.880905 1.0703 0.0703002 -2.65498 0.452509 
11 39600 28 2.11195 5.33471e-05 7.02493 0.214076 1.24396e-05 0.200211 0.88097 1.07038 0.070379 -2.65386 0.453646 
11 39700 28 2.11729 5.33471e-05 7.02493 0.214054 2.47561e-06 0.200213 0.88088 1.07027 0.070269 -2.65542 0.454788 
11 39800 28 2.12262 5.33471e-05 7.02493 0.214065 1.58931e-07 0.200213 0.880927 1.07033 0.0703267 -2.6546 0.455938 
11 39900 28 2.12796 5.33471e-05 7.02493 0.214088 -4.89685e-07 0.200211 0.881021 1.07044 0.0704401 -2.65299 0.457073 
11 40000 28 2.13329 5.33471e-05 7.02493 0.214058 6.63448e-06 0.200213 0.880897 1.07029 0.0702897 -2.65513 0.458213 
11 40100 28 2.13863 5.33471e-05 7.02493 0.21405 1.52051e-06 0.200213 0.880865 1.07025 0.070251 -2.65568 0.459357 
11 40200 28 2.14396 5.33471e-05 7.02493 0.214059 -7.39994e-06 0.200213 0.8809 1.07029 0.0702934 -2.65508 0.460504 
11 40300 28 2.1493 5.33471e-05 7.02493 0.214056 -1.78358e-05 0.200213 0.880889 1.07028 0.0702803 -2.65526 0.461644 
11 40400 28 2.15463 5.33471e-05 7.02493 0.214043 -1.89661e-05 0.200214 0.880834 1.07021 0.0702137 -2.65621 0.462786 
11 40500 28 2.15997 5.33471e-05 7.02493 0.214047 -1.30864e-05 0.200213 0.880851 1.07023 0.0702337 -2.65593 0.463929 
11 40600 29 2.16528 5.33471e-05 7.02493 0.214058 -1.26491e-05 0.200212 0.880897 1.07029 0.0702903 -2.65512 0.465075 
11 40700 29 2.17062 5.33471e-05 7.02493 0.214047 -8.70289e-07 0.200214 0.880853 1.07024 0.0702362 -2.65589 0.466215 
11 40800 29 2.17595 5.33471e-05 7.02493 0.214044 6.3118e-06 0.200214 0.880841 1.07022 0.0702215 -2.6561 0.467354 
11 40900 29 2.18129 5.33471e-05 7.02493 0.214054 9.85185e-06 0.200212 0.880879 1.07027 0.0702678 -2.65544 0.4685 
11 41000 29 2.18662 5.33471e-05 7.02493 0.214041 1.27987e-05 0.200213 0.880828 1.07021 0.0702066 -2.65631 0.469641 
11 41100 29 2.19195 5.33471e-05 7.02493 0.214032 1.87147e-05 0.200214 0.880789 1.07016 0.0701587 -2.657 0.470783 
11 41200 29 2.19729 5.33471e-05 7.02493 0.214036 1.40231e-05 0.200214 0.880808 1.07018 0.070182 -2.65666 0.471925 
11 41300 29 2.20262 5.33471e-05 7.02493 0.214038 1.10522e-05 0.200213 0.880814 1.07019 0.0701894 -2.65656 0.473068 
11 41400 29 2.20796 5.33471e-05 7.02493 0.214024 9.47161e-06 0.200215 0.880756 1.07012 0.0701188 -2.65756 0.474206 
11 41500 29 2.21329 5.33471e-05 7.02493 0.214004 2.50626e-06 0.200216 0.880674 1.07002 0.0700191 -2.65899 0.475348 
11 41600 29 2.21863 5.33471e-05 7.02493 0.214021 -9.01599e-06 0.200215 0.880746 1.07011 0.0701066 -2.65774 0.476488 
11 41700 29 2.22396 5.33471e-05 7.02493 0.214008 -1.61834e-05 0.200215 0.880693 1.07004 0.0700421 -2.65866 0.477629 
11 41800 29 2.2293 5.33471e-05 7.02493 0.214005 -1.58769e-05 0.200215 0.880679 1.07003 0.0700253 -2.6589 0.478773 
11 41900 29 2.23463 5.33471e-05 7.02493 0.214009 -8.16434e-06 0.200215 0.880695 1.07004 0.0700446 -2.65862 0.479911 
11 42000 29 2.23997 5.33471e-05 7.02493 0.21405 -1.25389e-05 0.200213 0.880864 1.07025 0.0702503 -2.65569 0.481055 
11 42100 30 2.24528 5.33471e-05 7.02493 0.214057 -3.03401e-05 0.200213 0.880892 1.07028 0.0702842 -2.65521 0.482194 
11 42200 30 2.25062 5.33471e-05 7.02493 0.214034 -1.77121e-05 0.200212 0.880799 1.07017 0.0701712 -2.65682 0.483338 
11 42300 30 2.25595 5.33471e-05 7.02493 0.214012 -6.25337e-06 0.200213 0.880709 1.07006 0.0700617 -2.65838 0.484481 
11 42400 30 2.26129 5.33471e-05 7.02493 0.214032 1.86717e-06 0.200212 0.880789 1.07016 0.0701587 -2.657 0.485618 
11 42500 30 2.26662 5.33471e-05 7.02493 0.214011 -1.75065e-06 0.200213 0.880705 1.07006 0.0700564 -2.65845 0.486759 
11 42600 30 2.27195 5.33471e-05 7.02493 0.214018 9.52817e-07 0.200213 0.880733 1.07009 0.0700911 -2.65796 0.487901 
11 42700 30 2.27729 5.33471e-05 7.02493 0.214006 1.54071e-05 0.200213 0.880682 1.07003 0.0700283 -2.65886 0.489042 
11 42800 30 2.28262 5.33471e-05 7.02493 0.214015 3.01027e-05 0.200214 0.880722 1.07008 0.0700769 -2.65816 0.490194 
11 42900 30 2.28796 5.33471e-05 7.02493 0.214006 3.72846e-05 0.200214 0.880685 1.07003 0.070032 -2.6588 0.491327 
11 43000 30 2.29329 5.33471e-05 7.02493 0.213999 4.21615e-05 0.200213 0.880654 1.06999 0.0699949 -2.65933 0.492469 
11 43100 30 2.29863 5.33471e-05 7.02493 0.213993 4.63812e-05 0.200215 0.880629 1.06996 0.0699646 -2.65977 0.493611 
11 43200 30 2.30396 5.33471e-05 7.02493 0.213964 3.17664e-05 0.200215 0.880512 1.06982 0.0698217 -2.66181 0.494753 
11 43300 30 2.3093 5.33471e-05 7.02493 0.213988 3.87469e-05 0.200213 0.880607 1.06994 0.0699378 -2.66015 0.495901 
11 43400 30 2.31463 5.33471e-05 7.02493 0.213991 2.28844e-05 0.200215 0.880622 1.06996 0.0699554 -2.6599 0.497038 
11 43500 30 2.31997 5.33471e-05 7.02493 0.214001 3.30519e-05 0.200214 0.880662 1.07 0.0700047 -2.65919 0.49818 
11 43600 31 2.32528 5.33471e-05 7.02493 0.213977 1.38262e-05 0.200214 0.880565 1.06989 0.0698861 -2.66089 0.499325 
11 43700 31 2.33062 5.33471e-05 7.02493 0.213999 8.30525e-06 0.200213 0.880655 1.07 0.0699957 -2.65932 0.500466 
11 43800 31 2.33595 5.33471e-05 7.02493 0.213971 -1.54752e-06 0.200214 0.880537 1.06985 0.0698526 -2.66137 0.501609 
11 43900 31 2.34129 5.33471e-05 7.02493 0.213979 2.92645e-06 0.200214 0.880572 1.06989 0.0698945 -2.66077 0.502751 
11 44000 31 2.34662 5.33471e-05 7.02493 0.213987 7.54317e-06 0.200215 0.880604 1.06993 0.0699338 -2.66021 0.503893 
11 44100 31 2.35195 5.33471e-05 7.02493 0.213978 1.58264e-06 0.200214 0.880568 1.06989 0.0698903 -2.66083 0.505031 
11 44200 31 2.35729 5.33471e-05 7.02493 0.213954 3.46876e-07 0.200215 0.880467 1.06977 0.0697679 -2.66258 0.506171 
11 44300 31 2.36262 5.33471e-05 7.02493 0.213954 -7.32784e-06 0.200216 0.880471 1.06977 0.0697717 -2.66253 0.507312 
11 44400 31 2.36796 5.33471e-05 7.02493 0.213968 -9.40748e-06 0.200215 0.880529 1.06984 0.0698424 -2.66151 0.508453 
11 44500 31 2.37329 5.33471e-05 7.02493 0.21395 -2.95202e-06 0.200216 0.880453 1.06975 0.0697505 -2.66283 0.509595 
11 44600 31 2.37863 5.33471e-05 7.02493 0.213952 -7.43013e-06 0.200216 0.880461 1.06976 0.0697598 -2.6627 0.510735 
11 44700 31 2.38396 5.33471e-05 7.02493 0.213958 1.02239e-05 0.200215 0.880487 1.06979 0.069792 -2.66224 0.511875 
11 44800 31 2.3893 5.33471e-05 7.02493 0.213994 2.46145e-06 0.200214 0.880635 1.06997 0.0699721 -2.65966 0.513018 
11 44900 31 2.39463 5.33471e-05 7.02493 0.213983 5.29964e-06 0.200213 0.88059 1.06992 0.0699171 -2.66044 0.514156 
11 45000 31 2.39997 5.33471e-05 7.02493 0.213991 1.71756e-05 0.200214 0.880622 1.06996 0.069956 -2.65989 0.515304 
11 45100 32 2.40528 5.33471e-05 7.02493 0.213977 2.01175e-05 0.200213 0.880564 1.06988 0.0698847 -2.66091 0.516439 
11 45200 32 2.41062 5.33471e-05 7.02493 0.213965 2.2487e-05 0.200215 0.880516 1.06983 0.0698267 -2.66174 0.517581 
11 45300 32 2.41595 5.33471e-05 7.02493 0.21396 1.03435e-05 0.200215 0.880495 1.0698 0.0698013 -2.6621 0.518722 
11 45400 32 2.42129 5.33471e-05 7.02493 0.213975 -1.08284e-05 0.200213 0.880554 1.06987 0.0698737 -2.66107 0.519866 
11 45500 32 2.42662 5.33471e-05 7.02493 0.213969 -1.94772e-05 0.200214 0.880532 1.06985 0.0698468 -2.66145 0.521004 
11 45600 32 2.43195 5.33471e-05 7.02493 0.21395 -1.24323e-05 0.200216 0.880453 1.06975 0.0697503 -2.66283 0.522153 
11 45700 32 2.43729 5.33471e-05 7.02493 0.213943 -1.43041e-05 0.200216 0.880426 1.06972 0.0697171 -2.66331 0.523293 
11 45800 32 2.44262 5.33471e-05 7.02493 0.213932 8.67151e-06 0.200216 0.880379 1.06966 0.0696604 -2.66412 0.524433 
11 45900 32 2.44796 5.33471e-05 7.02493 0.2139 7.15209e-06 0.200218 0.880247 1.0695 0.0695006 -2.66642 0.525576 
11 46000 32 2.45329 5.33471e-05 7.02493 0.213925 5.26743e-06 0.200217 0.880351 1.06963 0.0696259 -2.66462 0.526718 
11 46100 32 2.45863 5.33471e-05 7.02493 0.213965 -6.32587e-06 0.200215 0.880514 1.06982 0.0698248 -2.66177 0.527856 
11 46200 32 2.46396 5.33471e-05 7.02493 0.213943 -1.21863e-05 0.200216 0.880425 1.06972 0.0697162 -2.66332 0.529001 
11 46300 32 2.4693 5.33471e-05 7.02493 0.213938 -8.63997e-07 0.200215 0.880401 1.06969 0.0696877 -2.66373 0.530141 
11 46400 32 2.47463 5.33471e-05 7.02493 0.213954 -3.7436e-06 0.200214 0.88047 1.06977 0.0697705 -2.66254 0.531284 
11 46500 32 2.47997 5.33471e-05 7.02493 0.213962 -4.67338e-06 0.200215 0.880501 1.06981 0.069809 -2.66199 0.532427 
11 46600 33 2.48528 5.33471e-05 7.02493 0.21394 -8.43592e-06 0.200216 0.88041 1.0697 0.0696981 -2.66358 0.533569 
11 46700 33 2.49062 5.33471e-05 7.02493 0.213932 -9.1187e-06 0.200217 0.880377 1.06966 0.0696582 -2.66415 0.534711 
11 46800 33 2.49595 5.33471e-05 7.02493 0.21394 7.03867e-06 0.200216 0.880413 1.0697 0.0697019 -2.66353 0.535849 
11 46900 33 2.50129 5.33471e-05 7.02493 0.213932 2.03177e-05 0.200217 0.880377 1.06966 0.0696584 -2.66415 0.536989 
11 47000 33 2.50662 5.33471e-05 7.02493 0.213913 1.27785e-05 0.200217 0.8803 1.06956 0.0695642 -2.66551 0.53813 
11 47100 33 2.51195 5.33471e-05 7.02493 0.213913 1.92574e-05 0.200218 0.8803 1.06957 0.0695651 -2.66549 0.53927 
11 47200 33 2.51729 5.33471e-05 7.02493 0.213914 2.48013e-05 0.200218 0.880306 1.06957 0.0695716 -2.6654 0.54041 
11 47300 33 2.52262 5.33471e-05 7.02493 0.213904 1.87053e-05 0.200218 0.880264 1.06952 0.0695203 -2.66614 0.541551 
11 47400 33 2.52796 5.33471e-05 7.02493 0.213902 1.02065e-05 0.200218 0.880255 1.06951 0.0695095 -2.66629 0.542691 
11 47500 33 2.53329 5.33471e-05 7.02493 0.213943 6.01185e-07 0.200216 0.880424 1.06972 0.0697153 -2.66334 0.543832 
11 47600 33 2.53863 5.33471e-05 7.02493 0.213937 -1.50058e-06 0.200216 0.8804 1.06969 0.0696859 -2.66376 0.544972 
11 47700 33 2.54396 5.33471e-05 7.02493 0.213949 -4.96622e-06 0.200217 0.88045 1.06975 0.0697469 -2.66288 0.546117 
11 47800 33 2.5493 5.33471e-05 7.02493 0.213974 -3.48778e-06 0.200215 0.88055 1.06987 0.0698678 -2.66115 0.547255 
11 47900 33 2.55463 5.33471e-05 7.02493 0.213952 2.69558e-06 0.200216 0.880462 1.06976 0.0697617 -2.66267 0.548395 
11 48000 33 2.55997 5.33471e-05 7.02493 0.213929 8.49493e-07 0.200217 0.880366 1.06965 0.0696452 -2.66434 0.549537 
11 48100 34 2.56528 5.33471e-05 7.02493 0.213956 1.47329e-06 0.200216 0.880476 1.06978 0.0697781 -2.66244 0.550679 
11 48200 34 2.57062 5.33471e-05 7.02493 0.213928 -3.51559e-06 0.200218 0.880364 1.06964 0.0696418 -2.66439 0.551819 
11 48300 34 2.57595 5.33471e-05 7.02493 0.213931 -5.90918e-06 0.200217 0.880374 1.06965 0.0696546 -2.66421 0.552961 
11 48400 34 2.58129 5.33471e-05 7.02493 0.213913 -2.66396e-06 0.200217 0.880301 1.06957 0.0695663 -2.66548 0.554103 
11 48500 34 2.58662 5.33471e-05 7.02493 0.213892 -4.04791e-06 0.200219 0.880213 1.06946 0.069459 -2.66702 0.555243 
11 48600 34 2.59195 5.33471e-05 7.02493 0.213884 -1.3514e-05 0.200218 0.880183 1.06942 0.0694223 -2.66755 0.556385 
11 48700 34 2.59729 5.33471e-05 7.02493 0.213863 -2.30281e-06 0.200219 0.880093 1.06931 0.0693131 -2.66912 0.557529 
11 48800 34 2.60262 5.33471e-05 7.02493 0.213886 -7.26733e-06 0.200218 0.880189 1.06943 0.0694293 -2.66745 0.558671 
11 48900 34 2.60796 5.33471e-05 7.02493 0.213887 -9.44624e-06 0.200217 0.880193 1.06943 0.0694341 -2.66738 0.559814 
11 49000 34 2.61329 5.33471e-05 7.02493 0.213879 -1.72742e-05 0.200218 0.880159 1.06939 0.0693937 -2.66796 0.560953 
11 49100 34 2.61863 5.33471e-05 7.02493 0.213895 -1.7041e-05 0.200216 0.880226 1.06948 0.069475 -2.66679 0.562095 
11 49200 34 2.62396 5.33471e-05 7.02493 0.213904 -8.10857e-06 0.200217 0.880262 1.06952 0.0695187 -2.66616 0.563238 
11 49300 34 2.6293 5.33471e-05 7.02493 0.213876 -5.7864e-06 0.200218 0.880149 1.06938 0.0693807 -2.66815 0.564379 
11 49400 34 2.63463 5.33471e-05 7.02493 0.213887 -3.69816e-07 0.200217 0.880193 1.06943 0.069434 -2.66738 0.565521 
11 49500 34 2.63997 5.33471e-05 7.02493 0.213898 -8.85398e-06 0.200217 0.880237 1.06949 0.0694877 -2.66661 0.56666 
11 49600 35 2.64528 5.33471e-05 7.02493 0.213894 -1.48412e-05 0.200218 0.880224 1.06947 0.0694724 -2.66683 0.5678 
11 49700 35 2.65062 5.33471e-05 7.02493 0.213883 -1.02674e-05 0.200219 0.880176 1.06941 0.0694137 -2.66767 0.568942 
11 49800 35 2.65595 5.33471e-05 7.02493 0.213866 -9.72448e-07 0.20022 0.880106 1.06933 0.0693283 -2.6689 0.57008 
11 49900 35 2.66129 5.33471e-05 7.02493 0.21386 -2.46203e-06 0.20022 0.880084 1.0693 0.069302 -2.66928 0.57122 
11 50000 35 2.66662 5.33471e-05 7.02493 0.213856 1.26749e-05 0.20022 0.880067 1.06928 0.0692809 -2.66959 0.572361 
11 50100 35 2.67195 5.33471e-05 7.02493 0.213853 1.53101e-05 0.200221 0.880051 1.06926 0.0692625 -2.66985 0.5735 
11 50200 35 2.67729 5.33471e-05 7.02493 0.213857 4.03401e-06 0.200219 0.880072 1.06929 0.0692873 -2.66949 0.57464 
11 50300 35 2.68262 5.33471e-05 7.02493 0.213879 -2.55133e-06 0.200219 0.880161 1.0694 0.0693958 -2.66793 0.575781 
11 50400 35 2.68796 5.33471e-05 7.02493 0.213886 -4.94606e-06 0.200218 0.88019 1.06943 0.0694303 -2.66743 0.576925 
11 50500 35 2.69329 5.33471e-05 7.02493 0.213901 3.38677e-07 0.200217 0.880252 1.06951 0.0695059 -2.66634 0.578068 
11 50600 35 2.69863 5.33471e-05 7.02493 0.213899 4.33063e-06 0.200218 0.880241 1.06949 0.069493 -2.66653 0.579204 
11 50700 35 2.70396 5.33471e-05 7.02493 0.213914 1.29923e-05 0.200217 0.880304 1.06957 0.0695696 -2.66543 0.580351 
11 50800 35 2.7093 5.33471e-05 7.02493 0.213911 1.0333e-05 0.200218 0.880291 1.06955 0.0695538 -2.66565 0.581486 
11 50900 35 2.71463 5.33471e-05 7.02493 0.213896 -4.04224e-06 0.200218 0.880229 1.06948 0.0694781 -2.66674 0.582626 
11 51000 35 2.71997 5.33471e-05 7.02493 0.213896 -2.28837e-06 0.200217 0.880231 1.06948 0.069481 -2.6667 0.583768 
11 51100 36 2.72528 5.33471e-05 7.02493 0.213868 -3.77791e-06 0.200219 0.880116 1.06934 0.0693414 -2.66871 0.584913 
11 51200 36 2.73062 5.33471e-05 7.02493 0.213852 2.97121e-06 0.20022 0.88005 1.06926 0.0692612 -2.66987 0.586054 
11 51300 36 2.73595 5.33471e-05 7.02493 0.21386 -1.67424e-06 0.20022 0.88008 1.0693 0.0692975 -2.66935 0.587195 
11 51400 36 2.74129 5.33471e-05 7.02493 0.213854 1.5259e-06 0.200221 0.88006 1.06927 0.0692724 -2.66971 0.588335 
11 51500 36 2.74662 5.33471e-05 7.02493 0.213843 -1.12892e-06 0.200221 0.880013 1.06922 0.0692157 -2.67053 0.58948 
11 51600 36 2.75195 5.33471e-05 7.02493 0.213861 -3.92397e-07 0.20022 0.880088 1.06931 0.0693066 -2.66921 0.59062 
11 51700 36 2.75729 5.33471e-05 7.02493 0.213846 5.08975e-08 0.200221 0.880025 1.06923 0.0692302 -2.67032 0.591758 
11 51800 36 2.76262 5.33471e-05 7.02493 0.213864 6.94334e-06 0.20022 0.8801 1.06932 0.069321 -2.66901 0.592901 
11 51900 36 2.76796 5.33471e-05 7.02493 0.213867 5.04952e-06 0.20022 0.88011 1.06933 0.0693339 -2.66882 0.594045 
11 52000 36 2.77329 5.33471e-05 7.02493 0.213854 2.96588e-07 0.200221 0.880058 1.06927 0.0692702 -2.66974 0.595184 
11 52100 36 2.77863 5.33471e-05 7.02493 0.213858 -1.13563e-06 0.20022 0.880072 1.06929 0.0692881 -2.66948 0.596326 
11 52200 36 2.78396 5.33471e-05 7.02493 0.213861 -3.15012e-06 0.200221 0.880088 1.06931 0.0693067 -2.66921 0.597465 
11 52300 36 2.7893 5.33471e-05 7.02493 0.213852 6.31303e-06 0.200221 0.880051 1.06926 0.0692618 -2.66986 0.598605 
11 52400 36 2.79463 5.33471e-05 7.02493 0.21385 6.68385e-06 0.20022 0.880041 1.06925 0.0692495 -2.67004 0.599745 
11 52500 36 2.79997 5.33471e-05 7.02493 0.213859 1.51723e-05 0.200221 0.88008 1.0693 0.069297 -2.66935 0.600884 
11 52600 37 2.80528 5.33471e-05 7.02493 0.213869 -1.62137e-06 0.20022 0.880121 1.06935 0.0693467 -2.66864 0.602024 
11 52700 37 2.81062 5.33471e-05 7.02493 0.213881 -6.05816e-07 0.200221 0.880169 1.06941 0.0694054 -2.66779 0.603165 
11 52800 37 2.81595 5.33471e-05 7.02493 0.213855 3.743e-06 0.200221 0.880062 1.06928 0.0692758 -2.66966 0.604305 
11 52900 37 2.82129 5.33471e-05 7.02493 0.213839 5.5528e-07 0.200221 0.879996 1.0692 0.0691952 -2.67082 0.605444 
11 53000 37 2.82662 5.33471e-05 7.02493 0.213869 1.87217e-06 0.20022 0.88012 1.06935 0.0693464 -2.66864 0.606585 
11 53100 37 2.83195 5.33471e-05 7.02493 0.213863 -4.76489e-06 0.20022 0.880096 1.06932 0.069317 -2.66907 0.607727 
11 53200 37 2.83729 5.33471e-05 7.02493 0.213855 -1.20317e-05 0.200219 0.880062 1.06928 0.0692754 -2.66967 0.608871 
11 53300 37 2.84262 5.33471e-05 7.02493 0.213872 -8.66548e-06 0.200218 0.880134 1.06936 0.0693623 -2.66841 0.610008 
11 53400 37 2.84796 5.33471e-05 7.02493 0.213892 -1.73106e-06 0.200217 0.880215 1.06946 0.0694606 -2.667 0.611148 
11 53500 37 2.85329 5.33471e-05 7.02493 0.213868 1.80743e-05 0.200217 0.880115 1.06934 0.0693399 -2.66873 0.612291 
11 53600 37 2.85863 5.33471e-05 7.02493 0.213845 3.83394e-05 0.200217 0.880019 1.06922 0.0692228 -2.67043 0.613429 
11 53700 37 2.86396 5.33471e-05 7.02493 0.21385 4.39241e-05 0.200215 0.88004 1.06925 0.0692481 -2.67006 0.61457 
11 53800 37 2.8693 5.33471e-05 7.02493 0.213827 3.32385e-05 0.200216 0.879945 1.06913 0.0691327 -2.67173 0.615712 
11 53900 37 2.87463 5.33471e-05 7.02493 0.213834 3.36277e-05 0.200219 0.879973 1.06917 0.0691677 -2.67122 0.616853 
11 54000 37 2.87997 5.33471e-05 7.02493 0.213817 3.21292e-05 0.200219 0.879905 1.06908 0.0690842 -2.67243 0.617996 
11 54100 38 2.88528 5.33471e-05 7.02493 0.213816 3.48555e-05 0.200218 0.879902 1.06908 0.0690807 -2.67248 0.619135 
11 54200 38 2.89062 5.33471e-05 7.02493 0.213798 2.19327e-05 0.20022 0.879829 1.06899 0.0689923 -2.67376 0.620277 
11 54300 38 2.89595 5.33471e-05 7.02493 0.213796 1.64253e-06 0.200218 0.87982 1.06898 0.0689816 -2.67392 0.62142 
11 54400 38 2.90129 5.33471e-05 7.02493 0.21381 -2.22482e-06 0.200218 0.879878 1.06905 0.0690523 -2.67289 0.622561 
11 54500 38 2.90662 5.33471e-05 7.02493 0.213809 1.65148e-06 0.200217 0.879874 1.06905 0.0690469 -2.67297 0.623701 
11 54600 38 2.91195 5.33471e-05 7.02493 0.213816 -2.15487e-06 0.200217 0.8799 1.06908 0.069079 -2.6725 0.624843 
11 54700 38 2.91729 5.33471e-05 7.02493 0.213808 -1.96706e-06 0.200218 0.879867 1.06904 0.0690388 -2.67309 0.625985 
11 54800 38 2.92262 5.33471e-05 7.02493 0.213817 -8.78539e-07 0.200216 0.879903 1.06908 0.0690826 -2.67245 0.627128 
11 54900 38 2.92796 5.33471e-05 7.02493 0.213822 -3.28877e-06 0.200218 0.879927 1.06911 0.0691109 -2.67204 0.628268 
11 55000 38 2.93329 5.33471e-05 7.02493 0.213801 -8.70242e-06 0.200218 0.87984 1.06901 0.0690051 -2.67357 0.629405 
11 55100 38 2.93863 5.33471e-05 7.02493 0.213794 -1.11191e-05 0.200219 0.879809 1.06897 0.0689676 -2.67412 0.630545 
11 55200 38 2.94396 5.33471e-05 7.02493 0.213793 -9.23989e-07 0.200219 0.879805 1.06896 0.0689633 -2.67418 0.631685 
11 55300 38 2.9493 5.33471e-05 7.02493 0.213799 -2.66526e-06 0.200219 0.87983 1.06899 0.0689932 -2.67375 0.632824 
11 55400 38 2.95463 5.33471e-05 7.02493 0.213796 5.53572e-07 0.200219 0.879819 1.06898 0.0689806 -2.67393 0.633964 
11 55500 38 2.95997 5.33471e-05 7.02493 0.213832 -3.39044e-06 0.200218 0.879967 1.06916 0.0691597 -2.67134 0.635104 
