11 0 1 0 2.35239e-05 7.02493 0.22101 0 0.200023 0.909508 1.10505 0.105052 -2.2533 7.50531e-07 
11 100 2 0.00466949 4.70477e-05 7.02493 0.220878 6.98539e-08 0.208329 0.908965 1.10439 0.104392 -2.2596 0.00102383 
11 200 2 0.00937426 4.70477e-05 7.02493 0.221081 9.13359e-08 0.214312 0.9098 1.10541 0.105406 -2.24993 0.00207181 
11 300 2 0.014079 4.70477e-05 7.02493 0.221326 7.33953e-08 0.218718 0.910806 1.10663 0.106629 -2.2384 0.00311163 
11 400 2 0.0187838 4.70477e-05 7.02493 0.221579 4.65862e-08 0.221304 0.911849 1.1079 0.107897 -2.22658 0.00415396 
11 500 2 0.0234886 4.70477e-05 7.02493 0.221796 1.81163e-08 0.222457 0.912739 1.10898 0.108978 -2.21661 0.00519783 
11 600 2 0.0281933 4.70477e-05 7.02493 0.222 1.70382e-08 0.222596 0.913582 1.11 0.110002 -2.20726 0.00624102 
11 700 2 0.0328981 4.70477e-05 7.02493 0.222159 -1.92845e-07 0.222032 0.914235 1.1108 0.110796 -2.20007 0.00728737 
11 800 2 0.0376029 4.70477e-05 7.02493 0.22229 -5.08112e-06 0.221025 0.914772 1.11145 0.111448 -2.1942 0.0083322 
11 900 2 0.0423077 4.70477e-05 7.02493 0.222398 -2.3013e-05 0.219754 0.915219 1.11199 0.111992 -2.18933 0.00937832 
11 1000 2 0.0470124 4.70477e-05 7.02493 0.222474 -3.07101e-05 0.218333 0.91553 1.11237 0.112368 -2.18597 0.010424 
11 1100 2 0.0517172 4.70477e-05 7.02493 0.222531 -1.42265e-05 0.216878 0.915765 1.11265 0.112654 -2.18343 0.0114711 
11 1200 2 0.056422 4.70477e-05 7.02493 0.222573 -5.50005e-06 0.21543 0.915937 1.11286 0.112863 -2.18158 0.0125176 
11 1300 2 0.0611267 4.70477e-05 7.02493 0.222605 -1.77506e-06 0.214045 0.916071 1.11303 0.113026 -2.18013 0.0135652 
11 1400 2 0.0658315 4.70477e-05 7.02493 0.222621 -1.66493e-05 0.212719 0.916134 1.1131 0.113103 -2.17946 0.0146126 
11 1500 2 0.0705363 4.70477e-05 7.02493 0.222622 -1.47875e-05 0.211468 0.916141 1.11311 0.113112 -2.17938 0.0156601 
11 1600 2 0.0752411 4.70477e-05 7.02493 0.22262 -1.12861e-06 0.210328 0.916133 1.1131 0.113102 -2.17947 0.0167076 
11 1700 2 0.0799458 4.70477e-05 7.02493 0.222614 8.13453e-06 0.209298 0.916108 1.11307 0.113071 -2.17974 0.0177545 
11 1800 3 0.0846107 4.70477e-05 7.02493 0.222608 1.51473e-05 0.208365 0.916082 1.11304 0.11304 -2.18001 0.018802 
11 1900 3 0.0893154 4.70477e-05 7.02493 0.222603 1.1531e-05 0.207518 0.916062 1.11302 0.113015 -2.18023 0.0198493 
11 2000 3 0.0940202 4.70477e-05 7.02493 0.222596 4.04651e-06 0.206758 0.916035 1.11298 0.112982 -2.18053 0.0208963 
11 2100 3 0.098725 4.70477e-05 7.02493 0.222569 2.48896e-06 0.206058 0.915921 1.11284 0.112843 -2.18175 0.0219437 
11 2200 3 0.10343 4.70477e-05 7.02493 0.222541 -1.25679e-06 0.205428 0.915808 1.11271 0.112706 -2.18297 0.0229906 
11 2300 3 0.108135 4.70477e-05 7.02493 0.222492 -7.04779e-06 0.204889 0.915603 1.11246 0.112458 -2.18517 0.0240374 
11 2400 3 0.112839 4.70477e-05 7.02493 0.222466 -4.46377e-06 0.204437 0.915499 1.11233 0.112332 -2.1863 0.0250843 
11 2500 3 0.117544 4.70477e-05 7.02493 0.222454 6.6965e-06 0.204033 0.91545 1.11227 0.112271 -2.18684 0.0261308 
11 2600 3 0.122249 4.70477e-05 7.02493 0.222419 5.45596e-06 0.203673 0.915305 1.1121 0.112096 -2.1884 0.0271772 
11 2700 3 0.126954 4.70477e-05 7.02493 0.222382 -1.20071e-06 0.203349 0.915152 1.11191 0.11191 -2.19006 0.0282227 
11 2800 3 0.131658 4.70477e-05 7.02493 0.222342 8.06455e-06 0.203056 0.914989 1.11171 0.111711 -2.19184 0.0292691 
11 2900 3 0.136363 4.70477e-05 7.02493 0.222308 4.43184e-06 0.202794 0.914848 1.11154 0.111541 -2.19337 0.0303152 
11 3000 3 0.141068 4.70477e-05 7.02493 0.222255 -6.19075e-06 0.202552 0.914629 1.11127 0.111275 -2.19575 0.031362 
11 3100 3 0.145773 4.70477e-05 7.02493 0.222178 -3.33566e-05 0.202327 0.914313 1.11089 0.11089 -2.19922 0.0324057 
11 3200 3 0.150477 4.70477e-05 7.02493 0.222158 -1.90914e-05 0.20215 0.91423 1.11079 0.110789 -2.20013 0.0334516 
11 3300 3 0.155182 4.70477e-05 7.02493 0.222123 7.93003e-06 0.202002 0.914087 1.11062 0.110616 -2.20169 0.0344973 
11 3400 3 0.159887 4.70477e-05 7.02493 0.222106 -1.42434e-05 0.201842 0.914016 1.11053 0.11053 -2.20247 0.0355411 
11 3500 4 0.164564 4.70477e-05 7.02493 0.222078 -4.28099e-05 0.201715 0.913901 1.11039 0.110389 -2.20374 0.0365856 
11 3600 4 0.169268 4.70477e-05 7.02493 0.222039 -8.92376e-05 0.201583 0.913741 1.11019 0.110195 -2.2055 0.0376302 
11 3700 4 0.173973 4.70477e-05 7.02493 0.222047 -7.2941e-05 0.201468 0.913772 1.11023 0.110233 -2.20516 0.0386751 
11 3800 4 0.178678 4.70477e-05 7.02493 0.222039 -6.14185e-05 0.201379 0.913741 1.11019 0.110195 -2.20551 0.0397197 
11 3900 4 0.183383 4.70477e-05 7.02493 0.222011 -4.3471e-05 0.201296 0.913624 1.11005 0.110053 -2.2068 0.0407621 
11 4000 4 0.188087 4.70477e-05 7.02493 0.221989 -5.1226e-05 0.201214 0.913533 1.10994 0.109943 -2.2078 0.0418091 
11 4100 4 0.192792 4.70477e-05 7.02493 0.221958 -3.59541e-05 0.201144 0.913409 1.10979 0.109791 -2.20917 0.0428518 
11 4200 4 0.197497 4.70477e-05 7.02493 0.221932 -1.85408e-05 0.201087 0.913302 1.10966 0.109662 -2.21036 0.0438978 
11 4300 4 0.202202 4.70477e-05 7.02493 0.221913 -6.39386e-06 0.201033 0.913223 1.10957 0.109566 -2.21122 0.0449415 
11 4400 4 0.206907 4.70477e-05 7.02493 0.221893 -1.93542e-05 0.200987 0.91314 1.10947 0.109465 -2.21215 0.0459862 
11 4500 4 0.211611 4.70477e-05 7.02493 0.221836 -3.0711e-05 0.200948 0.912906 1.10918 0.10918 -2.21475 0.0470304 
11 4600 4 0.216316 4.70477e-05 7.02493 0.22181 -2.43043e-05 0.200897 0.912798 1.10905 0.10905 -2.21595 0.0480726 
11 4700 4 0.221021 4.70477e-05 7.02493 0.221762 -2.09017e-05 0.200864 0.912599 1.10881 0.108808 -2.21817 0.049116 
11 4800 4 0.225726 4.70477e-05 7.02493 0.221738 -2.95027e-05 0.200833 0.9125 1.10869 0.108688 -2.21927 0.0501594 
11 4900 4 0.23043 4.70477e-05 7.02493 0.221711 -1.69737e-05 0.200806 0.912392 1.10856 0.108556 -2.22049 0.0512031 
11 5000 4 0.235135 4.70477e-05 7.02493 0.221675 -1.03195e-05 0.200789 0.912243 1.10838 0.108375 -2.22216 0.0522452 
11 5100 4 0.23984 4.70477e-05 7.02493 0.221631 4.79896e-07 0.200767 0.912061 1.10815 0.108155 -2.22419 0.0532877 
11 5200 5 0.244517 4.70477e-05 7.02493 0.2216 -2.16162e-06 0.200754 0.911935 1.108 0.108001 -2.22561 0.0543341 
11 5300 5 0.249221 4.70477e-05 7.02493 0.221588 7.61066e-06 0.200735 0.911883 1.10794 0.107938 -2.2262 0.055378 
11 5400 5 0.253926 4.70477e-05 7.02493 0.221515 3.49241e-05 0.200724 0.911583 1.10757 0.107574 -2.22958 0.0564137 
11 5500 5 0.258631 4.70477e-05 7.02493 0.221509 3.45179e-05 0.200709 0.911558 1.10754 0.107543 -2.22986 0.0574561 
11 5600 5 0.263336 4.70477e-05 7.02493 0.221495 3.66948e-05 0.200694 0.911503 1.10748 0.107476 -2.23049 0.0584987 
11 5700 5 0.26804 4.70477e-05 7.02493 0.221489 4.0943e-05 0.200679 0.911476 1.10744 0.107444 -2.23079 0.0595412 
11 5800 5 0.272745 4.70477e-05 7.02493 0.221485 3.86538e-05 0.200665 0.911463 1.10743 0.107427 -2.23094 0.0605844 
11 5900 5 0.27745 4.70477e-05 7.02493 0.221475 2.97671e-05 0.200647 0.911421 1.10738 0.107376 -2.23141 0.0616258 
11 6000 5 0.282155 4.70477e-05 7.02493 0.221465 2.30386e-05 0.200635 0.91138 1.10733 0.107327 -2.23188 0.0626672 
11 6100 5 0.28686 4.70477e-05 7.02493 0.22144 2.12418e-05 0.200624 0.911274 1.1072 0.107198 -2.23308 0.0637096 
11 6200 5 0.291564 4.70477e-05 7.02493 0.221403 1.69957e-05 0.200615 0.911123 1.10701 0.107015 -2.23479 0.0647514 
11 6300 5 0.296269 4.70477e-05 7.02493 0.221405 1.91168e-05 0.200604 0.911131 1.10702 0.107025 -2.2347 0.0657952 
11 6400 5 0.300974 4.70477e-05 7.02493 0.221372 1.94035e-05 0.200598 0.910994 1.10686 0.106858 -2.23625 0.0668364 
11 6500 5 0.305679 4.70477e-05 7.02493 0.221391 2.38015e-05 0.200581 0.911075 1.10696 0.106956 -2.23534 0.0678793 
11 6600 5 0.310383 4.70477e-05 7.02493 0.221402 3.01606e-05 0.200571 0.911121 1.10701 0.107012 -2.23481 0.0689188 
11 6700 5 0.315088 4.70477e-05 7.02493 0.221347 4.57105e-05 0.200567 0.910891 1.10673 0.106733 -2.23743 0.0699623 
11 6800 5 0.319793 4.70477e-05 7.02493 0.221335 6.50606e-05 0.200557 0.910845 1.10668 0.106677 -2.23795 0.0710019 
11 6900 6 0.32447 4.70477e-05 7.02493 0.221312 6.04851e-05 0.200547 0.910747 1.10656 0.106558 -2.23907 0.0720445 
11 7000 6 0.329174 4.70477e-05 7.02493 0.221298 5.92989e-05 0.200536 0.910691 1.10649 0.10649 -2.2397 0.0730846 
11 7100 6 0.333879 4.70477e-05 7.02493 0.221276 4.40552e-05 0.200531 0.9106 1.10638 0.106379 -2.24075 0.0741244 
11 7200 6 0.338584 4.70477e-05 7.02493 0.22125 3.25599e-05 0.200525 0.910494 1.10625 0.10625 -2.24196 0.075165 
11 7300 6 0.343289 4.70477e-05 7.02493 0.221234 8.5273e-06 0.20052 0.910429 1.10617 0.106171 -2.2427 0.0762059 
11 7400 6 0.347993 4.70477e-05 7.02493 0.221204 1.20177e-05 0.200518 0.910305 1.10602 0.106021 -2.24412 0.0772475 
11 7500 6 0.352698 4.70477e-05 7.02493 0.221183 9.23854e-06 0.200515 0.910219 1.10592 0.105916 -2.24511 0.0782892 
11 7600 6 0.357403 4.70477e-05 7.02493 0.221145 -6.63253e-06 0.200513 0.910061 1.10572 0.105724 -2.24692 0.0793311 
11 7700 6 0.362108 4.70477e-05 7.02493 0.221116 -7.07154e-06 0.20051 0.909941 1.10558 0.105579 -2.2483 0.08037 
11 7800 6 0.366812 4.70477e-05 7.02493 0.221123 -1.80058e-05 0.200501 0.90997 1.10561 0.105613 -2.24797 0.0814118 
11 7900 6 0.371517 4.70477e-05 7.02493 0.221099 -1.09367e-06 0.200497 0.909873 1.1055 0.105496 -2.24908 0.0824517 
11 8000 6 0.376222 4.70477e-05 7.02493 0.221078 1.11857e-06 0.200493 0.909788 1.10539 0.105392 -2.25006 0.083492 
11 8100 6 0.380927 4.70477e-05 7.02493 0.221051 1.21948e-05 0.200493 0.909676 1.10526 0.105256 -2.25136 0.0845328 
11 8200 6 0.385632 4.70477e-05 7.02493 0.221039 -3.66334e-06 0.200484 0.909624 1.10519 0.105193 -2.25196 0.0855709 
11 8300 6 0.390336 4.70477e-05 7.02493 0.221007 -1.30899e-05 0.200479 0.909492 1.10503 0.105033 -2.25348 0.0866109 
11 8400 6 0.395041 4.70477e-05 7.02493 0.221004 -3.55098e-06 0.200474 0.90948 1.10502 0.105019 -2.25362 0.0876499 
11 8500 6 0.399746 4.70477e-05 7.02493 0.221016 -9.63709e-06 0.200469 0.90953 1.10508 0.105079 -2.25304 0.0886912 
11 8600 7 0.404422 4.70477e-05 7.02493 0.221032 -1.05278e-05 0.200466 0.909596 1.10516 0.10516 -2.25228 0.0897308 
11 8700 7 0.409127 4.70477e-05 7.02493 0.220983 -7.57977e-06 0.200465 0.909394 1.10491 0.104913 -2.25462 0.0907685 
11 8800 7 0.413832 4.70477e-05 7.02493 0.220917 -1.74239e-05 0.200468 0.909122 1.10458 0.104584 -2.25777 0.0918114 
11 8900 7 0.418537 4.70477e-05 7.02493 0.220872 -2.01452e-05 0.200463 0.90894 1.10436 0.104362 -2.25989 0.0928472 
11 9000 7 0.423242 4.70477e-05 7.02493 0.220834 -2.21721e-05 0.200467 0.908782 1.10417 0.10417 -2.26173 0.0938872 
11 9100 7 0.427946 4.70477e-05 7.02493 0.220837 -3.78101e-06 0.200462 0.908796 1.10419 0.104187 -2.26157 0.0949292 
11 9200 7 0.432651 4.70477e-05 7.02493 0.220812 1.1561e-05 0.200458 0.908691 1.10406 0.104059 -2.26279 0.0959661 
11 9300 7 0.437356 4.70477e-05 7.02493 0.220796 1.53662e-05 0.200458 0.908626 1.10398 0.103981 -2.26355 0.097003 
11 9400 7 0.442061 4.70477e-05 7.02493 0.220734 3.40832e-05 0.200459 0.908369 1.10367 0.103669 -2.26656 0.0980425 
11 9500 7 0.446765 4.70477e-05 7.02493 0.220676 3.20042e-05 0.20046 0.908133 1.10338 0.103382 -2.26933 0.099082 
11 9600 7 0.45147 4.70477e-05 7.02493 0.2207 4.62032e-05 0.200451 0.908232 1.1035 0.103502 -2.26817 0.100123 
11 9700 7 0.456175 4.70477e-05 7.02493 0.220717 3.94942e-05 0.200444 0.908299 1.10358 0.103584 -2.26738 0.101159 
11 9800 7 0.46088 4.70477e-05 7.02493 0.220737 3.62403e-05 0.200439 0.908382 1.10368 0.103685 -2.2664 0.102196 
11 9900 7 0.465585 4.70477e-05 7.02493 0.220713 4.49761e-05 0.200438 0.908282 1.10356 0.103563 -2.26757 0.103236 
11 10000 7 0.470289 4.70477e-05 7.02493 0.220685 5.37514e-05 0.200435 0.90817 1.10343 0.103426 -2.26889 0.104275 
11 10100 7 0.474994 4.70477e-05 7.02493 0.220666 4.30364e-05 0.200431 0.90809 1.10333 0.103329 -2.26984 0.105315 
11 10200 7 0.479699 4.70477e-05 7.02493 0.22067 3.40213e-05 0.200432 0.908108 1.10335 0.103351 -2.26963 0.106351 
11 10300 8 0.484375 4.70477e-05 7.02493 0.220613 2.62188e-05 0.200435 0.907872 1.10306 0.103065 -2.2724 0.107386 
11 10400 8 0.48908 4.70477e-05 7.02493 0.220586 2.563e-05 0.200436 0.907762 1.10293 0.102931 -2.27369 0.108426 
11 10500 8 0.493785 4.70477e-05 7.02493 0.220533 1.59092e-05 0.200436 0.907545 1.10267 0.102667 -2.27626 0.109464 
11 10600 8 0.49849 4.70477e-05 7.02493 0.220473 -1.63209e-06 0.200439 0.907298 1.10237 0.102367 -2.27919 0.110501 
11 10700 8 0.503195 4.70477e-05 7.02493 0.220479 3.88523e-05 0.200434 0.907322 1.1024 0.102396 -2.27891 0.11154 
11 10800 8 0.507899 4.70477e-05 7.02493 0.220516 7.41309e-05 0.200431 0.907474 1.10258 0.102581 -2.2771 0.112578 
11 10900 8 0.512604 4.70477e-05 7.02493 0.220476 8.45283e-05 0.200432 0.90731 1.10238 0.102381 -2.27905 0.113612 
11 11000 8 0.517309 4.70477e-05 7.02493 0.220461 9.33673e-05 0.200429 0.907248 1.10231 0.102307 -2.27978 0.114652 
11 11100 8 0.522014 4.70477e-05 7.02493 0.220524 8.91965e-05 0.200421 0.907505 1.10262 0.102619 -2.27673 0.115691 
11 11200 8 0.526718 4.70477e-05 7.02493 0.22052 8.99091e-05 0.200416 0.90749 1.1026 0.1026 -2.27692 0.116727 
11 11300 8 0.531423 4.70477e-05 7.02493 0.220499 6.97538e-05 0.200417 0.907405 1.1025 0.102497 -2.27792 0.117765 
11 11400 8 0.536128 4.70477e-05 7.02493 0.220451 5.50657e-05 0.200418 0.907205 1.10225 0.102254 -2.28029 0.118796 
11 11500 8 0.540833 4.70477e-05 7.02493 0.220458 2.77214e-05 0.200414 0.907235 1.10229 0.102291 -2.27994 0.11984 
11 11600 8 0.545537 4.70477e-05 7.02493 0.220426 2.99811e-05 0.200416 0.907102 1.10213 0.102129 -2.28152 0.120877 
11 11700 8 0.550242 4.70477e-05 7.02493 0.220376 6.74016e-06 0.20042 0.906897 1.10188 0.10188 -2.28396 0.121914 
11 11800 8 0.554947 4.70477e-05 7.02493 0.220361 -5.52263e-07 0.200417 0.906837 1.10181 0.101807 -2.28468 0.122951 
11 11900 8 0.559652 4.70477e-05 7.02493 0.220335 9.37736e-06 0.200418 0.90673 1.10168 0.101677 -2.28595 0.123986 
11 12000 9 0.564328 4.70477e-05 7.02493 0.220336 7.69984e-06 0.20042 0.906733 1.10168 0.101681 -2.28591 0.125024 
11 12100 9 0.569033 4.70477e-05 7.02493 0.220329 1.37774e-05 0.200417 0.906704 1.10165 0.101645 -2.28627 0.126054 
11 12200 9 0.573738 4.70477e-05 7.02493 0.22033 2.8276e-06 0.200415 0.906707 1.10165 0.10165 -2.28622 0.127097 
11 12300 9 0.578443 4.70477e-05 7.02493 0.220304 -9.30476e-06 0.200416 0.906601 1.10152 0.10152 -2.2875 0.128134 
11 12400 9 0.583147 4.70477e-05 7.02493 0.220281 -3.10704e-05 0.200414 0.906508 1.10141 0.101407 -2.28862 0.12917 
11 12500 9 0.587852 4.70477e-05 7.02493 0.220293 -4.3896e-05 0.200411 0.906555 1.10146 0.101465 -2.28804 0.130207 
11 12600 9 0.592557 4.70477e-05 7.02493 0.220312 -4.77186e-05 0.200406 0.906632 1.10156 0.101558 -2.28712 0.131241 
11 12700 9 0.597262 4.70477e-05 7.02493 0.220264 -4.50783e-05 0.200405 0.906435 1.10132 0.101319 -2.28948 0.132279 
11 12800 9 0.601967 4.70477e-05 7.02493 0.220178 -3.89332e-05 0.20041 0.906082 1.10089 0.10089 -2.29373 0.133314 
11 12900 9 0.606671 4.70477e-05 7.02493 0.220171 -3.84755e-05 0.200408 0.906053 1.10085 0.100854 -2.29408 0.13435 
11 13000 9 0.611376 4.70477e-05 7.02493 0.220151 -4.06708e-05 0.200411 0.905972 1.10076 0.100756 -2.29505 0.135387 
11 13100 9 0.616081 4.70477e-05 7.02493 0.220126 -4.0173e-05 0.200413 0.90587 1.10063 0.100632 -2.29628 0.136423 
11 13200 9 0.620786 4.70477e-05 7.02493 0.220112 -4.50826e-05 0.200411 0.905811 1.10056 0.100561 -2.297 0.13746 
11 13300 9 0.62549 4.70477e-05 7.02493 0.220129 -4.43661e-05 0.200409 0.90588 1.10064 0.100645 -2.29616 0.138495 
11 13400 9 0.630195 4.70477e-05 7.02493 0.220118 -5.30068e-05 0.200411 0.905834 1.10059 0.100588 -2.29672 0.139527 
11 13500 9 0.6349 4.70477e-05 7.02493 0.22009 -4.62221e-05 0.200413 0.905721 1.10045 0.100451 -2.29808 0.140562 
11 13600 9 0.639605 4.70477e-05 7.02493 0.220074 -3.6366e-05 0.20041 0.905655 1.10037 0.100371 -2.29888 0.141598 
11 13700 10 0.644281 4.70477e-05 7.02493 0.220027 -4.83091e-05 0.200411 0.905462 1.10014 0.100136 -2.30122 0.142632 
11 13800 10 0.648986 4.70477e-05 7.02493 0.220007 -3.70811e-05 0.200411 0.90538 1.10004 0.100037 -2.30222 0.143673 
11 13900 10 0.653691 4.70477e-05 7.02493 0.220023 -4.01088e-05 0.200408 0.905446 1.10012 0.100117 -2.30142 0.144708 
11 14000 10 0.658396 4.70477e-05 7.02493 0.220062 -4.81066e-05 0.200402 0.905607 1.10031 0.100312 -2.29947 0.145744 
11 14100 10 0.6631 4.70477e-05 7.02493 0.220102 -6.25167e-05 0.200398 0.90577 1.10051 0.100511 -2.29749 0.146779 
11 14200 10 0.667805 4.70477e-05 7.02493 0.220062 -6.13134e-05 0.200398 0.905605 1.10031 0.10031 -2.29949 0.147815 
11 14300 10 0.67251 4.70477e-05 7.02493 0.220029 -5.4358e-05 0.2004 0.905467 1.10014 0.100143 -2.30116 0.14885 
11 14400 10 0.677215 4.70477e-05 7.02493 0.220011 -4.67933e-05 0.200398 0.905396 1.10006 0.100056 -2.30203 0.149875 
11 14500 10 0.68192 4.70477e-05 7.02493 0.219996 -2.47778e-05 0.200402 0.905333 1.09998 0.0999793 -2.30279 0.150921 
11 14600 10 0.686624 4.70477e-05 7.02493 0.219992 3.01084e-06 0.200403 0.905316 1.09996 0.0999586 -2.303 0.151956 
11 14700 10 0.691329 4.70477e-05 7.02493 0.219973 5.62319e-06 0.200404 0.905238 1.09986 0.0998647 -2.30394 0.152991 
11 14800 10 0.696034 4.70477e-05 7.02493 0.219968 3.10988e-06 0.200402 0.905217 1.09984 0.0998383 -2.3042 0.154026 
11 14900 10 0.700739 4.70477e-05 7.02493 0.219939 2.50683e-06 0.200403 0.905099 1.0997 0.0996952 -2.30564 0.155061 
11 15000 10 0.705443 4.70477e-05 7.02493 0.2199 -2.76509e-06 0.200406 0.904938 1.0995 0.0995002 -2.3076 0.156096 
11 15100 10 0.710148 4.70477e-05 7.02493 0.219882 4.84102e-06 0.200404 0.904865 1.09941 0.0994104 -2.3085 0.157121 
11 15200 10 0.714853 4.70477e-05 7.02493 0.219821 5.11672e-06 0.200406 0.904613 1.09911 0.0991054 -2.31157 0.158161 
11 15300 10 0.719558 4.70477e-05 7.02493 0.219772 -1.41414e-06 0.20041 0.904411 1.09886 0.0988598 -2.31405 0.159199 
11 15400 11 0.724234 4.70477e-05 7.02493 0.219791 -2.56945e-05 0.200406 0.904488 1.09895 0.0989525 -2.31311 0.160229 
11 15500 11 0.728939 4.70477e-05 7.02493 0.219806 -9.54653e-06 0.200403 0.90455 1.09903 0.0990282 -2.31235 0.161266 
11 15600 11 0.733644 4.70477e-05 7.02493 0.219829 3.06933e-06 0.200398 0.904647 1.09915 0.0991464 -2.31116 0.1623 
11 15700 11 0.738349 4.70477e-05 7.02493 0.219751 1.62715e-06 0.200403 0.904327 1.09876 0.0987568 -2.3151 0.163334 
11 15800 11 0.743053 4.70477e-05 7.02493 0.21973 6.82615e-06 0.200404 0.904239 1.09865 0.0986502 -2.31618 0.164367 
11 15900 11 0.747758 4.70477e-05 7.02493 0.219733 1.38733e-05 0.200403 0.904253 1.09867 0.0986671 -2.316 0.165401 
11 16000 11 0.752463 4.70477e-05 7.02493 0.219689 2.00395e-05 0.200407 0.90407 1.09845 0.0984451 -2.31826 0.166437 
11 16100 11 0.757168 4.70477e-05 7.02493 0.219685 2.75413e-05 0.200407 0.904054 1.09843 0.0984252 -2.31846 0.167471 
11 16200 11 0.761872 4.70477e-05 7.02493 0.219728 2.95346e-05 0.200404 0.90423 1.09864 0.0986398 -2.31628 0.168505 
11 16300 11 0.766577 4.70477e-05 7.02493 0.21975 2.81965e-05 0.2004 0.904321 1.09875 0.09875 -2.31516 0.169538 
11 16400 11 0.771282 4.70477e-05 7.02493 0.219703 1.96371e-05 0.200404 0.904127 1.09851 0.0985146 -2.31755 0.170568 
11 16500 11 0.775987 4.70477e-05 7.02493 0.219683 1.89877e-05 0.200403 0.904044 1.09841 0.0984138 -2.31857 0.171601 
11 16600 11 0.780692 4.70477e-05 7.02493 0.21967 3.25933e-05 0.200401 0.903992 1.09835 0.0983505 -2.31922 0.17264 
11 16700 11 0.785396 4.70477e-05 7.02493 0.219645 4.74421e-05 0.200401 0.90389 1.09823 0.0982268 -2.32048 0.173673 
11 16800 11 0.790101 4.70477e-05 7.02493 0.219631 4.72727e-05 0.200404 0.903833 1.09816 0.0981566 -2.32119 0.1747 
11 16900 11 0.794806 4.70477e-05 7.02493 0.219639 7.05765e-05 0.200401 0.903863 1.09819 0.0981932 -2.32082 0.175739 
11 17000 11 0.799511 4.70477e-05 7.02493 0.219672 8.09177e-05 0.200397 0.903998 1.09836 0.0983579 -2.31914 0.176772 
11 17100 12 0.804187 4.70477e-05 7.02493 0.219714 8.51147e-05 0.200392 0.904171 1.09857 0.0985676 -2.31701 0.177807 
11 17200 12 0.808892 4.70477e-05 7.02493 0.219698 9.54955e-05 0.200392 0.904107 1.09849 0.0984894 -2.31781 0.178833 
11 17300 12 0.813597 4.70477e-05 7.02493 0.219632 6.59781e-05 0.200396 0.903837 1.09816 0.0981624 -2.32113 0.179873 
11 17400 12 0.818302 4.70477e-05 7.02493 0.219596 3.1413e-05 0.200397 0.903689 1.09798 0.0979816 -2.32298 0.180901 
11 17500 12 0.823006 4.70477e-05 7.02493 0.219572 -4.66083e-06 0.200401 0.90359 1.09786 0.0978624 -2.32419 0.181942 
11 17600 12 0.827711 4.70477e-05 7.02493 0.219564 -4.1958e-05 0.200401 0.903557 1.09782 0.0978213 -2.32461 0.182974 
11 17700 12 0.832416 4.70477e-05 7.02493 0.21958 -5.95086e-05 0.2004 0.903622 1.0979 0.0979012 -2.3238 0.184008 
11 17800 12 0.837121 4.70477e-05 7.02493 0.219582 -5.02405e-05 0.200399 0.903629 1.09791 0.0979092 -2.32372 0.185042 
11 17900 12 0.841825 4.70477e-05 7.02493 0.219571 -3.32927e-05 0.200399 0.903584 1.09786 0.0978551 -2.32427 0.186064 
11 18000 12 0.84653 4.70477e-05 7.02493 0.219539 -2.23676e-05 0.2004 0.903453 1.0977 0.097695 -2.3259 0.187097 
11 18100 12 0.851235 4.70477e-05 7.02493 0.219552 -2.9937e-05 0.200399 0.903504 1.09776 0.0977578 -2.32526 0.188137 
11 18200 12 0.85594 4.70477e-05 7.02493 0.219471 -2.93557e-05 0.200402 0.903172 1.09735 0.0973536 -2.32941 0.189173 
11 18300 12 0.860645 4.70477e-05 7.02493 0.219484 -4.27684e-05 0.200403 0.903226 1.09742 0.097419 -2.32873 0.190205 
11 18400 12 0.865349 4.70477e-05 7.02493 0.219488 -6.86562e-05 0.2004 0.903244 1.09744 0.0974415 -2.3285 0.191238 
11 18500 12 0.870054 4.70477e-05 7.02493 0.219478 -9.44734e-05 0.200397 0.903203 1.09739 0.0973913 -2.32902 0.19227 
11 18600 12 0.874759 4.70477e-05 7.02493 0.219499 -0.000117587 0.200394 0.903288 1.0975 0.097495 -2.32795 0.193304 
11 18700 12 0.879464 4.70477e-05 7.02493 0.219506 -0.000105112 0.200392 0.903316 1.09753 0.0975291 -2.3276 0.194337 
11 18800 13 0.88414 4.70477e-05 7.02493 0.219483 -7.37415e-05 0.200395 0.903223 1.09742 0.0974165 -2.32876 0.195368 
11 18900 13 0.888845 4.70477e-05 7.02493 0.219517 -5.22339e-05 0.200392 0.90336 1.09758 0.0975825 -2.32706 0.196402 
11 19000 13 0.89355 4.70477e-05 7.02493 0.219476 -2.90837e-05 0.200397 0.903193 1.09738 0.0973797 -2.32914 0.197435 
11 19100 13 0.898255 4.70477e-05 7.02493 0.219448 -2.41289e-05 0.200397 0.90308 1.09724 0.0972421 -2.33055 0.198468 
11 19200 13 0.902959 4.70477e-05 7.02493 0.219408 -1.95718e-05 0.200401 0.902913 1.09704 0.0970393 -2.33264 0.199499 
11 19300 13 0.907664 4.70477e-05 7.02493 0.21936 -1.38154e-05 0.200403 0.902714 1.0968 0.0967978 -2.33513 0.200529 
11 19400 13 0.912369 4.70477e-05 7.02493 0.219352 5.8584e-06 0.200403 0.902685 1.09676 0.0967624 -2.3355 0.201563 
11 19500 13 0.917074 4.70477e-05 7.02493 0.219363 5.50523e-06 0.200405 0.90273 1.09682 0.0968169 -2.33493 0.202595 
11 19600 13 0.921778 4.70477e-05 7.02493 0.21935 1.98945e-05 0.200402 0.902673 1.09675 0.0967475 -2.33565 0.203628 
11 19700 13 0.926483 4.70477e-05 7.02493 0.219321 4.78807e-05 0.200403 0.902555 1.0966 0.0966039 -2.33714 0.204657 
11 19800 13 0.931188 4.70477e-05 7.02493 0.219294 5.01079e-05 0.200404 0.902445 1.09647 0.0964702 -2.33852 0.205693 
11 19900 13 0.935893 4.70477e-05 7.02493 0.219307 3.3754e-05 0.200401 0.902498 1.09654 0.0965356 -2.33784 0.206724 
11 20000 13 0.940597 4.70477e-05 7.02493 0.219317 5.67663e-05 0.200397 0.90254 1.09659 0.0965865 -2.33732 0.207757 
11 20100 13 0.945302 4.70477e-05 7.02493 0.219366 5.8869e-05 0.200393 0.902742 1.09683 0.0968316 -2.33478 0.208788 
11 20200 13 0.950007 4.70477e-05 7.02493 0.219325 6.56903e-05 0.200394 0.902571 1.09662 0.096624 -2.33693 0.209813 
11 20300 13 0.954712 4.70477e-05 7.02493 0.219268 6.03141e-05 0.200398 0.902337 1.09634 0.09634 -2.33987 0.210851 
11 20400 13 0.959417 4.70477e-05 7.02493 0.219247 5.48039e-05 0.200399 0.902252 1.09624 0.0962358 -2.34095 0.211874 
11 20500 14 0.964093 4.70477e-05 7.02493 0.219232 4.41465e-05 0.200401 0.90219 1.09616 0.0961604 -2.34174 0.212916 
11 20600 14 0.968798 4.70477e-05 7.02493 0.219233 3.70186e-05 0.200402 0.902194 1.09617 0.0961661 -2.34168 0.213946 
11 20700 14 0.973503 4.70477e-05 7.02493 0.219222 2.51768e-05 0.200404 0.90215 1.09611 0.0961119 -2.34224 0.214978 
11 20800 14 0.978207 4.70477e-05 7.02493 0.219218 2.48196e-05 0.200404 0.902132 1.09609 0.09609 -2.34247 0.216002 
11 20900 14 0.982912 4.70477e-05 7.02493 0.219162 1.90402e-05 0.200407 0.9019 1.09581 0.0958085 -2.3454 0.217036 
11 21000 14 0.987617 4.70477e-05 7.02493 0.219185 1.95098e-05 0.200405 0.901995 1.09592 0.095924 -2.3442 0.218066 
11 21100 14 0.992322 4.70477e-05 7.02493 0.219134 3.75699e-06 0.20041 0.901786 1.09567 0.0956705 -2.34685 0.219101 
11 21200 14 0.997027 4.70477e-05 7.02493 0.219126 4.68386e-06 0.200408 0.901753 1.09563 0.0956301 -2.34727 0.220135 
11 21300 14 1.00173 4.70477e-05 7.02493 0.219139 1.22455e-05 0.200407 0.901808 1.0957 0.0956962 -2.34658 0.221166 
11 21400 14 1.00644 4.70477e-05 7.02493 0.219127 1.3374e-05 0.200404 0.901758 1.09564 0.0956363 -2.3472 0.22219 
11 21500 14 1.01114 4.70477e-05 7.02493 0.219118 1.47328e-05 0.200404 0.901718 1.09559 0.0955877 -2.34771 0.223222 
11 21600 14 1.01585 4.70477e-05 7.02493 0.219143 1.1096e-05 0.2004 0.901822 1.09571 0.0957132 -2.3464 0.224258 
11 21700 14 1.02055 4.70477e-05 7.02493 0.219107 1.7901e-05 0.200401 0.901677 1.09554 0.095537 -2.34824 0.225286 
11 21800 14 1.02526 4.70477e-05 7.02493 0.219094 2.40013e-05 0.200402 0.90162 1.09547 0.0954686 -2.34896 0.226318 
11 21900 14 1.02996 4.70477e-05 7.02493 0.219076 2.58779e-05 0.200403 0.901546 1.09538 0.0953783 -2.3499 0.227348 
11 22000 14 1.03466 4.70477e-05 7.02493 0.219082 3.44814e-05 0.200403 0.901572 1.09541 0.0954098 -2.34957 0.228382 
11 22100 14 1.03937 4.70477e-05 7.02493 0.219128 3.37002e-05 0.200399 0.901759 1.09564 0.0956377 -2.34719 0.229414 
11 22200 15 1.04405 4.70477e-05 7.02493 0.219111 7.85732e-06 0.200401 0.90169 1.09555 0.095553 -2.34807 0.230443 
11 22300 15 1.04875 4.70477e-05 7.02493 0.219079 -1.78679e-05 0.200402 0.901558 1.09539 0.0953928 -2.34975 0.231474 
11 22400 15 1.05346 4.70477e-05 7.02493 0.219094 -3.556e-05 0.200403 0.901621 1.09547 0.0954694 -2.34895 0.232503 
11 22500 15 1.05816 4.70477e-05 7.02493 0.21907 -4.05071e-05 0.200404 0.901522 1.09535 0.0953496 -2.35021 0.233537 
11 22600 15 1.06287 4.70477e-05 7.02493 0.219057 -3.65553e-05 0.200404 0.901469 1.09528 0.0952848 -2.35089 0.234569 
11 22700 15 1.06757 4.70477e-05 7.02493 0.219073 -3.01232e-05 0.200403 0.901536 1.09537 0.0953666 -2.35003 0.235598 
11 22800 15 1.07227 4.70477e-05 7.02493 0.219033 -1.70235e-05 0.200404 0.901369 1.09516 0.0951629 -2.35217 0.23663 
11 22900 15 1.07698 4.70477e-05 7.02493 0.218997 -2.67316e-05 0.200402 0.901224 1.09499 0.0949868 -2.35402 0.237653 
11 23000 15 1.08168 4.70477e-05 7.02493 0.219055 -1.21262e-05 0.200399 0.901459 1.09527 0.0952731 -2.35101 0.23869 
11 23100 15 1.08639 4.70477e-05 7.02493 0.219082 -9.72612e-06 0.200396 0.901571 1.09541 0.0954082 -2.34959 0.239721 
11 23200 15 1.09109 4.70477e-05 7.02493 0.219073 -3.17174e-06 0.200396 0.901535 1.09537 0.095365 -2.35004 0.240752 
11 23300 15 1.0958 4.70477e-05 7.02493 0.219082 -4.68733e-06 0.200396 0.90157 1.09541 0.0954078 -2.3496 0.241782 
11 23400 15 1.1005 4.70477e-05 7.02493 0.219058 -4.42885e-06 0.200397 0.901472 1.09529 0.0952879 -2.35085 0.242813 
11 23500 15 1.10521 4.70477e-05 7.02493 0.219034 5.67153e-06 0.200398 0.901373 1.09517 0.0951684 -2.35211 0.243844 
11 23600 15 1.10991 4.70477e-05 7.02493 0.219021 1.13162e-05 0.2004 0.901321 1.0951 0.0951045 -2.35278 0.244876 
11 23700 15 1.11462 4.70477e-05 7.02493 0.218998 1.15246e-05 0.200401 0.901227 1.09499 0.0949904 -2.35398 0.245906 
11 23800 15 1.11932 4.70477e-05 7.02493 0.218973 2.40027e-06 0.200402 0.901123 1.09486 0.0948649 -2.3553 0.246934 
11 23900 16 1.124 4.70477e-05 7.02493 0.218957 2.56687e-06 0.200404 0.901059 1.09479 0.0947864 -2.35613 0.247961 
11 24000 16 1.1287 4.70477e-05 7.02493 0.218982 7.49294e-06 0.200403 0.90116 1.09491 0.0949089 -2.35484 0.248988 
11 24100 16 1.13341 4.70477e-05 7.02493 0.218933 3.78492e-05 0.200406 0.900957 1.09466 0.0946628 -2.35743 0.250025 
11 24200 16 1.13811 4.70477e-05 7.02493 0.218916 5.0845e-05 0.200407 0.900888 1.09458 0.0945794 -2.35832 0.251056 
11 24300 16 1.14282 4.70477e-05 7.02493 0.218915 5.81716e-05 0.200407 0.900884 1.09457 0.0945739 -2.35837 0.252085 
11 24400 16 1.14752 4.70477e-05 7.02493 0.218875 5.41528e-05 0.200408 0.900722 1.09438 0.0943769 -2.36046 0.253116 
11 24500 16 1.15223 4.70477e-05 7.02493 0.218912 2.15906e-05 0.200402 0.900873 1.09456 0.0945606 -2.35851 0.254147 
11 24600 16 1.15693 4.70477e-05 7.02493 0.218934 2.2814e-06 0.2004 0.900961 1.09467 0.0946679 -2.35738 0.255176 
11 24700 16 1.16164 4.70477e-05 7.02493 0.218923 -1.90242e-05 0.200399 0.900916 1.09461 0.0946133 -2.35796 0.256207 
11 24800 16 1.16634 4.70477e-05 7.02493 0.218909 -3.29863e-05 0.200399 0.900861 1.09455 0.0945467 -2.35866 0.257233 
11 24900 16 1.17105 4.70477e-05 7.02493 0.218902 -5.27683e-05 0.200398 0.90083 1.09451 0.0945082 -2.35907 0.258265 
11 25000 16 1.17575 4.70477e-05 7.02493 0.218902 -6.79493e-05 0.2004 0.900833 1.09451 0.0945124 -2.35902 0.259296 
11 25100 16 1.18046 4.70477e-05 7.02493 0.218878 -5.83656e-05 0.200403 0.900731 1.09439 0.0943882 -2.36034 0.260327 
11 25200 16 1.18516 4.70477e-05 7.02493 0.218825 -4.75126e-05 0.200407 0.900514 1.09412 0.0941247 -2.36313 0.261354 
11 25300 16 1.18987 4.70477e-05 7.02493 0.218788 -3.83908e-05 0.200409 0.90036 1.09394 0.0939379 -2.36512 0.262383 
11 25400 16 1.19457 4.70477e-05 7.02493 0.218784 -3.11357e-05 0.200408 0.900345 1.09392 0.0939191 -2.36532 0.263412 
11 25500 16 1.19928 4.70477e-05 7.02493 0.218773 -2.64639e-05 0.20041 0.900301 1.09387 0.093866 -2.36589 0.264439 
11 25600 17 1.20395 4.70477e-05 7.02493 0.218784 -2.71319e-05 0.200409 0.900344 1.09392 0.093918 -2.36533 0.265469 
11 25700 17 1.20866 4.70477e-05 7.02493 0.218794 -1.19007e-05 0.200407 0.900387 1.09397 0.0939701 -2.36478 0.266503 
11 25800 17 1.21336 4.70477e-05 7.02493 0.218762 -9.20752e-06 0.200413 0.900255 1.09381 0.0938093 -2.36649 0.267532 
11 25900 17 1.21807 4.70477e-05 7.02493 0.218724 -4.82355e-06 0.200411 0.900101 1.09362 0.0936223 -2.36849 0.268559 
11 26000 17 1.22277 4.70477e-05 7.02493 0.218766 -6.30999e-06 0.200406 0.90027 1.09383 0.0938286 -2.36629 0.269592 
11 26100 17 1.22748 4.70477e-05 7.02493 0.218789 -5.0648e-06 0.200402 0.900364 1.09394 0.0939427 -2.36507 0.270617 
11 26200 17 1.23218 4.70477e-05 7.02493 0.218792 4.64545e-06 0.200401 0.900377 1.09396 0.0939579 -2.36491 0.271651 
11 26300 17 1.23689 4.70477e-05 7.02493 0.218794 2.29864e-05 0.200401 0.900388 1.09397 0.0939717 -2.36476 0.272679 
11 26400 17 1.24159 4.70477e-05 7.02493 0.218772 6.87806e-05 0.200402 0.900298 1.09386 0.0938623 -2.36593 0.273709 
11 26500 17 1.24629 4.70477e-05 7.02493 0.218785 9.68967e-05 0.200403 0.900348 1.09392 0.0939229 -2.36528 0.274739 
11 26600 17 1.251 4.70477e-05 7.02493 0.218767 0.000101299 0.200402 0.900275 1.09383 0.0938337 -2.36623 0.275769 
11 26700 17 1.2557 4.70477e-05 7.02493 0.218728 6.14839e-05 0.200408 0.900116 1.09364 0.0936403 -2.36829 0.276797 
11 26800 17 1.26041 4.70477e-05 7.02493 0.218713 4.7386e-05 0.200408 0.900054 1.09357 0.0935656 -2.36909 0.277816 
11 26900 17 1.26511 4.70477e-05 7.02493 0.218721 4.07777e-05 0.200406 0.900087 1.09361 0.0936058 -2.36866 0.278854 
11 27000 17 1.26982 4.70477e-05 7.02493 0.218697 3.54291e-05 0.200407 0.899986 1.09348 0.0934826 -2.36998 0.279883 
11 27100 17 1.27452 4.70477e-05 7.02493 0.21863 5.15189e-06 0.200414 0.899711 1.09315 0.0931487 -2.37356 0.280914 
11 27200 17 1.27923 4.70477e-05 7.02493 0.218645 -5.74519e-06 0.20041 0.899773 1.09322 0.0932239 -2.37275 0.281942 
11 27300 18 1.2839 4.70477e-05 7.02493 0.218624 -6.6374e-06 0.200415 0.899688 1.09312 0.0931204 -2.37386 0.282971 
11 27400 18 1.28861 4.70477e-05 7.02493 0.218607 -3.71215e-05 0.200413 0.899619 1.09304 0.0930372 -2.37476 0.283998 
11 27500 18 1.29331 4.70477e-05 7.02493 0.218628 -2.92189e-05 0.20041 0.899706 1.09314 0.0931425 -2.37363 0.285028 
11 27600 18 1.29802 4.70477e-05 7.02493 0.218636 -2.76662e-05 0.200409 0.899737 1.09318 0.0931802 -2.37322 0.286055 
11 27700 18 1.30272 4.70477e-05 7.02493 0.218585 -1.28387e-05 0.200411 0.899528 1.09293 0.0929261 -2.37595 0.287084 
11 27800 18 1.30743 4.70477e-05 7.02493 0.218599 -2.87029e-06 0.200409 0.899582 1.09299 0.0929925 -2.37524 0.288113 
11 27900 18 1.31213 4.70477e-05 7.02493 0.218613 2.12614e-05 0.200407 0.899643 1.09307 0.0930662 -2.37444 0.289141 
11 28000 18 1.31684 4.70477e-05 7.02493 0.218614 5.50789e-05 0.200408 0.899646 1.09307 0.0930693 -2.37441 0.29017 
11 28100 18 1.32154 4.70477e-05 7.02493 0.218623 5.79949e-05 0.200408 0.899681 1.09311 0.0931126 -2.37395 0.2912 
11 28200 18 1.32625 4.70477e-05 7.02493 0.218597 2.32107e-05 0.200409 0.899578 1.09299 0.0929875 -2.37529 0.292226 
11 28300 18 1.33095 4.70477e-05 7.02493 0.218566 1.10383e-05 0.200412 0.899449 1.09283 0.0928303 -2.37698 0.293253 
11 28400 18 1.33566 4.70477e-05 7.02493 0.218577 9.47039e-06 0.200411 0.899495 1.09289 0.0928866 -2.37638 0.29428 
11 28500 18 1.34036 4.70477e-05 7.02493 0.21859 1.48455e-06 0.200409 0.899549 1.09295 0.0929516 -2.37568 0.295309 
11 28600 18 1.34507 4.70477e-05 7.02493 0.218551 2.87217e-06 0.200411 0.899385 1.09275 0.0927531 -2.37781 0.296336 
11 28700 18 1.34977 4.70477e-05 7.02493 0.21855 5.99439e-06 0.200412 0.899382 1.09275 0.0927494 -2.37785 0.297367 
11 28800 18 1.35448 4.70477e-05 7.02493 0.218528 1.13664e-05 0.200418 0.899291 1.09264 0.0926388 -2.37905 0.298393 
11 28900 18 1.35918 4.70477e-05 7.02493 0.218508 1.4103e-06 0.200415 0.899211 1.09254 0.0925409 -2.3801 0.29942 
11 29000 19 1.36386 4.70477e-05 7.02493 0.218539 -9.48712e-07 0.200411 0.899337 1.09269 0.0926941 -2.37845 0.300448 
11 29100 19 1.36856 4.70477e-05 7.02493 0.218549 -9.22827e-06 0.200409 0.89938 1.09275 0.0927465 -2.37789 0.301476 
11 29200 19 1.37327 4.70477e-05 7.02493 0.218535 -1.75314e-05 0.200409 0.899323 1.09268 0.0926775 -2.37863 0.302507 
11 29300 19 1.37797 4.70477e-05 7.02493 0.218556 -1.638e-05 0.200404 0.899406 1.09278 0.0927778 -2.37755 0.303531 
11 29400 19 1.38268 4.70477e-05 7.02493 0.218542 -2.14002e-05 0.200406 0.899351 1.09271 0.0927119 -2.37826 0.304558 
11 29500 19 1.38738 4.70477e-05 7.02493 0.218534 -2.60203e-05 0.200407 0.899318 1.09267 0.0926709 -2.3787 0.305587 
11 29600 19 1.39209 4.70477e-05 7.02493 0.218538 -2.06627e-05 0.200408 0.899334 1.09269 0.0926907 -2.37849 0.306625 
11 29700 19 1.39679 4.70477e-05 7.02493 0.218485 -2.60723e-05 0.200411 0.899116 1.09243 0.0924263 -2.38134 0.307652 
11 29800 19 1.4015 4.70477e-05 7.02493 0.218476 -2.14443e-05 0.200412 0.899077 1.09238 0.0923791 -2.38185 0.308673 
11 29900 19 1.4062 4.70477e-05 7.02493 0.218517 -9.2464e-06 0.20041 0.899248 1.09259 0.0925865 -2.37961 0.309702 
11 30000 19 1.41091 4.70477e-05 7.02493 0.218515 -1.13624e-07 0.20041 0.899238 1.09257 0.0925744 -2.37974 0.310731 
11 30100 19 1.41561 4.70477e-05 7.02493 0.218475 -7.69466e-06 0.200411 0.899076 1.09238 0.0923772 -2.38188 0.311767 
11 30200 19 1.42032 4.70477e-05 7.02493 0.218465 -2.83986e-05 0.200414 0.899031 1.09232 0.0923232 -2.38246 0.312793 
11 30300 19 1.42502 4.70477e-05 7.02493 0.218456 -3.09692e-05 0.200414 0.898996 1.09228 0.0922799 -2.38293 0.313813 
11 30400 19 1.42972 4.70477e-05 7.02493 0.218396 -2.59659e-05 0.200417 0.898748 1.09198 0.0919785 -2.3862 0.314848 
11 30500 19 1.43443 4.70477e-05 7.02493 0.218424 -3.97055e-05 0.200414 0.898865 1.09212 0.0921208 -2.38465 0.315874 
11 30600 19 1.43913 4.70477e-05 7.02493 0.218433 -1.57154e-05 0.200413 0.898899 1.09216 0.0921629 -2.3842 0.316906 
11 30700 20 1.44381 4.70477e-05 7.02493 0.218387 -1.06741e-05 0.200415 0.898713 1.09194 0.0919362 -2.38666 0.317928 
11 30800 20 1.44852 4.70477e-05 7.02493 0.218417 -2.17719e-06 0.200413 0.898833 1.09208 0.0920827 -2.38507 0.318955 
11 30900 20 1.45322 4.70477e-05 7.02493 0.21845 -1.31375e-05 0.200409 0.89897 1.09225 0.0922488 -2.38327 0.319986 
11 31000 20 1.45793 4.70477e-05 7.02493 0.218462 -3.83486e-07 0.20041 0.899021 1.09231 0.0923104 -2.3826 0.321015 
11 31100 20 1.46263 4.70477e-05 7.02493 0.218469 -7.37685e-06 0.200408 0.89905 1.09235 0.0923453 -2.38222 0.322044 
11 31200 20 1.46733 4.70477e-05 7.02493 0.218448 -1.18792e-05 0.20041 0.898962 1.09224 0.0922388 -2.38337 0.323069 
11 31300 20 1.47204 4.70477e-05 7.02493 0.21841 -3.10039e-05 0.200414 0.898805 1.09205 0.0920476 -2.38545 0.324095 
11 31400 20 1.47674 4.70477e-05 7.02493 0.2184 -1.69122e-05 0.200415 0.898767 1.092 0.0920024 -2.38594 0.325122 
11 31500 20 1.48145 4.70477e-05 7.02493 0.218422 -7.18682e-06 0.200414 0.898858 1.09211 0.0921121 -2.38475 0.326149 
11 31600 20 1.48615 4.70477e-05 7.02493 0.218379 1.69441e-05 0.200415 0.898681 1.0919 0.0918969 -2.38709 0.327181 
11 31700 20 1.49086 4.70477e-05 7.02493 0.218349 3.37926e-05 0.200418 0.898556 1.09175 0.0917453 -2.38874 0.328209 
11 31800 20 1.49556 4.70477e-05 7.02493 0.218342 4.44031e-05 0.20042 0.898528 1.09171 0.091711 -2.38911 0.329237 
11 31900 20 1.50027 4.70477e-05 7.02493 0.218301 1.90623e-05 0.200421 0.898359 1.09151 0.0915064 -2.39135 0.330257 
11 32000 20 1.50497 4.70477e-05 7.02493 0.218351 1.47471e-05 0.200415 0.898565 1.09176 0.0917562 -2.38862 0.331292 
11 32100 20 1.50968 4.70477e-05 7.02493 0.218338 1.72513e-05 0.200417 0.898511 1.09169 0.0916914 -2.38933 0.332319 
11 32200 20 1.51438 4.70477e-05 7.02493 0.218308 2.0233e-05 0.200416 0.898385 1.09154 0.0915382 -2.391 0.333345 
11 32300 20 1.51909 4.70477e-05 7.02493 0.218287 2.10929e-05 0.200416 0.898299 1.09143 0.091433 -2.39215 0.334364 
11 32400 21 1.52376 4.70477e-05 7.02493 0.218324 1.3808e-05 0.200412 0.898452 1.09162 0.0916194 -2.39011 0.335401 
11 32500 21 1.52847 4.70477e-05 7.02493 0.218406 1.64909e-05 0.200406 0.89879 1.09203 0.09203 -2.38564 0.336429 
11 32600 21 1.53317 4.70477e-05 7.02493 0.218436 2.71728e-06 0.200406 0.898912 1.09218 0.0921779 -2.38404 0.337456 
11 32700 21 1.53788 4.70477e-05 7.02493 0.218399 -6.28041e-06 0.200408 0.89876 1.09199 0.091994 -2.38603 0.338483 
11 32800 21 1.54258 4.70477e-05 7.02493 0.218357 -1.54808e-05 0.200412 0.898589 1.09179 0.0917852 -2.3883 0.339508 
11 32900 21 1.54729 4.70477e-05 7.02493 0.218385 -1.66292e-05 0.200412 0.898704 1.09193 0.0919259 -2.38677 0.340538 
11 33000 21 1.55199 4.70477e-05 7.02493 0.218409 -1.45022e-05 0.200411 0.898804 1.09205 0.092047 -2.38546 0.341557 
11 33100 21 1.5567 4.70477e-05 7.02493 0.218326 -1.40073e-05 0.200416 0.898463 1.09163 0.0916321 -2.38997 0.342593 
11 33200 21 1.5614 4.70477e-05 7.02493 0.2183 -3.6466e-06 0.200417 0.898354 1.0915 0.0915002 -2.39141 0.34362 
11 33300 21 1.56611 4.70477e-05 7.02493 0.218296 1.3045e-05 0.200417 0.898337 1.09148 0.0914797 -2.39164 0.344641 
11 33400 21 1.57081 4.70477e-05 7.02493 0.21824 -2.30119e-07 0.200423 0.898107 1.0912 0.0912004 -2.3947 0.345674 
11 33500 21 1.57552 4.70477e-05 7.02493 0.218232 -3.46008e-06 0.200421 0.898074 1.09116 0.0911594 -2.39515 0.346701 
11 33600 21 1.58022 4.70477e-05 7.02493 0.21822 -3.4854e-07 0.20042 0.898024 1.0911 0.0910988 -2.39581 0.347727 
11 33700 21 1.58493 4.70477e-05 7.02493 0.218193 5.93773e-06 0.20042 0.897914 1.09097 0.0909659 -2.39727 0.348752 
11 33800 21 1.58963 4.70477e-05 7.02493 0.218189 3.51169e-06 0.20042 0.897896 1.09094 0.0909441 -2.39751 0.34978 
11 33900 21 1.59434 4.70477e-05 7.02493 0.218235 -8.84582e-06 0.200415 0.898088 1.09118 0.0911771 -2.39495 0.350808 
11 34000 21 1.59904 4.70477e-05 7.02493 0.218288 -1.47669e-05 0.20041 0.898306 1.09144 0.0914422 -2.39205 0.351835 
11 34100 22 1.60372 4.70477e-05 7.02493 0.218344 -1.37068e-05 0.200407 0.898537 1.09172 0.0917222 -2.38899 0.352863 
11 34200 22 1.60842 4.70477e-05 7.02493 0.218345 2.88607e-06 0.200408 0.898538 1.09172 0.0917239 -2.38897 0.353889 
11 34300 22 1.61313 4.70477e-05 7.02493 0.218278 7.39164e-06 0.200415 0.898261 1.09139 0.0913877 -2.39264 0.354917 
11 34400 22 1.61783 4.70477e-05 7.02493 0.218275 3.8512e-06 0.200416 0.898249 1.09137 0.091373 -2.39281 0.355944 
11 34500 22 1.62254 4.70477e-05 7.02493 0.218315 7.63331e-06 0.200413 0.898416 1.09158 0.0915752 -2.3906 0.356971 
11 34600 22 1.62724 4.70477e-05 7.02493 0.218295 8.40538e-06 0.200415 0.898334 1.09148 0.0914759 -2.39168 0.357999 
11 34700 22 1.63195 4.70477e-05 7.02493 0.218257 6.84607e-06 0.200419 0.898179 1.09129 0.0912869 -2.39375 0.359024 
11 34800 22 1.63665 4.70477e-05 7.02493 0.218236 6.05479e-07 0.20042 0.898089 1.09118 0.0911785 -2.39494 0.360052 
11 34900 22 1.64135 4.70477e-05 7.02493 0.218174 -1.8621e-06 0.200427 0.897835 1.09087 0.09087 -2.39833 0.36108 
11 35000 22 1.64606 4.70477e-05 7.02493 0.218187 -6.10975e-06 0.20042 0.89789 1.09094 0.0909364 -2.39759 0.362105 
11 35100 22 1.65076 4.70477e-05 7.02493 0.218189 -6.12508e-06 0.20042 0.897897 1.09094 0.0909446 -2.3975 0.36313 
11 35200 22 1.65547 4.70477e-05 7.02493 0.218171 -8.69614e-06 0.200419 0.897824 1.09086 0.0908557 -2.39848 0.364154 
11 35300 22 1.66017 4.70477e-05 7.02493 0.218161 -8.0324e-06 0.200419 0.897782 1.0908 0.0908048 -2.39904 0.365175 
11 35400 22 1.66488 4.70477e-05 7.02493 0.218138 -8.41186e-06 0.200418 0.897689 1.09069 0.0906923 -2.40028 0.366201 
11 35500 22 1.66958 4.70477e-05 7.02493 0.218156 -1.92071e-05 0.200417 0.897761 1.09078 0.0907791 -2.39933 0.367229 
11 35600 22 1.67429 4.70477e-05 7.02493 0.218198 -1.51849e-05 0.200416 0.897936 1.09099 0.0909922 -2.39698 0.368264 
11 35700 22 1.67899 4.70477e-05 7.02493 0.218219 -1.16258e-05 0.200414 0.89802 1.09109 0.091094 -2.39586 0.369283 
11 35800 23 1.68367 4.70477e-05 7.02493 0.218138 -2.01948e-06 0.20042 0.897687 1.09069 0.0906902 -2.40031 0.370308 
11 35900 23 1.68837 4.70477e-05 7.02493 0.218138 1.59341e-05 0.200424 0.897686 1.09069 0.0906881 -2.40033 0.371343 
11 36000 23 1.69308 4.70477e-05 7.02493 0.218195 3.7767e-05 0.200418 0.897923 1.09098 0.0909768 -2.39715 0.372369 
11 36100 23 1.69778 4.70477e-05 7.02493 0.218183 4.74789e-05 0.200421 0.89787 1.09091 0.0909126 -2.39786 0.373396 
11 36200 23 1.70249 4.70477e-05 7.02493 0.218144 4.03178e-05 0.200423 0.897713 1.09072 0.0907214 -2.39996 0.374423 
11 36300 23 1.70719 4.70477e-05 7.02493 0.218105 3.36883e-05 0.200424 0.897552 1.09053 0.0905252 -2.40213 0.375449 
11 36400 23 1.7119 4.70477e-05 7.02493 0.218044 3.32168e-05 0.20043 0.8973 1.09022 0.09022 -2.4055 0.376476 
11 36500 23 1.7166 4.70477e-05 7.02493 0.218022 1.81664e-05 0.200428 0.89721 1.09011 0.09011 -2.40672 0.377501 
11 36600 23 1.72131 4.70477e-05 7.02493 0.218019 4.08773e-05 0.200427 0.897199 1.0901 0.0900969 -2.40687 0.378526 
11 36700 23 1.72601 4.70477e-05 7.02493 0.218001 3.55728e-05 0.200429 0.897125 1.09001 0.0900067 -2.40787 0.379552 
11 36800 23 1.73072 4.70477e-05 7.02493 0.218023 5.34437e-05 0.200426 0.897213 1.09011 0.090114 -2.40668 0.38058 
11 36900 23 1.73542 4.70477e-05 7.02493 0.218037 3.39591e-05 0.200424 0.897272 1.09019 0.0901852 -2.40589 0.381605 
11 37000 23 1.74013 4.70477e-05 7.02493 0.218072 2.77036e-05 0.200421 0.897416 1.09036 0.090361 -2.40394 0.382631 
11 37100 23 1.74483 4.70477e-05 7.02493 0.218125 2.56974e-05 0.200418 0.897634 1.09063 0.0906258 -2.40102 0.383658 
11 37200 23 1.74954 4.70477e-05 7.02493 0.218182 -3.86368e-06 0.200414 0.897869 1.09091 0.090911 -2.39787 0.384684 
11 37300 23 1.75424 4.70477e-05 7.02493 0.21814 -9.58907e-06 0.200417 0.897697 1.0907 0.0907015 -2.40018 0.385708 
11 37400 23 1.75895 4.70477e-05 7.02493 0.218093 2.12233e-06 0.200423 0.897501 1.09046 0.0904638 -2.40281 0.386731 
11 37500 24 1.76362 4.70477e-05 7.02493 0.218088 3.80753e-06 0.200422 0.89748 1.09044 0.0904381 -2.40309 0.387758 
11 37600 24 1.76833 4.70477e-05 7.02493 0.218114 8.66946e-06 0.200423 0.897587 1.09057 0.0905681 -2.40165 0.388788 
11 37700 24 1.77303 4.70477e-05 7.02493 0.218102 -8.31022e-07 0.200424 0.897538 1.09051 0.0905081 -2.40232 0.389816 
11 37800 24 1.77774 4.70477e-05 7.02493 0.218066 -9.84206e-06 0.200426 0.897393 1.09033 0.0903321 -2.40426 0.390835 
11 37900 24 1.78244 4.70477e-05 7.02493 0.218032 -1.15927e-05 0.200428 0.897252 1.09016 0.0901611 -2.40616 0.391867 
11 38000 24 1.78715 4.70477e-05 7.02493 0.218005 -2.46384e-05 0.200428 0.897139 1.09002 0.090024 -2.40768 0.392887 
11 38100 24 1.79185 4.70477e-05 7.02493 0.21804 -2.08102e-05 0.200422 0.897284 1.0902 0.0902 -2.40573 0.393915 
11 38200 24 1.79656 4.70477e-05 7.02493 0.21801 -1.63983e-05 0.200425 0.897162 1.09005 0.0900524 -2.40736 0.39494 
11 38300 24 1.80126 4.70477e-05 7.02493 0.217989 -1.2955e-05 0.200426 0.897073 1.08994 0.0899432 -2.40858 0.395961 
11 38400 24 1.80597 4.70477e-05 7.02493 0.217963 -6.35961e-06 0.200427 0.896966 1.08981 0.0898136 -2.41002 0.396986 
11 38500 24 1.81067 4.70477e-05 7.02493 0.217967 -7.05232e-06 0.200426 0.896983 1.08983 0.0898348 -2.40978 0.398012 
11 38600 24 1.81538 4.70477e-05 7.02493 0.218008 -2.57448e-05 0.200423 0.89715 1.09004 0.0900376 -2.40753 0.399047 
11 38700 24 1.82008 4.70477e-05 7.02493 0.218021 -1.78973e-05 0.200421 0.897205 1.0901 0.0901044 -2.40679 0.400064 
11 38800 24 1.82478 4.70477e-05 7.02493 0.217992 1.02325e-05 0.200425 0.897088 1.08996 0.0899625 -2.40836 0.401089 
11 38900 24 1.82949 4.70477e-05 7.02493 0.217972 9.92236e-06 0.200428 0.897006 1.08986 0.0898622 -2.40948 0.402124 
11 39000 24 1.83419 4.70477e-05 7.02493 0.218005 -2.27217e-06 0.200427 0.897138 1.09002 0.0900228 -2.40769 0.403147 
11 39100 24 1.8389 4.70477e-05 7.02493 0.217987 -1.61097e-05 0.200427 0.897064 1.08993 0.0899329 -2.40869 0.404176 
11 39200 25 1.84358 4.70477e-05 7.02493 0.217997 -1.96958e-05 0.200426 0.897106 1.08998 0.0899836 -2.40813 0.405201 
11 39300 25 1.84828 4.70477e-05 7.02493 0.217982 -1.85333e-05 0.200426 0.897044 1.08991 0.0899079 -2.40897 0.406221 
11 39400 25 1.85299 4.70477e-05 7.02493 0.217949 -1.30225e-05 0.20043 0.89691 1.08975 0.0897459 -2.41077 0.407251 
11 39500 25 1.85769 4.70477e-05 7.02493 0.2179 -2.13585e-05 0.200433 0.896707 1.0895 0.0894991 -2.41353 0.408275 
11 39600 25 1.86239 4.70477e-05 7.02493 0.217904 -4.65071e-06 0.200429 0.896722 1.08952 0.0895177 -2.41332 0.409301 
11 39700 25 1.8671 4.70477e-05 7.02493 0.217874 -6.22402e-06 0.20043 0.896602 1.08937 0.0893709 -2.41496 0.410327 
11 39800 25 1.8718 4.70477e-05 7.02493 0.217845 -1.21461e-05 0.200431 0.89648 1.08922 0.0892235 -2.41661 0.411352 
11 39900 25 1.87651 4.70477e-05 7.02493 0.217868 -1.326e-05 0.20043 0.896576 1.08934 0.08934 -2.41531 0.412377 
11 40000 25 1.88121 4.70477e-05 7.02493 0.217896 -3.09732e-06 0.200427 0.896693 1.08948 0.089482 -2.41372 0.413404 
11 40100 25 1.88592 4.70477e-05 7.02493 0.217947 -1.69419e-06 0.200424 0.896902 1.08974 0.0897359 -2.41088 0.414431 
11 40200 25 1.89062 4.70477e-05 7.02493 0.218005 -1.84581e-05 0.20042 0.897139 1.09002 0.0900243 -2.40768 0.415453 
11 40300 25 1.89533 4.70477e-05 7.02493 0.218003 -2.14287e-05 0.200422 0.897131 1.09001 0.0900144 -2.40779 0.416477 
11 40400 25 1.90003 4.70477e-05 7.02493 0.217974 -1.85261e-05 0.200422 0.897011 1.08987 0.0898678 -2.40942 0.417502 
11 40500 25 1.90474 4.70477e-05 7.02493 0.217938 -3.20311e-05 0.200427 0.896863 1.08969 0.0896887 -2.41141 0.418528 
11 40600 25 1.90944 4.70477e-05 7.02493 0.217959 -4.87065e-05 0.200427 0.896949 1.08979 0.0897932 -2.41025 0.419557 
11 40700 25 1.91415 4.70477e-05 7.02493 0.21797 -5.38899e-05 0.200428 0.896998 1.08985 0.0898523 -2.40959 0.420581 
11 40800 25 1.91885 4.70477e-05 7.02493 0.217957 -3.53033e-05 0.200428 0.896943 1.08979 0.0897863 -2.41032 0.421609 
11 40900 26 1.92353 4.70477e-05 7.02493 0.217952 -1.9675e-05 0.200428 0.896923 1.08976 0.0897615 -2.4106 0.422635 
11 41000 26 1.92823 4.70477e-05 7.02493 0.217896 -1.17113e-05 0.200431 0.896692 1.08948 0.0894805 -2.41373 0.423652 
11 41100 26 1.93294 4.70477e-05 7.02493 0.217908 -9.41192e-06 0.200427 0.896741 1.08954 0.0895399 -2.41307 0.424684 
11 41200 26 1.93764 4.70477e-05 7.02493 0.21789 -1.10066e-05 0.200427 0.896665 1.08945 0.0894476 -2.4141 0.42571 
11 41300 26 1.94235 4.70477e-05 7.02493 0.217851 -9.09325e-06 0.200429 0.896507 1.08926 0.0892557 -2.41625 0.426726 
11 41400 26 1.94705 4.70477e-05 7.02493 0.217818 6.81104e-06 0.200431 0.89637 1.08909 0.08909 -2.41811 0.427751 
11 41500 26 1.95176 4.70477e-05 7.02493 0.217828 1.98914e-05 0.200429 0.896411 1.08914 0.0891389 -2.41756 0.428777 
11 41600 26 1.95646 4.70477e-05 7.02493 0.217884 4.35058e-05 0.200429 0.896642 1.08942 0.0894198 -2.41441 0.42981 
11 41700 26 1.96117 4.70477e-05 7.02493 0.217909 4.56036e-05 0.200426 0.896744 1.08954 0.0895438 -2.41303 0.430826 
11 41800 26 1.96587 4.70477e-05 7.02493 0.21788 5.62823e-05 0.200427 0.896626 1.0894 0.0894002 -2.41463 0.431852 
11 41900 26 1.97058 4.70477e-05 7.02493 0.217882 7.2446e-05 0.20043 0.896634 1.08941 0.0894101 -2.41452 0.432885 
11 42000 26 1.97528 4.70477e-05 7.02493 0.217882 6.10719e-05 0.200432 0.896633 1.08941 0.0894092 -2.41453 0.433904 
11 42100 26 1.97999 4.70477e-05 7.02493 0.217866 5.93205e-05 0.200434 0.89657 1.08933 0.0893325 -2.41539 0.434935 
11 42200 26 1.98469 4.70477e-05 7.02493 0.217869 4.2554e-05 0.200431 0.89658 1.08934 0.0893443 -2.41526 0.43596 
11 42300 26 1.9894 4.70477e-05 7.02493 0.217872 2.79085e-05 0.200431 0.896593 1.08936 0.0893609 -2.41507 0.436979 
11 42400 26 1.9941 4.70477e-05 7.02493 0.217841 1.14984e-05 0.200432 0.896464 1.0892 0.0892039 -2.41683 0.438007 
11 42500 26 1.9988 4.70477e-05 7.02493 0.217797 2.99159e-06 0.200437 0.896284 1.08898 0.0889846 -2.41929 0.439033 
11 42600 27 2.00348 4.70477e-05 7.02493 0.217809 -3.09966e-06 0.200432 0.896334 1.08905 0.0890456 -2.41861 0.440059 
11 42700 27 2.00819 4.70477e-05 7.02493 0.217821 3.52104e-06 0.20043 0.896381 1.0891 0.0891028 -2.41797 0.441084 
11 42800 27 2.01289 4.70477e-05 7.02493 0.217805 3.88445e-06 0.200429 0.896317 1.08903 0.0890255 -2.41883 0.442107 
11 42900 27 2.0176 4.70477e-05 7.02493 0.217786 8.15563e-06 0.200432 0.896239 1.08893 0.0889305 -2.4199 0.443135 
11 43000 27 2.0223 4.70477e-05 7.02493 0.21782 9.21691e-06 0.20043 0.89638 1.0891 0.0891023 -2.41797 0.44416 
11 43100 27 2.02701 4.70477e-05 7.02493 0.217859 3.57407e-06 0.200429 0.89654 1.0893 0.0892958 -2.4158 0.445186 
11 43200 27 2.03171 4.70477e-05 7.02493 0.217884 8.5795e-06 0.200425 0.896641 1.08942 0.0894186 -2.41443 0.446208 
11 43300 27 2.03641 4.70477e-05 7.02493 0.217865 7.01694e-06 0.200428 0.896566 1.08933 0.0893271 -2.41545 0.447233 
11 43400 27 2.04112 4.70477e-05 7.02493 0.217835 1.01848e-05 0.200431 0.896439 1.08917 0.0891732 -2.41717 0.448257 
11 43500 27 2.04582 4.70477e-05 7.02493 0.217793 2.63272e-05 0.200436 0.896267 1.08896 0.0889643 -2.41952 0.449281 
11 43600 27 2.05053 4.70477e-05 7.02493 0.217792 2.99469e-05 0.200437 0.896265 1.08896 0.0889619 -2.41955 0.450305 
11 43700 27 2.05523 4.70477e-05 7.02493 0.217804 1.71224e-05 0.200435 0.896313 1.08902 0.0890199 -2.4189 0.451335 
11 43800 27 2.05994 4.70477e-05 7.02493 0.217837 2.35631e-05 0.200433 0.896447 1.08918 0.0891835 -2.41706 0.452361 
11 43900 27 2.06464 4.70477e-05 7.02493 0.217827 2.17741e-05 0.200434 0.896409 1.08914 0.0891368 -2.41758 0.453386 
11 44000 27 2.06935 4.70477e-05 7.02493 0.217804 1.04859e-05 0.200435 0.896314 1.08902 0.0890217 -2.41888 0.454411 
11 44100 27 2.07405 4.70477e-05 7.02493 0.217797 -1.76441e-05 0.200433 0.896284 1.08898 0.0889848 -2.41929 0.455432 
11 44200 27 2.07876 4.70477e-05 7.02493 0.217815 -2.56087e-05 0.200431 0.896358 1.08908 0.0890752 -2.41827 0.456458 
11 44300 28 2.08343 4.70477e-05 7.02493 0.217802 -2.33549e-05 0.200427 0.896305 1.08901 0.0890112 -2.41899 0.457475 
11 44400 28 2.08814 4.70477e-05 7.02493 0.217792 -3.30176e-06 0.20043 0.896263 1.08896 0.0889598 -2.41957 0.45851 
11 44500 28 2.09284 4.70477e-05 7.02493 0.217789 3.20631e-06 0.200431 0.896252 1.08895 0.0889458 -2.41973 0.459534 
11 44600 28 2.09755 4.70477e-05 7.02493 0.217801 7.23426e-06 0.20043 0.896302 1.08901 0.0890068 -2.41904 0.46056 
11 44700 28 2.10225 4.70477e-05 7.02493 0.217819 3.97827e-07 0.200427 0.896373 1.08909 0.0890933 -2.41807 0.461576 
11 44800 28 2.10696 4.70477e-05 7.02493 0.217812 1.68735e-06 0.200428 0.896347 1.08906 0.0890621 -2.41842 0.462599 
11 44900 28 2.11166 4.70477e-05 7.02493 0.217796 -2.77274e-06 0.200431 0.89628 1.08898 0.0889797 -2.41935 0.463634 
11 45000 28 2.11637 4.70477e-05 7.02493 0.2178 7.07034e-07 0.200433 0.896295 1.089 0.0889987 -2.41913 0.46465 
11 45100 28 2.12107 4.70477e-05 7.02493 0.217786 -1.29772e-06 0.200434 0.896238 1.08893 0.0889298 -2.41991 0.465681 
11 45200 28 2.12578 4.70477e-05 7.02493 0.217749 -5.56868e-06 0.200435 0.896086 1.08874 0.0887445 -2.42199 0.466708 
11 45300 28 2.13048 4.70477e-05 7.02493 0.217772 -8.7222e-06 0.200434 0.89618 1.08886 0.0888587 -2.42071 0.467727 
11 45400 28 2.13519 4.70477e-05 7.02493 0.217781 -1.20374e-05 0.200433 0.896217 1.0889 0.0889035 -2.4202 0.468757 
11 45500 28 2.13989 4.70477e-05 7.02493 0.217737 -1.22497e-05 0.200436 0.896039 1.08869 0.0886873 -2.42264 0.469781 
11 45600 28 2.1446 4.70477e-05 7.02493 0.21771 -2.50113e-05 0.200438 0.895927 1.08855 0.0885518 -2.42417 0.470807 
11 45700 28 2.1493 4.70477e-05 7.02493 0.217707 -2.55248e-05 0.200436 0.895914 1.08854 0.0885352 -2.42435 0.471829 
11 45800 28 2.15401 4.70477e-05 7.02493 0.217692 -3.79487e-05 0.200435 0.895851 1.08846 0.0884585 -2.42522 0.472852 
11 45900 28 2.15871 4.70477e-05 7.02493 0.217685 -2.83499e-05 0.200435 0.895823 1.08842 0.0884248 -2.4256 0.473878 
11 46000 29 2.16339 4.70477e-05 7.02493 0.217696 -1.59104e-05 0.200436 0.895867 1.08848 0.0884788 -2.42499 0.474903 
11 46100 29 2.16809 4.70477e-05 7.02493 0.217718 -6.76971e-06 0.200434 0.89596 1.08859 0.0885909 -2.42373 0.475928 
11 46200 29 2.1728 4.70477e-05 7.02493 0.217773 -1.50877e-05 0.200429 0.896187 1.08887 0.0888675 -2.42061 0.476951 
11 46300 29 2.1775 4.70477e-05 7.02493 0.2178 -2.8344e-05 0.200428 0.896296 1.089 0.0889994 -2.41913 0.477975 
11 46400 29 2.18221 4.70477e-05 7.02493 0.217763 -5.00393e-05 0.200431 0.896144 1.08882 0.0888152 -2.4212 0.478998 
11 46500 29 2.18691 4.70477e-05 7.02493 0.217742 -6.19828e-05 0.200434 0.896057 1.08871 0.0887092 -2.42239 0.480022 
11 46600 29 2.19162 4.70477e-05 7.02493 0.217729 -4.89877e-05 0.200435 0.896003 1.08864 0.0886439 -2.42313 0.481045 
11 46700 29 2.19632 4.70477e-05 7.02493 0.217745 -3.68898e-05 0.200435 0.896071 1.08873 0.088726 -2.4222 0.482075 
11 46800 29 2.20103 4.70477e-05 7.02493 0.217754 -2.52909e-05 0.200433 0.896108 1.08877 0.0887711 -2.42169 0.483093 
11 46900 29 2.20573 4.70477e-05 7.02493 0.217757 -1.07981e-05 0.200434 0.896119 1.08878 0.0887847 -2.42154 0.484126 
11 47000 29 2.21044 4.70477e-05 7.02493 0.217756 -1.32097e-05 0.200434 0.896116 1.08878 0.0887808 -2.42158 0.485149 
11 47100 29 2.21514 4.70477e-05 7.02493 0.217729 -9.8705e-06 0.200436 0.896003 1.08864 0.0886432 -2.42314 0.48617 
11 47200 29 2.21984 4.70477e-05 7.02493 0.217728 -7.09303e-06 0.200433 0.896002 1.08864 0.0886423 -2.42315 0.487193 
11 47300 29 2.22455 4.70477e-05 7.02493 0.217722 -7.89042e-06 0.200433 0.895975 1.08861 0.0886102 -2.42351 0.488213 
11 47400 29 2.22925 4.70477e-05 7.02493 0.217704 1.98284e-06 0.200433 0.8959 1.08852 0.0885181 -2.42455 0.48924 
11 47500 29 2.23396 4.70477e-05 7.02493 0.217704 1.3112e-05 0.200434 0.8959 1.08852 0.0885191 -2.42454 0.490269 
11 47600 29 2.23866 4.70477e-05 7.02493 0.217683 2.00195e-05 0.200434 0.895813 1.08841 0.0884128 -2.42574 0.491297 
11 47700 30 2.24334 4.70477e-05 7.02493 0.217708 1.72479e-05 0.200435 0.895919 1.08854 0.0885421 -2.42428 0.492315 
11 47800 30 2.24805 4.70477e-05 7.02493 0.217739 2.94573e-05 0.20043 0.896046 1.0887 0.0886954 -2.42255 0.493334 
11 47900 30 2.25275 4.70477e-05 7.02493 0.217715 2.70866e-05 0.200432 0.895947 1.08858 0.0885756 -2.4239 0.494369 
11 48000 30 2.25745 4.70477e-05 7.02493 0.217723 2.38255e-05 0.200436 0.895979 1.08861 0.088614 -2.42347 0.495392 
11 48100 30 2.26216 4.70477e-05 7.02493 0.217738 2.05095e-05 0.200435 0.896042 1.08869 0.0886908 -2.4226 0.496418 
11 48200 30 2.26686 4.70477e-05 7.02493 0.217724 4.99201e-05 0.200435 0.895982 1.08862 0.0886179 -2.42342 0.497441 
11 48300 30 2.27157 4.70477e-05 7.02493 0.217673 6.52599e-05 0.20044 0.895772 1.08836 0.088363 -2.4263 0.498466 
11 48400 30 2.27627 4.70477e-05 7.02493 0.217656 4.96263e-05 0.200439 0.895702 1.08828 0.0882783 -2.42726 0.499491 
11 48500 30 2.28098 4.70477e-05 7.02493 0.217639 3.71542e-05 0.200439 0.895635 1.0882 0.0881961 -2.42819 0.500514 
11 48600 30 2.28568 4.70477e-05 7.02493 0.217587 5.31304e-05 0.200444 0.895421 1.08794 0.0879366 -2.43114 0.501538 
11 48700 30 2.29039 4.70477e-05 7.02493 0.217609 5.22936e-05 0.200441 0.895512 1.08805 0.088047 -2.42988 0.50256 
11 48800 30 2.29509 4.70477e-05 7.02493 0.217626 4.6232e-05 0.200438 0.895582 1.08813 0.0881317 -2.42892 0.503585 
11 48900 30 2.2998 4.70477e-05 7.02493 0.217613 1.88238e-05 0.200437 0.895527 1.08806 0.0880649 -2.42968 0.504609 
11 49000 30 2.3045 4.70477e-05 7.02493 0.217655 5.53158e-06 0.200435 0.8957 1.08828 0.0882752 -2.4273 0.505635 
11 49100 30 2.30921 4.70477e-05 7.02493 0.217659 2.87567e-06 0.200436 0.895716 1.08829 0.0882945 -2.42708 0.506659 
11 49200 30 2.31391 4.70477e-05 7.02493 0.217685 -3.82345e-06 0.200434 0.895824 1.08843 0.0884258 -2.42559 0.507682 
11 49300 30 2.31862 4.70477e-05 7.02493 0.217726 -1.09338e-05 0.20043 0.895991 1.08863 0.0886287 -2.4233 0.508706 
11 49400 31 2.32329 4.70477e-05 7.02493 0.217722 -9.82817e-06 0.20043 0.895976 1.08861 0.0886106 -2.4235 0.509731 
11 49500 31 2.328 4.70477e-05 7.02493 0.217704 8.13415e-07 0.200433 0.8959 1.08852 0.088518 -2.42455 0.510757 
11 49600 31 2.3327 4.70477e-05 7.02493 0.21768 -9.96156e-06 0.200436 0.895802 1.0884 0.0883988 -2.4259 0.51178 
11 49700 31 2.33741 4.70477e-05 7.02493 0.21769 7.13139e-06 0.200436 0.895842 1.08845 0.0884486 -2.42533 0.512805 
11 49800 31 2.34211 4.70477e-05 7.02493 0.21768 1.18274e-05 0.200437 0.895805 1.0884 0.0884025 -2.42586 0.513829 
11 49900 31 2.34682 4.70477e-05 7.02493 0.217676 1.68775e-05 0.200436 0.895786 1.08838 0.0883805 -2.4261 0.514854 
11 50000 31 2.35152 4.70477e-05 7.02493 0.217667 1.01563e-05 0.200437 0.895749 1.08834 0.0883354 -2.42661 0.515876 
11 50100 31 2.35623 4.70477e-05 7.02493 0.217636 8.92308e-06 0.20044 0.89562 1.08818 0.0881788 -2.42839 0.516902 
11 50200 31 2.36093 4.70477e-05 7.02493 0.217618 -1.41601e-06 0.200441 0.895548 1.08809 0.0880903 -2.42939 0.517927 
11 50300 31 2.36564 4.70477e-05 7.02493 0.217635 -7.46281e-06 0.200438 0.895616 1.08817 0.0881734 -2.42845 0.518949 
11 50400 31 2.37034 4.70477e-05 7.02493 0.217603 -1.39397e-05 0.200438 0.895486 1.08802 0.088016 -2.43024 0.519972 
11 50500 31 2.37505 4.70477e-05 7.02493 0.217572 -2.10867e-05 0.200439 0.89536 1.08786 0.0878624 -2.43198 0.520996 
11 50600 31 2.37975 4.70477e-05 7.02493 0.217571 -2.18292e-05 0.20044 0.895354 1.08785 0.0878548 -2.43207 0.522021 
11 50700 31 2.38446 4.70477e-05 7.02493 0.217598 -2.97015e-05 0.200438 0.895464 1.08799 0.0879893 -2.43054 0.52304 
11 50800 31 2.38916 4.70477e-05 7.02493 0.217613 -3.36741e-05 0.200437 0.895527 1.08806 0.0880649 -2.42968 0.524067 
11 50900 31 2.39386 4.70477e-05 7.02493 0.217618 -1.22368e-05 0.200434 0.895546 1.08809 0.0880887 -2.42941 0.525086 
11 51000 31 2.39857 4.70477e-05 7.02493 0.21758 1.33446e-06 0.200438 0.895389 1.0879 0.0878981 -2.43158 0.526114 
11 51100 32 2.40325 4.70477e-05 7.02493 0.217575 1.81373e-05 0.200443 0.895369 1.08787 0.0878738 -2.43185 0.527139 
11 51200 32 2.40795 4.70477e-05 7.02493 0.217599 1.41485e-05 0.200443 0.895471 1.088 0.0879971 -2.43045 0.528163 
11 51300 32 2.41266 4.70477e-05 7.02493 0.217617 2.43702e-06 0.200439 0.895544 1.08809 0.0880857 -2.42945 0.529187 
11 51400 32 2.41736 4.70477e-05 7.02493 0.217572 -2.02369e-05 0.20044 0.895356 1.08786 0.0878578 -2.43204 0.53021 
11 51500 32 2.42207 4.70477e-05 7.02493 0.217544 -3.8961e-05 0.200443 0.895244 1.08772 0.0877215 -2.43359 0.531234 
11 51600 32 2.42677 4.70477e-05 7.02493 0.217523 -2.94878e-05 0.200446 0.895156 1.08761 0.0876144 -2.43481 0.532257 
11 51700 32 2.43147 4.70477e-05 7.02493 0.217492 -3.58971e-05 0.200447 0.895028 1.08746 0.0874595 -2.43658 0.53328 
11 51800 32 2.43618 4.70477e-05 7.02493 0.217496 -3.41909e-05 0.200445 0.895043 1.08748 0.0874777 -2.43637 0.534303 
11 51900 32 2.44088 4.70477e-05 7.02493 0.217505 -2.90969e-05 0.200443 0.895083 1.08753 0.0875253 -2.43583 0.535327 
11 52000 32 2.44559 4.70477e-05 7.02493 0.217495 -2.05482e-05 0.200441 0.895043 1.08748 0.0874774 -2.43637 0.536351 
11 52100 32 2.45029 4.70477e-05 7.02493 0.217513 -2.52726e-05 0.20044 0.895115 1.08756 0.0875646 -2.43538 0.537377 
11 52200 32 2.455 4.70477e-05 7.02493 0.217527 -1.53669e-05 0.20044 0.895171 1.08763 0.0876331 -2.4346 0.538399 
11 52300 32 2.4597 4.70477e-05 7.02493 0.217592 -1.4877e-05 0.200435 0.89544 1.08796 0.0879598 -2.43088 0.539422 
11 52400 32 2.46441 4.70477e-05 7.02493 0.217638 -1.15205e-05 0.200432 0.895631 1.08819 0.0881913 -2.42825 0.540447 
11 52500 32 2.46911 4.70477e-05 7.02493 0.217624 -4.66234e-06 0.200433 0.89557 1.08812 0.0881176 -2.42908 0.541466 
11 52600 32 2.47382 4.70477e-05 7.02493 0.217583 -3.93869e-06 0.200437 0.895402 1.08791 0.0879137 -2.4314 0.542489 
11 52700 32 2.47852 4.70477e-05 7.02493 0.217584 -8.699e-06 0.20044 0.895408 1.08792 0.0879208 -2.43132 0.543518 
11 52800 33 2.4832 4.70477e-05 7.02493 0.217612 -1.21193e-05 0.200436 0.895522 1.08806 0.0880587 -2.42975 0.544539 
11 52900 33 2.4879 4.70477e-05 7.02493 0.21761 -5.63946e-06 0.200436 0.895513 1.08805 0.0880483 -2.42987 0.545567 
11 53000 33 2.49261 4.70477e-05 7.02493 0.217602 1.30729e-06 0.200437 0.895481 1.08801 0.0880098 -2.43031 0.54659 
11 53100 33 2.49731 4.70477e-05 7.02493 0.217582 1.65268e-07 0.200438 0.895397 1.08791 0.0879078 -2.43147 0.547613 
11 53200 33 2.50202 4.70477e-05 7.02493 0.217552 1.07371e-05 0.200442 0.895274 1.08776 0.087758 -2.43317 0.548638 
11 53300 33 2.50672 4.70477e-05 7.02493 0.21755 1.3106e-05 0.200439 0.895266 1.08775 0.0877482 -2.43328 0.549656 
11 53400 33 2.51143 4.70477e-05 7.02493 0.217552 1.60654e-05 0.200438 0.895276 1.08776 0.0877598 -2.43315 0.550675 
11 53500 33 2.51613 4.70477e-05 7.02493 0.217561 2.43031e-05 0.200436 0.895314 1.08781 0.0878062 -2.43262 0.551703 
11 53600 33 2.52084 4.70477e-05 7.02493 0.217536 1.20205e-05 0.200438 0.89521 1.08768 0.0876797 -2.43407 0.552723 
11 53700 33 2.52554 4.70477e-05 7.02493 0.217517 1.58008e-05 0.20044 0.895133 1.08759 0.0875865 -2.43513 0.553755 
11 53800 33 2.53025 4.70477e-05 7.02493 0.21753 1.55263e-05 0.20044 0.895185 1.08765 0.0876503 -2.4344 0.554769 
11 53900 33 2.53495 4.70477e-05 7.02493 0.217546 1.13279e-05 0.200439 0.895251 1.08773 0.0877295 -2.4335 0.555803 
11 54000 33 2.53966 4.70477e-05 7.02493 0.217522 1.42081e-05 0.20044 0.895154 1.08761 0.087612 -2.43484 0.556822 
11 54100 33 2.54436 4.70477e-05 7.02493 0.217546 1.09946e-05 0.20044 0.895249 1.08773 0.0877276 -2.43352 0.55785 
11 54200 33 2.54907 4.70477e-05 7.02493 0.217564 -1.10494e-05 0.200441 0.895326 1.08782 0.0878213 -2.43245 0.558872 
11 54300 33 2.55377 4.70477e-05 7.02493 0.217564 -1.58915e-05 0.200442 0.895324 1.08782 0.0878183 -2.43249 0.559896 
11 54400 33 2.55848 4.70477e-05 7.02493 0.217544 -2.26906e-05 0.200442 0.895245 1.08772 0.0877223 -2.43358 0.560919 
11 54500 34 2.56315 4.70477e-05 7.02493 0.217505 -3.68429e-05 0.200444 0.895082 1.08752 0.0875244 -2.43584 0.561943 
11 54600 34 2.56786 4.70477e-05 7.02493 0.217453 -3.58866e-05 0.200447 0.894868 1.08726 0.0872649 -2.43881 0.562966 
11 54700 34 2.57256 4.70477e-05 7.02493 0.217406 -6.20877e-05 0.200453 0.894675 1.08703 0.0870295 -2.44151 0.563989 
11 54800 34 2.57727 4.70477e-05 7.02493 0.217423 -5.32302e-05 0.20045 0.894746 1.08712 0.0871163 -2.44051 0.565012 
11 54900 34 2.58197 4.70477e-05 7.02493 0.217442 -5.54608e-05 0.200446 0.894821 1.08721 0.0872077 -2.43946 0.566036 
11 55000 34 2.58668 4.70477e-05 7.02493 0.217473 -4.4695e-05 0.200441 0.89495 1.08736 0.0873644 -2.43767 0.56706 
11 55100 34 2.59138 4.70477e-05 7.02493 0.21751 -3.27679e-05 0.200439 0.895104 1.08755 0.0875518 -2.43553 0.568082 
11 55200 34 2.59609 4.70477e-05 7.02493 0.217509 -2.70133e-05 0.20044 0.895098 1.08754 0.087544 -2.43561 0.569108 
11 55300 34 2.60079 4.70477e-05 7.02493 0.217537 -2.99728e-05 0.200438 0.895216 1.08769 0.0876873 -2.43398 0.570129 
11 55400 34 2.6055 4.70477e-05 7.02493 0.217567 -2.6875e-05 0.200435 0.895337 1.08783 0.0878343 -2.4323 0.571153 
11 55500 34 2.6102 4.70477e-05 7.02493 0.217562 -6.10014e-06 0.200436 0.895315 1.08781 0.0878082 -2.4326 0.572173 
11 55600 34 2.6149 4.70477e-05 7.02493 0.217532 -7.82969e-06 0.200437 0.895193 1.08766 0.0876591 -2.4343 0.573197 
11 55700 34 2.61961 4.70477e-05 7.02493 0.21752 -6.92165e-06 0.200441 0.895142 1.0876 0.0875978 -2.435 0.574224 
11 55800 34 2.62431 4.70477e-05 7.02493 0.217544 -1.62413e-05 0.20044 0.895244 1.08772 0.0877221 -2.43358 0.575248 
11 55900 34 2.62902 4.70477e-05 7.02493 0.21758 -1.58072e-05 0.200437 0.895391 1.0879 0.0878997 -2.43156 0.576264 
11 56000 34 2.63372 4.70477e-05 7.02493 0.21755 -1.54845e-05 0.200439 0.895268 1.08775 0.0877506 -2.43326 0.577295 
11 56100 34 2.63843 4.70477e-05 7.02493 0.217547 -8.95481e-06 0.20044 0.895253 1.08773 0.0877328 -2.43346 0.578315 
11 56200 35 2.64311 4.70477e-05 7.02493 0.217509 3.72393e-06 0.200443 0.895097 1.08754 0.0875433 -2.43562 0.579341 
11 56300 35 2.64781 4.70477e-05 7.02493 0.217448 1.19418e-05 0.200447 0.894846 1.08724 0.0872378 -2.43912 0.580365 
11 56400 35 2.65251 4.70477e-05 7.02493 0.217433 1.10501e-05 0.200445 0.894787 1.08717 0.0871664 -2.43994 0.581379 
11 56500 35 2.65722 4.70477e-05 7.02493 0.217414 1.39221e-05 0.200445 0.894706 1.08707 0.0870677 -2.44107 0.582401 
11 56600 35 2.66192 4.70477e-05 7.02493 0.217416 5.2745e-06 0.200444 0.894717 1.08708 0.0870814 -2.44091 0.583432 
11 56700 35 2.66663 4.70477e-05 7.02493 0.217435 -3.01619e-06 0.200444 0.894794 1.08717 0.0871745 -2.43984 0.584459 
11 56800 35 2.67133 4.70477e-05 7.02493 0.217433 -2.09077e-06 0.200444 0.894786 1.08716 0.0871647 -2.43996 0.585471 
11 56900 35 2.67604 4.70477e-05 7.02493 0.217433 -1.15884e-05 0.200443 0.894786 1.08716 0.0871646 -2.43996 0.586496 
11 57000 35 2.68074 4.70477e-05 7.02493 0.217464 -2.74911e-06 0.200441 0.894914 1.08732 0.087321 -2.43816 0.587527 
11 57100 35 2.68545 4.70477e-05 7.02493 0.217462 8.3958e-08 0.200441 0.894904 1.08731 0.0873079 -2.43831 0.588543 
11 57200 35 2.69015 4.70477e-05 7.02493 0.217468 5.46477e-06 0.200444 0.894929 1.08734 0.0873387 -2.43796 0.589571 
11 57300 35 2.69486 4.70477e-05 7.02493 0.217475 -1.07667e-05 0.200443 0.894959 1.08738 0.0873751 -2.43755 0.590595 
11 57400 35 2.69956 4.70477e-05 7.02493 0.217516 3.86559e-06 0.200439 0.895126 1.08758 0.0875783 -2.43522 0.591619 
11 57500 35 2.70427 4.70477e-05 7.02493 0.217477 8.62072e-06 0.200441 0.894966 1.08738 0.0873838 -2.43745 0.592643 
11 57600 35 2.70897 4.70477e-05 7.02493 0.217441 -2.97848e-06 0.200443 0.894821 1.08721 0.087207 -2.43947 0.593665 
11 57700 35 2.71368 4.70477e-05 7.02493 0.217398 -3.48683e-05 0.20045 0.894643 1.08699 0.0869911 -2.44195 0.59469 
11 57800 35 2.71838 4.70477e-05 7.02493 0.217417 -4.46285e-05 0.200446 0.894721 1.08709 0.0870866 -2.44085 0.595714 
11 57900 36 2.72306 4.70477e-05 7.02493 0.21741 -4.57528e-05 0.200444 0.894693 1.08705 0.0870523 -2.44125 0.596734 
11 58000 36 2.72776 4.70477e-05 7.02493 0.217407 -3.69378e-05 0.200444 0.894678 1.08703 0.0870336 -2.44146 0.597758 
11 58100 36 2.73247 4.70477e-05 7.02493 0.217446 -2.92363e-05 0.20044 0.894839 1.08723 0.0872294 -2.43921 0.598781 
11 58200 36 2.73717 4.70477e-05 7.02493 0.21746 -2.49879e-05 0.20044 0.894898 1.0873 0.087301 -2.43839 0.599807 
11 58300 36 2.74188 4.70477e-05 7.02493 0.217455 -2.00504e-05 0.20044 0.894875 1.08727 0.0872727 -2.43872 0.600825 
11 58400 36 2.74658 4.70477e-05 7.02493 0.217466 -1.85782e-05 0.20044 0.894923 1.08733 0.0873316 -2.43804 0.601847 
11 58500 36 2.75129 4.70477e-05 7.02493 0.217473 -2.28325e-05 0.200438 0.894951 1.08737 0.0873657 -2.43765 0.602872 
11 58600 36 2.75599 4.70477e-05 7.02493 0.21743 -3.4286e-05 0.200442 0.894774 1.08715 0.0871504 -2.44012 0.603896 
11 58700 36 2.7607 4.70477e-05 7.02493 0.217393 -1.21344e-05 0.200447 0.89462 1.08696 0.0869628 -2.44227 0.604919 
11 58800 36 2.7654 4.70477e-05 7.02493 0.21743 -1.28954e-05 0.200445 0.894775 1.08715 0.0871518 -2.4401 0.605945 
11 58900 36 2.77011 4.70477e-05 7.02493 0.217491 -9.83941e-06 0.20044 0.895024 1.08745 0.0874543 -2.43664 0.606967 
11 59000 36 2.77481 4.70477e-05 7.02493 0.217494 -1.79543e-06 0.20044 0.895035 1.08747 0.087468 -2.43648 0.607992 
11 59100 36 2.77952 4.70477e-05 7.02493 0.217474 -3.56584e-06 0.20044 0.894953 1.08737 0.0873685 -2.43762 0.609015 
11 59200 36 2.78422 4.70477e-05 7.02493 0.217464 -1.09252e-05 0.200443 0.894914 1.08732 0.0873211 -2.43816 0.610035 
11 59300 36 2.78892 4.70477e-05 7.02493 0.217456 2.94696e-07 0.200441 0.894879 1.08728 0.087278 -2.43866 0.611058 
11 59400 36 2.79363 4.70477e-05 7.02493 0.217445 5.03491e-06 0.20044 0.894835 1.08723 0.0872251 -2.43926 0.612074 
11 59500 36 2.79833 4.70477e-05 7.02493 0.217436 1.67097e-05 0.20044 0.894798 1.08718 0.0871797 -2.43978 0.613102 
11 59600 37 2.80301 4.70477e-05 7.02493 0.217463 3.27569e-05 0.200438 0.894908 1.08731 0.0873127 -2.43826 0.614126 
11 59700 37 2.80772 4.70477e-05 7.02493 0.217482 4.90866e-05 0.200437 0.894987 1.08741 0.0874096 -2.43715 0.615155 
11 59800 37 2.81242 4.70477e-05 7.02493 0.21745 4.99088e-05 0.200439 0.894857 1.08725 0.0872514 -2.43896 0.616176 
11 59900 37 2.81713 4.70477e-05 7.02493 0.217447 6.46594e-05 0.20044 0.894844 1.08724 0.0872354 -2.43914 0.61719 
11 60000 37 2.82183 4.70477e-05 7.02493 0.217444 6.35829e-05 0.200439 0.894832 1.08722 0.0872209 -2.43931 0.618222 
11 60100 37 2.82653 4.70477e-05 7.02493 0.217422 5.76034e-05 0.20044 0.894742 1.08711 0.087111 -2.44057 0.619237 
11 60200 37 2.83124 4.70477e-05 7.02493 0.217405 4.56042e-05 0.200442 0.894672 1.08703 0.087027 -2.44154 0.620261 
11 60300 37 2.83594 4.70477e-05 7.02493 0.217395 4.64947e-05 0.200445 0.894631 1.08698 0.0869764 -2.44212 0.621288 
11 60400 37 2.84065 4.70477e-05 7.02493 0.217433 1.89685e-05 0.200442 0.894785 1.08716 0.0871642 -2.43996 0.622309 
11 60500 37 2.84535 4.70477e-05 7.02493 0.217415 1.72962e-05 0.200442 0.894713 1.08708 0.0870762 -2.44097 0.623332 
11 60600 37 2.85006 4.70477e-05 7.02493 0.217383 -7.68907e-06 0.200444 0.894582 1.08692 0.0869167 -2.44281 0.624361 
11 60700 37 2.85476 4.70477e-05 7.02493 0.217352 -1.0924e-05 0.200448 0.894454 1.08676 0.0867615 -2.44459 0.625384 
11 60800 37 2.85947 4.70477e-05 7.02493 0.217371 -1.06555e-05 0.200447 0.894529 1.08685 0.0868531 -2.44354 0.626406 
11 60900 37 2.86417 4.70477e-05 7.02493 0.217394 3.91036e-06 0.200442 0.894624 1.08697 0.0869683 -2.44221 0.627426 
11 61000 37 2.86888 4.70477e-05 7.02493 0.217398 6.54325e-06 0.20044 0.89464 1.08699 0.0869878 -2.44199 0.628451 
11 61100 37 2.87358 4.70477e-05 7.02493 0.217412 9.82445e-06 0.200438 0.894698 1.08706 0.0870582 -2.44118 0.629473 
11 61200 37 2.87829 4.70477e-05 7.02493 0.217465 2.46919e-05 0.200436 0.894918 1.08733 0.0873252 -2.43812 0.630498 
11 61300 38 2.88296 4.70477e-05 7.02493 0.217436 3.03118e-05 0.200438 0.894797 1.08718 0.0871783 -2.4398 0.631521 
11 61400 38 2.88767 4.70477e-05 7.02493 0.217392 3.62529e-05 0.20044 0.894617 1.08696 0.0869602 -2.4423 0.63254 
11 61500 38 2.89237 4.70477e-05 7.02493 0.217402 3.45151e-05 0.20044 0.894658 1.08701 0.087009 -2.44174 0.633564 
11 61600 38 2.89708 4.70477e-05 7.02493 0.217381 3.00152e-05 0.200442 0.894571 1.0869 0.0869035 -2.44296 0.634588 
