11 0 1 0 2.66735e-05 7.02493 0.22101 0 0.200023 0.909508 1.10505 0.105052 -2.2533 7.50531e-07 
11 100 2 0.0052947 5.33471e-05 7.02493 0.220858 -8.67289e-10 0.20616 0.908879 1.10429 0.104288 -2.2606 0.00116155 
11 200 2 0.0106294 5.33471e-05 7.02493 0.22105 -1.73775e-08 0.21021 0.90967 1.10525 0.10525 -2.25142 0.00234837 
11 300 2 0.0159641 5.33471e-05 7.02493 0.221281 -6.16863e-09 0.212781 0.910622 1.10641 0.106406 -2.2405 0.00352721 
11 400 2 0.0212988 5.33471e-05 7.02493 0.221513 -6.81503e-08 0.214282 0.911578 1.10757 0.107567 -2.22964 0.00470939 
11 500 2 0.0266335 5.33471e-05 7.02493 0.221717 -1.82269e-08 0.21483 0.912416 1.10859 0.108586 -2.22022 0.00589233 
11 600 2 0.0319682 5.33471e-05 7.02493 0.221891 3.22687e-07 0.214726 0.913132 1.10946 0.109456 -2.21224 0.00707484 
11 700 2 0.037303 5.33471e-05 7.02493 0.222045 1.70777e-06 0.214206 0.913764 1.11022 0.110223 -2.20525 0.00825962 
11 800 2 0.0426377 5.33471e-05 7.02493 0.22217 1.48377e-06 0.213442 0.914281 1.11085 0.110852 -2.19956 0.00944413 
11 900 2 0.0479724 5.33471e-05 7.02493 0.222269 -1.64373e-06 0.212533 0.914688 1.11135 0.111346 -2.19511 0.0106302 
11 1000 2 0.0533071 5.33471e-05 7.02493 0.222358 -1.26362e-06 0.211584 0.915052 1.11179 0.111788 -2.19115 0.0118159 
11 1100 2 0.0586418 5.33471e-05 7.02493 0.22242 -4.82244e-06 0.210639 0.915308 1.1121 0.112099 -2.18837 0.0130028 
11 1200 2 0.0639765 5.33471e-05 7.02493 0.222476 -5.77182e-06 0.209719 0.915539 1.11238 0.11238 -2.18587 0.0141888 
11 1300 2 0.0693112 5.33471e-05 7.02493 0.222514 -4.93956e-06 0.208834 0.915695 1.11257 0.112569 -2.18419 0.0153762 
11 1400 2 0.0746459 5.33471e-05 7.02493 0.222545 -3.68751e-06 0.208015 0.915822 1.11272 0.112724 -2.18281 0.0165628 
11 1500 2 0.0799806 5.33471e-05 7.02493 0.222561 -2.4626e-06 0.207257 0.915888 1.1128 0.112803 -2.18211 0.0177501 
11 1600 3 0.0852814 5.33471e-05 7.02493 0.222567 -1.7887e-06 0.206561 0.915915 1.11284 0.112837 -2.18181 0.0189374 
11 1700 3 0.0906161 5.33471e-05 7.02493 0.222565 -1.26721e-06 0.205931 0.915907 1.11283 0.112827 -2.1819 0.0201242 
11 1800 3 0.0959508 5.33471e-05 7.02493 0.222576 -8.35185e-07 0.205377 0.915949 1.11288 0.112878 -2.18144 0.0213118 
11 1900 3 0.101285 5.33471e-05 7.02493 0.222567 -2.68683e-08 0.204871 0.915914 1.11284 0.112836 -2.18182 0.022499 
11 2000 3 0.10662 5.33471e-05 7.02493 0.222541 3.22555e-07 0.20442 0.915808 1.11271 0.112707 -2.18296 0.0236861 
11 2100 3 0.111955 5.33471e-05 7.02493 0.222533 4.46735e-07 0.204026 0.915772 1.11266 0.112663 -2.18335 0.0248735 
11 2200 3 0.11729 5.33471e-05 7.02493 0.222531 4.05984e-07 0.203688 0.915765 1.11265 0.112654 -2.18343 0.0260603 
11 2300 3 0.122624 5.33471e-05 7.02493 0.222512 5.09209e-07 0.203374 0.915687 1.11256 0.112559 -2.18428 0.0272474 
11 2400 3 0.127959 5.33471e-05 7.02493 0.222476 1.43798e-07 0.203082 0.915538 1.11238 0.112378 -2.18588 0.0284347 
11 2500 3 0.133294 5.33471e-05 7.02493 0.222468 -8.20682e-06 0.202824 0.915507 1.11234 0.112341 -2.18622 0.0296212 
11 2600 3 0.138628 5.33471e-05 7.02493 0.222457 -8.70199e-07 0.202598 0.915461 1.11229 0.112285 -2.18671 0.0308081 
11 2700 3 0.143963 5.33471e-05 7.02493 0.222426 3.11845e-06 0.202389 0.915332 1.11213 0.112129 -2.18811 0.0319952 
11 2800 3 0.149298 5.33471e-05 7.02493 0.222388 8.24572e-06 0.202181 0.915175 1.11194 0.111938 -2.18981 0.0331822 
11 2900 3 0.154633 5.33471e-05 7.02493 0.222373 1.3131e-05 0.202014 0.915114 1.11186 0.111863 -2.19048 0.0343672 
11 3000 3 0.159967 5.33471e-05 7.02493 0.222352 9.35682e-06 0.201862 0.915029 1.11176 0.11176 -2.1914 0.035555 
11 3100 4 0.165281 5.33471e-05 7.02493 0.222338 7.5856e-07 0.201723 0.914969 1.11169 0.111688 -2.19205 0.0367396 
11 3200 4 0.170616 5.33471e-05 7.02493 0.222329 -1.3011e-05 0.2016 0.914933 1.11164 0.111643 -2.19245 0.0379262 
11 3300 4 0.175951 5.33471e-05 7.02493 0.222284 -1.65014e-05 0.20148 0.914748 1.11142 0.111419 -2.19446 0.0391104 
11 3400 4 0.181285 5.33471e-05 7.02493 0.222265 -2.11118e-05 0.201388 0.914669 1.11132 0.111323 -2.19532 0.0402972 
11 3500 4 0.18662 5.33471e-05 7.02493 0.222255 -1.65961e-05 0.2013 0.914629 1.11127 0.111274 -2.19576 0.0414822 
11 3600 4 0.191955 5.33471e-05 7.02493 0.222249 -1.14025e-05 0.201218 0.914606 1.11125 0.111247 -2.19601 0.042665 
11 3700 4 0.19729 5.33471e-05 7.02493 0.22222 1.90357e-06 0.201141 0.914485 1.1111 0.111099 -2.19734 0.0438531 
11 3800 4 0.202624 5.33471e-05 7.02493 0.222176 5.02516e-06 0.201071 0.914303 1.11088 0.110878 -2.19932 0.0450387 
11 3900 4 0.207959 5.33471e-05 7.02493 0.222144 9.67286e-06 0.201005 0.914175 1.11072 0.110722 -2.20073 0.0462232 
11 4000 4 0.213294 5.33471e-05 7.02493 0.222133 -6.56511e-06 0.200954 0.914128 1.11066 0.110665 -2.20125 0.0474105 
11 4100 4 0.218628 5.33471e-05 7.02493 0.222114 -2.74559e-05 0.200915 0.914047 1.11057 0.110568 -2.20213 0.0485939 
11 4200 4 0.223963 5.33471e-05 7.02493 0.222084 -3.32995e-05 0.20088 0.913925 1.11042 0.110419 -2.20348 0.0497761 
11 4300 4 0.229298 5.33471e-05 7.02493 0.22205 -2.27194e-05 0.200832 0.913786 1.11025 0.110251 -2.205 0.0509625 
11 4400 4 0.234633 5.33471e-05 7.02493 0.221987 -1.81427e-05 0.200799 0.913528 1.10994 0.109936 -2.20786 0.0521458 
11 4500 4 0.239967 5.33471e-05 7.02493 0.221957 -1.02612e-05 0.200767 0.913404 1.10979 0.109786 -2.20922 0.0533298 
11 4600 5 0.245281 5.33471e-05 7.02493 0.221945 -3.06823e-06 0.200739 0.913354 1.10973 0.109725 -2.20978 0.054515 
11 4700 5 0.250616 5.33471e-05 7.02493 0.221923 5.22415e-07 0.200714 0.913265 1.10962 0.109617 -2.21077 0.0556984 
11 4800 5 0.255951 5.33471e-05 7.02493 0.221908 3.2297e-06 0.200688 0.913202 1.10954 0.10954 -2.21146 0.0568839 
11 4900 5 0.261285 5.33471e-05 7.02493 0.221894 4.69814e-06 0.200672 0.913143 1.10947 0.109469 -2.21212 0.05807 
11 5000 5 0.26662 5.33471e-05 7.02493 0.221877 8.99233e-06 0.200654 0.913073 1.10938 0.109383 -2.2129 0.0592527 
11 5100 5 0.271955 5.33471e-05 7.02493 0.221852 1.13503e-05 0.200639 0.912973 1.10926 0.109262 -2.21401 0.0604342 
11 5200 5 0.27729 5.33471e-05 7.02493 0.221801 1.13839e-05 0.200622 0.912763 1.10901 0.109007 -2.21634 0.0616183 
11 5300 5 0.282624 5.33471e-05 7.02493 0.221761 3.93104e-06 0.200607 0.912598 1.10881 0.108807 -2.21818 0.0628085 
11 5400 5 0.287959 5.33471e-05 7.02493 0.22171 -2.06545e-06 0.200599 0.912387 1.10855 0.10855 -2.22054 0.0639845 
11 5500 5 0.293294 5.33471e-05 7.02493 0.221715 -5.52616e-06 0.200583 0.912408 1.10858 0.108576 -2.22031 0.065167 
11 5600 5 0.298628 5.33471e-05 7.02493 0.221721 -4.38644e-06 0.200567 0.912434 1.10861 0.108607 -2.22002 0.0663496 
11 5700 5 0.303963 5.33471e-05 7.02493 0.221724 -2.28447e-06 0.200551 0.912445 1.10862 0.108621 -2.21989 0.0675343 
11 5800 5 0.309298 5.33471e-05 7.02493 0.221714 7.88564e-06 0.200541 0.912403 1.10857 0.10857 -2.22036 0.068718 
11 5900 5 0.314633 5.33471e-05 7.02493 0.221672 7.39302e-06 0.200532 0.912231 1.10836 0.10836 -2.2223 0.0698988 
11 6000 5 0.319967 5.33471e-05 7.02493 0.22163 7.44874e-06 0.200523 0.912057 1.10815 0.108149 -2.22424 0.0710824 
11 6100 6 0.325281 5.33471e-05 7.02493 0.221598 2.62849e-06 0.20052 0.911927 1.10799 0.107992 -2.2257 0.0722632 
11 6200 6 0.330616 5.33471e-05 7.02493 0.221604 -1.65953e-06 0.200512 0.911952 1.10802 0.108022 -2.22542 0.0734436 
11 6300 6 0.335951 5.33471e-05 7.02493 0.221617 -1.66376e-06 0.200508 0.912004 1.10808 0.108085 -2.22484 0.0746248 
11 6400 6 0.341285 5.33471e-05 7.02493 0.221592 -1.1073e-05 0.200502 0.911901 1.10796 0.10796 -2.226 0.0758089 
11 6500 6 0.34662 5.33471e-05 7.02493 0.221572 -9.23214e-06 0.200494 0.911819 1.10786 0.10786 -2.22692 0.0769934 
11 6600 6 0.351955 5.33471e-05 7.02493 0.221558 -8.98454e-06 0.200485 0.911761 1.10779 0.10779 -2.22757 0.0781747 
11 6700 6 0.35729 5.33471e-05 7.02493 0.22156 -7.23593e-06 0.200475 0.91177 1.1078 0.1078 -2.22748 0.0793589 
11 6800 6 0.362624 5.33471e-05 7.02493 0.221558 -9.27289e-06 0.200464 0.911763 1.10779 0.107792 -2.22755 0.0805436 
11 6900 6 0.367959 5.33471e-05 7.02493 0.221515 -6.51259e-06 0.200458 0.911584 1.10757 0.107575 -2.22957 0.0817233 
11 7000 6 0.373294 5.33471e-05 7.02493 0.221445 -1.0348e-05 0.200457 0.911297 1.10723 0.107226 -2.23282 0.0829019 
11 7100 6 0.378628 5.33471e-05 7.02493 0.22142 -8.94906e-06 0.200452 0.911195 1.1071 0.107101 -2.23398 0.0840807 
11 7200 6 0.383963 5.33471e-05 7.02493 0.221391 -5.69841e-06 0.20045 0.911074 1.10696 0.106955 -2.23535 0.0852642 
11 7300 6 0.389298 5.33471e-05 7.02493 0.221367 -1.28674e-07 0.200449 0.910977 1.10684 0.106837 -2.23645 0.0864431 
11 7400 6 0.394633 5.33471e-05 7.02493 0.221327 -7.3298e-07 0.200445 0.910809 1.10663 0.106633 -2.23837 0.0876236 
11 7500 6 0.399967 5.33471e-05 7.02493 0.221304 4.42007e-06 0.200442 0.910714 1.10652 0.106518 -2.23944 0.0888039 
11 7600 7 0.405281 5.33471e-05 7.02493 0.221282 7.99369e-07 0.20044 0.910627 1.10641 0.106411 -2.24044 0.0899899 
11 7700 7 0.410616 5.33471e-05 7.02493 0.221272 1.12234e-05 0.200434 0.910585 1.10636 0.106361 -2.24091 0.0911725 
11 7800 7 0.415951 5.33471e-05 7.02493 0.221269 3.07936e-06 0.200428 0.910574 1.10635 0.106347 -2.24104 0.0923509 
11 7900 7 0.421285 5.33471e-05 7.02493 0.221229 7.88217e-06 0.200425 0.910409 1.10615 0.106147 -2.24293 0.0935275 
11 8000 7 0.42662 5.33471e-05 7.02493 0.221244 8.55247e-06 0.200418 0.910471 1.10622 0.106222 -2.24222 0.0947088 
11 8100 7 0.431955 5.33471e-05 7.02493 0.221289 7.25083e-06 0.200415 0.910653 1.10644 0.106444 -2.24014 0.0958928 
11 8200 7 0.43729 5.33471e-05 7.02493 0.22128 6.32681e-06 0.200409 0.910619 1.1064 0.106402 -2.24053 0.0970676 
11 8300 7 0.442624 5.33471e-05 7.02493 0.221248 3.6193e-06 0.200407 0.910487 1.10624 0.106242 -2.24203 0.098249 
11 8400 7 0.447959 5.33471e-05 7.02493 0.221186 3.08802e-06 0.200411 0.910231 1.10593 0.105931 -2.24497 0.0994295 
11 8500 7 0.453294 5.33471e-05 7.02493 0.221191 1.52736e-06 0.200405 0.910253 1.10596 0.105957 -2.24472 0.100611 
11 8600 7 0.458628 5.33471e-05 7.02493 0.22117 6.15371e-06 0.200402 0.910165 1.10585 0.10585 -2.24573 0.101789 
11 8700 7 0.463963 5.33471e-05 7.02493 0.221119 1.92148e-06 0.200404 0.909954 1.10559 0.105594 -2.24815 0.102968 
11 8800 7 0.469298 5.33471e-05 7.02493 0.221051 5.17114e-06 0.200406 0.909676 1.10526 0.105256 -2.25136 0.104147 
11 8900 7 0.474633 5.33471e-05 7.02493 0.221083 2.46889e-06 0.200399 0.909806 1.10541 0.105414 -2.24986 0.105326 
11 9000 7 0.479967 5.33471e-05 7.02493 0.221074 -2.2636e-06 0.200393 0.909769 1.10537 0.105369 -2.25029 0.106506 
11 9100 8 0.485281 5.33471e-05 7.02493 0.22109 -3.69427e-06 0.200389 0.909836 1.10545 0.105451 -2.24951 0.107687 
11 9200 8 0.490616 5.33471e-05 7.02493 0.221082 1.26759e-06 0.200385 0.909803 1.10541 0.105411 -2.24989 0.108872 
11 9300 8 0.495951 5.33471e-05 7.02493 0.221089 1.53055e-06 0.200384 0.909831 1.10544 0.105445 -2.24957 0.110044 
11 9400 8 0.501285 5.33471e-05 7.02493 0.221132 6.61817e-06 0.200378 0.910009 1.10566 0.105661 -2.24752 0.111226 
11 9500 8 0.50662 5.33471e-05 7.02493 0.221137 7.32177e-06 0.200375 0.910027 1.10568 0.105683 -2.24731 0.112405 
11 9600 8 0.511955 5.33471e-05 7.02493 0.221078 6.29074e-06 0.200378 0.909788 1.10539 0.105392 -2.25007 0.113585 
11 9700 8 0.51729 5.33471e-05 7.02493 0.221024 4.70861e-06 0.200376 0.909562 1.10512 0.105118 -2.25267 0.114765 
11 9800 8 0.522624 5.33471e-05 7.02493 0.221034 6.40899e-06 0.200372 0.909606 1.10517 0.105171 -2.25217 0.115934 
11 9900 8 0.527959 5.33471e-05 7.02493 0.221015 5.70416e-06 0.200375 0.909526 1.10507 0.105074 -2.25309 0.117113 
11 10000 8 0.533294 5.33471e-05 7.02493 0.220947 4.08916e-06 0.200377 0.909246 1.10473 0.104734 -2.25633 0.118295 
11 10100 8 0.538628 5.33471e-05 7.02493 0.220913 6.41945e-07 0.200376 0.909106 1.10456 0.104563 -2.25796 0.119479 
11 10200 8 0.543963 5.33471e-05 7.02493 0.220888 2.83042e-06 0.200376 0.909004 1.10444 0.104439 -2.25915 0.120657 
11 10300 8 0.549298 5.33471e-05 7.02493 0.220901 2.39675e-06 0.200374 0.909056 1.1045 0.104503 -2.25854 0.121836 
11 10400 8 0.554633 5.33471e-05 7.02493 0.220885 3.75682e-06 0.20037 0.908993 1.10443 0.104426 -2.25928 0.123014 
11 10500 8 0.559967 5.33471e-05 7.02493 0.220889 2.61098e-06 0.200365 0.909009 1.10445 0.104446 -2.25908 0.12419 
11 10600 9 0.565281 5.33471e-05 7.02493 0.220925 -5.26319e-07 0.200361 0.909155 1.10462 0.104623 -2.25739 0.125371 
11 10700 9 0.570616 5.33471e-05 7.02493 0.220909 -6.75697e-07 0.200361 0.90909 1.10454 0.104544 -2.25814 0.126549 
11 10800 9 0.575951 5.33471e-05 7.02493 0.220875 1.6125e-06 0.200365 0.90895 1.10437 0.104375 -2.25977 0.127729 
11 10900 9 0.581285 5.33471e-05 7.02493 0.220811 2.12716e-06 0.200367 0.908686 1.10405 0.104054 -2.26284 0.128909 
11 11000 9 0.58662 5.33471e-05 7.02493 0.22083 -1.00339e-05 0.200361 0.908766 1.10415 0.104151 -2.26191 0.130088 
11 11100 9 0.591955 5.33471e-05 7.02493 0.220784 -1.56128e-05 0.200362 0.908576 1.10392 0.103919 -2.26414 0.131264 
11 11200 9 0.59729 5.33471e-05 7.02493 0.22072 -1.41812e-05 0.200365 0.908314 1.1036 0.103601 -2.26721 0.132443 
11 11300 9 0.602624 5.33471e-05 7.02493 0.220688 -2.11593e-05 0.200366 0.908182 1.10344 0.103441 -2.26876 0.13362 
11 11400 9 0.607959 5.33471e-05 7.02493 0.220667 -1.78756e-05 0.200364 0.908096 1.10334 0.103336 -2.26977 0.134797 
11 11500 9 0.613294 5.33471e-05 7.02493 0.220671 -1.5183e-05 0.200362 0.908111 1.10336 0.103355 -2.26958 0.135973 
11 11600 9 0.618628 5.33471e-05 7.02493 0.22069 -3.02336e-05 0.20036 0.908189 1.10345 0.103449 -2.26867 0.137149 
11 11700 9 0.623963 5.33471e-05 7.02493 0.220664 -3.33521e-05 0.200358 0.908084 1.10332 0.103322 -2.2699 0.138327 
11 11800 9 0.629298 5.33471e-05 7.02493 0.220677 4.67789e-07 0.200354 0.908137 1.10339 0.103386 -2.26928 0.139505 
11 11900 9 0.634633 5.33471e-05 7.02493 0.220694 4.41629e-05 0.200352 0.908207 1.10347 0.103471 -2.26846 0.140678 
11 12000 9 0.639967 5.33471e-05 7.02493 0.220669 6.78549e-05 0.200353 0.908103 1.10334 0.103345 -2.26968 0.141854 
11 12100 10 0.645281 5.33471e-05 7.02493 0.220629 6.9463e-05 0.200354 0.907937 1.10314 0.103143 -2.27164 0.143035 
11 12200 10 0.650616 5.33471e-05 7.02493 0.220648 7.50009e-05 0.200352 0.908016 1.10324 0.10324 -2.2707 0.144208 
11 12300 10 0.655951 5.33471e-05 7.02493 0.220641 8.07223e-05 0.200354 0.907986 1.1032 0.103203 -2.27106 0.145393 
11 12400 10 0.661285 5.33471e-05 7.02493 0.220583 6.681e-05 0.200357 0.907749 1.10292 0.102915 -2.27385 0.146562 
11 12500 10 0.66662 5.33471e-05 7.02493 0.220522 3.84107e-05 0.200361 0.907497 1.10261 0.102609 -2.27683 0.147738 
11 12600 10 0.671955 5.33471e-05 7.02493 0.22048 2.16497e-06 0.200362 0.907324 1.1024 0.102398 -2.27889 0.148912 
11 12700 10 0.67729 5.33471e-05 7.02493 0.220471 -6.62464e-06 0.200359 0.907289 1.10236 0.102356 -2.2793 0.150089 
11 12800 10 0.682624 5.33471e-05 7.02493 0.220479 -1.5844e-05 0.200355 0.907323 1.1024 0.102397 -2.2789 0.151269 
11 12900 10 0.687959 5.33471e-05 7.02493 0.220458 -1.18904e-05 0.200354 0.907233 1.10229 0.102288 -2.27996 0.152442 
11 13000 10 0.693294 5.33471e-05 7.02493 0.220498 -1.63802e-05 0.20035 0.907401 1.10249 0.102492 -2.27797 0.153623 
11 13100 10 0.698628 5.33471e-05 7.02493 0.22051 -7.97702e-06 0.200349 0.90745 1.10255 0.102551 -2.27739 0.154798 
11 13200 10 0.703963 5.33471e-05 7.02493 0.220499 -3.06298e-06 0.200348 0.907403 1.10249 0.102495 -2.27794 0.155977 
11 13300 10 0.709298 5.33471e-05 7.02493 0.220461 -8.71669e-06 0.200352 0.907248 1.10231 0.102306 -2.27978 0.157154 
11 13400 10 0.714633 5.33471e-05 7.02493 0.2204 -1.16222e-05 0.200355 0.906997 1.102 0.102001 -2.28277 0.158328 
11 13500 10 0.719967 5.33471e-05 7.02493 0.220371 1.33341e-06 0.200355 0.906875 1.10185 0.101854 -2.28422 0.159507 
11 13600 11 0.725281 5.33471e-05 7.02493 0.220368 7.19544e-06 0.200354 0.906863 1.10184 0.101839 -2.28436 0.160683 
11 13700 11 0.730616 5.33471e-05 7.02493 0.220342 5.48922e-06 0.200357 0.906758 1.10171 0.101711 -2.28562 0.16186 
11 13800 11 0.735951 5.33471e-05 7.02493 0.220325 9.55434e-06 0.200359 0.906685 1.10162 0.101623 -2.28649 0.163033 
11 13900 11 0.741285 5.33471e-05 7.02493 0.220297 9.50452e-06 0.200357 0.906571 1.10148 0.101484 -2.28786 0.16421 
11 14000 11 0.74662 5.33471e-05 7.02493 0.220318 8.53335e-06 0.200354 0.906658 1.10159 0.10159 -2.28681 0.165385 
11 14100 11 0.751955 5.33471e-05 7.02493 0.220314 1.10276e-05 0.200351 0.906643 1.10157 0.101572 -2.28699 0.166561 
11 14200 11 0.75729 5.33471e-05 7.02493 0.22034 2.0956e-05 0.200349 0.906747 1.1017 0.101698 -2.28575 0.167735 
11 14300 11 0.762624 5.33471e-05 7.02493 0.220338 1.79964e-05 0.200348 0.906742 1.10169 0.101692 -2.28581 0.16891 
11 14400 11 0.767959 5.33471e-05 7.02493 0.220351 1.47948e-05 0.200345 0.906796 1.10176 0.101757 -2.28516 0.170086 
11 14500 11 0.773294 5.33471e-05 7.02493 0.22036 6.63512e-06 0.200345 0.90683 1.1018 0.101799 -2.28476 0.171258 
11 14600 11 0.778628 5.33471e-05 7.02493 0.220323 -7.24165e-06 0.200348 0.906677 1.10161 0.101613 -2.28658 0.172432 
11 14700 11 0.783963 5.33471e-05 7.02493 0.220266 -2.77141e-06 0.200351 0.906446 1.10133 0.101332 -2.28935 0.173607 
11 14800 11 0.789298 5.33471e-05 7.02493 0.220306 1.70291e-06 0.200347 0.906608 1.10153 0.101529 -2.28742 0.174785 
11 14900 11 0.794633 5.33471e-05 7.02493 0.220282 1.37522e-05 0.200346 0.90651 1.10141 0.10141 -2.28858 0.175957 
11 15000 11 0.799967 5.33471e-05 7.02493 0.220252 2.10379e-06 0.20035 0.906387 1.10126 0.10126 -2.29007 0.177136 
11 15100 12 0.805281 5.33471e-05 7.02493 0.220218 -2.67954e-06 0.200353 0.906245 1.10109 0.101088 -2.29177 0.178307 
11 15200 12 0.810616 5.33471e-05 7.02493 0.220193 -3.02842e-06 0.200352 0.906143 1.10096 0.100964 -2.293 0.17948 
11 15300 12 0.815951 5.33471e-05 7.02493 0.220188 -2.21096e-06 0.20035 0.906122 1.10094 0.100939 -2.29324 0.180654 
11 15400 12 0.821285 5.33471e-05 7.02493 0.220188 9.59162e-06 0.200349 0.906121 1.10094 0.100938 -2.29325 0.18183 
11 15500 12 0.82662 5.33471e-05 7.02493 0.220245 -1.07969e-05 0.200345 0.906359 1.10123 0.101226 -2.2904 0.183006 
11 15600 12 0.831955 5.33471e-05 7.02493 0.220215 -9.49613e-06 0.200347 0.906234 1.10107 0.101075 -2.29189 0.184188 
11 15700 12 0.83729 5.33471e-05 7.02493 0.220225 -1.31068e-05 0.200342 0.906274 1.10112 0.101123 -2.29142 0.185356 
11 15800 12 0.842624 5.33471e-05 7.02493 0.220226 -4.10294e-05 0.200342 0.90628 1.10113 0.10113 -2.29135 0.186539 
11 15900 12 0.847959 5.33471e-05 7.02493 0.220204 -5.28625e-05 0.200343 0.906188 1.10102 0.101018 -2.29246 0.187711 
11 16000 12 0.853294 5.33471e-05 7.02493 0.220163 -7.89894e-05 0.200346 0.906019 1.10081 0.100813 -2.29449 0.188881 
11 16100 12 0.858628 5.33471e-05 7.02493 0.220143 -8.42376e-05 0.200345 0.905937 1.10071 0.100713 -2.29548 0.190059 
11 16200 12 0.863963 5.33471e-05 7.02493 0.220132 -4.72764e-05 0.200344 0.905895 1.10066 0.100662 -2.29598 0.191235 
11 16300 12 0.869298 5.33471e-05 7.02493 0.220095 -2.23398e-05 0.200348 0.905742 1.10048 0.100476 -2.29783 0.192408 
11 16400 12 0.874633 5.33471e-05 7.02493 0.220032 -1.85749e-05 0.200352 0.905482 1.10016 0.10016 -2.30099 0.193581 
11 16500 12 0.879967 5.33471e-05 7.02493 0.219985 -1.26995e-05 0.200356 0.905287 1.09992 0.0999236 -2.30335 0.194759 
11 16600 13 0.885281 5.33471e-05 7.02493 0.220007 -4.74042e-06 0.200353 0.90538 1.10004 0.100037 -2.30221 0.195934 
11 16700 13 0.890616 5.33471e-05 7.02493 0.220045 -1.08783e-05 0.20035 0.905537 1.10023 0.100227 -2.30032 0.197107 
11 16800 13 0.895951 5.33471e-05 7.02493 0.220086 -1.07599e-05 0.200346 0.905703 1.10043 0.100429 -2.29831 0.198279 
11 16900 13 0.901285 5.33471e-05 7.02493 0.220085 -1.85972e-05 0.200347 0.905699 1.10042 0.100424 -2.29835 0.199452 
11 17000 13 0.90662 5.33471e-05 7.02493 0.220061 -1.5072e-05 0.200346 0.9056 1.1003 0.100304 -2.29955 0.200629 
11 17100 13 0.911955 5.33471e-05 7.02493 0.220052 -1.72329e-05 0.200345 0.905565 1.10026 0.100262 -2.29997 0.201803 
11 17200 13 0.91729 5.33471e-05 7.02493 0.220003 -1.17123e-05 0.200349 0.905363 1.10002 0.100016 -2.30243 0.202974 
11 17300 13 0.922624 5.33471e-05 7.02493 0.219952 -7.31695e-06 0.200353 0.905152 1.09976 0.0997593 -2.305 0.204145 
11 17400 13 0.927959 5.33471e-05 7.02493 0.219902 2.93418e-06 0.200353 0.904945 1.09951 0.0995086 -2.30751 0.20532 
11 17500 13 0.933294 5.33471e-05 7.02493 0.219949 5.77169e-06 0.200349 0.905141 1.09975 0.0997469 -2.30512 0.206491 
11 17600 13 0.938628 5.33471e-05 7.02493 0.219958 1.01813e-05 0.200349 0.905175 1.09979 0.0997879 -2.30471 0.207671 
11 17700 13 0.943963 5.33471e-05 7.02493 0.219928 1.0868e-05 0.200352 0.905055 1.09964 0.0996419 -2.30617 0.208841 
11 17800 13 0.949298 5.33471e-05 7.02493 0.219899 1.25521e-05 0.200352 0.904934 1.0995 0.0994953 -2.30764 0.210009 
11 17900 13 0.954633 5.33471e-05 7.02493 0.219891 4.58112e-06 0.200352 0.904899 1.09945 0.0994527 -2.30807 0.211182 
11 18000 13 0.959967 5.33471e-05 7.02493 0.219929 4.90692e-06 0.200349 0.905056 1.09964 0.0996427 -2.30616 0.212355 
11 18100 14 0.965281 5.33471e-05 7.02493 0.219933 4.66781e-06 0.200345 0.905075 1.09967 0.0996661 -2.30593 0.213529 
11 18200 14 0.970616 5.33471e-05 7.02493 0.219933 3.11348e-06 0.200347 0.905076 1.09967 0.099667 -2.30592 0.214702 
11 18300 14 0.975951 5.33471e-05 7.02493 0.219955 2.99233e-06 0.200344 0.905166 1.09978 0.0997764 -2.30482 0.215877 
11 18400 14 0.981285 5.33471e-05 7.02493 0.219928 2.81927e-06 0.200344 0.905055 1.09964 0.099642 -2.30617 0.21705 
11 18500 14 0.98662 5.33471e-05 7.02493 0.219911 7.02024e-08 0.200347 0.904982 1.09955 0.0995536 -2.30706 0.218227 
11 18600 14 0.991955 5.33471e-05 7.02493 0.219844 -2.53515e-06 0.200352 0.904709 1.09922 0.099221 -2.31041 0.219398 
11 18700 14 0.99729 5.33471e-05 7.02493 0.219778 -1.19037e-07 0.200356 0.904435 1.09889 0.098889 -2.31376 0.220571 
11 18800 14 1.00262 5.33471e-05 7.02493 0.219774 1.68174e-06 0.200356 0.904421 1.09887 0.0988715 -2.31393 0.22175 
11 18900 14 1.00796 5.33471e-05 7.02493 0.219772 -7.09181e-06 0.200354 0.904413 1.09886 0.0988616 -2.31403 0.222918 
11 19000 14 1.01329 5.33471e-05 7.02493 0.219732 -1.75088e-05 0.200358 0.904245 1.09866 0.0986578 -2.3161 0.224094 
11 19100 14 1.01863 5.33471e-05 7.02493 0.219726 -1.33158e-05 0.200359 0.904223 1.09863 0.0986311 -2.31637 0.225266 
11 19200 14 1.02396 5.33471e-05 7.02493 0.219765 -3.05805e-06 0.200353 0.904382 1.09882 0.0988247 -2.31441 0.226439 
11 19300 14 1.0293 5.33471e-05 7.02493 0.219807 -3.49695e-06 0.200349 0.904556 1.09904 0.0990351 -2.31228 0.227612 
11 19400 14 1.03463 5.33471e-05 7.02493 0.219802 -8.22771e-06 0.200348 0.904534 1.09901 0.0990086 -2.31255 0.228785 
11 19500 14 1.03997 5.33471e-05 7.02493 0.219811 -6.63828e-07 0.200348 0.904574 1.09906 0.0990573 -2.31206 0.229956 
11 19600 15 1.04528 5.33471e-05 7.02493 0.219823 -5.65742e-06 0.200347 0.90462 1.09911 0.0991139 -2.31149 0.231129 
11 19700 15 1.05062 5.33471e-05 7.02493 0.21981 -7.69643e-06 0.200346 0.90457 1.09905 0.099052 -2.31211 0.232301 
11 19800 15 1.05595 5.33471e-05 7.02493 0.219794 -3.11148e-06 0.200347 0.904503 1.09897 0.0989716 -2.31292 0.233472 
11 19900 15 1.06129 5.33471e-05 7.02493 0.219756 -7.05336e-06 0.200348 0.904347 1.09878 0.0987819 -2.31484 0.234644 
11 20000 15 1.06662 5.33471e-05 7.02493 0.219701 -1.40588e-06 0.200354 0.904118 1.0985 0.0985033 -2.31767 0.235813 
11 20100 15 1.07195 5.33471e-05 7.02493 0.219717 2.94875e-06 0.200351 0.904183 1.09858 0.0985827 -2.31686 0.236987 
11 20200 15 1.07729 5.33471e-05 7.02493 0.219724 7.61225e-06 0.200349 0.904215 1.09862 0.0986214 -2.31647 0.238158 
11 20300 15 1.08262 5.33471e-05 7.02493 0.21969 9.92376e-06 0.200352 0.904073 1.09845 0.0984489 -2.31822 0.239337 
11 20400 15 1.08796 5.33471e-05 7.02493 0.219625 7.1963e-06 0.200358 0.903808 1.09813 0.0981267 -2.3215 0.240501 
11 20500 15 1.09329 5.33471e-05 7.02493 0.219642 1.99471e-05 0.200355 0.903877 1.09821 0.09821 -2.32065 0.241672 
11 20600 15 1.09863 5.33471e-05 7.02493 0.219654 6.66938e-06 0.200353 0.903925 1.09827 0.0982689 -2.32005 0.242843 
11 20700 15 1.10396 5.33471e-05 7.02493 0.219659 4.82633e-06 0.200352 0.903946 1.09829 0.0982941 -2.31979 0.244015 
11 20800 15 1.1093 5.33471e-05 7.02493 0.219674 2.40094e-06 0.200351 0.90401 1.09837 0.098372 -2.319 0.245189 
11 20900 15 1.11463 5.33471e-05 7.02493 0.219741 -9.91655e-08 0.200347 0.904284 1.0987 0.0987046 -2.31562 0.246369 
11 21000 15 1.11997 5.33471e-05 7.02493 0.219745 2.09704e-06 0.200346 0.904299 1.09872 0.0987228 -2.31544 0.247533 
11 21100 16 1.12528 5.33471e-05 7.02493 0.219696 -1.82306e-06 0.200347 0.9041 1.09848 0.0984813 -2.31789 0.248707 
11 21200 16 1.13062 5.33471e-05 7.02493 0.219661 3.38824e-06 0.20035 0.903954 1.0983 0.0983036 -2.31969 0.249879 
11 21300 16 1.13595 5.33471e-05 7.02493 0.219583 6.90031e-06 0.200355 0.903636 1.09792 0.0979174 -2.32363 0.25105 
11 21400 16 1.14129 5.33471e-05 7.02493 0.219582 9.28349e-06 0.200356 0.903631 1.09791 0.0979122 -2.32368 0.252226 
11 21500 16 1.14662 5.33471e-05 7.02493 0.219602 1.37841e-05 0.200353 0.903711 1.09801 0.0980085 -2.3227 0.253397 
11 21600 16 1.15195 5.33471e-05 7.02493 0.219583 2.29583e-05 0.200354 0.903633 1.09791 0.0979135 -2.32367 0.254569 
11 21700 16 1.15729 5.33471e-05 7.02493 0.21956 3.51881e-05 0.200356 0.903538 1.0978 0.0977992 -2.32484 0.255739 
11 21800 16 1.16262 5.33471e-05 7.02493 0.219521 3.81374e-05 0.200359 0.903377 1.0976 0.0976029 -2.32685 0.256915 
11 21900 16 1.16796 5.33471e-05 7.02493 0.219565 2.65342e-05 0.200355 0.90356 1.09782 0.0978248 -2.32458 0.258086 
11 22000 16 1.17329 5.33471e-05 7.02493 0.219561 2.07101e-05 0.200354 0.903545 1.09781 0.0978068 -2.32476 0.259257 
11 22100 16 1.17863 5.33471e-05 7.02493 0.219585 1.9682e-05 0.200352 0.903641 1.09792 0.0979239 -2.32357 0.260426 
11 22200 16 1.18396 5.33471e-05 7.02493 0.2196 1.93062e-05 0.200351 0.903703 1.098 0.0979989 -2.3228 0.261596 
11 22300 16 1.1893 5.33471e-05 7.02493 0.219632 2.14838e-05 0.200348 0.903835 1.09816 0.098159 -2.32117 0.262767 
11 22400 16 1.19463 5.33471e-05 7.02493 0.219615 3.16967e-05 0.200347 0.903766 1.09808 0.0980753 -2.32202 0.26394 
11 22500 16 1.19997 5.33471e-05 7.02493 0.219599 2.04882e-05 0.200349 0.903698 1.09799 0.097993 -2.32286 0.265112 
11 22600 17 1.20528 5.33471e-05 7.02493 0.219528 1.44593e-05 0.200354 0.903408 1.09764 0.0976413 -2.32645 0.266281 
11 22700 17 1.21062 5.33471e-05 7.02493 0.219477 1.41553e-05 0.200358 0.903198 1.09739 0.097385 -2.32908 0.267453 
11 22800 17 1.21595 5.33471e-05 7.02493 0.219507 8.69391e-06 0.200355 0.903321 1.09754 0.0975353 -2.32754 0.268621 
11 22900 17 1.22129 5.33471e-05 7.02493 0.219472 1.04629e-05 0.200356 0.903176 1.09736 0.0973588 -2.32935 0.269796 
11 23000 17 1.22662 5.33471e-05 7.02493 0.219463 2.79037e-06 0.200357 0.903139 1.09731 0.0973137 -2.32982 0.270963 
11 23100 17 1.23195 5.33471e-05 7.02493 0.219451 -2.89789e-06 0.20036 0.90309 1.09725 0.0972546 -2.33042 0.272132 
11 23200 17 1.23729 5.33471e-05 7.02493 0.219439 -1.61975e-06 0.20036 0.90304 1.09719 0.097194 -2.33105 0.273303 
11 23300 17 1.24262 5.33471e-05 7.02493 0.219455 -6.8351e-06 0.200356 0.903108 1.09728 0.0972756 -2.33021 0.274474 
11 23400 17 1.24796 5.33471e-05 7.02493 0.2195 -9.56771e-06 0.200353 0.903294 1.0975 0.097502 -2.32788 0.275647 
11 23500 17 1.25329 5.33471e-05 7.02493 0.219508 -4.60133e-06 0.200353 0.903324 1.09754 0.0975388 -2.32751 0.276816 
11 23600 17 1.25863 5.33471e-05 7.02493 0.219509 7.27817e-06 0.200352 0.90333 1.09755 0.0975459 -2.32743 0.277988 
11 23700 17 1.26396 5.33471e-05 7.02493 0.219474 6.83313e-06 0.200352 0.903184 1.09737 0.0973691 -2.32925 0.279159 
11 23800 17 1.2693 5.33471e-05 7.02493 0.219488 4.63356e-06 0.200351 0.903243 1.09744 0.0974403 -2.32852 0.280333 
11 23900 17 1.27463 5.33471e-05 7.02493 0.219447 5.49535e-06 0.200355 0.903075 1.09724 0.0972358 -2.33062 0.281503 
11 24000 17 1.27997 5.33471e-05 7.02493 0.219357 4.71897e-06 0.20036 0.902704 1.09679 0.0967856 -2.33526 0.282674 
11 24100 18 1.28528 5.33471e-05 7.02493 0.219347 -2.72843e-07 0.20036 0.902661 1.09673 0.0967326 -2.33581 0.283848 
11 24200 18 1.29062 5.33471e-05 7.02493 0.219351 -3.18032e-07 0.200359 0.902678 1.09675 0.0967543 -2.33558 0.285019 
11 24300 18 1.29595 5.33471e-05 7.02493 0.219337 -7.76629e-06 0.200359 0.902623 1.09669 0.0966868 -2.33628 0.28619 
11 24400 18 1.30129 5.33471e-05 7.02493 0.219331 -1.90862e-05 0.20036 0.902598 1.09666 0.096656 -2.3366 0.287361 
11 24500 18 1.30662 5.33471e-05 7.02493 0.219324 -1.54237e-05 0.200362 0.902567 1.09662 0.0966188 -2.33698 0.288531 
11 24600 18 1.31195 5.33471e-05 7.02493 0.219356 -1.10762e-05 0.200358 0.902701 1.09678 0.0967812 -2.3353 0.289702 
11 24700 18 1.31729 5.33471e-05 7.02493 0.219354 -1.06621e-05 0.200357 0.902693 1.09677 0.0967724 -2.33539 0.290871 
11 24800 18 1.32262 5.33471e-05 7.02493 0.219419 -1.18082e-05 0.200353 0.902958 1.09709 0.0970935 -2.33208 0.292038 
11 24900 18 1.32796 5.33471e-05 7.02493 0.219446 -2.39917e-06 0.200352 0.903069 1.09723 0.0972285 -2.33069 0.293209 
11 25000 18 1.33329 5.33471e-05 7.02493 0.219412 -5.14153e-06 0.200354 0.902929 1.09706 0.0970591 -2.33244 0.294379 
11 25100 18 1.33863 5.33471e-05 7.02493 0.21939 -1.19152e-05 0.200352 0.90284 1.09695 0.0969508 -2.33355 0.295553 
11 25200 18 1.34396 5.33471e-05 7.02493 0.21939 -1.82875e-05 0.200352 0.902838 1.09695 0.0969482 -2.33358 0.296719 
11 25300 18 1.3493 5.33471e-05 7.02493 0.219338 -1.79713e-05 0.200358 0.902625 1.09669 0.0966896 -2.33625 0.297887 
11 25400 18 1.35463 5.33471e-05 7.02493 0.219341 -1.51283e-05 0.200357 0.902637 1.0967 0.0967035 -2.33611 0.299058 
11 25500 18 1.35997 5.33471e-05 7.02493 0.219332 -1.35733e-05 0.200356 0.902602 1.09666 0.0966618 -2.33654 0.300235 
11 25600 19 1.36528 5.33471e-05 7.02493 0.219318 -9.49081e-06 0.200358 0.902542 1.09659 0.0965881 -2.3373 0.301402 
11 25700 19 1.37062 5.33471e-05 7.02493 0.219285 -6.40312e-06 0.20036 0.902407 1.09642 0.0964245 -2.339 0.302567 
11 25800 19 1.37595 5.33471e-05 7.02493 0.219208 -4.19616e-06 0.200366 0.90209 1.09604 0.0960398 -2.34299 0.303736 
11 25900 19 1.38129 5.33471e-05 7.02493 0.219222 1.79162e-06 0.200364 0.902147 1.09611 0.0961082 -2.34228 0.304907 
11 26000 19 1.38662 5.33471e-05 7.02493 0.219296 -1.37653e-06 0.200359 0.902453 1.09648 0.0964799 -2.33842 0.306078 
11 26100 19 1.39195 5.33471e-05 7.02493 0.219307 -5.62507e-06 0.200357 0.902499 1.09654 0.0965363 -2.33784 0.307246 
11 26200 19 1.39729 5.33471e-05 7.02493 0.219349 -2.01846e-05 0.200355 0.90267 1.09674 0.0967445 -2.33568 0.308425 
11 26300 19 1.40262 5.33471e-05 7.02493 0.219324 -1.49764e-05 0.200358 0.902569 1.09662 0.0966219 -2.33695 0.309588 
11 26400 19 1.40796 5.33471e-05 7.02493 0.219298 -1.12171e-05 0.200358 0.902462 1.09649 0.0964913 -2.3383 0.310761 
11 26500 19 1.41329 5.33471e-05 7.02493 0.219327 -1.57198e-05 0.200355 0.902581 1.09664 0.0966355 -2.33681 0.311932 
11 26600 19 1.41863 5.33471e-05 7.02493 0.219317 -1.0548e-05 0.200356 0.902538 1.09658 0.0965838 -2.33734 0.313098 
11 26700 19 1.42396 5.33471e-05 7.02493 0.219261 -1.33412e-05 0.20036 0.902307 1.0963 0.0963029 -2.34026 0.314273 
11 26800 19 1.4293 5.33471e-05 7.02493 0.219269 -8.62739e-06 0.200358 0.90234 1.09634 0.096343 -2.33984 0.315445 
11 26900 19 1.43463 5.33471e-05 7.02493 0.219247 -2.60376e-06 0.20036 0.902249 1.09623 0.096233 -2.34098 0.316614 
11 27000 19 1.43997 5.33471e-05 7.02493 0.219271 5.29512e-06 0.200361 0.902348 1.09635 0.0963527 -2.33974 0.317786 
11 27100 20 1.44528 5.33471e-05 7.02493 0.219211 7.65433e-06 0.200362 0.902105 1.09606 0.0960572 -2.34281 0.318956 
11 27200 20 1.45062 5.33471e-05 7.02493 0.219175 6.31395e-06 0.200366 0.901957 1.09588 0.0958774 -2.34469 0.320125 
11 27300 20 1.45595 5.33471e-05 7.02493 0.219169 3.43524e-06 0.200366 0.901931 1.09585 0.0958466 -2.34501 0.321293 
11 27400 20 1.46129 5.33471e-05 7.02493 0.219202 -3.53212e-07 0.200362 0.902064 1.09601 0.0960077 -2.34333 0.32246 
11 27500 20 1.46662 5.33471e-05 7.02493 0.219246 -5.80556e-06 0.20036 0.902248 1.09623 0.0962318 -2.341 0.323628 
11 27600 20 1.47195 5.33471e-05 7.02493 0.219232 -1.10833e-05 0.20036 0.902191 1.09616 0.0961623 -2.34172 0.324798 
11 27700 20 1.47729 5.33471e-05 7.02493 0.21921 -1.04628e-05 0.20036 0.902097 1.09605 0.0960476 -2.34291 0.325967 
11 27800 20 1.48262 5.33471e-05 7.02493 0.219224 -5.34516e-06 0.200359 0.902158 1.09612 0.0961214 -2.34214 0.327135 
11 27900 20 1.48796 5.33471e-05 7.02493 0.219224 -3.46523e-06 0.200357 0.902155 1.09612 0.0961188 -2.34217 0.328304 
11 28000 20 1.49329 5.33471e-05 7.02493 0.219202 -5.85805e-06 0.20036 0.902066 1.09601 0.0960107 -2.3433 0.329474 
11 28100 20 1.49863 5.33471e-05 7.02493 0.219162 -1.00966e-05 0.200363 0.901901 1.09581 0.0958101 -2.34539 0.330642 
11 28200 20 1.50396 5.33471e-05 7.02493 0.219169 -4.55114e-06 0.200361 0.90193 1.09585 0.0958453 -2.34502 0.331816 
11 28300 20 1.5093 5.33471e-05 7.02493 0.219181 -1.66693e-06 0.200362 0.901979 1.0959 0.0959042 -2.34441 0.332981 
11 28400 20 1.51463 5.33471e-05 7.02493 0.219135 4.65482e-07 0.200366 0.90179 1.09567 0.0956743 -2.34681 0.334148 
11 28500 20 1.51997 5.33471e-05 7.02493 0.219079 -2.54355e-06 0.200369 0.901561 1.0954 0.0953961 -2.34972 0.335317 
11 28600 21 1.52528 5.33471e-05 7.02493 0.219098 1.38621e-06 0.200368 0.901639 1.09549 0.0954909 -2.34872 0.336487 
11 28700 21 1.53062 5.33471e-05 7.02493 0.219124 1.84673e-06 0.200364 0.901743 1.09562 0.0956179 -2.3474 0.337656 
11 28800 21 1.53595 5.33471e-05 7.02493 0.219126 1.04426e-06 0.200364 0.901751 1.09563 0.095628 -2.34729 0.338836 
11 28900 21 1.54129 5.33471e-05 7.02493 0.219145 2.3255e-06 0.200362 0.90183 1.09572 0.0957231 -2.3463 0.339995 
11 29000 21 1.54662 5.33471e-05 7.02493 0.219116 -1.44578e-06 0.200365 0.901713 1.09558 0.0955807 -2.34778 0.341164 
11 29100 21 1.55195 5.33471e-05 7.02493 0.219123 -1.37664e-05 0.200364 0.901741 1.09562 0.0956154 -2.34742 0.342337 
11 29200 21 1.55729 5.33471e-05 7.02493 0.219138 -2.23811e-05 0.200362 0.901803 1.09569 0.0956911 -2.34663 0.343504 
11 29300 21 1.56262 5.33471e-05 7.02493 0.219105 -2.76531e-05 0.200364 0.901669 1.09553 0.0955273 -2.34834 0.344677 
11 29400 21 1.56796 5.33471e-05 7.02493 0.219087 -2.39386e-05 0.200365 0.901594 1.09544 0.0954364 -2.3493 0.345846 
11 29500 21 1.57329 5.33471e-05 7.02493 0.219068 -3.34891e-05 0.200365 0.901514 1.09534 0.0953399 -2.35031 0.347017 
11 29600 21 1.57863 5.33471e-05 7.02493 0.219109 -3.45468e-05 0.200363 0.901684 1.09555 0.0955464 -2.34814 0.348185 
11 29700 21 1.58396 5.33471e-05 7.02493 0.219077 -3.49769e-05 0.200365 0.901549 1.09538 0.0953826 -2.34986 0.349354 
11 29800 21 1.5893 5.33471e-05 7.02493 0.21905 -3.35258e-05 0.200367 0.901442 1.09525 0.0952524 -2.35123 0.350524 
11 29900 21 1.59463 5.33471e-05 7.02493 0.21901 -2.45258e-05 0.200369 0.901277 1.09505 0.0950513 -2.35334 0.351693 
11 30000 21 1.59997 5.33471e-05 7.02493 0.21903 -2.15113e-05 0.200367 0.901358 1.09515 0.0951505 -2.3523 0.352859 
11 30100 22 1.60528 5.33471e-05 7.02493 0.219088 -2.46099e-05 0.200362 0.901597 1.09544 0.0954405 -2.34925 0.354027 
11 30200 22 1.61062 5.33471e-05 7.02493 0.219108 -1.5186e-05 0.200363 0.901678 1.09554 0.0955388 -2.34822 0.355195 
11 30300 22 1.61595 5.33471e-05 7.02493 0.219071 -4.14269e-06 0.200364 0.901526 1.09535 0.0953543 -2.35016 0.356363 
11 30400 22 1.62129 5.33471e-05 7.02493 0.219079 1.39638e-06 0.200364 0.901561 1.0954 0.0953968 -2.34971 0.357535 
11 30500 22 1.62662 5.33471e-05 7.02493 0.219073 9.76376e-06 0.200365 0.901534 1.09536 0.0953633 -2.35006 0.358698 
11 30600 22 1.63195 5.33471e-05 7.02493 0.219064 1.1774e-05 0.200364 0.901498 1.09532 0.0953202 -2.35051 0.359867 
11 30700 22 1.63729 5.33471e-05 7.02493 0.21904 5.92932e-06 0.200365 0.9014 1.0952 0.095201 -2.35177 0.361035 
11 30800 22 1.64262 5.33471e-05 7.02493 0.219036 9.26464e-06 0.200367 0.901384 1.09518 0.0951811 -2.35197 0.362208 
11 30900 22 1.64796 5.33471e-05 7.02493 0.219044 9.6257e-06 0.200366 0.901416 1.09522 0.0952204 -2.35156 0.363376 
11 31000 22 1.65329 5.33471e-05 7.02493 0.219012 1.0441e-05 0.200368 0.901285 1.09506 0.0950614 -2.35323 0.364539 
11 31100 22 1.65863 5.33471e-05 7.02493 0.218999 1.15215e-05 0.200369 0.901231 1.095 0.0949957 -2.35392 0.365708 
11 31200 22 1.66396 5.33471e-05 7.02493 0.219013 1.22152e-05 0.200369 0.901287 1.09506 0.0950635 -2.35321 0.366876 
11 31300 22 1.6693 5.33471e-05 7.02493 0.219012 1.14979e-05 0.200368 0.901283 1.09506 0.095059 -2.35326 0.368044 
11 31400 22 1.67463 5.33471e-05 7.02493 0.218984 6.28661e-06 0.200368 0.901169 1.09492 0.0949204 -2.35472 0.369213 
11 31500 22 1.67997 5.33471e-05 7.02493 0.219001 8.74275e-06 0.200366 0.90124 1.09501 0.095006 -2.35382 0.370391 
11 31600 23 1.68528 5.33471e-05 7.02493 0.218974 1.15571e-05 0.200367 0.901127 1.09487 0.0948689 -2.35526 0.371552 
11 31700 23 1.69062 5.33471e-05 7.02493 0.219001 1.23604e-05 0.200366 0.901239 1.095 0.0950049 -2.35383 0.372725 
11 31800 23 1.69595 5.33471e-05 7.02493 0.219006 8.84512e-06 0.200366 0.901259 1.09503 0.0950294 -2.35357 0.37389 
11 31900 23 1.70129 5.33471e-05 7.02493 0.218981 1.29352e-05 0.200367 0.901155 1.0949 0.094903 -2.3549 0.375057 
11 32000 23 1.70662 5.33471e-05 7.02493 0.218948 6.29637e-06 0.200369 0.90102 1.09474 0.0947388 -2.35663 0.376229 
11 32100 23 1.71195 5.33471e-05 7.02493 0.218952 1.28308e-06 0.20037 0.901038 1.09476 0.0947612 -2.3564 0.377396 
11 32200 23 1.71729 5.33471e-05 7.02493 0.218966 8.64509e-06 0.200367 0.901093 1.09483 0.0948276 -2.35569 0.378569 
11 32300 23 1.72262 5.33471e-05 7.02493 0.218958 8.64123e-06 0.200369 0.901064 1.09479 0.0947922 -2.35607 0.379736 
11 32400 23 1.72796 5.33471e-05 7.02493 0.218923 2.07063e-05 0.200373 0.900919 1.09462 0.0946168 -2.35792 0.380906 
11 32500 23 1.73329 5.33471e-05 7.02493 0.218905 1.61598e-05 0.200373 0.900844 1.09453 0.0945258 -2.35888 0.382073 
11 32600 23 1.73863 5.33471e-05 7.02493 0.218906 -1.55651e-07 0.200372 0.900848 1.09453 0.0945301 -2.35884 0.38324 
11 32700 23 1.74396 5.33471e-05 7.02493 0.218941 -7.82904e-06 0.200369 0.900991 1.0947 0.0947043 -2.357 0.384405 
11 32800 23 1.7493 5.33471e-05 7.02493 0.218955 -7.79371e-06 0.200369 0.901051 1.09478 0.0947768 -2.35623 0.385574 
11 32900 23 1.75463 5.33471e-05 7.02493 0.218937 -6.69728e-06 0.200367 0.900975 1.09468 0.0946846 -2.3572 0.386741 
11 33000 23 1.75997 5.33471e-05 7.02493 0.218948 -3.69209e-06 0.200368 0.901023 1.09474 0.0947424 -2.35659 0.387908 
11 33100 24 1.76528 5.33471e-05 7.02493 0.21895 -5.7914e-06 0.200368 0.901028 1.09475 0.094749 -2.35652 0.389075 
11 33200 24 1.77062 5.33471e-05 7.02493 0.218968 -1.01856e-05 0.200367 0.901101 1.09484 0.0948377 -2.35559 0.390242 
11 33300 24 1.77595 5.33471e-05 7.02493 0.21894 -9.96511e-06 0.200369 0.900987 1.0947 0.0946991 -2.35705 0.391411 
11 33400 24 1.78129 5.33471e-05 7.02493 0.218899 -7.02846e-06 0.20037 0.900818 1.09449 0.0944937 -2.35922 0.392577 
11 33500 24 1.78662 5.33471e-05 7.02493 0.218922 -2.80896e-05 0.200369 0.900915 1.09461 0.0946117 -2.35797 0.39375 
11 33600 24 1.79195 5.33471e-05 7.02493 0.218927 -2.59805e-05 0.200368 0.900932 1.09463 0.0946327 -2.35775 0.394913 
11 33700 24 1.79729 5.33471e-05 7.02493 0.218907 -2.5379e-05 0.20037 0.90085 1.09453 0.0945332 -2.3588 0.396081 
11 33800 24 1.80262 5.33471e-05 7.02493 0.218918 -2.32381e-05 0.200372 0.900899 1.09459 0.0945918 -2.35818 0.397247 
11 33900 24 1.80796 5.33471e-05 7.02493 0.218893 -1.56912e-05 0.200374 0.900794 1.09446 0.0944644 -2.35953 0.398416 
11 34000 24 1.81329 5.33471e-05 7.02493 0.218876 1.18812e-06 0.200371 0.900726 1.09438 0.0943823 -2.3604 0.399584 
11 34100 24 1.81863 5.33471e-05 7.02493 0.218858 -1.71983e-06 0.200373 0.900648 1.09429 0.0942877 -2.3614 0.400762 
11 34200 24 1.82396 5.33471e-05 7.02493 0.218827 1.32e-05 0.200373 0.900524 1.09414 0.0941364 -2.36301 0.401921 
11 34300 24 1.8293 5.33471e-05 7.02493 0.21883 2.52132e-05 0.200372 0.900537 1.09415 0.0941525 -2.36284 0.403089 
11 34400 24 1.83463 5.33471e-05 7.02493 0.218845 3.234e-05 0.200373 0.900597 1.09423 0.0942259 -2.36206 0.404257 
11 34500 24 1.83997 5.33471e-05 7.02493 0.218871 3.06541e-05 0.200372 0.900705 1.09436 0.0943572 -2.36067 0.405424 
11 34600 25 1.84528 5.33471e-05 7.02493 0.218845 1.99683e-05 0.200371 0.900596 1.09422 0.0942237 -2.36208 0.406594 
11 34700 25 1.85062 5.33471e-05 7.02493 0.218817 6.11018e-06 0.200375 0.900481 1.09408 0.0940846 -2.36356 0.407762 
11 34800 25 1.85595 5.33471e-05 7.02493 0.218807 1.26061e-05 0.200373 0.900439 1.09403 0.0940338 -2.3641 0.408932 
11 34900 25 1.86129 5.33471e-05 7.02493 0.218815 2.57714e-05 0.200372 0.900475 1.09408 0.0940769 -2.36364 0.4101 
11 35000 25 1.86662 5.33471e-05 7.02493 0.218794 2.37176e-05 0.200374 0.900386 1.09397 0.0939688 -2.36479 0.411268 
11 35100 25 1.87195 5.33471e-05 7.02493 0.218816 1.93215e-05 0.200373 0.900478 1.09408 0.094081 -2.3636 0.412435 
11 35200 25 1.87729 5.33471e-05 7.02493 0.218802 1.98436e-05 0.200376 0.900418 1.09401 0.0940085 -2.36437 0.413603 
11 35300 25 1.88262 5.33471e-05 7.02493 0.21881 2.89344e-05 0.200375 0.900453 1.09405 0.0940499 -2.36393 0.414769 
11 35400 25 1.88796 5.33471e-05 7.02493 0.218837 2.1819e-05 0.200371 0.900562 1.09418 0.0941831 -2.36251 0.415934 
11 35500 25 1.89329 5.33471e-05 7.02493 0.218825 1.82063e-05 0.200371 0.900516 1.09413 0.0941264 -2.36312 0.417101 
11 35600 25 1.89863 5.33471e-05 7.02493 0.21883 2.1061e-05 0.200369 0.900537 1.09415 0.094152 -2.36285 0.418268 
11 35700 25 1.90396 5.33471e-05 7.02493 0.218839 1.47952e-05 0.20037 0.900572 1.0942 0.0941953 -2.36239 0.419439 
11 35800 25 1.9093 5.33471e-05 7.02493 0.218842 8.96154e-06 0.200372 0.900585 1.09421 0.0942107 -2.36222 0.420601 
11 35900 25 1.91463 5.33471e-05 7.02493 0.218839 5.91161e-06 0.200371 0.900574 1.0942 0.0941968 -2.36237 0.421775 
11 36000 25 1.91997 5.33471e-05 7.02493 0.218865 -6.58191e-06 0.200368 0.900677 1.09432 0.0943229 -2.36103 0.422935 
11 36100 26 1.92528 5.33471e-05 7.02493 0.218828 -8.8563e-06 0.200373 0.900528 1.09414 0.0941414 -2.36296 0.424109 
11 36200 26 1.93062 5.33471e-05 7.02493 0.218833 -5.13953e-06 0.20037 0.900546 1.09416 0.0941637 -2.36272 0.42527 
11 36300 26 1.93595 5.33471e-05 7.02493 0.218807 -5.30371e-06 0.200372 0.900439 1.09403 0.0940331 -2.36411 0.426438 
11 36400 26 1.94129 5.33471e-05 7.02493 0.218819 -7.86135e-06 0.200372 0.90049 1.0941 0.0940959 -2.36344 0.427605 
11 36500 26 1.94662 5.33471e-05 7.02493 0.218783 -8.09848e-06 0.200375 0.90034 1.09391 0.0939135 -2.36538 0.428771 
11 36600 26 1.95195 5.33471e-05 7.02493 0.218769 -1.1325e-05 0.200376 0.900285 1.09385 0.0938466 -2.36609 0.429937 
11 36700 26 1.95729 5.33471e-05 7.02493 0.218745 -1.9519e-05 0.200377 0.900184 1.09372 0.0937237 -2.3674 0.431106 
11 36800 26 1.96262 5.33471e-05 7.02493 0.218767 -1.61675e-05 0.200374 0.900274 1.09383 0.0938334 -2.36623 0.432274 
11 36900 26 1.96796 5.33471e-05 7.02493 0.218745 -1.46998e-05 0.200375 0.900185 1.09372 0.0937248 -2.36739 0.433442 
11 37000 26 1.97329 5.33471e-05 7.02493 0.218796 -1.40043e-05 0.200371 0.900395 1.09398 0.0939802 -2.36467 0.434613 
11 37100 26 1.97863 5.33471e-05 7.02493 0.218803 -2.14254e-05 0.200372 0.900424 1.09401 0.0940149 -2.3643 0.435777 
11 37200 26 1.98396 5.33471e-05 7.02493 0.218745 -2.14551e-05 0.200375 0.900184 1.09372 0.0937235 -2.36741 0.436945 
11 37300 26 1.9893 5.33471e-05 7.02493 0.218763 -2.47611e-05 0.200374 0.900259 1.09382 0.0938151 -2.36643 0.438115 
11 37400 26 1.99463 5.33471e-05 7.02493 0.21877 -1.98213e-05 0.200373 0.900289 1.09385 0.0938511 -2.36605 0.439281 
11 37500 26 1.99997 5.33471e-05 7.02493 0.218748 -1.70577e-05 0.200375 0.9002 1.09374 0.0937425 -2.3672 0.44045 
11 37600 27 2.00528 5.33471e-05 7.02493 0.218706 -2.68807e-05 0.200377 0.900025 1.09353 0.0935303 -2.36947 0.44162 
11 37700 27 2.01062 5.33471e-05 7.02493 0.2187 -1.67961e-05 0.20038 0.9 1.0935 0.0934999 -2.36979 0.442787 
11 37800 27 2.01595 5.33471e-05 7.02493 0.218692 -8.2199e-06 0.200379 0.899966 1.09346 0.0934586 -2.37024 0.443952 
11 37900 27 2.02129 5.33471e-05 7.02493 0.218672 -1.47721e-05 0.200381 0.899883 1.09336 0.0933576 -2.37132 0.445118 
11 38000 27 2.02662 5.33471e-05 7.02493 0.218694 -9.68129e-06 0.20038 0.899976 1.09347 0.0934714 -2.3701 0.446284 
11 38100 27 2.03195 5.33471e-05 7.02493 0.21871 1.87969e-06 0.200377 0.900043 1.09355 0.0935523 -2.36923 0.447448 
11 38200 27 2.03729 5.33471e-05 7.02493 0.218702 1.1936e-05 0.200377 0.900009 1.09351 0.0935114 -2.36967 0.448615 
11 38300 27 2.04262 5.33471e-05 7.02493 0.218722 1.52778e-05 0.200375 0.90009 1.09361 0.0936094 -2.36862 0.449782 
11 38400 27 2.04796 5.33471e-05 7.02493 0.218738 1.29794e-05 0.200374 0.900157 1.09369 0.0936907 -2.36776 0.450947 
11 38500 27 2.05329 5.33471e-05 7.02493 0.218726 1.33703e-05 0.200377 0.900106 1.09363 0.0936289 -2.36842 0.452114 
11 38600 27 2.05863 5.33471e-05 7.02493 0.218723 1.8413e-05 0.200376 0.900095 1.09362 0.0936158 -2.36856 0.453284 
11 38700 27 2.06396 5.33471e-05 7.02493 0.218738 2.6413e-05 0.200374 0.900157 1.09369 0.0936909 -2.36775 0.454446 
11 38800 27 2.0693 5.33471e-05 7.02493 0.218715 2.08031e-05 0.200377 0.900062 1.09358 0.0935755 -2.36899 0.455618 
11 38900 27 2.07463 5.33471e-05 7.02493 0.218709 1.56738e-05 0.200377 0.900035 1.09354 0.0935427 -2.36934 0.456781 
11 39000 27 2.07997 5.33471e-05 7.02493 0.218698 1.57282e-05 0.200379 0.899991 1.09349 0.0934892 -2.36991 0.457947 
11 39100 28 2.08528 5.33471e-05 7.02493 0.218724 1.63526e-05 0.200377 0.900097 1.09362 0.093618 -2.36853 0.459112 
11 39200 28 2.09062 5.33471e-05 7.02493 0.2187 1.22735e-05 0.200378 0.899999 1.0935 0.0934988 -2.36981 0.46028 
11 39300 28 2.09595 5.33471e-05 7.02493 0.218674 6.36615e-06 0.20038 0.899892 1.09337 0.0933683 -2.3712 0.461447 
11 39400 28 2.10129 5.33471e-05 7.02493 0.218647 3.12782e-06 0.200382 0.899782 1.09323 0.0932347 -2.37264 0.462623 
11 39500 28 2.10662 5.33471e-05 7.02493 0.218628 3.46557e-06 0.200381 0.899702 1.09314 0.0931379 -2.37367 0.463781 
11 39600 28 2.11195 5.33471e-05 7.02493 0.218625 4.06944e-06 0.20038 0.899693 1.09313 0.0931273 -2.37379 0.464949 
11 39700 28 2.11729 5.33471e-05 7.02493 0.218657 -1.11607e-05 0.200378 0.899822 1.09328 0.0932841 -2.37211 0.466115 
11 39800 28 2.12262 5.33471e-05 7.02493 0.218652 -1.14243e-05 0.200379 0.899804 1.09326 0.0932622 -2.37234 0.467282 
11 39900 28 2.12796 5.33471e-05 7.02493 0.218626 -1.47363e-06 0.200382 0.899697 1.09313 0.0931322 -2.37373 0.468452 
11 40000 28 2.13329 5.33471e-05 7.02493 0.218627 7.68531e-06 0.200382 0.899701 1.09314 0.0931372 -2.37368 0.469619 
11 40100 28 2.13863 5.33471e-05 7.02493 0.218624 1.44759e-05 0.200382 0.899686 1.09312 0.0931186 -2.37388 0.470788 
11 40200 28 2.14396 5.33471e-05 7.02493 0.218626 1.65432e-05 0.20038 0.899695 1.09313 0.0931293 -2.37377 0.471953 
11 40300 28 2.1493 5.33471e-05 7.02493 0.218625 7.37816e-06 0.200381 0.89969 1.09312 0.0931236 -2.37383 0.473119 
11 40400 28 2.15463 5.33471e-05 7.02493 0.218612 1.49368e-05 0.200384 0.899638 1.09306 0.0930596 -2.37452 0.474288 
11 40500 28 2.15997 5.33471e-05 7.02493 0.218642 1.25321e-05 0.20038 0.89976 1.09321 0.0932088 -2.37291 0.475453 
11 40600 29 2.16528 5.33471e-05 7.02493 0.21864 -4.49771e-06 0.200381 0.899753 1.0932 0.0931994 -2.37301 0.476618 
11 40700 29 2.17062 5.33471e-05 7.02493 0.218624 -3.18948e-06 0.200383 0.899686 1.09312 0.0931188 -2.37388 0.477782 
11 40800 29 2.17595 5.33471e-05 7.02493 0.218639 1.41351e-05 0.20038 0.899749 1.09319 0.0931949 -2.37306 0.478947 
11 40900 29 2.18129 5.33471e-05 7.02493 0.21864 1.63142e-05 0.20038 0.899752 1.0932 0.0931981 -2.37303 0.480115 
11 41000 29 2.18662 5.33471e-05 7.02493 0.218671 1.35821e-05 0.200376 0.899881 1.09336 0.0933558 -2.37134 0.481284 
11 41100 29 2.19195 5.33471e-05 7.02493 0.218686 1.01919e-05 0.200376 0.899942 1.09343 0.0934298 -2.37054 0.482446 
11 41200 29 2.19729 5.33471e-05 7.02493 0.218647 5.34915e-06 0.200381 0.899782 1.09323 0.0932347 -2.37264 0.483611 
11 41300 29 2.20262 5.33471e-05 7.02493 0.218689 1.2456e-06 0.200377 0.899956 1.09345 0.0934464 -2.37037 0.484778 
11 41400 29 2.20796 5.33471e-05 7.02493 0.21868 1.63149e-06 0.200379 0.899916 1.0934 0.0933984 -2.37088 0.485947 
11 41500 29 2.21329 5.33471e-05 7.02493 0.218668 -7.57934e-07 0.200379 0.899868 1.09334 0.0933393 -2.37151 0.487115 
11 41600 29 2.21863 5.33471e-05 7.02493 0.218656 3.72934e-06 0.200378 0.899821 1.09328 0.093282 -2.37213 0.488277 
11 41700 29 2.22396 5.33471e-05 7.02493 0.218637 1.8e-06 0.200382 0.899742 1.09319 0.0931862 -2.37316 0.489442 
11 41800 29 2.2293 5.33471e-05 7.02493 0.218607 3.77532e-06 0.200383 0.899619 1.09304 0.0930373 -2.37475 0.490609 
11 41900 29 2.23463 5.33471e-05 7.02493 0.218602 -8.61474e-06 0.200383 0.899596 1.09301 0.0930097 -2.37505 0.491776 
11 42000 29 2.23997 5.33471e-05 7.02493 0.218562 -1.02925e-05 0.200385 0.899434 1.09281 0.0928123 -2.37718 0.492943 
11 42100 30 2.24528 5.33471e-05 7.02493 0.218587 -9.19335e-06 0.200385 0.899536 1.09294 0.092936 -2.37584 0.494113 
11 42200 30 2.25062 5.33471e-05 7.02493 0.218593 -1.21969e-05 0.200383 0.899558 1.09296 0.0929631 -2.37555 0.495276 
11 42300 30 2.25595 5.33471e-05 7.02493 0.218602 -2.45657e-05 0.200383 0.899598 1.09301 0.0930116 -2.37503 0.496448 
11 42400 30 2.26129 5.33471e-05 7.02493 0.218634 -2.8195e-05 0.200379 0.899727 1.09317 0.0931679 -2.37335 0.497611 
11 42500 30 2.26662 5.33471e-05 7.02493 0.218597 -1.95228e-05 0.200381 0.899576 1.09298 0.0929846 -2.37532 0.498776 
11 42600 30 2.27195 5.33471e-05 7.02493 0.21859 -1.64583e-05 0.200384 0.899549 1.09295 0.0929523 -2.37567 0.499947 
11 42700 30 2.27729 5.33471e-05 7.02493 0.218584 -1.53368e-05 0.200382 0.899521 1.09292 0.0929182 -2.37604 0.501111 
11 42800 30 2.28262 5.33471e-05 7.02493 0.218566 -1.02548e-05 0.200383 0.89945 1.09283 0.0928314 -2.37697 0.502278 
11 42900 30 2.28796 5.33471e-05 7.02493 0.218553 -1.62118e-05 0.200384 0.899397 1.09277 0.0927671 -2.37766 0.503444 
11 43000 30 2.29329 5.33471e-05 7.02493 0.218536 -1.13378e-05 0.200386 0.899324 1.09268 0.092679 -2.37861 0.504611 
11 43100 30 2.29863 5.33471e-05 7.02493 0.218527 -2.86666e-06 0.20039 0.899288 1.09263 0.092635 -2.37909 0.505779 
11 43200 30 2.30396 5.33471e-05 7.02493 0.21854 8.97704e-06 0.200388 0.89934 1.0927 0.0926976 -2.37841 0.506945 
11 43300 30 2.3093 5.33471e-05 7.02493 0.21853 1.26903e-05 0.200386 0.899299 1.09265 0.0926485 -2.37894 0.508108 
11 43400 30 2.31463 5.33471e-05 7.02493 0.218553 1.1592e-05 0.200385 0.899397 1.09277 0.0927671 -2.37766 0.509272 
11 43500 30 2.31997 5.33471e-05 7.02493 0.218547 1.59745e-05 0.200386 0.899372 1.09274 0.0927368 -2.37799 0.510438 
11 43600 31 2.32528 5.33471e-05 7.02493 0.218533 2.42925e-05 0.200384 0.899312 1.09266 0.0926646 -2.37877 0.511603 
11 43700 31 2.33062 5.33471e-05 7.02493 0.218588 1.91662e-05 0.200381 0.899537 1.09294 0.0929376 -2.37583 0.512768 
11 43800 31 2.33595 5.33471e-05 7.02493 0.218593 2.56268e-05 0.200383 0.899558 1.09296 0.0929634 -2.37555 0.513934 
11 43900 31 2.34129 5.33471e-05 7.02493 0.218571 2.18038e-05 0.200384 0.899471 1.09286 0.0928573 -2.37669 0.5151 
11 44000 31 2.34662 5.33471e-05 7.02493 0.21862 1.79385e-05 0.200381 0.899673 1.0931 0.0931024 -2.37405 0.516267 
11 44100 31 2.35195 5.33471e-05 7.02493 0.218623 1.61784e-05 0.200381 0.899684 1.09312 0.0931157 -2.37391 0.517437 
11 44200 31 2.35729 5.33471e-05 7.02493 0.218601 1.52411e-05 0.200381 0.899594 1.09301 0.0930065 -2.37509 0.518598 
11 44300 31 2.36262 5.33471e-05 7.02493 0.218608 1.68818e-05 0.200381 0.899622 1.09304 0.0930402 -2.37472 0.519763 
11 44400 31 2.36796 5.33471e-05 7.02493 0.218559 1.42311e-05 0.200386 0.899418 1.09279 0.0927928 -2.37739 0.520929 
11 44500 31 2.37329 5.33471e-05 7.02493 0.21853 8.64956e-06 0.200387 0.899302 1.09265 0.0926517 -2.37891 0.522095 
11 44600 31 2.37863 5.33471e-05 7.02493 0.218529 9.17484e-06 0.200384 0.899297 1.09265 0.0926464 -2.37896 0.523262 
11 44700 31 2.38396 5.33471e-05 7.02493 0.218509 6.26093e-06 0.200388 0.899212 1.09254 0.0925426 -2.38009 0.524427 
11 44800 31 2.3893 5.33471e-05 7.02493 0.218525 -2.30274e-06 0.200386 0.89928 1.09262 0.0926248 -2.3792 0.525594 
11 44900 31 2.39463 5.33471e-05 7.02493 0.218514 -6.6253e-06 0.200385 0.899234 1.09257 0.0925691 -2.3798 0.526761 
11 45000 31 2.39997 5.33471e-05 7.02493 0.21855 3.63499e-06 0.200383 0.899381 1.09275 0.0927483 -2.37787 0.527928 
11 45100 32 2.40528 5.33471e-05 7.02493 0.218541 8.10375e-06 0.200385 0.899346 1.09271 0.0927052 -2.37833 0.529094 
11 45200 32 2.41062 5.33471e-05 7.02493 0.218498 -1.1239e-06 0.200389 0.899169 1.09249 0.0924908 -2.38065 0.53026 
11 45300 32 2.41595 5.33471e-05 7.02493 0.218501 -1.8887e-06 0.200387 0.899181 1.0925 0.0925045 -2.3805 0.53143 
11 45400 32 2.42129 5.33471e-05 7.02493 0.218498 -7.63142e-07 0.200387 0.899169 1.09249 0.0924899 -2.38066 0.532593 
11 45500 32 2.42662 5.33471e-05 7.02493 0.218503 7.97741e-08 0.200387 0.899191 1.09252 0.0925165 -2.38037 0.533764 
11 45600 32 2.43195 5.33471e-05 7.02493 0.218514 -3.926e-06 0.200386 0.899236 1.09257 0.0925713 -2.37978 0.534928 
11 45700 32 2.43729 5.33471e-05 7.02493 0.218527 -6.88071e-06 0.200386 0.899288 1.09263 0.0926349 -2.37909 0.536095 
11 45800 32 2.44262 5.33471e-05 7.02493 0.218497 -5.70775e-06 0.200389 0.899163 1.09248 0.0924836 -2.38072 0.537261 
11 45900 32 2.44796 5.33471e-05 7.02493 0.21849 -1.60355e-06 0.200388 0.899138 1.09245 0.0924524 -2.38106 0.538424 
11 46000 32 2.45329 5.33471e-05 7.02493 0.218485 1.73353e-05 0.200387 0.899116 1.09243 0.0924262 -2.38134 0.539588 
11 46100 32 2.45863 5.33471e-05 7.02493 0.218498 8.48689e-06 0.200386 0.89917 1.09249 0.0924918 -2.38063 0.540752 
11 46200 32 2.46396 5.33471e-05 7.02493 0.218507 -1.53529e-06 0.200386 0.899204 1.09253 0.0925329 -2.38019 0.541918 
11 46300 32 2.4693 5.33471e-05 7.02493 0.218527 4.54633e-07 0.200384 0.899287 1.09263 0.092634 -2.3791 0.543086 
11 46400 32 2.47463 5.33471e-05 7.02493 0.218558 -4.3471e-06 0.200384 0.899414 1.09279 0.0927878 -2.37744 0.544248 
11 46500 32 2.47997 5.33471e-05 7.02493 0.218537 4.79628e-06 0.200384 0.899327 1.09268 0.0926825 -2.37858 0.545413 
11 46600 33 2.48528 5.33471e-05 7.02493 0.218547 2.75266e-06 0.200383 0.899371 1.09274 0.092736 -2.378 0.54658 
11 46700 33 2.49062 5.33471e-05 7.02493 0.218554 2.18478e-06 0.200384 0.899398 1.09277 0.0927691 -2.37764 0.547752 
11 46800 33 2.49595 5.33471e-05 7.02493 0.218532 5.83214e-06 0.200387 0.899308 1.09266 0.0926597 -2.37882 0.548916 
11 46900 33 2.50129 5.33471e-05 7.02493 0.218544 3.48347e-06 0.200385 0.899359 1.09272 0.092721 -2.37816 0.550082 
11 47000 33 2.50662 5.33471e-05 7.02493 0.218557 2.39692e-06 0.200385 0.899411 1.09278 0.0927849 -2.37747 0.551242 
11 47100 33 2.51195 5.33471e-05 7.02493 0.218504 2.485e-06 0.20039 0.899192 1.09252 0.0925186 -2.38035 0.552407 
11 47200 33 2.51729 5.33471e-05 7.02493 0.218482 -2.4869e-06 0.200389 0.899104 1.09241 0.0924111 -2.38151 0.553573 
11 47300 33 2.52262 5.33471e-05 7.02493 0.218463 5.34863e-06 0.200389 0.899025 1.09231 0.092315 -2.38255 0.554739 
11 47400 33 2.52796 5.33471e-05 7.02493 0.218448 1.31052e-05 0.200392 0.898965 1.09224 0.0922421 -2.38334 0.555912 
11 47500 33 2.53329 5.33471e-05 7.02493 0.218471 1.13136e-05 0.20039 0.899058 1.09236 0.0923556 -2.38211 0.557071 
11 47600 33 2.53863 5.33471e-05 7.02493 0.218455 7.50137e-06 0.200391 0.898994 1.09228 0.0922773 -2.38296 0.558237 
11 47700 33 2.54396 5.33471e-05 7.02493 0.218493 6.81124e-06 0.200388 0.899148 1.09247 0.0924653 -2.38092 0.559404 
11 47800 33 2.5493 5.33471e-05 7.02493 0.218488 1.07236e-05 0.20039 0.899127 1.09244 0.0924399 -2.3812 0.56057 
11 47900 33 2.55463 5.33471e-05 7.02493 0.218451 1.89881e-05 0.200393 0.898974 1.09225 0.0922538 -2.38321 0.56174 
11 48000 33 2.55997 5.33471e-05 7.02493 0.218462 1.66734e-05 0.200391 0.899021 1.09231 0.0923104 -2.3826 0.562906 
11 48100 34 2.56528 5.33471e-05 7.02493 0.218467 1.66605e-05 0.20039 0.89904 1.09233 0.0923334 -2.38235 0.564071 
11 48200 34 2.57062 5.33471e-05 7.02493 0.218464 1.50737e-05 0.200389 0.89903 1.09232 0.0923213 -2.38248 0.565234 
11 48300 34 2.57595 5.33471e-05 7.02493 0.218468 7.39969e-06 0.200388 0.899047 1.09234 0.0923423 -2.38225 0.5664 
11 48400 34 2.58129 5.33471e-05 7.02493 0.218477 -4.11043e-06 0.20039 0.899081 1.09238 0.0923835 -2.38181 0.56757 
11 48500 34 2.58662 5.33471e-05 7.02493 0.218433 -1.46889e-05 0.200394 0.898902 1.09217 0.0921664 -2.38416 0.568735 
11 48600 34 2.59195 5.33471e-05 7.02493 0.218438 -3.67827e-05 0.200393 0.898921 1.09219 0.0921885 -2.38392 0.569898 
11 48700 34 2.59729 5.33471e-05 7.02493 0.218444 -1.43165e-05 0.20039 0.898945 1.09222 0.0922187 -2.38359 0.571062 
11 48800 34 2.60262 5.33471e-05 7.02493 0.218465 -1.65238e-05 0.200389 0.899032 1.09232 0.092324 -2.38245 0.572226 
11 48900 34 2.60796 5.33471e-05 7.02493 0.218454 -3.87648e-05 0.200389 0.898987 1.09227 0.0922689 -2.38305 0.573392 
11 49000 34 2.61329 5.33471e-05 7.02493 0.218495 -4.85644e-05 0.200387 0.899155 1.09247 0.092473 -2.38084 0.574562 
11 49100 34 2.61863 5.33471e-05 7.02493 0.218527 -6.39555e-05 0.200384 0.899286 1.09263 0.0926329 -2.37911 0.575721 
11 49200 34 2.62396 5.33471e-05 7.02493 0.218494 -4.50667e-05 0.200387 0.899153 1.09247 0.0924715 -2.38086 0.576887 
11 49300 34 2.6293 5.33471e-05 7.02493 0.21852 -4.22013e-05 0.200385 0.899259 1.0926 0.0925995 -2.37947 0.578051 
11 49400 34 2.63463 5.33471e-05 7.02493 0.218517 -4.2933e-05 0.200387 0.899247 1.09259 0.0925854 -2.37962 0.579221 
11 49500 34 2.63997 5.33471e-05 7.02493 0.218493 -3.02745e-05 0.200389 0.899147 1.09246 0.0924636 -2.38094 0.580387 
11 49600 35 2.64528 5.33471e-05 7.02493 0.218523 -1.97757e-05 0.200387 0.899273 1.09262 0.0926172 -2.37928 0.581549 
11 49700 35 2.65062 5.33471e-05 7.02493 0.218488 -1.01241e-05 0.200389 0.899126 1.09244 0.0924384 -2.38121 0.582713 
11 49800 35 2.65595 5.33471e-05 7.02493 0.218445 -4.99065e-06 0.200393 0.898951 1.09222 0.0922249 -2.38352 0.583879 
11 49900 35 2.66129 5.33471e-05 7.02493 0.21843 1.0254e-05 0.200393 0.898887 1.09215 0.0921482 -2.38436 0.585045 
11 50000 35 2.66662 5.33471e-05 7.02493 0.218419 -7.91854e-07 0.20039 0.898842 1.09209 0.0920935 -2.38495 0.586211 
11 50100 35 2.67195 5.33471e-05 7.02493 0.218433 -2.85012e-06 0.20039 0.898902 1.09217 0.0921659 -2.38417 0.587377 
11 50200 35 2.67729 5.33471e-05 7.02493 0.21842 1.12051e-05 0.200393 0.898848 1.0921 0.0921001 -2.38488 0.588542 
11 50300 35 2.68262 5.33471e-05 7.02493 0.218398 1.96139e-05 0.200394 0.898759 1.09199 0.0919919 -2.38605 0.589711 
11 50400 35 2.68796 5.33471e-05 7.02493 0.218421 2.38631e-05 0.20039 0.898854 1.09211 0.0921075 -2.3848 0.590874 
11 50500 35 2.69329 5.33471e-05 7.02493 0.218434 1.66606e-05 0.20039 0.898904 1.09217 0.0921685 -2.38414 0.59204 
11 50600 35 2.69863 5.33471e-05 7.02493 0.218411 1.35289e-05 0.200393 0.898811 1.09205 0.0920548 -2.38537 0.593209 
11 50700 35 2.70396 5.33471e-05 7.02493 0.218426 1.01225e-05 0.20039 0.898871 1.09213 0.092128 -2.38458 0.594374 
11 50800 35 2.7093 5.33471e-05 7.02493 0.218412 1.12035e-05 0.200395 0.898814 1.09206 0.0920585 -2.38533 0.595541 
11 50900 35 2.71463 5.33471e-05 7.02493 0.218381 -5.56392e-06 0.200395 0.898686 1.0919 0.0919035 -2.38702 0.596707 
11 51000 35 2.71997 5.33471e-05 7.02493 0.218422 -6.78043e-06 0.200392 0.898856 1.09211 0.0921099 -2.38477 0.597871 
11 51100 36 2.72528 5.33471e-05 7.02493 0.218453 -8.22798e-06 0.200392 0.898984 1.09227 0.0922658 -2.38308 0.599038 
11 51200 36 2.73062 5.33471e-05 7.02493 0.218418 3.70698e-06 0.200394 0.89884 1.09209 0.0920902 -2.38499 0.600203 
11 51300 36 2.73595 5.33471e-05 7.02493 0.218406 9.19429e-09 0.200393 0.89879 1.09203 0.09203 -2.38564 0.601365 
11 51400 36 2.74129 5.33471e-05 7.02493 0.218451 3.37997e-06 0.200389 0.898974 1.09225 0.0922534 -2.38322 0.602529 
11 51500 36 2.74662 5.33471e-05 7.02493 0.218463 1.86686e-07 0.200389 0.899024 1.09231 0.0923147 -2.38255 0.603694 
11 51600 36 2.75195 5.33471e-05 7.02493 0.218435 -5.37929e-06 0.200391 0.89891 1.09218 0.0921762 -2.38405 0.604859 
11 51700 36 2.75729 5.33471e-05 7.02493 0.218481 -3.58398e-06 0.200387 0.899097 1.0924 0.0924033 -2.38159 0.606024 
11 51800 36 2.76262 5.33471e-05 7.02493 0.218476 -6.11943e-06 0.200389 0.899079 1.09238 0.0923814 -2.38183 0.607189 
11 51900 36 2.76796 5.33471e-05 7.02493 0.218469 -1.38852e-06 0.200391 0.89905 1.09235 0.0923463 -2.38221 0.608359 
11 52000 36 2.77329 5.33471e-05 7.02493 0.21848 -1.98335e-06 0.200388 0.899096 1.0924 0.0924011 -2.38162 0.60952 
11 52100 36 2.77863 5.33471e-05 7.02493 0.21846 -1.43025e-06 0.200391 0.899013 1.0923 0.0923013 -2.3827 0.61069 
11 52200 36 2.78396 5.33471e-05 7.02493 0.218448 5.92584e-06 0.200392 0.898961 1.09224 0.0922378 -2.38339 0.61185 
11 52300 36 2.7893 5.33471e-05 7.02493 0.218467 1.589e-06 0.20039 0.89904 1.09233 0.0923333 -2.38235 0.613014 
11 52400 36 2.79463 5.33471e-05 7.02493 0.218447 -1.67447e-06 0.200392 0.898959 1.09223 0.0922348 -2.38342 0.614179 
11 52500 36 2.79997 5.33471e-05 7.02493 0.218399 -2.29826e-05 0.200395 0.898763 1.092 0.0919974 -2.38599 0.615345 
11 52600 37 2.80528 5.33471e-05 7.02493 0.218375 -4.4384e-05 0.200396 0.898662 1.09187 0.0918742 -2.38734 0.61651 
11 52700 37 2.81062 5.33471e-05 7.02493 0.218388 -5.09596e-05 0.200394 0.898717 1.09194 0.0919412 -2.38661 0.617676 
11 52800 37 2.81595 5.33471e-05 7.02493 0.218439 -4.05059e-05 0.200392 0.898925 1.09219 0.0921936 -2.38386 0.618842 
11 52900 37 2.82129 5.33471e-05 7.02493 0.218414 -2.06403e-05 0.200393 0.898821 1.09207 0.0920678 -2.38523 0.620007 
11 53000 37 2.82662 5.33471e-05 7.02493 0.218422 -7.02474e-06 0.200393 0.898858 1.09211 0.0921122 -2.38475 0.621178 
11 53100 37 2.83195 5.33471e-05 7.02493 0.218466 -5.65256e-06 0.200389 0.899035 1.09233 0.0923279 -2.38241 0.622339 
11 53200 37 2.83729 5.33471e-05 7.02493 0.218444 -7.17856e-06 0.200391 0.898946 1.09222 0.09222 -2.38358 0.623506 
11 53300 37 2.84262 5.33471e-05 7.02493 0.218436 1.0435e-05 0.200392 0.898912 1.09218 0.0921776 -2.38404 0.624674 
11 53400 37 2.84796 5.33471e-05 7.02493 0.218448 1.86687e-05 0.20039 0.898964 1.09224 0.0922412 -2.38335 0.625839 
11 53500 37 2.85329 5.33471e-05 7.02493 0.218419 1.86296e-06 0.200394 0.898845 1.0921 0.0920962 -2.38492 0.627005 
11 53600 37 2.85863 5.33471e-05 7.02493 0.218391 -1.39139e-05 0.200393 0.898727 1.09195 0.091953 -2.38648 0.628172 
11 53700 37 2.86396 5.33471e-05 7.02493 0.218404 -3.9873e-05 0.200395 0.898781 1.09202 0.0920185 -2.38577 0.62934 
11 53800 37 2.8693 5.33471e-05 7.02493 0.218422 -5.64101e-05 0.200394 0.898856 1.09211 0.0921104 -2.38477 0.630504 
11 53900 37 2.87463 5.33471e-05 7.02493 0.218401 -6.06625e-05 0.200394 0.898769 1.092 0.0920048 -2.38591 0.631667 
11 54000 37 2.87997 5.33471e-05 7.02493 0.218388 -6.0839e-05 0.200394 0.898715 1.09194 0.0919387 -2.38663 0.63283 
11 54100 38 2.88528 5.33471e-05 7.02493 0.218423 -4.47408e-05 0.20039 0.898858 1.09211 0.0921128 -2.38474 0.633994 
11 54200 38 2.89062 5.33471e-05 7.02493 0.218423 -3.44387e-05 0.200391 0.898858 1.09211 0.092113 -2.38474 0.635159 
11 54300 38 2.89595 5.33471e-05 7.02493 0.218426 -3.4035e-05 0.200392 0.898873 1.09213 0.0921307 -2.38455 0.636324 
11 54400 38 2.90129 5.33471e-05 7.02493 0.218436 -1.83155e-05 0.20039 0.898913 1.09218 0.0921787 -2.38403 0.637489 
11 54500 38 2.90662 5.33471e-05 7.02493 0.218421 -1.43598e-05 0.200392 0.89885 1.0921 0.0921032 -2.38485 0.638653 
11 54600 38 2.91195 5.33471e-05 7.02493 0.218434 -6.03771e-06 0.200392 0.898906 1.09217 0.0921711 -2.38411 0.639822 
11 54700 38 2.91729 5.33471e-05 7.02493 0.218428 -2.83678e-07 0.20039 0.898879 1.09214 0.0921379 -2.38447 0.640983 
11 54800 38 2.92262 5.33471e-05 7.02493 0.218426 -7.50482e-06 0.200392 0.898873 1.09213 0.0921313 -2.38454 0.642156 
11 54900 38 2.92796 5.33471e-05 7.02493 0.218439 -1.54864e-05 0.200392 0.898926 1.0922 0.0921954 -2.38384 0.643312 
11 55000 38 2.93329 5.33471e-05 7.02493 0.218429 -2.51479e-05 0.200391 0.898885 1.09215 0.0921451 -2.38439 0.644478 
11 55100 38 2.93863 5.33471e-05 7.02493 0.21842 -3.00895e-05 0.200393 0.898848 1.0921 0.0920999 -2.38488 0.645644 
11 55200 38 2.94396 5.33471e-05 7.02493 0.218393 -1.86669e-05 0.200395 0.898735 1.09196 0.0919628 -2.38637 0.646809 
11 55300 38 2.9493 5.33471e-05 7.02493 0.218374 -8.6446e-06 0.200396 0.89866 1.09187 0.091872 -2.38736 0.647974 
11 55400 38 2.95463 5.33471e-05 7.02493 0.218383 -1.5115e-05 0.200392 0.898695 1.09191 0.0919139 -2.3869 0.649149 
11 55500 38 2.95997 5.33471e-05 7.02493 0.218397 -1.22356e-05 0.200392 0.898755 1.09199 0.0919868 -2.38611 0.650305 
11 55600 39 2.96528 5.33471e-05 7.02493 0.218369 7.76624e-07 0.200394 0.898639 1.09185 0.0918463 -2.38764 0.65147 
11 55700 39 2.97062 5.33471e-05 7.02493 0.218379 -1.23287e-05 0.200393 0.898677 1.09189 0.0918926 -2.38713 0.652637 
11 55800 39 2.97595 5.33471e-05 7.02493 0.218379 -2.27516e-05 0.200393 0.89868 1.0919 0.0918962 -2.3871 0.653802 
11 55900 39 2.98129 5.33471e-05 7.02493 0.218356 -2.84224e-05 0.200394 0.898584 1.09178 0.0917792 -2.38837 0.65497 
11 56000 39 2.98662 5.33471e-05 7.02493 0.218329 -1.28168e-05 0.200395 0.898473 1.09165 0.0916453 -2.38983 0.656136 
11 56100 39 2.99195 5.33471e-05 7.02493 0.218382 -1.46094e-05 0.200392 0.89869 1.09191 0.0919089 -2.38696 0.657301 
11 56200 39 2.99729 5.33471e-05 7.02493 0.218337 -5.40684e-06 0.200396 0.898504 1.09168 0.0916827 -2.38942 0.658467 
11 56300 39 3.00262 5.33471e-05 7.02493 0.218353 5.28097e-06 0.200394 0.898574 1.09177 0.091767 -2.3885 0.659632 
11 56400 39 3.00796 5.33471e-05 7.02493 0.2184 -5.48918e-06 0.200392 0.898764 1.092 0.0919986 -2.38598 0.660798 
11 56500 39 3.01329 5.33471e-05 7.02493 0.218402 1.09819e-05 0.200394 0.898775 1.09201 0.092012 -2.38584 0.661963 
11 56600 39 3.01863 5.33471e-05 7.02493 0.218341 1.81158e-05 0.200396 0.898523 1.09171 0.0917055 -2.38917 0.663128 
11 56700 39 3.02396 5.33471e-05 7.02493 0.218366 3.28936e-05 0.200394 0.898624 1.09183 0.0918279 -2.38784 0.664289 
11 56800 39 3.0293 5.33471e-05 7.02493 0.218402 2.30052e-05 0.20039 0.898776 1.09201 0.0920123 -2.38583 0.665454 
11 56900 39 3.03463 5.33471e-05 7.02493 0.218392 2.16235e-05 0.20039 0.898734 1.09196 0.0919616 -2.38638 0.666619 
11 57000 39 3.03997 5.33471e-05 7.02493 0.218406 1.84797e-05 0.20039 0.898792 1.09203 0.0920325 -2.38561 0.667783 
11 57100 40 3.04528 5.33471e-05 7.02493 0.218396 1.42018e-05 0.20039 0.898748 1.09198 0.0919788 -2.3862 0.668948 
11 57200 40 3.05062 5.33471e-05 7.02493 0.21839 1.32009e-05 0.200392 0.898724 1.09195 0.0919501 -2.38651 0.670113 
11 57300 40 3.05595 5.33471e-05 7.02493 0.218386 1.39675e-05 0.200393 0.898708 1.09193 0.0919303 -2.38672 0.671277 
11 57400 40 3.06129 5.33471e-05 7.02493 0.218392 1.73585e-05 0.200392 0.898733 1.09196 0.0919604 -2.3864 0.672448 
11 57500 40 3.06662 5.33471e-05 7.02493 0.21841 1.47633e-05 0.200394 0.898806 1.09205 0.0920496 -2.38543 0.673616 
11 57600 40 3.07195 5.33471e-05 7.02493 0.21843 2.63807e-05 0.200392 0.898889 1.09215 0.0921499 -2.38434 0.674774 
11 57700 40 3.07729 5.33471e-05 7.02493 0.218419 2.6874e-05 0.200391 0.898845 1.0921 0.092097 -2.38491 0.675937 
11 57800 40 3.08262 5.33471e-05 7.02493 0.218406 3.28511e-05 0.200394 0.898791 1.09203 0.092031 -2.38563 0.677102 
11 57900 40 3.08796 5.33471e-05 7.02493 0.218354 3.70039e-05 0.200397 0.898575 1.09177 0.0917686 -2.38849 0.678268 
11 58000 40 3.09329 5.33471e-05 7.02493 0.218337 4.19421e-05 0.200396 0.898505 1.09168 0.0916842 -2.38941 0.679432 
11 58100 40 3.09863 5.33471e-05 7.02493 0.218383 3.41553e-05 0.200393 0.898694 1.09191 0.0919136 -2.38691 0.680606 
11 58200 40 3.10396 5.33471e-05 7.02493 0.218367 1.99011e-05 0.200394 0.898628 1.09183 0.0918332 -2.38778 0.681763 
11 58300 40 3.1093 5.33471e-05 7.02493 0.218332 1.51168e-05 0.200396 0.898486 1.09166 0.0916603 -2.38967 0.682929 
11 58400 40 3.11463 5.33471e-05 7.02493 0.218356 2.10064e-05 0.200393 0.898586 1.09178 0.0917818 -2.38834 0.684099 
11 58500 40 3.11997 5.33471e-05 7.02493 0.218336 2.14112e-05 0.200395 0.8985 1.09168 0.0916776 -2.38948 0.68526 
11 58600 41 3.12528 5.33471e-05 7.02493 0.21834 2.04765e-05 0.200396 0.898518 1.0917 0.0916996 -2.38924 0.686427 
11 58700 41 3.13062 5.33471e-05 7.02493 0.218334 1.9472e-05 0.200396 0.898493 1.09167 0.0916685 -2.38958 0.687594 
11 58800 41 3.13595 5.33471e-05 7.02493 0.218347 2.00745e-05 0.200394 0.898547 1.09173 0.0917348 -2.38885 0.688758 
11 58900 41 3.14129 5.33471e-05 7.02493 0.218315 1.77952e-05 0.200397 0.898417 1.09158 0.0915769 -2.39058 0.689921 
11 59000 41 3.14662 5.33471e-05 7.02493 0.21832 2.50261e-05 0.200397 0.898438 1.0916 0.0916019 -2.3903 0.69109 
11 59100 41 3.15195 5.33471e-05 7.02493 0.218327 1.49975e-05 0.200397 0.898465 1.09163 0.0916344 -2.38995 0.692256 
11 59200 41 3.15729 5.33471e-05 7.02493 0.21832 -4.88724e-06 0.200397 0.898436 1.0916 0.0915995 -2.39033 0.69342 
11 59300 41 3.16262 5.33471e-05 7.02493 0.218269 -1.42754e-05 0.2004 0.898225 1.09134 0.0913433 -2.39313 0.694584 
11 59400 41 3.16796 5.33471e-05 7.02493 0.21833 -2.00413e-05 0.200394 0.898476 1.09165 0.0916481 -2.3898 0.695745 
11 59500 41 3.17329 5.33471e-05 7.02493 0.218354 -1.79458e-05 0.200393 0.898575 1.09177 0.0917686 -2.38849 0.696909 
11 59600 41 3.17863 5.33471e-05 7.02493 0.218379 -9.13389e-06 0.200392 0.898678 1.09189 0.0918932 -2.38713 0.698074 
11 59700 41 3.18396 5.33471e-05 7.02493 0.218402 -8.74404e-06 0.200389 0.898772 1.09201 0.092008 -2.38588 0.69924 
11 59800 41 3.1893 5.33471e-05 7.02493 0.21839 -7.36063e-06 0.20039 0.898723 1.09195 0.091948 -2.38653 0.700403 
11 59900 41 3.19463 5.33471e-05 7.02493 0.218377 1.67565e-06 0.200392 0.898671 1.09189 0.0918851 -2.38722 0.701569 
11 60000 41 3.19997 5.33471e-05 7.02493 0.218352 2.38817e-06 0.200391 0.898567 1.09176 0.091759 -2.38859 0.702732 
11 60100 42 3.20528 5.33471e-05 7.02493 0.218382 3.76293e-06 0.20039 0.898691 1.09191 0.0919092 -2.38695 0.703905 
11 60200 42 3.21062 5.33471e-05 7.02493 0.218401 1.26199e-05 0.200391 0.89877 1.09201 0.0920052 -2.38591 0.705062 
11 60300 42 3.21595 5.33471e-05 7.02493 0.218412 1.71755e-05 0.20039 0.898813 1.09206 0.0920581 -2.38533 0.706227 
11 60400 42 3.22129 5.33471e-05 7.02493 0.218397 1.95994e-05 0.20039 0.898753 1.09198 0.0919844 -2.38614 0.707392 
11 60500 42 3.22662 5.33471e-05 7.02493 0.218338 7.17634e-06 0.200394 0.898509 1.09169 0.0916886 -2.38936 0.708558 
11 60600 42 3.23195 5.33471e-05 7.02493 0.218303 5.56346e-06 0.200396 0.898365 1.09151 0.0915134 -2.39127 0.709721 
11 60700 42 3.23729 5.33471e-05 7.02493 0.218317 -1.00404e-05 0.200396 0.898424 1.09159 0.0915851 -2.39049 0.710887 
11 60800 42 3.24262 5.33471e-05 7.02493 0.218362 -3.02108e-05 0.200391 0.898611 1.09181 0.0918124 -2.38801 0.712052 
11 60900 42 3.24796 5.33471e-05 7.02493 0.218363 -3.13832e-05 0.200392 0.898611 1.09181 0.0918127 -2.388 0.713217 
11 61000 42 3.25329 5.33471e-05 7.02493 0.218336 -1.66297e-05 0.200395 0.898503 1.09168 0.0916813 -2.38944 0.714389 
11 61100 42 3.25863 5.33471e-05 7.02493 0.21835 -1.51643e-06 0.200391 0.898561 1.09175 0.0917521 -2.38866 0.715551 
11 61200 42 3.26396 5.33471e-05 7.02493 0.218357 -3.81326e-06 0.200392 0.898588 1.09178 0.0917838 -2.38832 0.716714 
11 61300 42 3.2693 5.33471e-05 7.02493 0.218298 9.90814e-06 0.200396 0.898344 1.09149 0.091488 -2.39155 0.717882 
11 61400 42 3.27463 5.33471e-05 7.02493 0.218314 1.40986e-05 0.200394 0.89841 1.09157 0.0915677 -2.39068 0.71905 
11 61500 42 3.27997 5.33471e-05 7.02493 0.218299 1.37902e-05 0.200394 0.898348 1.09149 0.0914927 -2.3915 0.720213 
11 61600 43 3.28528 5.33471e-05 7.02493 0.218269 1.36904e-05 0.200395 0.898224 1.09134 0.0913426 -2.39314 0.721378 
11 61700 43 3.29062 5.33471e-05 7.02493 0.218308 1.28036e-06 0.200394 0.898387 1.09154 0.0915407 -2.39097 0.722544 
11 61800 43 3.29595 5.33471e-05 7.02493 0.218339 -5.7728e-06 0.200393 0.898515 1.0917 0.0916959 -2.38928 0.72371 
11 61900 43 3.30129 5.33471e-05 7.02493 0.218293 -5.60035e-06 0.200396 0.898327 1.09147 0.0914674 -2.39177 0.724873 
11 62000 43 3.30662 5.33471e-05 7.02493 0.218294 -4.42754e-06 0.200397 0.898329 1.09147 0.0914695 -2.39175 0.726035 
11 62100 43 3.31195 5.33471e-05 7.02493 0.218335 -1.24339e-06 0.200392 0.898499 1.09168 0.0916758 -2.3895 0.727199 
11 62200 43 3.31729 5.33471e-05 7.02493 0.218328 1.90039e-06 0.200392 0.898467 1.09164 0.0916378 -2.38991 0.728363 
11 62300 43 3.32262 5.33471e-05 7.02493 0.218356 9.20863e-07 0.200391 0.898585 1.09178 0.091781 -2.38835 0.729528 
11 62400 43 3.32796 5.33471e-05 7.02493 0.218366 -3.3278e-06 0.200389 0.898624 1.09183 0.0918284 -2.38783 0.730691 
11 62500 43 3.33329 5.33471e-05 7.02493 0.218356 -8.70332e-06 0.200391 0.898586 1.09178 0.091782 -2.38834 0.731857 
11 62600 43 3.33863 5.33471e-05 7.02493 0.218356 -3.96636e-07 0.200393 0.898584 1.09178 0.0917794 -2.38837 0.733023 
