11 0 1 0 8.89118e-06 7.02493 0.22101 0 0.200023 0.909508 1.10505 0.105052 -2.2533 7.50531e-07 
11 100 2 0.0017649 1.77824e-05 7.02493 0.220998 1.55385e-08 0.257584 0.909458 1.10499 0.104992 -2.25388 0.000389975 
11 200 2 0.00354314 1.77824e-05 7.02493 0.22131 1.08696e-08 0.307656 0.91074 1.10655 0.106549 -2.23915 0.000784822 
11 300 2 0.00532137 1.77824e-05 7.02493 0.221717 7.15916e-08 0.34531 0.912416 1.10859 0.108585 -2.22022 0.00117861 
11 400 2 0.00709961 1.77824e-05 7.02493 0.222136 2.93162e-08 0.373059 0.914139 1.11068 0.110679 -2.20112 0.00157295 
11 500 2 0.00887785 1.77824e-05 7.02493 0.222505 -7.8059e-08 0.39268 0.915657 1.11252 0.112523 -2.1846 0.00196825 
11 600 2 0.0106561 1.77824e-05 7.02493 0.22286 3.40151e-07 0.405401 0.917118 1.1143 0.114298 -2.16895 0.00236435 
11 700 2 0.0124343 1.77824e-05 7.02493 0.223137 -6.75445e-07 0.412125 0.918259 1.11568 0.115684 -2.15689 0.00276095 
11 800 2 0.0142126 1.77824e-05 7.02493 0.22331 -5.65582e-07 0.4136 0.918972 1.11655 0.116551 -2.14943 0.00315767 
11 900 2 0.0159908 1.77824e-05 7.02493 0.223427 -5.93176e-07 0.410558 0.919452 1.11713 0.117134 -2.14444 0.00355502 
11 1000 2 0.017769 1.77824e-05 7.02493 0.223476 -5.9272e-07 0.40374 0.919652 1.11738 0.117378 -2.14236 0.00395233 
11 1100 2 0.0195473 1.77824e-05 7.02493 0.223438 -7.08576e-07 0.3939 0.919497 1.11719 0.117189 -2.14397 0.00434963 
11 1200 2 0.0213255 1.77824e-05 7.02493 0.223369 -5.37663e-07 0.381762 0.919213 1.11684 0.116844 -2.14692 0.00474685 
11 1300 2 0.0231037 1.77824e-05 7.02493 0.223239 -5.53706e-07 0.36804 0.918678 1.11619 0.116193 -2.1525 0.00514392 
11 1400 2 0.024882 1.77824e-05 7.02493 0.223092 -6.94937e-07 0.353362 0.918075 1.11546 0.115461 -2.15882 0.00554091 
11 1500 2 0.0266602 1.77824e-05 7.02493 0.222942 -1.77357e-06 0.33825 0.917455 1.11471 0.114708 -2.16536 0.00593748 
11 1600 2 0.0284384 1.77824e-05 7.02493 0.222802 -4.24237e-07 0.323175 0.916879 1.11401 0.114008 -2.17149 0.00633376 
11 1700 2 0.0302167 1.77824e-05 7.02493 0.222651 -1.78517e-06 0.308477 0.91626 1.11326 0.113256 -2.17811 0.00672979 
11 1800 2 0.0319949 1.77824e-05 7.02493 0.222517 -1.7042e-06 0.294444 0.915706 1.11258 0.112583 -2.18406 0.0071257 
11 1900 2 0.0337732 1.77824e-05 7.02493 0.222353 -1.49034e-06 0.281232 0.915031 1.11176 0.111763 -2.19138 0.00752134 
11 2000 2 0.0355514 1.77824e-05 7.02493 0.222236 -1.32475e-06 0.268973 0.914553 1.11118 0.111182 -2.19658 0.00791668 
11 2100 2 0.0373296 1.77824e-05 7.02493 0.222116 -9.77491e-07 0.257833 0.914056 1.11058 0.110578 -2.20203 0.00831139 
11 2200 2 0.0391079 1.77824e-05 7.02493 0.221996 1.30711e-07 0.24789 0.913565 1.10998 0.109982 -2.20744 0.00870672 
11 2300 2 0.0408861 1.77824e-05 7.02493 0.221899 5.37952e-06 0.239178 0.913164 1.10949 0.109494 -2.21189 0.00910131 
11 2400 2 0.0426643 1.77824e-05 7.02493 0.221807 8.74879e-06 0.231693 0.912784 1.10903 0.109033 -2.21611 0.00949579 
11 2500 2 0.0444426 1.77824e-05 7.02493 0.221707 1.88346e-05 0.225451 0.912373 1.10853 0.108533 -2.2207 0.00989014 
11 2600 2 0.0462208 1.77824e-05 7.02493 0.221624 3.89768e-05 0.220445 0.912035 1.10812 0.108122 -2.22449 0.0102843 
11 2700 2 0.047999 1.77824e-05 7.02493 0.221547 4.33338e-05 0.216517 0.911714 1.10773 0.107733 -2.2281 0.0106781 
11 2800 2 0.0497773 1.77824e-05 7.02493 0.221441 3.59927e-05 0.213499 0.91128 1.10721 0.107205 -2.23301 0.011072 
11 2900 2 0.0515555 1.77824e-05 7.02493 0.221348 3.096e-05 0.211335 0.910899 1.10674 0.106742 -2.23734 0.0114658 
11 3000 2 0.0533338 1.77824e-05 7.02493 0.221257 3.51642e-05 0.209746 0.910524 1.10629 0.106287 -2.24161 0.0118595 
11 3100 2 0.055112 1.77824e-05 7.02493 0.22114 2.35928e-05 0.208489 0.91004 1.1057 0.105698 -2.24717 0.0122528 
11 3200 2 0.0568902 1.77824e-05 7.02493 0.221114 2.28889e-05 0.207503 0.909932 1.10557 0.105568 -2.2484 0.0126464 
11 3300 2 0.0586685 1.77824e-05 7.02493 0.221095 2.50961e-05 0.206748 0.909857 1.10548 0.105476 -2.24927 0.0130392 
11 3400 2 0.0604467 1.77824e-05 7.02493 0.221098 2.51796e-05 0.20617 0.90987 1.10549 0.105492 -2.24912 0.0134326 
11 3500 2 0.0622249 1.77824e-05 7.02493 0.221101 3.02224e-05 0.205725 0.909882 1.10551 0.105506 -2.24898 0.0138258 
11 3600 2 0.0640032 1.77824e-05 7.02493 0.221081 2.1074e-05 0.205414 0.909799 1.10541 0.105406 -2.24994 0.0142193 
11 3700 2 0.0657814 1.77824e-05 7.02493 0.221081 1.00186e-05 0.205227 0.909798 1.1054 0.105405 -2.24995 0.0146121 
11 3800 2 0.0675596 1.77824e-05 7.02493 0.221055 8.9772e-06 0.205114 0.909689 1.10527 0.105273 -2.2512 0.0150052 
11 3900 2 0.0693379 1.77824e-05 7.02493 0.221008 6.61632e-06 0.20503 0.909499 1.10504 0.105041 -2.25341 0.0153982 
11 4000 2 0.0711161 1.77824e-05 7.02493 0.220899 -6.32064e-06 0.204961 0.909051 1.1045 0.104497 -2.2586 0.0157912 
11 4100 2 0.0728944 1.77824e-05 7.02493 0.220762 -3.44829e-05 0.204912 0.908485 1.10381 0.103809 -2.2652 0.0161838 
11 4200 2 0.0746726 1.77824e-05 7.02493 0.220632 -4.08375e-05 0.204875 0.90795 1.10316 0.103159 -2.27148 0.0165765 
11 4300 2 0.0764508 1.77824e-05 7.02493 0.220594 -4.24426e-05 0.204837 0.907795 1.10297 0.10297 -2.27331 0.0169688 
11 4400 2 0.0782291 1.77824e-05 7.02493 0.220536 -4.7301e-05 0.204806 0.907556 1.10268 0.10268 -2.27613 0.017361 
11 4500 2 0.08 1.77824e-05 7.02493 0.220482 -5.29612e-05 0.204786 0.907334 1.10241 0.102411 -2.27876 0.0177533 
11 4600 3 0.0817782 1.77824e-05 7.02493 0.220392 -5.75494e-05 0.204777 0.906963 1.10196 0.10196 -2.28317 0.0181451 
11 4700 3 0.0835565 1.77824e-05 7.02493 0.220301 -5.84433e-05 0.204775 0.906588 1.1015 0.101505 -2.28765 0.0185372 
11 4800 3 0.0853347 1.77824e-05 7.02493 0.220214 -7.71039e-05 0.204773 0.906229 1.10107 0.101068 -2.29196 0.0189291 
11 4900 3 0.0871129 1.77824e-05 7.02493 0.22013 -9.67482e-05 0.204768 0.905886 1.10065 0.100651 -2.29609 0.0193206 
11 5000 3 0.0888912 1.77824e-05 7.02493 0.220065 -9.85122e-05 0.204756 0.905616 1.10032 0.100323 -2.29936 0.0197119 
11 5100 3 0.0906694 1.77824e-05 7.02493 0.220061 -9.96173e-05 0.204743 0.905601 1.10031 0.100305 -2.29954 0.0201035 
11 5200 3 0.0924477 1.77824e-05 7.02493 0.219995 -7.25637e-05 0.204721 0.905331 1.09998 0.0999768 -2.30282 0.0204948 
11 5300 3 0.0942259 1.77824e-05 7.02493 0.219919 -5.15968e-05 0.204702 0.905018 1.0996 0.0995968 -2.30663 0.0208859 
11 5400 3 0.0960041 1.77824e-05 7.02493 0.219833 -5.11646e-05 0.204686 0.904663 1.09917 0.0991656 -2.31096 0.0212766 
11 5500 3 0.0977824 1.77824e-05 7.02493 0.219721 -4.05179e-05 0.204673 0.904202 1.09861 0.0986059 -2.31662 0.0216675 
11 5600 3 0.0995606 1.77824e-05 7.02493 0.219627 -2.01233e-05 0.204663 0.903814 1.09813 0.0981342 -2.32142 0.0220586 
11 5700 3 0.101339 1.77824e-05 7.02493 0.219565 -1.57086e-05 0.204646 0.903558 1.09782 0.0978227 -2.3246 0.022449 
11 5800 3 0.103117 1.77824e-05 7.02493 0.219575 -3.95296e-06 0.204614 0.903603 1.09788 0.0978771 -2.32404 0.0228391 
11 5900 3 0.104895 1.77824e-05 7.02493 0.21962 1.16275e-05 0.2046 0.903785 1.0981 0.0980986 -2.32178 0.0232298 
11 6000 3 0.106674 1.77824e-05 7.02493 0.219693 2.50619e-05 0.204574 0.904088 1.09847 0.0984666 -2.31804 0.0236204 
11 6100 3 0.108452 1.77824e-05 7.02493 0.219713 2.98024e-05 0.204556 0.904169 1.09856 0.0985649 -2.31704 0.0240109 
11 6200 3 0.11023 1.77824e-05 7.02493 0.219719 3.08634e-05 0.204525 0.904193 1.09859 0.0985949 -2.31674 0.024402 
11 6300 3 0.112008 1.77824e-05 7.02493 0.219709 4.10736e-05 0.2045 0.904153 1.09855 0.0985462 -2.31723 0.0247929 
11 6400 3 0.113786 1.77824e-05 7.02493 0.219675 4.99102e-05 0.204469 0.904011 1.09837 0.0983735 -2.31898 0.0251835 
11 6500 3 0.115565 1.77824e-05 7.02493 0.21963 4.61996e-05 0.204455 0.903826 1.09815 0.0981489 -2.32127 0.0255743 
11 6600 3 0.117343 1.77824e-05 7.02493 0.219553 4.66507e-05 0.204439 0.903508 1.09776 0.0977627 -2.32521 0.0259647 
11 6700 3 0.119121 1.77824e-05 7.02493 0.219492 4.56964e-05 0.204425 0.903257 1.09746 0.0974577 -2.32834 0.0263548 
11 6800 3 0.120899 1.77824e-05 7.02493 0.219443 3.8125e-05 0.20441 0.903056 1.09721 0.0972136 -2.33084 0.0267453 
11 6900 3 0.122678 1.77824e-05 7.02493 0.219392 4.21847e-05 0.204398 0.902847 1.09696 0.0969591 -2.33347 0.0271355 
11 7000 3 0.124456 1.77824e-05 7.02493 0.219347 2.03471e-05 0.204387 0.902661 1.09673 0.0967329 -2.3358 0.0275255 
11 7100 3 0.126234 1.77824e-05 7.02493 0.219315 -2.45111e-06 0.204377 0.902532 1.09658 0.0965759 -2.33743 0.0279159 
11 7200 3 0.128012 1.77824e-05 7.02493 0.219273 -8.42997e-06 0.204365 0.902358 1.09636 0.0963647 -2.33962 0.028306 
11 7300 3 0.129791 1.77824e-05 7.02493 0.219251 4.11076e-06 0.204349 0.902269 1.09626 0.0962574 -2.34073 0.0286959 
11 7400 3 0.131569 1.77824e-05 7.02493 0.219197 1.35389e-05 0.204328 0.902043 1.09598 0.0959827 -2.34359 0.0290855 
11 7500 3 0.133347 1.77824e-05 7.02493 0.219112 1.48515e-05 0.204311 0.901695 1.09556 0.095559 -2.34801 0.0294755 
11 7600 3 0.135125 1.77824e-05 7.02493 0.219029 9.12839e-06 0.204303 0.901355 1.09515 0.0951465 -2.35234 0.0298649 
11 7700 3 0.136904 1.77824e-05 7.02493 0.218992 -1.74838e-05 0.204292 0.901202 1.09496 0.0949599 -2.3543 0.0302545 
11 7800 3 0.138682 1.77824e-05 7.02493 0.218952 -3.18349e-05 0.204285 0.901038 1.09476 0.0947608 -2.3564 0.0306439 
11 7900 3 0.14046 1.77824e-05 7.02493 0.218921 -5.78466e-05 0.204278 0.900908 1.0946 0.0946026 -2.35807 0.0310331 
11 8000 3 0.142238 1.77824e-05 7.02493 0.218917 -8.3263e-05 0.204276 0.900891 1.09458 0.0945832 -2.35828 0.0314224 
11 8100 3 0.144017 1.77824e-05 7.02493 0.218881 -0.000108369 0.204282 0.900744 1.0944 0.0944037 -2.36017 0.031812 
11 8200 3 0.145795 1.77824e-05 7.02493 0.218826 -0.000110847 0.20428 0.900517 1.09413 0.0941281 -2.3631 0.0322008 
11 8300 3 0.147573 1.77824e-05 7.02493 0.218763 -0.000127707 0.204274 0.900257 1.09381 0.0938126 -2.36646 0.0325902 
11 8400 3 0.149351 1.77824e-05 7.02493 0.218703 -0.000113511 0.204267 0.900012 1.09351 0.093514 -2.36964 0.0329793 
11 8500 3 0.151129 1.77824e-05 7.02493 0.218623 -9.95328e-05 0.204254 0.899684 1.09312 0.0931165 -2.3739 0.0333679 
11 8600 3 0.152908 1.77824e-05 7.02493 0.218586 -6.71254e-05 0.204239 0.899533 1.09293 0.092932 -2.37589 0.0337568 
11 8700 3 0.154686 1.77824e-05 7.02493 0.218609 -4.75037e-05 0.204228 0.899626 1.09305 0.093046 -2.37466 0.0341459 
11 8800 3 0.156464 1.77824e-05 7.02493 0.218589 -3.70547e-05 0.20421 0.899545 1.09295 0.0929469 -2.37573 0.0345345 
11 8900 3 0.158242 1.77824e-05 7.02493 0.218547 -2.17509e-05 0.204201 0.899369 1.09273 0.0927329 -2.37803 0.034923 
11 9000 4 0.160018 1.77824e-05 7.02493 0.218522 -7.43885e-06 0.204194 0.899266 1.09261 0.0926087 -2.37937 0.035312 
11 9100 4 0.161796 1.77824e-05 7.02493 0.218547 -6.5737e-06 0.204177 0.899371 1.09274 0.0927352 -2.37801 0.0357006 
11 9200 4 0.163574 1.77824e-05 7.02493 0.218552 -2.79399e-05 0.204157 0.899389 1.09276 0.0927578 -2.37776 0.0360893 
11 9300 4 0.165352 1.77824e-05 7.02493 0.218539 -4.04696e-05 0.204132 0.899338 1.0927 0.0926951 -2.37844 0.0364777 
11 9400 4 0.167131 1.77824e-05 7.02493 0.218536 -0.000125399 0.204119 0.899326 1.09268 0.0926811 -2.37859 0.0368666 
11 9500 4 0.168909 1.77824e-05 7.02493 0.218447 -0.000259832 0.204116 0.89896 1.09224 0.0922368 -2.3834 0.0372553 
11 9600 4 0.170687 1.77824e-05 7.02493 0.218417 -0.000276932 0.204095 0.898836 1.09209 0.0920853 -2.38504 0.0376436 
11 9700 4 0.172465 1.77824e-05 7.02493 0.218406 -0.000282359 0.204074 0.898792 1.09203 0.0920317 -2.38562 0.0380323 
11 9800 4 0.174244 1.77824e-05 7.02493 0.218384 -0.000301221 0.204059 0.898701 1.09192 0.0919212 -2.38682 0.038421 
11 9900 4 0.176022 1.77824e-05 7.02493 0.218416 -0.000293673 0.204037 0.898831 1.09208 0.0920796 -2.3851 0.0388093 
11 10000 4 0.1778 1.77824e-05 7.02493 0.218379 -0.000255029 0.204031 0.898678 1.09189 0.0918936 -2.38712 0.0391977 
11 10100 4 0.179578 1.77824e-05 7.02493 0.218346 -0.000222726 0.204019 0.898541 1.09173 0.0917277 -2.38893 0.039586 
11 10200 4 0.181357 1.77824e-05 7.02493 0.21831 -0.000194735 0.204013 0.898394 1.09155 0.0915486 -2.39088 0.0399742 
11 10300 4 0.183135 1.77824e-05 7.02493 0.218304 -0.000170252 0.204003 0.898369 1.09152 0.0915184 -2.39122 0.0403625 
11 10400 4 0.184913 1.77824e-05 7.02493 0.218283 -0.000165103 0.203992 0.898284 1.09141 0.0914148 -2.39235 0.0407507 
11 10500 4 0.186691 1.77824e-05 7.02493 0.218248 -0.000152576 0.203982 0.898142 1.09124 0.091242 -2.39424 0.0411388 
11 10600 4 0.18847 1.77824e-05 7.02493 0.218184 -0.00011281 0.203975 0.897878 1.09092 0.090922 -2.39775 0.041527 
11 10700 4 0.190248 1.77824e-05 7.02493 0.218119 -7.92646e-05 0.203965 0.89761 1.0906 0.0905965 -2.40134 0.0419152 
11 10800 4 0.192026 1.77824e-05 7.02493 0.218079 -6.23332e-05 0.203955 0.897443 1.09039 0.0903936 -2.40358 0.0423027 
11 10900 4 0.193804 1.77824e-05 7.02493 0.218096 -7.98271e-05 0.203945 0.897514 1.09048 0.0904794 -2.40263 0.0426909 
11 11000 4 0.195583 1.77824e-05 7.02493 0.218071 -7.76268e-05 0.203932 0.897412 1.09036 0.0903557 -2.404 0.0430787 
11 11100 4 0.197361 1.77824e-05 7.02493 0.218054 -5.77788e-05 0.203914 0.897342 1.09027 0.09027 -2.40495 0.0434665 
11 11200 4 0.199139 1.77824e-05 7.02493 0.218009 -3.39194e-05 0.203906 0.897156 1.09004 0.0900444 -2.40745 0.0438538 
11 11300 4 0.200917 1.77824e-05 7.02493 0.217946 -3.79314e-05 0.203898 0.896898 1.08973 0.0897311 -2.41094 0.0442414 
11 11400 4 0.202695 1.77824e-05 7.02493 0.217915 -4.78831e-05 0.203891 0.896768 1.08957 0.0895727 -2.4127 0.0446293 
11 11500 4 0.204474 1.77824e-05 7.02493 0.217898 -4.2161e-05 0.203883 0.8967 1.08949 0.0894902 -2.41363 0.0450169 
11 11600 4 0.206252 1.77824e-05 7.02493 0.217876 -5.43753e-05 0.203876 0.89661 1.08938 0.0893806 -2.41485 0.0454044 
11 11700 4 0.20803 1.77824e-05 7.02493 0.217848 -3.77337e-05 0.203877 0.896495 1.08924 0.0892419 -2.4164 0.0457917 
11 11800 4 0.209808 1.77824e-05 7.02493 0.217785 -2.81093e-05 0.20388 0.896236 1.08893 0.0889272 -2.41994 0.0461791 
11 11900 4 0.211587 1.77824e-05 7.02493 0.21769 -1.88861e-05 0.20388 0.895846 1.08845 0.0884525 -2.42529 0.0465666 
11 12000 4 0.213365 1.77824e-05 7.02493 0.217591 -8.25194e-06 0.203873 0.895437 1.08796 0.0879561 -2.43092 0.0469537 
11 12100 4 0.215143 1.77824e-05 7.02493 0.217545 1.24011e-05 0.20386 0.895245 1.08772 0.087723 -2.43357 0.0473405 
11 12200 4 0.216921 1.77824e-05 7.02493 0.217538 4.98755e-05 0.203844 0.895216 1.08769 0.087688 -2.43397 0.0477273 
11 12300 4 0.2187 1.77824e-05 7.02493 0.217528 6.56059e-05 0.20383 0.895178 1.08764 0.0876416 -2.4345 0.0481142 
11 12400 4 0.220478 1.77824e-05 7.02493 0.217526 8.15957e-05 0.20382 0.895168 1.08763 0.0876289 -2.43464 0.0485009 
11 12500 4 0.222256 1.77824e-05 7.02493 0.217482 8.20583e-05 0.203814 0.894987 1.08741 0.0874087 -2.43716 0.0488879 
11 12600 4 0.224034 1.77824e-05 7.02493 0.21744 8.19546e-05 0.20381 0.894817 1.0872 0.0872024 -2.43952 0.0492745 
11 12700 4 0.225813 1.77824e-05 7.02493 0.217413 8.20088e-05 0.203806 0.894703 1.08706 0.0870641 -2.44111 0.0496613 
11 12800 4 0.227591 1.77824e-05 7.02493 0.217356 8.53131e-05 0.203794 0.894471 1.08678 0.0867819 -2.44436 0.0500479 
11 12900 4 0.229369 1.77824e-05 7.02493 0.217326 9.63148e-05 0.203771 0.894344 1.08663 0.0866284 -2.44613 0.0504343 
11 13000 4 0.231147 1.77824e-05 7.02493 0.217349 9.71246e-05 0.203757 0.89444 1.08675 0.086745 -2.44478 0.0508208 
11 13100 4 0.232925 1.77824e-05 7.02493 0.217378 7.14077e-05 0.203746 0.894559 1.08689 0.0868887 -2.44313 0.0512073 
11 13200 4 0.234704 1.77824e-05 7.02493 0.217426 7.36307e-05 0.203739 0.894758 1.08713 0.0871306 -2.44035 0.0515943 
11 13300 4 0.236482 1.77824e-05 7.02493 0.217453 4.66545e-05 0.203722 0.894866 1.08726 0.0872628 -2.43883 0.0519815 
11 13400 4 0.23826 1.77824e-05 7.02493 0.217494 3.2229e-05 0.203702 0.895036 1.08747 0.0874682 -2.43648 0.0523678 
11 13500 5 0.240036 1.77824e-05 7.02493 0.217528 3.40094e-05 0.203691 0.895177 1.08764 0.0876395 -2.43452 0.0527546 
11 13600 5 0.241814 1.77824e-05 7.02493 0.217559 6.60074e-05 0.203683 0.895306 1.0878 0.0877972 -2.43273 0.0531415 
11 13700 5 0.243592 1.77824e-05 7.02493 0.217591 4.28144e-05 0.203681 0.895436 1.08795 0.0879543 -2.43094 0.0535287 
11 13800 5 0.24537 1.77824e-05 7.02493 0.217584 4.63006e-05 0.203666 0.895407 1.08792 0.0879192 -2.43134 0.0539157 
11 13900 5 0.247149 1.77824e-05 7.02493 0.217562 5.28301e-05 0.203641 0.895319 1.08781 0.0878125 -2.43255 0.0543024 
11 14000 5 0.248927 1.77824e-05 7.02493 0.217559 5.61461e-05 0.203626 0.895304 1.08779 0.0877945 -2.43276 0.0546893 
11 14100 5 0.250705 1.77824e-05 7.02493 0.217528 5.17354e-05 0.203615 0.895176 1.08764 0.0876385 -2.43454 0.0550761 
11 14200 5 0.252483 1.77824e-05 7.02493 0.217501 7.54299e-05 0.203606 0.895065 1.0875 0.0875045 -2.43607 0.0554631 
11 14300 5 0.254261 1.77824e-05 7.02493 0.21748 7.70488e-05 0.203603 0.894979 1.0874 0.0874001 -2.43726 0.0558498 
11 14400 5 0.25604 1.77824e-05 7.02493 0.217442 7.81835e-05 0.203593 0.894822 1.08721 0.0872082 -2.43946 0.0562367 
11 14500 5 0.257818 1.77824e-05 7.02493 0.217394 8.52781e-05 0.203589 0.894627 1.08697 0.0869721 -2.44217 0.0566235 
11 14600 5 0.259596 1.77824e-05 7.02493 0.21732 0.000101156 0.203586 0.894319 1.0866 0.086598 -2.44648 0.0570097 
11 14700 5 0.261374 1.77824e-05 7.02493 0.217223 0.000157583 0.203588 0.893921 1.08611 0.0861139 -2.45208 0.0573962 
11 14800 5 0.263153 1.77824e-05 7.02493 0.217169 0.000172482 0.203584 0.893701 1.08585 0.0858472 -2.45519 0.0577825 
11 14900 5 0.264931 1.77824e-05 7.02493 0.217153 0.000194346 0.203572 0.893633 1.08576 0.0857637 -2.45616 0.0581687 
11 15000 5 0.266709 1.77824e-05 7.02493 0.217129 0.000180854 0.203557 0.893534 1.08564 0.0856434 -2.45756 0.058555 
11 15100 5 0.268487 1.77824e-05 7.02493 0.217079 0.000158539 0.203548 0.893331 1.0854 0.0853972 -2.46044 0.0589411 
11 15200 5 0.270266 1.77824e-05 7.02493 0.217044 0.000158559 0.203544 0.893185 1.08522 0.0852204 -2.46251 0.059327 
11 15300 5 0.272044 1.77824e-05 7.02493 0.217002 0.000191979 0.203543 0.893012 1.08501 0.0850101 -2.46499 0.0597133 
11 15400 5 0.273822 1.77824e-05 7.02493 0.216953 0.00018925 0.20354 0.892812 1.08477 0.0847662 -2.46786 0.0600992 
11 15500 5 0.2756 1.77824e-05 7.02493 0.216889 0.000201154 0.203537 0.892547 1.08445 0.0844451 -2.47165 0.0604851 
11 15600 5 0.277379 1.77824e-05 7.02493 0.216847 0.000219328 0.20353 0.892375 1.08424 0.0842356 -2.47414 0.0608705 
11 15700 5 0.279157 1.77824e-05 7.02493 0.216834 0.000215148 0.203517 0.892323 1.08417 0.0841725 -2.47489 0.0612561 
11 15800 5 0.280935 1.77824e-05 7.02493 0.216788 0.000207 0.203503 0.892131 1.08394 0.083939 -2.47766 0.0616417 
11 15900 5 0.282713 1.77824e-05 7.02493 0.216745 0.000198982 0.203493 0.891955 1.08373 0.0837259 -2.48021 0.0620272 
11 16000 5 0.284491 1.77824e-05 7.02493 0.216711 0.000163184 0.203487 0.891814 1.08355 0.0835536 -2.48227 0.0624127 
11 16100 5 0.28627 1.77824e-05 7.02493 0.216679 0.000140303 0.203479 0.891685 1.0834 0.0833969 -2.48414 0.0627981 
11 16200 5 0.288048 1.77824e-05 7.02493 0.216683 0.000106906 0.203474 0.891698 1.08341 0.0834126 -2.48396 0.0631835 
11 16300 5 0.289826 1.77824e-05 7.02493 0.216656 6.42425e-05 0.20347 0.891587 1.08328 0.0832785 -2.48556 0.0635688 
11 16400 5 0.291604 1.77824e-05 7.02493 0.216615 4.04339e-05 0.203469 0.891418 1.08307 0.0830733 -2.48803 0.0639542 
11 16500 5 0.293383 1.77824e-05 7.02493 0.216547 1.12045e-05 0.203458 0.89114 1.08274 0.0827354 -2.49211 0.064339 
11 16600 5 0.295161 1.77824e-05 7.02493 0.216477 1.9392e-05 0.203447 0.89085 1.08238 0.082383 -2.49638 0.0647242 
11 16700 5 0.296939 1.77824e-05 7.02493 0.216452 2.58631e-05 0.20344 0.890751 1.08226 0.0822619 -2.49785 0.0651093 
11 16800 5 0.298717 1.77824e-05 7.02493 0.216452 1.73573e-05 0.203426 0.89075 1.08226 0.0822608 -2.49786 0.0654945 
11 16900 5 0.300496 1.77824e-05 7.02493 0.216482 -1.45493e-07 0.203414 0.890873 1.08241 0.0824108 -2.49604 0.0658796 
11 17000 5 0.302274 1.77824e-05 7.02493 0.21653 -1.80293e-05 0.203393 0.891071 1.08265 0.0826515 -2.49312 0.0662644 
11 17100 5 0.304052 1.77824e-05 7.02493 0.216591 -3.5522e-05 0.203376 0.89132 1.08295 0.0829542 -2.48947 0.0666499 
11 17200 5 0.30583 1.77824e-05 7.02493 0.216642 -4.35887e-05 0.203355 0.891532 1.08321 0.0832109 -2.48638 0.0670344 
11 17300 5 0.307609 1.77824e-05 7.02493 0.216691 -4.78035e-05 0.203346 0.891731 1.08345 0.0834536 -2.48346 0.0674201 
11 17400 5 0.309387 1.77824e-05 7.02493 0.216702 -3.64337e-05 0.203343 0.891777 1.08351 0.083509 -2.4828 0.0678055 
11 17500 5 0.311165 1.77824e-05 7.02493 0.216677 -1.97513e-06 0.203339 0.891674 1.08338 0.083384 -2.4843 0.068191 
11 17600 5 0.312943 1.77824e-05 7.02493 0.216662 3.51904e-05 0.20333 0.891612 1.08331 0.0833088 -2.4852 0.0685763 
11 17700 5 0.314721 1.77824e-05 7.02493 0.216679 6.75287e-05 0.20331 0.891683 1.08339 0.0833944 -2.48417 0.0689618 
11 17800 5 0.3165 1.77824e-05 7.02493 0.216705 9.31259e-05 0.203289 0.89179 1.08352 0.0835246 -2.48261 0.0693468 
11 17900 5 0.318278 1.77824e-05 7.02493 0.216767 8.69054e-05 0.203268 0.892045 1.08383 0.0838344 -2.47891 0.0697325 
11 18000 6 0.320053 1.77824e-05 7.02493 0.216747 6.60797e-05 0.203266 0.891963 1.08374 0.0837356 -2.48009 0.0701182 
11 18100 6 0.321832 1.77824e-05 7.02493 0.216773 8.2846e-05 0.203265 0.892069 1.08386 0.0838636 -2.47856 0.0705034 
11 18200 6 0.32361 1.77824e-05 7.02493 0.216784 8.51205e-05 0.203263 0.892114 1.08392 0.0839187 -2.47791 0.0708889 
11 18300 6 0.325388 1.77824e-05 7.02493 0.21678 0.000109849 0.203263 0.8921 1.0839 0.0839013 -2.47811 0.0712744 
11 18400 6 0.327166 1.77824e-05 7.02493 0.216761 0.00012056 0.203267 0.892023 1.08381 0.0838074 -2.47923 0.0716601 
11 18500 6 0.328945 1.77824e-05 7.02493 0.216678 0.000132175 0.203266 0.891677 1.08339 0.083388 -2.48425 0.0720456 
11 18600 6 0.330723 1.77824e-05 7.02493 0.216623 0.00014204 0.203265 0.891452 1.08311 0.0831142 -2.48754 0.0724312 
11 18700 6 0.332501 1.77824e-05 7.02493 0.216574 0.000162157 0.203247 0.891253 1.08287 0.0828725 -2.49045 0.0728159 
11 18800 6 0.334279 1.77824e-05 7.02493 0.21653 0.000159037 0.203236 0.891072 1.08265 0.0826525 -2.49311 0.0732015 
11 18900 6 0.336057 1.77824e-05 7.02493 0.216479 0.00012768 0.203233 0.890861 1.0824 0.0823958 -2.49622 0.0735865 
11 19000 6 0.337836 1.77824e-05 7.02493 0.216382 8.38664e-05 0.203242 0.890462 1.08191 0.0819108 -2.50212 0.0739713 
11 19100 6 0.339614 1.77824e-05 7.02493 0.216287 7.74203e-05 0.203245 0.890071 1.08144 0.0814367 -2.50793 0.0743558 
11 19200 6 0.341392 1.77824e-05 7.02493 0.216263 5.62606e-05 0.203243 0.889973 1.08132 0.081317 -2.5094 0.0747404 
11 19300 6 0.34317 1.77824e-05 7.02493 0.216222 1.93677e-05 0.203233 0.889803 1.08111 0.081111 -2.51194 0.075125 
11 19400 6 0.344949 1.77824e-05 7.02493 0.216192 1.69061e-05 0.20323 0.889681 1.08096 0.080962 -2.51377 0.0755095 
11 19500 6 0.346727 1.77824e-05 7.02493 0.216189 1.82952e-05 0.203222 0.889666 1.08094 0.0809442 -2.51399 0.0758941 
11 19600 6 0.348505 1.77824e-05 7.02493 0.216223 2.37681e-05 0.203212 0.889808 1.08112 0.0811167 -2.51187 0.0762783 
11 19700 6 0.350283 1.77824e-05 7.02493 0.216249 2.76861e-05 0.203201 0.889912 1.08124 0.0812434 -2.51031 0.0766629 
11 19800 6 0.352062 1.77824e-05 7.02493 0.21627 4.54202e-05 0.203193 0.89 1.08135 0.0813497 -2.509 0.0770478 
11 19900 6 0.35384 1.77824e-05 7.02493 0.216255 6.11605e-05 0.203184 0.889939 1.08128 0.0812761 -2.5099 0.0774321 
11 20000 6 0.355618 1.77824e-05 7.02493 0.216187 7.30025e-05 0.203182 0.889657 1.08093 0.0809333 -2.51413 0.077817 
11 20100 6 0.357396 1.77824e-05 7.02493 0.216152 5.06809e-05 0.203178 0.889514 1.08076 0.0807592 -2.51628 0.0782015 
11 20200 6 0.359175 1.77824e-05 7.02493 0.216118 4.18815e-05 0.203171 0.889373 1.08059 0.0805882 -2.5184 0.0785857 
11 20300 6 0.360953 1.77824e-05 7.02493 0.216051 2.94969e-05 0.203166 0.889099 1.08026 0.0802552 -2.52254 0.0789702 
11 20400 6 0.362731 1.77824e-05 7.02493 0.215993 3.31965e-05 0.203161 0.888861 1.07997 0.0799656 -2.52616 0.0793545 
11 20500 6 0.364509 1.77824e-05 7.02493 0.215976 5.63092e-05 0.203151 0.888789 1.07988 0.0798789 -2.52724 0.0797384 
11 20600 6 0.366287 1.77824e-05 7.02493 0.215961 5.72225e-05 0.203143 0.88873 1.07981 0.0798066 -2.52815 0.0801226 
11 20700 6 0.368066 1.77824e-05 7.02493 0.215944 5.04129e-05 0.203125 0.88866 1.07972 0.0797223 -2.52921 0.0805064 
11 20800 6 0.369844 1.77824e-05 7.02493 0.21597 6.40576e-05 0.203104 0.888765 1.07985 0.0798495 -2.52761 0.0808905 
11 20900 6 0.371622 1.77824e-05 7.02493 0.216026 9.58203e-05 0.203088 0.888997 1.08013 0.0801312 -2.52409 0.0812748 
11 21000 6 0.3734 1.77824e-05 7.02493 0.216047 0.000106687 0.203071 0.889082 1.08023 0.0802342 -2.52281 0.0816592 
11 21100 6 0.375179 1.77824e-05 7.02493 0.216084 8.19782e-05 0.203058 0.889236 1.08042 0.0804223 -2.52046 0.0820431 
11 21200 6 0.376957 1.77824e-05 7.02493 0.216058 5.90644e-05 0.203053 0.889129 1.08029 0.0802917 -2.52209 0.0824276 
11 21300 6 0.378735 1.77824e-05 7.02493 0.215995 3.38623e-05 0.203051 0.888867 1.07997 0.0799733 -2.52606 0.0828119 
11 21400 6 0.380513 1.77824e-05 7.02493 0.215969 1.97726e-05 0.203046 0.888763 1.07985 0.0798467 -2.52765 0.0831956 
11 21500 6 0.382292 1.77824e-05 7.02493 0.216009 -5.8366e-06 0.203039 0.888924 1.08004 0.080043 -2.52519 0.0835801 
11 21600 6 0.38407 1.77824e-05 7.02493 0.216055 -4.85048e-05 0.203029 0.889117 1.08028 0.0802766 -2.52228 0.0839642 
11 21700 6 0.385848 1.77824e-05 7.02493 0.216078 -8.28255e-05 0.203022 0.88921 1.08039 0.0803906 -2.52086 0.0843482 
11 21800 6 0.387626 1.77824e-05 7.02493 0.216092 -7.77833e-05 0.203012 0.889269 1.08046 0.0804613 -2.51998 0.0847328 
11 21900 6 0.389405 1.77824e-05 7.02493 0.216036 -6.70862e-05 0.203017 0.889037 1.08018 0.0801802 -2.52348 0.0851171 
11 22000 6 0.391183 1.77824e-05 7.02493 0.216009 -6.93568e-05 0.203013 0.888924 1.08004 0.0800431 -2.52519 0.0855015 
11 22100 6 0.392961 1.77824e-05 7.02493 0.215996 -5.70483e-05 0.203011 0.888871 1.07998 0.0799788 -2.52599 0.0858855 
11 22200 6 0.394739 1.77824e-05 7.02493 0.215981 -4.78404e-05 0.203008 0.888811 1.07991 0.0799053 -2.52691 0.0862696 
11 22300 6 0.396518 1.77824e-05 7.02493 0.215971 -5.25885e-05 0.203006 0.888769 1.07985 0.079854 -2.52756 0.0866539 
11 22400 6 0.398296 1.77824e-05 7.02493 0.215955 -6.17954e-05 0.203005 0.888703 1.07977 0.0797746 -2.52855 0.0870382 
11 22500 7 0.400071 1.77824e-05 7.02493 0.215946 -7.01075e-05 0.203002 0.888666 1.07973 0.0797297 -2.52911 0.0874219 
11 22600 7 0.401849 1.77824e-05 7.02493 0.215971 -7.45206e-05 0.202993 0.888768 1.07985 0.0798529 -2.52757 0.087806 
11 22700 7 0.403628 1.77824e-05 7.02493 0.216002 -6.14556e-05 0.202985 0.888899 1.08001 0.0800117 -2.52558 0.0881898 
11 22800 7 0.405406 1.77824e-05 7.02493 0.215989 -4.7397e-05 0.202984 0.888842 1.07994 0.0799433 -2.52644 0.0885743 
11 22900 7 0.407184 1.77824e-05 7.02493 0.215907 -5.10004e-05 0.202986 0.888507 1.07954 0.079536 -2.53155 0.0889583 
11 23000 7 0.408962 1.77824e-05 7.02493 0.215806 -5.78393e-05 0.202989 0.888092 1.07903 0.0790321 -2.5379 0.0893421 
11 23100 7 0.410741 1.77824e-05 7.02493 0.215731 -5.33794e-05 0.202987 0.887783 1.07866 0.0786561 -2.54267 0.0897259 
11 23200 7 0.412519 1.77824e-05 7.02493 0.215694 -6.36025e-05 0.202979 0.887628 1.07847 0.078468 -2.54506 0.0901097 
11 23300 7 0.414297 1.77824e-05 7.02493 0.215658 -6.3292e-05 0.202971 0.887481 1.07829 0.0782893 -2.54734 0.0904931 
11 23400 7 0.416075 1.77824e-05 7.02493 0.215624 -9.37095e-05 0.202963 0.887342 1.07812 0.0781202 -2.54951 0.0908764 
11 23500 7 0.417853 1.77824e-05 7.02493 0.215621 -0.000117766 0.202958 0.88733 1.07811 0.0781062 -2.54969 0.0912602 
11 23600 7 0.419632 1.77824e-05 7.02493 0.215588 -0.000138903 0.202948 0.887194 1.07794 0.0779405 -2.55181 0.0916436 
11 23700 7 0.42141 1.77824e-05 7.02493 0.215577 -0.000147873 0.20294 0.887149 1.07789 0.0778866 -2.5525 0.092027 
11 23800 7 0.423188 1.77824e-05 7.02493 0.215573 -0.000146431 0.202935 0.887131 1.07786 0.0778638 -2.55279 0.0924105 
11 23900 7 0.424966 1.77824e-05 7.02493 0.215563 -0.000138024 0.202931 0.887092 1.07782 0.0778172 -2.55339 0.0927939 
11 24000 7 0.426745 1.77824e-05 7.02493 0.215556 -0.000135722 0.202928 0.887062 1.07778 0.0777805 -2.55386 0.0931773 
11 24100 7 0.428523 1.77824e-05 7.02493 0.215567 -9.45243e-05 0.202925 0.887106 1.07783 0.077834 -2.55318 0.0935608 
11 24200 7 0.430301 1.77824e-05 7.02493 0.215569 -6.2379e-05 0.202926 0.887117 1.07785 0.0778474 -2.553 0.0939441 
11 24300 7 0.432079 1.77824e-05 7.02493 0.215601 -4.43684e-05 0.202919 0.887245 1.078 0.078003 -2.55101 0.0943276 
11 24400 7 0.433858 1.77824e-05 7.02493 0.21566 -2.32951e-05 0.202906 0.887489 1.0783 0.0782991 -2.54722 0.094711 
11 24500 7 0.435636 1.77824e-05 7.02493 0.215674 1.47704e-05 0.202894 0.887546 1.07837 0.0783678 -2.54634 0.0950947 
11 24600 7 0.437414 1.77824e-05 7.02493 0.215685 3.96114e-05 0.202882 0.887592 1.07842 0.0784246 -2.54562 0.0954782 
11 24700 7 0.439192 1.77824e-05 7.02493 0.215691 6.057e-05 0.202862 0.887617 1.07846 0.0784551 -2.54523 0.0958617 
11 24800 7 0.440971 1.77824e-05 7.02493 0.215691 4.90572e-05 0.202846 0.887618 1.07846 0.0784564 -2.54521 0.0962453 
11 24900 7 0.442749 1.77824e-05 7.02493 0.21565 3.18843e-05 0.202832 0.887448 1.07825 0.0782496 -2.54785 0.0966289 
11 25000 7 0.444527 1.77824e-05 7.02493 0.215614 2.1564e-05 0.202828 0.887299 1.07807 0.0780688 -2.55017 0.0970124 
11 25100 7 0.446305 1.77824e-05 7.02493 0.215568 2.44598e-05 0.20283 0.887111 1.07784 0.0778396 -2.5531 0.097396 
11 25200 7 0.448084 1.77824e-05 7.02493 0.215525 2.20144e-05 0.20283 0.886933 1.07762 0.077624 -2.55588 0.0977794 
11 25300 7 0.449862 1.77824e-05 7.02493 0.215552 2.02823e-05 0.202825 0.887044 1.07776 0.0777581 -2.55415 0.0981625 
11 25400 7 0.45164 1.77824e-05 7.02493 0.215584 2.06879e-05 0.202818 0.887177 1.07792 0.0779198 -2.55207 0.0985462 
11 25500 7 0.453418 1.77824e-05 7.02493 0.215559 6.68904e-06 0.202811 0.887076 1.0778 0.0777975 -2.55365 0.0989294 
11 25600 7 0.455196 1.77824e-05 7.02493 0.215536 1.78918e-05 0.202808 0.886979 1.07768 0.0776793 -2.55517 0.0993128 
11 25700 7 0.456975 1.77824e-05 7.02493 0.215492 8.4482e-06 0.202808 0.886797 1.07746 0.0774588 -2.55801 0.099696 
11 25800 7 0.458753 1.77824e-05 7.02493 0.21544 -3.42361e-05 0.202807 0.886584 1.0772 0.0771997 -2.56136 0.100079 
11 25900 7 0.460531 1.77824e-05 7.02493 0.215378 -5.79576e-05 0.20281 0.886328 1.07689 0.0768883 -2.5654 0.100463 
11 26000 7 0.462309 1.77824e-05 7.02493 0.215359 -5.01456e-05 0.202808 0.886251 1.0768 0.0767953 -2.56661 0.100846 
11 26100 7 0.464088 1.77824e-05 7.02493 0.215374 -5.0659e-05 0.202801 0.886314 1.07687 0.0768717 -2.56562 0.101228 
11 26200 7 0.465866 1.77824e-05 7.02493 0.215369 -3.74296e-05 0.202793 0.886293 1.07685 0.0768457 -2.56596 0.101612 
11 26300 7 0.467644 1.77824e-05 7.02493 0.215392 -3.94829e-05 0.202783 0.886385 1.07696 0.0769578 -2.5645 0.101994 
11 26400 7 0.469422 1.77824e-05 7.02493 0.215422 -4.42521e-05 0.202776 0.886509 1.07711 0.0771083 -2.56254 0.102377 
11 26500 7 0.471201 1.77824e-05 7.02493 0.215483 -4.87282e-05 0.202768 0.88676 1.07741 0.0774128 -2.5586 0.102761 
11 26600 7 0.472979 1.77824e-05 7.02493 0.215533 -4.69749e-05 0.202765 0.886966 1.07766 0.0776637 -2.55537 0.103144 
11 26700 7 0.474757 1.77824e-05 7.02493 0.215552 -4.03925e-05 0.202764 0.887047 1.07776 0.0777616 -2.55411 0.103528 
11 26800 7 0.476535 1.77824e-05 7.02493 0.215555 -2.21222e-05 0.202767 0.887056 1.07777 0.0777734 -2.55396 0.103911 
11 26900 7 0.478314 1.77824e-05 7.02493 0.215503 -3.26709e-05 0.202771 0.886842 1.07751 0.0775131 -2.55731 0.104294 
11 27000 8 0.480089 1.77824e-05 7.02493 0.215439 -2.39256e-05 0.202769 0.886582 1.0772 0.0771969 -2.5614 0.104677 
11 27100 8 0.481867 1.77824e-05 7.02493 0.215382 -3.03947e-05 0.202763 0.886344 1.07691 0.0769082 -2.56514 0.10506 
11 27200 8 0.483645 1.77824e-05 7.02493 0.215307 -3.19268e-05 0.20276 0.886036 1.07653 0.0765332 -2.57003 0.105443 
11 27300 8 0.485424 1.77824e-05 7.02493 0.215273 -2.75537e-05 0.202758 0.885897 1.07637 0.0763653 -2.57223 0.105826 
11 27400 8 0.487202 1.77824e-05 7.02493 0.215215 -1.2044e-05 0.202757 0.885659 1.07608 0.0760755 -2.57603 0.106209 
11 27500 8 0.48898 1.77824e-05 7.02493 0.215163 -1.7063e-05 0.202749 0.885445 1.07582 0.0758154 -2.57945 0.106592 
11 27600 8 0.490758 1.77824e-05 7.02493 0.215146 -1.50458e-05 0.202742 0.885374 1.07573 0.0757294 -2.58059 0.106975 
11 27700 8 0.492537 1.77824e-05 7.02493 0.215145 -2.48032e-05 0.202739 0.885369 1.07572 0.0757236 -2.58067 0.107358 
11 27800 8 0.494315 1.77824e-05 7.02493 0.215134 -1.89752e-05 0.202734 0.885327 1.07567 0.0756723 -2.58134 0.10774 
11 27900 8 0.496093 1.77824e-05 7.02493 0.215125 -1.6905e-05 0.202731 0.88529 1.07563 0.0756271 -2.58194 0.108123 
11 28000 8 0.497871 1.77824e-05 7.02493 0.215109 -1.68864e-05 0.202728 0.885223 1.07555 0.0755457 -2.58302 0.108505 
11 28100 8 0.49965 1.77824e-05 7.02493 0.215101 -3.54062e-05 0.202723 0.885188 1.0755 0.0755028 -2.58358 0.108888 
11 28200 8 0.501428 1.77824e-05 7.02493 0.215085 -6.01677e-05 0.202717 0.885125 1.07543 0.0754269 -2.58459 0.10927 
11 28300 8 0.503206 1.77824e-05 7.02493 0.215098 -7.96411e-05 0.202711 0.885177 1.07549 0.0754905 -2.58375 0.109653 
11 28400 8 0.504984 1.77824e-05 7.02493 0.215126 -8.39751e-05 0.202704 0.885293 1.07563 0.0756308 -2.58189 0.110035 
11 28500 8 0.506762 1.77824e-05 7.02493 0.215172 -9.59434e-05 0.202695 0.885482 1.07586 0.075861 -2.57885 0.110418 
11 28600 8 0.508541 1.77824e-05 7.02493 0.215203 -8.39037e-05 0.202687 0.885611 1.07602 0.0760172 -2.5768 0.110801 
11 28700 8 0.510319 1.77824e-05 7.02493 0.215266 -5.62911e-05 0.20267 0.88587 1.07633 0.0763321 -2.57266 0.111183 
11 28800 8 0.512097 1.77824e-05 7.02493 0.215342 -4.3254e-05 0.202651 0.886183 1.07671 0.0767118 -2.5677 0.111566 
11 28900 8 0.513875 1.77824e-05 7.02493 0.215437 -3.51838e-05 0.202639 0.88657 1.07718 0.0771831 -2.56158 0.11195 
11 29000 8 0.515654 1.77824e-05 7.02493 0.215467 -3.35837e-05 0.202632 0.886695 1.07733 0.0773338 -2.55962 0.112333 
11 29100 8 0.517432 1.77824e-05 7.02493 0.215414 -4.61277e-05 0.202629 0.886478 1.07707 0.0770711 -2.56303 0.112716 
11 29200 8 0.51921 1.77824e-05 7.02493 0.215363 -3.85205e-05 0.202626 0.886267 1.07681 0.0768145 -2.56636 0.113099 
11 29300 8 0.520988 1.77824e-05 7.02493 0.215331 -1.89523e-05 0.202623 0.886136 1.07666 0.0766557 -2.56843 0.113482 
11 29400 8 0.522767 1.77824e-05 7.02493 0.215281 -4.10408e-06 0.202624 0.885928 1.0764 0.0764031 -2.57173 0.113865 
11 29500 8 0.524545 1.77824e-05 7.02493 0.215205 -2.25081e-06 0.202626 0.885616 1.07602 0.0760238 -2.57671 0.114248 
11 29600 8 0.526323 1.77824e-05 7.02493 0.215165 1.0781e-05 0.202627 0.885454 1.07583 0.0758266 -2.57931 0.11463 
11 29700 8 0.528101 1.77824e-05 7.02493 0.215141 1.77945e-05 0.202625 0.885355 1.07571 0.0757061 -2.5809 0.115013 
11 29800 8 0.52988 1.77824e-05 7.02493 0.215081 -7.20965e-06 0.202629 0.885108 1.07541 0.0754062 -2.58487 0.115396 
11 29900 8 0.531658 1.77824e-05 7.02493 0.214986 -3.39766e-06 0.202631 0.884717 1.07493 0.0749317 -2.59118 0.115778 
11 30000 8 0.533436 1.77824e-05 7.02493 0.214942 -1.25676e-05 0.202636 0.884534 1.07471 0.0747083 -2.59416 0.11616 
11 30100 8 0.535214 1.77824e-05 7.02493 0.214943 -1.02436e-05 0.202631 0.884539 1.07471 0.0747147 -2.59408 0.116543 
11 30200 8 0.536992 1.77824e-05 7.02493 0.214969 4.87108e-06 0.202622 0.884644 1.07484 0.074843 -2.59236 0.116925 
11 30300 8 0.538771 1.77824e-05 7.02493 0.214974 2.81643e-07 0.202612 0.884667 1.07487 0.074871 -2.59199 0.117307 
11 30400 8 0.540549 1.77824e-05 7.02493 0.214976 -2.45924e-05 0.202602 0.884673 1.07488 0.0748779 -2.5919 0.11769 
11 30500 8 0.542327 1.77824e-05 7.02493 0.215019 -6.0244e-05 0.202599 0.884852 1.07509 0.0750948 -2.589 0.118072 
11 30600 8 0.544105 1.77824e-05 7.02493 0.215031 -9.21626e-05 0.202599 0.884902 1.07516 0.0751559 -2.58819 0.118455 
11 30700 8 0.545884 1.77824e-05 7.02493 0.215013 -0.000111933 0.2026 0.884827 1.07506 0.0750645 -2.58941 0.118837 
11 30800 8 0.547662 1.77824e-05 7.02493 0.215013 -9.37836e-05 0.202595 0.884826 1.07506 0.0750635 -2.58942 0.119219 
11 30900 8 0.54944 1.77824e-05 7.02493 0.215014 -7.50435e-05 0.202592 0.884833 1.07507 0.0750725 -2.5893 0.119601 
11 31000 8 0.551218 1.77824e-05 7.02493 0.215003 -8.23605e-05 0.202591 0.884785 1.07501 0.0750137 -2.59008 0.119984 
11 31100 8 0.552997 1.77824e-05 7.02493 0.215024 -6.65572e-05 0.202588 0.884874 1.07512 0.0751217 -2.58865 0.120367 
11 31200 8 0.554775 1.77824e-05 7.02493 0.214991 -5.53606e-05 0.202587 0.884738 1.07496 0.0749572 -2.59084 0.120749 
11 31300 8 0.556553 1.77824e-05 7.02493 0.21497 -3.63685e-05 0.202584 0.884651 1.07485 0.0748511 -2.59225 0.121131 
11 31400 8 0.558331 1.77824e-05 7.02493 0.214968 -1.10479e-05 0.202582 0.884642 1.07484 0.0748403 -2.5924 0.121514 
11 31500 9 0.560107 1.77824e-05 7.02493 0.214936 -5.67757e-06 0.202579 0.88451 1.07468 0.0746801 -2.59454 0.121896 
11 31600 9 0.561885 1.77824e-05 7.02493 0.214882 -2.03613e-05 0.202577 0.884289 1.07441 0.0744114 -2.59815 0.122278 
11 31700 9 0.563663 1.77824e-05 7.02493 0.214871 -3.28886e-05 0.202577 0.884244 1.07436 0.074357 -2.59888 0.122661 
11 31800 9 0.565441 1.77824e-05 7.02493 0.214847 -2.90242e-05 0.202574 0.884142 1.07423 0.0742326 -2.60055 0.123043 
11 31900 9 0.56722 1.77824e-05 7.02493 0.214807 -2.3257e-05 0.20257 0.88398 1.07404 0.0740361 -2.6032 0.123425 
11 32000 9 0.568998 1.77824e-05 7.02493 0.214791 -1.5984e-05 0.202564 0.883915 1.07396 0.0739568 -2.60427 0.123807 
11 32100 9 0.570776 1.77824e-05 7.02493 0.21479 -3.38033e-05 0.202558 0.88391 1.07395 0.0739508 -2.60436 0.124189 
11 32200 9 0.572554 1.77824e-05 7.02493 0.2148 -2.14329e-05 0.202553 0.883951 1.074 0.074 -2.60369 0.124571 
11 32300 9 0.574333 1.77824e-05 7.02493 0.214769 -1.62952e-05 0.202546 0.883825 1.07385 0.0738471 -2.60576 0.124953 
11 32400 9 0.576111 1.77824e-05 7.02493 0.21476 -2.81022e-05 0.202538 0.883784 1.0738 0.0737979 -2.60642 0.125335 
11 32500 9 0.577889 1.77824e-05 7.02493 0.214807 -5.00703e-05 0.202529 0.883977 1.07403 0.0740326 -2.60325 0.125717 
11 32600 9 0.579667 1.77824e-05 7.02493 0.214893 -5.34329e-05 0.202516 0.884333 1.07446 0.0744642 -2.59744 0.126099 
11 32700 9 0.581446 1.77824e-05 7.02493 0.214971 -4.8603e-05 0.202502 0.884653 1.07485 0.0748532 -2.59223 0.126481 
11 32800 9 0.583224 1.77824e-05 7.02493 0.215027 -4.93306e-05 0.202494 0.884883 1.07513 0.0751326 -2.5885 0.126864 
11 32900 9 0.585002 1.77824e-05 7.02493 0.215033 -2.88238e-05 0.202485 0.884908 1.07516 0.0751631 -2.58809 0.127246 
11 33000 9 0.58678 1.77824e-05 7.02493 0.215049 -1.09552e-06 0.202478 0.884973 1.07524 0.0752426 -2.58704 0.127628 
11 33100 9 0.588558 1.77824e-05 7.02493 0.215051 8.3692e-06 0.202477 0.884984 1.07526 0.0752555 -2.58687 0.128011 
11 33200 9 0.590337 1.77824e-05 7.02493 0.215038 2.72812e-05 0.202475 0.884931 1.07519 0.0751913 -2.58772 0.128393 
11 33300 9 0.592115 1.77824e-05 7.02493 0.215068 3.28408e-05 0.202472 0.885054 1.07534 0.0753404 -2.58574 0.128776 
11 33400 9 0.593893 1.77824e-05 7.02493 0.215085 5.07645e-05 0.202472 0.885124 1.07543 0.0754253 -2.58461 0.129158 
11 33500 9 0.595671 1.77824e-05 7.02493 0.215083 3.37912e-05 0.202471 0.885114 1.07541 0.0754133 -2.58477 0.129541 
11 33600 9 0.59745 1.77824e-05 7.02493 0.215047 2.28986e-05 0.202474 0.884965 1.07523 0.0752325 -2.58717 0.129923 
11 33700 9 0.599228 1.77824e-05 7.02493 0.214976 1.41044e-05 0.202477 0.884675 1.07488 0.0748804 -2.59186 0.130306 
11 33800 9 0.601006 1.77824e-05 7.02493 0.214883 1.64631e-05 0.202482 0.884293 1.07442 0.0744163 -2.59808 0.130688 
11 33900 9 0.602784 1.77824e-05 7.02493 0.214771 3.34264e-05 0.202485 0.883831 1.07385 0.073855 -2.60565 0.13107 
11 34000 9 0.604563 1.77824e-05 7.02493 0.214672 5.09742e-05 0.202486 0.883424 1.07336 0.0733601 -2.61237 0.131452 
11 34100 9 0.606341 1.77824e-05 7.02493 0.214592 3.95903e-05 0.202486 0.883095 1.07296 0.0729607 -2.61783 0.131834 
11 34200 9 0.608119 1.77824e-05 7.02493 0.2146 4.7616e-05 0.202478 0.883128 1.073 0.0730004 -2.61729 0.132215 
11 34300 9 0.609897 1.77824e-05 7.02493 0.214615 5.28839e-05 0.202473 0.883191 1.07308 0.0730774 -2.61624 0.132597 
11 34400 9 0.611676 1.77824e-05 7.02493 0.214621 6.59476e-05 0.202471 0.883214 1.0731 0.0731048 -2.61586 0.132979 
11 34500 9 0.613454 1.77824e-05 7.02493 0.214661 6.6673e-05 0.202466 0.88338 1.07331 0.0733071 -2.6131 0.13336 
11 34600 9 0.615232 1.77824e-05 7.02493 0.2147 6.95091e-05 0.202457 0.883539 1.0735 0.0734994 -2.61048 0.133742 
11 34700 9 0.61701 1.77824e-05 7.02493 0.214688 6.97038e-05 0.202454 0.88349 1.07344 0.0734404 -2.61128 0.134124 
11 34800 9 0.618788 1.77824e-05 7.02493 0.214706 5.99996e-05 0.202452 0.883564 1.07353 0.07353 -2.61006 0.134506 
11 34900 9 0.620567 1.77824e-05 7.02493 0.214687 5.93359e-05 0.202448 0.883486 1.07344 0.073435 -2.61135 0.134888 
11 35000 9 0.622345 1.77824e-05 7.02493 0.214668 4.8426e-05 0.202448 0.883408 1.07334 0.0733401 -2.61265 0.13527 
11 35100 9 0.624123 1.77824e-05 7.02493 0.214627 6.00499e-05 0.202448 0.883237 1.07313 0.0731328 -2.61548 0.135651 
11 35200 9 0.625901 1.77824e-05 7.02493 0.214597 7.28871e-05 0.202445 0.883114 1.07298 0.0729839 -2.61752 0.136033 
11 35300 9 0.62768 1.77824e-05 7.02493 0.214633 5.69416e-05 0.202439 0.883265 1.07317 0.0731668 -2.61501 0.136415 
11 35400 9 0.629458 1.77824e-05 7.02493 0.214673 4.36444e-05 0.202439 0.883428 1.07337 0.0733655 -2.6123 0.136797 
11 35500 9 0.631236 1.77824e-05 7.02493 0.214667 3.64624e-05 0.202437 0.883405 1.07334 0.0733371 -2.61269 0.137178 
11 35600 9 0.633014 1.77824e-05 7.02493 0.214667 3.93437e-05 0.202441 0.883404 1.07334 0.0733355 -2.61271 0.13756 
11 35700 9 0.634793 1.77824e-05 7.02493 0.214627 3.91773e-05 0.202441 0.88324 1.07314 0.073137 -2.61542 0.137942 
11 35800 9 0.636571 1.77824e-05 7.02493 0.214594 3.15706e-05 0.202442 0.883102 1.07297 0.0729694 -2.61772 0.138324 
11 35900 9 0.638349 1.77824e-05 7.02493 0.214578 4.07287e-05 0.202433 0.883036 1.07289 0.0728888 -2.61882 0.138705 
11 36000 10 0.640124 1.77824e-05 7.02493 0.214532 3.65236e-05 0.202429 0.882847 1.07266 0.0726589 -2.62198 0.139087 
11 36100 10 0.641903 1.77824e-05 7.02493 0.214485 3.85261e-05 0.202425 0.882655 1.07243 0.0724258 -2.62519 0.139468 
11 36200 10 0.643681 1.77824e-05 7.02493 0.21445 4.63427e-05 0.20242 0.882509 1.07225 0.0722481 -2.62765 0.13985 
11 36300 10 0.645459 1.77824e-05 7.02493 0.214445 4.15046e-05 0.202413 0.882488 1.07222 0.0722232 -2.62799 0.140231 
11 36400 10 0.647237 1.77824e-05 7.02493 0.214477 4.88333e-05 0.202408 0.882622 1.07239 0.0723863 -2.62574 0.140613 
11 36500 10 0.649016 1.77824e-05 7.02493 0.214501 5.39901e-05 0.202397 0.882721 1.07251 0.0725055 -2.62409 0.140994 
11 36600 10 0.650794 1.77824e-05 7.02493 0.214532 5.35176e-05 0.202385 0.882849 1.07266 0.0726611 -2.62195 0.141376 
11 36700 10 0.652572 1.77824e-05 7.02493 0.214596 4.77751e-05 0.202372 0.883112 1.07298 0.0729811 -2.61755 0.141758 
11 36800 10 0.65435 1.77824e-05 7.02493 0.214662 3.80944e-05 0.202363 0.883381 1.07331 0.0733077 -2.61309 0.142139 
11 36900 10 0.656129 1.77824e-05 7.02493 0.214702 3.71013e-05 0.202357 0.883547 1.07351 0.0735091 -2.61035 0.142521 
11 37000 10 0.657907 1.77824e-05 7.02493 0.21469 3.2358e-05 0.202353 0.883496 1.07345 0.0734479 -2.61118 0.142903 
11 37100 10 0.659685 1.77824e-05 7.02493 0.214702 2.65379e-05 0.202351 0.883547 1.07351 0.073509 -2.61035 0.143285 
11 37200 10 0.661463 1.77824e-05 7.02493 0.214689 6.67516e-06 0.20235 0.883494 1.07345 0.0734456 -2.61121 0.143666 
11 37300 10 0.663242 1.77824e-05 7.02493 0.214653 -6.15441e-06 0.202345 0.883347 1.07327 0.0732672 -2.61364 0.144048 
11 37400 10 0.66502 1.77824e-05 7.02493 0.214634 -2.04712e-05 0.202347 0.883267 1.07317 0.0731697 -2.61497 0.14443 
11 37500 10 0.666798 1.77824e-05 7.02493 0.214636 -2.16041e-05 0.202346 0.883275 1.07318 0.0731787 -2.61485 0.144812 
11 37600 10 0.668576 1.77824e-05 7.02493 0.214639 -2.68349e-05 0.202351 0.883286 1.07319 0.0731927 -2.61466 0.145193 
11 37700 10 0.670354 1.77824e-05 7.02493 0.214597 1.43058e-06 0.202357 0.883115 1.07298 0.0729846 -2.61751 0.145575 
11 37800 10 0.672133 1.77824e-05 7.02493 0.214589 3.42336e-05 0.202361 0.883082 1.07294 0.0729441 -2.61806 0.145957 
11 37900 10 0.673911 1.77824e-05 7.02493 0.214548 5.69943e-05 0.202363 0.882915 1.07274 0.0727413 -2.62085 0.146338 
11 38000 10 0.675689 1.77824e-05 7.02493 0.214513 5.41772e-05 0.202363 0.882769 1.07256 0.0725641 -2.62329 0.14672 
11 38100 10 0.677467 1.77824e-05 7.02493 0.21448 7.71472e-05 0.202359 0.882633 1.0724 0.0723994 -2.62556 0.147101 
11 38200 10 0.679246 1.77824e-05 7.02493 0.214438 7.66659e-05 0.202355 0.882462 1.07219 0.0721911 -2.62844 0.147483 
11 38300 10 0.681024 1.77824e-05 7.02493 0.214393 7.45848e-05 0.202351 0.882275 1.07196 0.0719643 -2.63158 0.147864 
11 38400 10 0.682802 1.77824e-05 7.02493 0.214305 7.66553e-05 0.202351 0.881912 1.07152 0.0715225 -2.63774 0.148245 
11 38500 10 0.68458 1.77824e-05 7.02493 0.214236 7.23517e-05 0.202351 0.881629 1.07118 0.0711794 -2.64255 0.148626 
11 38600 10 0.686359 1.77824e-05 7.02493 0.214212 5.88217e-05 0.202349 0.881531 1.07106 0.0710607 -2.64422 0.149007 
11 38700 10 0.688137 1.77824e-05 7.02493 0.214223 8.19753e-05 0.20234 0.881577 1.07112 0.0711156 -2.64345 0.149388 
11 38800 10 0.689915 1.77824e-05 7.02493 0.214274 0.000110523 0.202333 0.881784 1.07137 0.0713679 -2.63991 0.149769 
11 38900 10 0.691693 1.77824e-05 7.02493 0.214333 0.00012272 0.202329 0.882027 1.07166 0.0716627 -2.63579 0.150151 
11 39000 10 0.693472 1.77824e-05 7.02493 0.214365 0.000115851 0.202329 0.882161 1.07183 0.0718252 -2.63352 0.150532 
11 39100 10 0.69525 1.77824e-05 7.02493 0.214402 9.19932e-05 0.202324 0.882313 1.07201 0.0720102 -2.63095 0.150913 
11 39200 10 0.697028 1.77824e-05 7.02493 0.21438 9.04339e-05 0.202321 0.882223 1.0719 0.0719004 -2.63247 0.151295 
11 39300 10 0.698806 1.77824e-05 7.02493 0.214341 7.94008e-05 0.20232 0.882062 1.07171 0.0717053 -2.63519 0.151676 
11 39400 10 0.700585 1.77824e-05 7.02493 0.21432 6.4838e-05 0.202317 0.881973 1.0716 0.0715977 -2.63669 0.152057 
11 39500 10 0.702363 1.77824e-05 7.02493 0.21433 5.82362e-05 0.202319 0.882016 1.07165 0.07165 -2.63596 0.152438 
11 39600 10 0.704141 1.77824e-05 7.02493 0.214292 5.83572e-05 0.202323 0.881859 1.07146 0.071459 -2.63863 0.152819 
11 39700 10 0.705919 1.77824e-05 7.02493 0.214294 1.5047e-05 0.202319 0.881867 1.07147 0.0714684 -2.6385 0.1532 
11 39800 10 0.707697 1.77824e-05 7.02493 0.214315 -1.28757e-05 0.202311 0.881954 1.07157 0.0715746 -2.63702 0.153581 
11 39900 10 0.709476 1.77824e-05 7.02493 0.214332 -1.90916e-05 0.202303 0.882026 1.07166 0.0716618 -2.6358 0.153962 
11 40000 10 0.711254 1.77824e-05 7.02493 0.214317 -2.21344e-05 0.202299 0.881962 1.07158 0.0715837 -2.63689 0.154344 
11 40100 10 0.713032 1.77824e-05 7.02493 0.214291 -1.3329e-05 0.202295 0.881855 1.07145 0.0714541 -2.6387 0.154725 
11 40200 10 0.71481 1.77824e-05 7.02493 0.214307 1.03755e-06 0.202293 0.881922 1.07153 0.071535 -2.63757 0.155106 
11 40300 10 0.716589 1.77824e-05 7.02493 0.214307 1.12063e-05 0.202289 0.881921 1.07153 0.0715342 -2.63758 0.155487 
11 40400 10 0.718367 1.77824e-05 7.02493 0.214312 3.72884e-06 0.202286 0.881944 1.07156 0.0715615 -2.6372 0.155868 
11 40500 11 0.720142 1.77824e-05 7.02493 0.214297 1.05512e-06 0.202283 0.881882 1.07149 0.0714866 -2.63824 0.15625 
11 40600 11 0.72192 1.77824e-05 7.02493 0.21429 2.12965e-06 0.202279 0.881854 1.07145 0.071452 -2.63873 0.156631 
11 40700 11 0.723699 1.77824e-05 7.02493 0.214313 -8.90658e-07 0.202269 0.881948 1.07157 0.0715663 -2.63713 0.157012 
11 40800 11 0.725477 1.77824e-05 7.02493 0.214327 5.27876e-06 0.202262 0.882006 1.07164 0.0716375 -2.63614 0.157393 
11 40900 11 0.727255 1.77824e-05 7.02493 0.214337 1.35221e-05 0.202258 0.882047 1.07169 0.071687 -2.63545 0.157774 
11 41000 11 0.729033 1.77824e-05 7.02493 0.214356 -8.68176e-06 0.202254 0.882123 1.07178 0.0717797 -2.63415 0.158155 
11 41100 11 0.730812 1.77824e-05 7.02493 0.214374 -1.19433e-05 0.202247 0.882195 1.07187 0.0718675 -2.63293 0.158537 
11 41200 11 0.73259 1.77824e-05 7.02493 0.214404 -1.16132e-05 0.202241 0.88232 1.07202 0.0720182 -2.63084 0.158918 
11 41300 11 0.734368 1.77824e-05 7.02493 0.214414 -2.26716e-05 0.202238 0.882364 1.07207 0.0720719 -2.63009 0.159299 
11 41400 11 0.736146 1.77824e-05 7.02493 0.21442 -2.84197e-05 0.202238 0.882387 1.0721 0.0721005 -2.62969 0.15968 
11 41500 11 0.737925 1.77824e-05 7.02493 0.214374 -4.86609e-05 0.202237 0.882198 1.07187 0.0718704 -2.63289 0.160062 
11 41600 11 0.739703 1.77824e-05 7.02493 0.214348 -8.35881e-05 0.202241 0.882091 1.07174 0.0717409 -2.63469 0.160443 
11 41700 11 0.741481 1.77824e-05 7.02493 0.214303 -0.000126683 0.202245 0.881905 1.07151 0.0715145 -2.63785 0.160824 
11 41800 11 0.743259 1.77824e-05 7.02493 0.214245 -9.40621e-05 0.202252 0.881668 1.07123 0.0712263 -2.64189 0.161206 
11 41900 11 0.745038 1.77824e-05 7.02493 0.214206 -0.000105425 0.20225 0.881505 1.07103 0.0710289 -2.64467 0.161587 
11 42000 11 0.746816 1.77824e-05 7.02493 0.214223 -8.43155e-05 0.202247 0.881575 1.07111 0.0711133 -2.64348 0.161967 
11 42100 11 0.748594 1.77824e-05 7.02493 0.214215 -7.94631e-05 0.202248 0.881542 1.07107 0.0710739 -2.64403 0.162348 
11 42200 11 0.750372 1.77824e-05 7.02493 0.214168 -9.21463e-05 0.202244 0.881351 1.07084 0.0708416 -2.64731 0.162729 
11 42300 11 0.752151 1.77824e-05 7.02493 0.214163 -9.28734e-05 0.202238 0.88133 1.07082 0.070816 -2.64767 0.16311 
11 42400 11 0.753929 1.77824e-05 7.02493 0.214153 -9.40281e-05 0.202234 0.881289 1.07077 0.0707663 -2.64837 0.163491 
11 42500 11 0.755707 1.77824e-05 7.02493 0.214138 -0.00010143 0.20223 0.881226 1.07069 0.0706893 -2.64946 0.163872 
11 42600 11 0.757485 1.77824e-05 7.02493 0.214104 -0.000117581 0.202227 0.881086 1.07052 0.0705199 -2.65186 0.164252 
11 42700 11 0.759263 1.77824e-05 7.02493 0.214102 -0.000136099 0.202225 0.88108 1.07051 0.070512 -2.65197 0.164633 
11 42800 11 0.761042 1.77824e-05 7.02493 0.214094 -0.000122113 0.202216 0.881045 1.07047 0.0704702 -2.65257 0.165014 
11 42900 11 0.76282 1.77824e-05 7.02493 0.214073 -9.83028e-05 0.202217 0.880958 1.07036 0.0703635 -2.65408 0.165395 
11 43000 11 0.764598 1.77824e-05 7.02493 0.214079 -8.60272e-05 0.202217 0.880984 1.0704 0.0703959 -2.65362 0.165776 
11 43100 11 0.766376 1.77824e-05 7.02493 0.214073 -0.000109894 0.202219 0.880958 1.07036 0.0703645 -2.65407 0.166156 
11 43200 11 0.768155 1.77824e-05 7.02493 0.214096 -9.68587e-05 0.202216 0.881053 1.07048 0.0704796 -2.65243 0.166537 
11 43300 11 0.769933 1.77824e-05 7.02493 0.214128 -9.23508e-05 0.202219 0.881185 1.07064 0.0706396 -2.65016 0.166918 
11 43400 11 0.771711 1.77824e-05 7.02493 0.214096 -8.8919e-05 0.202219 0.881055 1.07048 0.0704816 -2.6524 0.167299 
11 43500 11 0.773489 1.77824e-05 7.02493 0.214067 -7.82486e-05 0.202218 0.880933 1.07033 0.0703338 -2.6545 0.167679 
11 43600 11 0.775268 1.77824e-05 7.02493 0.214058 -7.42559e-05 0.202215 0.880896 1.07029 0.070289 -2.65514 0.16806 
11 43700 11 0.777046 1.77824e-05 7.02493 0.21404 -7.98528e-05 0.202207 0.880823 1.0702 0.0701997 -2.65641 0.168441 
11 43800 11 0.778824 1.77824e-05 7.02493 0.214015 -6.8013e-05 0.202208 0.880722 1.07008 0.0700772 -2.65816 0.168822 
11 43900 11 0.780602 1.77824e-05 7.02493 0.214017 -5.46617e-05 0.202206 0.880728 1.07008 0.0700845 -2.65805 0.169202 
11 44000 11 0.782381 1.77824e-05 7.02493 0.214054 -7.36689e-05 0.2022 0.880881 1.07027 0.0702705 -2.6554 0.169583 
11 44100 11 0.784159 1.77824e-05 7.02493 0.214068 -9.3048e-05 0.2022 0.880937 1.07034 0.0703382 -2.65444 0.169964 
11 44200 11 0.785937 1.77824e-05 7.02493 0.214107 -0.000104411 0.202194 0.881099 1.07054 0.0705358 -2.65163 0.170345 
11 44300 11 0.787715 1.77824e-05 7.02493 0.214118 -8.76184e-05 0.202189 0.881144 1.07059 0.0705906 -2.65086 0.170725 
11 44400 11 0.789493 1.77824e-05 7.02493 0.214094 -6.62956e-05 0.202183 0.881044 1.07047 0.0704679 -2.6526 0.171106 
11 44500 11 0.791272 1.77824e-05 7.02493 0.21406 -5.16675e-05 0.202182 0.880907 1.0703 0.0703021 -2.65495 0.171487 
11 44600 11 0.79305 1.77824e-05 7.02493 0.214079 -4.2325e-05 0.202177 0.880982 1.07039 0.0703934 -2.65366 0.171868 
11 44700 11 0.794828 1.77824e-05 7.02493 0.214108 -2.39503e-05 0.202169 0.881101 1.07054 0.070538 -2.6516 0.172248 
11 44800 11 0.796606 1.77824e-05 7.02493 0.214159 1.31963e-05 0.202163 0.881314 1.0708 0.0707968 -2.64794 0.172629 
11 44900 11 0.798385 1.77824e-05 7.02493 0.214145 2.49449e-05 0.202157 0.881254 1.07072 0.0707233 -2.64898 0.17301 
11 45000 12 0.80016 1.77824e-05 7.02493 0.214172 2.6488e-05 0.202149 0.881368 1.07086 0.0708617 -2.64703 0.173391 
11 45100 12 0.801938 1.77824e-05 7.02493 0.21419 2.17474e-05 0.202145 0.881441 1.07095 0.0709505 -2.64577 0.173772 
11 45200 12 0.803717 1.77824e-05 7.02493 0.214227 9.08639e-06 0.202141 0.881591 1.07113 0.0711331 -2.6432 0.174153 
11 45300 12 0.805495 1.77824e-05 7.02493 0.214196 2.30405e-05 0.202145 0.881465 1.07098 0.0709797 -2.64536 0.174534 
11 45400 12 0.807273 1.77824e-05 7.02493 0.214164 4.47903e-05 0.202146 0.881332 1.07082 0.070819 -2.64763 0.174915 
11 45500 12 0.809051 1.77824e-05 7.02493 0.214113 7.58636e-05 0.202147 0.881123 1.07056 0.0705647 -2.65123 0.175296 
11 45600 12 0.810829 1.77824e-05 7.02493 0.214099 8.19148e-05 0.202147 0.881067 1.0705 0.0704959 -2.6522 0.175677 
11 45700 12 0.812608 1.77824e-05 7.02493 0.214088 7.86431e-05 0.202147 0.881019 1.07044 0.0704386 -2.65301 0.176057 
11 45800 12 0.814386 1.77824e-05 7.02493 0.214062 7.26193e-05 0.202143 0.880912 1.07031 0.0703076 -2.65488 0.176438 
11 45900 12 0.816164 1.77824e-05 7.02493 0.214019 7.08314e-05 0.202145 0.880736 1.07009 0.0700944 -2.65791 0.176818 
11 46000 12 0.817942 1.77824e-05 7.02493 0.213961 5.75818e-05 0.202152 0.8805 1.06981 0.0698069 -2.66202 0.177199 
11 46100 12 0.819721 1.77824e-05 7.02493 0.213908 6.24399e-05 0.202158 0.880279 1.06954 0.0695389 -2.66587 0.17758 
11 46200 12 0.821499 1.77824e-05 7.02493 0.213859 8.19665e-05 0.20216 0.88008 1.0693 0.0692967 -2.66936 0.177961 
11 46300 12 0.823277 1.77824e-05 7.02493 0.213824 0.000101635 0.202151 0.879933 1.06912 0.0691185 -2.67193 0.17834 
11 46400 12 0.825055 1.77824e-05 7.02493 0.213836 8.69454e-05 0.20215 0.879982 1.06918 0.0691776 -2.67108 0.178721 
11 46500 12 0.826834 1.77824e-05 7.02493 0.213868 8.83094e-05 0.202147 0.880116 1.06934 0.0693409 -2.66872 0.179101 
11 46600 12 0.828612 1.77824e-05 7.02493 0.213894 8.19707e-05 0.202141 0.880221 1.06947 0.069469 -2.66687 0.179481 
11 46700 12 0.83039 1.77824e-05 7.02493 0.213891 5.91683e-05 0.202135 0.880208 1.06945 0.069453 -2.66711 0.179862 
11 46800 12 0.832168 1.77824e-05 7.02493 0.213892 5.94313e-05 0.20213 0.880214 1.06946 0.0694595 -2.66701 0.180242 
11 46900 12 0.833947 1.77824e-05 7.02493 0.213919 5.27328e-05 0.202124 0.880327 1.0696 0.0695973 -2.66503 0.180623 
11 47000 12 0.835725 1.77824e-05 7.02493 0.213939 4.04111e-05 0.202122 0.880407 1.06969 0.0696948 -2.66363 0.181003 
11 47100 12 0.837503 1.77824e-05 7.02493 0.213928 2.29062e-05 0.20212 0.880364 1.06964 0.0696421 -2.66439 0.181384 
11 47200 12 0.839281 1.77824e-05 7.02493 0.213872 1.93493e-05 0.202122 0.880133 1.06936 0.0693616 -2.66842 0.181764 
11 47300 12 0.841059 1.77824e-05 7.02493 0.21381 4.56276e-05 0.202128 0.879876 1.06905 0.0690497 -2.67293 0.182145 
11 47400 12 0.842838 1.77824e-05 7.02493 0.213761 6.81118e-05 0.20213 0.879674 1.0688 0.0688045 -2.67649 0.182525 
11 47500 12 0.844616 1.77824e-05 7.02493 0.213755 6.70252e-05 0.202127 0.879649 1.06877 0.0687741 -2.67693 0.182905 
11 47600 12 0.846394 1.77824e-05 7.02493 0.213743 8.11781e-05 0.202124 0.879602 1.06872 0.068716 -2.67777 0.183285 
11 47700 12 0.848172 1.77824e-05 7.02493 0.213777 8.57366e-05 0.20212 0.879741 1.06889 0.0688856 -2.67531 0.183665 
11 47800 12 0.849951 1.77824e-05 7.02493 0.213806 7.38139e-05 0.202111 0.879859 1.06903 0.0690285 -2.67324 0.184046 
11 47900 12 0.851729 1.77824e-05 7.02493 0.21382 5.51853e-05 0.202107 0.879917 1.0691 0.0690987 -2.67222 0.184426 
11 48000 12 0.853507 1.77824e-05 7.02493 0.213837 6.09461e-05 0.202104 0.87999 1.06919 0.0691874 -2.67094 0.184807 
11 48100 12 0.855285 1.77824e-05 7.02493 0.213825 8.08912e-05 0.2021 0.879939 1.06913 0.069126 -2.67182 0.185186 
11 48200 12 0.857064 1.77824e-05 7.02493 0.213779 8.75076e-05 0.202102 0.87975 1.0689 0.0688967 -2.67515 0.185567 
11 48300 12 0.858842 1.77824e-05 7.02493 0.213759 7.7773e-05 0.202101 0.879666 1.06879 0.0687938 -2.67664 0.185947 
11 48400 12 0.86062 1.77824e-05 7.02493 0.213802 6.84747e-05 0.202099 0.879845 1.06901 0.0690116 -2.67348 0.186327 
11 48500 12 0.862398 1.77824e-05 7.02493 0.213905 6.92187e-05 0.202092 0.880269 1.06953 0.0695267 -2.66604 0.186708 
11 48600 12 0.864177 1.77824e-05 7.02493 0.213983 5.20013e-05 0.202082 0.88059 1.06992 0.0699168 -2.66045 0.187088 
11 48700 12 0.865955 1.77824e-05 7.02493 0.214031 3.45134e-05 0.202074 0.880786 1.07015 0.0701546 -2.65705 0.187469 
11 48800 12 0.867733 1.77824e-05 7.02493 0.214054 5.3239e-05 0.202068 0.88088 1.07027 0.0702689 -2.65543 0.187849 
11 48900 12 0.869511 1.77824e-05 7.02493 0.214048 5.23748e-05 0.202064 0.880855 1.07024 0.0702391 -2.65585 0.18823 
11 49000 12 0.871289 1.77824e-05 7.02493 0.214039 3.67132e-05 0.20206 0.880819 1.07019 0.0701948 -2.65648 0.188611 
11 49100 12 0.873068 1.77824e-05 7.02493 0.214044 1.44651e-05 0.202058 0.88084 1.07022 0.07022 -2.65612 0.188991 
11 49200 12 0.874846 1.77824e-05 7.02493 0.214013 1.69861e-05 0.202058 0.880712 1.07006 0.0700648 -2.65833 0.189372 
11 49300 12 0.876624 1.77824e-05 7.02493 0.214007 1.61379e-05 0.202061 0.880686 1.07003 0.0700336 -2.65878 0.189753 
11 49400 12 0.878402 1.77824e-05 7.02493 0.213971 4.14975e-05 0.202065 0.880541 1.06986 0.0698568 -2.66131 0.190133 
11 49500 13 0.880178 1.77824e-05 7.02493 0.213932 5.6212e-05 0.202069 0.880377 1.06966 0.0696578 -2.66416 0.190514 
11 49600 13 0.881956 1.77824e-05 7.02493 0.213894 5.31008e-05 0.202069 0.880221 1.06947 0.0694684 -2.66688 0.190894 
11 49700 13 0.883734 1.77824e-05 7.02493 0.21387 7.04417e-05 0.202067 0.880122 1.06935 0.0693478 -2.66862 0.191274 
11 49800 13 0.885513 1.77824e-05 7.02493 0.213816 3.36504e-05 0.20207 0.879902 1.06908 0.0690812 -2.67247 0.191655 
11 49900 13 0.887291 1.77824e-05 7.02493 0.213791 5.90284e-06 0.202071 0.879797 1.06895 0.0689537 -2.67432 0.192035 
11 50000 13 0.889069 1.77824e-05 7.02493 0.213771 -7.74291e-07 0.202066 0.879718 1.06886 0.0688574 -2.67572 0.192415 
11 50100 13 0.890847 1.77824e-05 7.02493 0.213737 -1.46553e-05 0.202067 0.879578 1.06869 0.0686873 -2.67819 0.192795 
11 50200 13 0.892625 1.77824e-05 7.02493 0.2137 -2.53953e-05 0.202066 0.879423 1.0685 0.0684985 -2.68094 0.193175 
11 50300 13 0.894404 1.77824e-05 7.02493 0.213671 -4.93671e-05 0.202064 0.879303 1.06835 0.0683535 -2.68306 0.193556 
11 50400 13 0.896182 1.77824e-05 7.02493 0.213652 -5.50891e-05 0.202062 0.879225 1.06826 0.0682583 -2.68446 0.193936 
11 50500 13 0.89796 1.77824e-05 7.02493 0.213659 -6.78542e-05 0.202056 0.879253 1.06829 0.068293 -2.68395 0.194315 
11 50600 13 0.899738 1.77824e-05 7.02493 0.213639 -6.88424e-05 0.202061 0.879171 1.06819 0.0681932 -2.68541 0.194695 
11 50700 13 0.901517 1.77824e-05 7.02493 0.213636 -5.22736e-05 0.20206 0.87916 1.06818 0.0681797 -2.68561 0.195076 
11 50800 13 0.903295 1.77824e-05 7.02493 0.213619 -2.17713e-05 0.202063 0.879089 1.06809 0.0680934 -2.68688 0.195456 
11 50900 13 0.905073 1.77824e-05 7.02493 0.213644 -1.81949e-05 0.20206 0.879193 1.06822 0.0682196 -2.68502 0.195836 
11 51000 13 0.906851 1.77824e-05 7.02493 0.213658 -2.93725e-05 0.202054 0.879249 1.06829 0.0682877 -2.68403 0.196216 
11 51100 13 0.90863 1.77824e-05 7.02493 0.213656 -3.43216e-05 0.202053 0.879242 1.06828 0.0682791 -2.68415 0.196596 
11 51200 13 0.910408 1.77824e-05 7.02493 0.213637 -2.40277e-05 0.202052 0.879164 1.06818 0.068184 -2.68555 0.196975 
11 51300 13 0.912186 1.77824e-05 7.02493 0.213637 -5.67417e-06 0.20205 0.879165 1.06819 0.0681853 -2.68553 0.197355 
11 51400 13 0.913964 1.77824e-05 7.02493 0.213623 -3.18864e-05 0.202045 0.879107 1.06812 0.0681153 -2.68655 0.197735 
11 51500 13 0.915743 1.77824e-05 7.02493 0.213616 -3.32208e-05 0.202039 0.879079 1.06808 0.0680812 -2.68705 0.198115 
11 51600 13 0.917521 1.77824e-05 7.02493 0.213621 -4.44587e-05 0.202033 0.879099 1.06811 0.0681054 -2.6867 0.198495 
11 51700 13 0.919299 1.77824e-05 7.02493 0.213615 -2.45118e-05 0.202033 0.879075 1.06808 0.068076 -2.68713 0.198875 
11 51800 13 0.921077 1.77824e-05 7.02493 0.213627 -1.47559e-05 0.20203 0.879123 1.06813 0.0681346 -2.68627 0.199255 
11 51900 13 0.922855 1.77824e-05 7.02493 0.213635 -1.31164e-05 0.202028 0.879156 1.06817 0.0681742 -2.68569 0.199635 
11 52000 13 0.924634 1.77824e-05 7.02493 0.213637 -2.76985e-05 0.202025 0.879165 1.06819 0.0681857 -2.68552 0.200015 
11 52100 13 0.926412 1.77824e-05 7.02493 0.213577 -2.11426e-05 0.202026 0.878917 1.06788 0.0678839 -2.68996 0.200395 
11 52200 13 0.92819 1.77824e-05 7.02493 0.213542 -1.393e-05 0.202027 0.878774 1.06771 0.0677103 -2.69252 0.200775 
11 52300 13 0.929968 1.77824e-05 7.02493 0.213537 -1.18696e-05 0.202025 0.878752 1.06768 0.0676841 -2.6929 0.201155 
11 52400 13 0.931747 1.77824e-05 7.02493 0.21355 -6.39495e-06 0.202022 0.878806 1.06775 0.0677498 -2.69193 0.201534 
11 52500 13 0.933525 1.77824e-05 7.02493 0.213551 -1.56884e-05 0.202018 0.878812 1.06776 0.0677564 -2.69184 0.201914 
11 52600 13 0.935303 1.77824e-05 7.02493 0.213629 -1.71589e-05 0.20201 0.879131 1.06814 0.0681447 -2.68612 0.202294 
11 52700 13 0.937081 1.77824e-05 7.02493 0.213723 -9.61854e-06 0.202004 0.879518 1.06861 0.0686146 -2.67925 0.202674 
11 52800 13 0.93886 1.77824e-05 7.02493 0.213796 -9.07757e-06 0.201999 0.879819 1.06898 0.0689799 -2.67394 0.203054 
11 52900 13 0.940638 1.77824e-05 7.02493 0.213834 -1.88703e-05 0.201995 0.879975 1.06917 0.0691694 -2.6712 0.203435 
11 53000 13 0.942416 1.77824e-05 7.02493 0.213848 -2.27162e-05 0.20199 0.880034 1.06924 0.0692415 -2.67016 0.203815 
11 53100 13 0.944194 1.77824e-05 7.02493 0.213821 -2.50667e-05 0.201986 0.879924 1.06911 0.0691072 -2.6721 0.204195 
11 53200 13 0.945973 1.77824e-05 7.02493 0.213799 -3.31163e-05 0.201987 0.879833 1.069 0.0689974 -2.67369 0.204575 
11 53300 13 0.947751 1.77824e-05 7.02493 0.21374 -4.01444e-05 0.201991 0.879588 1.0687 0.0686991 -2.67802 0.204955 
11 53400 13 0.949529 1.77824e-05 7.02493 0.213687 -3.21787e-05 0.201995 0.87937 1.06843 0.0684347 -2.68188 0.205335 
11 53500 13 0.951307 1.77824e-05 7.02493 0.213666 -3.13655e-05 0.201998 0.879283 1.06833 0.0683285 -2.68343 0.205716 
11 53600 13 0.953086 1.77824e-05 7.02493 0.213665 -1.99564e-05 0.201999 0.879281 1.06833 0.0683259 -2.68347 0.206096 
11 53700 13 0.954864 1.77824e-05 7.02493 0.213642 -1.09494e-05 0.202002 0.879185 1.06821 0.0682103 -2.68516 0.206476 
11 53800 13 0.956642 1.77824e-05 7.02493 0.213596 -1.53917e-05 0.202003 0.878995 1.06798 0.0679789 -2.68856 0.206856 
11 53900 13 0.95842 1.77824e-05 7.02493 0.213552 -2.26102e-05 0.202002 0.878816 1.06776 0.0677611 -2.69177 0.207236 
11 54000 14 0.960196 1.77824e-05 7.02493 0.213531 -3.57631e-05 0.202001 0.878728 1.06765 0.0676541 -2.69335 0.207615 
11 54100 14 0.961974 1.77824e-05 7.02493 0.213499 -3.01888e-05 0.201997 0.878595 1.06749 0.0674935 -2.69572 0.207995 
11 54200 14 0.963752 1.77824e-05 7.02493 0.213471 -3.88687e-05 0.201997 0.878483 1.06736 0.0673571 -2.69775 0.208375 
11 54300 14 0.96553 1.77824e-05 7.02493 0.213481 -4.06208e-05 0.201991 0.878524 1.06741 0.0674063 -2.69702 0.208755 
11 54400 14 0.967309 1.77824e-05 7.02493 0.213488 -2.67376e-06 0.201986 0.878553 1.06744 0.0674418 -2.69649 0.209134 
11 54500 14 0.969087 1.77824e-05 7.02493 0.213498 3.29047e-05 0.201981 0.878594 1.06749 0.0674917 -2.69575 0.209514 
11 54600 14 0.970865 1.77824e-05 7.02493 0.213504 2.91606e-05 0.201982 0.878616 1.06752 0.0675187 -2.69535 0.209893 
11 54700 14 0.972643 1.77824e-05 7.02493 0.213525 1.73914e-05 0.201981 0.878703 1.06762 0.0676243 -2.69379 0.210273 
11 54800 14 0.974421 1.77824e-05 7.02493 0.213535 9.75108e-06 0.201985 0.878743 1.06767 0.0676726 -2.69307 0.210653 
11 54900 14 0.9762 1.77824e-05 7.02493 0.21351 -4.1051e-06 0.201985 0.878642 1.06755 0.0675499 -2.69489 0.211033 
11 55000 14 0.977978 1.77824e-05 7.02493 0.21348 7.82343e-06 0.201983 0.878517 1.0674 0.0673979 -2.69714 0.211412 
11 55100 14 0.979756 1.77824e-05 7.02493 0.213454 2.73851e-06 0.201983 0.878411 1.06727 0.0672699 -2.69904 0.211792 
11 55200 14 0.981534 1.77824e-05 7.02493 0.213415 9.60629e-06 0.201979 0.878251 1.06707 0.0670747 -2.70195 0.212172 
11 55300 14 0.983313 1.77824e-05 7.02493 0.213376 2.55886e-05 0.201976 0.87809 1.06688 0.066879 -2.70487 0.212551 
11 55400 14 0.985091 1.77824e-05 7.02493 0.213398 2.41046e-05 0.201973 0.878181 1.06699 0.06699 -2.70321 0.212931 
11 55500 14 0.986869 1.77824e-05 7.02493 0.213426 1.24872e-05 0.201966 0.878297 1.06713 0.0671303 -2.70112 0.21331 
11 55600 14 0.988647 1.77824e-05 7.02493 0.21349 2.17691e-05 0.201959 0.878561 1.06745 0.0674515 -2.69635 0.21369 
11 55700 14 0.990426 1.77824e-05 7.02493 0.21353 2.91143e-05 0.201956 0.878725 1.06765 0.0676514 -2.69339 0.21407 
11 55800 14 0.992204 1.77824e-05 7.02493 0.21357 3.47017e-05 0.201949 0.878889 1.06785 0.0678501 -2.69046 0.214449 
11 55900 14 0.993982 1.77824e-05 7.02493 0.213568 5.45145e-05 0.201946 0.87888 1.06784 0.0678393 -2.69061 0.214829 
11 56000 14 0.99576 1.77824e-05 7.02493 0.213513 5.64432e-05 0.201946 0.878652 1.06756 0.0675626 -2.6947 0.215209 
11 56100 14 0.997539 1.77824e-05 7.02493 0.213473 4.49285e-05 0.201951 0.878488 1.06736 0.067363 -2.69766 0.215589 
11 56200 14 0.999317 1.77824e-05 7.02493 0.213461 3.68566e-05 0.20195 0.87844 1.0673 0.0673044 -2.69853 0.215968 
11 56300 14 1.0011 1.77824e-05 7.02493 0.213445 1.07974e-05 0.201948 0.878373 1.06722 0.0672228 -2.69974 0.216348 
11 56400 14 1.00287 1.77824e-05 7.02493 0.213467 2.7819e-06 0.201946 0.878464 1.06733 0.0673338 -2.69809 0.216728 
11 56500 14 1.00465 1.77824e-05 7.02493 0.213441 3.52189e-06 0.201945 0.87836 1.06721 0.0672074 -2.69997 0.217107 
11 56600 14 1.00643 1.77824e-05 7.02493 0.213432 8.33273e-06 0.201943 0.878321 1.06716 0.06716 -2.70068 0.217487 
11 56700 14 1.00821 1.77824e-05 7.02493 0.213446 1.93278e-05 0.201935 0.878377 1.06723 0.0672281 -2.69966 0.217867 
11 56800 14 1.00999 1.77824e-05 7.02493 0.213488 1.72615e-05 0.20193 0.878551 1.06744 0.0674397 -2.69652 0.218246 
11 56900 14 1.01176 1.77824e-05 7.02493 0.213516 5.09653e-06 0.201928 0.878665 1.06758 0.0675783 -2.69447 0.218626 
11 57000 14 1.01354 1.77824e-05 7.02493 0.213548 9.47969e-06 0.201926 0.8788 1.06774 0.0677415 -2.69206 0.219006 
11 57100 14 1.01532 1.77824e-05 7.02493 0.213609 1.07043e-05 0.201923 0.879048 1.06804 0.0680434 -2.68761 0.219386 
11 57200 14 1.0171 1.77824e-05 7.02493 0.213657 -6.05616e-06 0.201923 0.879247 1.06829 0.0682855 -2.68406 0.219766 
11 57300 14 1.01888 1.77824e-05 7.02493 0.213641 2.17156e-06 0.201929 0.879183 1.06821 0.068207 -2.68521 0.220146 
11 57400 14 1.02066 1.77824e-05 7.02493 0.213598 -1.15456e-05 0.201931 0.879003 1.06799 0.0679887 -2.68841 0.220526 
11 57500 14 1.02243 1.77824e-05 7.02493 0.213535 -2.76937e-06 0.201931 0.878745 1.06767 0.0676748 -2.69304 0.220905 
11 57600 14 1.02421 1.77824e-05 7.02493 0.213472 -2.40975e-06 0.201933 0.878487 1.06736 0.0673616 -2.69768 0.221285 
11 57700 14 1.02599 1.77824e-05 7.02493 0.21342 -2.13339e-05 0.201931 0.878272 1.0671 0.0671009 -2.70156 0.221665 
11 57800 14 1.02777 1.77824e-05 7.02493 0.213366 -3.5203e-05 0.201934 0.878051 1.06683 0.0668317 -2.70558 0.222044 
11 57900 14 1.02955 1.77824e-05 7.02493 0.213332 -4.48624e-05 0.201934 0.877911 1.06666 0.0666617 -2.70812 0.222423 
11 58000 14 1.03133 1.77824e-05 7.02493 0.213332 -4.79101e-05 0.20193 0.877911 1.06666 0.0666621 -2.70812 0.222803 
11 58100 14 1.0331 1.77824e-05 7.02493 0.213378 -5.02404e-05 0.201926 0.8781 1.06689 0.0668917 -2.70468 0.223182 
11 58200 14 1.03488 1.77824e-05 7.02493 0.213375 -7.61252e-05 0.201926 0.878085 1.06687 0.0668738 -2.70495 0.223562 
11 58300 14 1.03666 1.77824e-05 7.02493 0.213377 -5.33136e-05 0.201921 0.878094 1.06688 0.0668839 -2.7048 0.223941 
11 58400 14 1.03844 1.77824e-05 7.02493 0.213384 -4.96338e-05 0.201919 0.878122 1.06692 0.0669187 -2.70428 0.224321 
11 58500 15 1.04021 1.77824e-05 7.02493 0.213364 -4.98958e-05 0.201918 0.878039 1.06682 0.0668176 -2.70579 0.2247 
11 58600 15 1.04199 1.77824e-05 7.02493 0.213324 -6.17546e-05 0.201917 0.877876 1.06662 0.0666191 -2.70876 0.22508 
11 58700 15 1.04377 1.77824e-05 7.02493 0.213329 -5.5005e-05 0.201916 0.877899 1.06665 0.0666473 -2.70834 0.22546 
11 58800 15 1.04555 1.77824e-05 7.02493 0.213341 -4.48433e-05 0.201915 0.877947 1.06671 0.0667052 -2.70747 0.225839 
11 58900 15 1.04733 1.77824e-05 7.02493 0.213342 -1.42702e-05 0.201917 0.877951 1.06671 0.0667106 -2.70739 0.226218 
11 59000 15 1.0491 1.77824e-05 7.02493 0.213338 5.49359e-06 0.201919 0.877935 1.06669 0.066691 -2.70769 0.226598 
11 59100 15 1.05088 1.77824e-05 7.02493 0.213347 3.1394e-05 0.201914 0.877972 1.06674 0.0667354 -2.70702 0.226977 
11 59200 15 1.05266 1.77824e-05 7.02493 0.213349 4.79211e-05 0.201909 0.87798 1.06675 0.0667455 -2.70687 0.227356 
11 59300 15 1.05444 1.77824e-05 7.02493 0.213359 9.07883e-05 0.201904 0.878022 1.0668 0.0667972 -2.70609 0.227736 
11 59400 15 1.05622 1.77824e-05 7.02493 0.213318 7.37744e-05 0.201903 0.877853 1.06659 0.0665908 -2.70919 0.228115 
11 59500 15 1.058 1.77824e-05 7.02493 0.213289 4.45085e-05 0.2019 0.877732 1.06644 0.0664441 -2.71139 0.228495 
11 59600 15 1.05977 1.77824e-05 7.02493 0.213269 8.83347e-06 0.201896 0.877651 1.06635 0.0663458 -2.71287 0.228874 
11 59700 15 1.06155 1.77824e-05 7.02493 0.213256 -8.87478e-06 0.201893 0.877597 1.06628 0.06628 -2.71387 0.229253 
