11 0 1 0 2.66735e-05 7.02493 0.22101 0 0.200023 0.909508 1.10505 0.105052 -2.2533 7.50531e-07 
11 100 2 0.0052947 5.33471e-05 7.02493 0.218934 1.30142e-07 0.204071 0.900963 1.09467 0.0946698 -2.35736 0.00115934 
11 200 2 0.0106294 5.33471e-05 7.02493 0.218668 1.18071e-06 0.20621 0.899868 1.09334 0.0933395 -2.37151 0.0023313 
11 300 2 0.0159641 5.33471e-05 7.02493 0.218651 1.41382e-07 0.207064 0.899799 1.09326 0.0932554 -2.37241 0.00349615 
11 400 2 0.0212988 5.33471e-05 7.02493 0.218703 -1.43784e-06 0.207273 0.900012 1.09351 0.093514 -2.36964 0.00466076 
11 500 2 0.0266335 5.33471e-05 7.02493 0.218791 -1.05095e-06 0.20718 0.900372 1.09395 0.0939525 -2.36497 0.00582878 
11 600 2 0.0319682 5.33471e-05 7.02493 0.218873 -6.5664e-07 0.206917 0.900712 1.09436 0.0943649 -2.36059 0.00699609 
11 700 2 0.037303 5.33471e-05 7.02493 0.218953 -6.12719e-07 0.20658 0.90104 1.09476 0.0947633 -2.35637 0.0081644 
11 800 2 0.0426377 5.33471e-05 7.02493 0.219027 7.66649e-08 0.206213 0.901345 1.09513 0.0951337 -2.35247 0.00933326 
11 900 2 0.0479724 5.33471e-05 7.02493 0.219096 -1.33343e-07 0.205844 0.901631 1.09548 0.0954811 -2.34883 0.0105025 
11 1000 2 0.0533071 5.33471e-05 7.02493 0.219161 -5.48871e-08 0.205493 0.901895 1.0958 0.0958025 -2.34547 0.0116716 
11 1100 2 0.0586418 5.33471e-05 7.02493 0.219213 -2.13947e-07 0.205155 0.902112 1.09607 0.0960659 -2.34272 0.0128411 
11 1200 2 0.0639765 5.33471e-05 7.02493 0.219266 -7.54592e-08 0.204839 0.902328 1.09633 0.096328 -2.34 0.01401 
11 1300 2 0.0693112 5.33471e-05 7.02493 0.219308 6.98045e-09 0.204539 0.902502 1.09654 0.0965405 -2.33779 0.0151801 
11 1400 2 0.0746459 5.33471e-05 7.02493 0.219344 -1.90403e-07 0.204267 0.902652 1.09672 0.0967223 -2.33591 0.01635 
11 1500 2 0.0799806 5.33471e-05 7.02493 0.21938 -2.3343e-07 0.204006 0.902798 1.0969 0.0968993 -2.33408 0.0175197 
11 1600 3 0.0852814 5.33471e-05 7.02493 0.219415 -1.44683e-07 0.203757 0.902941 1.09707 0.0970733 -2.33229 0.0186902 
11 1700 3 0.0906161 5.33471e-05 7.02493 0.219441 -2.49452e-07 0.203522 0.903051 1.09721 0.0972064 -2.33092 0.0198608 
11 1800 3 0.0959508 5.33471e-05 7.02493 0.219462 -1.75147e-07 0.203298 0.903138 1.09731 0.0973124 -2.32983 0.0210311 
11 1900 3 0.101285 5.33471e-05 7.02493 0.219484 -1.12968e-07 0.203092 0.903226 1.09742 0.0974199 -2.32872 0.0222022 
11 2000 3 0.10662 5.33471e-05 7.02493 0.219496 -3.53075e-07 0.202894 0.903276 1.09748 0.0974805 -2.3281 0.0233732 
11 2100 3 0.111955 5.33471e-05 7.02493 0.219499 -2.87445e-07 0.202704 0.903286 1.09749 0.0974929 -2.32798 0.0245436 
11 2200 3 0.11729 5.33471e-05 7.02493 0.219505 -1.80205e-07 0.202528 0.903312 1.09752 0.0975239 -2.32766 0.0257149 
11 2300 3 0.122624 5.33471e-05 7.02493 0.219504 -7.0443e-08 0.202359 0.90331 1.09752 0.0975219 -2.32768 0.0268858 
11 2400 3 0.127959 5.33471e-05 7.02493 0.219505 2.75348e-08 0.202212 0.903313 1.09753 0.0975253 -2.32764 0.0280564 
11 2500 3 0.133294 5.33471e-05 7.02493 0.219517 -1.74903e-09 0.202078 0.903364 1.09759 0.0975868 -2.32701 0.0292274 
11 2600 3 0.138628 5.33471e-05 7.02493 0.219523 3.23678e-08 0.20195 0.903388 1.09762 0.0976164 -2.32671 0.0303985 
11 2700 3 0.143963 5.33471e-05 7.02493 0.219527 5.14581e-08 0.201832 0.903405 1.09764 0.0976375 -2.32649 0.0315692 
11 2800 3 0.149298 5.33471e-05 7.02493 0.219511 2.15481e-08 0.201712 0.903339 1.09756 0.0975568 -2.32732 0.0327425 
11 2900 3 0.154633 5.33471e-05 7.02493 0.219509 2.42593e-08 0.201607 0.903328 1.09754 0.0975437 -2.32746 0.0339139 
11 3000 3 0.159967 5.33471e-05 7.02493 0.219501 3.94832e-08 0.201506 0.903297 1.09751 0.0975058 -2.32784 0.0350853 
11 3100 4 0.165281 5.33471e-05 7.02493 0.2195 1.62951e-08 0.201417 0.903292 1.0975 0.0974994 -2.32791 0.0362533 
11 3200 4 0.170616 5.33471e-05 7.02493 0.219487 2.84593e-06 0.201328 0.903237 1.09743 0.0974328 -2.32859 0.0374253 
11 3300 4 0.175951 5.33471e-05 7.02493 0.219486 -9.73444e-07 0.201255 0.903236 1.09743 0.0974313 -2.32861 0.0385962 
11 3400 4 0.181285 5.33471e-05 7.02493 0.219482 -1.75452e-06 0.201185 0.903217 1.09741 0.0974083 -2.32884 0.0397666 
11 3500 4 0.18662 5.33471e-05 7.02493 0.219474 -2.93181e-07 0.201124 0.903186 1.09737 0.0973708 -2.32923 0.040937 
11 3600 4 0.191955 5.33471e-05 7.02493 0.219475 -2.98258e-07 0.201068 0.903189 1.09737 0.0973747 -2.32919 0.0421085 
11 3700 4 0.19729 5.33471e-05 7.02493 0.219464 1.1697e-08 0.201013 0.903143 1.09732 0.0973193 -2.32976 0.04328 
11 3800 4 0.202624 5.33471e-05 7.02493 0.21946 -1.66506e-06 0.200966 0.903126 1.0973 0.0972981 -2.32998 0.0444504 
11 3900 4 0.207959 5.33471e-05 7.02493 0.219441 4.15843e-06 0.200919 0.90305 1.09721 0.0972057 -2.33093 0.0456207 
11 4000 4 0.213294 5.33471e-05 7.02493 0.219428 6.83313e-06 0.200878 0.902997 1.09714 0.0971414 -2.33159 0.0467913 
11 4100 4 0.218628 5.33471e-05 7.02493 0.219432 1.3856e-06 0.200843 0.903011 1.09716 0.0971588 -2.33141 0.0479608 
11 4200 4 0.223963 5.33471e-05 7.02493 0.219428 -3.79062e-06 0.200811 0.902996 1.09714 0.0971396 -2.33161 0.0491301 
11 4300 4 0.229298 5.33471e-05 7.02493 0.219384 -2.74143e-06 0.200776 0.902816 1.09692 0.0969213 -2.33386 0.0503025 
11 4400 4 0.234633 5.33471e-05 7.02493 0.219369 -2.69779e-06 0.200744 0.902752 1.09684 0.0968437 -2.33466 0.0514719 
11 4500 4 0.239967 5.33471e-05 7.02493 0.219348 -2.06719e-06 0.200716 0.902668 1.09674 0.0967417 -2.33571 0.0526405 
11 4600 5 0.245281 5.33471e-05 7.02493 0.219324 6.28773e-06 0.200691 0.90257 1.09662 0.0966223 -2.33695 0.0538123 
11 4700 5 0.250616 5.33471e-05 7.02493 0.219318 5.93061e-06 0.200669 0.902544 1.09659 0.0965905 -2.33727 0.0549787 
11 4800 5 0.255951 5.33471e-05 7.02493 0.219296 5.3459e-06 0.200649 0.902451 1.09648 0.0964777 -2.33844 0.0561518 
11 4900 5 0.261285 5.33471e-05 7.02493 0.21929 4.33607e-06 0.200631 0.902428 1.09645 0.0964496 -2.33873 0.0573208 
11 5000 5 0.26662 5.33471e-05 7.02493 0.219256 2.7338e-06 0.200609 0.902289 1.09628 0.0962816 -2.34048 0.0584899 
11 5100 5 0.271955 5.33471e-05 7.02493 0.21925 2.0423e-06 0.20059 0.902263 1.09625 0.0962498 -2.34081 0.059659 
11 5200 5 0.27729 5.33471e-05 7.02493 0.219249 1.42646e-06 0.200579 0.902258 1.09624 0.0962435 -2.34087 0.0608293 
11 5300 5 0.282624 5.33471e-05 7.02493 0.219271 9.83074e-07 0.200566 0.90235 1.09636 0.0963556 -2.33971 0.0619995 
11 5400 5 0.287959 5.33471e-05 7.02493 0.219238 -3.74487e-06 0.20055 0.902213 1.09619 0.0961882 -2.34145 0.0631686 
11 5500 5 0.293294 5.33471e-05 7.02493 0.219213 1.92032e-06 0.200536 0.902112 1.09607 0.0960664 -2.34272 0.0643395 
11 5600 5 0.298628 5.33471e-05 7.02493 0.219228 7.92593e-06 0.200525 0.902174 1.09614 0.0961418 -2.34193 0.0655092 
11 5700 5 0.303963 5.33471e-05 7.02493 0.219202 1.33428e-05 0.200511 0.902068 1.09601 0.0960122 -2.34328 0.0666767 
11 5800 5 0.309298 5.33471e-05 7.02493 0.219175 1.34208e-05 0.200505 0.901954 1.09587 0.0958745 -2.34471 0.0678481 
11 5900 5 0.314633 5.33471e-05 7.02493 0.219177 8.46604e-06 0.200493 0.901965 1.09589 0.0958875 -2.34458 0.0690158 
11 6000 5 0.319967 5.33471e-05 7.02493 0.21917 4.83012e-06 0.200482 0.901935 1.09585 0.0958513 -2.34496 0.0701857 
11 6100 6 0.325281 5.33471e-05 7.02493 0.219151 6.60291e-06 0.200472 0.901856 1.09575 0.095755 -2.34596 0.0713553 
11 6200 6 0.330616 5.33471e-05 7.02493 0.219138 6.04897e-06 0.200462 0.901801 1.09569 0.0956888 -2.34665 0.0725243 
11 6300 6 0.335951 5.33471e-05 7.02493 0.219118 -5.33748e-07 0.200452 0.901719 1.09559 0.0955891 -2.3477 0.0736904 
11 6400 6 0.341285 5.33471e-05 7.02493 0.219088 -1.9994e-06 0.200444 0.901596 1.09544 0.0954394 -2.34926 0.0748599 
11 6500 6 0.34662 5.33471e-05 7.02493 0.219075 -4.49886e-06 0.200436 0.901544 1.09538 0.0953759 -2.34993 0.0760302 
11 6600 6 0.351955 5.33471e-05 7.02493 0.219076 -1.60215e-05 0.200429 0.901548 1.09538 0.0953811 -2.34988 0.0771973 
11 6700 6 0.35729 5.33471e-05 7.02493 0.21906 -1.4091e-05 0.200419 0.901482 1.0953 0.0953001 -2.35072 0.0783668 
11 6800 6 0.362624 5.33471e-05 7.02493 0.219051 -1.58841e-05 0.200414 0.901444 1.09526 0.095255 -2.3512 0.0795329 
11 6900 6 0.367959 5.33471e-05 7.02493 0.21902 -1.50838e-05 0.20041 0.901317 1.0951 0.0951003 -2.35282 0.0807025 
11 7000 6 0.373294 5.33471e-05 7.02493 0.219034 -5.41016e-06 0.200404 0.901375 1.09517 0.0951712 -2.35208 0.081872 
11 7100 6 0.378628 5.33471e-05 7.02493 0.219051 -1.00604e-05 0.200399 0.901445 1.09526 0.0952554 -2.35119 0.0830437 
11 7200 6 0.383963 5.33471e-05 7.02493 0.219038 1.41546e-05 0.200393 0.90139 1.09519 0.0951883 -2.3519 0.0842132 
11 7300 6 0.389298 5.33471e-05 7.02493 0.218986 1.72447e-05 0.200385 0.901177 1.09493 0.0949298 -2.35462 0.0853803 
11 7400 6 0.394633 5.33471e-05 7.02493 0.218952 4.97481e-06 0.200379 0.901038 1.09476 0.0947616 -2.35639 0.0865527 
11 7500 6 0.399967 5.33471e-05 7.02493 0.218932 3.56522e-06 0.200371 0.900954 1.09466 0.0946593 -2.35747 0.0877215 
11 7600 7 0.405281 5.33471e-05 7.02493 0.218943 5.60564e-06 0.200366 0.901001 1.09472 0.0947161 -2.35687 0.0888908 
11 7700 7 0.410616 5.33471e-05 7.02493 0.218917 4.45361e-06 0.200363 0.900891 1.09458 0.094583 -2.35828 0.0900583 
11 7800 7 0.415951 5.33471e-05 7.02493 0.218916 2.86323e-06 0.200359 0.90089 1.09458 0.0945811 -2.3583 0.0912276 
11 7900 7 0.421285 5.33471e-05 7.02493 0.218937 1.01654e-05 0.200353 0.900976 1.09469 0.094686 -2.35719 0.0923959 
11 8000 7 0.42662 5.33471e-05 7.02493 0.218917 8.40172e-06 0.200349 0.900893 1.09458 0.0945849 -2.35826 0.093562 
11 8100 7 0.431955 5.33471e-05 7.02493 0.218902 -2.84706e-06 0.200346 0.900832 1.09451 0.0945114 -2.35903 0.0947257 
11 8200 7 0.43729 5.33471e-05 7.02493 0.218834 -2.11322e-05 0.200344 0.900552 1.09417 0.0941712 -2.36264 0.0958919 
11 8300 7 0.442624 5.33471e-05 7.02493 0.21882 -3.3276e-05 0.200337 0.900496 1.0941 0.0941022 -2.36337 0.0970601 
11 8400 7 0.447959 5.33471e-05 7.02493 0.218808 -2.79444e-05 0.200333 0.900444 1.09404 0.0940395 -2.36404 0.0982286 
11 8500 7 0.453294 5.33471e-05 7.02493 0.218792 -2.44856e-05 0.200327 0.900377 1.09396 0.0939583 -2.3649 0.0993913 
11 8600 7 0.458628 5.33471e-05 7.02493 0.218765 -1.47711e-05 0.200323 0.900268 1.09383 0.0938261 -2.36631 0.10056 
11 8700 7 0.463963 5.33471e-05 7.02493 0.218743 -8.75934e-06 0.200322 0.900178 1.09372 0.0937163 -2.36748 0.101724 
11 8800 7 0.469298 5.33471e-05 7.02493 0.218743 -1.24543e-06 0.200319 0.900177 1.09372 0.0937156 -2.36749 0.102892 
11 8900 7 0.474633 5.33471e-05 7.02493 0.218722 2.01712e-05 0.20032 0.900091 1.09361 0.0936111 -2.36861 0.104059 
11 9000 7 0.479967 5.33471e-05 7.02493 0.218709 5.08555e-05 0.200318 0.900036 1.09354 0.0935439 -2.36932 0.105225 
11 9100 8 0.485281 5.33471e-05 7.02493 0.218666 5.75701e-05 0.200315 0.89986 1.09333 0.0933294 -2.37162 0.106393 
11 9200 8 0.490616 5.33471e-05 7.02493 0.218682 3.56149e-05 0.200312 0.899924 1.09341 0.0934082 -2.37078 0.10756 
11 9300 8 0.495951 5.33471e-05 7.02493 0.218679 1.43107e-05 0.200311 0.899914 1.09339 0.0933949 -2.37092 0.10873 
11 9400 8 0.501285 5.33471e-05 7.02493 0.21865 1.02673e-05 0.20031 0.899795 1.09325 0.0932515 -2.37245 0.109897 
11 9500 8 0.50662 5.33471e-05 7.02493 0.218647 1.95347e-05 0.200305 0.899783 1.09324 0.0932363 -2.37262 0.111066 
11 9600 8 0.511955 5.33471e-05 7.02493 0.218633 1.34893e-05 0.200304 0.899723 1.09316 0.0931638 -2.3734 0.112231 
11 9700 8 0.51729 5.33471e-05 7.02493 0.218641 8.8301e-06 0.2003 0.899758 1.09321 0.0932056 -2.37295 0.113399 
11 9800 8 0.522624 5.33471e-05 7.02493 0.218618 3.46118e-06 0.200299 0.899661 1.09309 0.0930876 -2.37421 0.114561 
11 9900 8 0.527959 5.33471e-05 7.02493 0.218619 1.20029e-05 0.200295 0.899665 1.09309 0.0930933 -2.37415 0.115729 
11 10000 8 0.533294 5.33471e-05 7.02493 0.218629 2.10905e-05 0.200295 0.899707 1.09314 0.0931439 -2.37361 0.116897 
11 10100 8 0.538628 5.33471e-05 7.02493 0.218598 1.81222e-05 0.200294 0.899581 1.09299 0.0929911 -2.37525 0.118059 
11 10200 8 0.543963 5.33471e-05 7.02493 0.21853 2.08249e-06 0.200294 0.899302 1.09265 0.0926523 -2.3789 0.119222 
11 10300 8 0.549298 5.33471e-05 7.02493 0.218549 -1.4141e-05 0.200291 0.899379 1.09275 0.0927459 -2.37789 0.120387 
11 10400 8 0.554633 5.33471e-05 7.02493 0.218528 -1.22439e-05 0.20029 0.899294 1.09264 0.0926421 -2.37901 0.121559 
11 10500 8 0.559967 5.33471e-05 7.02493 0.218498 -1.78675e-05 0.200288 0.899168 1.09249 0.092489 -2.38067 0.122725 
11 10600 9 0.565281 5.33471e-05 7.02493 0.218498 6.13157e-06 0.200287 0.89917 1.09249 0.0924917 -2.38064 0.12389 
11 10700 9 0.570616 5.33471e-05 7.02493 0.218501 -8.48906e-06 0.200284 0.899182 1.09251 0.0925058 -2.38048 0.125053 
11 10800 9 0.575951 5.33471e-05 7.02493 0.21851 -2.23834e-05 0.200279 0.899219 1.09255 0.0925512 -2.37999 0.126217 
11 10900 9 0.581285 5.33471e-05 7.02493 0.218512 -1.32837e-05 0.200277 0.899228 1.09256 0.0925619 -2.37988 0.127386 
11 11000 9 0.58662 5.33471e-05 7.02493 0.218518 -1.66057e-05 0.200277 0.899251 1.09259 0.0925894 -2.37958 0.128549 
11 11100 9 0.591955 5.33471e-05 7.02493 0.218498 -1.09385e-05 0.200277 0.899169 1.09249 0.0924908 -2.38065 0.129713 
11 11200 9 0.59729 5.33471e-05 7.02493 0.21848 -3.53954e-06 0.200277 0.899094 1.0924 0.0923993 -2.38164 0.130877 
11 11300 9 0.602624 5.33471e-05 7.02493 0.218464 1.30804e-06 0.200273 0.899029 1.09232 0.09232 -2.38249 0.132045 
11 11400 9 0.607959 5.33471e-05 7.02493 0.218434 9.52075e-06 0.200274 0.898906 1.09217 0.0921707 -2.38411 0.133211 
11 11500 9 0.613294 5.33471e-05 7.02493 0.218422 -1.48124e-06 0.200274 0.898854 1.09211 0.0921081 -2.38479 0.134377 
11 11600 9 0.618628 5.33471e-05 7.02493 0.218393 5.88309e-06 0.200275 0.898738 1.09197 0.091967 -2.38633 0.135541 
11 11700 9 0.623963 5.33471e-05 7.02493 0.218387 -1.36863e-05 0.200273 0.89871 1.09193 0.0919327 -2.3867 0.136709 
11 11800 9 0.629298 5.33471e-05 7.02493 0.218387 -1.54362e-05 0.200271 0.89871 1.09193 0.0919329 -2.3867 0.137876 
11 11900 9 0.634633 5.33471e-05 7.02493 0.218359 7.572e-06 0.200268 0.898597 1.0918 0.0917955 -2.38819 0.139038 
11 12000 9 0.639967 5.33471e-05 7.02493 0.218392 3.51307e-05 0.200266 0.898732 1.09196 0.0919597 -2.3864 0.140209 
11 12100 10 0.645281 5.33471e-05 7.02493 0.218365 3.27268e-05 0.200266 0.898622 1.09183 0.0918253 -2.38787 0.141368 
11 12200 10 0.650616 5.33471e-05 7.02493 0.218375 2.59195e-05 0.200263 0.898664 1.09188 0.0918773 -2.3873 0.142536 
11 12300 10 0.655951 5.33471e-05 7.02493 0.218377 1.9183e-05 0.200263 0.898672 1.09189 0.0918861 -2.38721 0.143695 
11 12400 10 0.661285 5.33471e-05 7.02493 0.218319 1.35174e-05 0.200264 0.898431 1.09159 0.0915939 -2.39039 0.144859 
11 12500 10 0.66662 5.33471e-05 7.02493 0.218301 7.33037e-06 0.200262 0.898356 1.0915 0.0915026 -2.39139 0.146019 
11 12600 10 0.671955 5.33471e-05 7.02493 0.218285 1.08434e-05 0.200261 0.898292 1.09142 0.0914247 -2.39224 0.147186 
11 12700 10 0.67729 5.33471e-05 7.02493 0.218273 1.01717e-05 0.200263 0.898242 1.09136 0.0913643 -2.3929 0.148355 
11 12800 10 0.682624 5.33471e-05 7.02493 0.218237 1.07788e-05 0.200265 0.898093 1.09118 0.0911825 -2.39489 0.149516 
11 12900 10 0.687959 5.33471e-05 7.02493 0.218255 1.18627e-05 0.200261 0.898167 1.09127 0.0912729 -2.3939 0.150674 
11 13000 10 0.693294 5.33471e-05 7.02493 0.21825 1.65527e-05 0.20026 0.898147 1.09125 0.0912486 -2.39417 0.151838 
11 13100 10 0.698628 5.33471e-05 7.02493 0.218224 -1.2206e-06 0.200259 0.898041 1.09112 0.0911201 -2.39558 0.153004 
11 13200 10 0.703963 5.33471e-05 7.02493 0.218245 -1.77914e-05 0.200257 0.89813 1.09123 0.0912274 -2.3944 0.154175 
11 13300 10 0.709298 5.33471e-05 7.02493 0.218227 -1.97634e-05 0.200259 0.898055 1.09114 0.0911371 -2.39539 0.155338 
11 13400 10 0.714633 5.33471e-05 7.02493 0.218235 -2.51549e-05 0.200259 0.898087 1.09118 0.0911761 -2.39496 0.156502 
11 13500 10 0.719967 5.33471e-05 7.02493 0.21821 -1.64254e-05 0.200259 0.897985 1.09105 0.0910515 -2.39633 0.157669 
11 13600 11 0.725281 5.33471e-05 7.02493 0.218232 -1.11317e-05 0.200257 0.898074 1.09116 0.0911602 -2.39514 0.158831 
11 13700 11 0.730616 5.33471e-05 7.02493 0.218196 -1.93017e-05 0.200258 0.897927 1.09098 0.0909814 -2.3971 0.159996 
11 13800 11 0.735951 5.33471e-05 7.02493 0.218201 -4.15383e-05 0.200256 0.897948 1.09101 0.0910074 -2.39681 0.161158 
11 13900 11 0.741285 5.33471e-05 7.02493 0.218199 -3.21218e-05 0.200255 0.897938 1.09099 0.0909943 -2.39696 0.162324 
11 14000 11 0.74662 5.33471e-05 7.02493 0.21818 -2.07927e-05 0.200255 0.897859 1.0909 0.0908983 -2.39801 0.163492 
11 14100 11 0.751955 5.33471e-05 7.02493 0.218144 -1.37485e-05 0.200257 0.897712 1.09072 0.0907204 -2.39997 0.164657 
11 14200 11 0.75729 5.33471e-05 7.02493 0.218123 -5.27724e-06 0.200255 0.897627 1.09062 0.0906173 -2.40111 0.165818 
11 14300 11 0.762624 5.33471e-05 7.02493 0.218146 -8.00735e-06 0.200254 0.897719 1.09073 0.0907288 -2.39988 0.166981 
11 14400 11 0.767959 5.33471e-05 7.02493 0.218132 -8.86787e-06 0.200255 0.897664 1.09066 0.090662 -2.40062 0.168143 
11 14500 11 0.773294 5.33471e-05 7.02493 0.21813 2.47839e-06 0.200253 0.897656 1.09065 0.0906515 -2.40073 0.169304 
11 14600 11 0.778628 5.33471e-05 7.02493 0.218129 -3.14015e-06 0.200254 0.897649 1.09064 0.0906437 -2.40082 0.170469 
11 14700 11 0.783963 5.33471e-05 7.02493 0.218106 -2.35807e-06 0.200252 0.897556 1.09053 0.0905307 -2.40207 0.171622 
11 14800 11 0.789298 5.33471e-05 7.02493 0.218069 1.65761e-06 0.200252 0.897404 1.09035 0.0903463 -2.4041 0.172789 
11 14900 11 0.794633 5.33471e-05 7.02493 0.218044 -7.68039e-07 0.200253 0.897299 1.09022 0.090218 -2.40553 0.173963 
11 15000 11 0.799967 5.33471e-05 7.02493 0.218043 1.77696e-06 0.200253 0.897297 1.09022 0.0902164 -2.40554 0.175115 
11 15100 12 0.805281 5.33471e-05 7.02493 0.218075 5.47196e-06 0.20025 0.897427 1.09037 0.0903736 -2.4038 0.176279 
11 15200 12 0.810616 5.33471e-05 7.02493 0.21807 2.50196e-06 0.200251 0.897407 1.09035 0.0903495 -2.40407 0.177441 
11 15300 12 0.815951 5.33471e-05 7.02493 0.21803 2.73561e-07 0.200251 0.897242 1.09015 0.0901496 -2.40629 0.178608 
11 15400 12 0.821285 5.33471e-05 7.02493 0.218032 -3.20124e-06 0.200249 0.89725 1.09016 0.0901588 -2.40618 0.179771 
11 15500 12 0.82662 5.33471e-05 7.02493 0.217979 -3.93716e-06 0.200252 0.897033 1.0899 0.0898953 -2.40911 0.180932 
11 15600 12 0.831955 5.33471e-05 7.02493 0.218001 -3.22893e-06 0.200252 0.897123 1.09 0.0900043 -2.4079 0.182101 
11 15700 12 0.83729 5.33471e-05 7.02493 0.218008 -2.36171e-06 0.200251 0.897152 1.09004 0.0900402 -2.4075 0.183258 
11 15800 12 0.842624 5.33471e-05 7.02493 0.217986 3.71427e-06 0.200249 0.897062 1.08993 0.0899305 -2.40872 0.184422 
11 15900 12 0.847959 5.33471e-05 7.02493 0.218021 6.33619e-06 0.200249 0.897207 1.09011 0.0901064 -2.40676 0.185589 
11 16000 12 0.853294 5.33471e-05 7.02493 0.21801 2.20445e-06 0.200247 0.897162 1.09005 0.0900519 -2.40737 0.186749 
11 16100 12 0.858628 5.33471e-05 7.02493 0.218003 2.48139e-06 0.200246 0.897133 1.09002 0.0900168 -2.40776 0.187917 
11 16200 12 0.863963 5.33471e-05 7.02493 0.217968 6.35772e-06 0.200249 0.896989 1.08984 0.0898412 -2.40971 0.18908 
11 16300 12 0.869298 5.33471e-05 7.02493 0.217979 3.61821e-06 0.200248 0.897031 1.08989 0.089893 -2.40914 0.190238 
11 16400 12 0.874633 5.33471e-05 7.02493 0.217996 -5.74656e-06 0.200244 0.897102 1.08998 0.0899794 -2.40817 0.191405 
11 16500 12 0.879967 5.33471e-05 7.02493 0.217939 -1.41138e-06 0.200248 0.896867 1.08969 0.0896938 -2.41135 0.192572 
11 16600 13 0.885281 5.33471e-05 7.02493 0.217906 3.97931e-06 0.200249 0.896733 1.08953 0.089531 -2.41317 0.193737 
11 16700 13 0.890616 5.33471e-05 7.02493 0.217902 -1.38849e-07 0.200248 0.896715 1.08951 0.0895083 -2.41342 0.194893 
11 16800 13 0.895951 5.33471e-05 7.02493 0.217881 4.58101e-06 0.20025 0.89663 1.08941 0.0894056 -2.41457 0.196055 
11 16900 13 0.901285 5.33471e-05 7.02493 0.21786 5.28934e-06 0.200251 0.896544 1.0893 0.0893013 -2.41574 0.197215 
11 17000 13 0.90662 5.33471e-05 7.02493 0.217878 -3.87695e-06 0.20025 0.896616 1.08939 0.0893887 -2.41476 0.198377 
11 17100 13 0.911955 5.33471e-05 7.02493 0.217886 1.00534e-06 0.200249 0.896649 1.08943 0.089428 -2.41432 0.19954 
11 17200 13 0.91729 5.33471e-05 7.02493 0.217893 4.77796e-06 0.200247 0.896681 1.08947 0.0894672 -2.41388 0.200705 
11 17300 13 0.922624 5.33471e-05 7.02493 0.21787 -1.01855e-05 0.200248 0.896586 1.08935 0.0893522 -2.41517 0.201867 
11 17400 13 0.927959 5.33471e-05 7.02493 0.217865 -1.39262e-05 0.200246 0.896563 1.08932 0.0893238 -2.41549 0.203016 
11 17500 13 0.933294 5.33471e-05 7.02493 0.217831 -9.4946e-06 0.200248 0.896423 1.08915 0.0891536 -2.4174 0.204182 
11 17600 13 0.938628 5.33471e-05 7.02493 0.217857 -1.26495e-05 0.200246 0.896531 1.08929 0.0892853 -2.41592 0.205342 
11 17700 13 0.943963 5.33471e-05 7.02493 0.217855 -6.58811e-06 0.200245 0.896524 1.08928 0.0892761 -2.41602 0.206505 
11 17800 13 0.949298 5.33471e-05 7.02493 0.217786 2.67871e-06 0.200249 0.89624 1.08893 0.088932 -2.41988 0.207667 
11 17900 13 0.954633 5.33471e-05 7.02493 0.217787 3.50596e-06 0.200248 0.896244 1.08894 0.0889364 -2.41983 0.208828 
11 18000 13 0.959967 5.33471e-05 7.02493 0.21777 5.10117e-06 0.200248 0.896172 1.08885 0.0888493 -2.42081 0.20999 
11 18100 14 0.965281 5.33471e-05 7.02493 0.217782 -1.42367e-06 0.200248 0.896222 1.08891 0.0889097 -2.42013 0.211153 
11 18200 14 0.970616 5.33471e-05 7.02493 0.217772 9.74598e-07 0.200248 0.896181 1.08886 0.0888604 -2.42069 0.212315 
11 18300 14 0.975951 5.33471e-05 7.02493 0.217788 -1.55008e-05 0.200246 0.896246 1.08894 0.0889392 -2.4198 0.21348 
11 18400 14 0.981285 5.33471e-05 7.02493 0.217795 -2.26439e-05 0.200246 0.896274 1.08897 0.0889726 -2.41943 0.214643 
11 18500 14 0.98662 5.33471e-05 7.02493 0.217748 -1.69364e-05 0.200246 0.896081 1.08874 0.0887381 -2.42207 0.215805 
11 18600 14 0.991955 5.33471e-05 7.02493 0.217763 -2.40456e-05 0.200245 0.896143 1.08881 0.0888138 -2.42121 0.216968 
11 18700 14 0.99729 5.33471e-05 7.02493 0.217787 -2.54853e-05 0.200243 0.896244 1.08894 0.0889369 -2.41983 0.218131 
11 18800 14 1.00262 5.33471e-05 7.02493 0.217772 -2.76245e-05 0.200246 0.896182 1.08886 0.0888616 -2.42068 0.219296 
11 18900 14 1.00796 5.33471e-05 7.02493 0.217739 -2.2982e-05 0.200248 0.896045 1.08869 0.0886946 -2.42256 0.220456 
11 19000 14 1.01329 5.33471e-05 7.02493 0.217768 -2.068e-05 0.200244 0.896165 1.08884 0.08884 -2.42092 0.221623 
11 19100 14 1.01863 5.33471e-05 7.02493 0.217747 -1.88942e-05 0.200245 0.896079 1.08874 0.0887359 -2.42209 0.222782 
11 19200 14 1.02396 5.33471e-05 7.02493 0.217712 -1.63865e-05 0.200246 0.895933 1.08856 0.0885585 -2.42409 0.223943 
11 19300 14 1.0293 5.33471e-05 7.02493 0.217696 -2.13472e-05 0.200245 0.895869 1.08848 0.0884809 -2.42497 0.22511 
11 19400 14 1.03463 5.33471e-05 7.02493 0.217704 -2.97058e-05 0.200245 0.895901 1.08852 0.0885191 -2.42454 0.226266 
11 19500 14 1.03997 5.33471e-05 7.02493 0.217683 -3.419e-05 0.200246 0.895816 1.08842 0.0884161 -2.4257 0.227426 
11 19600 15 1.04528 5.33471e-05 7.02493 0.217688 -3.36283e-05 0.200246 0.895836 1.08844 0.0884404 -2.42543 0.228586 
11 19700 15 1.05062 5.33471e-05 7.02493 0.217701 -2.75878e-05 0.200244 0.895887 1.0885 0.0885031 -2.42472 0.229746 
11 19800 15 1.05595 5.33471e-05 7.02493 0.21768 -2.78358e-05 0.200244 0.895802 1.0884 0.0883991 -2.42589 0.230907 
11 19900 15 1.06129 5.33471e-05 7.02493 0.217691 -1.82077e-05 0.200243 0.895849 1.08846 0.088457 -2.42524 0.232069 
11 20000 15 1.06662 5.33471e-05 7.02493 0.217692 -4.02985e-06 0.200243 0.895852 1.08846 0.0884599 -2.42521 0.233229 
11 20100 15 1.07195 5.33471e-05 7.02493 0.217677 4.75019e-06 0.200244 0.89579 1.08839 0.0883854 -2.42605 0.23439 
11 20200 15 1.07729 5.33471e-05 7.02493 0.217667 -5.4303e-06 0.200244 0.89575 1.08834 0.0883366 -2.4266 0.235551 
11 20300 15 1.08262 5.33471e-05 7.02493 0.217645 -6.69911e-06 0.200245 0.89566 1.08823 0.0882268 -2.42785 0.236716 
11 20400 15 1.08796 5.33471e-05 7.02493 0.217657 -8.40512e-06 0.200244 0.895708 1.08829 0.0882852 -2.42718 0.237877 
11 20500 15 1.09329 5.33471e-05 7.02493 0.217609 -6.59462e-06 0.200245 0.895509 1.08804 0.0880438 -2.42992 0.239033 
11 20600 15 1.09863 5.33471e-05 7.02493 0.217601 -3.33379e-06 0.200245 0.895478 1.08801 0.0880059 -2.43035 0.240193 
11 20700 15 1.10396 5.33471e-05 7.02493 0.217602 4.63032e-06 0.200247 0.89548 1.08801 0.0880087 -2.43032 0.241354 
11 20800 15 1.1093 5.33471e-05 7.02493 0.217602 -2.28137e-06 0.200248 0.895483 1.08801 0.0880123 -2.43028 0.242516 
11 20900 15 1.11463 5.33471e-05 7.02493 0.217603 4.98373e-07 0.200247 0.895488 1.08802 0.0880174 -2.43022 0.243677 
11 21000 15 1.11997 5.33471e-05 7.02493 0.217583 -1.37571e-05 0.200247 0.895404 1.08792 0.0879158 -2.43138 0.244846 
11 21100 16 1.12528 5.33471e-05 7.02493 0.217591 3.21616e-06 0.200246 0.895436 1.08795 0.0879549 -2.43093 0.245999 
11 21200 16 1.13062 5.33471e-05 7.02493 0.217595 -7.14007e-06 0.200244 0.895453 1.08798 0.087975 -2.4307 0.247161 
11 21300 16 1.13595 5.33471e-05 7.02493 0.217594 -8.91109e-06 0.200245 0.895448 1.08797 0.0879697 -2.43076 0.248324 
11 21400 16 1.14129 5.33471e-05 7.02493 0.217564 3.28289e-06 0.200246 0.895326 1.08782 0.0878212 -2.43245 0.249483 
11 21500 16 1.14662 5.33471e-05 7.02493 0.217554 6.73071e-06 0.200247 0.895282 1.08777 0.0877682 -2.43306 0.250646 
11 21600 16 1.15195 5.33471e-05 7.02493 0.217541 1.74973e-05 0.200247 0.895229 1.0877 0.0877028 -2.4338 0.251809 
11 21700 16 1.15729 5.33471e-05 7.02493 0.217565 3.79086e-06 0.200245 0.895329 1.08782 0.0878242 -2.43242 0.252969 
11 21800 16 1.16262 5.33471e-05 7.02493 0.217538 1.02819e-05 0.200246 0.895216 1.08769 0.0876875 -2.43398 0.254133 
11 21900 16 1.16796 5.33471e-05 7.02493 0.217504 1.03082e-05 0.200248 0.895076 1.08752 0.0875178 -2.43591 0.255291 
11 22000 16 1.17329 5.33471e-05 7.02493 0.217533 1.41507e-05 0.200247 0.895198 1.08767 0.0876654 -2.43423 0.256453 
11 22100 16 1.17863 5.33471e-05 7.02493 0.217517 6.39395e-07 0.200248 0.895131 1.08758 0.0875847 -2.43515 0.257612 
11 22200 16 1.18396 5.33471e-05 7.02493 0.217489 5.83801e-07 0.20025 0.895017 1.08745 0.0874456 -2.43674 0.258771 
11 22300 16 1.1893 5.33471e-05 7.02493 0.217481 4.63574e-06 0.200249 0.894982 1.0874 0.0874032 -2.43722 0.259929 
11 22400 16 1.19463 5.33471e-05 7.02493 0.217489 1.64494e-05 0.200249 0.895016 1.08744 0.0874439 -2.43676 0.261089 
11 22500 16 1.19997 5.33471e-05 7.02493 0.217499 3.4914e-05 0.200247 0.895057 1.08749 0.087494 -2.43619 0.262249 
11 22600 17 1.20528 5.33471e-05 7.02493 0.217519 2.01455e-05 0.200246 0.895141 1.0876 0.0875967 -2.43501 0.263415 
11 22700 17 1.21062 5.33471e-05 7.02493 0.217481 2.78915e-05 0.200246 0.894985 1.08741 0.0874074 -2.43718 0.264571 
11 22800 17 1.21595 5.33471e-05 7.02493 0.217451 3.20598e-05 0.200248 0.894861 1.08726 0.0872564 -2.4389 0.265728 
11 22900 17 1.22129 5.33471e-05 7.02493 0.217465 3.24503e-05 0.200248 0.894919 1.08733 0.0873268 -2.4381 0.266889 
11 23000 17 1.22662 5.33471e-05 7.02493 0.21747 3.28953e-05 0.200247 0.89494 1.08735 0.087352 -2.43781 0.268052 
11 23100 17 1.23195 5.33471e-05 7.02493 0.217445 3.39171e-05 0.200247 0.894834 1.08722 0.0872231 -2.43929 0.269208 
11 23200 17 1.23729 5.33471e-05 7.02493 0.217425 3.2152e-05 0.200248 0.894752 1.08712 0.0871233 -2.44043 0.270367 
11 23300 17 1.24262 5.33471e-05 7.02493 0.217425 3.02701e-05 0.200249 0.894753 1.08712 0.0871243 -2.44042 0.271526 
11 23400 17 1.24796 5.33471e-05 7.02493 0.217409 2.02491e-05 0.200249 0.894687 1.08704 0.0870448 -2.44133 0.272687 
11 23500 17 1.25329 5.33471e-05 7.02493 0.217392 1.13339e-05 0.20025 0.894617 1.08696 0.0869601 -2.44231 0.273847 
11 23600 17 1.25863 5.33471e-05 7.02493 0.21737 7.41345e-06 0.200251 0.894527 1.08685 0.0868503 -2.44357 0.275006 
11 23700 17 1.26396 5.33471e-05 7.02493 0.217405 1.08996e-05 0.200249 0.89467 1.08702 0.0870241 -2.44157 0.276167 
11 23800 17 1.2693 5.33471e-05 7.02493 0.217448 9.87449e-06 0.200247 0.89485 1.08724 0.0872423 -2.43907 0.277327 
11 23900 17 1.27463 5.33471e-05 7.02493 0.217419 1.04238e-05 0.200248 0.89473 1.0871 0.0870971 -2.44073 0.278488 
11 24000 17 1.27997 5.33471e-05 7.02493 0.217404 1.23918e-05 0.200247 0.894668 1.08702 0.0870216 -2.4416 0.279653 
11 24100 18 1.28528 5.33471e-05 7.02493 0.217375 1.60483e-05 0.200249 0.894549 1.08688 0.0868764 -2.44327 0.280809 
11 24200 18 1.29062 5.33471e-05 7.02493 0.217343 1.80302e-05 0.200252 0.894417 1.08672 0.0867169 -2.44511 0.281972 
11 24300 18 1.29595 5.33471e-05 7.02493 0.217362 1.86891e-05 0.20025 0.894493 1.08681 0.0868086 -2.44405 0.28313 
11 24400 18 1.30129 5.33471e-05 7.02493 0.21739 8.86213e-06 0.200249 0.894611 1.08695 0.0869519 -2.4424 0.284292 
11 24500 18 1.30662 5.33471e-05 7.02493 0.217345 8.26557e-06 0.200251 0.894426 1.08673 0.0867271 -2.44499 0.285452 
11 24600 18 1.31195 5.33471e-05 7.02493 0.217366 1.06604e-05 0.20025 0.894509 1.08683 0.086829 -2.44381 0.286612 
11 24700 18 1.31729 5.33471e-05 7.02493 0.217366 6.8019e-06 0.20025 0.894511 1.08683 0.0868303 -2.4438 0.287773 
11 24800 18 1.32262 5.33471e-05 7.02493 0.217345 4.12091e-08 0.200251 0.894423 1.08672 0.0867239 -2.44503 0.28893 
11 24900 18 1.32796 5.33471e-05 7.02493 0.217329 2.80972e-06 0.200252 0.89436 1.08665 0.0866472 -2.44591 0.290089 
11 25000 18 1.33329 5.33471e-05 7.02493 0.217325 5.19161e-06 0.200252 0.894343 1.08663 0.0866262 -2.44615 0.291246 
11 25100 18 1.33863 5.33471e-05 7.02493 0.217359 1.26694e-05 0.200249 0.894481 1.08679 0.086795 -2.44421 0.292404 
11 25200 18 1.34396 5.33471e-05 7.02493 0.217382 1.38965e-06 0.200248 0.894576 1.08691 0.0869098 -2.44288 0.293565 
11 25300 18 1.3493 5.33471e-05 7.02493 0.217375 -3.18282e-06 0.200247 0.894545 1.08687 0.0868727 -2.44331 0.294723 
11 25400 18 1.35463 5.33471e-05 7.02493 0.217323 4.3632e-06 0.200248 0.894334 1.08662 0.0866157 -2.44627 0.295882 
11 25500 18 1.35997 5.33471e-05 7.02493 0.217296 4.68626e-06 0.200251 0.894222 1.08648 0.0864795 -2.44785 0.297041 
11 25600 19 1.36528 5.33471e-05 7.02493 0.217281 -4.07716e-06 0.20025 0.894161 1.08641 0.0864051 -2.44871 0.298199 
11 25700 19 1.37062 5.33471e-05 7.02493 0.217322 -1.34572e-05 0.200249 0.894328 1.08661 0.0866085 -2.44636 0.299364 
11 25800 19 1.37595 5.33471e-05 7.02493 0.21729 -1.3124e-05 0.200249 0.894199 1.08645 0.086452 -2.44817 0.300518 
11 25900 19 1.38129 5.33471e-05 7.02493 0.217291 -6.08344e-06 0.200251 0.894204 1.08646 0.0864575 -2.4481 0.301677 
11 26000 19 1.38662 5.33471e-05 7.02493 0.217278 -7.91189e-06 0.200251 0.894148 1.08639 0.0863904 -2.44888 0.302835 
11 26100 19 1.39195 5.33471e-05 7.02493 0.21723 -8.27702e-06 0.200254 0.89395 1.08615 0.0861489 -2.45168 0.303995 
11 26200 19 1.39729 5.33471e-05 7.02493 0.217209 -7.12508e-06 0.200255 0.893865 1.08605 0.0860455 -2.45288 0.305154 
11 26300 19 1.40262 5.33471e-05 7.02493 0.217213 2.72967e-06 0.200255 0.893882 1.08607 0.0860663 -2.45264 0.306313 
11 26400 19 1.40796 5.33471e-05 7.02493 0.217244 1.02828e-07 0.200252 0.894007 1.08622 0.086219 -2.45087 0.307472 
11 26500 19 1.41329 5.33471e-05 7.02493 0.217246 -1.00593e-05 0.200252 0.894017 1.08623 0.0862304 -2.45073 0.308635 
11 26600 19 1.41863 5.33471e-05 7.02493 0.217212 -4.0028e-06 0.200254 0.893878 1.08606 0.0860617 -2.45269 0.309797 
11 26700 19 1.42396 5.33471e-05 7.02493 0.217231 1.20499e-05 0.200252 0.893954 1.08615 0.0861537 -2.45162 0.310951 
11 26800 19 1.4293 5.33471e-05 7.02493 0.217238 1.30072e-05 0.200252 0.893982 1.08619 0.0861876 -2.45123 0.312111 
11 26900 19 1.43463 5.33471e-05 7.02493 0.217216 7.69772e-06 0.200254 0.893892 1.08608 0.0860782 -2.4525 0.31327 
11 27000 19 1.43997 5.33471e-05 7.02493 0.217223 5.35841e-06 0.200252 0.893923 1.08612 0.0861168 -2.45205 0.31443 
11 27100 20 1.44528 5.33471e-05 7.02493 0.217221 6.3058e-06 0.200252 0.893913 1.0861 0.0861044 -2.45219 0.31559 
11 27200 20 1.45062 5.33471e-05 7.02493 0.2172 1.58126e-05 0.200252 0.893829 1.086 0.0860018 -2.45339 0.31675 
11 27300 20 1.45595 5.33471e-05 7.02493 0.217195 2.82345e-05 0.200254 0.893807 1.08598 0.0859759 -2.45369 0.31791 
11 27400 20 1.46129 5.33471e-05 7.02493 0.217186 2.89295e-05 0.200254 0.893769 1.08593 0.0859295 -2.45423 0.319069 
11 27500 20 1.46662 5.33471e-05 7.02493 0.217164 3.75249e-05 0.200254 0.893677 1.08582 0.085818 -2.45553 0.320226 
11 27600 20 1.47195 5.33471e-05 7.02493 0.217139 2.6408e-05 0.200255 0.893578 1.0857 0.0856969 -2.45694 0.321382 
11 27700 20 1.47729 5.33471e-05 7.02493 0.217184 1.78088e-05 0.200254 0.89376 1.08592 0.0859179 -2.45436 0.322539 
11 27800 20 1.48262 5.33471e-05 7.02493 0.217239 9.03133e-06 0.200251 0.893989 1.0862 0.0861966 -2.45112 0.323699 
11 27900 20 1.48796 5.33471e-05 7.02493 0.217215 -3.76689e-06 0.200251 0.893887 1.08607 0.0860726 -2.45256 0.324857 
11 28000 20 1.49329 5.33471e-05 7.02493 0.217175 -1.708e-06 0.200252 0.893723 1.08587 0.085873 -2.45489 0.326014 
11 28100 20 1.49863 5.33471e-05 7.02493 0.217179 3.59409e-06 0.20025 0.893742 1.0859 0.0858962 -2.45462 0.327172 
11 28200 20 1.50396 5.33471e-05 7.02493 0.217184 2.00532e-06 0.200252 0.89376 1.08592 0.085918 -2.45436 0.328331 
11 28300 20 1.5093 5.33471e-05 7.02493 0.217164 4.58843e-06 0.200253 0.893679 1.08582 0.0858204 -2.4555 0.329489 
11 28400 20 1.51463 5.33471e-05 7.02493 0.217171 -6.47466e-06 0.200251 0.893707 1.08585 0.0858541 -2.45511 0.330652 
11 28500 20 1.51997 5.33471e-05 7.02493 0.217158 -8.68487e-06 0.200252 0.893654 1.08579 0.08579 -2.45585 0.331805 
11 28600 21 1.52528 5.33471e-05 7.02493 0.217159 -8.8356e-06 0.200253 0.89366 1.0858 0.0857965 -2.45578 0.332963 
11 28700 21 1.53062 5.33471e-05 7.02493 0.217121 -6.2838e-06 0.200255 0.893503 1.08561 0.0856056 -2.458 0.334121 
11 28800 21 1.53595 5.33471e-05 7.02493 0.217082 3.6129e-06 0.200256 0.893341 1.08541 0.0854095 -2.4603 0.33528 
11 28900 21 1.54129 5.33471e-05 7.02493 0.217087 2.58026e-06 0.200256 0.89336 1.08543 0.085433 -2.46002 0.33644 
11 29000 21 1.54662 5.33471e-05 7.02493 0.2171 3.42388e-06 0.200256 0.893416 1.0855 0.0855008 -2.45923 0.337597 
11 29100 21 1.55195 5.33471e-05 7.02493 0.21711 1.86094e-05 0.200253 0.893457 1.08555 0.0855507 -2.45865 0.338756 
11 29200 21 1.55729 5.33471e-05 7.02493 0.217107 1.74606e-05 0.200254 0.893446 1.08554 0.0855366 -2.45881 0.339915 
11 29300 21 1.56262 5.33471e-05 7.02493 0.217089 7.04785e-06 0.200255 0.89337 1.08544 0.0854441 -2.45989 0.341074 
11 29400 21 1.56796 5.33471e-05 7.02493 0.217095 -1.98535e-06 0.200254 0.893397 1.08548 0.0854769 -2.45951 0.342232 
11 29500 21 1.57329 5.33471e-05 7.02493 0.217102 -1.60045e-06 0.200253 0.893423 1.08551 0.0855089 -2.45914 0.343392 
11 29600 21 1.57863 5.33471e-05 7.02493 0.217077 3.07736e-06 0.200256 0.893322 1.08539 0.0853864 -2.46057 0.344552 
11 29700 21 1.58396 5.33471e-05 7.02493 0.217076 6.12976e-06 0.200254 0.893316 1.08538 0.0853791 -2.46065 0.34571 
11 29800 21 1.5893 5.33471e-05 7.02493 0.21709 1.60143e-06 0.200252 0.893373 1.08545 0.0854477 -2.45985 0.346868 
11 29900 21 1.59463 5.33471e-05 7.02493 0.217095 -1.1089e-05 0.200253 0.893394 1.08547 0.0854741 -2.45954 0.348028 
11 30000 21 1.59997 5.33471e-05 7.02493 0.21709 -1.53725e-05 0.200253 0.893374 1.08545 0.0854498 -2.45983 0.349188 
11 30100 22 1.60528 5.33471e-05 7.02493 0.217072 -1.19453e-05 0.200255 0.893301 1.08536 0.0853604 -2.46087 0.350345 
11 30200 22 1.61062 5.33471e-05 7.02493 0.21702 -9.74463e-06 0.200256 0.893085 1.0851 0.0850981 -2.46395 0.351501 
11 30300 22 1.61595 5.33471e-05 7.02493 0.217024 2.13555e-06 0.200256 0.893102 1.08512 0.0851188 -2.46371 0.352657 
11 30400 22 1.62129 5.33471e-05 7.02493 0.217068 3.77016e-06 0.200252 0.893285 1.08534 0.0853415 -2.46109 0.353814 
11 30500 22 1.62662 5.33471e-05 7.02493 0.217081 6.08708e-06 0.200252 0.893339 1.08541 0.0854064 -2.46033 0.354972 
11 30600 22 1.63195 5.33471e-05 7.02493 0.217079 6.07918e-06 0.200253 0.893328 1.08539 0.0853934 -2.46049 0.35613 
11 30700 22 1.63729 5.33471e-05 7.02493 0.217073 5.31191e-06 0.200252 0.893304 1.08536 0.0853646 -2.46082 0.357286 
11 30800 22 1.64262 5.33471e-05 7.02493 0.217047 4.9682e-06 0.200253 0.893198 1.08524 0.085235 -2.46234 0.358444 
11 30900 22 1.64796 5.33471e-05 7.02493 0.217043 8.90456e-06 0.200254 0.893183 1.08522 0.0852172 -2.46255 0.359601 
11 31000 22 1.65329 5.33471e-05 7.02493 0.216993 2.34165e-06 0.200258 0.892977 1.08497 0.0849665 -2.4655 0.360764 
11 31100 22 1.65863 5.33471e-05 7.02493 0.217046 -3.09596e-05 0.200252 0.893194 1.08523 0.0852309 -2.46239 0.361922 
11 31200 22 1.66396 5.33471e-05 7.02493 0.217036 -3.13073e-05 0.200254 0.893154 1.08518 0.0851818 -2.46297 0.363074 
11 31300 22 1.6693 5.33471e-05 7.02493 0.217026 -3.21477e-05 0.200254 0.893113 1.08513 0.0851321 -2.46355 0.364231 
11 31400 22 1.67463 5.33471e-05 7.02493 0.216994 -2.84082e-05 0.200256 0.892979 1.08497 0.08497 -2.46546 0.36539 
11 31500 22 1.67997 5.33471e-05 7.02493 0.216985 -1.73738e-05 0.200257 0.892941 1.08492 0.0849234 -2.46601 0.366548 
11 31600 23 1.68528 5.33471e-05 7.02493 0.216952 -1.30228e-05 0.200259 0.892809 1.08476 0.0847624 -2.4679 0.367704 
11 31700 23 1.69062 5.33471e-05 7.02493 0.21696 -6.46559e-06 0.200259 0.89284 1.0848 0.0848011 -2.46745 0.368872 
11 31800 23 1.69595 5.33471e-05 7.02493 0.21698 -3.96927e-06 0.200256 0.89292 1.0849 0.084898 -2.4663 0.370022 
11 31900 23 1.70129 5.33471e-05 7.02493 0.216961 2.96138e-06 0.200256 0.892844 1.08481 0.0848055 -2.46739 0.371179 
11 32000 23 1.70662 5.33471e-05 7.02493 0.216966 5.06051e-06 0.200258 0.892864 1.08483 0.0848292 -2.46712 0.372338 
11 32100 23 1.71195 5.33471e-05 7.02493 0.216972 -1.95893e-07 0.200257 0.892888 1.08486 0.0848592 -2.46676 0.373496 
11 32200 23 1.71729 5.33471e-05 7.02493 0.216992 -9.77697e-07 0.200254 0.89297 1.08496 0.0849587 -2.46559 0.374655 
11 32300 23 1.72262 5.33471e-05 7.02493 0.216934 4.80763e-06 0.200258 0.892733 1.08467 0.0846706 -2.46899 0.375812 
11 32400 23 1.72796 5.33471e-05 7.02493 0.21692 -2.00844e-06 0.200259 0.892675 1.0846 0.0845995 -2.46983 0.376969 
11 32500 23 1.73329 5.33471e-05 7.02493 0.21695 -4.14012e-06 0.200256 0.892798 1.08475 0.0847492 -2.46806 0.37813 
11 32600 23 1.73863 5.33471e-05 7.02493 0.216947 -1.83457e-06 0.200258 0.892788 1.08474 0.084737 -2.4682 0.379287 
11 32700 23 1.74396 5.33471e-05 7.02493 0.216966 -6.3433e-07 0.200257 0.892862 1.08483 0.0848276 -2.46713 0.380447 
11 32800 23 1.7493 5.33471e-05 7.02493 0.216954 6.96623e-06 0.200257 0.892814 1.08477 0.0847688 -2.46783 0.381602 
11 32900 23 1.75463 5.33471e-05 7.02493 0.216908 1.2115e-05 0.200259 0.892627 1.08454 0.0845424 -2.4705 0.382758 
11 33000 23 1.75997 5.33471e-05 7.02493 0.216915 1.6908e-07 0.200259 0.892656 1.08458 0.0845771 -2.47009 0.383914 
11 33100 24 1.76528 5.33471e-05 7.02493 0.216953 -2.66016e-05 0.200256 0.89281 1.08476 0.0847639 -2.46789 0.38507 
11 33200 24 1.77062 5.33471e-05 7.02493 0.216927 -2.91858e-05 0.200257 0.892702 1.08463 0.0846334 -2.46943 0.386229 
11 33300 24 1.77595 5.33471e-05 7.02493 0.216949 -2.89312e-05 0.200254 0.892792 1.08474 0.0847428 -2.46813 0.387385 
11 33400 24 1.78129 5.33471e-05 7.02493 0.216941 -4.9063e-05 0.200256 0.892762 1.08471 0.0847061 -2.46857 0.388541 
11 33500 24 1.78662 5.33471e-05 7.02493 0.216955 -4.2691e-05 0.200256 0.892819 1.08477 0.0847749 -2.46776 0.389698 
11 33600 24 1.79195 5.33471e-05 7.02493 0.216922 -3.33083e-05 0.200256 0.892683 1.08461 0.0846101 -2.4697 0.390854 
11 33700 24 1.79729 5.33471e-05 7.02493 0.216914 -3.58967e-05 0.200257 0.89265 1.08457 0.0845701 -2.47017 0.392016 
11 33800 24 1.80262 5.33471e-05 7.02493 0.216907 -3.7224e-05 0.200257 0.892622 1.08454 0.0845354 -2.47058 0.393169 
11 33900 24 1.80796 5.33471e-05 7.02493 0.216895 -2.86257e-05 0.200259 0.892572 1.08448 0.0844755 -2.47129 0.394325 
11 34000 24 1.81329 5.33471e-05 7.02493 0.216895 -2.36127e-05 0.200259 0.892571 1.08447 0.0844743 -2.47131 0.395482 
11 34100 24 1.81863 5.33471e-05 7.02493 0.216894 -2.09322e-05 0.20026 0.892569 1.08447 0.0844709 -2.47135 0.396639 
11 34200 24 1.82396 5.33471e-05 7.02493 0.216877 -1.38663e-05 0.20026 0.892499 1.08439 0.0843865 -2.47235 0.397796 
11 34300 24 1.8293 5.33471e-05 7.02493 0.216833 -1.45444e-05 0.200261 0.892315 1.08416 0.084163 -2.475 0.398957 
11 34400 24 1.83463 5.33471e-05 7.02493 0.216813 -1.00796e-05 0.200261 0.892236 1.08407 0.0840664 -2.47615 0.400115 
11 34500 24 1.83997 5.33471e-05 7.02493 0.216857 -4.86723e-06 0.200258 0.892415 1.08428 0.0842846 -2.47356 0.401273 
11 34600 25 1.84528 5.33471e-05 7.02493 0.216866 -2.41365e-06 0.200259 0.892454 1.08433 0.0843314 -2.473 0.402426 
11 34700 25 1.85062 5.33471e-05 7.02493 0.216895 -5.90977e-07 0.200258 0.892571 1.08447 0.0844742 -2.47131 0.403584 
11 34800 25 1.85595 5.33471e-05 7.02493 0.216887 -6.22863e-06 0.200258 0.892541 1.08444 0.0844374 -2.47175 0.404741 
11 34900 25 1.86129 5.33471e-05 7.02493 0.216882 -2.84917e-06 0.200258 0.892519 1.08441 0.0844102 -2.47207 0.405901 
11 35000 25 1.86662 5.33471e-05 7.02493 0.21688 -1.34543e-05 0.20026 0.892511 1.0844 0.084401 -2.47218 0.407059 
11 35100 25 1.87195 5.33471e-05 7.02493 0.216845 3.88798e-06 0.20026 0.892366 1.08422 0.0842245 -2.47427 0.408217 
11 35200 25 1.87729 5.33471e-05 7.02493 0.216855 1.44952e-05 0.200259 0.892406 1.08427 0.0842729 -2.47369 0.409374 
11 35300 25 1.88262 5.33471e-05 7.02493 0.21685 1.08374e-05 0.200262 0.892387 1.08425 0.0842503 -2.47396 0.410531 
11 35400 25 1.88796 5.33471e-05 7.02493 0.216851 1.24251e-06 0.200262 0.892392 1.08426 0.0842566 -2.47389 0.411689 
11 35500 25 1.89329 5.33471e-05 7.02493 0.216819 1.89347e-06 0.200264 0.892257 1.08409 0.0840927 -2.47584 0.412844 
11 35600 25 1.89863 5.33471e-05 7.02493 0.216809 2.42386e-06 0.200264 0.892218 1.08405 0.0840454 -2.4764 0.414 
11 35700 25 1.90396 5.33471e-05 7.02493 0.216832 -4.34362e-06 0.200263 0.892313 1.08416 0.0841601 -2.47503 0.415155 
11 35800 25 1.9093 5.33471e-05 7.02493 0.216816 7.54347e-06 0.200262 0.892249 1.08408 0.0840822 -2.47596 0.41631 
11 35900 25 1.91463 5.33471e-05 7.02493 0.216836 1.11369e-05 0.20026 0.892329 1.08418 0.0841794 -2.47481 0.417468 
11 36000 25 1.91997 5.33471e-05 7.02493 0.216843 7.20767e-06 0.20026 0.892357 1.08421 0.0842135 -2.4744 0.418623 
11 36100 26 1.92528 5.33471e-05 7.02493 0.216845 1.34406e-05 0.20026 0.892366 1.08422 0.0842249 -2.47426 0.41978 
11 36200 26 1.93062 5.33471e-05 7.02493 0.216852 1.22625e-05 0.200259 0.892396 1.08426 0.0842612 -2.47383 0.420936 
11 36300 26 1.93595 5.33471e-05 7.02493 0.216857 2.95751e-06 0.200259 0.892417 1.08429 0.0842867 -2.47353 0.422092 
11 36400 26 1.94129 5.33471e-05 7.02493 0.216841 -8.01628e-06 0.20026 0.89235 1.08421 0.0842055 -2.47449 0.423254 
11 36500 26 1.94662 5.33471e-05 7.02493 0.216817 -6.7601e-06 0.200261 0.892252 1.08409 0.0840867 -2.47591 0.424407 
11 36600 26 1.95195 5.33471e-05 7.02493 0.216802 -6.1948e-06 0.200262 0.89219 1.08401 0.0840108 -2.47681 0.425561 
11 36700 26 1.95729 5.33471e-05 7.02493 0.216785 2.23063e-06 0.200264 0.892121 1.08393 0.0839269 -2.47781 0.426719 
11 36800 26 1.96262 5.33471e-05 7.02493 0.216805 5.67607e-06 0.200263 0.8922 1.08402 0.0840233 -2.47666 0.427874 
11 36900 26 1.96796 5.33471e-05 7.02493 0.216787 4.21322e-06 0.200263 0.892128 1.08394 0.083936 -2.4777 0.429031 
11 37000 26 1.97329 5.33471e-05 7.02493 0.216755 2.09933e-05 0.200265 0.891997 1.08378 0.0837761 -2.47961 0.430188 
11 37100 26 1.97863 5.33471e-05 7.02493 0.216725 2.50263e-06 0.200267 0.891871 1.08362 0.0836232 -2.48143 0.431345 
11 37200 26 1.98396 5.33471e-05 7.02493 0.216738 -2.52292e-07 0.200264 0.891924 1.08369 0.0836883 -2.48066 0.432502 
11 37300 26 1.9893 5.33471e-05 7.02493 0.216763 1.35264e-05 0.200262 0.892028 1.08381 0.083814 -2.47916 0.43366 
11 37400 26 1.99463 5.33471e-05 7.02493 0.216777 1.29502e-05 0.200262 0.892084 1.08388 0.0838827 -2.47834 0.434816 
11 37500 26 1.99997 5.33471e-05 7.02493 0.216771 3.6679e-06 0.200262 0.892064 1.08386 0.0838574 -2.47864 0.435974 
11 37600 27 2.00528 5.33471e-05 7.02493 0.2168 -1.28598e-06 0.20026 0.89218 1.084 0.083999 -2.47695 0.437132 
11 37700 27 2.01062 5.33471e-05 7.02493 0.216801 -9.88739e-06 0.200261 0.892186 1.08401 0.0840059 -2.47687 0.438288 
11 37800 27 2.01595 5.33471e-05 7.02493 0.216786 2.26621e-06 0.200261 0.892124 1.08393 0.0839305 -2.47777 0.439446 
11 37900 27 2.02129 5.33471e-05 7.02493 0.216755 -1.11527e-05 0.200263 0.891995 1.08377 0.083774 -2.47963 0.440604 
11 38000 27 2.02662 5.33471e-05 7.02493 0.216715 -1.44985e-05 0.200266 0.891832 1.08358 0.0835756 -2.482 0.441761 
11 38100 27 2.03195 5.33471e-05 7.02493 0.216734 -1.75454e-05 0.200266 0.891908 1.08367 0.0836687 -2.48089 0.442917 
11 38200 27 2.03729 5.33471e-05 7.02493 0.216739 -1.04347e-05 0.200264 0.891928 1.08369 0.0836925 -2.48061 0.444072 
11 38300 27 2.04262 5.33471e-05 7.02493 0.216721 -7.9419e-06 0.200264 0.891854 1.0836 0.0836028 -2.48168 0.445227 
11 38400 27 2.04796 5.33471e-05 7.02493 0.216732 -2.11991e-06 0.200265 0.891901 1.08366 0.0836598 -2.481 0.446381 
11 38500 27 2.05329 5.33471e-05 7.02493 0.216682 -5.97915e-06 0.200267 0.891696 1.08341 0.0834107 -2.48398 0.447536 
11 38600 27 2.05863 5.33471e-05 7.02493 0.216718 3.49301e-06 0.200263 0.891843 1.08359 0.0835887 -2.48185 0.448692 
11 38700 27 2.06396 5.33471e-05 7.02493 0.216739 3.17719e-06 0.200262 0.89193 1.0837 0.0836953 -2.48057 0.449848 
11 38800 27 2.0693 5.33471e-05 7.02493 0.216747 6.12822e-06 0.200263 0.891961 1.08373 0.0837332 -2.48012 0.451006 
11 38900 27 2.07463 5.33471e-05 7.02493 0.216754 2.69396e-06 0.200262 0.891991 1.08377 0.0837685 -2.4797 0.452159 
11 39000 27 2.07997 5.33471e-05 7.02493 0.216765 6.71191e-06 0.200261 0.892038 1.08383 0.0838258 -2.47901 0.453316 
11 39100 28 2.08528 5.33471e-05 7.02493 0.216786 7.92446e-06 0.200261 0.892124 1.08393 0.0839312 -2.47776 0.454476 
11 39200 28 2.09062 5.33471e-05 7.02493 0.216722 5.5296e-06 0.200264 0.89186 1.08361 0.0836094 -2.4816 0.455629 
11 39300 28 2.09595 5.33471e-05 7.02493 0.216712 8.16986e-07 0.200264 0.891818 1.08356 0.0835593 -2.4822 0.456783 
11 39400 28 2.10129 5.33471e-05 7.02493 0.216698 -2.19731e-06 0.200267 0.891763 1.08349 0.0834922 -2.483 0.457939 
11 39500 28 2.10662 5.33471e-05 7.02493 0.216684 -3.96003e-06 0.200267 0.891702 1.08342 0.0834176 -2.4839 0.459095 
11 39600 28 2.11195 5.33471e-05 7.02493 0.216686 1.52676e-06 0.200266 0.891711 1.08343 0.0834292 -2.48376 0.460252 
11 39700 28 2.11729 5.33471e-05 7.02493 0.216654 2.21911e-06 0.200266 0.891581 1.08327 0.0832707 -2.48566 0.461409 
11 39800 28 2.12262 5.33471e-05 7.02493 0.216635 1.78556e-06 0.200268 0.891502 1.08317 0.0831748 -2.48681 0.462565 
11 39900 28 2.12796 5.33471e-05 7.02493 0.216626 3.24735e-06 0.200266 0.891465 1.08313 0.0831298 -2.48735 0.463721 
11 40000 28 2.13329 5.33471e-05 7.02493 0.216671 7.33445e-06 0.200264 0.891649 1.08335 0.0833541 -2.48466 0.464879 
11 40100 28 2.13863 5.33471e-05 7.02493 0.216691 4.55365e-06 0.200263 0.891731 1.08345 0.0834535 -2.48347 0.466035 
11 40200 28 2.14396 5.33471e-05 7.02493 0.216675 5.6159e-06 0.200263 0.891668 1.08338 0.083377 -2.48438 0.467193 
11 40300 28 2.1493 5.33471e-05 7.02493 0.216667 7.47723e-06 0.200264 0.891634 1.08334 0.0833353 -2.48488 0.468348 
11 40400 28 2.15463 5.33471e-05 7.02493 0.216695 5.32061e-06 0.200262 0.891751 1.08348 0.0834773 -2.48318 0.469505 
11 40500 28 2.15997 5.33471e-05 7.02493 0.216686 4.78287e-06 0.200263 0.891711 1.08343 0.083429 -2.48376 0.470663 
11 40600 29 2.16528 5.33471e-05 7.02493 0.216657 4.65895e-06 0.200265 0.891591 1.08328 0.0832826 -2.48552 0.471819 
11 40700 29 2.17062 5.33471e-05 7.02493 0.21664 -2.42779e-06 0.200266 0.891524 1.0832 0.0832019 -2.48649 0.472975 
11 40800 29 2.17595 5.33471e-05 7.02493 0.216643 -2.05339e-06 0.200267 0.891534 1.08321 0.0832138 -2.48634 0.474131 
11 40900 29 2.18129 5.33471e-05 7.02493 0.216635 -1.48577e-07 0.200267 0.891502 1.08317 0.0831747 -2.48681 0.475286 
11 41000 29 2.18662 5.33471e-05 7.02493 0.21665 1.25891e-06 0.200266 0.891562 1.08325 0.0832478 -2.48593 0.47644 
11 41100 29 2.19195 5.33471e-05 7.02493 0.216653 -9.95979e-07 0.200265 0.891574 1.08326 0.0832628 -2.48575 0.477594 
11 41200 29 2.19729 5.33471e-05 7.02493 0.216611 -2.12997e-06 0.200269 0.891403 1.08305 0.0830541 -2.48826 0.478749 
11 41300 29 2.20262 5.33471e-05 7.02493 0.216638 -1.75723e-07 0.200264 0.891515 1.08319 0.0831909 -2.48662 0.479906 
11 41400 29 2.20796 5.33471e-05 7.02493 0.216686 2.23802e-06 0.200262 0.891711 1.08343 0.0834284 -2.48377 0.481062 
11 41500 29 2.21329 5.33471e-05 7.02493 0.21668 7.15646e-06 0.200263 0.891687 1.0834 0.0833993 -2.48412 0.482216 
11 41600 29 2.21863 5.33471e-05 7.02493 0.216664 1.2411e-05 0.200264 0.891621 1.08332 0.0833197 -2.48507 0.483371 
11 41700 29 2.22396 5.33471e-05 7.02493 0.216694 9.99433e-06 0.200263 0.891745 1.08347 0.0834703 -2.48326 0.484532 
11 41800 29 2.2293 5.33471e-05 7.02493 0.216701 -3.05211e-06 0.200262 0.891772 1.0835 0.0835031 -2.48287 0.485687 
11 41900 29 2.23463 5.33471e-05 7.02493 0.216667 -1.76333e-06 0.200265 0.891635 1.08334 0.0833361 -2.48487 0.486839 
11 42000 29 2.23997 5.33471e-05 7.02493 0.21666 -4.25375e-06 0.200265 0.891607 1.0833 0.0833022 -2.48528 0.487993 
11 42100 30 2.24528 5.33471e-05 7.02493 0.216632 -5.43015e-06 0.200268 0.891491 1.08316 0.0831616 -2.48697 0.48915 
11 42200 30 2.25062 5.33471e-05 7.02493 0.216604 1.76007e-07 0.200271 0.891376 1.08302 0.0830217 -2.48865 0.490305 
11 42300 30 2.25595 5.33471e-05 7.02493 0.216587 -1.59938e-06 0.20027 0.891303 1.08293 0.0829325 -2.48973 0.491461 
11 42400 30 2.26129 5.33471e-05 7.02493 0.216576 -1.03026e-06 0.200271 0.891261 1.08288 0.0828817 -2.49034 0.492626 
11 42500 30 2.26662 5.33471e-05 7.02493 0.21658 3.98718e-06 0.200271 0.891275 1.0829 0.0828997 -2.49012 0.493773 
11 42600 30 2.27195 5.33471e-05 7.02493 0.21655 1.02339e-05 0.200272 0.891154 1.08275 0.0827517 -2.49191 0.494929 
11 42700 30 2.27729 5.33471e-05 7.02493 0.216592 1.61863e-05 0.200268 0.891325 1.08296 0.0829601 -2.4894 0.496086 
11 42800 30 2.28262 5.33471e-05 7.02493 0.216621 1.17175e-05 0.200267 0.891446 1.08311 0.0831074 -2.48762 0.497242 
11 42900 30 2.28796 5.33471e-05 7.02493 0.216614 6.47629e-06 0.200267 0.891418 1.08307 0.0830724 -2.48804 0.498402 
11 43000 30 2.29329 5.33471e-05 7.02493 0.216599 3.39932e-06 0.200268 0.891355 1.083 0.0829961 -2.48896 0.499554 
11 43100 30 2.29863 5.33471e-05 7.02493 0.216619 3.37966e-06 0.200266 0.891435 1.08309 0.0830932 -2.48779 0.50071 
11 43200 30 2.30396 5.33471e-05 7.02493 0.216632 -4.81718e-06 0.200266 0.891489 1.08316 0.0831593 -2.487 0.50187 
11 43300 30 2.3093 5.33471e-05 7.02493 0.216579 -8.0974e-06 0.20027 0.891274 1.0829 0.0828975 -2.49015 0.503026 
11 43400 30 2.31463 5.33471e-05 7.02493 0.216582 -4.40752e-06 0.20027 0.891285 1.08291 0.0829119 -2.48998 0.504183 
11 43500 30 2.31997 5.33471e-05 7.02493 0.216582 -7.61483e-06 0.20027 0.891284 1.08291 0.0829099 -2.49 0.505335 
11 43600 31 2.32528 5.33471e-05 7.02493 0.21657 -7.99737e-06 0.20027 0.891234 1.08285 0.0828494 -2.49073 0.50649 
11 43700 31 2.33062 5.33471e-05 7.02493 0.216548 -7.38106e-06 0.20027 0.891145 1.08274 0.0827411 -2.49204 0.507643 
11 43800 31 2.33595 5.33471e-05 7.02493 0.21658 -7.48791e-06 0.200268 0.891275 1.0829 0.0828991 -2.49013 0.508797 
11 43900 31 2.34129 5.33471e-05 7.02493 0.21655 -2.58475e-06 0.20027 0.891151 1.08275 0.0827479 -2.49196 0.509952 
11 44000 31 2.34662 5.33471e-05 7.02493 0.216546 -2.06782e-05 0.200268 0.891136 1.08273 0.0827303 -2.49217 0.511107 
11 44100 31 2.35195 5.33471e-05 7.02493 0.216606 -1.92649e-05 0.200265 0.891382 1.08303 0.0830287 -2.48857 0.512262 
11 44200 31 2.35729 5.33471e-05 7.02493 0.216604 -1.49399e-05 0.200265 0.891372 1.08302 0.0830176 -2.4887 0.513417 
11 44300 31 2.36262 5.33471e-05 7.02493 0.216593 -1.18615e-05 0.200266 0.89133 1.08297 0.0829663 -2.48932 0.514572 
11 44400 31 2.36796 5.33471e-05 7.02493 0.216611 -7.24684e-06 0.200266 0.891404 1.08306 0.0830562 -2.48824 0.515732 
11 44500 31 2.37329 5.33471e-05 7.02493 0.216619 -6.92005e-06 0.200264 0.891437 1.0831 0.0830958 -2.48776 0.516883 
11 44600 31 2.37863 5.33471e-05 7.02493 0.216586 -1.23427e-05 0.200267 0.891301 1.08293 0.0829302 -2.48976 0.518038 
11 44700 31 2.38396 5.33471e-05 7.02493 0.216581 -7.71844e-06 0.200267 0.891282 1.08291 0.0829073 -2.49003 0.519192 
11 44800 31 2.3893 5.33471e-05 7.02493 0.216567 -7.59939e-06 0.200269 0.891224 1.08284 0.0828366 -2.49089 0.520348 
11 44900 31 2.39463 5.33471e-05 7.02493 0.216536 -5.69699e-06 0.200271 0.891093 1.08268 0.0826776 -2.49281 0.521504 
11 45000 31 2.39997 5.33471e-05 7.02493 0.216502 -1.64526e-06 0.200272 0.890954 1.08251 0.0825092 -2.49485 0.52266 
11 45100 32 2.40528 5.33471e-05 7.02493 0.216506 3.97438e-07 0.200271 0.890973 1.08253 0.0825316 -2.49457 0.523814 
11 45200 32 2.41062 5.33471e-05 7.02493 0.216542 5.46076e-06 0.20027 0.891118 1.08271 0.0827089 -2.49243 0.52497 
11 45300 32 2.41595 5.33471e-05 7.02493 0.216495 -9.35673e-07 0.200273 0.890925 1.08247 0.0824745 -2.49527 0.526126 
11 45400 32 2.42129 5.33471e-05 7.02493 0.21652 3.38452e-06 0.200271 0.891029 1.0826 0.0826007 -2.49374 0.527283 
11 45500 32 2.42662 5.33471e-05 7.02493 0.216553 -6.16399e-06 0.200267 0.891166 1.08277 0.0827661 -2.49174 0.528439 
11 45600 32 2.43195 5.33471e-05 7.02493 0.216549 -9.77036e-06 0.200268 0.891148 1.08275 0.0827452 -2.49199 0.529598 
11 45700 32 2.43729 5.33471e-05 7.02493 0.216536 -5.99579e-06 0.200269 0.891095 1.08268 0.08268 -2.49278 0.530751 
11 45800 32 2.44262 5.33471e-05 7.02493 0.216561 -3.76664e-06 0.200267 0.891199 1.08281 0.0828071 -2.49124 0.531908 
11 45900 32 2.44796 5.33471e-05 7.02493 0.216568 -1.47365e-06 0.200267 0.891226 1.08284 0.0828395 -2.49085 0.533065 
11 46000 32 2.45329 5.33471e-05 7.02493 0.216539 2.31352e-05 0.200269 0.891105 1.08269 0.0826927 -2.49262 0.53422 
11 46100 32 2.45863 5.33471e-05 7.02493 0.216544 4.97508e-05 0.20027 0.891129 1.08272 0.0827215 -2.49228 0.535378 
11 46200 32 2.46396 5.33471e-05 7.02493 0.21656 7.49525e-05 0.200271 0.891194 1.0828 0.0828012 -2.49131 0.53653 
11 46300 32 2.4693 5.33471e-05 7.02493 0.21654 8.71666e-05 0.200272 0.89111 1.0827 0.0826992 -2.49255 0.537684 
11 46400 32 2.47463 5.33471e-05 7.02493 0.21652 6.27392e-05 0.20027 0.89103 1.0826 0.0826019 -2.49372 0.538838 
11 46500 32 2.47997 5.33471e-05 7.02493 0.216539 5.10683e-05 0.20027 0.891107 1.0827 0.0826952 -2.49259 0.539992 
11 46600 33 2.48528 5.33471e-05 7.02493 0.216518 4.32253e-05 0.200272 0.891022 1.08259 0.0825919 -2.49384 0.541146 
11 46700 33 2.49062 5.33471e-05 7.02493 0.216502 2.53931e-05 0.200272 0.890955 1.08251 0.0825099 -2.49484 0.5423 
11 46800 33 2.49595 5.33471e-05 7.02493 0.216541 1.97932e-05 0.200269 0.891114 1.0827 0.0827034 -2.49249 0.543455 
11 46900 33 2.50129 5.33471e-05 7.02493 0.216547 1.39902e-05 0.200267 0.891139 1.08273 0.0827336 -2.49213 0.54461 
11 47000 33 2.50662 5.33471e-05 7.02493 0.216556 1.47566e-05 0.200267 0.891175 1.08278 0.0827776 -2.4916 0.545765 
11 47100 33 2.51195 5.33471e-05 7.02493 0.216542 1.22672e-05 0.200268 0.891118 1.08271 0.0827085 -2.49243 0.546925 
11 47200 33 2.51729 5.33471e-05 7.02493 0.21657 1.17871e-05 0.200266 0.891235 1.08285 0.08285 -2.49072 0.548076 
11 47300 33 2.52262 5.33471e-05 7.02493 0.216577 1.55176e-05 0.200268 0.891262 1.08288 0.0828831 -2.49032 0.549232 
11 47400 33 2.52796 5.33471e-05 7.02493 0.216556 8.5916e-06 0.20027 0.891178 1.08278 0.082781 -2.49156 0.550384 
11 47500 33 2.53329 5.33471e-05 7.02493 0.216534 4.14579e-06 0.200271 0.891088 1.08267 0.0826713 -2.49288 0.55154 
11 47600 33 2.53863 5.33471e-05 7.02493 0.216512 -6.5996e-07 0.200273 0.890998 1.08256 0.0825623 -2.4942 0.552698 
11 47700 33 2.54396 5.33471e-05 7.02493 0.216455 1.21855e-06 0.200275 0.890759 1.08227 0.0822726 -2.49772 0.553852 
11 47800 33 2.5493 5.33471e-05 7.02493 0.216475 7.03092e-06 0.200275 0.890844 1.08237 0.082375 -2.49647 0.555013 
11 47900 33 2.55463 5.33471e-05 7.02493 0.216491 3.01472e-05 0.200273 0.89091 1.08246 0.0824551 -2.4955 0.556161 
11 48000 33 2.55997 5.33471e-05 7.02493 0.216458 3.7303e-06 0.200276 0.890775 1.08229 0.0822917 -2.49748 0.557317 
11 48100 34 2.56528 5.33471e-05 7.02493 0.216462 -9.14691e-07 0.200275 0.890792 1.08231 0.0823124 -2.49723 0.558473 
11 48200 34 2.57062 5.33471e-05 7.02493 0.216488 1.32032e-05 0.200272 0.890898 1.08244 0.0824412 -2.49567 0.559628 
11 48300 34 2.57595 5.33471e-05 7.02493 0.21651 1.38048e-05 0.200271 0.890989 1.08255 0.0825512 -2.49434 0.560787 
11 48400 34 2.58129 5.33471e-05 7.02493 0.216497 1.53934e-05 0.200272 0.890936 1.08249 0.0824869 -2.49512 0.561943 
11 48500 34 2.58662 5.33471e-05 7.02493 0.21651 2.22311e-05 0.20027 0.890989 1.08255 0.0825515 -2.49433 0.563095 
11 48600 34 2.59195 5.33471e-05 7.02493 0.216506 2.93923e-05 0.200271 0.890971 1.08253 0.0825292 -2.4946 0.564254 
11 48700 34 2.59729 5.33471e-05 7.02493 0.216472 -4.49399e-06 0.200273 0.890833 1.08236 0.082362 -2.49663 0.56541 
11 48800 34 2.60262 5.33471e-05 7.02493 0.216477 -3.05287e-05 0.200274 0.890852 1.08238 0.0823847 -2.49635 0.566567 
11 48900 34 2.60796 5.33471e-05 7.02493 0.216501 -5.17295e-05 0.200273 0.890951 1.08251 0.0825054 -2.49489 0.567717 
11 49000 34 2.61329 5.33471e-05 7.02493 0.21646 -6.58546e-05 0.200275 0.89078 1.0823 0.082298 -2.49741 0.568873 
11 49100 34 2.61863 5.33471e-05 7.02493 0.216451 -5.54507e-05 0.200275 0.890743 1.08225 0.0822529 -2.49796 0.570024 
11 49200 34 2.62396 5.33471e-05 7.02493 0.216477 -3.54276e-05 0.200273 0.890853 1.08239 0.082386 -2.49634 0.571177 
11 49300 34 2.6293 5.33471e-05 7.02493 0.216464 -1.97796e-05 0.200275 0.890796 1.08232 0.0823177 -2.49717 0.572333 
11 49400 34 2.63463 5.33471e-05 7.02493 0.216452 -1.5942e-05 0.200275 0.890749 1.08226 0.0822597 -2.49787 0.573486 
11 49500 34 2.63997 5.33471e-05 7.02493 0.216486 -1.31019e-05 0.200273 0.89089 1.08243 0.0824319 -2.49578 0.574643 
11 49600 35 2.64528 5.33471e-05 7.02493 0.2165 -9.87857e-06 0.200271 0.890945 1.0825 0.0824981 -2.49498 0.575796 
11 49700 35 2.65062 5.33471e-05 7.02493 0.216528 -7.4443e-06 0.200269 0.891063 1.08264 0.0826421 -2.49324 0.576951 
11 49800 35 2.65595 5.33471e-05 7.02493 0.216476 -3.49534e-06 0.200273 0.890846 1.08238 0.082378 -2.49644 0.57811 
11 49900 35 2.66129 5.33471e-05 7.02493 0.216505 -2.54718e-06 0.20027 0.890969 1.08253 0.0825274 -2.49462 0.57926 
11 50000 35 2.66662 5.33471e-05 7.02493 0.216505 -1.2799e-05 0.200272 0.890966 1.08252 0.0825236 -2.49467 0.580415 
11 50100 35 2.67195 5.33471e-05 7.02493 0.216477 -4.70949e-05 0.200273 0.890853 1.08239 0.0823865 -2.49633 0.581568 
11 50200 35 2.67729 5.33471e-05 7.02493 0.216472 -6.4059e-05 0.200275 0.89083 1.08236 0.0823585 -2.49667 0.582724 
11 50300 35 2.68262 5.33471e-05 7.02493 0.21644 -9.31502e-05 0.200276 0.8907 1.0822 0.0822007 -2.49859 0.58388 
11 50400 35 2.68796 5.33471e-05 7.02493 0.216389 -9.42555e-05 0.200279 0.890488 1.08194 0.0819431 -2.50173 0.585034 
11 50500 35 2.69329 5.33471e-05 7.02493 0.21643 -8.75441e-05 0.200276 0.890657 1.08215 0.0821485 -2.49923 0.586191 
11 50600 35 2.69863 5.33471e-05 7.02493 0.216458 -6.75302e-05 0.200274 0.890773 1.08229 0.082289 -2.49752 0.587343 
11 50700 35 2.70396 5.33471e-05 7.02493 0.21643 -5.38468e-05 0.200275 0.890659 1.08215 0.0821512 -2.49919 0.588499 
11 50800 35 2.7093 5.33471e-05 7.02493 0.216434 -4.91197e-05 0.200275 0.890673 1.08217 0.0821677 -2.49899 0.589656 
11 50900 35 2.71463 5.33471e-05 7.02493 0.216418 -2.47982e-05 0.200274 0.890607 1.08209 0.0820879 -2.49996 0.590811 
11 51000 35 2.71997 5.33471e-05 7.02493 0.21647 -1.55027e-05 0.200271 0.890824 1.08235 0.0823514 -2.49676 0.591968 
11 51100 36 2.72528 5.33471e-05 7.02493 0.216442 -3.81063e-06 0.200273 0.890707 1.08221 0.0822095 -2.49848 0.593125 
11 51200 36 2.73062 5.33471e-05 7.02493 0.216453 1.20233e-05 0.200271 0.890754 1.08227 0.0822667 -2.49779 0.594278 
11 51300 36 2.73595 5.33471e-05 7.02493 0.216442 2.31014e-05 0.200272 0.890706 1.08221 0.0822076 -2.49851 0.595435 
11 51400 36 2.74129 5.33471e-05 7.02493 0.216438 1.49296e-05 0.200273 0.890693 1.08219 0.0821922 -2.4987 0.596589 
11 51500 36 2.74662 5.33471e-05 7.02493 0.216447 1.82242e-05 0.200273 0.890729 1.08224 0.0822358 -2.49816 0.597746 
11 51600 36 2.75195 5.33471e-05 7.02493 0.216469 1.47451e-05 0.200272 0.890819 1.08235 0.0823456 -2.49683 0.598897 
11 51700 36 2.75729 5.33471e-05 7.02493 0.216419 1.50894e-05 0.200276 0.890612 1.08209 0.0820935 -2.4999 0.600052 
11 51800 36 2.76262 5.33471e-05 7.02493 0.2164 1.1644e-05 0.200276 0.890533 1.082 0.0819978 -2.50106 0.601204 
11 51900 36 2.76796 5.33471e-05 7.02493 0.216423 1.13144e-05 0.200275 0.890628 1.08211 0.0821131 -2.49966 0.602357 
11 52000 36 2.77329 5.33471e-05 7.02493 0.216412 1.82948e-05 0.200275 0.890585 1.08206 0.0820603 -2.5003 0.603512 
11 52100 36 2.77863 5.33471e-05 7.02493 0.216418 1.43617e-05 0.200276 0.890609 1.08209 0.0820897 -2.49994 0.604667 
11 52200 36 2.78396 5.33471e-05 7.02493 0.216405 -5.39061e-07 0.200275 0.890556 1.08203 0.0820255 -2.50073 0.605821 
11 52300 36 2.7893 5.33471e-05 7.02493 0.216432 3.30754e-06 0.200273 0.890667 1.08216 0.0821604 -2.49908 0.606975 
11 52400 36 2.79463 5.33471e-05 7.02493 0.216454 3.15753e-06 0.200271 0.890758 1.08227 0.0822713 -2.49773 0.608128 
11 52500 36 2.79997 5.33471e-05 7.02493 0.216418 -1.33266e-06 0.200273 0.890608 1.08209 0.0820883 -2.49996 0.609286 
11 52600 37 2.80528 5.33471e-05 7.02493 0.216461 -1.75059e-07 0.200271 0.890787 1.08231 0.0823067 -2.4973 0.610438 
11 52700 37 2.81062 5.33471e-05 7.02493 0.216456 1.02095e-05 0.200273 0.890767 1.08228 0.0822818 -2.49761 0.611591 
11 52800 37 2.81595 5.33471e-05 7.02493 0.216445 3.91412e-05 0.200273 0.890721 1.08223 0.0822257 -2.49829 0.612745 
11 52900 37 2.82129 5.33471e-05 7.02493 0.21643 5.94409e-05 0.200275 0.890658 1.08215 0.0821497 -2.49921 0.613901 
11 53000 37 2.82662 5.33471e-05 7.02493 0.216398 9.26706e-05 0.200278 0.890526 1.08199 0.0819891 -2.50117 0.615056 
11 53100 37 2.83195 5.33471e-05 7.02493 0.216362 8.29311e-05 0.20028 0.890379 1.08181 0.0818106 -2.50335 0.61621 
11 53200 37 2.83729 5.33471e-05 7.02493 0.216394 6.89891e-05 0.200278 0.890511 1.08197 0.0819706 -2.50139 0.617367 
11 53300 37 2.84262 5.33471e-05 7.02493 0.216409 4.70938e-05 0.200277 0.890572 1.08205 0.0820455 -2.50048 0.618519 
11 53400 37 2.84796 5.33471e-05 7.02493 0.216372 4.43704e-05 0.20028 0.890419 1.08186 0.0818592 -2.50276 0.619675 
11 53500 37 2.85329 5.33471e-05 7.02493 0.216369 4.53882e-05 0.200279 0.890407 1.08184 0.0818443 -2.50294 0.620831 
11 53600 37 2.85863 5.33471e-05 7.02493 0.216372 4.75826e-05 0.200279 0.890419 1.08186 0.0818594 -2.50275 0.621987 
11 53700 37 2.86396 5.33471e-05 7.02493 0.216409 4.6291e-05 0.200275 0.890572 1.08204 0.0820447 -2.50049 0.623142 
11 53800 37 2.8693 5.33471e-05 7.02493 0.216399 3.64208e-05 0.200275 0.890529 1.08199 0.0819931 -2.50112 0.624299 
11 53900 37 2.87463 5.33471e-05 7.02493 0.216382 2.31047e-05 0.200274 0.890461 1.08191 0.0819099 -2.50214 0.625451 
11 54000 37 2.87997 5.33471e-05 7.02493 0.216389 6.448e-06 0.200275 0.890491 1.08195 0.081946 -2.50169 0.62661 
11 54100 38 2.88528 5.33471e-05 7.02493 0.216396 -1.25441e-05 0.200274 0.890519 1.08198 0.0819805 -2.50127 0.627764 
11 54200 38 2.89062 5.33471e-05 7.02493 0.216391 -1.6818e-05 0.200276 0.890497 1.08195 0.0819535 -2.5016 0.62892 
11 54300 38 2.89595 5.33471e-05 7.02493 0.216382 -1.33843e-05 0.200278 0.89046 1.08191 0.0819094 -2.50214 0.63007 
11 54400 38 2.90129 5.33471e-05 7.02493 0.216318 -1.17942e-05 0.200281 0.890196 1.08159 0.0815881 -2.50607 0.631224 
11 54500 38 2.90662 5.33471e-05 7.02493 0.216339 -4.58835e-06 0.20028 0.890286 1.0817 0.0816974 -2.50473 0.632376 
11 54600 38 2.91195 5.33471e-05 7.02493 0.216385 -1.00089e-05 0.200278 0.890472 1.08192 0.0819232 -2.50197 0.633529 
11 54700 38 2.91729 5.33471e-05 7.02493 0.216385 -6.00231e-06 0.200277 0.890474 1.08193 0.0819264 -2.50193 0.634683 
11 54800 38 2.92262 5.33471e-05 7.02493 0.216388 -2.20241e-05 0.200278 0.890487 1.08194 0.081942 -2.50174 0.635838 
11 54900 38 2.92796 5.33471e-05 7.02493 0.216379 -7.62673e-06 0.200277 0.890449 1.0819 0.0818955 -2.50231 0.636992 
11 55000 38 2.93329 5.33471e-05 7.02493 0.216415 -2.01736e-06 0.200275 0.890597 1.08208 0.0820756 -2.50011 0.638146 
11 55100 38 2.93863 5.33471e-05 7.02493 0.21642 2.79412e-06 0.200273 0.890616 1.0821 0.0820979 -2.49984 0.639299 
11 55200 38 2.94396 5.33471e-05 7.02493 0.216402 -2.73766e-07 0.200273 0.890545 1.08201 0.0820122 -2.50089 0.640459 
11 55300 38 2.9493 5.33471e-05 7.02493 0.216448 -9.56536e-07 0.200271 0.890731 1.08224 0.0822383 -2.49813 0.641608 
11 55400 38 2.95463 5.33471e-05 7.02493 0.216425 -8.392e-06 0.200273 0.890638 1.08212 0.0821248 -2.49952 0.642763 
11 55500 38 2.95997 5.33471e-05 7.02493 0.216409 -2.47654e-05 0.200274 0.890574 1.08205 0.0820474 -2.50046 0.643916 
11 55600 39 2.96528 5.33471e-05 7.02493 0.216391 -4.61489e-05 0.200276 0.890498 1.08196 0.081955 -2.50158 0.645071 
11 55700 39 2.97062 5.33471e-05 7.02493 0.216348 -7.44885e-05 0.200278 0.890323 1.08174 0.0817423 -2.50418 0.646226 
11 55800 39 2.97595 5.33471e-05 7.02493 0.216331 -7.10692e-05 0.20028 0.890251 1.08165 0.0816544 -2.50526 0.647381 
11 55900 39 2.98129 5.33471e-05 7.02493 0.21637 -4.84693e-05 0.200278 0.890412 1.08185 0.0818501 -2.50287 0.648539 
11 56000 39 2.98662 5.33471e-05 7.02493 0.216381 -3.86829e-05 0.200277 0.890459 1.08191 0.0819074 -2.50217 0.649688 
11 56100 39 2.99195 5.33471e-05 7.02493 0.216352 -2.1762e-05 0.200278 0.890339 1.08176 0.0817615 -2.50395 0.650845 
11 56200 39 2.99729 5.33471e-05 7.02493 0.216344 -1.61998e-05 0.20028 0.890304 1.08172 0.0817196 -2.50446 0.652 
11 56300 39 3.00262 5.33471e-05 7.02493 0.216341 -6.8252e-06 0.20028 0.890292 1.0817 0.0817042 -2.50465 0.653159 
11 56400 39 3.00796 5.33471e-05 7.02493 0.216364 -6.07703e-06 0.200278 0.890387 1.08182 0.0818205 -2.50323 0.654313 
11 56500 39 3.01329 5.33471e-05 7.02493 0.216371 -5.15951e-06 0.200278 0.890417 1.08186 0.081857 -2.50278 0.655469 
11 56600 39 3.01863 5.33471e-05 7.02493 0.216377 6.6199e-07 0.200276 0.890441 1.08189 0.0818858 -2.50243 0.656621 
11 56700 39 3.02396 5.33471e-05 7.02493 0.216392 3.73951e-06 0.200275 0.890503 1.08196 0.0819617 -2.5015 0.657776 
11 56800 39 3.0293 5.33471e-05 7.02493 0.216387 5.19844e-06 0.200275 0.890481 1.08193 0.0819347 -2.50183 0.658931 
11 56900 39 3.03463 5.33471e-05 7.02493 0.216394 6.04099e-06 0.200276 0.890511 1.08197 0.0819706 -2.50139 0.660089 
11 57000 39 3.03997 5.33471e-05 7.02493 0.216363 -4.91515e-06 0.200278 0.890384 1.08182 0.081816 -2.50328 0.661239 
11 57100 40 3.04528 5.33471e-05 7.02493 0.216312 -1.16053e-05 0.200281 0.890171 1.08156 0.0815583 -2.50644 0.662392 
11 57200 40 3.05062 5.33471e-05 7.02493 0.216328 -5.55628e-06 0.200281 0.890239 1.08164 0.0816401 -2.50543 0.663544 
11 57300 40 3.05595 5.33471e-05 7.02493 0.216348 -6.9269e-06 0.200279 0.890323 1.08174 0.0817422 -2.50419 0.664697 
11 57400 40 3.06129 5.33471e-05 7.02493 0.216361 -9.89928e-06 0.200279 0.890375 1.08181 0.081805 -2.50342 0.665853 
11 57500 40 3.06662 5.33471e-05 7.02493 0.21635 -1.74622e-05 0.200279 0.890329 1.08175 0.0817498 -2.50409 0.667005 
11 57600 40 3.07195 5.33471e-05 7.02493 0.216355 -1.20098e-05 0.200279 0.89035 1.08178 0.0817757 -2.50378 0.66816 
11 57700 40 3.07729 5.33471e-05 7.02493 0.216381 -1.748e-05 0.200277 0.890457 1.08191 0.0819052 -2.50219 0.669313 
11 57800 40 3.08262 5.33471e-05 7.02493 0.216387 -9.69191e-06 0.200275 0.890482 1.08194 0.0819361 -2.50182 0.670466 
11 57900 40 3.08796 5.33471e-05 7.02493 0.216395 7.81774e-06 0.200276 0.890513 1.08197 0.0819737 -2.50136 0.671625 
11 58000 40 3.09329 5.33471e-05 7.02493 0.216406 2.53798e-06 0.200275 0.890558 1.08203 0.0820284 -2.50069 0.672775 
11 58100 40 3.09863 5.33471e-05 7.02493 0.216388 -1.86317e-05 0.200277 0.890487 1.08194 0.0819416 -2.50175 0.673929 
11 58200 40 3.10396 5.33471e-05 7.02493 0.216378 -4.09406e-05 0.200277 0.890446 1.08189 0.0818917 -2.50236 0.675083 
11 58300 40 3.1093 5.33471e-05 7.02493 0.216348 -5.54609e-05 0.200279 0.890321 1.08174 0.0817402 -2.50421 0.676238 
11 58400 40 3.11463 5.33471e-05 7.02493 0.216319 -8.09855e-05 0.200281 0.890204 1.0816 0.0815974 -2.50596 0.677393 
11 58500 40 3.11997 5.33471e-05 7.02493 0.216315 -7.7531e-05 0.200281 0.890183 1.08157 0.0815727 -2.50626 0.678547 
11 58600 41 3.12528 5.33471e-05 7.02493 0.21634 -4.85922e-05 0.20028 0.890287 1.0817 0.0816986 -2.50472 0.679703 
11 58700 41 3.13062 5.33471e-05 7.02493 0.216335 -2.37172e-05 0.20028 0.890266 1.08167 0.0816734 -2.50503 0.680854 
11 58800 41 3.13595 5.33471e-05 7.02493 0.216331 -1.67387e-06 0.200281 0.890251 1.08165 0.0816544 -2.50526 0.682011 
11 58900 41 3.14129 5.33471e-05 7.02493 0.21632 1.07269e-05 0.200282 0.890204 1.0816 0.0815979 -2.50595 0.683166 
11 59000 41 3.14662 5.33471e-05 7.02493 0.216337 1.35051e-05 0.20028 0.890274 1.08168 0.0816828 -2.50491 0.684322 
11 59100 41 3.15195 5.33471e-05 7.02493 0.216357 -7.05032e-06 0.200278 0.890358 1.08179 0.0817853 -2.50366 0.685477 
11 59200 41 3.15729 5.33471e-05 7.02493 0.216357 -5.48205e-06 0.200277 0.890357 1.08178 0.0817837 -2.50368 0.686634 
11 59300 41 3.16262 5.33471e-05 7.02493 0.216363 -5.1713e-06 0.200277 0.890383 1.08182 0.0818152 -2.50329 0.687785 
11 59400 41 3.16796 5.33471e-05 7.02493 0.216353 4.26882e-06 0.200278 0.890341 1.08176 0.0817644 -2.50391 0.688944 
