11 0 1 0 1.2574e-05 7.02493 0.22101 0 0.200023 0.909508 1.10505 0.105052 -2.2533 7.50531e-07 
11 100 2 0.00249594 2.51481e-05 7.02493 0.216594 2.21792e-09 0.214851 0.891335 1.08297 0.0829722 -2.48925 0.000545816 
11 200 2 0.00501075 2.51481e-05 7.02493 0.215575 -4.67465e-08 0.224355 0.887141 1.07788 0.0778759 -2.55264 0.00108925 
11 300 2 0.00752556 2.51481e-05 7.02493 0.215204 1.30153e-07 0.228916 0.885615 1.07602 0.0760222 -2.57673 0.00163099 
11 400 2 0.0100404 2.51481e-05 7.02493 0.215091 4.80492e-08 0.230714 0.885148 1.07545 0.0754547 -2.58422 0.00217179 
11 500 2 0.0125552 2.51481e-05 7.02493 0.21506 1.02228e-08 0.231075 0.885019 1.0753 0.0752978 -2.5863 0.00271241 
11 600 2 0.01507 2.51481e-05 7.02493 0.215069 3.36437e-08 0.2307 0.885059 1.07535 0.0753464 -2.58566 0.00325344 
11 700 2 0.0175848 2.51481e-05 7.02493 0.215098 -6.15075e-08 0.229949 0.885177 1.07549 0.0754903 -2.58375 0.00379473 
11 800 2 0.0200996 2.51481e-05 7.02493 0.215131 -1.24637e-07 0.229025 0.885312 1.07565 0.0756543 -2.58158 0.0043352 
11 900 2 0.0226144 2.51481e-05 7.02493 0.21516 -1.10981e-07 0.22801 0.88543 1.0758 0.075798 -2.57968 0.00487538 
11 1000 2 0.0251292 2.51481e-05 7.02493 0.21519 -6.50082e-07 0.226956 0.885554 1.07595 0.0759476 -2.57771 0.00541647 
11 1100 2 0.027644 2.51481e-05 7.02493 0.215214 -6.08492e-07 0.225886 0.885654 1.07607 0.0760702 -2.5761 0.00595791 
11 1200 2 0.0301588 2.51481e-05 7.02493 0.21524 -8.87649e-07 0.224837 0.885762 1.0762 0.0762006 -2.57439 0.0064992 
11 1300 2 0.0326736 2.51481e-05 7.02493 0.215265 -5.05161e-07 0.223807 0.885864 1.07633 0.0763253 -2.57275 0.00703981 
11 1400 2 0.0351884 2.51481e-05 7.02493 0.215284 -3.38115e-07 0.222803 0.885943 1.07642 0.0764211 -2.5715 0.0075814 
11 1500 2 0.0377032 2.51481e-05 7.02493 0.215302 -1.46746e-08 0.221823 0.886018 1.07651 0.0765114 -2.57032 0.00812302 
11 1600 2 0.040218 2.51481e-05 7.02493 0.215317 9.08726e-07 0.220869 0.886077 1.07658 0.0765833 -2.56938 0.00866468 
11 1700 2 0.0427328 2.51481e-05 7.02493 0.215336 1.27001e-06 0.219955 0.886155 1.07668 0.0766785 -2.56813 0.00920593 
11 1800 2 0.0452476 2.51481e-05 7.02493 0.215337 -1.98956e-06 0.219059 0.88616 1.07668 0.0766844 -2.56806 0.00974721 
11 1900 2 0.0477625 2.51481e-05 7.02493 0.215353 -5.48449e-06 0.218195 0.886228 1.07677 0.0767668 -2.56698 0.0102887 
11 2000 2 0.0502773 2.51481e-05 7.02493 0.215365 -3.42447e-06 0.217363 0.886275 1.07682 0.0768247 -2.56623 0.0108302 
11 2100 2 0.0527921 2.51481e-05 7.02493 0.215367 -1.43811e-06 0.216561 0.886283 1.07683 0.0768335 -2.56611 0.0113714 
11 2200 2 0.0553069 2.51481e-05 7.02493 0.215375 -2.27322e-06 0.215791 0.886318 1.07688 0.0768766 -2.56555 0.0119126 
11 2300 2 0.0578217 2.51481e-05 7.02493 0.215379 -3.41924e-06 0.215045 0.886334 1.0769 0.0768954 -2.56531 0.0124541 
11 2400 2 0.0603365 2.51481e-05 7.02493 0.215373 -4.65464e-06 0.214333 0.886309 1.07687 0.076866 -2.56569 0.0129959 
11 2500 2 0.0628513 2.51481e-05 7.02493 0.215381 -4.95916e-06 0.213646 0.886343 1.07691 0.0769062 -2.56517 0.0135374 
11 2600 2 0.0653661 2.51481e-05 7.02493 0.215388 -3.7133e-06 0.212989 0.88637 1.07694 0.07694 -2.56473 0.0140786 
11 2700 2 0.0678809 2.51481e-05 7.02493 0.215379 -2.77765e-06 0.212366 0.886332 1.07689 0.0768935 -2.56533 0.01462 
11 2800 2 0.0703957 2.51481e-05 7.02493 0.215361 -8.7225e-07 0.211765 0.886259 1.0768 0.0768043 -2.56649 0.0151617 
11 2900 2 0.0729105 2.51481e-05 7.02493 0.215353 1.985e-07 0.211181 0.886226 1.07676 0.0767644 -2.56701 0.0157034 
11 3000 2 0.0754253 2.51481e-05 7.02493 0.215353 -1.10399e-06 0.210622 0.886226 1.07677 0.0767651 -2.56701 0.0162451 
11 3100 2 0.0779401 2.51481e-05 7.02493 0.215332 -5.10967e-06 0.210085 0.88614 1.07666 0.0766601 -2.56837 0.0167864 
11 3200 3 0.0804527 2.51481e-05 7.02493 0.215328 -4.98986e-06 0.209566 0.886122 1.07664 0.0766378 -2.56867 0.0173277 
11 3300 3 0.0829675 2.51481e-05 7.02493 0.215314 -4.42671e-06 0.209075 0.886065 1.07657 0.0765695 -2.56956 0.0178692 
11 3400 3 0.0854823 2.51481e-05 7.02493 0.215302 -4.76157e-06 0.208606 0.886015 1.07651 0.0765087 -2.57035 0.0184108 
11 3500 3 0.0879971 2.51481e-05 7.02493 0.215285 -8.97851e-06 0.208157 0.885948 1.07643 0.0764268 -2.57142 0.0189524 
11 3600 3 0.0905119 2.51481e-05 7.02493 0.215278 -1.33377e-05 0.207727 0.88592 1.07639 0.0763924 -2.57187 0.0194937 
11 3700 3 0.0930267 2.51481e-05 7.02493 0.215266 -1.28056e-05 0.207311 0.88587 1.07633 0.0763316 -2.57267 0.0200346 
11 3800 3 0.0955415 2.51481e-05 7.02493 0.215263 -1.24838e-05 0.20692 0.885857 1.07632 0.0763166 -2.57286 0.0205763 
11 3900 3 0.0980563 2.51481e-05 7.02493 0.21526 -9.71255e-06 0.206545 0.885842 1.0763 0.0762985 -2.5731 0.0211176 
11 4000 3 0.100571 2.51481e-05 7.02493 0.215257 -8.80965e-06 0.206192 0.885829 1.07628 0.0762828 -2.57331 0.0216589 
11 4100 3 0.103086 2.51481e-05 7.02493 0.215244 -1.50923e-05 0.205853 0.885778 1.07622 0.07622 -2.57413 0.0222002 
11 4200 3 0.105601 2.51481e-05 7.02493 0.215233 -1.78519e-05 0.205534 0.885734 1.07617 0.0761674 -2.57482 0.0227414 
11 4300 3 0.108116 2.51481e-05 7.02493 0.215214 -1.70325e-05 0.205226 0.885653 1.07607 0.0760687 -2.57612 0.0232824 
11 4400 3 0.11063 2.51481e-05 7.02493 0.215209 -1.106e-05 0.204944 0.885635 1.07605 0.0760466 -2.57641 0.0238236 
11 4500 3 0.113145 2.51481e-05 7.02493 0.215197 -1.17359e-05 0.204676 0.885583 1.07598 0.0759831 -2.57724 0.0243648 
11 4600 3 0.11566 2.51481e-05 7.02493 0.215183 -3.52423e-06 0.204422 0.885528 1.07592 0.0759166 -2.57812 0.0249061 
11 4700 3 0.118175 2.51481e-05 7.02493 0.21517 4.48248e-07 0.204187 0.885474 1.07585 0.0758512 -2.57898 0.0254473 
11 4800 3 0.12069 2.51481e-05 7.02493 0.215161 1.18238e-06 0.203964 0.885436 1.0758 0.0758047 -2.5796 0.0259882 
11 4900 3 0.123204 2.51481e-05 7.02493 0.215148 -2.14537e-07 0.20375 0.885384 1.07574 0.0757415 -2.58043 0.0265292 
11 5000 3 0.125719 2.51481e-05 7.02493 0.215147 -8.27423e-06 0.203544 0.885379 1.07574 0.0757359 -2.5805 0.0270702 
11 5100 3 0.128234 2.51481e-05 7.02493 0.215152 -1.06643e-05 0.203371 0.885399 1.07576 0.0757598 -2.58019 0.0276113 
11 5200 3 0.130749 2.51481e-05 7.02493 0.215154 -1.65626e-05 0.203208 0.885408 1.07577 0.0757709 -2.58004 0.0281526 
11 5300 3 0.133264 2.51481e-05 7.02493 0.215145 -1.91956e-05 0.203047 0.885371 1.07573 0.0757259 -2.58063 0.0286938 
11 5400 3 0.135778 2.51481e-05 7.02493 0.215128 -2.08445e-05 0.202893 0.885298 1.07564 0.0756377 -2.5818 0.0292347 
11 5500 3 0.138293 2.51481e-05 7.02493 0.215074 -1.65399e-05 0.202739 0.885078 1.07537 0.0753698 -2.58535 0.0297753 
11 5600 3 0.140808 2.51481e-05 7.02493 0.215023 -1.95091e-05 0.202595 0.884869 1.07512 0.0751159 -2.58872 0.030316 
11 5700 3 0.143323 2.51481e-05 7.02493 0.214996 -1.47781e-05 0.202467 0.884756 1.07498 0.074979 -2.59055 0.0308565 
11 5800 3 0.145838 2.51481e-05 7.02493 0.214964 -1.07647e-05 0.202342 0.884626 1.07482 0.0748201 -2.59267 0.0313972 
11 5900 3 0.148352 2.51481e-05 7.02493 0.214929 -4.29803e-06 0.202229 0.884483 1.07465 0.0746471 -2.59498 0.0319379 
11 6000 3 0.150867 2.51481e-05 7.02493 0.214911 -1.09457e-05 0.202127 0.884406 1.07455 0.0745534 -2.59624 0.0324782 
11 6100 3 0.153382 2.51481e-05 7.02493 0.214878 -1.57742e-05 0.202026 0.884272 1.07439 0.0743899 -2.59844 0.0330188 
11 6200 3 0.155897 2.51481e-05 7.02493 0.214865 -1.44035e-05 0.201935 0.884216 1.07432 0.0743229 -2.59934 0.0335592 
11 6300 3 0.158412 2.51481e-05 7.02493 0.214857 -7.52696e-06 0.201853 0.884183 1.07428 0.0742826 -2.59988 0.0340996 
11 6400 4 0.160905 2.51481e-05 7.02493 0.214849 -1.58546e-06 0.201775 0.884151 1.07424 0.0742441 -2.6004 0.0346395 
11 6500 4 0.16342 2.51481e-05 7.02493 0.214832 2.06024e-05 0.2017 0.884081 1.07416 0.0741584 -2.60155 0.0351798 
11 6600 4 0.165935 2.51481e-05 7.02493 0.214831 2.88901e-05 0.201634 0.884077 1.07415 0.0741534 -2.60162 0.0357201 
11 6700 4 0.16845 2.51481e-05 7.02493 0.214811 2.33514e-05 0.20157 0.883994 1.07405 0.0740528 -2.60298 0.0362605 
11 6800 4 0.170965 2.51481e-05 7.02493 0.214795 1.3137e-05 0.201511 0.883929 1.07397 0.0739731 -2.60405 0.0368009 
11 6900 4 0.173479 2.51481e-05 7.02493 0.214789 1.6435e-05 0.201459 0.883907 1.07395 0.0739466 -2.60441 0.037341 
11 7000 4 0.175994 2.51481e-05 7.02493 0.214779 1.246e-05 0.201407 0.883865 1.0739 0.0738957 -2.6051 0.0378814 
11 7100 4 0.178509 2.51481e-05 7.02493 0.214767 9.85647e-06 0.201362 0.883817 1.07384 0.0738371 -2.60589 0.0384209 
11 7200 4 0.181024 2.51481e-05 7.02493 0.214777 3.45246e-05 0.201322 0.883854 1.07388 0.0738827 -2.60528 0.0389609 
11 7300 4 0.183539 2.51481e-05 7.02493 0.214783 5.36521e-05 0.201285 0.883879 1.07391 0.0739129 -2.60487 0.039501 
11 7400 4 0.186053 2.51481e-05 7.02493 0.214766 5.45206e-05 0.201244 0.883811 1.07383 0.0738302 -2.60599 0.0400412 
11 7500 4 0.188568 2.51481e-05 7.02493 0.214735 3.38925e-05 0.201203 0.883684 1.07368 0.0736756 -2.60808 0.040581 
11 7600 4 0.191083 2.51481e-05 7.02493 0.214715 2.61229e-05 0.201167 0.883599 1.07357 0.073573 -2.60948 0.041121 
11 7700 4 0.193598 2.51481e-05 7.02493 0.21472 2.11365e-05 0.201136 0.88362 1.0736 0.0735989 -2.60913 0.0416614 
11 7800 4 0.196113 2.51481e-05 7.02493 0.214731 2.0711e-05 0.201105 0.883668 1.07366 0.0736566 -2.60834 0.0422013 
11 7900 4 0.198627 2.51481e-05 7.02493 0.214737 1.88415e-05 0.201075 0.883691 1.07368 0.0736842 -2.60797 0.0427413 
11 8000 4 0.201142 2.51481e-05 7.02493 0.214731 1.55514e-05 0.201048 0.883668 1.07366 0.0736571 -2.60833 0.0432813 
11 8100 4 0.203657 2.51481e-05 7.02493 0.214721 9.59751e-06 0.201024 0.883625 1.0736 0.0736046 -2.60905 0.0438211 
11 8200 4 0.206172 2.51481e-05 7.02493 0.214717 1.14757e-05 0.200998 0.883607 1.07358 0.073583 -2.60934 0.0443614 
11 8300 4 0.208687 2.51481e-05 7.02493 0.214709 6.96077e-06 0.200975 0.883577 1.07355 0.0735463 -2.60984 0.0449012 
11 8400 4 0.211201 2.51481e-05 7.02493 0.214691 2.30828e-06 0.200952 0.883504 1.07346 0.0734568 -2.61106 0.0454417 
11 8500 4 0.213716 2.51481e-05 7.02493 0.214684 -5.64613e-06 0.20093 0.883473 1.07342 0.0734191 -2.61157 0.0459817 
11 8600 4 0.216231 2.51481e-05 7.02493 0.214684 1.03499e-05 0.200912 0.883473 1.07342 0.0734191 -2.61157 0.0465213 
11 8700 4 0.218746 2.51481e-05 7.02493 0.214686 2.60197e-05 0.200893 0.883483 1.07343 0.073432 -2.6114 0.0470609 
11 8800 4 0.221261 2.51481e-05 7.02493 0.214675 3.38034e-05 0.200873 0.883438 1.07338 0.0733772 -2.61214 0.047601 
11 8900 4 0.223775 2.51481e-05 7.02493 0.214659 3.44594e-05 0.200855 0.883371 1.0733 0.073296 -2.61325 0.0481409 
11 9000 4 0.22629 2.51481e-05 7.02493 0.214644 4.2791e-05 0.200837 0.883307 1.07322 0.0732184 -2.61431 0.0486805 
11 9100 4 0.228805 2.51481e-05 7.02493 0.214644 3.89393e-05 0.200822 0.883308 1.07322 0.0732197 -2.61429 0.0492203 
11 9200 4 0.23132 2.51481e-05 7.02493 0.214642 3.93515e-05 0.200806 0.883301 1.07321 0.0732107 -2.61441 0.0497599 
11 9300 4 0.233835 2.51481e-05 7.02493 0.214618 4.89163e-05 0.20079 0.8832 1.07309 0.0730886 -2.61608 0.0503 
11 9400 4 0.23635 2.51481e-05 7.02493 0.214608 3.22007e-05 0.200775 0.88316 1.07304 0.0730393 -2.61676 0.0508398 
11 9500 4 0.238864 2.51481e-05 7.02493 0.2146 7.25732e-06 0.200761 0.883126 1.073 0.0729983 -2.61732 0.0513794 
11 9600 5 0.241358 2.51481e-05 7.02493 0.214558 8.93109e-06 0.200748 0.882953 1.07279 0.0727883 -2.6202 0.0519193 
11 9700 5 0.243873 2.51481e-05 7.02493 0.214552 5.03905e-06 0.200735 0.88293 1.07276 0.0727598 -2.62059 0.0524586 
11 9800 5 0.246388 2.51481e-05 7.02493 0.214556 9.29429e-06 0.200723 0.882945 1.07278 0.072778 -2.62034 0.0529979 
11 9900 5 0.248902 2.51481e-05 7.02493 0.214538 3.93264e-06 0.20071 0.882872 1.07269 0.0726893 -2.62156 0.0535374 
11 10000 5 0.251417 2.51481e-05 7.02493 0.214512 -1.1458e-05 0.200701 0.882766 1.07256 0.0725603 -2.62334 0.0540774 
11 10100 5 0.253932 2.51481e-05 7.02493 0.214489 -1.86074e-05 0.20069 0.882671 1.07245 0.0724453 -2.62492 0.054616 
11 10200 5 0.256447 2.51481e-05 7.02493 0.214482 -4.64211e-06 0.200676 0.882641 1.07241 0.0724086 -2.62543 0.0551556 
11 10300 5 0.258962 2.51481e-05 7.02493 0.214482 -7.05352e-06 0.200667 0.882642 1.07241 0.0724098 -2.62541 0.0556953 
11 10400 5 0.261476 2.51481e-05 7.02493 0.214458 -1.93519e-05 0.200657 0.882545 1.07229 0.0722919 -2.62704 0.0562347 
11 10500 5 0.263991 2.51481e-05 7.02493 0.21446 -3.24186e-05 0.200648 0.88255 1.0723 0.0722982 -2.62696 0.0567744 
11 10600 5 0.266506 2.51481e-05 7.02493 0.214443 -2.45002e-05 0.200638 0.882481 1.07221 0.0722149 -2.62811 0.0573132 
11 10700 5 0.269021 2.51481e-05 7.02493 0.214424 -1.67441e-05 0.200631 0.882402 1.07212 0.0721184 -2.62945 0.0578528 
11 10800 5 0.271536 2.51481e-05 7.02493 0.214425 -1.52589e-05 0.200622 0.882408 1.07213 0.0721253 -2.62935 0.0583917 
11 10900 5 0.27405 2.51481e-05 7.02493 0.214429 1.35282e-06 0.200614 0.882424 1.07215 0.0721457 -2.62907 0.0589312 
11 11000 5 0.276565 2.51481e-05 7.02493 0.214413 8.28327e-06 0.200607 0.882358 1.07206 0.0720644 -2.6302 0.0594703 
11 11100 5 0.27908 2.51481e-05 7.02493 0.214402 1.5169e-06 0.200596 0.882312 1.07201 0.072009 -2.63096 0.0600097 
11 11200 5 0.281595 2.51481e-05 7.02493 0.214376 1.05574e-05 0.200585 0.882207 1.07188 0.0718817 -2.63273 0.0605487 
11 11300 5 0.28411 2.51481e-05 7.02493 0.214359 1.27981e-05 0.200574 0.882137 1.0718 0.0717966 -2.63392 0.0610883 
11 11400 5 0.286625 2.51481e-05 7.02493 0.214327 1.04207e-05 0.200569 0.882006 1.07164 0.0716375 -2.63614 0.0616274 
11 11500 5 0.289139 2.51481e-05 7.02493 0.214313 -4.74755e-07 0.200563 0.881945 1.07156 0.0715634 -2.63717 0.0621667 
11 11600 5 0.291654 2.51481e-05 7.02493 0.214318 3.25581e-05 0.200557 0.881965 1.07159 0.0715881 -2.63683 0.0627059 
11 11700 5 0.294169 2.51481e-05 7.02493 0.214306 4.67486e-05 0.20055 0.881918 1.07153 0.0715303 -2.63763 0.0632448 
11 11800 5 0.296684 2.51481e-05 7.02493 0.214288 2.30704e-05 0.200544 0.881844 1.07144 0.0714403 -2.63889 0.0637836 
11 11900 5 0.299199 2.51481e-05 7.02493 0.214263 -9.75293e-06 0.200538 0.881741 1.07132 0.0713155 -2.64064 0.0643224 
11 12000 5 0.301713 2.51481e-05 7.02493 0.214248 -2.27984e-05 0.200533 0.881679 1.07124 0.0712398 -2.6417 0.0648609 
11 12100 5 0.304228 2.51481e-05 7.02493 0.214255 6.77229e-06 0.200525 0.881708 1.07128 0.0712751 -2.64121 0.0654001 
11 12200 5 0.306743 2.51481e-05 7.02493 0.214255 1.90219e-06 0.20052 0.881708 1.07128 0.0712756 -2.6412 0.0659392 
11 12300 5 0.309258 2.51481e-05 7.02493 0.214249 -2.80806e-06 0.200514 0.881682 1.07124 0.071243 -2.64166 0.066478 
11 12400 5 0.311773 2.51481e-05 7.02493 0.21424 -1.58809e-05 0.20051 0.881646 1.0712 0.0711997 -2.64227 0.0670169 
11 12500 5 0.314287 2.51481e-05 7.02493 0.214273 -2.01941e-05 0.200504 0.88178 1.07136 0.0713627 -2.63998 0.0675556 
11 12600 5 0.316802 2.51481e-05 7.02493 0.214299 -4.40565e-05 0.200498 0.881889 1.07149 0.0714947 -2.63813 0.0680949 
11 12700 5 0.319317 2.51481e-05 7.02493 0.214257 -5.3358e-05 0.200492 0.881718 1.07129 0.0712868 -2.64104 0.0686338 
11 12800 6 0.321811 2.51481e-05 7.02493 0.214196 -6.88239e-05 0.200488 0.881464 1.07098 0.0709792 -2.64537 0.0691725 
11 12900 6 0.324325 2.51481e-05 7.02493 0.214187 -7.00757e-05 0.200485 0.881428 1.07094 0.0709352 -2.64599 0.0697116 
11 13000 6 0.32684 2.51481e-05 7.02493 0.214146 -7.44583e-05 0.200482 0.88126 1.07073 0.070731 -2.64887 0.0702505 
11 13100 6 0.329355 2.51481e-05 7.02493 0.214136 -6.57224e-05 0.200476 0.88122 1.07068 0.0706821 -2.64956 0.0707883 
11 13200 6 0.33187 2.51481e-05 7.02493 0.214128 -1.26265e-05 0.200471 0.881186 1.07064 0.0706411 -2.65014 0.0713269 
11 13300 6 0.334385 2.51481e-05 7.02493 0.214121 1.3691e-05 0.200464 0.881156 1.0706 0.0706048 -2.65066 0.0718655 
11 13400 6 0.336899 2.51481e-05 7.02493 0.21409 2.03271e-05 0.200461 0.88103 1.07045 0.0704512 -2.65284 0.0724042 
11 13500 6 0.339414 2.51481e-05 7.02493 0.214076 3.46168e-05 0.200459 0.880972 1.07038 0.070381 -2.65383 0.0729423 
11 13600 6 0.341929 2.51481e-05 7.02493 0.214068 5.04514e-05 0.200457 0.880937 1.07034 0.0703383 -2.65444 0.0734809 
11 13700 6 0.344444 2.51481e-05 7.02493 0.214025 7.6991e-05 0.200451 0.880763 1.07013 0.0701272 -2.65744 0.0740188 
11 13800 6 0.346959 2.51481e-05 7.02493 0.214033 7.58694e-05 0.200447 0.880794 1.07016 0.0701642 -2.65692 0.0745575 
11 13900 6 0.349474 2.51481e-05 7.02493 0.214031 5.32295e-05 0.200445 0.880787 1.07016 0.0701565 -2.65703 0.075096 
11 14000 6 0.351988 2.51481e-05 7.02493 0.214039 3.54288e-05 0.20044 0.880817 1.07019 0.0701927 -2.65651 0.0756345 
11 14100 6 0.354503 2.51481e-05 7.02493 0.214021 1.62375e-05 0.200437 0.880744 1.0701 0.0701039 -2.65778 0.0761723 
11 14200 6 0.357018 2.51481e-05 7.02493 0.214015 3.26981e-06 0.200437 0.880719 1.07007 0.0700738 -2.65821 0.0767111 
11 14300 6 0.359533 2.51481e-05 7.02493 0.214033 -1.78378e-05 0.200432 0.880796 1.07017 0.0701674 -2.65687 0.0772493 
11 14400 6 0.362048 2.51481e-05 7.02493 0.214032 -2.91954e-05 0.20043 0.880791 1.07016 0.0701613 -2.65696 0.077788 
11 14500 6 0.364562 2.51481e-05 7.02493 0.213998 -2.10384e-05 0.200429 0.880649 1.06999 0.0699886 -2.65942 0.0783262 
11 14600 6 0.367077 2.51481e-05 7.02493 0.213951 -1.1785e-05 0.200427 0.880455 1.06975 0.0697528 -2.6628 0.078864 
11 14700 6 0.369592 2.51481e-05 7.02493 0.213964 -5.43859e-06 0.200423 0.880511 1.06982 0.0698212 -2.66182 0.0794024 
11 14800 6 0.372107 2.51481e-05 7.02493 0.213961 -1.61154e-05 0.200419 0.880498 1.06981 0.0698055 -2.66204 0.0799405 
11 14900 6 0.374622 2.51481e-05 7.02493 0.213943 -3.69278e-05 0.200415 0.880424 1.06972 0.0697156 -2.66333 0.0804781 
11 15000 6 0.377136 2.51481e-05 7.02493 0.213934 -3.30598e-05 0.200414 0.880389 1.06967 0.0696724 -2.66395 0.0810168 
11 15100 6 0.379651 2.51481e-05 7.02493 0.21393 -2.82963e-06 0.200409 0.880372 1.06965 0.0696519 -2.66425 0.0815548 
11 15200 6 0.382166 2.51481e-05 7.02493 0.213929 -7.40965e-06 0.200406 0.880365 1.06964 0.0696439 -2.66436 0.0820929 
11 15300 6 0.384681 2.51481e-05 7.02493 0.213903 -2.01972e-05 0.200407 0.880261 1.06952 0.0695172 -2.66618 0.0826308 
11 15400 6 0.387196 2.51481e-05 7.02493 0.213873 -3.5379e-05 0.200405 0.880135 1.06936 0.0693635 -2.66839 0.0831692 
11 15500 6 0.38971 2.51481e-05 7.02493 0.213832 -3.64153e-05 0.200402 0.879966 1.06916 0.0691589 -2.67135 0.0837066 
11 15600 6 0.392225 2.51481e-05 7.02493 0.213809 -2.40535e-05 0.200399 0.879871 1.06904 0.0690436 -2.67302 0.0842443 
11 15700 6 0.39474 2.51481e-05 7.02493 0.213792 -9.13831e-06 0.200396 0.879803 1.06896 0.068961 -2.67421 0.0847824 
11 15800 6 0.397255 2.51481e-05 7.02493 0.213787 -1.69337e-05 0.200395 0.879784 1.06894 0.0689374 -2.67456 0.0853201 
11 15900 6 0.39977 2.51481e-05 7.02493 0.213783 -1.85544e-05 0.200394 0.879765 1.06891 0.068915 -2.67488 0.0858574 
11 16000 7 0.402263 2.51481e-05 7.02493 0.213781 -5.85474e-06 0.200392 0.879758 1.06891 0.0689061 -2.67501 0.0863951 
11 16100 7 0.404778 2.51481e-05 7.02493 0.213798 1.7339e-05 0.200391 0.879826 1.06899 0.068989 -2.67381 0.0869328 
11 16200 7 0.407293 2.51481e-05 7.02493 0.213766 3.26768e-05 0.200389 0.879695 1.06883 0.068829 -2.67613 0.0874708 
11 16300 7 0.409808 2.51481e-05 7.02493 0.21377 2.65014e-05 0.200388 0.879711 1.06885 0.0688485 -2.67585 0.0880087 
11 16400 7 0.412323 2.51481e-05 7.02493 0.213762 4.35777e-06 0.200384 0.879679 1.06881 0.0688097 -2.67641 0.088546 
11 16500 7 0.414837 2.51481e-05 7.02493 0.213753 -2.64014e-05 0.200382 0.879641 1.06876 0.0687634 -2.67708 0.0890838 
11 16600 7 0.417352 2.51481e-05 7.02493 0.213744 -1.54519e-05 0.20038 0.879605 1.06872 0.0687202 -2.67771 0.0896213 
11 16700 7 0.419867 2.51481e-05 7.02493 0.213729 8.57096e-06 0.20038 0.879543 1.06865 0.0686451 -2.67881 0.090159 
11 16800 7 0.422382 2.51481e-05 7.02493 0.213739 2.02214e-05 0.200378 0.879583 1.06869 0.0686935 -2.6781 0.0906968 
11 16900 7 0.424897 2.51481e-05 7.02493 0.213717 2.52118e-05 0.200377 0.879492 1.06858 0.0685833 -2.67971 0.091234 
11 17000 7 0.427411 2.51481e-05 7.02493 0.213684 4.18374e-05 0.200375 0.879359 1.06842 0.0684217 -2.68207 0.0917718 
11 17100 7 0.429926 2.51481e-05 7.02493 0.213681 5.18929e-05 0.200372 0.879346 1.06841 0.0684053 -2.6823 0.0923087 
11 17200 7 0.432441 2.51481e-05 7.02493 0.213683 4.87236e-05 0.200371 0.879353 1.06841 0.0684145 -2.68217 0.0928461 
11 17300 7 0.434956 2.51481e-05 7.02493 0.213728 4.41033e-05 0.200368 0.879541 1.06864 0.0686419 -2.67885 0.0933839 
11 17400 7 0.437471 2.51481e-05 7.02493 0.213737 5.3651e-05 0.200365 0.879576 1.06868 0.0686843 -2.67823 0.0939213 
11 17500 7 0.439985 2.51481e-05 7.02493 0.213726 5.11893e-05 0.200364 0.87953 1.06863 0.0686291 -2.67904 0.094459 
11 17600 7 0.4425 2.51481e-05 7.02493 0.213683 5.02075e-05 0.200364 0.879355 1.06842 0.0684162 -2.68215 0.0949967 
11 17700 7 0.445015 2.51481e-05 7.02493 0.213666 4.21196e-05 0.200362 0.879282 1.06833 0.0683282 -2.68343 0.095534 
11 17800 7 0.44753 2.51481e-05 7.02493 0.21364 4.8697e-05 0.200365 0.879176 1.0682 0.0681986 -2.68533 0.0960716 
11 17900 7 0.450045 2.51481e-05 7.02493 0.213623 2.94597e-05 0.200365 0.879108 1.06812 0.0681166 -2.68653 0.0966088 
11 18000 7 0.452559 2.51481e-05 7.02493 0.213583 3.60321e-05 0.200366 0.878942 1.06791 0.0679146 -2.6895 0.0971465 
11 18100 7 0.455074 2.51481e-05 7.02493 0.213592 1.79713e-05 0.200361 0.878979 1.06796 0.067959 -2.68885 0.0976838 
11 18200 7 0.457589 2.51481e-05 7.02493 0.213594 -4.23723e-06 0.200359 0.878987 1.06797 0.0679695 -2.6887 0.0982208 
11 18300 7 0.460104 2.51481e-05 7.02493 0.213604 3.58516e-05 0.200357 0.87903 1.06802 0.0680217 -2.68793 0.0987581 
11 18400 7 0.462619 2.51481e-05 7.02493 0.213603 7.74924e-05 0.200355 0.879023 1.06801 0.0680131 -2.68805 0.0992951 
11 18500 7 0.465133 2.51481e-05 7.02493 0.21359 9.92758e-05 0.200356 0.878972 1.06795 0.0679513 -2.68896 0.0998325 
11 18600 7 0.467648 2.51481e-05 7.02493 0.213595 7.75287e-05 0.200354 0.878991 1.06797 0.0679738 -2.68863 0.10037 
11 18700 7 0.470163 2.51481e-05 7.02493 0.213576 5.38282e-05 0.200354 0.878914 1.06788 0.0678801 -2.69001 0.100907 
11 18800 7 0.472678 2.51481e-05 7.02493 0.213534 4.89113e-05 0.200353 0.878743 1.06767 0.0676723 -2.69308 0.101444 
11 18900 7 0.475193 2.51481e-05 7.02493 0.213512 4.46595e-05 0.200353 0.878649 1.06756 0.0675582 -2.69477 0.101981 
11 19000 7 0.477708 2.51481e-05 7.02493 0.213508 3.60974e-05 0.200351 0.878634 1.06754 0.0675404 -2.69503 0.102519 
11 19100 8 0.480201 2.51481e-05 7.02493 0.213504 7.55352e-06 0.20035 0.878618 1.06752 0.067521 -2.69532 0.103055 
11 19200 8 0.482716 2.51481e-05 7.02493 0.213503 5.83707e-06 0.20035 0.878613 1.06751 0.0675143 -2.69542 0.103592 
11 19300 8 0.485231 2.51481e-05 7.02493 0.213509 1.25421e-05 0.200347 0.878636 1.06754 0.0675432 -2.69499 0.104129 
11 19400 8 0.487746 2.51481e-05 7.02493 0.21351 1.14703e-05 0.200347 0.878643 1.06755 0.0675511 -2.69487 0.104666 
11 19500 8 0.49026 2.51481e-05 7.02493 0.21348 2.75831e-05 0.200347 0.878518 1.0674 0.0673995 -2.69712 0.105203 
11 19600 8 0.492775 2.51481e-05 7.02493 0.213457 4.52023e-05 0.200347 0.878425 1.06729 0.0672859 -2.6988 0.10574 
11 19700 8 0.49529 2.51481e-05 7.02493 0.213442 4.15871e-05 0.200348 0.878363 1.06721 0.0672111 -2.69992 0.106277 
11 19800 8 0.497805 2.51481e-05 7.02493 0.213431 3.4173e-05 0.200346 0.878317 1.06716 0.0671556 -2.70074 0.106814 
11 19900 8 0.50032 2.51481e-05 7.02493 0.21341 2.70975e-05 0.200344 0.878232 1.06705 0.0670524 -2.70228 0.107351 
11 20000 8 0.502834 2.51481e-05 7.02493 0.213439 1.99769e-05 0.200343 0.878349 1.06719 0.0671935 -2.70018 0.107887 
11 20100 8 0.505349 2.51481e-05 7.02493 0.213486 4.1174e-06 0.20034 0.878543 1.06743 0.0674292 -2.69668 0.108424 
11 20200 8 0.507864 2.51481e-05 7.02493 0.21349 -2.32033e-05 0.200338 0.878561 1.06745 0.067451 -2.69635 0.108961 
11 20300 8 0.510379 2.51481e-05 7.02493 0.213445 -4.77943e-05 0.200337 0.878373 1.06722 0.0672237 -2.69973 0.109498 
11 20400 8 0.512894 2.51481e-05 7.02493 0.213405 -4.51582e-05 0.200337 0.878211 1.06703 0.0670267 -2.70266 0.110035 
11 20500 8 0.515408 2.51481e-05 7.02493 0.213368 -7.06186e-05 0.200341 0.878059 1.06684 0.0668418 -2.70543 0.110572 
11 20600 8 0.517923 2.51481e-05 7.02493 0.213338 -7.30129e-05 0.200341 0.877933 1.06669 0.066688 -2.70773 0.111108 
11 20700 8 0.520438 2.51481e-05 7.02493 0.213335 -7.14104e-05 0.200341 0.877923 1.06668 0.0666762 -2.70791 0.111645 
11 20800 8 0.522953 2.51481e-05 7.02493 0.213336 -2.93827e-05 0.200339 0.877926 1.06668 0.0666805 -2.70784 0.112181 
11 20900 8 0.525468 2.51481e-05 7.02493 0.213332 -7.04389e-07 0.200337 0.877908 1.06666 0.0666583 -2.70818 0.112718 
11 21000 8 0.527982 2.51481e-05 7.02493 0.213317 4.03366e-06 0.200336 0.877848 1.06659 0.0665856 -2.70927 0.113255 
11 21100 8 0.530497 2.51481e-05 7.02493 0.213302 3.21245e-06 0.200337 0.877787 1.06651 0.0665116 -2.71038 0.113791 
11 21200 8 0.533012 2.51481e-05 7.02493 0.213293 -2.5217e-05 0.200337 0.877748 1.06646 0.0664641 -2.71109 0.114327 
11 21300 8 0.535527 2.51481e-05 7.02493 0.213321 -3.02346e-05 0.200333 0.877863 1.0666 0.0666031 -2.709 0.114864 
11 21400 8 0.538042 2.51481e-05 7.02493 0.213333 -2.20789e-05 0.200333 0.877913 1.06666 0.066664 -2.70809 0.1154 
11 21500 8 0.540557 2.51481e-05 7.02493 0.213326 -2.75333e-05 0.200334 0.877884 1.06663 0.066629 -2.70862 0.115937 
11 21600 8 0.543071 2.51481e-05 7.02493 0.213321 -2.79913e-05 0.200333 0.877864 1.0666 0.0666043 -2.70899 0.116473 
11 21700 8 0.545586 2.51481e-05 7.02493 0.213346 -2.01343e-05 0.200332 0.877965 1.06673 0.0667277 -2.70714 0.11701 
11 21800 8 0.548101 2.51481e-05 7.02493 0.213311 -2.42861e-05 0.200334 0.877823 1.06656 0.0665551 -2.70973 0.117547 
11 21900 8 0.550616 2.51481e-05 7.02493 0.213272 -6.57825e-06 0.200335 0.877661 1.06636 0.0663583 -2.71269 0.118083 
11 22000 8 0.553131 2.51481e-05 7.02493 0.213258 2.11791e-05 0.20033 0.877604 1.06629 0.0662884 -2.71374 0.118619 
11 22100 8 0.555645 2.51481e-05 7.02493 0.213259 4.35863e-05 0.200329 0.877611 1.0663 0.0662972 -2.71361 0.119156 
11 22200 8 0.55816 2.51481e-05 7.02493 0.213248 3.9282e-05 0.200332 0.877565 1.06624 0.0662421 -2.71444 0.119693 
11 22300 9 0.560654 2.51481e-05 7.02493 0.213243 1.14338e-05 0.200331 0.877544 1.06622 0.0662163 -2.71483 0.120229 
11 22400 9 0.563169 2.51481e-05 7.02493 0.213203 6.60325e-07 0.200331 0.877379 1.06602 0.0660152 -2.71787 0.120765 
11 22500 9 0.565683 2.51481e-05 7.02493 0.213205 -1.91169e-05 0.20033 0.877388 1.06603 0.0660268 -2.71769 0.121301 
11 22600 9 0.568198 2.51481e-05 7.02493 0.213223 -4.07646e-05 0.200328 0.877463 1.06612 0.0661173 -2.71633 0.121838 
11 22700 9 0.570713 2.51481e-05 7.02493 0.213231 -2.65396e-05 0.200326 0.877495 1.06616 0.0661566 -2.71573 0.122374 
11 22800 9 0.573228 2.51481e-05 7.02493 0.213254 -1.2818e-05 0.200324 0.877587 1.06627 0.0662687 -2.71404 0.12291 
11 22900 9 0.575743 2.51481e-05 7.02493 0.21326 -4.18109e-06 0.200323 0.877615 1.0663 0.066302 -2.71354 0.123446 
11 23000 9 0.578257 2.51481e-05 7.02493 0.213243 5.41509e-06 0.200323 0.877542 1.06621 0.0662132 -2.71488 0.123982 
11 23100 9 0.580772 2.51481e-05 7.02493 0.21322 -1.69839e-07 0.200323 0.877447 1.0661 0.0660977 -2.71662 0.124519 
11 23200 9 0.583287 2.51481e-05 7.02493 0.213196 -1.39992e-05 0.200324 0.87735 1.06598 0.0659801 -2.7184 0.125055 
11 23300 9 0.585802 2.51481e-05 7.02493 0.21314 -1.68852e-05 0.200327 0.877119 1.0657 0.0656995 -2.72266 0.125591 
11 23400 9 0.588317 2.51481e-05 7.02493 0.213097 4.46285e-06 0.200329 0.876942 1.06549 0.0654851 -2.72593 0.126128 
11 23500 9 0.590832 2.51481e-05 7.02493 0.213098 5.91095e-05 0.200326 0.876944 1.06549 0.0654876 -2.7259 0.126663 
11 23600 9 0.593346 2.51481e-05 7.02493 0.213103 7.86907e-05 0.200325 0.876965 1.06551 0.065513 -2.72551 0.127199 
11 23700 9 0.595861 2.51481e-05 7.02493 0.213082 6.84171e-05 0.200325 0.876879 1.06541 0.0654085 -2.7271 0.127735 
11 23800 9 0.598376 2.51481e-05 7.02493 0.213061 6.42931e-05 0.200326 0.876796 1.06531 0.065307 -2.72866 0.128271 
11 23900 9 0.600891 2.51481e-05 7.02493 0.213058 5.38741e-05 0.200325 0.87678 1.06529 0.0652881 -2.72895 0.128807 
11 24000 9 0.603406 2.51481e-05 7.02493 0.213069 4.3064e-05 0.200324 0.876826 1.06534 0.0653441 -2.72809 0.129343 
11 24100 9 0.60592 2.51481e-05 7.02493 0.213092 2.16142e-05 0.200321 0.876921 1.06546 0.0654595 -2.72632 0.129878 
11 24200 9 0.608435 2.51481e-05 7.02493 0.213102 4.90195e-06 0.20032 0.876962 1.06551 0.0655092 -2.72557 0.130415 
11 24300 9 0.61095 2.51481e-05 7.02493 0.213102 -4.02704e-05 0.200323 0.876961 1.06551 0.0655081 -2.72558 0.130951 
11 24400 9 0.613465 2.51481e-05 7.02493 0.213093 -3.87044e-05 0.200324 0.876924 1.06546 0.0654628 -2.72627 0.131487 
11 24500 9 0.61598 2.51481e-05 7.02493 0.21309 -5.29684e-05 0.200324 0.876914 1.06545 0.06545 -2.72647 0.132023 
11 24600 9 0.618494 2.51481e-05 7.02493 0.213063 -4.07419e-05 0.200325 0.876803 1.06532 0.0653155 -2.72853 0.132559 
11 24700 9 0.621009 2.51481e-05 7.02493 0.213031 -3.06456e-05 0.200323 0.876671 1.06516 0.0651557 -2.73098 0.133094 
11 24800 9 0.623524 2.51481e-05 7.02493 0.213027 -2.7156e-05 0.200322 0.876656 1.06514 0.0651366 -2.73127 0.13363 
11 24900 9 0.626039 2.51481e-05 7.02493 0.213038 -5.52995e-05 0.200322 0.876701 1.06519 0.0651916 -2.73042 0.134166 
11 25000 9 0.628554 2.51481e-05 7.02493 0.213039 -4.9365e-05 0.200321 0.876706 1.0652 0.0651975 -2.73033 0.134702 
11 25100 9 0.631068 2.51481e-05 7.02493 0.213035 -3.16935e-05 0.200321 0.876688 1.06518 0.0651754 -2.73067 0.135237 
11 25200 9 0.633583 2.51481e-05 7.02493 0.213027 -1.32783e-05 0.200322 0.876654 1.06513 0.0651349 -2.73129 0.135773 
11 25300 9 0.636098 2.51481e-05 7.02493 0.213009 -4.98767e-06 0.200321 0.87658 1.06504 0.0650447 -2.73268 0.136309 
11 25400 9 0.638613 2.51481e-05 7.02493 0.213035 6.0125e-06 0.200319 0.876689 1.06518 0.0651774 -2.73064 0.136845 
11 25500 10 0.641107 2.51481e-05 7.02493 0.213047 2.77035e-05 0.200318 0.876737 1.06524 0.0652353 -2.72975 0.137381 
11 25600 10 0.643621 2.51481e-05 7.02493 0.213059 4.18466e-05 0.200316 0.876785 1.06529 0.065294 -2.72886 0.137916 
11 25700 10 0.646136 2.51481e-05 7.02493 0.213073 3.86912e-05 0.200315 0.876843 1.06536 0.0653643 -2.72778 0.138452 
11 25800 10 0.648651 2.51481e-05 7.02493 0.213058 2.55258e-05 0.200316 0.876781 1.06529 0.0652889 -2.72893 0.138988 
11 25900 10 0.651166 2.51481e-05 7.02493 0.213039 4.69786e-06 0.200317 0.876702 1.06519 0.0651932 -2.7304 0.139524 
11 26000 10 0.653681 2.51481e-05 7.02493 0.213003 -2.22272e-05 0.200317 0.876557 1.06502 0.0650168 -2.73311 0.140059 
11 26100 10 0.656195 2.51481e-05 7.02493 0.21295 -2.27928e-05 0.200322 0.876338 1.06475 0.0647505 -2.73721 0.140595 
11 26200 10 0.65871 2.51481e-05 7.02493 0.2129 -3.04209e-05 0.200323 0.876132 1.0645 0.0645006 -2.74108 0.141131 
11 26300 10 0.661225 2.51481e-05 7.02493 0.212868 -1.18144e-05 0.200321 0.876 1.06434 0.0643399 -2.74358 0.141666 
11 26400 10 0.66374 2.51481e-05 7.02493 0.212922 -1.13319e-05 0.200319 0.876222 1.06461 0.0646095 -2.73939 0.142201 
11 26500 10 0.666255 2.51481e-05 7.02493 0.212925 9.57788e-06 0.20032 0.876235 1.06462 0.064625 -2.73915 0.142737 
11 26600 10 0.668769 2.51481e-05 7.02493 0.212915 3.31921e-05 0.200318 0.876195 1.06458 0.0645771 -2.7399 0.143273 
11 26700 10 0.671284 2.51481e-05 7.02493 0.212873 4.29852e-05 0.20032 0.876022 1.06437 0.0643666 -2.74316 0.143808 
11 26800 10 0.673799 2.51481e-05 7.02493 0.212856 4.22617e-05 0.200319 0.87595 1.06428 0.0642789 -2.74452 0.144343 
11 26900 10 0.676314 2.51481e-05 7.02493 0.212855 1.93372e-07 0.200319 0.875948 1.06428 0.0642772 -2.74455 0.144878 
11 27000 10 0.678829 2.51481e-05 7.02493 0.212847 -2.06869e-05 0.200318 0.875914 1.06424 0.0642354 -2.7452 0.145414 
11 27100 10 0.681343 2.51481e-05 7.02493 0.212869 -2.68635e-05 0.200318 0.876006 1.06435 0.0643472 -2.74346 0.145949 
11 27200 10 0.683858 2.51481e-05 7.02493 0.212898 -3.27418e-06 0.200317 0.876124 1.06449 0.0644912 -2.74123 0.146485 
11 27300 10 0.686373 2.51481e-05 7.02493 0.212891 2.28709e-05 0.200316 0.876094 1.06445 0.0644537 -2.74181 0.14702 
11 27400 10 0.688888 2.51481e-05 7.02493 0.212887 3.93428e-05 0.200315 0.876079 1.06444 0.0644357 -2.74209 0.147555 
11 27500 10 0.691403 2.51481e-05 7.02493 0.212825 7.18607e-05 0.200316 0.875824 1.06413 0.0641263 -2.7469 0.14809 
11 27600 10 0.693917 2.51481e-05 7.02493 0.212819 8.09407e-05 0.200317 0.875798 1.06409 0.0640947 -2.74739 0.148626 
11 27700 10 0.696432 2.51481e-05 7.02493 0.212819 4.75087e-05 0.200316 0.8758 1.0641 0.0640975 -2.74735 0.149161 
11 27800 10 0.698947 2.51481e-05 7.02493 0.212814 4.71078e-05 0.200315 0.875779 1.06407 0.0640711 -2.74776 0.149696 
11 27900 10 0.701462 2.51481e-05 7.02493 0.212809 4.22826e-05 0.200316 0.875759 1.06405 0.0640471 -2.74814 0.150231 
11 28000 10 0.703977 2.51481e-05 7.02493 0.212812 3.20207e-05 0.200317 0.87577 1.06406 0.06406 -2.74793 0.150767 
11 28100 10 0.706491 2.51481e-05 7.02493 0.212791 3.38292e-05 0.200316 0.875682 1.06395 0.0639536 -2.7496 0.151302 
11 28200 10 0.709006 2.51481e-05 7.02493 0.212806 3.70965e-05 0.200315 0.875745 1.06403 0.0640299 -2.74841 0.151837 
11 28300 10 0.711521 2.51481e-05 7.02493 0.212836 2.75314e-05 0.200313 0.875867 1.06418 0.0641779 -2.7461 0.152372 
11 28400 10 0.714036 2.51481e-05 7.02493 0.21285 2.50346e-08 0.200311 0.875925 1.06425 0.0642489 -2.74499 0.152907 
11 28500 10 0.716551 2.51481e-05 7.02493 0.212852 -3.22813e-05 0.200311 0.875933 1.06426 0.0642592 -2.74483 0.153443 
11 28600 10 0.719066 2.51481e-05 7.02493 0.212838 -5.52239e-05 0.20031 0.875877 1.06419 0.0641902 -2.7459 0.153978 
11 28700 11 0.721559 2.51481e-05 7.02493 0.212833 -5.83361e-05 0.200308 0.875855 1.06416 0.0641644 -2.74631 0.154513 
11 28800 11 0.724074 2.51481e-05 7.02493 0.212818 -7.97825e-06 0.200311 0.875795 1.06409 0.0640908 -2.74745 0.155048 
11 28900 11 0.726589 2.51481e-05 7.02493 0.212796 1.56271e-05 0.200313 0.875704 1.06398 0.0639801 -2.74918 0.155584 
11 29000 11 0.729104 2.51481e-05 7.02493 0.212762 1.22948e-05 0.200315 0.875564 1.06381 0.0638099 -2.75185 0.156119 
11 29100 11 0.731618 2.51481e-05 7.02493 0.212714 2.90532e-05 0.200316 0.875366 1.06357 0.0635699 -2.75562 0.156654 
11 29200 11 0.734133 2.51481e-05 7.02493 0.212688 3.4622e-05 0.200315 0.875259 1.06344 0.0634399 -2.75766 0.157189 
11 29300 11 0.736648 2.51481e-05 7.02493 0.212695 3.084e-05 0.200314 0.875289 1.06348 0.0634757 -2.7571 0.157724 
11 29400 11 0.739163 2.51481e-05 7.02493 0.212682 5.38977e-06 0.200314 0.875233 1.06341 0.0634076 -2.75817 0.158258 
11 29500 11 0.741678 2.51481e-05 7.02493 0.212673 -2.0661e-05 0.200315 0.875196 1.06336 0.0633632 -2.75887 0.158793 
11 29600 11 0.744192 2.51481e-05 7.02493 0.212673 -5.60727e-06 0.200314 0.875197 1.06336 0.063365 -2.75884 0.159328 
11 29700 11 0.746707 2.51481e-05 7.02493 0.212672 1.21308e-05 0.200312 0.875192 1.06336 0.0633587 -2.75894 0.159863 
11 29800 11 0.749222 2.51481e-05 7.02493 0.212677 2.21114e-05 0.200313 0.875214 1.06338 0.063385 -2.75853 0.160398 
11 29900 11 0.751737 2.51481e-05 7.02493 0.212653 3.71324e-05 0.200314 0.875116 1.06327 0.0632658 -2.76041 0.160933 
11 30000 11 0.754252 2.51481e-05 7.02493 0.212656 5.11589e-05 0.200314 0.875126 1.06328 0.0632784 -2.76021 0.161467 
11 30100 11 0.756766 2.51481e-05 7.02493 0.212673 4.18711e-05 0.200314 0.875199 1.06337 0.0633665 -2.75882 0.162003 
11 30200 11 0.759281 2.51481e-05 7.02493 0.212678 5.11884e-05 0.200314 0.875219 1.06339 0.0633906 -2.75844 0.162537 
11 30300 11 0.761796 2.51481e-05 7.02493 0.212673 5.43288e-05 0.200313 0.875198 1.06337 0.063365 -2.75884 0.163072 
11 30400 11 0.764311 2.51481e-05 7.02493 0.212653 5.5265e-05 0.200313 0.875116 1.06327 0.0632658 -2.76041 0.163607 
11 30500 11 0.766826 2.51481e-05 7.02493 0.21263 5.39205e-05 0.200313 0.87502 1.06315 0.0631487 -2.76226 0.164141 
11 30600 11 0.76934 2.51481e-05 7.02493 0.21264 3.96313e-05 0.200312 0.875063 1.0632 0.0632018 -2.76142 0.164676 
11 30700 11 0.771855 2.51481e-05 7.02493 0.212627 2.0383e-05 0.200314 0.875006 1.06313 0.0631329 -2.76251 0.165211 
11 30800 11 0.77437 2.51481e-05 7.02493 0.212591 3.05339e-06 0.200316 0.874858 1.06295 0.0629525 -2.76537 0.165746 
11 30900 11 0.776885 2.51481e-05 7.02493 0.212558 2.77908e-06 0.200316 0.874723 1.06279 0.0627886 -2.76798 0.16628 
11 31000 11 0.7794 2.51481e-05 7.02493 0.212569 1.08899e-05 0.200315 0.874771 1.06285 0.0628467 -2.76706 0.166815 
11 31100 11 0.781915 2.51481e-05 7.02493 0.212613 2.16733e-05 0.200311 0.874952 1.06307 0.0630662 -2.76357 0.16735 
11 31200 11 0.784429 2.51481e-05 7.02493 0.212671 3.97085e-05 0.200309 0.87519 1.06336 0.063356 -2.75899 0.167884 
11 31300 11 0.786944 2.51481e-05 7.02493 0.212707 3.82777e-05 0.200307 0.875336 1.06353 0.0635331 -2.75619 0.168419 
11 31400 11 0.789459 2.51481e-05 7.02493 0.212691 4.71452e-05 0.200307 0.875272 1.06346 0.0634552 -2.75742 0.168954 
11 31500 11 0.791974 2.51481e-05 7.02493 0.21265 4.26743e-05 0.200307 0.875104 1.06325 0.0632512 -2.76064 0.169488 
11 31600 11 0.794489 2.51481e-05 7.02493 0.212655 3.78238e-05 0.200307 0.875124 1.06328 0.0632762 -2.76025 0.170024 
11 31700 11 0.797003 2.51481e-05 7.02493 0.212616 9.11146e-06 0.200309 0.874963 1.06308 0.0630799 -2.76335 0.170558 
11 31800 11 0.799518 2.51481e-05 7.02493 0.212592 -1.62847e-05 0.200313 0.874865 1.06296 0.0629615 -2.76523 0.171094 
11 31900 12 0.802012 2.51481e-05 7.02493 0.21255 -2.6641e-05 0.200314 0.874691 1.06275 0.0627501 -2.7686 0.171628 
11 32000 12 0.804527 2.51481e-05 7.02493 0.212505 -3.78781e-05 0.200316 0.874506 1.06252 0.0625248 -2.77219 0.172162 
11 32100 12 0.807041 2.51481e-05 7.02493 0.212484 -4.66628e-05 0.200316 0.87442 1.06242 0.0624199 -2.77387 0.172697 
11 32200 12 0.809556 2.51481e-05 7.02493 0.212492 -2.10348e-05 0.200314 0.874451 1.06246 0.0624584 -2.77325 0.173231 
11 32300 12 0.812071 2.51481e-05 7.02493 0.212488 -1.46978e-05 0.200312 0.874435 1.06244 0.0624387 -2.77357 0.173765 
11 32400 12 0.814586 2.51481e-05 7.02493 0.212468 -1.82068e-05 0.200314 0.874354 1.06234 0.0623404 -2.77515 0.1743 
11 32500 12 0.817101 2.51481e-05 7.02493 0.212481 -1.03844e-05 0.200313 0.874409 1.06241 0.0624073 -2.77407 0.174834 
11 32600 12 0.819615 2.51481e-05 7.02493 0.212515 -5.45102e-06 0.20031 0.874548 1.06258 0.0625754 -2.77138 0.175368 
11 32700 12 0.82213 2.51481e-05 7.02493 0.212542 -1.13311e-05 0.200309 0.87466 1.06271 0.0627121 -2.7692 0.175903 
11 32800 12 0.824645 2.51481e-05 7.02493 0.212517 -1.56249e-05 0.200311 0.874556 1.06259 0.0625854 -2.77122 0.176438 
11 32900 12 0.82716 2.51481e-05 7.02493 0.212485 6.19563e-06 0.200308 0.874422 1.06242 0.0624228 -2.77382 0.176972 
11 33000 12 0.829675 2.51481e-05 7.02493 0.212508 2.3441e-05 0.200308 0.874519 1.06254 0.06254 -2.77195 0.177506 
11 33100 12 0.83219 2.51481e-05 7.02493 0.2125 2.64332e-05 0.200308 0.874486 1.0625 0.0625006 -2.77258 0.178041 
11 33200 12 0.834704 2.51481e-05 7.02493 0.212457 2.15864e-05 0.200308 0.874308 1.06228 0.0622844 -2.77604 0.178575 
11 33300 12 0.837219 2.51481e-05 7.02493 0.21247 1.17241e-05 0.200307 0.874363 1.06235 0.0623505 -2.77498 0.179109 
11 33400 12 0.839734 2.51481e-05 7.02493 0.21248 4.53288e-05 0.200306 0.874402 1.0624 0.0623979 -2.77422 0.179644 
11 33500 12 0.842249 2.51481e-05 7.02493 0.212473 6.97882e-05 0.200307 0.874376 1.06237 0.062367 -2.77472 0.180178 
11 33600 12 0.844764 2.51481e-05 7.02493 0.212458 3.75658e-05 0.200309 0.874312 1.06229 0.0622897 -2.77596 0.180713 
11 33700 12 0.847278 2.51481e-05 7.02493 0.21241 8.45353e-07 0.200309 0.874114 1.06205 0.0620489 -2.77983 0.181247 
11 33800 12 0.849793 2.51481e-05 7.02493 0.212392 -2.18145e-05 0.200311 0.874041 1.06196 0.0619597 -2.78127 0.181781 
11 33900 12 0.852308 2.51481e-05 7.02493 0.2124 -5.89041e-05 0.20031 0.874075 1.062 0.0620015 -2.7806 0.182315 
11 34000 12 0.854823 2.51481e-05 7.02493 0.212413 -7.6237e-05 0.200307 0.874127 1.06206 0.0620639 -2.77959 0.182849 
11 34100 12 0.857338 2.51481e-05 7.02493 0.212442 -0.000102457 0.200305 0.874246 1.06221 0.0622089 -2.77726 0.183384 
11 34200 12 0.859852 2.51481e-05 7.02493 0.21248 -0.00013811 0.200304 0.874402 1.0624 0.0623986 -2.77421 0.183918 
11 34300 12 0.862367 2.51481e-05 7.02493 0.212494 -0.000112291 0.200303 0.874462 1.06247 0.0624717 -2.77304 0.184452 
11 34400 12 0.864882 2.51481e-05 7.02493 0.212456 -6.77971e-05 0.200303 0.874305 1.06228 0.0622803 -2.77611 0.184987 
11 34500 12 0.867397 2.51481e-05 7.02493 0.212424 -6.14673e-05 0.200303 0.874173 1.06212 0.0621201 -2.77869 0.185521 
11 34600 12 0.869912 2.51481e-05 7.02493 0.212395 -5.08349e-05 0.200307 0.874053 1.06197 0.0619745 -2.78103 0.186055 
11 34700 12 0.872426 2.51481e-05 7.02493 0.21237 -3.44148e-05 0.200308 0.873951 1.06185 0.0618505 -2.78303 0.186589 
11 34800 12 0.874941 2.51481e-05 7.02493 0.212354 -5.87598e-05 0.200309 0.873884 1.06177 0.0617693 -2.78435 0.187123 
11 34900 12 0.877456 2.51481e-05 7.02493 0.212359 -7.1175e-05 0.200308 0.873907 1.0618 0.0617967 -2.78391 0.187657 
11 35000 12 0.879971 2.51481e-05 7.02493 0.212327 -9.64494e-05 0.200308 0.873774 1.06163 0.0616349 -2.78653 0.188192 
11 35100 13 0.882465 2.51481e-05 7.02493 0.212298 -9.38272e-05 0.200308 0.873654 1.06149 0.061489 -2.7889 0.188726 
11 35200 13 0.884979 2.51481e-05 7.02493 0.212315 -8.69054e-05 0.200308 0.873726 1.06158 0.0615769 -2.78747 0.189259 
11 35300 13 0.887494 2.51481e-05 7.02493 0.212326 -6.46567e-05 0.200306 0.87377 1.06163 0.0616307 -2.78659 0.189793 
11 35400 13 0.890009 2.51481e-05 7.02493 0.212312 -4.366e-05 0.200306 0.873714 1.06156 0.0615624 -2.7877 0.190328 
11 35500 13 0.892524 2.51481e-05 7.02493 0.212326 -2.99277e-05 0.200304 0.873769 1.06163 0.0616293 -2.78662 0.190861 
11 35600 13 0.895039 2.51481e-05 7.02493 0.212323 -3.03675e-05 0.200306 0.873757 1.06161 0.0616149 -2.78685 0.191396 
11 35700 13 0.897553 2.51481e-05 7.02493 0.212346 -3.4103e-05 0.200303 0.87385 1.06173 0.0617279 -2.78502 0.19193 
11 35800 13 0.900068 2.51481e-05 7.02493 0.212353 -2.33068e-05 0.200306 0.87388 1.06176 0.0617647 -2.78442 0.192464 
11 35900 13 0.902583 2.51481e-05 7.02493 0.212331 -8.5621e-06 0.200305 0.87379 1.06166 0.0616554 -2.78619 0.192998 
11 36000 13 0.905098 2.51481e-05 7.02493 0.212315 -3.44658e-06 0.200306 0.873723 1.06157 0.0615731 -2.78753 0.193531 
11 36100 13 0.907613 2.51481e-05 7.02493 0.212308 7.94871e-06 0.200305 0.873696 1.06154 0.0615402 -2.78807 0.194066 
11 36200 13 0.910127 2.51481e-05 7.02493 0.212295 -7.61401e-06 0.200304 0.873644 1.06148 0.0614771 -2.78909 0.194599 
11 36300 13 0.912642 2.51481e-05 7.02493 0.212311 -6.13014e-05 0.200305 0.873706 1.06155 0.061553 -2.78786 0.195133 
11 36400 13 0.915157 2.51481e-05 7.02493 0.212275 -5.6569e-05 0.200305 0.873561 1.06138 0.0613762 -2.79073 0.195667 
11 36500 13 0.917672 2.51481e-05 7.02493 0.212238 -2.32408e-05 0.200306 0.873409 1.06119 0.061192 -2.79374 0.196201 
11 36600 13 0.920187 2.51481e-05 7.02493 0.212249 -9.61206e-06 0.200306 0.873451 1.06124 0.0612427 -2.79291 0.196735 
11 36700 13 0.922701 2.51481e-05 7.02493 0.212269 -4.8625e-06 0.200305 0.873535 1.06134 0.0613444 -2.79125 0.197268 
11 36800 13 0.925216 2.51481e-05 7.02493 0.212287 -1.92416e-06 0.200301 0.873608 1.06143 0.061434 -2.78979 0.197802 
11 36900 13 0.927731 2.51481e-05 7.02493 0.212293 -2.91095e-07 0.200302 0.873635 1.06147 0.0614663 -2.78927 0.198337 
11 37000 13 0.930246 2.51481e-05 7.02493 0.212286 6.84612e-06 0.200302 0.873605 1.06143 0.0614305 -2.78985 0.19887 
11 37100 13 0.932761 2.51481e-05 7.02493 0.212308 4.18778e-06 0.200299 0.873696 1.06154 0.0615405 -2.78806 0.199405 
11 37200 13 0.935275 2.51481e-05 7.02493 0.212347 7.27637e-06 0.200298 0.873857 1.06174 0.0617359 -2.78489 0.199939 
11 37300 13 0.93779 2.51481e-05 7.02493 0.212343 -4.22342e-06 0.200296 0.873838 1.06171 0.061713 -2.78526 0.200472 
11 37400 13 0.940305 2.51481e-05 7.02493 0.212299 -9.93274e-06 0.200301 0.873657 1.06149 0.0614929 -2.78883 0.201007 
11 37500 13 0.94282 2.51481e-05 7.02493 0.212239 -7.81572e-06 0.200306 0.873413 1.0612 0.0611965 -2.79367 0.20154 
11 37600 13 0.945335 2.51481e-05 7.02493 0.212202 2.75329e-05 0.200307 0.873259 1.06101 0.0610097 -2.79672 0.202074 
11 37700 13 0.947849 2.51481e-05 7.02493 0.212172 3.66035e-05 0.200307 0.873136 1.06086 0.0608607 -2.79917 0.202608 
11 37800 13 0.950364 2.51481e-05 7.02493 0.212168 2.74174e-05 0.200308 0.873121 1.06084 0.0608424 -2.79947 0.203141 
11 37900 13 0.952879 2.51481e-05 7.02493 0.212178 -2.07241e-05 0.200306 0.873159 1.06089 0.0608876 -2.79873 0.203675 
11 38000 13 0.955394 2.51481e-05 7.02493 0.212197 -2.92279e-05 0.200303 0.873239 1.06099 0.0609851 -2.79713 0.204208 
11 38100 13 0.957909 2.51481e-05 7.02493 0.212196 -3.07316e-05 0.200304 0.873233 1.06098 0.0609785 -2.79723 0.204742 
11 38200 14 0.960402 2.51481e-05 7.02493 0.212205 -2.32531e-05 0.200303 0.873272 1.06103 0.0610254 -2.79647 0.205276 
11 38300 14 0.962917 2.51481e-05 7.02493 0.212175 -1.50127e-05 0.200302 0.873149 1.06088 0.0608763 -2.79891 0.205809 
11 38400 14 0.965432 2.51481e-05 7.02493 0.212171 -1.73595e-05 0.200304 0.873133 1.06086 0.0608564 -2.79924 0.206343 
11 38500 14 0.967947 2.51481e-05 7.02493 0.212148 -4.01844e-05 0.200305 0.873038 1.06074 0.0607412 -2.80113 0.206877 
11 38600 14 0.970462 2.51481e-05 7.02493 0.212134 -4.68121e-05 0.200307 0.872978 1.06067 0.0606684 -2.80233 0.207411 
11 38700 14 0.972976 2.51481e-05 7.02493 0.212144 -6.09176e-05 0.200305 0.873022 1.06072 0.0607213 -2.80146 0.207944 
11 38800 14 0.975491 2.51481e-05 7.02493 0.212139 -5.91116e-05 0.200306 0.873002 1.0607 0.0606973 -2.80186 0.208477 
11 38900 14 0.978006 2.51481e-05 7.02493 0.212141 -6.02915e-05 0.200304 0.87301 1.06071 0.0607069 -2.8017 0.209011 
11 39000 14 0.980521 2.51481e-05 7.02493 0.212152 -4.95425e-05 0.200305 0.873051 1.06076 0.0607576 -2.80086 0.209545 
11 39100 14 0.983036 2.51481e-05 7.02493 0.212163 -3.08287e-05 0.200302 0.873099 1.06082 0.0608157 -2.79991 0.210078 
11 39200 14 0.98555 2.51481e-05 7.02493 0.212172 -5.31591e-05 0.200301 0.873134 1.06086 0.0608583 -2.79921 0.210612 
11 39300 14 0.988065 2.51481e-05 7.02493 0.212122 -5.97098e-05 0.200304 0.87293 1.06061 0.0606104 -2.80329 0.211145 
11 39400 14 0.99058 2.51481e-05 7.02493 0.212076 -5.44828e-05 0.200306 0.872742 1.06038 0.0603815 -2.80707 0.211679 
11 39500 14 0.993095 2.51481e-05 7.02493 0.212079 -6.19266e-05 0.200305 0.872752 1.06039 0.0603941 -2.80686 0.212212 
11 39600 14 0.99561 2.51481e-05 7.02493 0.212115 -4.95786e-05 0.200303 0.872903 1.06058 0.0605772 -2.80384 0.212746 
11 39700 14 0.998124 2.51481e-05 7.02493 0.212133 -3.05047e-05 0.200304 0.872976 1.06067 0.0606663 -2.80237 0.213279 
11 39800 14 1.00064 2.51481e-05 7.02493 0.212131 -6.78235e-06 0.200303 0.872966 1.06065 0.0606537 -2.80257 0.213813 
11 39900 14 1.00315 2.51481e-05 7.02493 0.212127 4.8526e-06 0.200301 0.872951 1.06064 0.060636 -2.80287 0.214346 
11 40000 14 1.00567 2.51481e-05 7.02493 0.212123 -1.91881e-05 0.2003 0.872936 1.06062 0.0606167 -2.80318 0.21488 
11 40100 14 1.00818 2.51481e-05 7.02493 0.212118 -4.19244e-05 0.2003 0.872916 1.06059 0.0605924 -2.80359 0.215413 
11 40200 14 1.0107 2.51481e-05 7.02493 0.212162 -4.83862e-05 0.200299 0.873096 1.06081 0.060812 -2.79997 0.215947 
11 40300 14 1.01321 2.51481e-05 7.02493 0.212148 -2.31351e-05 0.2003 0.873038 1.06074 0.0607408 -2.80114 0.21648 
11 40400 14 1.01573 2.51481e-05 7.02493 0.212104 -2.76868e-05 0.200303 0.872856 1.06052 0.0605199 -2.80478 0.217013 
11 40500 14 1.01824 2.51481e-05 7.02493 0.212042 -4.02664e-05 0.200306 0.8726 1.06021 0.0602086 -2.80994 0.217547 
11 40600 14 1.02076 2.51481e-05 7.02493 0.212052 -5.82523e-05 0.200304 0.872644 1.06026 0.0602623 -2.80905 0.21808 
11 40700 14 1.02327 2.51481e-05 7.02493 0.212029 -3.26539e-05 0.200307 0.872549 1.06015 0.0601465 -2.81097 0.218614 
11 40800 14 1.02579 2.51481e-05 7.02493 0.212031 -1.41298e-05 0.200306 0.872557 1.06016 0.0601569 -2.8108 0.219147 
11 40900 14 1.0283 2.51481e-05 7.02493 0.212046 -1.06115e-05 0.200304 0.872618 1.06023 0.0602314 -2.80956 0.21968 
11 41000 14 1.03082 2.51481e-05 7.02493 0.212067 7.05121e-06 0.200302 0.872706 1.06034 0.0603375 -2.8078 0.220214 
11 41100 14 1.03333 2.51481e-05 7.02493 0.212057 -2.16365e-06 0.200304 0.872662 1.06028 0.0602843 -2.80868 0.220747 
11 41200 14 1.03585 2.51481e-05 7.02493 0.21203 -2.59509e-05 0.200303 0.872552 1.06015 0.0601505 -2.81091 0.22128 
11 41300 14 1.03836 2.51481e-05 7.02493 0.212014 -3.98293e-05 0.200305 0.872486 1.06007 0.06007 -2.81225 0.221813 
11 41400 15 1.04086 2.51481e-05 7.02493 0.212009 -4.2472e-05 0.200306 0.872464 1.06004 0.0600439 -2.81268 0.222347 
11 41500 15 1.04337 2.51481e-05 7.02493 0.211992 -4.017e-05 0.200306 0.872396 1.05996 0.0599607 -2.81407 0.22288 
11 41600 15 1.04588 2.51481e-05 7.02493 0.211984 -1.23579e-05 0.200306 0.872362 1.05992 0.0599195 -2.81475 0.223413 
11 41700 15 1.0484 2.51481e-05 7.02493 0.211987 1.14136e-05 0.200304 0.872375 1.05994 0.0599356 -2.81448 0.223946 
11 41800 15 1.05091 2.51481e-05 7.02493 0.212005 3.63283e-05 0.200303 0.872447 1.06002 0.0600233 -2.81302 0.224479 
11 41900 15 1.05343 2.51481e-05 7.02493 0.212024 3.72325e-05 0.200301 0.872529 1.06012 0.0601223 -2.81137 0.225012 
11 42000 15 1.05594 2.51481e-05 7.02493 0.212037 4.46663e-05 0.200301 0.872578 1.06018 0.0601826 -2.81037 0.225546 
11 42100 15 1.05846 2.51481e-05 7.02493 0.212009 4.0338e-05 0.200302 0.872465 1.06004 0.0600449 -2.81266 0.226079 
11 42200 15 1.06097 2.51481e-05 7.02493 0.211972 -1.66609e-05 0.200304 0.872312 1.05986 0.0598585 -2.81577 0.226612 
11 42300 15 1.06349 2.51481e-05 7.02493 0.211971 -3.65139e-05 0.200303 0.872309 1.05985 0.059855 -2.81583 0.227145 
11 42400 15 1.066 2.51481e-05 7.02493 0.211957 -3.67251e-05 0.200304 0.87225 1.05978 0.059784 -2.81702 0.227678 
11 42500 15 1.06852 2.51481e-05 7.02493 0.211959 -4.01264e-05 0.200304 0.872259 1.05979 0.0597948 -2.81684 0.228211 
11 42600 15 1.07103 2.51481e-05 7.02493 0.21198 -5.34126e-05 0.200304 0.872347 1.0599 0.0599018 -2.81505 0.228745 
11 42700 15 1.07355 2.51481e-05 7.02493 0.211972 -6.17007e-05 0.200305 0.872314 1.05986 0.0598618 -2.81572 0.229278 
11 42800 15 1.07606 2.51481e-05 7.02493 0.211987 -6.43565e-05 0.200303 0.872375 1.05994 0.0599361 -2.81448 0.229811 
11 42900 15 1.07858 2.51481e-05 7.02493 0.21198 -4.88707e-05 0.200301 0.872344 1.0599 0.0598976 -2.81512 0.230344 
11 43000 15 1.08109 2.51481e-05 7.02493 0.211975 -3.26382e-05 0.200302 0.872326 1.05988 0.059876 -2.81548 0.230877 
11 43100 15 1.08361 2.51481e-05 7.02493 0.211973 -2.4977e-05 0.200303 0.872316 1.05986 0.0598641 -2.81568 0.23141 
11 43200 15 1.08612 2.51481e-05 7.02493 0.211984 -2.12364e-05 0.200302 0.872362 1.05992 0.0599201 -2.81474 0.231943 
11 43300 15 1.08864 2.51481e-05 7.02493 0.211975 -7.58556e-06 0.200303 0.872327 1.05988 0.0598775 -2.81545 0.232476 
11 43400 15 1.09115 2.51481e-05 7.02493 0.21194 -1.0553e-05 0.200302 0.872182 1.0597 0.0597015 -2.8184 0.233009 
11 43500 15 1.09367 2.51481e-05 7.02493 0.211923 -9.27723e-06 0.200305 0.872111 1.05962 0.0596153 -2.81984 0.233542 
11 43600 15 1.09618 2.51481e-05 7.02493 0.211886 8.23433e-07 0.200307 0.871957 1.05943 0.0594282 -2.82299 0.234075 
11 43700 15 1.0987 2.51481e-05 7.02493 0.211919 -6.69717e-06 0.200305 0.872095 1.0596 0.0595959 -2.82017 0.234608 
11 43800 15 1.10121 2.51481e-05 7.02493 0.211967 -8.81305e-06 0.200303 0.872291 1.05983 0.0598341 -2.81618 0.235141 
11 43900 15 1.10373 2.51481e-05 7.02493 0.211973 -3.3723e-06 0.200301 0.872317 1.05986 0.0598648 -2.81567 0.235674 
11 44000 15 1.10624 2.51481e-05 7.02493 0.211959 7.16458e-06 0.200301 0.872259 1.0598 0.0597951 -2.81683 0.236207 
11 44100 15 1.10875 2.51481e-05 7.02493 0.211909 2.71809e-05 0.200305 0.872055 1.05955 0.0595472 -2.82099 0.236741 
11 44200 15 1.11127 2.51481e-05 7.02493 0.211892 4.13146e-05 0.200305 0.871983 1.05946 0.059459 -2.82247 0.237273 
11 44300 15 1.11378 2.51481e-05 7.02493 0.21189 5.27156e-05 0.200305 0.871975 1.05945 0.0594499 -2.82262 0.237806 
11 44400 15 1.1163 2.51481e-05 7.02493 0.211868 5.06851e-05 0.200306 0.871887 1.05934 0.0593422 -2.82444 0.238339 
11 44500 15 1.11881 2.51481e-05 7.02493 0.211839 3.44278e-05 0.200308 0.871764 1.05919 0.0591933 -2.82695 0.238872 
11 44600 16 1.12131 2.51481e-05 7.02493 0.211829 2.72217e-05 0.200307 0.871726 1.05915 0.0591472 -2.82773 0.239405 
11 44700 16 1.12382 2.51481e-05 7.02493 0.211843 2.2431e-05 0.200303 0.871781 1.05921 0.0592135 -2.82661 0.239938 
11 44800 16 1.12634 2.51481e-05 7.02493 0.211896 1.93632e-05 0.200302 0.872 1.05948 0.0594796 -2.82212 0.24047 
11 44900 16 1.12885 2.51481e-05 7.02493 0.21192 1.34053e-05 0.200301 0.872099 1.0596 0.0596002 -2.8201 0.241003 
11 45000 16 1.13137 2.51481e-05 7.02493 0.211907 -6.28387e-06 0.200303 0.872046 1.05954 0.0595358 -2.82118 0.241536 
11 45100 16 1.13388 2.51481e-05 7.02493 0.211905 -1.4832e-05 0.200304 0.872038 1.05953 0.0595259 -2.82134 0.242069 
11 45200 16 1.1364 2.51481e-05 7.02493 0.21188 6.4885e-06 0.200303 0.871932 1.0594 0.0593979 -2.8235 0.242602 
11 45300 16 1.13891 2.51481e-05 7.02493 0.21188 2.70664e-05 0.200303 0.871934 1.0594 0.0593995 -2.82347 0.243135 
11 45400 16 1.14143 2.51481e-05 7.02493 0.211861 5.14699e-05 0.200305 0.871855 1.0593 0.0593042 -2.82507 0.243668 
11 45500 16 1.14394 2.51481e-05 7.02493 0.21186 5.23346e-05 0.200303 0.87185 1.0593 0.0592978 -2.82518 0.2442 
11 45600 16 1.14646 2.51481e-05 7.02493 0.211884 3.41937e-05 0.200303 0.871949 1.05942 0.0594184 -2.82315 0.244733 
11 45700 16 1.14897 2.51481e-05 7.02493 0.211892 1.44535e-05 0.200301 0.871984 1.05946 0.0594602 -2.82245 0.245266 
11 45800 16 1.15149 2.51481e-05 7.02493 0.211906 -1.20515e-05 0.2003 0.872041 1.05953 0.0595302 -2.82127 0.245799 
11 45900 16 1.154 2.51481e-05 7.02493 0.211886 -2.79144e-05 0.200302 0.871957 1.05943 0.0594279 -2.82299 0.246332 
11 46000 16 1.15651 2.51481e-05 7.02493 0.211848 -2.66777e-05 0.200305 0.871801 1.05924 0.0592386 -2.82618 0.246865 
11 46100 16 1.15903 2.51481e-05 7.02493 0.211813 -3.89651e-05 0.200306 0.871658 1.05906 0.0590649 -2.82912 0.247397 
11 46200 16 1.16154 2.51481e-05 7.02493 0.211839 -4.70605e-05 0.200303 0.871767 1.0592 0.0591967 -2.82689 0.24793 
11 46300 16 1.16406 2.51481e-05 7.02493 0.211869 -4.98758e-05 0.200303 0.871889 1.05935 0.0593457 -2.82438 0.248463 
11 46400 16 1.16657 2.51481e-05 7.02493 0.211825 -3.88054e-05 0.200306 0.871709 1.05913 0.0591266 -2.82807 0.248996 
11 46500 16 1.16909 2.51481e-05 7.02493 0.211783 -2.88328e-05 0.200309 0.871533 1.05891 0.0589127 -2.8317 0.249528 
11 46600 16 1.1716 2.51481e-05 7.02493 0.211787 -2.03199e-05 0.200306 0.87155 1.05893 0.0589331 -2.83135 0.250061 
11 46700 16 1.17412 2.51481e-05 7.02493 0.211804 -2.31203e-06 0.200304 0.87162 1.05902 0.0590187 -2.8299 0.250594 
11 46800 16 1.17663 2.51481e-05 7.02493 0.211826 -9.81093e-06 0.200304 0.871713 1.05913 0.0591314 -2.82799 0.251127 
11 46900 16 1.17915 2.51481e-05 7.02493 0.211821 -1.66287e-05 0.200305 0.871693 1.05911 0.0591065 -2.82841 0.251659 
11 47000 16 1.18166 2.51481e-05 7.02493 0.211792 -2.2311e-05 0.200305 0.871573 1.05896 0.0589611 -2.83088 0.252192 
11 47100 16 1.18418 2.51481e-05 7.02493 0.21177 -3.71303e-06 0.200306 0.87148 1.05885 0.0588482 -2.83279 0.252724 
11 47200 16 1.18669 2.51481e-05 7.02493 0.211741 1.34615e-05 0.200307 0.871363 1.05871 0.0587055 -2.83522 0.253257 
11 47300 16 1.18921 2.51481e-05 7.02493 0.211734 1.70579e-05 0.200307 0.871333 1.05867 0.05867 -2.83583 0.25379 
11 47400 16 1.19172 2.51481e-05 7.02493 0.211709 1.65001e-05 0.200308 0.87123 1.05854 0.0585446 -2.83797 0.254322 
11 47500 16 1.19424 2.51481e-05 7.02493 0.2117 1.72993e-05 0.200306 0.871193 1.0585 0.0584998 -2.83873 0.254854 
11 47600 16 1.19675 2.51481e-05 7.02493 0.211724 2.09921e-05 0.200306 0.87129 1.05862 0.0586179 -2.83672 0.255387 
11 47700 16 1.19927 2.51481e-05 7.02493 0.211743 3.94257e-05 0.200304 0.871372 1.05872 0.0587169 -2.83503 0.255919 
11 47800 17 1.20176 2.51481e-05 7.02493 0.211746 3.79317e-05 0.200304 0.871384 1.05873 0.0587312 -2.83478 0.256452 
11 47900 17 1.20428 2.51481e-05 7.02493 0.211784 3.11936e-05 0.200302 0.87154 1.05892 0.0589207 -2.83156 0.256985 
11 48000 17 1.20679 2.51481e-05 7.02493 0.211791 1.27426e-05 0.200302 0.871567 1.05895 0.058954 -2.831 0.257517 
11 48100 17 1.2093 2.51481e-05 7.02493 0.211783 -1.05432e-05 0.200304 0.871534 1.05891 0.0589141 -2.83167 0.25805 
11 48200 17 1.21182 2.51481e-05 7.02493 0.211749 -2.07747e-05 0.200306 0.871394 1.05874 0.058744 -2.83457 0.258582 
11 48300 17 1.21433 2.51481e-05 7.02493 0.211734 -1.03701e-05 0.200305 0.871333 1.05867 0.0586701 -2.83582 0.259115 
11 48400 17 1.21685 2.51481e-05 7.02493 0.21171 -3.59173e-06 0.200304 0.871234 1.05855 0.0585491 -2.83789 0.259647 
11 48500 17 1.21936 2.51481e-05 7.02493 0.211725 5.98097e-06 0.200305 0.871297 1.05863 0.0586262 -2.83657 0.26018 
11 48600 17 1.22188 2.51481e-05 7.02493 0.211744 1.48957e-05 0.200304 0.871376 1.05872 0.0587216 -2.83495 0.260712 
11 48700 17 1.22439 2.51481e-05 7.02493 0.211761 2.37088e-05 0.200302 0.871445 1.05881 0.0588052 -2.83352 0.261245 
11 48800 17 1.22691 2.51481e-05 7.02493 0.211769 3.57437e-05 0.200302 0.871478 1.05885 0.0588459 -2.83283 0.261777 
11 48900 17 1.22942 2.51481e-05 7.02493 0.21176 5.07053e-05 0.200304 0.87144 1.0588 0.0587999 -2.83362 0.262309 
11 49000 17 1.23194 2.51481e-05 7.02493 0.211717 4.5468e-05 0.200305 0.871265 1.05859 0.0585868 -2.83725 0.262842 
11 49100 17 1.23445 2.51481e-05 7.02493 0.2117 3.42361e-05 0.200305 0.871193 1.0585 0.0584991 -2.83874 0.263375 
11 49200 17 1.23697 2.51481e-05 7.02493 0.211731 7.28497e-06 0.200303 0.87132 1.05865 0.0586538 -2.8361 0.263907 
11 49300 17 1.23948 2.51481e-05 7.02493 0.211728 -8.70401e-06 0.200304 0.871311 1.05864 0.0586423 -2.8363 0.26444 
11 49400 17 1.242 2.51481e-05 7.02493 0.211713 2.75155e-06 0.200304 0.871249 1.05857 0.0585672 -2.83758 0.264972 
11 49500 17 1.24451 2.51481e-05 7.02493 0.211703 1.13513e-05 0.200304 0.871206 1.05852 0.0585152 -2.83847 0.265504 
11 49600 17 1.24703 2.51481e-05 7.02493 0.211705 6.71816e-06 0.200305 0.871216 1.05853 0.0585272 -2.83826 0.266036 
11 49700 17 1.24954 2.51481e-05 7.02493 0.211705 1.23394e-05 0.200304 0.871213 1.05852 0.0585233 -2.83833 0.266569 
11 49800 17 1.25206 2.51481e-05 7.02493 0.211722 1.85074e-05 0.200305 0.871286 1.05861 0.0586125 -2.83681 0.267102 
11 49900 17 1.25457 2.51481e-05 7.02493 0.211709 4.0022e-05 0.200304 0.871232 1.05855 0.0585468 -2.83793 0.267634 
11 50000 17 1.25709 2.51481e-05 7.02493 0.211668 4.67726e-05 0.200304 0.87106 1.05834 0.0583375 -2.84151 0.268166 
11 50100 17 1.2596 2.51481e-05 7.02493 0.211642 4.14659e-05 0.200305 0.870953 1.05821 0.0582078 -2.84374 0.268699 
11 50200 17 1.26212 2.51481e-05 7.02493 0.211633 3.80859e-05 0.200305 0.870918 1.05817 0.0581653 -2.84447 0.269231 
11 50300 17 1.26463 2.51481e-05 7.02493 0.211609 2.28578e-05 0.200308 0.870819 1.05804 0.0580449 -2.84654 0.269764 
11 50400 17 1.26715 2.51481e-05 7.02493 0.211609 1.31981e-05 0.200309 0.870821 1.05805 0.0580473 -2.8465 0.270296 
11 50500 17 1.26966 2.51481e-05 7.02493 0.211607 1.57708e-05 0.200307 0.870809 1.05803 0.0580332 -2.84674 0.270828 
11 50600 17 1.27217 2.51481e-05 7.02493 0.211589 1.13748e-05 0.200307 0.870735 1.05794 0.0579429 -2.8483 0.27136 
11 50700 17 1.27469 2.51481e-05 7.02493 0.211613 1.8114e-06 0.200305 0.870835 1.05806 0.0580645 -2.8462 0.271891 
11 50800 17 1.2772 2.51481e-05 7.02493 0.211622 6.64526e-06 0.200299 0.870874 1.05811 0.0581125 -2.84538 0.272424 
11 50900 17 1.27972 2.51481e-05 7.02493 0.211664 -3.03843e-06 0.200298 0.871045 1.05832 0.0583192 -2.84182 0.272956 
11 51000 18 1.28221 2.51481e-05 7.02493 0.211661 -1.6371e-05 0.2003 0.871032 1.0583 0.0583041 -2.84208 0.273489 
11 51100 18 1.28473 2.51481e-05 7.02493 0.211657 -1.4658e-05 0.200301 0.871015 1.05828 0.0582828 -2.84245 0.274021 
11 51200 18 1.28724 2.51481e-05 7.02493 0.211624 2.42745e-06 0.200301 0.87088 1.05812 0.0581194 -2.84525 0.274554 
11 51300 18 1.28976 2.51481e-05 7.02493 0.211605 1.72255e-05 0.200303 0.870801 1.05802 0.0580236 -2.8469 0.275086 
11 51400 18 1.29227 2.51481e-05 7.02493 0.211594 3.04594e-05 0.200303 0.870757 1.05797 0.0579703 -2.84782 0.275618 
11 51500 18 1.29479 2.51481e-05 7.02493 0.211598 3.13644e-05 0.200301 0.870773 1.05799 0.0579887 -2.84751 0.27615 
11 51600 18 1.2973 2.51481e-05 7.02493 0.211613 3.23297e-05 0.200301 0.870837 1.05807 0.0580665 -2.84617 0.276682 
11 51700 18 1.29982 2.51481e-05 7.02493 0.211632 1.90198e-05 0.200301 0.870914 1.05816 0.0581603 -2.84455 0.277214 
11 51800 18 1.30233 2.51481e-05 7.02493 0.211625 7.6456e-06 0.200301 0.870883 1.05812 0.0581228 -2.8452 0.277747 
11 51900 18 1.30485 2.51481e-05 7.02493 0.211607 1.69978e-05 0.200303 0.87081 1.05803 0.0580342 -2.84672 0.278279 
11 52000 18 1.30736 2.51481e-05 7.02493 0.211563 1.51716e-05 0.200301 0.870631 1.05782 0.0578164 -2.85048 0.278811 
11 52100 18 1.30988 2.51481e-05 7.02493 0.211567 6.18347e-06 0.200303 0.870648 1.05784 0.0578371 -2.85013 0.279343 
11 52200 18 1.31239 2.51481e-05 7.02493 0.211577 7.76493e-08 0.200301 0.870685 1.05788 0.0578827 -2.84934 0.279875 
11 52300 18 1.31491 2.51481e-05 7.02493 0.211584 8.31129e-06 0.200302 0.870716 1.05792 0.0579198 -2.8487 0.280407 
11 52400 18 1.31742 2.51481e-05 7.02493 0.211583 -9.78194e-06 0.200301 0.870714 1.05792 0.0579173 -2.84874 0.280939 
11 52500 18 1.31994 2.51481e-05 7.02493 0.211565 -1.32833e-05 0.200303 0.870636 1.05782 0.0578227 -2.85037 0.281471 
11 52600 18 1.32245 2.51481e-05 7.02493 0.211561 -1.93656e-05 0.200303 0.870623 1.05781 0.0578075 -2.85064 0.282003 
11 52700 18 1.32496 2.51481e-05 7.02493 0.21156 -2.61031e-05 0.200304 0.870616 1.0578 0.0577987 -2.85079 0.282536 
11 52800 18 1.32748 2.51481e-05 7.02493 0.211568 -2.03194e-05 0.200302 0.870649 1.05784 0.0578384 -2.8501 0.283068 
11 52900 18 1.32999 2.51481e-05 7.02493 0.211565 -1.92096e-05 0.200305 0.870636 1.05782 0.0578226 -2.85038 0.2836 
11 53000 18 1.33251 2.51481e-05 7.02493 0.21154 -1.19046e-06 0.200305 0.870534 1.0577 0.057699 -2.85252 0.284132 
11 53100 18 1.33502 2.51481e-05 7.02493 0.211525 1.36806e-06 0.200305 0.870473 1.05763 0.057625 -2.8538 0.284663 
11 53200 18 1.33754 2.51481e-05 7.02493 0.211504 8.00552e-06 0.200307 0.870386 1.05752 0.0575186 -2.85565 0.285196 
11 53300 18 1.34005 2.51481e-05 7.02493 0.211511 1.2736e-05 0.200305 0.870417 1.05756 0.0575567 -2.85498 0.285728 
11 53400 18 1.34257 2.51481e-05 7.02493 0.2115 3.5456e-05 0.200305 0.870371 1.0575 0.0575003 -2.85597 0.28626 
11 53500 18 1.34508 2.51481e-05 7.02493 0.211489 3.01612e-05 0.200304 0.870327 1.05745 0.057447 -2.85689 0.286791 
11 53600 18 1.3476 2.51481e-05 7.02493 0.211501 1.61025e-05 0.200304 0.870373 1.0575 0.057503 -2.85592 0.287323 
11 53700 18 1.35011 2.51481e-05 7.02493 0.211514 -4.23171e-06 0.200302 0.870428 1.05757 0.0575698 -2.85476 0.287855 
11 53800 18 1.35263 2.51481e-05 7.02493 0.211533 -2.30997e-05 0.200301 0.870504 1.05766 0.0576626 -2.85315 0.288387 
