11 0 1 0 3.97626e-05 7.02493 0.22101 0 0.200023 0.909508 1.10505 0.105052 -2.2533 7.50531e-07 
11 100 2 0.00789287 7.95251e-05 7.02493 0.218652 3.56975e-08 0.201043 0.899803 1.09326 0.0932607 -2.37236 0.00172553 
11 200 2 0.0158454 7.95251e-05 7.02493 0.218453 2.91612e-06 0.201416 0.898985 1.09227 0.0922666 -2.38307 0.00347049 
11 300 2 0.0237979 7.95251e-05 7.02493 0.218455 2.4983e-06 0.201471 0.898993 1.09228 0.0922762 -2.38297 0.00520358 
11 400 2 0.0317504 7.95251e-05 7.02493 0.218511 1.49123e-06 0.201433 0.899221 1.09255 0.0925533 -2.37997 0.00694191 
11 500 2 0.0397029 7.95251e-05 7.02493 0.218586 1.01782e-06 0.20137 0.89953 1.09293 0.0929289 -2.37592 0.00868286 
11 600 2 0.0476554 7.95251e-05 7.02493 0.218659 6.10835e-07 0.201298 0.89983 1.09329 0.0932935 -2.37201 0.0104228 
11 700 2 0.055608 7.95251e-05 7.02493 0.218725 4.55584e-07 0.201226 0.900104 1.09363 0.0936264 -2.36844 0.0121614 
11 800 2 0.0635605 7.95251e-05 7.02493 0.218787 -1.97181e-07 0.201156 0.900358 1.09394 0.093935 -2.36515 0.0138996 
11 900 2 0.071513 7.95251e-05 7.02493 0.218848 1.60185e-07 0.201093 0.900609 1.09424 0.0942404 -2.36191 0.0156422 
11 1000 2 0.0794655 7.95251e-05 7.02493 0.218904 8.58745e-08 0.201034 0.900839 1.09452 0.0945189 -2.35895 0.017385 
11 1100 3 0.0873958 7.95251e-05 7.02493 0.218955 7.75238e-08 0.200975 0.90105 1.09478 0.0947759 -2.35624 0.0191252 
11 1200 3 0.0953484 7.95251e-05 7.02493 0.219001 -2.37506e-08 0.200922 0.901237 1.095 0.0950029 -2.35385 0.0208644 
11 1300 3 0.103301 7.95251e-05 7.02493 0.21905 -5.67429e-08 0.200878 0.901441 1.09525 0.0952511 -2.35124 0.0226025 
11 1400 3 0.111253 7.95251e-05 7.02493 0.219104 -5.36498e-08 0.200838 0.901661 1.09552 0.0955185 -2.34843 0.0243438 
11 1500 3 0.119206 7.95251e-05 7.02493 0.219145 8.47742e-07 0.200796 0.90183 1.09572 0.095724 -2.34629 0.0260884 
11 1600 3 0.127158 7.95251e-05 7.02493 0.21917 3.39477e-07 0.200751 0.901932 1.09585 0.095848 -2.34499 0.0278308 
11 1700 3 0.135111 7.95251e-05 7.02493 0.219198 1.96386e-07 0.200713 0.902048 1.09599 0.0959878 -2.34353 0.0295738 
11 1800 3 0.143063 7.95251e-05 7.02493 0.219227 1.35147e-07 0.200682 0.90217 1.09614 0.096137 -2.34198 0.0313165 
11 1900 3 0.151016 7.95251e-05 7.02493 0.219258 1.31424e-07 0.200656 0.902298 1.09629 0.0962924 -2.34037 0.0330613 
11 2000 3 0.158968 7.95251e-05 7.02493 0.219286 2.30719e-07 0.200628 0.90241 1.09643 0.0964278 -2.33896 0.0348072 
11 2100 4 0.166919 7.95251e-05 7.02493 0.219305 -1.26648e-07 0.200603 0.90249 1.09652 0.0965249 -2.33795 0.0365533 
11 2200 4 0.174871 7.95251e-05 7.02493 0.219327 -1.95481e-07 0.200583 0.90258 1.09663 0.0966341 -2.33682 0.0382984 
11 2300 4 0.182824 7.95251e-05 7.02493 0.219352 -2.2704e-07 0.200564 0.902683 1.09676 0.0967593 -2.33553 0.04004 
11 2400 4 0.190776 7.95251e-05 7.02493 0.219382 6.645e-08 0.200547 0.902808 1.09691 0.0969115 -2.33396 0.0417817 
11 2500 4 0.198729 7.95251e-05 7.02493 0.21939 -3.23756e-07 0.200528 0.902841 1.09695 0.0969517 -2.33354 0.0435267 
11 2600 4 0.206681 7.95251e-05 7.02493 0.219397 -1.03306e-07 0.200512 0.902867 1.09698 0.0969837 -2.33321 0.0452712 
11 2700 4 0.214634 7.95251e-05 7.02493 0.219404 -4.87398e-08 0.200497 0.902896 1.09702 0.0970187 -2.33285 0.0470153 
11 2800 4 0.222586 7.95251e-05 7.02493 0.219422 -1.34742e-07 0.200484 0.902973 1.09711 0.097112 -2.33189 0.0487598 
11 2900 4 0.230539 7.95251e-05 7.02493 0.219434 -5.82986e-08 0.20047 0.903019 1.09717 0.0971676 -2.33132 0.0505035 
11 3000 4 0.238491 7.95251e-05 7.02493 0.219434 -3.10725e-07 0.200458 0.903021 1.09717 0.0971708 -2.33129 0.0522498 
11 3100 5 0.246442 7.95251e-05 7.02493 0.219445 -1.43628e-07 0.200447 0.903067 1.09723 0.0972265 -2.33071 0.0539964 
11 3200 5 0.254394 7.95251e-05 7.02493 0.219454 -1.03477e-07 0.200437 0.903104 1.09727 0.0972709 -2.33026 0.0557432 
11 3300 5 0.262347 7.95251e-05 7.02493 0.219464 -1.06641e-07 0.200428 0.903143 1.09732 0.0973186 -2.32977 0.0574894 
11 3400 5 0.270299 7.95251e-05 7.02493 0.219468 -9.90883e-08 0.200418 0.90316 1.09734 0.0973388 -2.32956 0.0592348 
11 3500 5 0.278252 7.95251e-05 7.02493 0.219466 9.09969e-08 0.200407 0.903154 1.09733 0.0973325 -2.32962 0.0609785 
11 3600 5 0.286204 7.95251e-05 7.02493 0.21948 2.26469e-08 0.200402 0.903212 1.0974 0.0974021 -2.32891 0.0627227 
11 3700 5 0.294157 7.95251e-05 7.02493 0.219492 -2.17943e-09 0.200393 0.90326 1.09746 0.0974608 -2.32831 0.0644675 
11 3800 5 0.302109 7.95251e-05 7.02493 0.219486 -9.59237e-08 0.200385 0.903234 1.09743 0.0974294 -2.32863 0.0662137 
11 3900 5 0.310062 7.95251e-05 7.02493 0.219491 5.83407e-07 0.200379 0.903256 1.09746 0.0974559 -2.32835 0.0679586 
11 4000 5 0.318014 7.95251e-05 7.02493 0.219499 -2.14511e-06 0.200373 0.903288 1.09749 0.0974946 -2.32796 0.0697031 
11 4100 6 0.325964 7.95251e-05 7.02493 0.219496 -1.82667e-06 0.200365 0.903274 1.09748 0.0974779 -2.32813 0.0714484 
11 4200 6 0.333917 7.95251e-05 7.02493 0.21949 -1.12113e-06 0.200357 0.903252 1.09745 0.0974508 -2.32841 0.0731954 
11 4300 6 0.341869 7.95251e-05 7.02493 0.219488 -7.98987e-07 0.200352 0.903243 1.09744 0.0974406 -2.32851 0.0749423 
11 4400 6 0.349822 7.95251e-05 7.02493 0.219504 -5.81657e-07 0.200347 0.903307 1.09752 0.0975185 -2.32771 0.0766889 
11 4500 6 0.357774 7.95251e-05 7.02493 0.219496 -2.75077e-07 0.20034 0.903277 1.09748 0.0974819 -2.32809 0.0784347 
11 4600 6 0.365727 7.95251e-05 7.02493 0.219489 -3.27186e-07 0.200335 0.903246 1.09744 0.0974435 -2.32848 0.0801786 
11 4700 6 0.373679 7.95251e-05 7.02493 0.219473 -2.34371e-07 0.200329 0.903182 1.09737 0.0973663 -2.32927 0.0819211 
11 4800 6 0.381632 7.95251e-05 7.02493 0.219472 -1.53525e-08 0.200324 0.903178 1.09736 0.0973617 -2.32932 0.083667 
11 4900 6 0.389585 7.95251e-05 7.02493 0.219482 5.94227e-08 0.20032 0.903216 1.09741 0.0974078 -2.32885 0.0854123 
11 5000 6 0.397537 7.95251e-05 7.02493 0.219481 1.90409e-08 0.200314 0.903216 1.09741 0.0974069 -2.32886 0.0871579 
11 5100 7 0.405487 7.95251e-05 7.02493 0.219505 1.04383e-07 0.200311 0.903313 1.09753 0.0975259 -2.32764 0.088904 
11 5200 7 0.41344 7.95251e-05 7.02493 0.219504 -8.77657e-08 0.200307 0.903307 1.09752 0.0975179 -2.32772 0.0906497 
11 5300 7 0.421392 7.95251e-05 7.02493 0.219489 -1.76483e-07 0.200304 0.903245 1.09744 0.0974431 -2.32849 0.0923951 
11 5400 7 0.429345 7.95251e-05 7.02493 0.219496 -9.56794e-08 0.2003 0.903275 1.09748 0.0974786 -2.32812 0.0941415 
11 5500 7 0.437297 7.95251e-05 7.02493 0.219488 -1.44203e-06 0.200297 0.903241 1.09744 0.0974384 -2.32854 0.0958891 
11 5600 7 0.44525 7.95251e-05 7.02493 0.21949 -1.01218e-06 0.200294 0.903252 1.09745 0.0974517 -2.3284 0.0976356 
11 5700 7 0.453202 7.95251e-05 7.02493 0.219495 2.5526e-07 0.200291 0.90327 1.09747 0.0974731 -2.32818 0.0993803 
11 5800 7 0.461155 7.95251e-05 7.02493 0.219492 4.45287e-07 0.200288 0.903259 1.09746 0.0974599 -2.32831 0.101125 
11 5900 7 0.469107 7.95251e-05 7.02493 0.219481 5.35716e-07 0.200284 0.903215 1.09741 0.0974059 -2.32887 0.102868 
11 6000 7 0.47706 7.95251e-05 7.02493 0.219473 8.75382e-07 0.200282 0.903182 1.09737 0.0973665 -2.32927 0.104613 
11 6100 8 0.48501 7.95251e-05 7.02493 0.219472 9.3312e-09 0.20028 0.903175 1.09736 0.0973575 -2.32937 0.106358 
11 6200 8 0.492963 7.95251e-05 7.02493 0.219457 -2.28539e-07 0.200278 0.903115 1.09728 0.0972846 -2.33011 0.108112 
11 6300 8 0.500915 7.95251e-05 7.02493 0.219453 1.5188e-06 0.200277 0.903097 1.09726 0.0972633 -2.33033 0.109855 
11 6400 8 0.508868 7.95251e-05 7.02493 0.219455 4.06151e-07 0.200274 0.903108 1.09728 0.0972758 -2.33021 0.1116 
11 6500 8 0.51682 7.95251e-05 7.02493 0.219444 2.67494e-07 0.20027 0.903063 1.09722 0.0972218 -2.33076 0.113343 
11 6600 8 0.524773 7.95251e-05 7.02493 0.219438 9.88967e-08 0.200268 0.903038 1.09719 0.097191 -2.33108 0.115086 
11 6700 8 0.532725 7.95251e-05 7.02493 0.219433 3.7971e-07 0.200264 0.903017 1.09717 0.0971657 -2.33134 0.116834 
11 6800 8 0.540678 7.95251e-05 7.02493 0.219432 5.18877e-07 0.200262 0.903013 1.09716 0.0971603 -2.33139 0.118579 
11 6900 8 0.54863 7.95251e-05 7.02493 0.219408 3.10626e-07 0.200261 0.902912 1.09704 0.0970381 -2.33265 0.120325 
11 7000 8 0.556583 7.95251e-05 7.02493 0.219397 2.2643e-06 0.20026 0.902867 1.09698 0.096983 -2.33322 0.122071 
11 7100 9 0.564533 7.95251e-05 7.02493 0.219412 2.00343e-06 0.200259 0.902929 1.09706 0.0970586 -2.33244 0.123816 
11 7200 9 0.572485 7.95251e-05 7.02493 0.219388 3.67846e-06 0.200256 0.902831 1.09694 0.0969393 -2.33367 0.125562 
11 7300 9 0.580438 7.95251e-05 7.02493 0.219391 2.10748e-06 0.200252 0.902843 1.09695 0.0969541 -2.33352 0.127306 
11 7400 9 0.58839 7.95251e-05 7.02493 0.219384 1.42904e-06 0.200251 0.902815 1.09692 0.0969197 -2.33387 0.129048 
11 7500 9 0.596343 7.95251e-05 7.02493 0.219371 3.36906e-07 0.200249 0.902762 1.09686 0.0968553 -2.33454 0.130792 
11 7600 9 0.604296 7.95251e-05 7.02493 0.219341 7.82763e-07 0.200248 0.902638 1.09671 0.0967057 -2.33608 0.132539 
11 7700 9 0.612248 7.95251e-05 7.02493 0.219333 6.31941e-07 0.200246 0.902606 1.09667 0.0966662 -2.33649 0.134283 
11 7800 9 0.620201 7.95251e-05 7.02493 0.21933 7.88743e-07 0.200246 0.902591 1.09665 0.0966479 -2.33668 0.136025 
11 7900 9 0.628153 7.95251e-05 7.02493 0.219321 1.75069e-06 0.200246 0.902554 1.0966 0.0966031 -2.33714 0.137765 
11 8000 9 0.636106 7.95251e-05 7.02493 0.219332 1.04688e-06 0.200243 0.902602 1.09666 0.0966614 -2.33654 0.139509 
11 8100 10 0.644056 7.95251e-05 7.02493 0.219334 4.33569e-07 0.200241 0.90261 1.09667 0.0966706 -2.33645 0.141255 
11 8200 10 0.652008 7.95251e-05 7.02493 0.219341 2.41087e-07 0.200239 0.902639 1.09671 0.0967066 -2.33607 0.143001 
11 8300 10 0.659961 7.95251e-05 7.02493 0.219356 3.53835e-07 0.200239 0.902701 1.09678 0.0967816 -2.3353 0.144748 
11 8400 10 0.667913 7.95251e-05 7.02493 0.21932 2.03113e-07 0.200237 0.902553 1.0966 0.0966018 -2.33716 0.146493 
11 8500 10 0.675866 7.95251e-05 7.02493 0.219303 2.03779e-07 0.200236 0.902482 1.09652 0.0965154 -2.33805 0.148239 
11 8600 10 0.683818 7.95251e-05 7.02493 0.219285 3.542e-07 0.200236 0.902407 1.09642 0.0964243 -2.339 0.149982 
11 8700 10 0.691771 7.95251e-05 7.02493 0.219276 6.28783e-08 0.200236 0.902369 1.09638 0.0963778 -2.33948 0.151727 
11 8800 10 0.699723 7.95251e-05 7.02493 0.219281 -3.69442e-06 0.200235 0.902392 1.09641 0.0964067 -2.33918 0.153466 
11 8900 10 0.707676 7.95251e-05 7.02493 0.219282 -1.94901e-06 0.200233 0.902393 1.09641 0.096408 -2.33917 0.155209 
11 9000 10 0.715628 7.95251e-05 7.02493 0.219267 -1.11481e-06 0.200231 0.902333 1.09633 0.096335 -2.33992 0.156954 
11 9100 11 0.723579 7.95251e-05 7.02493 0.219265 -5.75851e-08 0.20023 0.902325 1.09633 0.096325 -2.34003 0.158696 
11 9200 11 0.731531 7.95251e-05 7.02493 0.219247 6.8153e-06 0.200229 0.90225 1.09623 0.0962342 -2.34097 0.160439 
11 9300 11 0.739484 7.95251e-05 7.02493 0.21924 3.77237e-06 0.20023 0.90222 1.0962 0.0961978 -2.34135 0.162181 
11 9400 11 0.747436 7.95251e-05 7.02493 0.219238 3.70392e-06 0.20023 0.902212 1.09619 0.0961877 -2.34145 0.163926 
11 9500 11 0.755389 7.95251e-05 7.02493 0.219215 9.76953e-07 0.200228 0.902121 1.09608 0.0960772 -2.3426 0.165671 
11 9600 11 0.763341 7.95251e-05 7.02493 0.219204 -3.87249e-06 0.200228 0.902074 1.09602 0.0960204 -2.34319 0.167413 
11 9700 11 0.771294 7.95251e-05 7.02493 0.219208 -3.80168e-06 0.200226 0.902089 1.09604 0.0960385 -2.34301 0.169158 
11 9800 11 0.779246 7.95251e-05 7.02493 0.219205 -2.31698e-06 0.200224 0.902078 1.09603 0.0960252 -2.34315 0.170903 
11 9900 11 0.787199 7.95251e-05 7.02493 0.219213 -1.36617e-06 0.200224 0.902113 1.09607 0.0960674 -2.34271 0.172647 
11 10000 11 0.795151 7.95251e-05 7.02493 0.219222 -1.19337e-06 0.200223 0.902147 1.09611 0.0961084 -2.34228 0.17439 
11 10100 12 0.803101 7.95251e-05 7.02493 0.219196 -9.48548e-07 0.200224 0.902042 1.09598 0.0959805 -2.34361 0.176134 
11 10200 12 0.811054 7.95251e-05 7.02493 0.219174 -8.45329e-07 0.200224 0.901952 1.09587 0.0958722 -2.34474 0.177872 
11 10300 12 0.819007 7.95251e-05 7.02493 0.219156 -2.69643e-06 0.200223 0.901877 1.09578 0.0957808 -2.34569 0.179616 
11 10400 12 0.826959 7.95251e-05 7.02493 0.219155 -4.49159e-06 0.200223 0.901873 1.09578 0.0957752 -2.34575 0.18136 
11 10500 12 0.834912 7.95251e-05 7.02493 0.219154 -7.67216e-06 0.200222 0.90187 1.09577 0.0957724 -2.34578 0.183104 
11 10600 12 0.842864 7.95251e-05 7.02493 0.219154 -2.53241e-06 0.20022 0.90187 1.09577 0.0957716 -2.34579 0.184846 
11 10700 12 0.850817 7.95251e-05 7.02493 0.219154 -1.35628e-06 0.200219 0.901869 1.09577 0.0957712 -2.34579 0.186587 
11 10800 12 0.858769 7.95251e-05 7.02493 0.219159 -1.13207e-06 0.200218 0.90189 1.0958 0.0957963 -2.34553 0.188325 
11 10900 12 0.866722 7.95251e-05 7.02493 0.219181 8.90568e-07 0.200218 0.901979 1.0959 0.0959042 -2.34441 0.190068 
11 11000 12 0.874674 7.95251e-05 7.02493 0.21915 2.64487e-06 0.200219 0.901853 1.09575 0.0957508 -2.34601 0.191821 
11 11100 13 0.882624 7.95251e-05 7.02493 0.219134 1.56382e-06 0.200219 0.901788 1.09567 0.0956724 -2.34683 0.193559 
11 11200 13 0.890577 7.95251e-05 7.02493 0.219113 1.06466e-06 0.200219 0.901701 1.09557 0.0955669 -2.34793 0.195302 
11 11300 13 0.898529 7.95251e-05 7.02493 0.219116 9.29774e-07 0.20022 0.901711 1.09558 0.0955787 -2.34781 0.19705 
11 11400 13 0.906482 7.95251e-05 7.02493 0.219119 2.2356e-07 0.200217 0.901724 1.09559 0.0955946 -2.34764 0.198792 
11 11500 13 0.914434 7.95251e-05 7.02493 0.219105 4.4887e-07 0.200216 0.901665 1.09552 0.0955231 -2.34839 0.200536 
11 11600 13 0.922387 7.95251e-05 7.02493 0.219118 2.33894e-07 0.200215 0.90172 1.09559 0.0955903 -2.34768 0.202277 
11 11700 13 0.930339 7.95251e-05 7.02493 0.219112 3.04571e-08 0.200216 0.901694 1.09556 0.0955586 -2.34802 0.204017 
11 11800 13 0.938292 7.95251e-05 7.02493 0.219086 -1.42755e-07 0.200216 0.901589 1.09543 0.0954309 -2.34935 0.205754 
11 11900 13 0.946244 7.95251e-05 7.02493 0.219076 -6.99269e-07 0.200216 0.901548 1.09538 0.0953812 -2.34987 0.207496 
11 12000 13 0.954197 7.95251e-05 7.02493 0.21906 -1.47978e-06 0.200216 0.901481 1.0953 0.0952995 -2.35073 0.209238 
11 12100 14 0.962147 7.95251e-05 7.02493 0.219059 3.13272e-06 0.200216 0.901479 1.0953 0.095297 -2.35076 0.210978 
11 12200 14 0.9701 7.95251e-05 7.02493 0.219064 -8.04403e-06 0.200216 0.9015 1.09532 0.0953223 -2.35049 0.212717 
11 12300 14 0.978052 7.95251e-05 7.02493 0.219077 -1.4342e-06 0.200215 0.901553 1.09539 0.0953868 -2.34982 0.214456 
11 12400 14 0.986005 7.95251e-05 7.02493 0.219093 -5.19075e-07 0.200213 0.901616 1.09546 0.0954633 -2.34901 0.216199 
11 12500 14 0.993957 7.95251e-05 7.02493 0.21907 -3.76512e-07 0.200213 0.901522 1.09535 0.0953494 -2.35021 0.217943 
11 12600 14 1.00191 7.95251e-05 7.02493 0.219056 -4.8836e-07 0.200213 0.901463 1.09528 0.0952775 -2.35096 0.219685 
11 12700 14 1.00986 7.95251e-05 7.02493 0.219041 -2.12207e-06 0.200214 0.901402 1.0952 0.0952038 -2.35174 0.221427 
11 12800 14 1.01781 7.95251e-05 7.02493 0.219034 -1.94989e-06 0.200214 0.901373 1.09517 0.0951677 -2.35211 0.223174 
11 12900 14 1.02577 7.95251e-05 7.02493 0.219052 -3.40643e-06 0.200214 0.901448 1.09526 0.095259 -2.35116 0.224918 
11 13000 14 1.03372 7.95251e-05 7.02493 0.219044 -1.6185e-06 0.200214 0.901416 1.09522 0.0952204 -2.35156 0.226656 
11 13100 15 1.04167 7.95251e-05 7.02493 0.219031 1.25088e-06 0.200214 0.901364 1.09516 0.0951567 -2.35223 0.228395 
11 13200 15 1.04962 7.95251e-05 7.02493 0.219045 4.59628e-07 0.200212 0.901421 1.09523 0.0952271 -2.35149 0.230149 
11 13300 15 1.05758 7.95251e-05 7.02493 0.219038 3.77367e-07 0.200212 0.901391 1.09519 0.09519 -2.35188 0.231887 
11 13400 15 1.06553 7.95251e-05 7.02493 0.219037 2.74695e-07 0.200212 0.901386 1.09518 0.0951843 -2.35194 0.23363 
11 13500 15 1.07348 7.95251e-05 7.02493 0.219013 1.75464e-07 0.200213 0.901288 1.09507 0.095065 -2.35319 0.235374 
11 13600 15 1.08143 7.95251e-05 7.02493 0.218974 9.90434e-07 0.200215 0.901127 1.09487 0.0948692 -2.35526 0.237111 
11 13700 15 1.08939 7.95251e-05 7.02493 0.218982 -1.48935e-06 0.200215 0.90116 1.09491 0.0949092 -2.35483 0.23885 
11 13800 15 1.09734 7.95251e-05 7.02493 0.21899 -3.45267e-06 0.200214 0.901193 1.09495 0.0949501 -2.3544 0.240588 
11 13900 15 1.10529 7.95251e-05 7.02493 0.218998 8.1164e-07 0.200215 0.901224 1.09499 0.0949875 -2.35401 0.242328 
11 14000 15 1.11324 7.95251e-05 7.02493 0.219001 9.11781e-07 0.200213 0.901238 1.095 0.0950037 -2.35384 0.244069 
11 14100 16 1.12119 7.95251e-05 7.02493 0.21898 1.24233e-05 0.200213 0.901152 1.0949 0.0948997 -2.35493 0.245811 
11 14200 16 1.12915 7.95251e-05 7.02493 0.218994 1.17247e-05 0.200211 0.901208 1.09497 0.0949677 -2.35422 0.247554 
11 14300 16 1.1371 7.95251e-05 7.02493 0.218972 1.04963e-05 0.200212 0.901121 1.09486 0.0948616 -2.35534 0.249304 
11 14400 16 1.14505 7.95251e-05 7.02493 0.218974 1.33103e-05 0.200212 0.901127 1.09487 0.0948687 -2.35526 0.251042 
11 14500 16 1.153 7.95251e-05 7.02493 0.218978 8.82106e-06 0.200212 0.901142 1.09489 0.0948878 -2.35506 0.252783 
11 14600 16 1.16096 7.95251e-05 7.02493 0.218966 3.68631e-06 0.200212 0.901096 1.09483 0.0948319 -2.35565 0.254525 
11 14700 16 1.16891 7.95251e-05 7.02493 0.218955 2.97802e-06 0.200212 0.90105 1.09478 0.0947763 -2.35624 0.256267 
11 14800 16 1.17686 7.95251e-05 7.02493 0.218947 1.53031e-06 0.200212 0.901017 1.09474 0.0947353 -2.35667 0.258003 
11 14900 16 1.18481 7.95251e-05 7.02493 0.218935 2.24454e-06 0.200211 0.900966 1.09467 0.0946739 -2.35732 0.259746 
11 15000 16 1.19277 7.95251e-05 7.02493 0.218937 2.1844e-06 0.20021 0.900976 1.09469 0.0946854 -2.3572 0.261489 
11 15100 17 1.20072 7.95251e-05 7.02493 0.218951 8.68956e-07 0.20021 0.901033 1.09476 0.0947553 -2.35646 0.26323 
11 15200 17 1.20867 7.95251e-05 7.02493 0.218921 -3.07509e-07 0.200211 0.900908 1.0946 0.094603 -2.35807 0.264974 
11 15300 17 1.21662 7.95251e-05 7.02493 0.218928 -3.85922e-06 0.200211 0.900938 1.09464 0.0946397 -2.35768 0.266712 
11 15400 17 1.22457 7.95251e-05 7.02493 0.218938 -3.90307e-06 0.200211 0.900977 1.09469 0.0946876 -2.35717 0.268452 
11 15500 17 1.23253 7.95251e-05 7.02493 0.218939 -9.21936e-07 0.200211 0.900984 1.0947 0.094696 -2.35708 0.270192 
11 15600 17 1.24048 7.95251e-05 7.02493 0.218934 -4.20674e-07 0.200211 0.900963 1.09467 0.0946696 -2.35736 0.271934 
11 15700 17 1.24843 7.95251e-05 7.02493 0.218917 -6.54602e-06 0.200211 0.900895 1.09459 0.0945871 -2.35823 0.273675 
11 15800 17 1.25638 7.95251e-05 7.02493 0.218917 -6.12802e-06 0.200211 0.900893 1.09459 0.0945856 -2.35825 0.275416 
11 15900 17 1.26434 7.95251e-05 7.02493 0.21891 -5.19282e-06 0.20021 0.900864 1.09455 0.09455 -2.35863 0.277156 
11 16000 17 1.27229 7.95251e-05 7.02493 0.218904 -1.97326e-06 0.200211 0.900838 1.09452 0.0945179 -2.35897 0.278898 
11 16100 18 1.28024 7.95251e-05 7.02493 0.218908 1.13564e-08 0.200211 0.900857 1.09454 0.0945407 -2.35873 0.280638 
11 16200 18 1.28819 7.95251e-05 7.02493 0.218886 -7.47857e-07 0.200212 0.900765 1.09443 0.09443 -2.3599 0.282372 
11 16300 18 1.29614 7.95251e-05 7.02493 0.218855 6.98862e-06 0.200213 0.900639 1.09428 0.0942768 -2.36152 0.284117 
11 16400 18 1.3041 7.95251e-05 7.02493 0.218833 6.0299e-06 0.200214 0.900549 1.09417 0.0941669 -2.36269 0.285855 
11 16500 18 1.31205 7.95251e-05 7.02493 0.218856 6.48361e-06 0.200213 0.90064 1.09428 0.0942776 -2.36151 0.287599 
11 16600 18 1.32 7.95251e-05 7.02493 0.218868 -8.05268e-06 0.200212 0.900692 1.09434 0.0943408 -2.36084 0.289341 
11 16700 18 1.32795 7.95251e-05 7.02493 0.21888 -4.34017e-06 0.200212 0.90074 1.0944 0.0943989 -2.36023 0.291082 
11 16800 18 1.33591 7.95251e-05 7.02493 0.218879 -4.30651e-06 0.200211 0.900738 1.0944 0.0943971 -2.36024 0.292823 
11 16900 18 1.34386 7.95251e-05 7.02493 0.218898 -3.44893e-06 0.200211 0.900814 1.09449 0.0944888 -2.35927 0.294562 
11 17000 18 1.35181 7.95251e-05 7.02493 0.218914 -7.22769e-07 0.20021 0.900881 1.09457 0.0945699 -2.35842 0.296303 
11 17100 18 1.35976 7.95251e-05 7.02493 0.218904 2.92602e-08 0.20021 0.90084 1.09452 0.0945209 -2.35893 0.298044 
11 17200 19 1.36771 7.95251e-05 7.02493 0.218864 -8.5347e-06 0.200212 0.900673 1.09432 0.0943181 -2.36108 0.299786 
11 17300 19 1.37567 7.95251e-05 7.02493 0.218852 -8.39089e-06 0.200212 0.900627 1.09426 0.0942614 -2.36168 0.301529 
11 17400 19 1.38362 7.95251e-05 7.02493 0.21887 8.3049e-06 0.200211 0.900698 1.09435 0.0943482 -2.36076 0.30327 
11 17500 19 1.39157 7.95251e-05 7.02493 0.218855 2.07962e-05 0.200211 0.900636 1.09427 0.094273 -2.36156 0.305006 
11 17600 19 1.39952 7.95251e-05 7.02493 0.218838 1.63444e-05 0.200212 0.900569 1.09419 0.0941919 -2.36242 0.306752 
11 17700 19 1.40748 7.95251e-05 7.02493 0.218857 1.08325e-05 0.20021 0.900645 1.09428 0.0942832 -2.36145 0.308492 
11 17800 19 1.41543 7.95251e-05 7.02493 0.218858 6.08688e-06 0.200211 0.900651 1.09429 0.0942911 -2.36137 0.310222 
11 17900 19 1.42338 7.95251e-05 7.02493 0.21886 4.95362e-06 0.20021 0.900656 1.0943 0.0942975 -2.3613 0.311964 
11 18000 19 1.43133 7.95251e-05 7.02493 0.218818 9.34213e-06 0.200212 0.900488 1.09409 0.0940923 -2.36348 0.313704 
11 18100 19 1.43929 7.95251e-05 7.02493 0.218793 5.86723e-06 0.200213 0.900383 1.09397 0.0939651 -2.36483 0.315445 
11 18200 20 1.44724 7.95251e-05 7.02493 0.218807 2.29804e-06 0.200212 0.900442 1.09404 0.0940374 -2.36406 0.317188 
11 18300 20 1.45519 7.95251e-05 7.02493 0.218807 6.37642e-06 0.200213 0.900441 1.09404 0.0940357 -2.36408 0.318926 
11 18400 20 1.46314 7.95251e-05 7.02493 0.218824 2.64886e-06 0.200212 0.900509 1.09412 0.0941184 -2.3632 0.320665 
11 18500 20 1.47109 7.95251e-05 7.02493 0.218806 -2.36942e-06 0.200212 0.900438 1.09403 0.0940319 -2.36412 0.322405 
11 18600 20 1.47905 7.95251e-05 7.02493 0.218829 -2.14627e-06 0.200211 0.90053 1.09414 0.0941439 -2.36293 0.324146 
11 18700 20 1.487 7.95251e-05 7.02493 0.218838 -1.03853e-06 0.200211 0.900568 1.09419 0.0941906 -2.36244 0.325889 
11 18800 20 1.49495 7.95251e-05 7.02493 0.218823 -1.2212e-06 0.20021 0.900506 1.09411 0.0941142 -2.36325 0.327632 
11 18900 20 1.5029 7.95251e-05 7.02493 0.218825 -1.6142e-06 0.200211 0.900513 1.09412 0.0941234 -2.36315 0.329374 
11 19000 20 1.51086 7.95251e-05 7.02493 0.218796 -2.44291e-06 0.200213 0.900394 1.09398 0.0939781 -2.36469 0.331116 
11 19100 20 1.51881 7.95251e-05 7.02493 0.218797 -3.69377e-07 0.200212 0.9004 1.09399 0.0939855 -2.36462 0.332855 
11 19200 21 1.52676 7.95251e-05 7.02493 0.218775 -3.99484e-06 0.200212 0.90031 1.09388 0.0938772 -2.36577 0.334598 
11 19300 21 1.53471 7.95251e-05 7.02493 0.21879 -2.48531e-06 0.200212 0.900368 1.09395 0.0939476 -2.36502 0.336332 
11 19400 21 1.54266 7.95251e-05 7.02493 0.218805 -1.34446e-06 0.200211 0.900432 1.09403 0.0940253 -2.36419 0.338066 
11 19500 21 1.55062 7.95251e-05 7.02493 0.218819 -1.36884e-06 0.200211 0.90049 1.09409 0.0940948 -2.36345 0.339807 
11 19600 21 1.55857 7.95251e-05 7.02493 0.21879 3.02818e-06 0.200212 0.900372 1.09395 0.0939517 -2.36497 0.341553 
11 19700 21 1.56652 7.95251e-05 7.02493 0.218793 2.09649e-06 0.20021 0.900382 1.09396 0.0939647 -2.36484 0.343288 
11 19800 21 1.57447 7.95251e-05 7.02493 0.218798 1.96638e-06 0.200211 0.900403 1.09399 0.09399 -2.36457 0.345034 
11 19900 21 1.58243 7.95251e-05 7.02493 0.218783 5.61999e-06 0.200212 0.90034 1.09391 0.0939126 -2.36539 0.346767 
11 20000 21 1.59038 7.95251e-05 7.02493 0.218768 1.96389e-06 0.200211 0.900278 1.09384 0.093838 -2.36619 0.348507 
11 20100 21 1.59833 7.95251e-05 7.02493 0.21873 -6.5934e-06 0.200214 0.900122 1.09365 0.0936477 -2.36822 0.350246 
11 20200 22 1.60628 7.95251e-05 7.02493 0.21876 -6.89284e-06 0.200211 0.900247 1.0938 0.0938001 -2.36659 0.351984 
11 20300 22 1.61424 7.95251e-05 7.02493 0.218788 -3.88035e-06 0.200211 0.900364 1.09394 0.0939418 -2.36508 0.353726 
11 20400 22 1.62219 7.95251e-05 7.02493 0.218811 -8.27345e-07 0.20021 0.900457 1.09405 0.0940549 -2.36388 0.355469 
11 20500 22 1.63014 7.95251e-05 7.02493 0.218771 -3.02224e-06 0.200212 0.900291 1.09385 0.0938536 -2.36602 0.35721 
11 20600 22 1.63809 7.95251e-05 7.02493 0.218784 1.3041e-06 0.200211 0.900346 1.09392 0.0939202 -2.36531 0.358955 
11 20700 22 1.64605 7.95251e-05 7.02493 0.218815 -5.58618e-06 0.20021 0.900472 1.09407 0.094073 -2.36368 0.360695 
11 20800 22 1.654 7.95251e-05 7.02493 0.218762 -7.93942e-06 0.200212 0.900254 1.09381 0.0938088 -2.3665 0.362433 
11 20900 22 1.66195 7.95251e-05 7.02493 0.218743 -1.85637e-05 0.200212 0.900177 1.09371 0.0937148 -2.3675 0.364174 
11 21000 22 1.6699 7.95251e-05 7.02493 0.218754 -2.85958e-05 0.200213 0.900224 1.09377 0.0937722 -2.36689 0.365913 
11 21100 22 1.67786 7.95251e-05 7.02493 0.218737 -2.58632e-05 0.200212 0.900153 1.09369 0.0936857 -2.36781 0.367649 
11 21200 23 1.68581 7.95251e-05 7.02493 0.218762 -1.63631e-05 0.200212 0.900254 1.09381 0.0938091 -2.36649 0.369389 
11 21300 23 1.69376 7.95251e-05 7.02493 0.218759 -9.98815e-06 0.200212 0.900243 1.0938 0.0937951 -2.36664 0.371127 
11 21400 23 1.70171 7.95251e-05 7.02493 0.21875 -5.73762e-06 0.200213 0.900208 1.09375 0.0937523 -2.3671 0.372865 
11 21500 23 1.70966 7.95251e-05 7.02493 0.218764 -2.21605e-06 0.200212 0.900262 1.09382 0.0938185 -2.36639 0.374607 
11 21600 23 1.71762 7.95251e-05 7.02493 0.218758 -1.63161e-06 0.200212 0.900239 1.09379 0.0937904 -2.36669 0.376347 
11 21700 23 1.72557 7.95251e-05 7.02493 0.218732 -2.4954e-06 0.200215 0.900131 1.09366 0.0936595 -2.36809 0.378081 
11 21800 23 1.73352 7.95251e-05 7.02493 0.218757 -3.3929e-06 0.200214 0.900235 1.09379 0.093786 -2.36674 0.379819 
11 21900 23 1.74147 7.95251e-05 7.02493 0.218752 4.43534e-06 0.200215 0.900216 1.09376 0.093762 -2.367 0.38156 
11 22000 23 1.74943 7.95251e-05 7.02493 0.218749 2.66603e-06 0.200214 0.900202 1.09375 0.0937453 -2.36717 0.383301 
11 22100 23 1.75738 7.95251e-05 7.02493 0.218755 5.26507e-06 0.200214 0.900226 1.09378 0.093775 -2.36686 0.385044 
11 22200 24 1.76533 7.95251e-05 7.02493 0.218765 1.12696e-05 0.200213 0.900268 1.09383 0.0938254 -2.36632 0.386786 
11 22300 24 1.77328 7.95251e-05 7.02493 0.218767 9.90088e-06 0.200213 0.900277 1.09384 0.0938369 -2.3662 0.388527 
11 22400 24 1.78123 7.95251e-05 7.02493 0.218757 1.97516e-06 0.200213 0.900233 1.09378 0.0937835 -2.36677 0.390268 
11 22500 24 1.78919 7.95251e-05 7.02493 0.218747 -1.63475e-07 0.200214 0.900193 1.09373 0.093735 -2.36728 0.39201 
11 22600 24 1.79714 7.95251e-05 7.02493 0.218734 -2.66275e-06 0.200215 0.90014 1.09367 0.0936702 -2.36798 0.39375 
11 22700 24 1.80509 7.95251e-05 7.02493 0.218746 -4.44741e-06 0.200214 0.900188 1.09373 0.0937279 -2.36736 0.395486 
11 22800 24 1.81304 7.95251e-05 7.02493 0.21873 4.97146e-07 0.200215 0.900123 1.09365 0.0936489 -2.3682 0.397224 
11 22900 24 1.821 7.95251e-05 7.02493 0.218727 6.12213e-06 0.200216 0.90011 1.09363 0.093634 -2.36836 0.398962 
11 23000 24 1.82895 7.95251e-05 7.02493 0.218736 4.29084e-06 0.200214 0.900148 1.09368 0.0936802 -2.36787 0.400701 
11 23100 24 1.8369 7.95251e-05 7.02493 0.218735 8.43097e-07 0.200214 0.900143 1.09367 0.0936733 -2.36794 0.40244 
11 23200 25 1.84485 7.95251e-05 7.02493 0.218752 3.23863e-06 0.200215 0.900216 1.09376 0.0937622 -2.36699 0.404178 
11 23300 25 1.8528 7.95251e-05 7.02493 0.21873 5.88641e-06 0.200214 0.900121 1.09365 0.0936476 -2.36822 0.405918 
11 23400 25 1.86076 7.95251e-05 7.02493 0.218726 3.73986e-06 0.200215 0.900108 1.09363 0.0936316 -2.36839 0.407659 
11 23500 25 1.86871 7.95251e-05 7.02493 0.218731 -1.57792e-06 0.200216 0.900129 1.09366 0.0936567 -2.36812 0.409393 
11 23600 25 1.87666 7.95251e-05 7.02493 0.218741 -1.2276e-06 0.200215 0.90017 1.09371 0.0937065 -2.36759 0.411133 
11 23700 25 1.88461 7.95251e-05 7.02493 0.218732 -3.7784e-06 0.200216 0.90013 1.09366 0.0936583 -2.3681 0.412875 
11 23800 25 1.89257 7.95251e-05 7.02493 0.218712 -3.64322e-06 0.200216 0.90005 1.09356 0.0935608 -2.36914 0.414616 
11 23900 25 1.90052 7.95251e-05 7.02493 0.218733 3.94141e-06 0.200215 0.900137 1.09367 0.0936662 -2.36802 0.416357 
11 24000 25 1.90847 7.95251e-05 7.02493 0.218755 7.11e-06 0.200215 0.900225 1.09377 0.0937731 -2.36688 0.418098 
11 24100 25 1.91642 7.95251e-05 7.02493 0.218744 4.23207e-07 0.200215 0.900183 1.09372 0.093722 -2.36742 0.41984 
11 24200 26 1.92437 7.95251e-05 7.02493 0.218711 4.20363e-06 0.200216 0.900047 1.09356 0.0935567 -2.36919 0.421579 
11 24300 26 1.93233 7.95251e-05 7.02493 0.218743 5.72338e-06 0.200215 0.900176 1.09371 0.0937135 -2.36751 0.42332 
11 24400 26 1.94028 7.95251e-05 7.02493 0.218723 3.95677e-06 0.200218 0.900094 1.09361 0.0936138 -2.36858 0.425055 
11 24500 26 1.94823 7.95251e-05 7.02493 0.218712 2.81308e-06 0.200217 0.90005 1.09356 0.0935607 -2.36914 0.426794 
11 24600 26 1.95618 7.95251e-05 7.02493 0.218721 3.29487e-06 0.200217 0.900087 1.09361 0.0936058 -2.36866 0.428531 
11 24700 26 1.96414 7.95251e-05 7.02493 0.218705 3.95051e-06 0.200218 0.900021 1.09353 0.093525 -2.36953 0.430274 
11 24800 26 1.97209 7.95251e-05 7.02493 0.218717 7.23596e-06 0.200217 0.900072 1.09359 0.0935873 -2.36886 0.432013 
11 24900 26 1.98004 7.95251e-05 7.02493 0.218735 8.57832e-06 0.200217 0.900146 1.09368 0.0936771 -2.3679 0.433749 
11 25000 26 1.98799 7.95251e-05 7.02493 0.21873 6.55996e-06 0.200216 0.900123 1.09365 0.0936492 -2.3682 0.435486 
11 25100 26 1.99595 7.95251e-05 7.02493 0.218726 2.73034e-06 0.200216 0.900107 1.09363 0.0936301 -2.3684 0.437225 
11 25200 27 2.0039 7.95251e-05 7.02493 0.218758 1.27222e-06 0.200216 0.900237 1.09379 0.0937878 -2.36672 0.438969 
11 25300 27 2.01185 7.95251e-05 7.02493 0.218746 -8.81998e-07 0.200218 0.900191 1.09373 0.0937324 -2.36731 0.440705 
11 25400 27 2.0198 7.95251e-05 7.02493 0.218726 -8.06613e-07 0.200218 0.900106 1.09363 0.0936287 -2.36842 0.442443 
11 25500 27 2.02775 7.95251e-05 7.02493 0.218741 2.80043e-06 0.200217 0.900167 1.0937 0.0937026 -2.36763 0.444186 
11 25600 27 2.03571 7.95251e-05 7.02493 0.218706 2.71915e-06 0.200219 0.900024 1.09353 0.0935292 -2.36948 0.445926 
11 25700 27 2.04366 7.95251e-05 7.02493 0.21871 -1.10913e-05 0.200219 0.900041 1.09355 0.0935497 -2.36926 0.447664 
11 25800 27 2.05161 7.95251e-05 7.02493 0.218718 -3.07173e-06 0.200219 0.900072 1.09359 0.0935876 -2.36886 0.449403 
11 25900 27 2.05956 7.95251e-05 7.02493 0.218719 1.34864e-07 0.200218 0.900078 1.09359 0.0935949 -2.36878 0.451144 
11 26000 27 2.06752 7.95251e-05 7.02493 0.218725 1.68271e-06 0.200217 0.900104 1.09363 0.0936265 -2.36844 0.452885 
11 26100 27 2.07547 7.95251e-05 7.02493 0.218708 -1.09415e-05 0.200218 0.900033 1.09354 0.0935399 -2.36937 0.454631 
11 26200 28 2.08342 7.95251e-05 7.02493 0.218687 -1.55026e-05 0.200218 0.899946 1.09343 0.0934347 -2.37049 0.456369 
11 26300 28 2.09137 7.95251e-05 7.02493 0.218702 -1.42517e-05 0.200218 0.900007 1.09351 0.0935081 -2.36971 0.458107 
11 26400 28 2.09932 7.95251e-05 7.02493 0.218695 -8.15705e-06 0.200217 0.899978 1.09347 0.0934734 -2.37008 0.459846 
11 26500 28 2.10728 7.95251e-05 7.02493 0.218685 -6.0801e-06 0.200219 0.899939 1.09343 0.0934257 -2.37059 0.46158 
11 26600 28 2.11523 7.95251e-05 7.02493 0.218716 -3.10783e-06 0.200218 0.900067 1.09358 0.0935812 -2.36893 0.463316 
11 26700 28 2.12318 7.95251e-05 7.02493 0.218688 6.01292e-06 0.200218 0.899951 1.09344 0.0934404 -2.37043 0.465053 
11 26800 28 2.13113 7.95251e-05 7.02493 0.218722 2.635e-06 0.200218 0.900092 1.09361 0.0936112 -2.3686 0.466787 
11 26900 28 2.13909 7.95251e-05 7.02493 0.218738 8.2276e-07 0.200216 0.900158 1.09369 0.0936925 -2.36774 0.468526 
11 27000 28 2.14704 7.95251e-05 7.02493 0.218733 2.15877e-06 0.200216 0.900135 1.09366 0.0936641 -2.36804 0.470266 
11 27100 28 2.15499 7.95251e-05 7.02493 0.2187 8.06928e-07 0.200219 0.900001 1.0935 0.0935009 -2.36978 0.472007 
11 27200 29 2.16294 7.95251e-05 7.02493 0.218681 7.1012e-07 0.20022 0.899923 1.09341 0.0934068 -2.37079 0.473751 
11 27300 29 2.17089 7.95251e-05 7.02493 0.218725 -1.76193e-06 0.200218 0.900101 1.09362 0.0936226 -2.36848 0.475496 
11 27400 29 2.17885 7.95251e-05 7.02493 0.218745 -6.9296e-06 0.200218 0.900184 1.09372 0.0937232 -2.36741 0.477231 
11 27500 29 2.1868 7.95251e-05 7.02493 0.218711 -4.93492e-06 0.200219 0.900046 1.09356 0.0935563 -2.36919 0.478971 
11 27600 29 2.19475 7.95251e-05 7.02493 0.21872 -2.73424e-06 0.200219 0.900083 1.0936 0.0936012 -2.36871 0.480712 
11 27700 29 2.20271 7.95251e-05 7.02493 0.218727 -6.31114e-06 0.200218 0.900112 1.09364 0.0936363 -2.36834 0.482453 
11 27800 29 2.21066 7.95251e-05 7.02493 0.218703 -6.6468e-06 0.200219 0.900012 1.09351 0.0935149 -2.36963 0.484193 
11 27900 29 2.21861 7.95251e-05 7.02493 0.218702 -5.02428e-06 0.20022 0.900008 1.09351 0.0935097 -2.36969 0.485935 
11 28000 29 2.22656 7.95251e-05 7.02493 0.218702 -5.24381e-06 0.20022 0.90001 1.09351 0.0935122 -2.36966 0.487677 
11 28100 29 2.23452 7.95251e-05 7.02493 0.218682 -4.05834e-06 0.200221 0.899927 1.09341 0.0934115 -2.37074 0.489411 
11 28200 30 2.24247 7.95251e-05 7.02493 0.218702 -2.68389e-06 0.20022 0.900008 1.09351 0.0935099 -2.36969 0.491148 
11 28300 30 2.25042 7.95251e-05 7.02493 0.218708 -4.64994e-06 0.20022 0.900033 1.09354 0.0935406 -2.36936 0.492884 
11 28400 30 2.25837 7.95251e-05 7.02493 0.218688 -6.43283e-06 0.200221 0.899952 1.09344 0.093442 -2.37041 0.494628 
11 28500 30 2.26632 7.95251e-05 7.02493 0.218726 -1.2138e-05 0.20022 0.900107 1.09363 0.0936298 -2.36841 0.496365 
11 28600 30 2.27428 7.95251e-05 7.02493 0.218742 -7.45857e-06 0.200218 0.900173 1.09371 0.0937102 -2.36755 0.498106 
11 28700 30 2.28223 7.95251e-05 7.02493 0.218735 -5.01172e-06 0.200218 0.900145 1.09368 0.0936763 -2.36791 0.499847 
11 28800 30 2.29018 7.95251e-05 7.02493 0.218736 -3.40561e-06 0.200219 0.900147 1.09368 0.0936781 -2.36789 0.501589 
11 28900 30 2.29813 7.95251e-05 7.02493 0.218728 -6.9108e-06 0.200219 0.900116 1.09364 0.0936406 -2.36829 0.503324 
11 29000 30 2.30609 7.95251e-05 7.02493 0.218709 -7.36108e-06 0.200221 0.900038 1.09355 0.0935467 -2.3693 0.505062 
11 29100 30 2.31404 7.95251e-05 7.02493 0.218728 -4.27573e-06 0.20022 0.900114 1.09364 0.0936386 -2.36831 0.506801 
11 29200 31 2.32199 7.95251e-05 7.02493 0.218698 2.40113e-06 0.200222 0.899993 1.09349 0.0934915 -2.36989 0.50854 
11 29300 31 2.32994 7.95251e-05 7.02493 0.21871 2.93792e-06 0.200222 0.900043 1.09355 0.093552 -2.36924 0.51028 
11 29400 31 2.33789 7.95251e-05 7.02493 0.2187 -8.68138e-06 0.200222 0.900001 1.0935 0.0935011 -2.36978 0.512021 
11 29500 31 2.34585 7.95251e-05 7.02493 0.218707 -4.11892e-06 0.200221 0.900029 1.09353 0.0935347 -2.36942 0.513762 
11 29600 31 2.3538 7.95251e-05 7.02493 0.218697 -1.54408e-06 0.200221 0.899989 1.09349 0.0934872 -2.36993 0.515505 
11 29700 31 2.36175 7.95251e-05 7.02493 0.218715 -5.97563e-07 0.200221 0.900063 1.09358 0.0935762 -2.36898 0.517244 
11 29800 31 2.3697 7.95251e-05 7.02493 0.218724 -1.6312e-06 0.20022 0.900099 1.09362 0.09362 -2.36851 0.518984 
11 29900 31 2.37766 7.95251e-05 7.02493 0.218702 8.99294e-07 0.200222 0.900007 1.09351 0.0935083 -2.36971 0.520724 
11 30000 31 2.38561 7.95251e-05 7.02493 0.218705 3.73697e-06 0.200221 0.900019 1.09352 0.0935227 -2.36955 0.522459 
11 30100 31 2.39356 7.95251e-05 7.02493 0.218704 -2.43973e-07 0.200222 0.900017 1.09352 0.0935202 -2.36958 0.524195 
11 30200 32 2.40151 7.95251e-05 7.02493 0.218731 -8.55986e-06 0.200221 0.900126 1.09365 0.0936526 -2.36816 0.525934 
11 30300 32 2.40946 7.95251e-05 7.02493 0.218731 -5.44245e-06 0.20022 0.900127 1.09365 0.0936548 -2.36814 0.527673 
11 30400 32 2.41742 7.95251e-05 7.02493 0.218705 1.7209e-06 0.200222 0.900021 1.09353 0.0935256 -2.36952 0.529413 
11 30500 32 2.42537 7.95251e-05 7.02493 0.218727 4.17291e-07 0.200222 0.900111 1.09363 0.0936344 -2.36836 0.531147 
11 30600 32 2.43332 7.95251e-05 7.02493 0.218725 -1.13432e-06 0.200221 0.900104 1.09363 0.0936268 -2.36844 0.532886 
11 30700 32 2.44127 7.95251e-05 7.02493 0.218748 -1.58175e-06 0.20022 0.900199 1.09374 0.0937418 -2.36721 0.534626 
11 30800 32 2.44923 7.95251e-05 7.02493 0.218736 -3.59854e-06 0.200223 0.900147 1.09368 0.0936786 -2.36789 0.536366 
11 30900 32 2.45718 7.95251e-05 7.02493 0.21872 -1.64362e-06 0.200223 0.900084 1.0936 0.0936016 -2.36871 0.538109 
11 31000 32 2.46513 7.95251e-05 7.02493 0.218742 2.36993e-06 0.200222 0.900174 1.09371 0.0937109 -2.36754 0.53985 
11 31100 32 2.47308 7.95251e-05 7.02493 0.218708 4.24523e-06 0.200222 0.900034 1.09354 0.0935408 -2.36936 0.541589 
11 31200 33 2.48103 7.95251e-05 7.02493 0.218706 8.07902e-06 0.200222 0.900025 1.09353 0.09353 -2.36947 0.543331 
11 31300 33 2.48899 7.95251e-05 7.02493 0.218715 2.00327e-06 0.200223 0.900061 1.09357 0.0935741 -2.369 0.545074 
11 31400 33 2.49694 7.95251e-05 7.02493 0.218712 1.56604e-07 0.200224 0.900049 1.09356 0.0935593 -2.36916 0.546811 
11 31500 33 2.50489 7.95251e-05 7.02493 0.218738 -1.80561e-07 0.200222 0.900157 1.09369 0.0936905 -2.36776 0.548555 
11 31600 33 2.51284 7.95251e-05 7.02493 0.218739 -3.24965e-07 0.200222 0.90016 1.09369 0.0936947 -2.36771 0.550294 
11 31700 33 2.5208 7.95251e-05 7.02493 0.218751 2.28752e-06 0.200224 0.900212 1.09376 0.0937572 -2.36705 0.552029 
11 31800 33 2.52875 7.95251e-05 7.02493 0.218732 7.26388e-06 0.200224 0.90013 1.09366 0.0936582 -2.3681 0.553767 
11 31900 33 2.5367 7.95251e-05 7.02493 0.218765 1.76628e-05 0.200221 0.900269 1.09383 0.093827 -2.3663 0.555504 
11 32000 33 2.54465 7.95251e-05 7.02493 0.218753 3.53838e-06 0.200223 0.900217 1.09376 0.0937639 -2.36698 0.557248 
11 32100 33 2.55261 7.95251e-05 7.02493 0.218731 -5.11551e-06 0.200222 0.900128 1.09366 0.0936556 -2.36813 0.558989 
11 32200 34 2.56056 7.95251e-05 7.02493 0.218752 -4.89511e-06 0.200222 0.900213 1.09376 0.0937586 -2.36703 0.56073 
11 32300 34 2.56851 7.95251e-05 7.02493 0.218729 -9.34778e-07 0.200223 0.90012 1.09365 0.0936457 -2.36824 0.56247 
11 32400 34 2.57646 7.95251e-05 7.02493 0.218742 -1.07448e-07 0.200222 0.900174 1.09371 0.0937109 -2.36754 0.564208 
11 32500 34 2.58441 7.95251e-05 7.02493 0.218766 1.35312e-08 0.200221 0.900271 1.09383 0.0938294 -2.36628 0.565947 
11 32600 34 2.59237 7.95251e-05 7.02493 0.218754 1.62942e-08 0.200222 0.900222 1.09377 0.0937698 -2.36691 0.567687 
11 32700 34 2.60032 7.95251e-05 7.02493 0.218751 -4.25918e-07 0.200223 0.90021 1.09376 0.0937557 -2.36706 0.569422 
11 32800 34 2.60827 7.95251e-05 7.02493 0.218751 3.42922e-07 0.200223 0.900208 1.09375 0.0937533 -2.36709 0.571162 
11 32900 34 2.61622 7.95251e-05 7.02493 0.218744 -1.34926e-06 0.200224 0.90018 1.09372 0.0937185 -2.36746 0.572904 
11 33000 34 2.62418 7.95251e-05 7.02493 0.218726 -8.66425e-07 0.200223 0.900108 1.09363 0.0936312 -2.36839 0.574645 
11 33100 34 2.63213 7.95251e-05 7.02493 0.218725 3.02613e-06 0.200224 0.900103 1.09362 0.0936246 -2.36846 0.576386 
11 33200 35 2.64008 7.95251e-05 7.02493 0.218743 -2.20787e-06 0.200224 0.900176 1.09371 0.0937144 -2.3675 0.578127 
11 33300 35 2.64803 7.95251e-05 7.02493 0.218749 -4.09323e-06 0.200223 0.900203 1.09375 0.093747 -2.36716 0.579868 
11 33400 35 2.65598 7.95251e-05 7.02493 0.218787 -1.82238e-06 0.200222 0.900359 1.09394 0.0939359 -2.36514 0.581607 
11 33500 35 2.66394 7.95251e-05 7.02493 0.218777 4.92374e-07 0.200223 0.900317 1.09389 0.0938854 -2.36568 0.583345 
11 33600 35 2.67189 7.95251e-05 7.02493 0.218767 -3.35995e-06 0.200224 0.900276 1.09384 0.0938352 -2.36621 0.585083 
11 33700 35 2.67984 7.95251e-05 7.02493 0.218759 7.16197e-07 0.200224 0.900242 1.09379 0.0937945 -2.36665 0.586821 
11 33800 35 2.68779 7.95251e-05 7.02493 0.218734 3.92449e-07 0.200224 0.90014 1.09367 0.0936706 -2.36797 0.588561 
11 33900 35 2.69575 7.95251e-05 7.02493 0.218774 2.49157e-06 0.200223 0.900305 1.09387 0.0938704 -2.36584 0.5903 
11 34000 35 2.7037 7.95251e-05 7.02493 0.218764 2.42591e-06 0.200224 0.900265 1.09382 0.0938218 -2.36636 0.592036 
11 34100 35 2.71165 7.95251e-05 7.02493 0.218755 3.46253e-06 0.200225 0.900225 1.09377 0.093773 -2.36688 0.59377 
11 34200 35 2.7196 7.95251e-05 7.02493 0.218739 2.43326e-06 0.200224 0.900161 1.0937 0.0936952 -2.36771 0.595511 
11 34300 36 2.72755 7.95251e-05 7.02493 0.218762 1.6204e-06 0.200223 0.900255 1.09381 0.0938099 -2.36648 0.597249 
11 34400 36 2.73551 7.95251e-05 7.02493 0.218781 -4.24824e-07 0.200223 0.900334 1.09391 0.0939064 -2.36546 0.59899 
11 34500 36 2.74346 7.95251e-05 7.02493 0.218728 -3.54892e-06 0.200226 0.900115 1.09364 0.0936396 -2.3683 0.600739 
11 34600 36 2.75141 7.95251e-05 7.02493 0.21874 -1.847e-06 0.200225 0.900163 1.0937 0.0936977 -2.36768 0.602476 
11 34700 36 2.75936 7.95251e-05 7.02493 0.218755 2.27369e-06 0.200224 0.900225 1.09377 0.0937728 -2.36688 0.604216 
11 34800 36 2.76732 7.95251e-05 7.02493 0.218749 1.11989e-06 0.200225 0.900204 1.09375 0.0937473 -2.36715 0.60596 
11 34900 36 2.77527 7.95251e-05 7.02493 0.218767 4.2322e-06 0.200224 0.900276 1.09384 0.093835 -2.36622 0.6077 
11 35000 36 2.78322 7.95251e-05 7.02493 0.218753 1.13934e-05 0.200225 0.900219 1.09377 0.093766 -2.36695 0.60944 
11 35100 36 2.79118 7.95251e-05 7.02493 0.218775 1.42654e-05 0.200225 0.900308 1.09387 0.0938737 -2.36581 0.611182 
11 35200 36 2.79913 7.95251e-05 7.02493 0.218801 8.66532e-06 0.200223 0.900417 1.09401 0.0940061 -2.3644 0.612921 
11 35300 37 2.80708 7.95251e-05 7.02493 0.218804 5.34234e-06 0.200224 0.900426 1.09402 0.0940181 -2.36427 0.61466 
11 35400 37 2.81503 7.95251e-05 7.02493 0.218783 3.65202e-06 0.200224 0.900341 1.09391 0.0939145 -2.36537 0.616398 
11 35500 37 2.82298 7.95251e-05 7.02493 0.218754 2.89154e-06 0.200225 0.90022 1.09377 0.0937679 -2.36693 0.618137 
11 35600 37 2.83094 7.95251e-05 7.02493 0.21879 2.48362e-06 0.200223 0.900369 1.09395 0.0939483 -2.36501 0.619883 
11 35700 37 2.83889 7.95251e-05 7.02493 0.21878 9.02268e-06 0.200223 0.90033 1.0939 0.093901 -2.36551 0.621619 
11 35800 37 2.84684 7.95251e-05 7.02493 0.218792 1.09487e-05 0.200223 0.90038 1.09396 0.0939618 -2.36487 0.623359 
11 35900 37 2.85479 7.95251e-05 7.02493 0.218775 7.77317e-06 0.200225 0.900307 1.09387 0.0938726 -2.36582 0.625098 
11 36000 37 2.86275 7.95251e-05 7.02493 0.218772 6.23854e-06 0.200224 0.900298 1.09386 0.0938619 -2.36593 0.626834 
11 36100 37 2.8707 7.95251e-05 7.02493 0.218807 5.43873e-06 0.200223 0.900442 1.09404 0.0940369 -2.36407 0.628574 
11 36200 37 2.87865 7.95251e-05 7.02493 0.218804 4.36554e-06 0.200225 0.900426 1.09402 0.0940178 -2.36427 0.630314 
11 36300 38 2.8866 7.95251e-05 7.02493 0.218777 2.62443e-06 0.200226 0.900317 1.09389 0.0938854 -2.36568 0.632057 
11 36400 38 2.89455 7.95251e-05 7.02493 0.218771 3.18933e-06 0.200228 0.900292 1.09385 0.0938542 -2.36601 0.633797 
11 36500 38 2.90251 7.95251e-05 7.02493 0.218789 3.01744e-06 0.200226 0.900366 1.09394 0.0939447 -2.36505 0.635535 
11 36600 38 2.91046 7.95251e-05 7.02493 0.218822 8.09019e-06 0.200225 0.900501 1.09411 0.0941087 -2.3633 0.637278 
11 36700 38 2.91841 7.95251e-05 7.02493 0.218806 9.3887e-06 0.200225 0.900438 1.09403 0.0940319 -2.36412 0.639019 
11 36800 38 2.92636 7.95251e-05 7.02493 0.218811 1.52763e-06 0.200227 0.900457 1.09405 0.0940547 -2.36388 0.640759 
11 36900 38 2.93432 7.95251e-05 7.02493 0.218809 -1.98584e-06 0.200226 0.90045 1.09405 0.0940471 -2.36396 0.642501 
11 37000 38 2.94227 7.95251e-05 7.02493 0.218846 -1.15075e-06 0.200225 0.9006 1.09423 0.0942285 -2.36203 0.644244 
11 37100 38 2.95022 7.95251e-05 7.02493 0.218848 -2.63051e-06 0.200225 0.90061 1.09424 0.0942415 -2.36189 0.645984 
11 37200 38 2.95817 7.95251e-05 7.02493 0.218804 -1.84459e-06 0.200226 0.900426 1.09402 0.0940179 -2.36427 0.647724 
11 37300 39 2.96612 7.95251e-05 7.02493 0.218816 -1.90796e-07 0.200228 0.900478 1.09408 0.0940811 -2.3636 0.649458 
11 37400 39 2.97408 7.95251e-05 7.02493 0.218814 9.4632e-06 0.200226 0.900468 1.09407 0.0940681 -2.36374 0.651197 
11 37500 39 2.98203 7.95251e-05 7.02493 0.21884 5.86132e-06 0.200225 0.900577 1.0942 0.0942008 -2.36233 0.652936 
11 37600 39 2.98998 7.95251e-05 7.02493 0.218817 1.23768e-06 0.200226 0.900482 1.09409 0.0940851 -2.36356 0.654679 
11 37700 39 2.99793 7.95251e-05 7.02493 0.218823 3.30052e-07 0.200227 0.900507 1.09412 0.0941158 -2.36323 0.656409 
11 37800 39 3.00589 7.95251e-05 7.02493 0.218819 -7.70428e-07 0.200227 0.900491 1.0941 0.0940969 -2.36343 0.658149 
11 37900 39 3.01384 7.95251e-05 7.02493 0.218833 3.25208e-07 0.200227 0.900548 1.09417 0.0941662 -2.36269 0.659889 
11 38000 39 3.02179 7.95251e-05 7.02493 0.218838 3.03596e-06 0.200227 0.900569 1.09419 0.0941917 -2.36242 0.66163 
11 38100 39 3.02974 7.95251e-05 7.02493 0.21882 1.89627e-06 0.200228 0.900493 1.0941 0.0940985 -2.36341 0.663372 
11 38200 39 3.0377 7.95251e-05 7.02493 0.218812 4.95525e-07 0.200229 0.900461 1.09406 0.0940603 -2.36382 0.665119 
11 38300 40 3.04565 7.95251e-05 7.02493 0.218847 1.14849e-05 0.200227 0.900606 1.09424 0.094236 -2.36195 0.66686 
11 38400 40 3.0536 7.95251e-05 7.02493 0.218837 1.49692e-06 0.200227 0.900563 1.09418 0.0941837 -2.36251 0.6686 
11 38500 40 3.06155 7.95251e-05 7.02493 0.218832 -1.0588e-05 0.200227 0.900543 1.09416 0.0941602 -2.36276 0.670342 
11 38600 40 3.0695 7.95251e-05 7.02493 0.21885 -8.78253e-06 0.200227 0.900619 1.09425 0.0942517 -2.36179 0.672083 
11 38700 40 3.07746 7.95251e-05 7.02493 0.218849 -1.76333e-05 0.200227 0.900615 1.09425 0.0942466 -2.36184 0.673826 
11 38800 40 3.08541 7.95251e-05 7.02493 0.218858 -1.25316e-05 0.200226 0.900651 1.09429 0.0942907 -2.36137 0.675569 
11 38900 40 3.09336 7.95251e-05 7.02493 0.218838 -7.22143e-06 0.200227 0.900568 1.09419 0.0941904 -2.36244 0.677309 
11 39000 40 3.10131 7.95251e-05 7.02493 0.218859 -7.63946e-06 0.200227 0.900652 1.09429 0.0942926 -2.36135 0.679044 
11 39100 40 3.10927 7.95251e-05 7.02493 0.218842 -5.92471e-06 0.200227 0.900586 1.09421 0.0942123 -2.3622 0.680783 
11 39200 40 3.11722 7.95251e-05 7.02493 0.218857 -7.10337e-06 0.200227 0.900645 1.09428 0.094284 -2.36144 0.682526 
11 39300 41 3.12517 7.95251e-05 7.02493 0.218841 -1.05304e-05 0.200227 0.900579 1.0942 0.0942036 -2.3623 0.684267 
11 39400 41 3.13312 7.95251e-05 7.02493 0.218862 -1.87138e-05 0.200227 0.900665 1.09431 0.0943078 -2.36119 0.686004 
11 39500 41 3.14107 7.95251e-05 7.02493 0.21887 -2.49556e-05 0.200227 0.900698 1.09435 0.094348 -2.36077 0.687745 
11 39600 41 3.14903 7.95251e-05 7.02493 0.218859 -1.43782e-05 0.200227 0.900656 1.0943 0.0942968 -2.36131 0.689487 
11 39700 41 3.15698 7.95251e-05 7.02493 0.218871 -1.13824e-05 0.200226 0.900706 1.09436 0.0943573 -2.36067 0.691232 
11 39800 41 3.16493 7.95251e-05 7.02493 0.218863 -7.3458e-06 0.200227 0.900671 1.09432 0.0943153 -2.36111 0.692968 
11 39900 41 3.17288 7.95251e-05 7.02493 0.218864 -5.10187e-06 0.200229 0.900674 1.09432 0.0943184 -2.36108 0.694706 
11 40000 41 3.18084 7.95251e-05 7.02493 0.218865 -3.51508e-06 0.200228 0.900678 1.09432 0.0943237 -2.36102 0.696448 
11 40100 41 3.18879 7.95251e-05 7.02493 0.218863 -5.08893e-06 0.200228 0.900669 1.09431 0.0943132 -2.36113 0.698189 
11 40200 41 3.19674 7.95251e-05 7.02493 0.218859 -4.2219e-06 0.200227 0.900654 1.0943 0.0942951 -2.36133 0.699929 
11 40300 42 3.20469 7.95251e-05 7.02493 0.218881 -1.906e-06 0.200226 0.900744 1.0944 0.0944042 -2.36017 0.701671 
11 40400 42 3.21264 7.95251e-05 7.02493 0.21888 -7.2586e-08 0.200227 0.900741 1.0944 0.0944005 -2.36021 0.703413 
11 40500 42 3.2206 7.95251e-05 7.02493 0.218886 2.35287e-07 0.200227 0.900767 1.09443 0.0944321 -2.35987 0.705157 
11 40600 42 3.22855 7.95251e-05 7.02493 0.218889 3.24996e-07 0.200228 0.900779 1.09445 0.0944463 -2.35972 0.706899 
11 40700 42 3.2365 7.95251e-05 7.02493 0.218907 -3.10896e-06 0.200225 0.900852 1.09454 0.0945352 -2.35878 0.70864 
11 40800 42 3.24445 7.95251e-05 7.02493 0.218901 -2.54572e-06 0.200227 0.900827 1.0945 0.0945046 -2.35911 0.710379 
11 40900 42 3.25241 7.95251e-05 7.02493 0.218888 -2.07526e-06 0.200229 0.900774 1.09444 0.0944404 -2.35979 0.712116 
11 41000 42 3.26036 7.95251e-05 7.02493 0.218873 -1.68741e-06 0.200229 0.90071 1.09436 0.0943631 -2.36061 0.713855 
11 41100 42 3.26831 7.95251e-05 7.02493 0.218881 -2.55183e-06 0.200228 0.900747 1.09441 0.094407 -2.36014 0.715594 
11 41200 42 3.27626 7.95251e-05 7.02493 0.21891 -1.01526e-06 0.200228 0.900862 1.09455 0.0945476 -2.35865 0.717334 
11 41300 43 3.28421 7.95251e-05 7.02493 0.218895 -1.6386e-06 0.200228 0.900803 1.09448 0.0944757 -2.35941 0.71907 
11 41400 43 3.29217 7.95251e-05 7.02493 0.218911 -5.97607e-07 0.200228 0.900868 1.09456 0.0945551 -2.35857 0.720809 
11 41500 43 3.30012 7.95251e-05 7.02493 0.218912 5.05784e-07 0.200227 0.900872 1.09456 0.0945594 -2.35853 0.722549 
11 41600 43 3.30807 7.95251e-05 7.02493 0.218909 -2.04042e-06 0.200228 0.900859 1.09454 0.0945434 -2.3587 0.724292 
11 41700 43 3.31602 7.95251e-05 7.02493 0.218903 -1.49995e-06 0.200229 0.900834 1.09451 0.0945131 -2.35902 0.726034 
11 41800 43 3.32398 7.95251e-05 7.02493 0.218884 1.65264e-06 0.200229 0.900759 1.09442 0.0944221 -2.35998 0.727781 
11 41900 43 3.33193 7.95251e-05 7.02493 0.2189 -8.10998e-08 0.200229 0.900822 1.0945 0.0944991 -2.35917 0.729522 
11 42000 43 3.33988 7.95251e-05 7.02493 0.218923 1.59371e-07 0.200228 0.900919 1.09462 0.0946164 -2.35792 0.731264 
11 42100 43 3.34783 7.95251e-05 7.02493 0.218924 1.225e-05 0.200229 0.900923 1.09462 0.0946217 -2.35787 0.733007 
11 42200 43 3.35579 7.95251e-05 7.02493 0.218924 1.52391e-05 0.200228 0.900922 1.09462 0.0946198 -2.35789 0.734749 
11 42300 44 3.36374 7.95251e-05 7.02493 0.218931 8.34397e-06 0.200228 0.900952 1.09466 0.0946568 -2.3575 0.736491 
11 42400 44 3.37169 7.95251e-05 7.02493 0.218943 5.04323e-06 0.200227 0.901001 1.09472 0.0947159 -2.35687 0.738234 
11 42500 44 3.37964 7.95251e-05 7.02493 0.218943 4.84025e-06 0.200228 0.900998 1.09471 0.0947126 -2.35691 0.739976 
11 42600 44 3.3876 7.95251e-05 7.02493 0.21896 2.52933e-06 0.200227 0.901072 1.0948 0.0948023 -2.35596 0.741715 
11 42700 44 3.39555 7.95251e-05 7.02493 0.218941 -1.68153e-06 0.200229 0.90099 1.0947 0.0947032 -2.35701 0.743451 
11 42800 44 3.4035 7.95251e-05 7.02493 0.218925 -2.15205e-06 0.200229 0.900927 1.09463 0.094626 -2.35782 0.745191 
11 42900 44 3.41145 7.95251e-05 7.02493 0.218944 -1.00599e-06 0.200229 0.901004 1.09472 0.0947202 -2.35683 0.746936 
11 43000 44 3.41941 7.95251e-05 7.02493 0.218932 -1.12173e-05 0.200228 0.900953 1.09466 0.0946578 -2.35749 0.748679 
11 43100 44 3.42736 7.95251e-05 7.02493 0.21895 -1.61455e-05 0.200227 0.901029 1.09475 0.0947501 -2.35651 0.750417 
11 43200 44 3.43531 7.95251e-05 7.02493 0.218961 -6.57409e-06 0.200228 0.901075 1.09481 0.0948056 -2.35593 0.752158 
11 43300 45 3.44326 7.95251e-05 7.02493 0.218941 -2.09802e-06 0.200229 0.90099 1.0947 0.0947035 -2.357 0.753902 
11 43400 45 3.45121 7.95251e-05 7.02493 0.218958 -3.59155e-07 0.200228 0.90106 1.09479 0.094788 -2.35611 0.75564 
11 43500 45 3.45917 7.95251e-05 7.02493 0.21896 6.04344e-07 0.20023 0.90107 1.0948 0.0948004 -2.35598 0.757381 
11 43600 45 3.46712 7.95251e-05 7.02493 0.218946 1.41144e-06 0.200231 0.901012 1.09473 0.0947293 -2.35673 0.759122 
11 43700 45 3.47507 7.95251e-05 7.02493 0.218964 8.62523e-07 0.20023 0.901085 1.09482 0.0948184 -2.35579 0.760864 
11 43800 45 3.48302 7.95251e-05 7.02493 0.218973 -6.15169e-06 0.20023 0.901124 1.09487 0.0948663 -2.35529 0.762606 
11 43900 45 3.49098 7.95251e-05 7.02493 0.218964 -3.63927e-06 0.20023 0.901088 1.09482 0.094822 -2.35575 0.764349 
11 44000 45 3.49893 7.95251e-05 7.02493 0.218973 -8.75937e-06 0.200229 0.901125 1.09487 0.094867 -2.35528 0.766092 
11 44100 45 3.50688 7.95251e-05 7.02493 0.218996 -6.06929e-06 0.200228 0.901216 1.09498 0.0949778 -2.35411 0.767837 
11 44200 45 3.51483 7.95251e-05 7.02493 0.218974 -6.51938e-06 0.200229 0.901127 1.09487 0.0948696 -2.35525 0.76958 
11 44300 46 3.52278 7.95251e-05 7.02493 0.219027 -3.7636e-06 0.200228 0.901347 1.09514 0.0951363 -2.35244 0.771323 
11 44400 46 3.53074 7.95251e-05 7.02493 0.219028 -2.69906e-06 0.200228 0.90135 1.09514 0.0951405 -2.3524 0.77306 
11 44500 46 3.53869 7.95251e-05 7.02493 0.218996 -1.47678e-06 0.200229 0.901218 1.09498 0.09498 -2.35409 0.7748 
11 44600 46 3.54664 7.95251e-05 7.02493 0.218997 -3.5636e-08 0.20023 0.901221 1.09498 0.0949834 -2.35405 0.776539 
11 44700 46 3.55459 7.95251e-05 7.02493 0.218979 -2.59256e-07 0.200232 0.901149 1.0949 0.0948956 -2.35498 0.778279 
11 44800 46 3.56255 7.95251e-05 7.02493 0.218993 2.53072e-06 0.20023 0.901207 1.09497 0.0949663 -2.35423 0.780019 
11 44900 46 3.5705 7.95251e-05 7.02493 0.219006 -3.02876e-06 0.20023 0.901258 1.09503 0.0950283 -2.35358 0.781755 
11 45000 46 3.57845 7.95251e-05 7.02493 0.219002 -2.83501e-06 0.20023 0.901241 1.09501 0.0950077 -2.3538 0.783496 
11 45100 46 3.5864 7.95251e-05 7.02493 0.219002 -7.89174e-07 0.20023 0.901243 1.09501 0.0950097 -2.35378 0.785238 
11 45200 46 3.59436 7.95251e-05 7.02493 0.218995 3.03135e-06 0.200231 0.901212 1.09497 0.0949725 -2.35417 0.78698 
11 45300 47 3.60231 7.95251e-05 7.02493 0.218991 4.48206e-06 0.20023 0.901197 1.09495 0.0949548 -2.35435 0.788723 
11 45400 47 3.61026 7.95251e-05 7.02493 0.219003 5.69221e-06 0.200231 0.901248 1.09502 0.0950161 -2.35371 0.790471 
11 45500 47 3.61821 7.95251e-05 7.02493 0.219014 4.29118e-06 0.200231 0.901294 1.09507 0.0950724 -2.35312 0.792213 
11 45600 47 3.62616 7.95251e-05 7.02493 0.219014 4.37535e-06 0.20023 0.901294 1.09507 0.0950722 -2.35312 0.793955 
11 45700 47 3.63412 7.95251e-05 7.02493 0.219018 8.9186e-06 0.200229 0.901311 1.09509 0.0950925 -2.35291 0.795699 
11 45800 47 3.64207 7.95251e-05 7.02493 0.219058 6.44845e-06 0.20023 0.901473 1.09529 0.0952891 -2.35084 0.797443 
11 45900 47 3.65002 7.95251e-05 7.02493 0.219036 -9.50346e-06 0.200229 0.901384 1.09518 0.0951821 -2.35196 0.799185 
11 46000 47 3.65797 7.95251e-05 7.02493 0.219031 -1.22431e-05 0.200229 0.90136 1.09515 0.0951527 -2.35227 0.800929 
11 46100 47 3.66593 7.95251e-05 7.02493 0.219019 -3.24507e-06 0.20023 0.901313 1.0951 0.0950951 -2.35288 0.802671 
11 46200 47 3.67388 7.95251e-05 7.02493 0.219041 1.68093e-06 0.20023 0.901404 1.09521 0.0952054 -2.35172 0.804409 
11 46300 48 3.68183 7.95251e-05 7.02493 0.219041 2.20133e-06 0.200231 0.901405 1.09521 0.0952068 -2.3517 0.806149 
11 46400 48 3.68978 7.95251e-05 7.02493 0.219019 2.38781e-06 0.200232 0.901312 1.09509 0.0950938 -2.35289 0.807888 
11 46500 48 3.69773 7.95251e-05 7.02493 0.219032 3.04907e-06 0.200232 0.901367 1.09516 0.0951607 -2.35219 0.809635 
11 46600 48 3.70569 7.95251e-05 7.02493 0.219045 -1.04645e-06 0.20023 0.90142 1.09522 0.095225 -2.35151 0.811375 
11 46700 48 3.71364 7.95251e-05 7.02493 0.219053 -1.68094e-05 0.20023 0.901451 1.09526 0.0952627 -2.35112 0.813117 
11 46800 48 3.72159 7.95251e-05 7.02493 0.219057 -1.93675e-05 0.200229 0.901471 1.09529 0.0952867 -2.35087 0.814859 
11 46900 48 3.72954 7.95251e-05 7.02493 0.219045 -1.84935e-05 0.20023 0.901419 1.09522 0.0952237 -2.35153 0.8166 
11 47000 48 3.7375 7.95251e-05 7.02493 0.219041 -1.80536e-05 0.20023 0.901402 1.0952 0.0952028 -2.35175 0.818341 
11 47100 48 3.74545 7.95251e-05 7.02493 0.219062 -1.06745e-05 0.200229 0.901491 1.09531 0.095312 -2.3506 0.820084 
11 47200 48 3.7534 7.95251e-05 7.02493 0.219067 -6.98118e-06 0.200229 0.901508 1.09533 0.0953327 -2.35038 0.821826 
11 47300 49 3.76135 7.95251e-05 7.02493 0.219057 -1.71213e-06 0.200231 0.901467 1.09528 0.0952829 -2.3509 0.823569 
11 47400 49 3.7693 7.95251e-05 7.02493 0.219068 -1.14801e-06 0.200231 0.901513 1.09534 0.0953378 -2.35033 0.82531 
11 47500 49 3.77726 7.95251e-05 7.02493 0.219088 -1.43294e-06 0.20023 0.901595 1.09544 0.0954377 -2.34928 0.827056 
11 47600 49 3.78521 7.95251e-05 7.02493 0.219087 1.37415e-05 0.20023 0.901592 1.09543 0.0954349 -2.34931 0.828798 
11 47700 49 3.79316 7.95251e-05 7.02493 0.21909 2.20857e-05 0.200229 0.901603 1.09545 0.0954478 -2.34918 0.830542 
11 47800 49 3.80111 7.95251e-05 7.02493 0.219063 2.18033e-05 0.200231 0.901494 1.09531 0.095315 -2.35057 0.832288 
11 47900 49 3.80907 7.95251e-05 7.02493 0.219058 1.15089e-05 0.20023 0.901472 1.09529 0.0952887 -2.35084 0.83403 
11 48000 49 3.81702 7.95251e-05 7.02493 0.219091 2.84126e-06 0.200228 0.901611 1.09546 0.0954573 -2.34908 0.83577 
11 48100 49 3.82497 7.95251e-05 7.02493 0.219073 -6.04072e-06 0.20023 0.901534 1.09536 0.0953634 -2.35006 0.837511 
11 48200 49 3.83292 7.95251e-05 7.02493 0.219077 -4.66622e-06 0.200231 0.901552 1.09539 0.0953852 -2.34983 0.839251 
11 48300 50 3.84087 7.95251e-05 7.02493 0.219079 -4.40071e-06 0.200232 0.901561 1.0954 0.0953968 -2.34971 0.840991 
11 48400 50 3.84883 7.95251e-05 7.02493 0.219092 -2.44883e-07 0.200231 0.901614 1.09546 0.0954611 -2.34904 0.842732 
11 48500 50 3.85678 7.95251e-05 7.02493 0.219096 -2.53654e-06 0.200231 0.90163 1.09548 0.0954802 -2.34884 0.844473 
11 48600 50 3.86473 7.95251e-05 7.02493 0.219105 -1.1955e-05 0.200229 0.901667 1.09553 0.0955255 -2.34836 0.846211 
11 48700 50 3.87268 7.95251e-05 7.02493 0.219072 -1.51413e-05 0.200231 0.901532 1.09536 0.0953617 -2.35008 0.847952 
11 48800 50 3.88064 7.95251e-05 7.02493 0.21911 -9.86792e-06 0.200229 0.901689 1.09555 0.0955517 -2.34809 0.849695 
11 48900 50 3.88859 7.95251e-05 7.02493 0.21913 -5.15174e-06 0.20023 0.90177 1.09565 0.0956507 -2.34705 0.851439 
11 49000 50 3.89654 7.95251e-05 7.02493 0.219139 -4.08947e-06 0.20023 0.901806 1.09569 0.095694 -2.3466 0.853183 
11 49100 50 3.90449 7.95251e-05 7.02493 0.219127 -2.35266e-06 0.200232 0.901759 1.09564 0.0956371 -2.34719 0.854934 
11 49200 50 3.91245 7.95251e-05 7.02493 0.21912 -4.51331e-06 0.200231 0.901729 1.0956 0.0956006 -2.34758 0.856677 
11 49300 51 3.9204 7.95251e-05 7.02493 0.219122 -6.46415e-06 0.200231 0.901736 1.09561 0.0956098 -2.34748 0.858418 
11 49400 51 3.92835 7.95251e-05 7.02493 0.219133 -7.20152e-06 0.20023 0.901782 1.09567 0.0956655 -2.3469 0.860162 
11 49500 51 3.9363 7.95251e-05 7.02493 0.219134 2.30552e-07 0.20023 0.901785 1.09567 0.0956685 -2.34687 0.861906 
11 49600 51 3.94426 7.95251e-05 7.02493 0.219125 -5.7303e-07 0.20023 0.901749 1.09562 0.0956247 -2.34732 0.86365 
11 49700 51 3.95221 7.95251e-05 7.02493 0.219145 -1.61238e-06 0.200229 0.901833 1.09573 0.0957268 -2.34626 0.865394 
11 49800 51 3.96016 7.95251e-05 7.02493 0.219144 3.25726e-07 0.200229 0.901826 1.09572 0.0957183 -2.34635 0.867136 
11 49900 51 3.96811 7.95251e-05 7.02493 0.219159 8.17393e-07 0.20023 0.90189 1.0958 0.0957958 -2.34554 0.868876 
11 50000 51 3.97607 7.95251e-05 7.02493 0.219147 -7.50497e-07 0.20023 0.901839 1.09573 0.0957345 -2.34618 0.870615 
11 50100 51 3.98402 7.95251e-05 7.02493 0.219144 3.98333e-07 0.20023 0.901827 1.09572 0.0957198 -2.34633 0.872362 
11 50200 51 3.99197 7.95251e-05 7.02493 0.21915 6.3244e-06 0.20023 0.901853 1.09575 0.0957518 -2.346 0.874104 
11 50300 51 3.99992 7.95251e-05 7.02493 0.219156 3.69818e-06 0.200231 0.901875 1.09578 0.0957783 -2.34572 0.875846 
11 50400 52 4.00787 7.95251e-05 7.02493 0.219138 9.03672e-06 0.200232 0.901801 1.09569 0.0956888 -2.34665 0.877588 
11 50500 52 4.01583 7.95251e-05 7.02493 0.219178 5.33168e-06 0.20023 0.901965 1.09589 0.0958877 -2.34458 0.879331 
11 50600 52 4.02378 7.95251e-05 7.02493 0.219201 4.0118e-06 0.200228 0.902061 1.096 0.0960038 -2.34337 0.881073 
11 50700 52 4.03173 7.95251e-05 7.02493 0.219188 2.36636e-06 0.20023 0.902007 1.09594 0.0959388 -2.34404 0.882816 
11 50800 52 4.03968 7.95251e-05 7.02493 0.219191 5.26255e-07 0.200231 0.90202 1.09595 0.0959541 -2.34389 0.884561 
11 50900 52 4.04764 7.95251e-05 7.02493 0.219179 -2.903e-06 0.200232 0.901973 1.0959 0.0958975 -2.34448 0.886305 
11 51000 52 4.05559 7.95251e-05 7.02493 0.219179 -1.89854e-06 0.200233 0.901973 1.0959 0.0958972 -2.34448 0.888046 
11 51100 52 4.06354 7.95251e-05 7.02493 0.219196 1.3306e-06 0.200232 0.902041 1.09598 0.0959803 -2.34361 0.889791 
11 51200 52 4.07149 7.95251e-05 7.02493 0.219192 1.0234e-05 0.200232 0.902026 1.09596 0.0959614 -2.34381 0.891534 
11 51300 52 4.07945 7.95251e-05 7.02493 0.219174 1.71294e-05 0.200233 0.901949 1.09587 0.0958679 -2.34478 0.893279 
11 51400 53 4.0874 7.95251e-05 7.02493 0.219201 8.15649e-06 0.200231 0.902063 1.09601 0.0960064 -2.34334 0.895024 
11 51500 53 4.09535 7.95251e-05 7.02493 0.219186 7.38703e-06 0.200232 0.902 1.09593 0.0959298 -2.34414 0.896769 
11 51600 53 4.1033 7.95251e-05 7.02493 0.219212 1.01197e-05 0.200231 0.902108 1.09606 0.0960615 -2.34277 0.898512 
11 51700 53 4.11125 7.95251e-05 7.02493 0.219227 1.09121e-05 0.200231 0.902167 1.09613 0.0961331 -2.34202 0.900252 
11 51800 53 4.11921 7.95251e-05 7.02493 0.219202 5.09909e-06 0.200232 0.902067 1.09601 0.0960113 -2.34329 0.901994 
11 51900 53 4.12716 7.95251e-05 7.02493 0.219201 4.15705e-06 0.200234 0.902062 1.096 0.0960049 -2.34336 0.903735 
11 52000 53 4.13511 7.95251e-05 7.02493 0.21922 4.86399e-06 0.200233 0.902139 1.0961 0.0960992 -2.34237 0.905477 
11 52100 53 4.14306 7.95251e-05 7.02493 0.219208 4.18014e-06 0.200233 0.902092 1.09604 0.0960413 -2.34298 0.907219 
11 52200 53 4.15102 7.95251e-05 7.02493 0.219221 3.92918e-06 0.200232 0.902143 1.0961 0.0961038 -2.34233 0.908957 
11 52300 53 4.15897 7.95251e-05 7.02493 0.219253 3.09881e-06 0.20023 0.902276 1.09627 0.0962652 -2.34065 0.9107 
11 52400 54 4.16692 7.95251e-05 7.02493 0.219242 8.72466e-07 0.200231 0.902229 1.09621 0.0962078 -2.34125 0.912443 
11 52500 54 4.17487 7.95251e-05 7.02493 0.219246 3.46311e-07 0.200231 0.902246 1.09623 0.0962283 -2.34103 0.91419 
11 52600 54 4.18282 7.95251e-05 7.02493 0.219257 -4.3776e-07 0.200231 0.90229 1.09628 0.0962828 -2.34047 0.915934 
11 52700 54 4.19078 7.95251e-05 7.02493 0.219246 -1.84914e-06 0.200233 0.902247 1.09623 0.0962303 -2.34101 0.917683 
11 52800 54 4.19873 7.95251e-05 7.02493 0.219257 -1.90927e-06 0.200232 0.902291 1.09628 0.0962837 -2.34046 0.919427 
11 52900 54 4.20668 7.95251e-05 7.02493 0.219254 -6.12712e-07 0.200232 0.902278 1.09627 0.0962677 -2.34062 0.921171 
11 53000 54 4.21463 7.95251e-05 7.02493 0.219246 1.00353e-05 0.200232 0.902246 1.09623 0.0962287 -2.34103 0.922916 
11 53100 54 4.22259 7.95251e-05 7.02493 0.219252 1.48976e-05 0.200233 0.90227 1.09626 0.096258 -2.34072 0.924661 
11 53200 54 4.23054 7.95251e-05 7.02493 0.21925 8.192e-06 0.200232 0.902265 1.09625 0.0962521 -2.34078 0.926406 
11 53300 54 4.23849 7.95251e-05 7.02493 0.219253 5.62598e-06 0.200232 0.902277 1.09627 0.0962661 -2.34064 0.92815 
11 53400 55 4.24644 7.95251e-05 7.02493 0.219271 -9.83533e-07 0.200232 0.902349 1.09635 0.0963536 -2.33973 0.929893 
11 53500 55 4.25439 7.95251e-05 7.02493 0.219269 1.65139e-06 0.200232 0.902342 1.09634 0.0963449 -2.33982 0.931635 
11 53600 55 4.26235 7.95251e-05 7.02493 0.219262 2.22297e-06 0.200233 0.902313 1.09631 0.0963102 -2.34018 0.933375 
11 53700 55 4.2703 7.95251e-05 7.02493 0.219269 3.48027e-06 0.200233 0.902343 1.09635 0.0963466 -2.3398 0.935123 
11 53800 55 4.27825 7.95251e-05 7.02493 0.219274 6.67767e-06 0.200233 0.902361 1.09637 0.0963686 -2.33958 0.936866 
11 53900 55 4.2862 7.95251e-05 7.02493 0.219284 8.26355e-06 0.200232 0.902405 1.09642 0.0964218 -2.33902 0.938608 
11 54000 55 4.29416 7.95251e-05 7.02493 0.219304 1.52811e-05 0.200231 0.902486 1.09652 0.0965205 -2.338 0.940352 
11 54100 55 4.30211 7.95251e-05 7.02493 0.219296 7.93053e-06 0.200231 0.902452 1.09648 0.0964792 -2.33843 0.942095 
11 54200 55 4.31006 7.95251e-05 7.02493 0.219305 4.10617e-06 0.200231 0.902489 1.09652 0.0965243 -2.33796 0.943843 
11 54300 55 4.31801 7.95251e-05 7.02493 0.219339 3.44916e-06 0.200231 0.90263 1.0967 0.0966951 -2.33619 0.945584 
11 54400 56 4.32596 7.95251e-05 7.02493 0.219345 2.69478e-06 0.200232 0.902656 1.09673 0.0967274 -2.33586 0.947327 
11 54500 56 4.33392 7.95251e-05 7.02493 0.219314 3.61451e-06 0.200233 0.902529 1.09657 0.0965723 -2.33746 0.949071 
11 54600 56 4.34187 7.95251e-05 7.02493 0.219304 2.39828e-06 0.200233 0.902486 1.09652 0.0965209 -2.338 0.950816 
11 54700 56 4.34982 7.95251e-05 7.02493 0.21929 5.11885e-07 0.200234 0.902427 1.09645 0.0964491 -2.33874 0.952561 
11 54800 56 4.35777 7.95251e-05 7.02493 0.219292 1.23848e-06 0.200233 0.902435 1.09646 0.0964583 -2.33864 0.954307 
11 54900 56 4.36573 7.95251e-05 7.02493 0.219303 7.19489e-07 0.200233 0.902483 1.09652 0.0965164 -2.33804 0.956052 
11 55000 56 4.37368 7.95251e-05 7.02493 0.219305 -1.39237e-06 0.200232 0.902489 1.09652 0.0965237 -2.33797 0.957798 
11 55100 56 4.38163 7.95251e-05 7.02493 0.219309 -3.22705e-06 0.200232 0.902507 1.09655 0.0965459 -2.33774 0.959546 
11 55200 56 4.38958 7.95251e-05 7.02493 0.219322 -2.9595e-06 0.200232 0.902561 1.09661 0.0966117 -2.33706 0.961289 
11 55300 56 4.39754 7.95251e-05 7.02493 0.219331 -2.22364e-06 0.200232 0.902598 1.09666 0.0966567 -2.33659 0.963029 
11 55400 57 4.40549 7.95251e-05 7.02493 0.219324 -8.70438e-09 0.200233 0.902567 1.09662 0.0966193 -2.33698 0.964772 
11 55500 57 4.41344 7.95251e-05 7.02493 0.21932 -1.8741e-07 0.200233 0.90255 1.0966 0.096598 -2.3372 0.966514 
11 55600 57 4.42139 7.95251e-05 7.02493 0.219307 7.63565e-07 0.200234 0.902499 1.09654 0.0965365 -2.33783 0.968257 
11 55700 57 4.42934 7.95251e-05 7.02493 0.219343 2.13541e-06 0.200233 0.902647 1.09672 0.0967157 -2.33598 0.970001 
11 55800 57 4.4373 7.95251e-05 7.02493 0.21934 1.23517e-05 0.200232 0.902633 1.0967 0.096699 -2.33615 0.971741 
11 55900 57 4.44525 7.95251e-05 7.02493 0.219364 5.86371e-06 0.20023 0.902733 1.09682 0.09682 -2.3349 0.973482 
11 56000 57 4.4532 7.95251e-05 7.02493 0.21938 3.17203e-06 0.200231 0.902799 1.0969 0.0969012 -2.33406 0.975227 
11 56100 57 4.46115 7.95251e-05 7.02493 0.219386 2.74605e-06 0.200232 0.902822 1.09693 0.0969285 -2.33378 0.976972 
11 56200 57 4.46911 7.95251e-05 7.02493 0.219381 3.00952e-06 0.200232 0.902801 1.0969 0.0969032 -2.33404 0.978718 
11 56300 57 4.47706 7.95251e-05 7.02493 0.219376 1.85629e-06 0.200233 0.902782 1.09688 0.0968797 -2.33429 0.980466 
11 56400 58 4.48501 7.95251e-05 7.02493 0.219371 3.5926e-06 0.200233 0.902761 1.09685 0.0968542 -2.33455 0.982214 
11 56500 58 4.49296 7.95251e-05 7.02493 0.219362 3.83284e-06 0.200233 0.902726 1.09681 0.0968122 -2.33498 0.983959 
11 56600 58 4.50092 7.95251e-05 7.02493 0.219373 4.51218e-06 0.200232 0.902769 1.09686 0.0968639 -2.33445 0.985705 
11 56700 58 4.50887 7.95251e-05 7.02493 0.21936 -8.21144e-06 0.200232 0.902718 1.0968 0.0968023 -2.33508 0.987451 
11 56800 58 4.51682 7.95251e-05 7.02493 0.219385 -3.15679e-06 0.200231 0.902817 1.09692 0.0969226 -2.33384 0.989197 
11 56900 58 4.52477 7.95251e-05 7.02493 0.219388 -9.50851e-07 0.200232 0.902829 1.09694 0.0969378 -2.33369 0.990942 
11 57000 58 4.53273 7.95251e-05 7.02493 0.219393 -6.00188e-07 0.200231 0.902852 1.09697 0.0969655 -2.3334 0.99269 
11 57100 58 4.54068 7.95251e-05 7.02493 0.219431 4.64354e-07 0.20023 0.903009 1.09716 0.0971562 -2.33144 0.994431 
11 57200 58 4.54863 7.95251e-05 7.02493 0.219433 1.56529e-06 0.200231 0.903018 1.09717 0.097167 -2.33132 0.996174 
11 57300 58 4.55658 7.95251e-05 7.02493 0.219417 1.87863e-06 0.200233 0.902953 1.09709 0.0970874 -2.33214 0.997916 
11 57400 59 4.56453 7.95251e-05 7.02493 0.219419 2.7154e-06 0.200233 0.902957 1.09709 0.0970929 -2.33209 0.999664 
11 57500 59 4.57249 7.95251e-05 7.02493 0.219417 2.2811e-06 0.200232 0.90295 1.09708 0.097084 -2.33218 1.00141 
11 57600 59 4.58044 7.95251e-05 7.02493 0.219427 2.66454e-06 0.200231 0.902991 1.09713 0.0971338 -2.33167 1.00315 
11 57700 59 4.58839 7.95251e-05 7.02493 0.219473 2.04273e-06 0.20023 0.903181 1.09737 0.0973655 -2.32928 1.0049 
11 57800 59 4.59634 7.95251e-05 7.02493 0.21949 1.67223e-06 0.200231 0.903253 1.09745 0.0974523 -2.32839 1.00665 
11 57900 59 4.6043 7.95251e-05 7.02493 0.219464 3.5132e-06 0.200232 0.903143 1.09732 0.0973185 -2.32977 1.00839 
11 58000 59 4.61225 7.95251e-05 7.02493 0.219456 3.24747e-06 0.200232 0.90311 1.09728 0.0972781 -2.33018 1.01013 
11 58100 59 4.6202 7.95251e-05 7.02493 0.219432 5.64358e-06 0.200235 0.903011 1.09716 0.0971586 -2.33141 1.01188 
11 58200 59 4.62815 7.95251e-05 7.02493 0.219423 9.06003e-06 0.200235 0.902974 1.09711 0.0971132 -2.33188 1.01362 
11 58300 59 4.63611 7.95251e-05 7.02493 0.219446 4.80568e-06 0.200234 0.903068 1.09723 0.0972277 -2.3307 1.01537 
11 58400 60 4.64406 7.95251e-05 7.02493 0.219425 3.07808e-06 0.200234 0.902985 1.09713 0.0971272 -2.33173 1.01712 
11 58500 60 4.65201 7.95251e-05 7.02493 0.21945 -1.0421e-05 0.200234 0.903085 1.09725 0.0972481 -2.33049 1.01886 
11 58600 60 4.65996 7.95251e-05 7.02493 0.219472 -7.97676e-06 0.200232 0.903177 1.09736 0.0973606 -2.32933 1.02061 
11 58700 60 4.66791 7.95251e-05 7.02493 0.219454 -3.49522e-06 0.200232 0.903104 1.09727 0.0972708 -2.33026 1.02236 
11 58800 60 4.67587 7.95251e-05 7.02493 0.219458 -9.35548e-07 0.200233 0.903118 1.09729 0.0972887 -2.33007 1.0241 
11 58900 60 4.68382 7.95251e-05 7.02493 0.219473 -5.68e-07 0.200232 0.903182 1.09737 0.0973657 -2.32928 1.02585 
11 59000 60 4.69177 7.95251e-05 7.02493 0.219457 4.11456e-06 0.200234 0.903117 1.09729 0.0972871 -2.33009 1.02759 
11 59100 60 4.69972 7.95251e-05 7.02493 0.219459 5.38551e-06 0.200234 0.903125 1.0973 0.0972967 -2.32999 1.02933 
11 59200 60 4.70768 7.95251e-05 7.02493 0.219476 5.04143e-06 0.200234 0.903195 1.09738 0.0973821 -2.32911 1.03108 
11 59300 60 4.71563 7.95251e-05 7.02493 0.219471 3.39915e-06 0.200233 0.903172 1.09735 0.0973535 -2.32941 1.03282 
11 59400 61 4.72358 7.95251e-05 7.02493 0.219509 1.07158e-06 0.200232 0.903329 1.09754 0.0975447 -2.32744 1.03457 
11 59500 61 4.73153 7.95251e-05 7.02493 0.219509 -7.507e-07 0.200232 0.903328 1.09754 0.0975433 -2.32746 1.03631 
11 59600 61 4.73948 7.95251e-05 7.02493 0.219513 -6.94859e-07 0.200232 0.903344 1.09756 0.0975635 -2.32725 1.03805 
11 59700 61 4.74744 7.95251e-05 7.02493 0.219518 -2.83581e-06 0.200232 0.903365 1.09759 0.0975881 -2.327 1.03979 
