11 0 1 0 1.77824e-05 7.02493 0.22101 0 0.200023 0.909508 1.10505 0.105052 -2.2533 7.50531e-07 
11 100 2 0.0035298 3.55647e-05 7.02493 0.220904 3.39973e-09 0.215591 0.909068 1.10452 0.104518 -2.2584 0.000771992 
11 200 2 0.00708627 3.55647e-05 7.02493 0.221147 5.49179e-10 0.228879 0.91007 1.10574 0.105735 -2.24682 0.00156698 
11 300 2 0.0106427 3.55647e-05 7.02493 0.221431 -8.49317e-09 0.23869 0.911238 1.10715 0.107154 -2.23349 0.00235415 
11 400 2 0.0141992 3.55647e-05 7.02493 0.221739 4.6783e-09 0.245004 0.912505 1.10869 0.108693 -2.21923 0.00314155 
11 500 2 0.0177557 3.55647e-05 7.02493 0.222016 1.70593e-08 0.248564 0.913646 1.11008 0.11008 -2.20655 0.00393169 
11 600 2 0.0213122 3.55647e-05 7.02493 0.22225 1.24957e-08 0.249999 0.914611 1.11125 0.111252 -2.19596 0.00472077 
11 700 2 0.0248686 3.55647e-05 7.02493 0.222445 3.41176e-08 0.249825 0.915412 1.11223 0.112226 -2.18724 0.00551201 
11 800 2 0.0284251 3.55647e-05 7.02493 0.222603 -3.00373e-08 0.248465 0.91606 1.11301 0.113013 -2.18025 0.00630313 
11 900 2 0.0319816 3.55647e-05 7.02493 0.222715 -1.58697e-08 0.246262 0.916522 1.11357 0.113575 -2.17529 0.00709505 
11 1000 2 0.0355381 3.55647e-05 7.02493 0.222771 1.20453e-08 0.243485 0.916755 1.11386 0.113857 -2.17281 0.00788733 
11 1100 2 0.0390945 3.55647e-05 7.02493 0.222807 3.55372e-06 0.240377 0.9169 1.11403 0.114034 -2.17126 0.00867952 
11 1200 2 0.042651 3.55647e-05 7.02493 0.222828 4.31069e-06 0.237116 0.916987 1.11414 0.11414 -2.17033 0.00947181 
11 1300 2 0.0462075 3.55647e-05 7.02493 0.222818 -4.72999e-06 0.233815 0.916948 1.11409 0.114092 -2.17075 0.0102644 
11 1400 2 0.0497639 3.55647e-05 7.02493 0.222796 -2.62454e-06 0.230586 0.916854 1.11398 0.113978 -2.17175 0.0110566 
11 1500 2 0.0533204 3.55647e-05 7.02493 0.222746 -2.58532e-05 0.227431 0.916648 1.11373 0.113728 -2.17395 0.0118489 
11 1600 2 0.0568769 3.55647e-05 7.02493 0.222707 -4.42908e-05 0.224457 0.91649 1.11354 0.113536 -2.17564 0.0126409 
11 1700 2 0.0604334 3.55647e-05 7.02493 0.222688 -6.98845e-05 0.221721 0.916412 1.11344 0.113441 -2.17648 0.0134333 
11 1800 2 0.0639898 3.55647e-05 7.02493 0.222682 -5.44722e-05 0.219314 0.916387 1.11341 0.113411 -2.17674 0.0142254 
11 1900 2 0.0675463 3.55647e-05 7.02493 0.222634 -5.53719e-05 0.217144 0.916188 1.11317 0.113169 -2.17888 0.015017 
11 2000 2 0.0711028 3.55647e-05 7.02493 0.222609 -3.77644e-05 0.215202 0.916087 1.11305 0.113046 -2.17996 0.0158089 
11 2100 2 0.0746593 3.55647e-05 7.02493 0.222557 -5.74842e-06 0.213464 0.915871 1.11278 0.112783 -2.18229 0.0166005 
11 2200 2 0.0782157 3.55647e-05 7.02493 0.222517 9.50247e-06 0.211929 0.915707 1.11258 0.112584 -2.18406 0.0173913 
11 2300 3 0.0817427 3.55647e-05 7.02493 0.222492 2.20571e-05 0.210546 0.915605 1.11246 0.11246 -2.18516 0.0181825 
11 2400 3 0.0852991 3.55647e-05 7.02493 0.22244 4.91519e-05 0.209316 0.915392 1.1122 0.112201 -2.18746 0.0189737 
11 2500 3 0.0888556 3.55647e-05 7.02493 0.222377 8.41902e-05 0.208241 0.91513 1.11188 0.111883 -2.19031 0.0197647 
11 2600 3 0.0924121 3.55647e-05 7.02493 0.222299 7.65552e-05 0.207284 0.914811 1.1115 0.111495 -2.19377 0.0205551 
11 2700 3 0.0959686 3.55647e-05 7.02493 0.222261 8.72158e-05 0.206473 0.914656 1.11131 0.111307 -2.19546 0.0213459 
11 2800 3 0.099525 3.55647e-05 7.02493 0.222216 0.000116352 0.205802 0.914468 1.11108 0.111078 -2.19752 0.0221363 
11 2900 3 0.103082 3.55647e-05 7.02493 0.22219 0.000132397 0.205216 0.914362 1.11095 0.110949 -2.19868 0.0229266 
11 3000 3 0.106638 3.55647e-05 7.02493 0.222133 0.000149113 0.204706 0.914127 1.11066 0.110664 -2.20126 0.0237168 
11 3100 3 0.110194 3.55647e-05 7.02493 0.222006 0.000148561 0.204255 0.913607 1.11003 0.110032 -2.20698 0.0245056 
11 3200 3 0.113751 3.55647e-05 7.02493 0.221889 0.000102721 0.203868 0.913123 1.10944 0.109445 -2.21234 0.0252949 
11 3300 3 0.117307 3.55647e-05 7.02493 0.22182 0.000114875 0.203523 0.912841 1.1091 0.109102 -2.21547 0.0260842 
11 3400 3 0.120864 3.55647e-05 7.02493 0.221743 0.000105779 0.203222 0.912521 1.10871 0.108713 -2.21904 0.0268731 
11 3500 3 0.12442 3.55647e-05 7.02493 0.221698 8.55849e-05 0.202957 0.912338 1.10849 0.10849 -2.22109 0.0276616 
11 3600 3 0.127977 3.55647e-05 7.02493 0.221652 8.8174e-05 0.20269 0.91215 1.10826 0.108262 -2.2232 0.0284497 
11 3700 3 0.131533 3.55647e-05 7.02493 0.221632 0.000102303 0.202461 0.912065 1.10816 0.108159 -2.22415 0.029239 
11 3800 3 0.13509 3.55647e-05 7.02493 0.221672 9.89312e-05 0.202281 0.912232 1.10836 0.108362 -2.22228 0.0300273 
11 3900 3 0.138646 3.55647e-05 7.02493 0.2217 9.11818e-05 0.202129 0.912346 1.1085 0.1085 -2.22101 0.0308158 
11 4000 3 0.142203 3.55647e-05 7.02493 0.221716 7.11113e-05 0.201996 0.912413 1.10858 0.108582 -2.22025 0.0316045 
11 4100 3 0.145759 3.55647e-05 7.02493 0.22169 5.79126e-05 0.201877 0.912305 1.10845 0.10845 -2.22146 0.0323923 
11 4200 3 0.149316 3.55647e-05 7.02493 0.221624 4.02703e-05 0.201769 0.912031 1.10812 0.108118 -2.22453 0.0331805 
11 4300 3 0.152872 3.55647e-05 7.02493 0.22162 5.98975e-05 0.201666 0.912018 1.1081 0.108102 -2.22468 0.0339699 
11 4400 3 0.156429 3.55647e-05 7.02493 0.221609 2.3658e-05 0.20158 0.911971 1.10805 0.108045 -2.22521 0.0347568 
11 4500 3 0.159985 3.55647e-05 7.02493 0.221588 4.80143e-06 0.201498 0.911886 1.10794 0.107941 -2.22617 0.0355458 
11 4600 4 0.163521 3.55647e-05 7.02493 0.221586 6.49259e-06 0.201435 0.911878 1.10793 0.107932 -2.22626 0.0363345 
11 4700 4 0.167077 3.55647e-05 7.02493 0.221526 -1.02404e-05 0.201383 0.91163 1.10763 0.10763 -2.22905 0.0371217 
11 4800 4 0.170634 3.55647e-05 7.02493 0.221512 -1.68837e-05 0.201332 0.911573 1.10756 0.107561 -2.2297 0.0379098 
11 4900 4 0.17419 3.55647e-05 7.02493 0.221532 -3.34463e-05 0.201283 0.911654 1.10766 0.107659 -2.22879 0.0386973 
11 5000 4 0.177747 3.55647e-05 7.02493 0.221493 -4.08428e-05 0.201239 0.911495 1.10747 0.107466 -2.23058 0.0394852 
11 5100 4 0.181303 3.55647e-05 7.02493 0.221479 -4.20336e-05 0.201198 0.911436 1.10739 0.107395 -2.23124 0.0402736 
11 5200 4 0.18486 3.55647e-05 7.02493 0.221425 -5.17866e-05 0.20116 0.911214 1.10712 0.107125 -2.23376 0.041061 
11 5300 4 0.188416 3.55647e-05 7.02493 0.221383 -4.56935e-05 0.201138 0.911042 1.10692 0.106916 -2.23571 0.0418478 
11 5400 4 0.191973 3.55647e-05 7.02493 0.221287 -5.64224e-05 0.201115 0.910644 1.10643 0.106433 -2.24024 0.0426353 
11 5500 4 0.195529 3.55647e-05 7.02493 0.221278 -7.41747e-05 0.201085 0.910611 1.10639 0.106392 -2.24063 0.0434224 
11 5600 4 0.199086 3.55647e-05 7.02493 0.221218 -4.84416e-05 0.20107 0.910362 1.10609 0.10609 -2.24346 0.0442093 
11 5700 4 0.202642 3.55647e-05 7.02493 0.221166 -4.42876e-05 0.201051 0.91015 1.10583 0.105832 -2.2459 0.0449961 
11 5800 4 0.206199 3.55647e-05 7.02493 0.221173 -3.04958e-05 0.20103 0.910179 1.10587 0.105867 -2.24557 0.0457831 
11 5900 4 0.209755 3.55647e-05 7.02493 0.221156 -4.02327e-05 0.201014 0.910107 1.10578 0.10578 -2.2464 0.0465696 
11 6000 4 0.213312 3.55647e-05 7.02493 0.221108 -3.36986e-05 0.201002 0.909909 1.10554 0.105539 -2.24868 0.047356 
11 6100 4 0.216868 3.55647e-05 7.02493 0.221035 -5.21396e-05 0.200991 0.909608 1.10517 0.105173 -2.25215 0.0481425 
11 6200 4 0.220424 3.55647e-05 7.02493 0.220992 -5.5856e-05 0.200969 0.909432 1.10496 0.10496 -2.25418 0.0489282 
11 6300 4 0.223981 3.55647e-05 7.02493 0.220987 -4.2923e-05 0.200951 0.909413 1.10494 0.104936 -2.2544 0.0497142 
11 6400 4 0.227537 3.55647e-05 7.02493 0.220957 -1.38775e-05 0.200933 0.909287 1.10478 0.104784 -2.25586 0.0505001 
11 6500 4 0.231094 3.55647e-05 7.02493 0.220966 -5.91285e-06 0.200914 0.909327 1.10483 0.104832 -2.2554 0.051286 
11 6600 4 0.23465 3.55647e-05 7.02493 0.220989 2.57628e-06 0.200897 0.909419 1.10494 0.104945 -2.25432 0.0520722 
11 6700 4 0.238207 3.55647e-05 7.02493 0.220959 -1.16201e-06 0.200886 0.909295 1.10479 0.104794 -2.25576 0.0528575 
11 6800 5 0.241743 3.55647e-05 7.02493 0.220911 -1.3706e-05 0.200878 0.909099 1.10455 0.104555 -2.25804 0.0536439 
11 6900 5 0.245299 3.55647e-05 7.02493 0.220866 -3.78328e-06 0.200873 0.908914 1.10433 0.10433 -2.26019 0.0544292 
11 7000 5 0.248856 3.55647e-05 7.02493 0.22085 -1.69492e-05 0.200864 0.908847 1.10425 0.104249 -2.26097 0.0552148 
11 7100 5 0.252412 3.55647e-05 7.02493 0.220829 -5.40832e-06 0.200852 0.908762 1.10415 0.104146 -2.26196 0.056 
11 7200 5 0.255969 3.55647e-05 7.02493 0.220776 2.40845e-05 0.200845 0.908544 1.10388 0.103881 -2.26451 0.0567853 
11 7300 5 0.259525 3.55647e-05 7.02493 0.220666 2.92372e-05 0.200844 0.90809 1.10333 0.103329 -2.26984 0.0575702 
11 7400 5 0.263082 3.55647e-05 7.02493 0.220608 5.53493e-05 0.200844 0.907854 1.10304 0.103042 -2.27262 0.0583552 
11 7500 5 0.266638 3.55647e-05 7.02493 0.220591 4.43751e-05 0.200832 0.907782 1.10295 0.102955 -2.27347 0.0591397 
11 7600 5 0.270194 3.55647e-05 7.02493 0.220575 2.54079e-05 0.200824 0.907715 1.10287 0.102874 -2.27425 0.0599243 
11 7700 5 0.273751 3.55647e-05 7.02493 0.220524 5.18371e-06 0.200816 0.907507 1.10262 0.102622 -2.27671 0.0607088 
11 7800 5 0.277307 3.55647e-05 7.02493 0.220493 1.14622e-05 0.200811 0.907379 1.10247 0.102465 -2.27823 0.0614932 
11 7900 5 0.280864 3.55647e-05 7.02493 0.220481 5.91804e-06 0.200803 0.907331 1.10241 0.102407 -2.2788 0.0622774 
11 8000 5 0.28442 3.55647e-05 7.02493 0.220487 -3.4388e-05 0.200794 0.907354 1.10243 0.102435 -2.27853 0.0630617 
11 8100 5 0.287977 3.55647e-05 7.02493 0.220546 -5.47777e-05 0.200782 0.907597 1.10273 0.10273 -2.27565 0.063846 
11 8200 5 0.291533 3.55647e-05 7.02493 0.220562 -5.12146e-05 0.20077 0.907664 1.10281 0.102812 -2.27486 0.0646308 
11 8300 5 0.29509 3.55647e-05 7.02493 0.220534 -4.10435e-05 0.200764 0.907548 1.10267 0.102671 -2.27623 0.0654158 
11 8400 5 0.298646 3.55647e-05 7.02493 0.220483 -3.98584e-05 0.200756 0.907339 1.10242 0.102417 -2.2787 0.0661994 
11 8500 5 0.302203 3.55647e-05 7.02493 0.220478 -4.4671e-05 0.200751 0.907319 1.10239 0.102392 -2.27894 0.0669834 
11 8600 5 0.305759 3.55647e-05 7.02493 0.220516 -3.4621e-05 0.200746 0.907474 1.10258 0.102581 -2.2771 0.0677667 
11 8700 5 0.309316 3.55647e-05 7.02493 0.220477 -3.03347e-05 0.200739 0.907314 1.10239 0.102387 -2.279 0.0685515 
11 8800 5 0.312872 3.55647e-05 7.02493 0.220449 -2.47201e-05 0.200735 0.907197 1.10224 0.102245 -2.28039 0.0693354 
11 8900 5 0.316429 3.55647e-05 7.02493 0.220432 -1.24168e-05 0.200738 0.907126 1.10216 0.102158 -2.28123 0.0701197 
11 9000 5 0.319985 3.55647e-05 7.02493 0.220347 -9.59774e-07 0.200738 0.906777 1.10173 0.101735 -2.28539 0.0709035 
11 9100 6 0.323521 3.55647e-05 7.02493 0.220278 -2.11898e-05 0.200738 0.906493 1.10139 0.101389 -2.28879 0.0716874 
11 9200 6 0.327077 3.55647e-05 7.02493 0.220214 -3.05386e-05 0.200739 0.90623 1.10107 0.101069 -2.29195 0.0724703 
11 9300 6 0.330634 3.55647e-05 7.02493 0.220191 -3.6184e-05 0.200735 0.906136 1.10095 0.100955 -2.29308 0.0732533 
11 9400 6 0.33419 3.55647e-05 7.02493 0.220128 -1.85397e-05 0.20073 0.905877 1.10064 0.100641 -2.2962 0.0740366 
11 9500 6 0.337747 3.55647e-05 7.02493 0.220137 -3.46526e-05 0.200725 0.905913 1.10068 0.100685 -2.29576 0.0748195 
11 9600 6 0.341303 3.55647e-05 7.02493 0.220137 -4.00565e-05 0.200723 0.905914 1.10069 0.100686 -2.29575 0.0756027 
11 9700 6 0.34486 3.55647e-05 7.02493 0.22009 -4.71676e-05 0.200722 0.90572 1.10045 0.10045 -2.29809 0.0763858 
11 9800 6 0.348416 3.55647e-05 7.02493 0.220053 -2.94032e-05 0.200714 0.905569 1.10027 0.100266 -2.29993 0.0771681 
11 9900 6 0.351973 3.55647e-05 7.02493 0.220032 -1.65359e-05 0.200711 0.90548 1.10016 0.100158 -2.30101 0.0779516 
11 10000 6 0.355529 3.55647e-05 7.02493 0.220008 -1.26439e-05 0.200709 0.905382 1.10004 0.100039 -2.30219 0.0787338 
11 10100 6 0.359086 3.55647e-05 7.02493 0.219958 -4.09744e-05 0.200702 0.905177 1.09979 0.0997904 -2.30468 0.0795161 
11 10200 6 0.362642 3.55647e-05 7.02493 0.219951 -6.56428e-05 0.200697 0.905146 1.09975 0.0997526 -2.30506 0.0802981 
11 10300 6 0.366199 3.55647e-05 7.02493 0.219985 -7.34647e-05 0.200692 0.90529 1.09993 0.0999275 -2.30331 0.0810806 
11 10400 6 0.369755 3.55647e-05 7.02493 0.220049 -6.04082e-05 0.200684 0.905552 1.10025 0.100245 -2.30013 0.0818634 
11 10500 6 0.373312 3.55647e-05 7.02493 0.22008 -3.00477e-05 0.200682 0.905678 1.1004 0.100399 -2.29861 0.0826461 
11 10600 6 0.376868 3.55647e-05 7.02493 0.220084 8.84057e-06 0.20068 0.905695 1.10042 0.100419 -2.2984 0.0834287 
11 10700 6 0.380424 3.55647e-05 7.02493 0.220041 2.38469e-05 0.200678 0.905518 1.1002 0.100205 -2.30054 0.0842105 
11 10800 6 0.383981 3.55647e-05 7.02493 0.219998 3.80637e-05 0.200682 0.905343 1.09999 0.0999914 -2.30267 0.0849933 
11 10900 6 0.387537 3.55647e-05 7.02493 0.219943 5.01902e-05 0.200688 0.905117 1.09972 0.0997171 -2.30542 0.0857764 
11 11000 6 0.391094 3.55647e-05 7.02493 0.219876 3.02835e-05 0.200689 0.904839 1.09938 0.0993797 -2.30881 0.086559 
11 11100 6 0.39465 3.55647e-05 7.02493 0.219881 1.16773e-05 0.200687 0.90486 1.09941 0.0994052 -2.30855 0.0873407 
11 11200 6 0.398207 3.55647e-05 7.02493 0.21985 1.74364e-05 0.200681 0.904734 1.09925 0.0992516 -2.3101 0.0881223 
11 11300 7 0.401743 3.55647e-05 7.02493 0.219766 1.4505e-05 0.200684 0.904387 1.09883 0.0988299 -2.31435 0.0889055 
11 11400 7 0.405299 3.55647e-05 7.02493 0.219731 1.18597e-05 0.20068 0.904242 1.09865 0.0986538 -2.31614 0.0896852 
11 11500 7 0.408856 3.55647e-05 7.02493 0.219747 2.25458e-05 0.200679 0.90431 1.09874 0.0987373 -2.31529 0.0904669 
11 11600 7 0.412412 3.55647e-05 7.02493 0.219722 2.28992e-05 0.200681 0.904207 1.09861 0.0986111 -2.31657 0.0912489 
11 11700 7 0.415969 3.55647e-05 7.02493 0.219739 1.11633e-05 0.200675 0.904277 1.0987 0.0986961 -2.31571 0.0920308 
11 11800 7 0.419525 3.55647e-05 7.02493 0.219703 1.93485e-05 0.200671 0.904128 1.09852 0.098515 -2.31755 0.0928121 
11 11900 7 0.423082 3.55647e-05 7.02493 0.219686 2.38254e-05 0.200668 0.904057 1.09843 0.0984298 -2.31841 0.0935938 
11 12000 7 0.426638 3.55647e-05 7.02493 0.219652 9.54184e-06 0.200662 0.903917 1.09826 0.0982591 -2.32015 0.0943745 
11 12100 7 0.430194 3.55647e-05 7.02493 0.219621 6.5036e-06 0.200658 0.903789 1.0981 0.0981041 -2.32173 0.0951553 
11 12200 7 0.433751 3.55647e-05 7.02493 0.219646 6.06157e-06 0.200656 0.903892 1.09823 0.0982288 -2.32046 0.0959372 
11 12300 7 0.437307 3.55647e-05 7.02493 0.219687 3.26325e-05 0.200651 0.904062 1.09844 0.0984351 -2.31836 0.0967185 
11 12400 7 0.440864 3.55647e-05 7.02493 0.2197 4.25264e-05 0.200648 0.904114 1.0985 0.0984987 -2.31771 0.0974998 
11 12500 7 0.44442 3.55647e-05 7.02493 0.219643 1.41805e-05 0.20065 0.903882 1.09822 0.0982166 -2.32058 0.0982809 
11 12600 7 0.447977 3.55647e-05 7.02493 0.219585 1.7206e-05 0.200651 0.903642 1.09792 0.0979246 -2.32356 0.0990627 
11 12700 7 0.451533 3.55647e-05 7.02493 0.219535 2.28856e-06 0.200655 0.903436 1.09768 0.0976752 -2.32611 0.099843 
11 12800 7 0.45509 3.55647e-05 7.02493 0.21945 -5.76698e-06 0.200661 0.903086 1.09725 0.0972495 -2.33048 0.100624 
11 12900 7 0.458646 3.55647e-05 7.02493 0.21942 -1.30123e-05 0.200662 0.902962 1.0971 0.0970985 -2.33203 0.101404 
11 13000 7 0.462203 3.55647e-05 7.02493 0.219428 -3.05715e-05 0.200658 0.902996 1.09714 0.0971399 -2.3316 0.102185 
11 13100 7 0.465759 3.55647e-05 7.02493 0.219436 -3.55648e-05 0.200653 0.903027 1.09718 0.0971783 -2.33121 0.102965 
11 13200 7 0.469316 3.55647e-05 7.02493 0.219403 -4.41201e-05 0.200652 0.902894 1.09702 0.0970162 -2.33288 0.103745 
11 13300 7 0.472872 3.55647e-05 7.02493 0.21935 -3.51523e-05 0.200654 0.902675 1.09675 0.0967496 -2.33563 0.104525 
11 13400 7 0.476429 3.55647e-05 7.02493 0.219334 -3.15812e-05 0.200654 0.902608 1.09667 0.0966688 -2.33646 0.105306 
11 13500 7 0.479985 3.55647e-05 7.02493 0.219297 -3.69652e-05 0.200658 0.902457 1.09649 0.0964853 -2.33836 0.106085 
11 13600 8 0.483521 3.55647e-05 7.02493 0.219293 -4.51531e-05 0.20065 0.902441 1.09647 0.0964662 -2.33856 0.106866 
11 13700 8 0.487077 3.55647e-05 7.02493 0.2193 -1.29853e-05 0.200645 0.902468 1.0965 0.0964985 -2.33823 0.107646 
11 13800 8 0.490634 3.55647e-05 7.02493 0.219297 4.54484e-06 0.200641 0.902456 1.09648 0.0964837 -2.33838 0.108426 
11 13900 8 0.49419 3.55647e-05 7.02493 0.21929 1.49936e-05 0.200638 0.902428 1.09645 0.0964497 -2.33873 0.109206 
11 14000 8 0.497747 3.55647e-05 7.02493 0.219277 1.92567e-05 0.200636 0.902376 1.09639 0.0963869 -2.33939 0.109986 
11 14100 8 0.501303 3.55647e-05 7.02493 0.21932 3.50565e-05 0.20063 0.902549 1.0966 0.0965976 -2.3372 0.110766 
11 14200 8 0.50486 3.55647e-05 7.02493 0.219355 5.01434e-05 0.200624 0.902695 1.09677 0.0967739 -2.33538 0.111547 
11 14300 8 0.508416 3.55647e-05 7.02493 0.219356 4.41358e-05 0.20062 0.902699 1.09678 0.0967797 -2.33532 0.112326 
11 14400 8 0.511973 3.55647e-05 7.02493 0.219356 4.26377e-05 0.200622 0.902701 1.09678 0.096782 -2.33529 0.113106 
11 14500 8 0.515529 3.55647e-05 7.02493 0.219333 3.60865e-05 0.200625 0.902607 1.09667 0.0966674 -2.33648 0.113887 
11 14600 8 0.519086 3.55647e-05 7.02493 0.219227 4.73243e-05 0.200631 0.90217 1.09614 0.0961362 -2.34199 0.114666 
11 14700 8 0.522642 3.55647e-05 7.02493 0.219143 5.36509e-05 0.200642 0.901823 1.09572 0.0957152 -2.34638 0.115447 
11 14800 8 0.526199 3.55647e-05 7.02493 0.219089 4.86319e-05 0.200644 0.901599 1.09544 0.095443 -2.34923 0.116226 
11 14900 8 0.529755 3.55647e-05 7.02493 0.219088 4.90786e-05 0.200638 0.901596 1.09544 0.0954392 -2.34927 0.117005 
11 15000 8 0.533312 3.55647e-05 7.02493 0.219115 3.19349e-05 0.200633 0.901708 1.09557 0.0955749 -2.34784 0.117784 
11 15100 8 0.536868 3.55647e-05 7.02493 0.219094 3.3569e-05 0.200636 0.901623 1.09547 0.0954724 -2.34892 0.118564 
11 15200 8 0.540424 3.55647e-05 7.02493 0.219014 1.74376e-05 0.200637 0.901294 1.09507 0.0950719 -2.35312 0.119343 
11 15300 8 0.543981 3.55647e-05 7.02493 0.219041 -2.2047e-05 0.200635 0.901403 1.0952 0.0952044 -2.35173 0.120121 
11 15400 8 0.547537 3.55647e-05 7.02493 0.219045 -9.93633e-06 0.20064 0.901422 1.09523 0.0952272 -2.35149 0.1209 
11 15500 8 0.551094 3.55647e-05 7.02493 0.218999 -2.23473e-05 0.200638 0.901229 1.09499 0.094993 -2.35395 0.12168 
11 15600 8 0.55465 3.55647e-05 7.02493 0.219028 -1.81509e-05 0.200629 0.901349 1.09514 0.0951385 -2.35242 0.122458 
11 15700 8 0.558207 3.55647e-05 7.02493 0.21901 1.10413e-05 0.200627 0.901276 1.09505 0.0950497 -2.35335 0.123238 
11 15800 9 0.561743 3.55647e-05 7.02493 0.218998 1.85254e-05 0.200624 0.901227 1.09499 0.0949913 -2.35397 0.124017 
11 15900 9 0.565299 3.55647e-05 7.02493 0.218949 2.69037e-05 0.200624 0.901026 1.09475 0.094746 -2.35656 0.124795 
11 16000 9 0.568856 3.55647e-05 7.02493 0.218928 4.2812e-06 0.200624 0.900937 1.09464 0.0946379 -2.3577 0.125574 
11 16100 9 0.572412 3.55647e-05 7.02493 0.218938 -2.42949e-05 0.20062 0.900979 1.09469 0.0946898 -2.35715 0.126353 
11 16200 9 0.575969 3.55647e-05 7.02493 0.218993 -1.68286e-05 0.200612 0.901207 1.09497 0.0949669 -2.35423 0.127132 
11 16300 9 0.579525 3.55647e-05 7.02493 0.21904 1.77706e-06 0.200607 0.901401 1.0952 0.0952021 -2.35175 0.127911 
11 16400 9 0.583082 3.55647e-05 7.02493 0.219062 -3.10139e-05 0.20061 0.901489 1.09531 0.0953087 -2.35063 0.12869 
11 16500 9 0.586638 3.55647e-05 7.02493 0.219003 -4.51544e-05 0.200613 0.901249 1.09502 0.0950172 -2.3537 0.129469 
11 16600 9 0.590194 3.55647e-05 7.02493 0.218912 -4.41113e-05 0.20062 0.900872 1.09456 0.0945596 -2.35852 0.130248 
11 16700 9 0.593751 3.55647e-05 7.02493 0.218812 -5.40004e-05 0.200626 0.900462 1.09406 0.0940608 -2.36381 0.131026 
11 16800 9 0.597307 3.55647e-05 7.02493 0.218764 -8.35136e-05 0.200628 0.900264 1.09382 0.0938212 -2.36636 0.131804 
11 16900 9 0.600864 3.55647e-05 7.02493 0.218737 -7.14045e-05 0.200628 0.900151 1.09368 0.0936837 -2.36783 0.132583 
11 17000 9 0.60442 3.55647e-05 7.02493 0.218749 -8.77123e-05 0.200625 0.900202 1.09375 0.093746 -2.36717 0.133361 
11 17100 9 0.607977 3.55647e-05 7.02493 0.218712 -0.000110909 0.200626 0.90005 1.09356 0.0935609 -2.36914 0.134138 
11 17200 9 0.611533 3.55647e-05 7.02493 0.218667 -0.000119418 0.200626 0.899863 1.09333 0.0933341 -2.37157 0.134916 
11 17300 9 0.61509 3.55647e-05 7.02493 0.218694 -8.98614e-05 0.200624 0.899975 1.09347 0.0934695 -2.37012 0.135694 
11 17400 9 0.618646 3.55647e-05 7.02493 0.218719 2.17105e-05 0.200625 0.900078 1.09359 0.0935943 -2.36879 0.136472 
11 17500 9 0.622203 3.55647e-05 7.02493 0.218759 3.43841e-05 0.200618 0.900241 1.09379 0.0937934 -2.36666 0.13725 
11 17600 9 0.625759 3.55647e-05 7.02493 0.218772 -2.195e-06 0.200613 0.900298 1.09386 0.0938616 -2.36593 0.138028 
11 17700 9 0.629316 3.55647e-05 7.02493 0.218717 -3.71898e-05 0.200616 0.900068 1.09358 0.0935831 -2.36891 0.138806 
11 17800 9 0.632872 3.55647e-05 7.02493 0.218674 -5.21309e-05 0.200616 0.899891 1.09337 0.093368 -2.37121 0.139584 
11 17900 9 0.636429 3.55647e-05 7.02493 0.218635 -5.08073e-05 0.200613 0.899734 1.09318 0.0931765 -2.37326 0.140362 
11 18000 9 0.639985 3.55647e-05 7.02493 0.218608 -5.60897e-05 0.200614 0.899621 1.09304 0.0930392 -2.37473 0.14114 
11 18100 10 0.643521 3.55647e-05 7.02493 0.218633 -6.30386e-05 0.200611 0.899723 1.09316 0.0931632 -2.3734 0.141917 
11 18200 10 0.647077 3.55647e-05 7.02493 0.218671 -8.2658e-05 0.200609 0.89988 1.09335 0.0933543 -2.37135 0.142695 
11 18300 10 0.650634 3.55647e-05 7.02493 0.218675 -9.60362e-05 0.200609 0.899899 1.09338 0.0933774 -2.37111 0.143472 
11 18400 10 0.65419 3.55647e-05 7.02493 0.218694 -9.12795e-05 0.200606 0.899976 1.09347 0.0934704 -2.37011 0.14425 
11 18500 10 0.657747 3.55647e-05 7.02493 0.218622 -8.73786e-05 0.200609 0.899681 1.09311 0.0931123 -2.37395 0.145028 
11 18600 10 0.661303 3.55647e-05 7.02493 0.218579 -8.00996e-05 0.200613 0.899503 1.0929 0.0928967 -2.37627 0.145805 
11 18700 10 0.66486 3.55647e-05 7.02493 0.218533 -6.83236e-05 0.200617 0.899314 1.09267 0.0926668 -2.37875 0.146583 
11 18800 10 0.668416 3.55647e-05 7.02493 0.218514 -6.26292e-05 0.200618 0.899236 1.09257 0.0925723 -2.37977 0.14736 
11 18900 10 0.671973 3.55647e-05 7.02493 0.21852 -4.28249e-05 0.200617 0.899258 1.0926 0.092598 -2.37949 0.148138 
11 19000 10 0.675529 3.55647e-05 7.02493 0.218498 -4.58467e-05 0.200615 0.899168 1.09249 0.0924887 -2.38067 0.148914 
11 19100 10 0.679086 3.55647e-05 7.02493 0.218455 -6.10473e-05 0.200617 0.898991 1.09227 0.0922735 -2.383 0.149692 
11 19200 10 0.682642 3.55647e-05 7.02493 0.218414 -6.42006e-05 0.200615 0.898824 1.09207 0.0920709 -2.3852 0.150469 
11 19300 10 0.686199 3.55647e-05 7.02493 0.218385 -6.74143e-05 0.20062 0.898703 1.09192 0.0919246 -2.38679 0.151245 
11 19400 10 0.689755 3.55647e-05 7.02493 0.218367 -2.87868e-05 0.200623 0.89863 1.09184 0.0918359 -2.38775 0.152022 
11 19500 10 0.693312 3.55647e-05 7.02493 0.218463 -1.00808e-05 0.200614 0.899024 1.09231 0.0923142 -2.38256 0.152799 
11 19600 10 0.696868 3.55647e-05 7.02493 0.218504 6.76404e-06 0.200609 0.899192 1.09252 0.0925182 -2.38035 0.153576 
11 19700 10 0.700424 3.55647e-05 7.02493 0.218506 6.54288e-06 0.200606 0.899203 1.09253 0.0925321 -2.3802 0.154353 
11 19800 10 0.703981 3.55647e-05 7.02493 0.218484 1.75855e-05 0.200606 0.89911 1.09242 0.0924187 -2.38143 0.155131 
11 19900 10 0.707537 3.55647e-05 7.02493 0.218429 5.17736e-05 0.200605 0.898886 1.09215 0.0921465 -2.38438 0.155907 
11 20000 10 0.711094 3.55647e-05 7.02493 0.218418 4.91662e-05 0.200604 0.898838 1.09209 0.0920885 -2.38501 0.156684 
11 20100 10 0.71465 3.55647e-05 7.02493 0.21845 3.37388e-05 0.200599 0.898971 1.09225 0.0922494 -2.38326 0.157461 
11 20200 10 0.718207 3.55647e-05 7.02493 0.218502 3.40355e-05 0.200599 0.899185 1.09251 0.0925094 -2.38044 0.158239 
11 20300 11 0.721743 3.55647e-05 7.02493 0.218513 3.48223e-05 0.200595 0.89923 1.09256 0.0925647 -2.37985 0.159016 
11 20400 11 0.725299 3.55647e-05 7.02493 0.218497 -1.13891e-05 0.200596 0.899165 1.09249 0.0924852 -2.38071 0.159793 
11 20500 11 0.728856 3.55647e-05 7.02493 0.218438 -4.13447e-05 0.2006 0.898923 1.09219 0.0921912 -2.38389 0.16057 
11 20600 11 0.732412 3.55647e-05 7.02493 0.218341 -5.75824e-05 0.200608 0.898522 1.0917 0.0917048 -2.38918 0.161347 
11 20700 11 0.735969 3.55647e-05 7.02493 0.218317 -6.51336e-05 0.20061 0.898424 1.09159 0.0915852 -2.39049 0.162123 
11 20800 11 0.739525 3.55647e-05 7.02493 0.218306 -6.37561e-05 0.200611 0.898378 1.09153 0.0915287 -2.3911 0.162899 
11 20900 11 0.743082 3.55647e-05 7.02493 0.218325 -6.90171e-05 0.200605 0.898455 1.09162 0.0916234 -2.39007 0.163676 
11 21000 11 0.746638 3.55647e-05 7.02493 0.218274 -5.08664e-05 0.200609 0.898247 1.09137 0.0913707 -2.39283 0.164453 
11 21100 11 0.750194 3.55647e-05 7.02493 0.21822 -4.95663e-05 0.20061 0.898024 1.0911 0.0910994 -2.3958 0.165228 
11 21200 11 0.753751 3.55647e-05 7.02493 0.218207 -4.62077e-05 0.200607 0.897971 1.09103 0.0910345 -2.39652 0.166005 
11 21300 11 0.757307 3.55647e-05 7.02493 0.218178 -8.0939e-05 0.200613 0.89785 1.09089 0.0908883 -2.39812 0.166781 
11 21400 11 0.760864 3.55647e-05 7.02493 0.218109 -9.07188e-05 0.200617 0.897568 1.09054 0.0905446 -2.40191 0.167557 
11 21500 11 0.76442 3.55647e-05 7.02493 0.218111 -9.51303e-05 0.200612 0.897578 1.09056 0.0905571 -2.40177 0.168333 
11 21600 11 0.767977 3.55647e-05 7.02493 0.21816 -9.60787e-05 0.200606 0.897779 1.0908 0.0908016 -2.39908 0.169109 
11 21700 11 0.771533 3.55647e-05 7.02493 0.218216 -9.51925e-05 0.200601 0.898008 1.09108 0.0910791 -2.39603 0.169885 
11 21800 11 0.77509 3.55647e-05 7.02493 0.218232 -9.47605e-05 0.200596 0.898072 1.09116 0.091158 -2.39516 0.170661 
11 21900 11 0.778646 3.55647e-05 7.02493 0.218174 -5.37917e-05 0.200598 0.897834 1.09087 0.0908685 -2.39834 0.171437 
11 22000 11 0.782203 3.55647e-05 7.02493 0.218152 -2.72769e-05 0.200599 0.897747 1.09076 0.0907623 -2.39951 0.172213 
11 22100 11 0.785759 3.55647e-05 7.02493 0.218171 -1.5223e-05 0.200599 0.897821 1.09085 0.0908526 -2.39852 0.172989 
11 22200 11 0.789316 3.55647e-05 7.02493 0.218215 -2.33196e-05 0.200594 0.898005 1.09108 0.091076 -2.39606 0.173765 
11 22300 11 0.792872 3.55647e-05 7.02493 0.218224 1.13396e-05 0.20059 0.898039 1.09112 0.0911179 -2.3956 0.174542 
11 22400 11 0.796429 3.55647e-05 7.02493 0.218207 5.36472e-05 0.200592 0.897973 1.09104 0.0910373 -2.39649 0.175317 
11 22500 11 0.799985 3.55647e-05 7.02493 0.218158 8.90934e-05 0.200597 0.89777 1.09079 0.0907908 -2.3992 0.176093 
11 22600 12 0.803521 3.55647e-05 7.02493 0.218055 0.000139691 0.200605 0.897346 1.09028 0.0902757 -2.40489 0.176869 
11 22700 12 0.807077 3.55647e-05 7.02493 0.217994 0.000147812 0.200611 0.897095 1.08997 0.0899706 -2.40827 0.177645 
11 22800 12 0.810634 3.55647e-05 7.02493 0.218019 0.000163055 0.200608 0.897197 1.09009 0.0900939 -2.4069 0.17842 
11 22900 12 0.81419 3.55647e-05 7.02493 0.218065 0.000169998 0.200601 0.897387 1.09032 0.090325 -2.40434 0.179196 
11 23000 12 0.817747 3.55647e-05 7.02493 0.218038 0.00012979 0.200602 0.897276 1.09019 0.0901909 -2.40583 0.179971 
11 23100 12 0.821303 3.55647e-05 7.02493 0.217985 0.000101171 0.200601 0.897056 1.08992 0.0899236 -2.4088 0.180746 
11 23200 12 0.82486 3.55647e-05 7.02493 0.217977 6.5049e-05 0.200602 0.897025 1.08988 0.0898848 -2.40923 0.181522 
11 23300 12 0.828416 3.55647e-05 7.02493 0.217936 -4.83435e-05 0.200604 0.896856 1.08968 0.0896798 -2.41151 0.182298 
11 23400 12 0.831973 3.55647e-05 7.02493 0.217898 -4.59497e-06 0.200604 0.8967 1.08949 0.0894902 -2.41363 0.183072 
11 23500 12 0.835529 3.55647e-05 7.02493 0.217882 5.99271e-06 0.200604 0.896633 1.08941 0.0894088 -2.41454 0.183848 
11 23600 12 0.839086 3.55647e-05 7.02493 0.217931 -1.71304e-05 0.2006 0.896837 1.08966 0.0896569 -2.41177 0.184623 
11 23700 12 0.842642 3.55647e-05 7.02493 0.217929 -1.56502e-05 0.200599 0.896826 1.08964 0.0896431 -2.41192 0.185397 
11 23800 12 0.846199 3.55647e-05 7.02493 0.218011 -1.65809e-05 0.20059 0.897164 1.09005 0.0900541 -2.40734 0.186174 
11 23900 12 0.849755 3.55647e-05 7.02493 0.218023 -2.10813e-05 0.200587 0.897214 1.09012 0.0901154 -2.40666 0.186949 
11 24000 12 0.853312 3.55647e-05 7.02493 0.21798 -2.43992e-05 0.200591 0.897039 1.0899 0.0899019 -2.40904 0.187723 
11 24100 12 0.856868 3.55647e-05 7.02493 0.217961 -1.72868e-05 0.200592 0.896958 1.0898 0.089804 -2.41013 0.188498 
11 24200 12 0.860424 3.55647e-05 7.02493 0.217953 -7.73835e-07 0.200591 0.896926 1.08977 0.0897655 -2.41056 0.189274 
11 24300 12 0.863981 3.55647e-05 7.02493 0.217944 -1.77293e-06 0.20059 0.896888 1.08972 0.089719 -2.41107 0.19005 
11 24400 12 0.867537 3.55647e-05 7.02493 0.217967 1.37508e-06 0.200588 0.896983 1.08983 0.0898341 -2.40979 0.190824 
11 24500 12 0.871094 3.55647e-05 7.02493 0.21796 1.71986e-05 0.200588 0.896955 1.0898 0.0898005 -2.41017 0.1916 
11 24600 12 0.87465 3.55647e-05 7.02493 0.217897 2.0379e-05 0.200593 0.896694 1.08948 0.0894838 -2.4137 0.192375 
11 24700 12 0.878207 3.55647e-05 7.02493 0.21781 1.17528e-05 0.200599 0.896336 1.08905 0.0890486 -2.41857 0.19315 
11 24800 13 0.881743 3.55647e-05 7.02493 0.217734 -1.53282e-05 0.200606 0.896024 1.08867 0.0886688 -2.42285 0.193925 
11 24900 13 0.885299 3.55647e-05 7.02493 0.217685 -4.49523e-05 0.200609 0.895821 1.08842 0.0884226 -2.42563 0.194699 
11 25000 13 0.888856 3.55647e-05 7.02493 0.217704 -4.76039e-05 0.200606 0.895902 1.08852 0.0885212 -2.42451 0.195472 
11 25100 13 0.892412 3.55647e-05 7.02493 0.21774 -7.8036e-05 0.2006 0.89605 1.0887 0.088701 -2.42248 0.196247 
11 25200 13 0.895969 3.55647e-05 7.02493 0.217759 -0.000112877 0.200596 0.896129 1.0888 0.0887962 -2.42141 0.197022 
11 25300 13 0.899525 3.55647e-05 7.02493 0.217758 -7.92417e-05 0.200598 0.896123 1.08879 0.0887899 -2.42148 0.197797 
11 25400 13 0.903082 3.55647e-05 7.02493 0.217713 -6.04266e-05 0.200599 0.895937 1.08856 0.0885639 -2.42403 0.198571 
11 25500 13 0.906638 3.55647e-05 7.02493 0.217691 -6.87226e-05 0.2006 0.895846 1.08845 0.0884529 -2.42529 0.199346 
11 25600 13 0.910194 3.55647e-05 7.02493 0.217723 -5.34956e-05 0.200598 0.895981 1.08862 0.0886172 -2.42343 0.20012 
11 25700 13 0.913751 3.55647e-05 7.02493 0.217726 -3.62917e-05 0.200599 0.895993 1.08863 0.0886312 -2.42327 0.200894 
11 25800 13 0.917307 3.55647e-05 7.02493 0.217741 -3.12219e-05 0.200594 0.896053 1.0887 0.088704 -2.42245 0.201669 
11 25900 13 0.920864 3.55647e-05 7.02493 0.217795 -6.94455e-05 0.200586 0.896276 1.08898 0.0889753 -2.4194 0.202443 
11 26000 13 0.92442 3.55647e-05 7.02493 0.217813 -8.93974e-05 0.200585 0.89635 1.08907 0.0890653 -2.41839 0.203218 
11 26100 13 0.927977 3.55647e-05 7.02493 0.217785 -8.53672e-05 0.20059 0.896234 1.08892 0.088924 -2.41997 0.203992 
11 26200 13 0.931533 3.55647e-05 7.02493 0.217769 -4.37339e-05 0.20059 0.896169 1.08885 0.0888451 -2.42086 0.204767 
11 26300 13 0.93509 3.55647e-05 7.02493 0.21774 -3.91804e-05 0.200589 0.89605 1.0887 0.0887004 -2.42249 0.205542 
11 26400 13 0.938646 3.55647e-05 7.02493 0.217735 -1.37891e-05 0.200589 0.896027 1.08867 0.0886732 -2.4228 0.206316 
11 26500 13 0.942203 3.55647e-05 7.02493 0.217704 1.70469e-05 0.200592 0.895902 1.08852 0.0885207 -2.42452 0.207091 
11 26600 13 0.945759 3.55647e-05 7.02493 0.217652 2.40748e-05 0.200597 0.895687 1.08826 0.0882598 -2.42747 0.207865 
11 26700 13 0.949316 3.55647e-05 7.02493 0.217594 3.78725e-05 0.200602 0.895449 1.08797 0.0879703 -2.43076 0.208638 
11 26800 13 0.952872 3.55647e-05 7.02493 0.217542 7.9229e-05 0.200605 0.895235 1.08771 0.0877105 -2.43371 0.209413 
11 26900 13 0.956429 3.55647e-05 7.02493 0.217502 9.85669e-05 0.200609 0.89507 1.08751 0.0875098 -2.436 0.210187 
11 27000 13 0.959985 3.55647e-05 7.02493 0.217482 0.000120507 0.200607 0.894987 1.08741 0.0874096 -2.43715 0.21096 
11 27100 14 0.963521 3.55647e-05 7.02493 0.217529 0.000105019 0.200601 0.895181 1.08765 0.0876453 -2.43446 0.211734 
11 27200 14 0.967077 3.55647e-05 7.02493 0.21756 7.15409e-05 0.200599 0.89531 1.0878 0.0878018 -2.43267 0.212508 
11 27300 14 0.970634 3.55647e-05 7.02493 0.217537 5.79842e-05 0.200599 0.895214 1.08768 0.0876844 -2.43401 0.213281 
11 27400 14 0.97419 3.55647e-05 7.02493 0.217549 3.81997e-05 0.200598 0.895264 1.08775 0.0877457 -2.43331 0.214055 
11 27500 14 0.977747 3.55647e-05 7.02493 0.217532 5.76485e-06 0.200598 0.895195 1.08766 0.087662 -2.43427 0.214829 
11 27600 14 0.981303 3.55647e-05 7.02493 0.217544 1.63989e-05 0.200597 0.895243 1.08772 0.0877204 -2.4336 0.215603 
11 27700 14 0.98486 3.55647e-05 7.02493 0.217551 -9.50203e-07 0.200596 0.895271 1.08775 0.0877547 -2.43321 0.216377 
11 27800 14 0.988416 3.55647e-05 7.02493 0.217564 9.90799e-06 0.200593 0.895326 1.08782 0.0878211 -2.43245 0.217151 
11 27900 14 0.991973 3.55647e-05 7.02493 0.21761 9.36299e-06 0.20059 0.895515 1.08805 0.0880502 -2.42985 0.217924 
11 28000 14 0.995529 3.55647e-05 7.02493 0.217606 -1.6587e-05 0.200588 0.895496 1.08803 0.0880278 -2.4301 0.218698 
11 28100 14 0.999086 3.55647e-05 7.02493 0.217575 -4.38492e-06 0.200589 0.895372 1.08788 0.0878766 -2.43182 0.219472 
11 28200 14 1.00264 3.55647e-05 7.02493 0.217542 1.36325e-05 0.200591 0.895236 1.08771 0.0877116 -2.4337 0.220246 
11 28300 14 1.0062 3.55647e-05 7.02493 0.217563 9.89452e-06 0.200589 0.89532 1.08781 0.0878133 -2.43254 0.221019 
11 28400 14 1.00976 3.55647e-05 7.02493 0.217545 -4.17762e-06 0.200588 0.895248 1.08773 0.0877259 -2.43354 0.221793 
11 28500 14 1.01331 3.55647e-05 7.02493 0.217518 4.20686e-06 0.200593 0.895137 1.08759 0.087592 -2.43507 0.222567 
11 28600 14 1.01687 3.55647e-05 7.02493 0.217502 4.12011e-06 0.200594 0.89507 1.08751 0.0875105 -2.436 0.22334 
11 28700 14 1.02042 3.55647e-05 7.02493 0.217488 3.80157e-06 0.200596 0.895012 1.08744 0.0874401 -2.4368 0.224114 
11 28800 14 1.02398 3.55647e-05 7.02493 0.217412 2.6305e-06 0.200602 0.894701 1.08706 0.0870615 -2.44114 0.224888 
11 28900 14 1.02754 3.55647e-05 7.02493 0.217386 1.35111e-05 0.200601 0.894591 1.08693 0.0869283 -2.44267 0.225661 
11 29000 14 1.03109 3.55647e-05 7.02493 0.217356 1.92562e-05 0.200603 0.894469 1.08678 0.0867799 -2.44438 0.226434 
11 29100 14 1.03465 3.55647e-05 7.02493 0.217337 -2.2267e-06 0.200603 0.89439 1.08668 0.0866834 -2.44549 0.227207 
11 29200 14 1.03821 3.55647e-05 7.02493 0.217391 -3.3788e-05 0.200597 0.894612 1.08695 0.086954 -2.44238 0.22798 
11 29300 15 1.04174 3.55647e-05 7.02493 0.217369 -5.96971e-05 0.200599 0.894523 1.08685 0.0868456 -2.44362 0.228753 
11 29400 15 1.0453 3.55647e-05 7.02493 0.21733 -6.03946e-05 0.2006 0.894362 1.08665 0.0866496 -2.44588 0.229527 
11 29500 15 1.04886 3.55647e-05 7.02493 0.217344 -5.88374e-05 0.200595 0.894421 1.08672 0.086722 -2.44505 0.2303 
11 29600 15 1.05241 3.55647e-05 7.02493 0.217339 -3.50819e-05 0.200594 0.894398 1.08669 0.0866941 -2.44537 0.231072 
11 29700 15 1.05597 3.55647e-05 7.02493 0.217382 -1.99095e-05 0.20059 0.894575 1.08691 0.086909 -2.44289 0.231846 
11 29800 15 1.05953 3.55647e-05 7.02493 0.217426 7.57351e-06 0.200587 0.894757 1.08713 0.0871299 -2.44035 0.232619 
11 29900 15 1.06308 3.55647e-05 7.02493 0.21742 2.69233e-05 0.200589 0.894731 1.0871 0.0870984 -2.44072 0.233392 
11 30000 15 1.06664 3.55647e-05 7.02493 0.217427 4.45203e-05 0.200587 0.89476 1.08713 0.0871329 -2.44032 0.234166 
11 30100 15 1.07019 3.55647e-05 7.02493 0.217411 5.51951e-05 0.200584 0.894696 1.08706 0.0870554 -2.44121 0.234939 
11 30200 15 1.07375 3.55647e-05 7.02493 0.217407 7.49257e-05 0.200585 0.894681 1.08704 0.0870371 -2.44142 0.235712 
11 30300 15 1.07731 3.55647e-05 7.02493 0.217408 5.6482e-05 0.200587 0.894685 1.08704 0.087042 -2.44136 0.236485 
11 30400 15 1.08086 3.55647e-05 7.02493 0.217359 3.6456e-05 0.200591 0.894482 1.0868 0.0867954 -2.4442 0.237258 
11 30500 15 1.08442 3.55647e-05 7.02493 0.217329 2.13154e-05 0.200592 0.89436 1.08665 0.0866472 -2.44591 0.238032 
11 30600 15 1.08798 3.55647e-05 7.02493 0.21731 1.93114e-05 0.200593 0.89428 1.08655 0.0865501 -2.44703 0.238805 
11 30700 15 1.09153 3.55647e-05 7.02493 0.217281 1.4151e-05 0.200594 0.89416 1.0864 0.0864042 -2.44872 0.239577 
11 30800 15 1.09509 3.55647e-05 7.02493 0.217206 2.02899e-05 0.200599 0.893851 1.08603 0.0860292 -2.45307 0.240349 
11 30900 15 1.09865 3.55647e-05 7.02493 0.21718 2.82967e-05 0.200601 0.893745 1.0859 0.0859002 -2.45457 0.241122 
11 31000 15 1.1022 3.55647e-05 7.02493 0.21716 3.74125e-05 0.200602 0.893664 1.0858 0.0858013 -2.45572 0.241895 
11 31100 15 1.10576 3.55647e-05 7.02493 0.217186 8.99309e-06 0.2006 0.893771 1.08593 0.0859316 -2.4542 0.242667 
11 31200 15 1.10932 3.55647e-05 7.02493 0.217167 1.87437e-05 0.2006 0.893692 1.08584 0.0858358 -2.45532 0.24344 
11 31300 15 1.11287 3.55647e-05 7.02493 0.21719 5.50423e-06 0.200594 0.893784 1.08595 0.0859478 -2.45402 0.244213 
11 31400 15 1.11643 3.55647e-05 7.02493 0.217187 9.17642e-06 0.200594 0.893772 1.08593 0.0859333 -2.45418 0.244985 
11 31500 15 1.11999 3.55647e-05 7.02493 0.217227 -1.76929e-06 0.20059 0.893938 1.08613 0.0861349 -2.45184 0.245758 
11 31600 16 1.12352 3.55647e-05 7.02493 0.21723 -4.33943e-05 0.20059 0.893951 1.08615 0.0861502 -2.45166 0.24653 
11 31700 16 1.12708 3.55647e-05 7.02493 0.217251 -8.50173e-05 0.200586 0.894038 1.08626 0.0862563 -2.45043 0.247303 
11 31800 16 1.13063 3.55647e-05 7.02493 0.217292 -5.60884e-05 0.200581 0.894204 1.08646 0.0864579 -2.4481 0.248076 
11 31900 16 1.13419 3.55647e-05 7.02493 0.217284 -1.2457e-05 0.200583 0.894173 1.08642 0.0864208 -2.44853 0.248849 
11 32000 16 1.13775 3.55647e-05 7.02493 0.217241 -2.005e-05 0.200586 0.893996 1.0862 0.0862046 -2.45103 0.249621 
11 32100 16 1.1413 3.55647e-05 7.02493 0.217213 -3.62198e-05 0.200587 0.893879 1.08606 0.0860629 -2.45268 0.250394 
11 32200 16 1.14486 3.55647e-05 7.02493 0.217209 -4.01922e-05 0.200586 0.893863 1.08604 0.086043 -2.45291 0.251166 
11 32300 16 1.14842 3.55647e-05 7.02493 0.217228 -1.61692e-05 0.200584 0.893942 1.08614 0.0861398 -2.45178 0.251939 
11 32400 16 1.15197 3.55647e-05 7.02493 0.217206 -3.9038e-06 0.200587 0.893851 1.08603 0.0860294 -2.45307 0.252712 
11 32500 16 1.15553 3.55647e-05 7.02493 0.217179 2.39365e-05 0.20059 0.893739 1.08589 0.0858928 -2.45465 0.253484 
11 32600 16 1.15909 3.55647e-05 7.02493 0.217131 4.40483e-05 0.200593 0.893543 1.08565 0.0856542 -2.45744 0.254257 
11 32700 16 1.16264 3.55647e-05 7.02493 0.217117 4.65705e-05 0.200596 0.893487 1.08559 0.0855863 -2.45823 0.255029 
11 32800 16 1.1662 3.55647e-05 7.02493 0.217098 6.44395e-05 0.200596 0.893409 1.08549 0.0854924 -2.45933 0.255801 
11 32900 16 1.16976 3.55647e-05 7.02493 0.217052 5.39245e-05 0.200598 0.893219 1.08526 0.0852613 -2.46203 0.256573 
11 33000 16 1.17331 3.55647e-05 7.02493 0.217051 5.05647e-05 0.200599 0.893215 1.08526 0.085256 -2.4621 0.257346 
11 33100 16 1.17687 3.55647e-05 7.02493 0.21704 6.15868e-05 0.200599 0.893169 1.0852 0.0852003 -2.46275 0.258117 
11 33200 16 1.18042 3.55647e-05 7.02493 0.217026 6.81294e-05 0.200598 0.89311 1.08513 0.085129 -2.46359 0.25889 
11 33300 16 1.18398 3.55647e-05 7.02493 0.216996 9.51658e-05 0.200596 0.892989 1.08498 0.0849821 -2.46531 0.259661 
11 33400 16 1.18754 3.55647e-05 7.02493 0.217053 0.000104365 0.200589 0.893224 1.08527 0.0852669 -2.46197 0.260433 
11 33500 16 1.19109 3.55647e-05 7.02493 0.21707 0.000102463 0.200591 0.893291 1.08535 0.0853489 -2.46101 0.261205 
11 33600 16 1.19465 3.55647e-05 7.02493 0.217028 0.00011127 0.200592 0.893118 1.08514 0.0851387 -2.46347 0.261977 
11 33700 16 1.19821 3.55647e-05 7.02493 0.217034 0.00012207 0.200591 0.893142 1.08517 0.0851681 -2.46313 0.26275 
11 33800 17 1.20174 3.55647e-05 7.02493 0.217092 0.000124572 0.200586 0.893384 1.08546 0.0854618 -2.45969 0.263521 
11 33900 17 1.2053 3.55647e-05 7.02493 0.217134 9.97579e-05 0.200581 0.893558 1.08567 0.0856725 -2.45722 0.264293 
11 34000 17 1.20886 3.55647e-05 7.02493 0.217141 7.78099e-05 0.200581 0.893585 1.08571 0.0857055 -2.45684 0.265066 
11 34100 17 1.21241 3.55647e-05 7.02493 0.217094 7.84246e-05 0.200585 0.893392 1.08547 0.0854711 -2.45958 0.265838 
11 34200 17 1.21597 3.55647e-05 7.02493 0.217073 7.78199e-05 0.200586 0.893305 1.08537 0.0853661 -2.46081 0.26661 
11 34300 17 1.21953 3.55647e-05 7.02493 0.217078 7.02195e-05 0.200585 0.893323 1.08539 0.0853876 -2.46055 0.267382 
11 34400 17 1.22308 3.55647e-05 7.02493 0.217093 5.38726e-05 0.200584 0.893388 1.08547 0.085466 -2.45964 0.268154 
11 34500 17 1.22664 3.55647e-05 7.02493 0.217071 3.51893e-05 0.200588 0.893298 1.08536 0.0853572 -2.46091 0.268927 
11 34600 17 1.23019 3.55647e-05 7.02493 0.217001 1.38935e-05 0.200593 0.893007 1.085 0.0850034 -2.46506 0.269699 
11 34700 17 1.23375 3.55647e-05 7.02493 0.216967 -4.59637e-06 0.200596 0.89287 1.08484 0.0848367 -2.46703 0.27047 
11 34800 17 1.23731 3.55647e-05 7.02493 0.216928 -1.71332e-05 0.200598 0.892706 1.08464 0.0846377 -2.46938 0.271242 
11 34900 17 1.24086 3.55647e-05 7.02493 0.216912 -2.22906e-05 0.200597 0.892641 1.08456 0.0845582 -2.47031 0.272013 
11 35000 17 1.24442 3.55647e-05 7.02493 0.21688 -1.63703e-05 0.200599 0.89251 1.0844 0.0844002 -2.47219 0.272785 
11 35100 17 1.24798 3.55647e-05 7.02493 0.21687 -7.73353e-06 0.200598 0.892467 1.08435 0.0843479 -2.47281 0.273556 
11 35200 17 1.25153 3.55647e-05 7.02493 0.21687 1.13769e-05 0.200597 0.892471 1.08435 0.0843524 -2.47275 0.274328 
11 35300 17 1.25509 3.55647e-05 7.02493 0.216858 2.59196e-05 0.200596 0.892418 1.08429 0.0842881 -2.47351 0.2751 
11 35400 17 1.25865 3.55647e-05 7.02493 0.216914 3.12452e-05 0.20059 0.89265 1.08457 0.0845702 -2.47017 0.27587 
11 35500 17 1.2622 3.55647e-05 7.02493 0.216939 1.37767e-05 0.200588 0.892752 1.08469 0.084694 -2.46871 0.276642 
11 35600 17 1.26576 3.55647e-05 7.02493 0.216943 5.7822e-06 0.200589 0.892771 1.08472 0.0847169 -2.46844 0.277414 
11 35700 17 1.26932 3.55647e-05 7.02493 0.216948 -8.77701e-06 0.200589 0.89279 1.08474 0.0847404 -2.46816 0.278186 
11 35800 17 1.27287 3.55647e-05 7.02493 0.216971 -3.76676e-05 0.200586 0.892887 1.08486 0.0848573 -2.46678 0.278957 
11 35900 17 1.27643 3.55647e-05 7.02493 0.21698 -4.92895e-05 0.200586 0.892922 1.0849 0.0849007 -2.46627 0.279728 
11 36000 17 1.27999 3.55647e-05 7.02493 0.216985 -7.28064e-05 0.200585 0.892944 1.08493 0.0849269 -2.46596 0.280501 
11 36100 18 1.28352 3.55647e-05 7.02493 0.216964 -6.40151e-05 0.200584 0.892855 1.08482 0.0848187 -2.46724 0.281272 
11 36200 18 1.28708 3.55647e-05 7.02493 0.216914 -2.02558e-05 0.200587 0.892648 1.08457 0.0845675 -2.47021 0.282044 
11 36300 18 1.29063 3.55647e-05 7.02493 0.216895 1.4476e-05 0.200587 0.892572 1.08448 0.084475 -2.4713 0.282815 
11 36400 18 1.29419 3.55647e-05 7.02493 0.216919 3.39731e-05 0.200585 0.892669 1.08459 0.0845932 -2.4699 0.283586 
11 36500 18 1.29775 3.55647e-05 7.02493 0.216921 3.13359e-05 0.200587 0.892679 1.0846 0.0846048 -2.46976 0.284358 
11 36600 18 1.3013 3.55647e-05 7.02493 0.21687 1.41774e-05 0.200594 0.892469 1.08435 0.0843503 -2.47278 0.28513 
11 36700 18 1.30486 3.55647e-05 7.02493 0.216833 -2.73969e-06 0.200596 0.892317 1.08417 0.0841653 -2.47497 0.285901 
11 36800 18 1.30842 3.55647e-05 7.02493 0.216844 -2.81563e-05 0.200594 0.892361 1.08422 0.084219 -2.47433 0.286671 
11 36900 18 1.31197 3.55647e-05 7.02493 0.216857 -3.76309e-05 0.200593 0.892416 1.08429 0.0842858 -2.47354 0.287444 
11 37000 18 1.31553 3.55647e-05 7.02493 0.216813 -2.9588e-05 0.200596 0.892236 1.08407 0.0840669 -2.47614 0.288215 
11 37100 18 1.31909 3.55647e-05 7.02493 0.216776 -5.38017e-06 0.200596 0.892082 1.08388 0.0838802 -2.47837 0.288986 
11 37200 18 1.32264 3.55647e-05 7.02493 0.216767 -1.97926e-05 0.200597 0.892044 1.08383 0.083834 -2.47892 0.289757 
11 37300 18 1.3262 3.55647e-05 7.02493 0.21674 -3.03867e-06 0.200598 0.891935 1.0837 0.0837006 -2.48051 0.290529 
11 37400 18 1.32976 3.55647e-05 7.02493 0.216734 -2.98621e-06 0.200594 0.891908 1.08367 0.0836683 -2.48089 0.291299 
11 37500 18 1.33331 3.55647e-05 7.02493 0.216758 3.52901e-05 0.200592 0.892006 1.08379 0.0837879 -2.47947 0.29207 
11 37600 18 1.33687 3.55647e-05 7.02493 0.216783 6.02029e-05 0.200591 0.892112 1.08392 0.0839158 -2.47794 0.292841 
11 37700 18 1.34042 3.55647e-05 7.02493 0.216783 8.4022e-05 0.200592 0.89211 1.08391 0.0839135 -2.47797 0.293613 
11 37800 18 1.34398 3.55647e-05 7.02493 0.2168 9.70745e-05 0.200589 0.892181 1.084 0.0840004 -2.47693 0.294383 
11 37900 18 1.34754 3.55647e-05 7.02493 0.216842 0.000103199 0.200586 0.892354 1.08421 0.0842105 -2.47444 0.295155 
11 38000 18 1.35109 3.55647e-05 7.02493 0.216835 0.000109356 0.200587 0.892323 1.08417 0.0841728 -2.47488 0.295926 
11 38100 18 1.35465 3.55647e-05 7.02493 0.216791 9.17293e-05 0.200589 0.892145 1.08396 0.0839558 -2.47746 0.296696 
11 38200 18 1.35821 3.55647e-05 7.02493 0.216773 5.61384e-05 0.200589 0.892071 1.08387 0.083866 -2.47854 0.297468 
11 38300 19 1.36174 3.55647e-05 7.02493 0.216752 4.69433e-05 0.200592 0.891983 1.08376 0.0837594 -2.47981 0.298239 
11 38400 19 1.3653 3.55647e-05 7.02493 0.216744 2.40274e-05 0.200589 0.891952 1.08372 0.0837218 -2.48026 0.29901 
11 38500 19 1.36886 3.55647e-05 7.02493 0.216741 4.63803e-06 0.200592 0.891939 1.08371 0.0837055 -2.48045 0.29978 
11 38600 19 1.37241 3.55647e-05 7.02493 0.216699 -8.83368e-07 0.200597 0.891765 1.08349 0.0834944 -2.48298 0.300551 
11 38700 19 1.37597 3.55647e-05 7.02493 0.216657 2.74556e-06 0.2006 0.891594 1.08329 0.0832863 -2.48547 0.301322 
11 38800 19 1.37953 3.55647e-05 7.02493 0.216647 1.91331e-05 0.200598 0.891551 1.08323 0.0832343 -2.4861 0.302093 
11 38900 19 1.38308 3.55647e-05 7.02493 0.21666 2.53841e-05 0.200596 0.891605 1.0833 0.0833003 -2.4853 0.302863 
11 39000 19 1.38664 3.55647e-05 7.02493 0.216634 1.45628e-05 0.200597 0.891496 1.08317 0.083168 -2.48689 0.303634 
11 39100 19 1.39019 3.55647e-05 7.02493 0.216625 3.00406e-05 0.200597 0.891459 1.08312 0.083123 -2.48743 0.304405 
11 39200 19 1.39375 3.55647e-05 7.02493 0.216611 4.79628e-05 0.200598 0.891403 1.08305 0.0830546 -2.48826 0.305175 
11 39300 19 1.39731 3.55647e-05 7.02493 0.216656 6.84592e-05 0.200596 0.891589 1.08328 0.0832804 -2.48554 0.305946 
11 39400 19 1.40086 3.55647e-05 7.02493 0.216642 4.83913e-05 0.200596 0.89153 1.08321 0.0832084 -2.48641 0.306717 
11 39500 19 1.40442 3.55647e-05 7.02493 0.216633 2.52182e-05 0.200594 0.891492 1.08316 0.0831629 -2.48695 0.307487 
11 39600 19 1.40798 3.55647e-05 7.02493 0.216614 1.26407e-05 0.200594 0.891416 1.08307 0.0830699 -2.48807 0.308258 
11 39700 19 1.41153 3.55647e-05 7.02493 0.216646 3.80461e-06 0.200594 0.891546 1.08323 0.0832286 -2.48616 0.309028 
11 39800 19 1.41509 3.55647e-05 7.02493 0.21663 -7.31748e-06 0.200593 0.891483 1.08315 0.083152 -2.48708 0.309798 
11 39900 19 1.41865 3.55647e-05 7.02493 0.216655 -4.35026e-06 0.200591 0.891585 1.08328 0.0832762 -2.48559 0.310569 
11 40000 19 1.4222 3.55647e-05 7.02493 0.216694 -1.63544e-06 0.200591 0.891746 1.08347 0.0834716 -2.48325 0.311339 
11 40100 19 1.42576 3.55647e-05 7.02493 0.216702 2.12138e-06 0.200591 0.891777 1.08351 0.0835094 -2.4828 0.31211 
11 40200 19 1.42932 3.55647e-05 7.02493 0.216699 -5.54269e-06 0.200589 0.891764 1.08349 0.0834932 -2.48299 0.312881 
11 40300 19 1.43287 3.55647e-05 7.02493 0.216665 -2.65001e-05 0.200591 0.891625 1.08332 0.0833243 -2.48501 0.313652 
11 40400 19 1.43643 3.55647e-05 7.02493 0.216671 -3.56347e-05 0.200589 0.89165 1.08336 0.0833551 -2.48465 0.314423 
11 40500 19 1.43999 3.55647e-05 7.02493 0.216656 -4.84201e-05 0.200591 0.89159 1.08328 0.0832818 -2.48553 0.315193 
11 40600 20 1.44352 3.55647e-05 7.02493 0.216638 -6.07902e-05 0.200595 0.891514 1.08319 0.0831892 -2.48664 0.315963 
11 40700 20 1.44708 3.55647e-05 7.02493 0.21661 -7.23666e-05 0.200598 0.891399 1.08305 0.0830499 -2.48831 0.316734 
11 40800 20 1.45063 3.55647e-05 7.02493 0.216597 -7.28955e-05 0.200597 0.891346 1.08299 0.0829851 -2.48909 0.317504 
11 40900 20 1.45419 3.55647e-05 7.02493 0.216626 -6.36819e-05 0.200594 0.891467 1.08313 0.0831319 -2.48733 0.318275 
11 41000 20 1.45775 3.55647e-05 7.02493 0.216625 -5.64324e-05 0.200594 0.89146 1.08312 0.083124 -2.48742 0.319046 
11 41100 20 1.4613 3.55647e-05 7.02493 0.216573 -7.04818e-05 0.200598 0.891247 1.08287 0.0828652 -2.49054 0.319816 
11 41200 20 1.46486 3.55647e-05 7.02493 0.21651 -7.18737e-05 0.200601 0.890986 1.08255 0.0825481 -2.49437 0.320586 
11 41300 20 1.46842 3.55647e-05 7.02493 0.216546 -5.84691e-05 0.2006 0.891134 1.08273 0.0827283 -2.49219 0.321356 
11 41400 20 1.47197 3.55647e-05 7.02493 0.216562 -3.31683e-05 0.200594 0.891201 1.08281 0.082809 -2.49122 0.322127 
11 41500 20 1.47553 3.55647e-05 7.02493 0.216523 -4.76483e-05 0.200597 0.891041 1.08261 0.0826143 -2.49357 0.322897 
11 41600 20 1.47909 3.55647e-05 7.02493 0.216525 -1.89454e-05 0.200595 0.891051 1.08263 0.0826274 -2.49341 0.323667 
11 41700 20 1.48264 3.55647e-05 7.02493 0.216526 1.12217e-05 0.200596 0.891055 1.08263 0.0826318 -2.49336 0.324437 
11 41800 20 1.4862 3.55647e-05 7.02493 0.216562 9.07294e-06 0.200593 0.891203 1.08281 0.0828112 -2.49119 0.325207 
11 41900 20 1.48976 3.55647e-05 7.02493 0.216558 1.33483e-06 0.20059 0.891186 1.08279 0.0827905 -2.49144 0.325977 
11 42000 20 1.49331 3.55647e-05 7.02493 0.216557 -9.67817e-06 0.200592 0.89118 1.08278 0.0827836 -2.49152 0.326747 
11 42100 20 1.49687 3.55647e-05 7.02493 0.216577 -4.3222e-05 0.200592 0.891263 1.08288 0.0828847 -2.4903 0.327518 
11 42200 20 1.50042 3.55647e-05 7.02493 0.216558 -7.20231e-05 0.200593 0.891184 1.08279 0.0827882 -2.49147 0.328289 
11 42300 20 1.50398 3.55647e-05 7.02493 0.216529 -7.02075e-05 0.200594 0.891066 1.08265 0.0826458 -2.49319 0.329059 
11 42400 20 1.50754 3.55647e-05 7.02493 0.216516 -3.99731e-05 0.200594 0.891012 1.08258 0.0825793 -2.494 0.329829 
11 42500 20 1.51109 3.55647e-05 7.02493 0.216483 -2.75461e-05 0.200598 0.890877 1.08242 0.0824159 -2.49598 0.330598 
11 42600 20 1.51465 3.55647e-05 7.02493 0.216462 -2.23672e-05 0.200601 0.89079 1.08231 0.0823094 -2.49727 0.331368 
11 42700 20 1.51821 3.55647e-05 7.02493 0.21646 -9.06916e-07 0.2006 0.89078 1.0823 0.0822975 -2.49741 0.332137 
11 42800 21 1.52174 3.55647e-05 7.02493 0.21645 5.39175e-06 0.2006 0.890741 1.08225 0.0822506 -2.49799 0.332909 
11 42900 21 1.5253 3.55647e-05 7.02493 0.216468 3.71085e-06 0.200598 0.890814 1.08234 0.0823388 -2.49691 0.333678 
11 43000 21 1.52886 3.55647e-05 7.02493 0.216468 7.04007e-06 0.200598 0.890816 1.08234 0.0823417 -2.49688 0.334448 
11 43100 21 1.53241 3.55647e-05 7.02493 0.216425 7.81479e-06 0.2006 0.890637 1.08212 0.0821237 -2.49953 0.335218 
11 43200 21 1.53597 3.55647e-05 7.02493 0.216412 2.67798e-05 0.2006 0.890584 1.08206 0.0820593 -2.50031 0.335988 
11 43300 21 1.53953 3.55647e-05 7.02493 0.216447 2.06895e-05 0.200596 0.890727 1.08223 0.0822329 -2.4982 0.336759 
11 43400 21 1.54308 3.55647e-05 7.02493 0.216484 3.19732e-05 0.200594 0.890882 1.08242 0.0824216 -2.49591 0.337529 
11 43500 21 1.54664 3.55647e-05 7.02493 0.216473 4.16194e-05 0.200592 0.890835 1.08236 0.082364 -2.49661 0.338298 
11 43600 21 1.55019 3.55647e-05 7.02493 0.216432 5.9743e-05 0.200594 0.890668 1.08216 0.0821611 -2.49907 0.339068 
11 43700 21 1.55375 3.55647e-05 7.02493 0.21643 8.78095e-05 0.200593 0.89066 1.08215 0.0821525 -2.49918 0.339838 
11 43800 21 1.55731 3.55647e-05 7.02493 0.216446 9.90091e-05 0.200595 0.890725 1.08223 0.082231 -2.49822 0.340608 
11 43900 21 1.56086 3.55647e-05 7.02493 0.216475 7.73356e-05 0.200593 0.890843 1.08237 0.0823742 -2.49648 0.341377 
11 44000 21 1.56442 3.55647e-05 7.02493 0.216483 5.72221e-05 0.200594 0.890877 1.08242 0.0824156 -2.49598 0.342147 
11 44100 21 1.56798 3.55647e-05 7.02493 0.21648 3.02724e-05 0.200593 0.890864 1.0824 0.0823996 -2.49618 0.342918 
11 44200 21 1.57153 3.55647e-05 7.02493 0.216443 3.01898e-05 0.200597 0.890711 1.08221 0.0822133 -2.49844 0.343688 
11 44300 21 1.57509 3.55647e-05 7.02493 0.216432 6.22091e-06 0.200599 0.890669 1.08216 0.0821624 -2.49906 0.344457 
11 44400 21 1.57865 3.55647e-05 7.02493 0.216443 -1.99857e-05 0.200595 0.89071 1.08221 0.082213 -2.49844 0.345228 
11 44500 21 1.5822 3.55647e-05 7.02493 0.216391 -2.28584e-05 0.200601 0.890498 1.08195 0.0819548 -2.50159 0.345997 
11 44600 21 1.58576 3.55647e-05 7.02493 0.216361 -2.37485e-05 0.200603 0.890374 1.0818 0.0818039 -2.50343 0.346766 
11 44700 21 1.58932 3.55647e-05 7.02493 0.216391 -2.40941e-05 0.200602 0.8905 1.08196 0.0819572 -2.50156 0.347535 
11 44800 21 1.59287 3.55647e-05 7.02493 0.216404 -2.09219e-05 0.200598 0.890552 1.08202 0.0820211 -2.50078 0.348305 
11 44900 21 1.59643 3.55647e-05 7.02493 0.216426 -1.72411e-05 0.200596 0.890643 1.08213 0.0821308 -2.49944 0.349075 
11 45000 21 1.59999 3.55647e-05 7.02493 0.216428 -1.96461e-05 0.200595 0.890651 1.08214 0.0821412 -2.49931 0.349845 
11 45100 22 1.60352 3.55647e-05 7.02493 0.21639 -2.91229e-05 0.200597 0.890494 1.08195 0.0819502 -2.50164 0.350615 
11 45200 22 1.60708 3.55647e-05 7.02493 0.216369 -2.29493e-05 0.200601 0.890406 1.08184 0.0818432 -2.50295 0.351384 
11 45300 22 1.61063 3.55647e-05 7.02493 0.216359 -3.53742e-06 0.2006 0.890367 1.0818 0.0817962 -2.50352 0.352155 
11 45400 22 1.61419 3.55647e-05 7.02493 0.216357 7.26348e-06 0.2006 0.890359 1.08179 0.081786 -2.50365 0.352924 
11 45500 22 1.61775 3.55647e-05 7.02493 0.216373 1.35486e-05 0.200595 0.890425 1.08187 0.0818662 -2.50267 0.353694 
11 45600 22 1.6213 3.55647e-05 7.02493 0.216385 5.57782e-06 0.200593 0.890473 1.08192 0.0819246 -2.50196 0.354463 
11 45700 22 1.62486 3.55647e-05 7.02493 0.216363 1.19683e-05 0.200595 0.890382 1.08181 0.0818146 -2.5033 0.355233 
11 45800 22 1.62842 3.55647e-05 7.02493 0.216387 1.92907e-05 0.200594 0.890483 1.08194 0.0819371 -2.5018 0.356002 
11 45900 22 1.63197 3.55647e-05 7.02493 0.216417 1.32737e-05 0.200592 0.890606 1.08209 0.0820868 -2.49998 0.356772 
11 46000 22 1.63553 3.55647e-05 7.02493 0.216403 2.52531e-05 0.200592 0.890548 1.08202 0.0820156 -2.50085 0.357541 
11 46100 22 1.63909 3.55647e-05 7.02493 0.216355 5.03173e-05 0.200599 0.890351 1.08178 0.0817765 -2.50377 0.358311 
11 46200 22 1.64264 3.55647e-05 7.02493 0.216357 8.1791e-05 0.2006 0.890359 1.08179 0.0817862 -2.50365 0.359081 
11 46300 22 1.6462 3.55647e-05 7.02493 0.216338 9.86342e-05 0.200602 0.890278 1.08169 0.0816881 -2.50485 0.35985 
11 46400 22 1.64976 3.55647e-05 7.02493 0.216344 0.000107302 0.200601 0.890303 1.08172 0.0817176 -2.50449 0.36062 
11 46500 22 1.65331 3.55647e-05 7.02493 0.216308 0.000105452 0.200602 0.890155 1.08154 0.0815385 -2.50668 0.361389 
11 46600 22 1.65687 3.55647e-05 7.02493 0.216232 9.19543e-05 0.200607 0.889844 1.08116 0.0811608 -2.51132 0.362158 
11 46700 22 1.66042 3.55647e-05 7.02493 0.216239 7.49186e-05 0.200607 0.889871 1.08119 0.0811932 -2.51092 0.362927 
11 46800 22 1.66398 3.55647e-05 7.02493 0.216302 5.7362e-05 0.2006 0.890131 1.08151 0.0815087 -2.50705 0.363696 
11 46900 22 1.66754 3.55647e-05 7.02493 0.216345 4.33199e-05 0.200597 0.890308 1.08172 0.0817243 -2.5044 0.364466 
11 47000 22 1.67109 3.55647e-05 7.02493 0.216334 1.87391e-05 0.200596 0.890263 1.08167 0.0816697 -2.50507 0.365236 
11 47100 22 1.67465 3.55647e-05 7.02493 0.216298 -6.69578e-06 0.200599 0.890116 1.08149 0.0814906 -2.50727 0.366005 
11 47200 22 1.67821 3.55647e-05 7.02493 0.216272 -2.36868e-05 0.200601 0.890007 1.08136 0.0813583 -2.50889 0.366774 
11 47300 23 1.68174 3.55647e-05 7.02493 0.21627 -3.11478e-05 0.200598 0.890002 1.08135 0.0813524 -2.50897 0.367543 
11 47400 23 1.6853 3.55647e-05 7.02493 0.216282 -2.75893e-05 0.200598 0.89005 1.08141 0.0814108 -2.50825 0.368313 
11 47500 23 1.68886 3.55647e-05 7.02493 0.216312 3.46954e-06 0.200596 0.890174 1.08156 0.0815616 -2.5064 0.369082 
11 47600 23 1.69241 3.55647e-05 7.02493 0.216337 1.25723e-05 0.200591 0.890277 1.08169 0.0816868 -2.50486 0.369851 
11 47700 23 1.69597 3.55647e-05 7.02493 0.216302 6.55566e-06 0.200596 0.890133 1.08151 0.0815112 -2.50701 0.370621 
11 47800 23 1.69953 3.55647e-05 7.02493 0.216249 1.88407e-05 0.2006 0.889915 1.08125 0.0812471 -2.51026 0.371391 
11 47900 23 1.70308 3.55647e-05 7.02493 0.216271 2.55631e-05 0.200598 0.890002 1.08135 0.0813528 -2.50896 0.372159 
11 48000 23 1.70664 3.55647e-05 7.02493 0.216283 1.17298e-05 0.200595 0.890055 1.08142 0.0814169 -2.50817 0.372929 
11 48100 23 1.71019 3.55647e-05 7.02493 0.216238 2.36074e-05 0.200599 0.88987 1.08119 0.0811919 -2.51094 0.373698 
11 48200 23 1.71375 3.55647e-05 7.02493 0.216208 -1.61236e-06 0.200604 0.889745 1.08104 0.0810403 -2.51281 0.374467 
11 48300 23 1.71731 3.55647e-05 7.02493 0.216212 -1.85647e-06 0.200602 0.889763 1.08106 0.0810616 -2.51255 0.375236 
11 48400 23 1.72086 3.55647e-05 7.02493 0.216247 -3.07326e-05 0.2006 0.889906 1.08124 0.0812363 -2.51039 0.376006 
11 48500 23 1.72442 3.55647e-05 7.02493 0.216249 -3.64011e-05 0.200599 0.889915 1.08125 0.0812473 -2.51026 0.376775 
11 48600 23 1.72798 3.55647e-05 7.02493 0.21615 -3.40402e-05 0.200609 0.889507 1.08075 0.0807515 -2.51638 0.377543 
11 48700 23 1.73153 3.55647e-05 7.02493 0.216138 -3.99714e-05 0.200607 0.889456 1.08069 0.0806892 -2.51715 0.378312 
11 48800 23 1.73509 3.55647e-05 7.02493 0.216205 -4.87918e-05 0.2006 0.889731 1.08102 0.0810234 -2.51302 0.37908 
11 48900 23 1.73865 3.55647e-05 7.02493 0.216267 -4.81176e-05 0.200595 0.889987 1.08133 0.0813339 -2.50919 0.37985 
11 49000 23 1.7422 3.55647e-05 7.02493 0.216249 -6.21506e-05 0.200597 0.889912 1.08124 0.0812429 -2.51031 0.38062 
11 49100 23 1.74576 3.55647e-05 7.02493 0.216192 -4.33842e-05 0.200601 0.88968 1.08096 0.080961 -2.51379 0.381388 
11 49200 23 1.74932 3.55647e-05 7.02493 0.216189 -3.83127e-05 0.200603 0.889666 1.08094 0.0809444 -2.51399 0.382158 
11 49300 23 1.75287 3.55647e-05 7.02493 0.216199 -3.61179e-05 0.2006 0.889707 1.08099 0.0809944 -2.51338 0.382926 
11 49400 23 1.75643 3.55647e-05 7.02493 0.216178 -1.80477e-05 0.2006 0.889622 1.08089 0.080891 -2.51465 0.383695 
11 49500 23 1.75999 3.55647e-05 7.02493 0.216188 -4.93865e-05 0.200598 0.889662 1.08094 0.0809394 -2.51405 0.384464 
11 49600 24 1.76352 3.55647e-05 7.02493 0.216211 -7.53425e-05 0.200597 0.889759 1.08106 0.0810569 -2.5126 0.385233 
11 49700 24 1.76708 3.55647e-05 7.02493 0.216229 -7.25662e-05 0.200593 0.889831 1.08114 0.0811447 -2.51152 0.386002 
11 49800 24 1.77063 3.55647e-05 7.02493 0.21619 -5.64762e-05 0.200597 0.889672 1.08095 0.0809517 -2.5139 0.386772 
11 49900 24 1.77419 3.55647e-05 7.02493 0.21618 -4.32816e-05 0.200597 0.88963 1.0809 0.0809007 -2.51453 0.387541 
11 50000 24 1.77775 3.55647e-05 7.02493 0.216209 -3.67393e-05 0.200593 0.889751 1.08105 0.0810471 -2.51272 0.388309 
11 50100 24 1.7813 3.55647e-05 7.02493 0.216191 -3.07428e-05 0.200596 0.889674 1.08095 0.0809538 -2.51388 0.389079 
11 50200 24 1.78486 3.55647e-05 7.02493 0.216126 -3.97808e-05 0.200602 0.889409 1.08063 0.0806315 -2.51787 0.389848 
11 50300 24 1.78842 3.55647e-05 7.02493 0.216151 -4.57177e-05 0.200602 0.889512 1.08076 0.0807566 -2.51632 0.390616 
11 50400 24 1.79197 3.55647e-05 7.02493 0.21616 -4.28184e-05 0.200601 0.889547 1.0808 0.0807994 -2.51579 0.391385 
11 50500 24 1.79553 3.55647e-05 7.02493 0.216167 -6.4528e-05 0.200602 0.889575 1.08083 0.0808339 -2.51536 0.392153 
11 50600 24 1.79909 3.55647e-05 7.02493 0.216098 -7.51796e-05 0.200607 0.889292 1.08049 0.0804893 -2.51963 0.392922 
11 50700 24 1.80264 3.55647e-05 7.02493 0.216035 -5.7843e-05 0.200611 0.889034 1.08018 0.0801761 -2.52353 0.39369 
11 50800 24 1.8062 3.55647e-05 7.02493 0.216079 -4.1199e-05 0.200605 0.889214 1.08039 0.0803947 -2.52081 0.394459 
11 50900 24 1.80976 3.55647e-05 7.02493 0.216146 -2.98806e-05 0.200599 0.889488 1.08073 0.0807277 -2.51667 0.395226 
11 51000 24 1.81331 3.55647e-05 7.02493 0.216147 -2.43306e-05 0.200599 0.889492 1.08073 0.0807332 -2.51661 0.395996 
11 51100 24 1.81687 3.55647e-05 7.02493 0.216118 -1.69148e-05 0.200601 0.889375 1.08059 0.0805901 -2.51838 0.396766 
11 51200 24 1.82042 3.55647e-05 7.02493 0.216093 -5.99262e-06 0.200601 0.88927 1.08046 0.0804636 -2.51995 0.397534 
11 51300 24 1.82398 3.55647e-05 7.02493 0.216089 -8.88846e-06 0.200601 0.889254 1.08044 0.080444 -2.52019 0.398303 
11 51400 24 1.82754 3.55647e-05 7.02493 0.216088 -8.77097e-06 0.2006 0.889252 1.08044 0.0804412 -2.52023 0.399071 
11 51500 24 1.83109 3.55647e-05 7.02493 0.216107 5.97352e-06 0.200598 0.889329 1.08053 0.0805348 -2.51907 0.39984 
11 51600 24 1.83465 3.55647e-05 7.02493 0.216144 9.70332e-06 0.200595 0.889481 1.08072 0.0807195 -2.51678 0.400609 
11 51700 24 1.83821 3.55647e-05 7.02493 0.216184 -7.71703e-06 0.200591 0.889644 1.08092 0.0809178 -2.51432 0.401377 
11 51800 25 1.84174 3.55647e-05 7.02493 0.216155 -1.3254e-05 0.200592 0.889526 1.08077 0.0807739 -2.5161 0.402147 
11 51900 25 1.8453 3.55647e-05 7.02493 0.216133 -1.63001e-05 0.200597 0.889434 1.08066 0.0806627 -2.51748 0.402916 
11 52000 25 1.84886 3.55647e-05 7.02493 0.216113 -4.14969e-05 0.200598 0.889356 1.08057 0.080567 -2.51867 0.403685 
11 52100 25 1.85241 3.55647e-05 7.02493 0.216114 -4.09833e-05 0.2006 0.889358 1.08057 0.0805699 -2.51863 0.404452 
11 52200 25 1.85597 3.55647e-05 7.02493 0.216052 -3.2063e-05 0.200604 0.889102 1.08026 0.0802594 -2.52249 0.405222 
11 52300 25 1.85953 3.55647e-05 7.02493 0.216026 -2.73762e-05 0.200605 0.888998 1.08013 0.0801325 -2.52407 0.40599 
11 52400 25 1.86308 3.55647e-05 7.02493 0.216042 -6.30769e-06 0.200604 0.889062 1.08021 0.0802105 -2.5231 0.406758 
11 52500 25 1.86664 3.55647e-05 7.02493 0.216065 2.03172e-05 0.200603 0.889155 1.08032 0.0803227 -2.5217 0.407526 
11 52600 25 1.87019 3.55647e-05 7.02493 0.216033 2.69179e-05 0.200604 0.889026 1.08017 0.0801669 -2.52364 0.408295 
11 52700 25 1.87375 3.55647e-05 7.02493 0.21601 3.22309e-05 0.200608 0.888929 1.08005 0.080049 -2.52512 0.409063 
11 52800 25 1.87731 3.55647e-05 7.02493 0.215994 3.40853e-05 0.200605 0.888864 1.07997 0.0799697 -2.52611 0.409832 
11 52900 25 1.88086 3.55647e-05 7.02493 0.216052 4.38303e-05 0.200601 0.889104 1.08026 0.0802616 -2.52246 0.4106 
11 53000 25 1.88442 3.55647e-05 7.02493 0.216034 5.68602e-05 0.200602 0.889028 1.08017 0.080169 -2.52362 0.411368 
11 53100 25 1.88798 3.55647e-05 7.02493 0.216004 5.49311e-05 0.200604 0.888905 1.08002 0.0800191 -2.52549 0.412136 
11 53200 25 1.89153 3.55647e-05 7.02493 0.215976 8.71223e-05 0.200604 0.888789 1.07988 0.0798789 -2.52724 0.412905 
11 53300 25 1.89509 3.55647e-05 7.02493 0.215986 8.98733e-05 0.200604 0.888829 1.07993 0.0799276 -2.52663 0.413674 
11 53400 25 1.89865 3.55647e-05 7.02493 0.216025 8.48305e-05 0.2006 0.888991 1.08012 0.0801241 -2.52418 0.414442 
11 53500 25 1.9022 3.55647e-05 7.02493 0.216054 7.62236e-05 0.200597 0.889109 1.08027 0.080268 -2.52238 0.415209 
11 53600 25 1.90576 3.55647e-05 7.02493 0.216097 5.27954e-05 0.200592 0.88929 1.08049 0.0804871 -2.51966 0.415978 
11 53700 25 1.90932 3.55647e-05 7.02493 0.216134 4.52259e-05 0.20059 0.889442 1.08067 0.0806724 -2.51736 0.416747 
11 53800 25 1.91287 3.55647e-05 7.02493 0.216128 5.03077e-05 0.200589 0.889414 1.08064 0.080638 -2.51779 0.417516 
11 53900 25 1.91643 3.55647e-05 7.02493 0.216066 5.37263e-05 0.200595 0.88916 1.08033 0.0803293 -2.52162 0.418285 
11 54000 25 1.91999 3.55647e-05 7.02493 0.216034 6.75507e-05 0.200598 0.889028 1.08017 0.0801696 -2.52361 0.419054 
11 54100 26 1.92352 3.55647e-05 7.02493 0.216041 7.33184e-05 0.2006 0.889057 1.0802 0.0802043 -2.52318 0.419822 
11 54200 26 1.92708 3.55647e-05 7.02493 0.216006 6.3191e-05 0.200601 0.888912 1.08003 0.0800284 -2.52537 0.42059 
11 54300 26 1.93063 3.55647e-05 7.02493 0.215976 4.91915e-05 0.200603 0.888789 1.07988 0.0798788 -2.52725 0.421359 
11 54400 26 1.93419 3.55647e-05 7.02493 0.215977 3.25614e-05 0.200602 0.888793 1.07988 0.0798831 -2.52719 0.422127 
11 54500 26 1.93775 3.55647e-05 7.02493 0.216006 3.80372e-05 0.200602 0.888912 1.08003 0.0800283 -2.52537 0.422894 
11 54600 26 1.9413 3.55647e-05 7.02493 0.216003 3.14177e-05 0.200603 0.888901 1.08001 0.0800143 -2.52555 0.423663 
11 54700 26 1.94486 3.55647e-05 7.02493 0.215969 1.44505e-05 0.200605 0.888759 1.07984 0.0798426 -2.5277 0.424431 
11 54800 26 1.94842 3.55647e-05 7.02493 0.215977 -1.57238e-05 0.200603 0.888794 1.07988 0.079885 -2.52717 0.425199 
11 54900 26 1.95197 3.55647e-05 7.02493 0.215992 -1.15307e-05 0.200601 0.888858 1.07996 0.0799624 -2.5262 0.425967 
11 55000 26 1.95553 3.55647e-05 7.02493 0.215966 -2.68949e-07 0.200604 0.888749 1.07983 0.0798304 -2.52785 0.426736 
11 55100 26 1.95909 3.55647e-05 7.02493 0.215959 -7.35065e-06 0.200604 0.888719 1.07979 0.0797942 -2.52831 0.427504 
11 55200 26 1.96264 3.55647e-05 7.02493 0.215953 -7.77602e-06 0.200605 0.888697 1.07977 0.0797674 -2.52864 0.428272 
11 55300 26 1.9662 3.55647e-05 7.02493 0.215928 -1.01331e-05 0.200605 0.888592 1.07964 0.0796396 -2.53024 0.429041 
11 55400 26 1.96976 3.55647e-05 7.02493 0.215919 -2.10519e-05 0.200605 0.888556 1.0796 0.0795961 -2.53079 0.429808 
11 55500 26 1.97331 3.55647e-05 7.02493 0.21592 -1.76168e-05 0.200603 0.888561 1.0796 0.0796014 -2.53072 0.430576 
11 55600 26 1.97687 3.55647e-05 7.02493 0.215954 -1.03907e-05 0.200599 0.888699 1.07977 0.0797689 -2.52862 0.431343 
11 55700 26 1.98042 3.55647e-05 7.02493 0.215982 -1.01443e-05 0.200594 0.888814 1.07991 0.0799084 -2.52687 0.432112 
11 55800 26 1.98398 3.55647e-05 7.02493 0.216025 -2.311e-05 0.200595 0.888992 1.08012 0.0801248 -2.52417 0.432882 
11 55900 26 1.98754 3.55647e-05 7.02493 0.216021 -5.55248e-05 0.200594 0.888977 1.08011 0.0801068 -2.52439 0.433649 
11 56000 26 1.99109 3.55647e-05 7.02493 0.215968 -6.1372e-05 0.200598 0.888758 1.07984 0.0798406 -2.52772 0.434418 
11 56100 26 1.99465 3.55647e-05 7.02493 0.215931 -4.80906e-05 0.200602 0.888606 1.07966 0.0796562 -2.53004 0.435186 
11 56200 26 1.99821 3.55647e-05 7.02493 0.215904 -2.84448e-05 0.200605 0.888492 1.07952 0.0795178 -2.53177 0.435953 
11 56300 27 2.00174 3.55647e-05 7.02493 0.215899 -2.66857e-05 0.200606 0.888475 1.0795 0.0794969 -2.53204 0.436722 
11 56400 27 2.0053 3.55647e-05 7.02493 0.215888 -1.01826e-05 0.200606 0.888428 1.07944 0.0794403 -2.53275 0.43749 
11 56500 27 2.00886 3.55647e-05 7.02493 0.21593 3.43001e-05 0.200603 0.8886 1.07965 0.0796488 -2.53013 0.438257 
11 56600 27 2.01241 3.55647e-05 7.02493 0.215923 6.34643e-05 0.200602 0.888571 1.07961 0.0796138 -2.53057 0.439025 
11 56700 27 2.01597 3.55647e-05 7.02493 0.215911 7.22491e-05 0.200604 0.888523 1.07956 0.0795558 -2.5313 0.439793 
11 56800 27 2.01953 3.55647e-05 7.02493 0.215921 5.7386e-05 0.200603 0.888565 1.07961 0.0796067 -2.53066 0.440561 
11 56900 27 2.02308 3.55647e-05 7.02493 0.215929 4.76114e-05 0.2006 0.888597 1.07964 0.079645 -2.53018 0.44133 
11 57000 27 2.02664 3.55647e-05 7.02493 0.215891 3.60793e-05 0.200605 0.888441 1.07946 0.0794553 -2.53256 0.442097 
11 57100 27 2.03019 3.55647e-05 7.02493 0.215857 1.6436e-05 0.200607 0.888302 1.07929 0.0792866 -2.53469 0.442864 
11 57200 27 2.03375 3.55647e-05 7.02493 0.215862 -8.11337e-06 0.200606 0.88832 1.07931 0.0793094 -2.5344 0.443633 
11 57300 27 2.03731 3.55647e-05 7.02493 0.215836 3.87857e-07 0.200608 0.888214 1.07918 0.0791806 -2.53602 0.444401 
11 57400 27 2.04086 3.55647e-05 7.02493 0.215843 -1.97354e-05 0.200605 0.888244 1.07922 0.079216 -2.53558 0.445169 
11 57500 27 2.04442 3.55647e-05 7.02493 0.215907 -3.61848e-05 0.2006 0.888506 1.07953 0.0795344 -2.53157 0.445936 
11 57600 27 2.04798 3.55647e-05 7.02493 0.215952 -3.21299e-05 0.200594 0.88869 1.07976 0.0797584 -2.52875 0.446704 
11 57700 27 2.05153 3.55647e-05 7.02493 0.215995 -3.95793e-05 0.20059 0.888868 1.07997 0.0799747 -2.52604 0.447472 
11 57800 27 2.05509 3.55647e-05 7.02493 0.216013 -3.86684e-05 0.200588 0.888944 1.08007 0.0800672 -2.52489 0.448241 
11 57900 27 2.05865 3.55647e-05 7.02493 0.215984 -3.15365e-05 0.20059 0.888825 1.07992 0.0799218 -2.52671 0.449008 
11 58000 27 2.0622 3.55647e-05 7.02493 0.21594 -2.53795e-05 0.200592 0.888642 1.0797 0.0797006 -2.52948 0.449777 
11 58100 27 2.06576 3.55647e-05 7.02493 0.215887 -2.71552e-05 0.200597 0.888423 1.07943 0.0794333 -2.53284 0.450545 
11 58200 27 2.06932 3.55647e-05 7.02493 0.215834 -7.9883e-06 0.200602 0.888206 1.07917 0.0791703 -2.53615 0.451313 
11 58300 27 2.07287 3.55647e-05 7.02493 0.215825 -9.1191e-06 0.200603 0.88817 1.07913 0.0791266 -2.53671 0.45208 
11 58400 27 2.07643 3.55647e-05 7.02493 0.215796 -1.04479e-05 0.200605 0.888051 1.07898 0.0789821 -2.53853 0.452848 
11 58500 27 2.07999 3.55647e-05 7.02493 0.215796 -2.69118e-05 0.200605 0.888051 1.07898 0.0789816 -2.53854 0.453616 
11 58600 28 2.08352 3.55647e-05 7.02493 0.215802 -2.47936e-05 0.200607 0.888075 1.07901 0.0790109 -2.53817 0.454383 
11 58700 28 2.08708 3.55647e-05 7.02493 0.215794 -2.22605e-05 0.200608 0.888042 1.07897 0.0789707 -2.53868 0.455151 
11 58800 28 2.09063 3.55647e-05 7.02493 0.215814 -3.12054e-06 0.200606 0.888124 1.07907 0.079071 -2.53741 0.455918 
11 58900 28 2.09419 3.55647e-05 7.02493 0.215839 5.46654e-07 0.2006 0.888225 1.07919 0.0791929 -2.53587 0.456686 
11 59000 28 2.09775 3.55647e-05 7.02493 0.215795 3.5907e-06 0.200603 0.888046 1.07898 0.0789757 -2.53862 0.457453 
11 59100 28 2.1013 3.55647e-05 7.02493 0.215765 2.83273e-05 0.200607 0.88792 1.07882 0.0788232 -2.54055 0.458221 
11 59200 28 2.10486 3.55647e-05 7.02493 0.215804 6.49753e-05 0.200606 0.888082 1.07902 0.0790201 -2.53805 0.458988 
11 59300 28 2.10842 3.55647e-05 7.02493 0.215791 6.21541e-05 0.200605 0.888029 1.07896 0.0789551 -2.53888 0.459757 
11 59400 28 2.11197 3.55647e-05 7.02493 0.215783 6.1555e-05 0.200605 0.887998 1.07892 0.0789174 -2.53935 0.460524 
11 59500 28 2.11553 3.55647e-05 7.02493 0.215779 6.47193e-05 0.200604 0.887981 1.0789 0.0788969 -2.53961 0.461291 
11 59600 28 2.11909 3.55647e-05 7.02493 0.215803 5.75597e-05 0.200599 0.888077 1.07901 0.0790132 -2.53814 0.462058 
11 59700 28 2.12264 3.55647e-05 7.02493 0.215828 3.54854e-05 0.200595 0.888182 1.07914 0.0791417 -2.53652 0.462826 
11 59800 28 2.1262 3.55647e-05 7.02493 0.215847 -4.63178e-06 0.200593 0.888258 1.07923 0.0792341 -2.53535 0.463594 
11 59900 28 2.12976 3.55647e-05 7.02493 0.21589 2.64227e-07 0.20059 0.888436 1.07945 0.0794495 -2.53263 0.464362 
11 60000 28 2.13331 3.55647e-05 7.02493 0.215928 1.94806e-05 0.200588 0.888594 1.07964 0.0796412 -2.53022 0.46513 
11 60100 28 2.13687 3.55647e-05 7.02493 0.215899 9.01602e-06 0.200592 0.888475 1.0795 0.0794974 -2.53203 0.465899 
11 60200 28 2.14042 3.55647e-05 7.02493 0.215822 -2.14506e-05 0.200598 0.888157 1.07911 0.0791102 -2.53691 0.466666 
11 60300 28 2.14398 3.55647e-05 7.02493 0.215787 -1.11927e-05 0.200602 0.888011 1.07893 0.0789335 -2.53915 0.467434 
11 60400 28 2.14754 3.55647e-05 7.02493 0.215783 -1.23764e-05 0.200602 0.887996 1.07892 0.0789151 -2.53938 0.468201 
11 60500 28 2.15109 3.55647e-05 7.02493 0.215791 -1.45198e-06 0.200602 0.888029 1.07896 0.0789554 -2.53887 0.468968 
11 60600 28 2.15465 3.55647e-05 7.02493 0.215766 -1.89901e-05 0.200604 0.887926 1.07883 0.07883 -2.54046 0.469735 
11 60700 28 2.15821 3.55647e-05 7.02493 0.215748 -4.1541e-05 0.200606 0.88785 1.07874 0.0787377 -2.54163 0.470503 
11 60800 29 2.16174 3.55647e-05 7.02493 0.215778 -3.84335e-05 0.200603 0.887974 1.07889 0.0788888 -2.53972 0.471271 
11 60900 29 2.1653 3.55647e-05 7.02493 0.215838 -3.75951e-05 0.200598 0.888224 1.07919 0.0791922 -2.53588 0.472038 
11 61000 29 2.16886 3.55647e-05 7.02493 0.21579 -2.55876e-05 0.200598 0.888025 1.07895 0.0789499 -2.53894 0.472806 
11 61100 29 2.17241 3.55647e-05 7.02493 0.215714 1.34311e-05 0.200606 0.887712 1.07857 0.0785707 -2.54376 0.473573 
11 61200 29 2.17597 3.55647e-05 7.02493 0.21573 5.87148e-05 0.200605 0.887778 1.07865 0.0786501 -2.54275 0.474341 
11 61300 29 2.17953 3.55647e-05 7.02493 0.215729 8.90832e-05 0.200607 0.887775 1.07865 0.0786462 -2.5428 0.475108 
11 61400 29 2.18308 3.55647e-05 7.02493 0.215736 9.36272e-05 0.200605 0.887801 1.07868 0.078678 -2.54239 0.475875 
11 61500 29 2.18664 3.55647e-05 7.02493 0.215727 0.000111899 0.200603 0.887767 1.07864 0.0786373 -2.54291 0.476642 
11 61600 29 2.19019 3.55647e-05 7.02493 0.215782 0.00010404 0.200597 0.887992 1.07891 0.0789108 -2.53944 0.477409 
11 61700 29 2.19375 3.55647e-05 7.02493 0.215859 8.1919e-05 0.200591 0.888307 1.07929 0.0792934 -2.5346 0.478178 
11 61800 29 2.19731 3.55647e-05 7.02493 0.215881 6.45691e-05 0.200589 0.8884 1.07941 0.0794065 -2.53317 0.478945 
11 61900 29 2.20086 3.55647e-05 7.02493 0.215863 3.48484e-05 0.20059 0.888325 1.07931 0.0793143 -2.53434 0.479713 
11 62000 29 2.20442 3.55647e-05 7.02493 0.215845 3.09322e-05 0.20059 0.888251 1.07923 0.0792252 -2.53546 0.480481 
