11 0 1 0 1.2574e-05 7.02493 0.22101 0 0.200023 0.909508 1.10505 0.105052 -2.2533 7.50531e-07 
11 100 2 0.00249594 2.51481e-05 7.02493 0.220949 6.05289e-10 0.231176 0.909254 1.10474 0.104744 -2.25624 0.00055054 
11 200 2 0.00501075 2.51481e-05 7.02493 0.221232 1.28019e-09 0.259042 0.910418 1.10616 0.106158 -2.24283 0.001105 
11 300 2 0.00752556 2.51481e-05 7.02493 0.2216 7.64629e-08 0.279575 0.911933 1.108 0.107999 -2.22564 0.00166566 
11 400 2 0.0100404 2.51481e-05 7.02493 0.221946 3.27994e-08 0.293929 0.913358 1.10973 0.10973 -2.20973 0.00222317 
11 500 2 0.0125552 2.51481e-05 7.02493 0.222275 3.80058e-08 0.303309 0.914713 1.11138 0.111377 -2.19484 0.00278153 
11 600 2 0.01507 2.51481e-05 7.02493 0.222551 5.90724e-08 0.30859 0.915849 1.11276 0.112756 -2.18253 0.00334084 
11 700 2 0.0175848 2.51481e-05 7.02493 0.222775 3.50323e-08 0.310487 0.91677 1.11388 0.113875 -2.17265 0.00390104 
11 800 2 0.0200996 2.51481e-05 7.02493 0.222958 4.20968e-08 0.309611 0.917524 1.11479 0.114792 -2.16464 0.00446166 
11 900 2 0.0226144 2.51481e-05 7.02493 0.223074 -9.10332e-09 0.306511 0.918 1.11537 0.11537 -2.15961 0.00502239 
11 1000 2 0.0251292 2.51481e-05 7.02493 0.223144 -2.16141e-08 0.301693 0.918288 1.11572 0.11572 -2.15659 0.00558343 
11 1100 2 0.027644 2.51481e-05 7.02493 0.223132 -6.72395e-09 0.29563 0.918238 1.11566 0.115659 -2.15711 0.00614467 
11 1200 2 0.0301588 2.51481e-05 7.02493 0.223125 2.11404e-07 0.28874 0.918209 1.11562 0.115624 -2.15741 0.00670569 
11 1300 2 0.0326736 2.51481e-05 7.02493 0.223076 1.12161e-07 0.281346 0.918007 1.11538 0.115379 -2.15953 0.00726683 
11 1400 2 0.0351884 2.51481e-05 7.02493 0.222993 1.39878e-06 0.27379 0.917669 1.11497 0.114967 -2.16311 0.00782757 
11 1500 2 0.0377032 2.51481e-05 7.02493 0.222896 -9.44802e-07 0.266269 0.917266 1.11448 0.114479 -2.16737 0.0083884 
11 1600 2 0.040218 2.51481e-05 7.02493 0.222785 1.28547e-06 0.258997 0.916811 1.11393 0.113926 -2.17221 0.00894868 
11 1700 2 0.0427328 2.51481e-05 7.02493 0.222697 2.60139e-06 0.252049 0.916447 1.11348 0.113483 -2.1761 0.00950868 
11 1800 2 0.0452476 2.51481e-05 7.02493 0.22259 -8.09682e-06 0.245533 0.916006 1.11295 0.112948 -2.18083 0.0100686 
11 1900 2 0.0477625 2.51481e-05 7.02493 0.222497 -4.0955e-06 0.239512 0.915627 1.11249 0.112487 -2.18492 0.0106283 
11 2000 2 0.0502773 2.51481e-05 7.02493 0.222405 -4.76125e-06 0.234049 0.915248 1.11203 0.112027 -2.18902 0.0111875 
11 2100 2 0.0527921 2.51481e-05 7.02493 0.222338 -3.03317e-06 0.229199 0.91497 1.11169 0.111688 -2.19204 0.011747 
11 2200 2 0.0553069 2.51481e-05 7.02493 0.222273 -6.19605e-06 0.224933 0.914704 1.11137 0.111365 -2.19494 0.0123059 
11 2300 2 0.0578217 2.51481e-05 7.02493 0.222181 -5.23134e-06 0.221163 0.914327 1.11091 0.110907 -2.19906 0.0128649 
11 2400 2 0.0603365 2.51481e-05 7.02493 0.222079 -1.19827e-05 0.217938 0.913905 1.11039 0.110395 -2.20369 0.0134232 
11 2500 2 0.0628513 2.51481e-05 7.02493 0.221993 -3.97231e-05 0.215232 0.91355 1.10996 0.109963 -2.20761 0.0139814 
11 2600 2 0.0653661 2.51481e-05 7.02493 0.221942 -6.24482e-05 0.212968 0.91334 1.10971 0.109708 -2.20994 0.0145396 
11 2700 2 0.0678809 2.51481e-05 7.02493 0.221884 -9.31895e-05 0.211061 0.913103 1.10942 0.109421 -2.21256 0.015098 
11 2800 2 0.0703957 2.51481e-05 7.02493 0.221805 -0.000123345 0.209505 0.912778 1.10903 0.109026 -2.21617 0.0156556 
11 2900 2 0.0729105 2.51481e-05 7.02493 0.221733 -0.000107419 0.208284 0.912482 1.10867 0.108666 -2.21948 0.0162131 
11 3000 2 0.0754253 2.51481e-05 7.02493 0.221626 -0.000107615 0.207299 0.912043 1.10813 0.108132 -2.2244 0.0167711 
11 3100 2 0.0779401 2.51481e-05 7.02493 0.221529 -9.94298e-05 0.2065 0.911644 1.10765 0.107647 -2.2289 0.0173282 
11 3200 3 0.0804527 2.51481e-05 7.02493 0.221451 -0.000115754 0.205819 0.911322 1.10726 0.107256 -2.23254 0.0178851 
11 3300 3 0.0829675 2.51481e-05 7.02493 0.221444 -0.000102646 0.205258 0.911292 1.10722 0.10722 -2.23287 0.0184418 
11 3400 3 0.0854823 2.51481e-05 7.02493 0.221444 -0.000147622 0.204791 0.911291 1.10722 0.107219 -2.23289 0.0189989 
11 3500 3 0.0879971 2.51481e-05 7.02493 0.22144 -0.000172195 0.204389 0.911276 1.1072 0.107201 -2.23305 0.0195563 
11 3600 3 0.0905119 2.51481e-05 7.02493 0.22145 -0.000197126 0.204048 0.911319 1.10725 0.107252 -2.23257 0.0201134 
11 3700 3 0.0930267 2.51481e-05 7.02493 0.221434 -0.000236498 0.203781 0.911252 1.10717 0.107172 -2.23332 0.02067 
11 3800 3 0.0955415 2.51481e-05 7.02493 0.221426 -0.000267013 0.203571 0.911219 1.10713 0.107131 -2.23371 0.0212265 
11 3900 3 0.0980563 2.51481e-05 7.02493 0.221356 -0.000254251 0.203347 0.91093 1.10678 0.10678 -2.23699 0.0217833 
11 4000 3 0.100571 2.51481e-05 7.02493 0.221347 -0.000203754 0.203148 0.910894 1.10674 0.106736 -2.2374 0.0223402 
11 4100 3 0.103086 2.51481e-05 7.02493 0.221358 -0.000177284 0.202984 0.910937 1.10679 0.106788 -2.23691 0.022897 
11 4200 3 0.105601 2.51481e-05 7.02493 0.221308 -0.000145137 0.202841 0.910731 1.10654 0.106539 -2.23925 0.0234536 
11 4300 3 0.108116 2.51481e-05 7.02493 0.221227 -0.000164784 0.202738 0.910401 1.10614 0.106137 -2.24302 0.02401 
11 4400 3 0.11063 2.51481e-05 7.02493 0.22114 -0.0001499 0.202657 0.910043 1.1057 0.105702 -2.24713 0.0245656 
11 4500 3 0.113145 2.51481e-05 7.02493 0.221097 -0.000101994 0.202581 0.909864 1.10548 0.105484 -2.24919 0.0251217 
11 4600 3 0.11566 2.51481e-05 7.02493 0.221075 -8.84163e-05 0.202509 0.909773 1.10537 0.105374 -2.25024 0.0256784 
11 4700 3 0.118175 2.51481e-05 7.02493 0.221018 -8.04949e-05 0.202442 0.909541 1.10509 0.105092 -2.25292 0.0262343 
11 4800 3 0.12069 2.51481e-05 7.02493 0.220957 -4.40506e-05 0.202384 0.909287 1.10478 0.104783 -2.25586 0.0267901 
11 4900 3 0.123204 2.51481e-05 7.02493 0.22089 4.58178e-06 0.202329 0.909013 1.10445 0.104451 -2.25904 0.0273457 
11 5000 3 0.125719 2.51481e-05 7.02493 0.220842 2.43917e-05 0.202288 0.908816 1.10421 0.104212 -2.26133 0.0279013 
11 5100 3 0.128234 2.51481e-05 7.02493 0.220824 5.90689e-05 0.202243 0.908741 1.10412 0.10412 -2.26221 0.0284564 
11 5200 3 0.130749 2.51481e-05 7.02493 0.22081 0.000114901 0.2022 0.908682 1.10405 0.104049 -2.2629 0.0290121 
11 5300 3 0.133264 2.51481e-05 7.02493 0.220838 0.000131845 0.202156 0.908798 1.10419 0.10419 -2.26154 0.0295677 
11 5400 3 0.135778 2.51481e-05 7.02493 0.220888 0.000102954 0.202118 0.909006 1.10444 0.104442 -2.25912 0.0301229 
11 5500 3 0.138293 2.51481e-05 7.02493 0.220886 8.78442e-05 0.202087 0.908997 1.10443 0.104432 -2.25922 0.0306785 
11 5600 3 0.140808 2.51481e-05 7.02493 0.220846 7.78879e-05 0.202057 0.908832 1.10423 0.104231 -2.26114 0.031234 
11 5700 3 0.143323 2.51481e-05 7.02493 0.220783 5.19865e-05 0.202027 0.908571 1.10391 0.103914 -2.26419 0.0317892 
11 5800 3 0.145838 2.51481e-05 7.02493 0.220733 3.82143e-05 0.201997 0.908367 1.10367 0.103666 -2.26658 0.0323445 
11 5900 3 0.148352 2.51481e-05 7.02493 0.220664 3.52191e-05 0.201968 0.908084 1.10332 0.103322 -2.2699 0.0328999 
11 6000 3 0.150867 2.51481e-05 7.02493 0.220602 7.50061e-05 0.201951 0.907827 1.10301 0.10301 -2.27293 0.0334548 
11 6100 3 0.153382 2.51481e-05 7.02493 0.220545 0.000101578 0.201936 0.907592 1.10272 0.102725 -2.2757 0.0340096 
11 6200 3 0.155897 2.51481e-05 7.02493 0.220526 0.000109382 0.201921 0.907516 1.10263 0.102632 -2.2766 0.0345644 
11 6300 3 0.158412 2.51481e-05 7.02493 0.2205 0.00013693 0.201899 0.907408 1.1025 0.102501 -2.27788 0.0351189 
11 6400 4 0.160905 2.51481e-05 7.02493 0.220481 0.000117972 0.201883 0.907329 1.1024 0.102404 -2.27882 0.0356737 
11 6500 4 0.16342 2.51481e-05 7.02493 0.220409 0.000149983 0.201872 0.907032 1.10204 0.102044 -2.28235 0.036228 
11 6600 4 0.165935 2.51481e-05 7.02493 0.220282 0.000143219 0.201858 0.90651 1.10141 0.10141 -2.28858 0.0367823 
11 6700 4 0.16845 2.51481e-05 7.02493 0.220243 0.000133991 0.20184 0.90635 1.10122 0.101216 -2.2905 0.037336 
11 6800 4 0.170965 2.51481e-05 7.02493 0.220184 0.000135934 0.201828 0.906108 1.10092 0.100921 -2.29341 0.0378898 
11 6900 4 0.173479 2.51481e-05 7.02493 0.220146 9.77473e-05 0.201813 0.905951 1.10073 0.100731 -2.29531 0.0384435 
11 7000 4 0.175994 2.51481e-05 7.02493 0.220175 0.000103956 0.201796 0.906069 1.10087 0.100874 -2.29388 0.038997 
11 7100 4 0.178509 2.51481e-05 7.02493 0.220156 9.11862e-05 0.201783 0.90599 1.10078 0.100778 -2.29484 0.039551 
11 7200 4 0.181024 2.51481e-05 7.02493 0.220128 0.000103302 0.201767 0.905877 1.10064 0.10064 -2.2962 0.0401042 
11 7300 4 0.183539 2.51481e-05 7.02493 0.220102 0.000107842 0.201756 0.90577 1.10051 0.10051 -2.2975 0.0406581 
11 7400 4 0.186053 2.51481e-05 7.02493 0.22004 8.79376e-05 0.201749 0.905516 1.1002 0.100202 -2.30057 0.0412119 
11 7500 4 0.188568 2.51481e-05 7.02493 0.219947 5.3813e-05 0.20174 0.90513 1.09973 0.0997328 -2.30526 0.0417658 
11 7600 4 0.191083 2.51481e-05 7.02493 0.219867 4.74386e-05 0.201726 0.904802 1.09933 0.099335 -2.30926 0.0423188 
11 7700 4 0.193598 2.51481e-05 7.02493 0.219828 4.98297e-05 0.201709 0.904641 1.09914 0.0991387 -2.31124 0.0428716 
11 7800 4 0.196113 2.51481e-05 7.02493 0.219823 2.91856e-05 0.201691 0.904623 1.09912 0.0991175 -2.31145 0.0434243 
11 7900 4 0.198627 2.51481e-05 7.02493 0.219853 -2.34013e-06 0.201671 0.904746 1.09927 0.0992668 -2.30994 0.0439774 
11 8000 4 0.201142 2.51481e-05 7.02493 0.219799 -2.84188e-05 0.201653 0.904524 1.099 0.0989964 -2.31267 0.0445301 
11 8100 4 0.203657 2.51481e-05 7.02493 0.219761 -2.40991e-05 0.201649 0.904368 1.09881 0.0988069 -2.31459 0.045083 
11 8200 4 0.206172 2.51481e-05 7.02493 0.219711 2.06011e-05 0.20164 0.904161 1.09856 0.0985553 -2.31714 0.045636 
11 8300 4 0.208687 2.51481e-05 7.02493 0.219681 3.17806e-05 0.201633 0.904037 1.0984 0.0984048 -2.31867 0.0461879 
11 8400 4 0.211201 2.51481e-05 7.02493 0.219627 3.83376e-05 0.201624 0.903814 1.09813 0.098134 -2.32142 0.0467408 
11 8500 4 0.213716 2.51481e-05 7.02493 0.219572 4.90512e-05 0.20162 0.903588 1.09786 0.0978588 -2.32423 0.0472928 
11 8600 4 0.216231 2.51481e-05 7.02493 0.21952 2.88526e-05 0.201616 0.903375 1.0976 0.0976004 -2.32687 0.0478452 
11 8700 4 0.218746 2.51481e-05 7.02493 0.219463 2.1132e-05 0.201623 0.90314 1.09731 0.0973149 -2.3298 0.0483977 
11 8800 4 0.221261 2.51481e-05 7.02493 0.219408 -4.29946e-06 0.201618 0.902915 1.09704 0.0970417 -2.33261 0.0489497 
11 8900 4 0.223775 2.51481e-05 7.02493 0.219392 2.52096e-05 0.201604 0.902848 1.09696 0.0969609 -2.33345 0.0495017 
11 9000 4 0.22629 2.51481e-05 7.02493 0.219435 4.49338e-05 0.201588 0.903024 1.09717 0.0971737 -2.33126 0.0500543 
11 9100 4 0.228805 2.51481e-05 7.02493 0.219431 4.74229e-05 0.201592 0.903009 1.09716 0.0971557 -2.33144 0.0506058 
11 9200 4 0.23132 2.51481e-05 7.02493 0.219378 1.34933e-05 0.201591 0.902789 1.09689 0.0968882 -2.3342 0.0511583 
11 9300 4 0.233835 2.51481e-05 7.02493 0.219325 1.76474e-05 0.201588 0.902574 1.09663 0.0966268 -2.3369 0.0517095 
11 9400 4 0.23635 2.51481e-05 7.02493 0.219304 5.65621e-05 0.20158 0.902486 1.09652 0.0965205 -2.338 0.0522614 
11 9500 4 0.238864 2.51481e-05 7.02493 0.219321 0.000122921 0.201569 0.902554 1.0966 0.0966033 -2.33714 0.0528126 
11 9600 5 0.241358 2.51481e-05 7.02493 0.219352 0.000130019 0.201562 0.902684 1.09676 0.0967607 -2.33551 0.0533649 
11 9700 5 0.243873 2.51481e-05 7.02493 0.219339 0.000126454 0.20156 0.902628 1.09669 0.0966934 -2.33621 0.0539166 
11 9800 5 0.246388 2.51481e-05 7.02493 0.219286 9.75881e-05 0.201556 0.902411 1.09643 0.0964295 -2.33894 0.0544681 
11 9900 5 0.248902 2.51481e-05 7.02493 0.219222 5.58708e-05 0.201554 0.902149 1.09611 0.0961114 -2.34225 0.0550192 
11 10000 5 0.251417 2.51481e-05 7.02493 0.219161 2.20236e-05 0.201552 0.901898 1.09581 0.0958063 -2.34543 0.0555709 
11 10100 5 0.253932 2.51481e-05 7.02493 0.219132 -6.72177e-06 0.201544 0.901778 1.09566 0.0956607 -2.34695 0.0561226 
11 10200 5 0.256447 2.51481e-05 7.02493 0.219086 -4.94652e-05 0.201539 0.901587 1.09543 0.0954284 -2.34938 0.0566734 
11 10300 5 0.258962 2.51481e-05 7.02493 0.21905 -8.59915e-05 0.201534 0.901439 1.09525 0.0952486 -2.35127 0.0572251 
11 10400 5 0.261476 2.51481e-05 7.02493 0.219069 -8.39956e-05 0.201519 0.901518 1.09534 0.0953447 -2.35026 0.0577757 
11 10500 5 0.263991 2.51481e-05 7.02493 0.219084 -9.21805e-05 0.20151 0.901579 1.09542 0.0954182 -2.34949 0.0583263 
11 10600 5 0.266506 2.51481e-05 7.02493 0.219104 -0.000104534 0.201501 0.901664 1.09552 0.0955212 -2.34841 0.0588778 
11 10700 5 0.269021 2.51481e-05 7.02493 0.219071 -0.000113682 0.2015 0.901528 1.09536 0.0953569 -2.35013 0.0594294 
11 10800 5 0.271536 2.51481e-05 7.02493 0.219024 -0.000129397 0.201491 0.901335 1.09512 0.0951216 -2.3526 0.05998 
11 10900 5 0.27405 2.51481e-05 7.02493 0.219022 -0.000112669 0.201486 0.901325 1.09511 0.0951097 -2.35272 0.0605308 
11 11000 5 0.276565 2.51481e-05 7.02493 0.218985 -0.000108695 0.201485 0.901174 1.09493 0.0949264 -2.35465 0.0610817 
11 11100 5 0.27908 2.51481e-05 7.02493 0.218963 -0.000115375 0.201484 0.901083 1.09482 0.0948154 -2.35582 0.0616323 
11 11200 5 0.281595 2.51481e-05 7.02493 0.218858 -0.000115973 0.201495 0.900652 1.09429 0.0942916 -2.36136 0.0621831 
11 11300 5 0.28411 2.51481e-05 7.02493 0.218805 -0.000130103 0.201499 0.900433 1.09403 0.0940259 -2.36419 0.0627329 
11 11400 5 0.286625 2.51481e-05 7.02493 0.218731 -0.000142685 0.201497 0.900129 1.09366 0.0936564 -2.36812 0.0632839 
11 11500 5 0.289139 2.51481e-05 7.02493 0.218699 -0.000130484 0.201488 0.899994 1.09349 0.0934926 -2.36987 0.0638339 
11 11600 5 0.291654 2.51481e-05 7.02493 0.218711 -0.000112615 0.201481 0.900047 1.09356 0.0935568 -2.36919 0.0643843 
11 11700 5 0.294169 2.51481e-05 7.02493 0.218673 -9.32883e-05 0.201485 0.899889 1.09337 0.0933653 -2.37124 0.0649343 
11 11800 5 0.296684 2.51481e-05 7.02493 0.218641 -6.89417e-05 0.201483 0.899758 1.09321 0.0932061 -2.37294 0.0654843 
11 11900 5 0.299199 2.51481e-05 7.02493 0.21865 -3.8021e-05 0.201479 0.899793 1.09325 0.0932483 -2.37249 0.0660337 
11 12000 5 0.301713 2.51481e-05 7.02493 0.218641 5.98425e-06 0.201473 0.899757 1.09321 0.0932053 -2.37295 0.066584 
11 12100 5 0.304228 2.51481e-05 7.02493 0.218617 1.61864e-05 0.201471 0.899659 1.09309 0.0930856 -2.37424 0.0671341 
11 12200 5 0.306743 2.51481e-05 7.02493 0.218623 3.62943e-05 0.201463 0.899681 1.09311 0.0931129 -2.37394 0.0676843 
11 12300 5 0.309258 2.51481e-05 7.02493 0.218641 3.6146e-05 0.201456 0.899756 1.0932 0.0932032 -2.37297 0.0682343 
11 12400 5 0.311773 2.51481e-05 7.02493 0.218618 6.07737e-05 0.201455 0.899663 1.09309 0.0930909 -2.37418 0.0687841 
11 12500 5 0.314287 2.51481e-05 7.02493 0.218559 5.41703e-05 0.201455 0.899421 1.0928 0.0927964 -2.37735 0.0693334 
11 12600 5 0.316802 2.51481e-05 7.02493 0.218521 1.72318e-05 0.201455 0.899262 1.0926 0.0926039 -2.37942 0.0698828 
11 12700 5 0.319317 2.51481e-05 7.02493 0.218557 5.64403e-06 0.201452 0.899413 1.09279 0.0927866 -2.37745 0.0704328 
11 12800 6 0.321811 2.51481e-05 7.02493 0.218558 -1.04713e-05 0.201448 0.899416 1.09279 0.0927906 -2.37741 0.0709826 
11 12900 6 0.324325 2.51481e-05 7.02493 0.218546 1.08502e-05 0.201443 0.899367 1.09273 0.0927307 -2.37806 0.0715325 
11 13000 6 0.32684 2.51481e-05 7.02493 0.218535 -1.86813e-05 0.201431 0.899321 1.09268 0.0926752 -2.37865 0.0720824 
11 13100 6 0.329355 2.51481e-05 7.02493 0.218537 -4.65101e-05 0.201422 0.899331 1.09269 0.0926869 -2.37853 0.0726319 
11 13200 6 0.33187 2.51481e-05 7.02493 0.218529 -6.28736e-05 0.201421 0.899296 1.09265 0.0926451 -2.37898 0.0731816 
11 13300 6 0.334385 2.51481e-05 7.02493 0.218523 -8.15715e-05 0.201421 0.89927 1.09261 0.0926129 -2.37933 0.0737313 
11 13400 6 0.336899 2.51481e-05 7.02493 0.218496 -7.70277e-05 0.201414 0.899162 1.09248 0.0924819 -2.38074 0.0742807 
11 13500 6 0.339414 2.51481e-05 7.02493 0.218462 -5.74521e-05 0.201408 0.899021 1.09231 0.0923105 -2.3826 0.0748304 
11 13600 6 0.341929 2.51481e-05 7.02493 0.218447 -1.89229e-05 0.201401 0.898959 1.09224 0.0922358 -2.38341 0.0753798 
11 13700 6 0.344444 2.51481e-05 7.02493 0.218425 -1.22399e-05 0.201404 0.898868 1.09212 0.0921243 -2.38462 0.0759292 
11 13800 6 0.346959 2.51481e-05 7.02493 0.218391 -8.08176e-06 0.201402 0.898726 1.09195 0.0919526 -2.38648 0.076478 
11 13900 6 0.349474 2.51481e-05 7.02493 0.218348 4.08048e-05 0.201403 0.898553 1.09174 0.091742 -2.38877 0.0770274 
11 14000 6 0.351988 2.51481e-05 7.02493 0.218332 4.26014e-05 0.201403 0.898484 1.09166 0.0916582 -2.38969 0.0775768 
11 14100 6 0.354503 2.51481e-05 7.02493 0.218285 1.41293e-05 0.201405 0.898291 1.09142 0.091424 -2.39225 0.0781265 
11 14200 6 0.357018 2.51481e-05 7.02493 0.218236 -5.87415e-06 0.2014 0.898092 1.09118 0.0911821 -2.3949 0.0786749 
11 14300 6 0.359533 2.51481e-05 7.02493 0.218196 -3.69633e-05 0.201398 0.897925 1.09098 0.0909794 -2.39712 0.079224 
11 14400 6 0.362048 2.51481e-05 7.02493 0.21817 -2.64423e-05 0.201402 0.897819 1.09085 0.0908498 -2.39855 0.0797727 
11 14500 6 0.364562 2.51481e-05 7.02493 0.218154 1.25233e-05 0.2014 0.897752 1.09077 0.0907683 -2.39945 0.0803214 
11 14600 6 0.367077 2.51481e-05 7.02493 0.218138 2.08526e-05 0.201397 0.897688 1.09069 0.0906911 -2.4003 0.0808703 
11 14700 6 0.369592 2.51481e-05 7.02493 0.218056 7.09303e-05 0.201394 0.897348 1.09028 0.090278 -2.40486 0.0814184 
11 14800 6 0.372107 2.51481e-05 7.02493 0.218024 9.53734e-05 0.201393 0.897218 1.09012 0.09012 -2.40661 0.0819672 
11 14900 6 0.374622 2.51481e-05 7.02493 0.218031 7.08093e-05 0.201392 0.897245 1.09015 0.0901526 -2.40625 0.0825155 
11 15000 6 0.377136 2.51481e-05 7.02493 0.218066 6.79293e-05 0.201386 0.89739 1.09033 0.0903289 -2.4043 0.0830642 
11 15100 6 0.379651 2.51481e-05 7.02493 0.218071 3.34371e-05 0.201383 0.897413 1.09036 0.0903566 -2.40399 0.0836129 
11 15200 6 0.382166 2.51481e-05 7.02493 0.218032 -1.86836e-06 0.20138 0.89725 1.09016 0.0901587 -2.40618 0.084161 
11 15300 6 0.384681 2.51481e-05 7.02493 0.218012 -1.07081e-05 0.201382 0.897168 1.09006 0.090059 -2.40729 0.0847092 
11 15400 6 0.387196 2.51481e-05 7.02493 0.217985 4.29354e-06 0.201381 0.897058 1.08992 0.089925 -2.40878 0.0852577 
11 15500 6 0.38971 2.51481e-05 7.02493 0.217965 2.55369e-05 0.201379 0.896974 1.08982 0.0898236 -2.40991 0.0858058 
11 15600 6 0.392225 2.51481e-05 7.02493 0.217979 9.49215e-05 0.201372 0.897033 1.0899 0.0898954 -2.40911 0.0863542 
11 15700 6 0.39474 2.51481e-05 7.02493 0.217968 0.000164852 0.201366 0.896986 1.08984 0.0898385 -2.40974 0.0869021 
11 15800 6 0.397255 2.51481e-05 7.02493 0.21798 0.000173201 0.201361 0.897038 1.0899 0.0899014 -2.40904 0.0874505 
11 15900 6 0.39977 2.51481e-05 7.02493 0.218033 0.000167375 0.201351 0.897254 1.09016 0.0901636 -2.40613 0.0879991 
11 16000 7 0.402263 2.51481e-05 7.02493 0.218036 0.000167852 0.201348 0.897266 1.09018 0.0901781 -2.40597 0.0885476 
11 16100 7 0.404778 2.51481e-05 7.02493 0.218 0.00015129 0.201349 0.897118 1.09 0.0899988 -2.40796 0.0890964 
11 16200 7 0.407293 2.51481e-05 7.02493 0.217984 0.000129334 0.201345 0.897054 1.08992 0.0899207 -2.40883 0.0896445 
11 16300 7 0.409808 2.51481e-05 7.02493 0.217964 0.000118183 0.201338 0.896971 1.08982 0.0898194 -2.40995 0.0901922 
11 16400 7 0.412323 2.51481e-05 7.02493 0.217949 0.000127048 0.201336 0.89691 1.08975 0.0897461 -2.41077 0.0907407 
11 16500 7 0.414837 2.51481e-05 7.02493 0.217908 0.000124998 0.201338 0.896742 1.08954 0.0895416 -2.41305 0.0912894 
11 16600 7 0.417352 2.51481e-05 7.02493 0.217854 0.000108786 0.201341 0.896519 1.08927 0.0892711 -2.41608 0.091836 
11 16700 7 0.419867 2.51481e-05 7.02493 0.217801 0.000101233 0.201346 0.8963 1.089 0.089004 -2.41907 0.0923848 
11 16800 7 0.422382 2.51481e-05 7.02493 0.217774 0.000148472 0.201342 0.896188 1.08887 0.0888687 -2.42059 0.0929323 
11 16900 7 0.424897 2.51481e-05 7.02493 0.217765 0.000197949 0.201337 0.896154 1.08883 0.0888267 -2.42107 0.0934803 
11 17000 7 0.427411 2.51481e-05 7.02493 0.217807 0.000226969 0.201332 0.896325 1.08903 0.0890346 -2.41873 0.0940281 
11 17100 7 0.429926 2.51481e-05 7.02493 0.21777 0.000235387 0.201334 0.896172 1.08885 0.0888496 -2.42081 0.0945758 
11 17200 7 0.432441 2.51481e-05 7.02493 0.217679 0.000211293 0.201339 0.895797 1.08839 0.0883937 -2.42595 0.0951232 
11 17300 7 0.434956 2.51481e-05 7.02493 0.217585 0.000189655 0.201342 0.895411 1.08792 0.0879242 -2.43128 0.0956703 
11 17400 7 0.437471 2.51481e-05 7.02493 0.217559 0.000173229 0.201343 0.895303 1.08779 0.0877934 -2.43277 0.0962176 
11 17500 7 0.439985 2.51481e-05 7.02493 0.217603 0.000172587 0.201334 0.895486 1.08802 0.0880155 -2.43024 0.0967654 
11 17600 7 0.4425 2.51481e-05 7.02493 0.217614 0.000174828 0.201326 0.895532 1.08807 0.0880711 -2.42961 0.0973127 
11 17700 7 0.445015 2.51481e-05 7.02493 0.217612 0.000151449 0.201324 0.895521 1.08806 0.088058 -2.42976 0.0978602 
11 17800 7 0.44753 2.51481e-05 7.02493 0.217595 0.000118756 0.201323 0.895454 1.08798 0.0879766 -2.43068 0.0984075 
11 17900 7 0.450045 2.51481e-05 7.02493 0.217517 0.0001045 0.201324 0.895133 1.08759 0.087586 -2.43513 0.098955 
11 18000 7 0.452559 2.51481e-05 7.02493 0.217547 8.89795e-05 0.201319 0.895256 1.08774 0.0877359 -2.43342 0.0995015 
11 18100 7 0.455074 2.51481e-05 7.02493 0.217578 5.79485e-05 0.201317 0.895385 1.08789 0.0878923 -2.43164 0.100049 
11 18200 7 0.457589 2.51481e-05 7.02493 0.217595 0.000109379 0.201315 0.895452 1.08797 0.0879738 -2.43072 0.100596 
11 18300 7 0.460104 2.51481e-05 7.02493 0.217552 0.000147385 0.201317 0.895277 1.08776 0.0877617 -2.43313 0.101143 
11 18400 7 0.462619 2.51481e-05 7.02493 0.217501 0.000117728 0.201313 0.895067 1.08751 0.087506 -2.43605 0.10169 
11 18500 7 0.465133 2.51481e-05 7.02493 0.21748 9.89234e-05 0.201309 0.894979 1.0874 0.0873993 -2.43727 0.102237 
11 18600 7 0.467648 2.51481e-05 7.02493 0.217515 8.03454e-05 0.201301 0.895125 1.08758 0.0875769 -2.43524 0.102784 
11 18700 7 0.470163 2.51481e-05 7.02493 0.217544 4.76842e-05 0.201296 0.895243 1.08772 0.0877205 -2.4336 0.103331 
11 18800 7 0.472678 2.51481e-05 7.02493 0.217564 -3.70427e-05 0.201291 0.895327 1.08782 0.087822 -2.43244 0.103879 
11 18900 7 0.475193 2.51481e-05 7.02493 0.217575 -5.13262e-05 0.201286 0.895371 1.08788 0.087876 -2.43183 0.104426 
11 19000 7 0.477708 2.51481e-05 7.02493 0.217566 -2.75127e-05 0.201289 0.895334 1.08783 0.087831 -2.43234 0.104974 
11 19100 8 0.480201 2.51481e-05 7.02493 0.217552 -2.84176e-05 0.201287 0.895274 1.08776 0.0877579 -2.43317 0.105521 
11 19200 8 0.482716 2.51481e-05 7.02493 0.217507 -5.51462e-05 0.201283 0.895089 1.08753 0.0875328 -2.43574 0.106067 
11 19300 8 0.485231 2.51481e-05 7.02493 0.217471 -5.40948e-05 0.201283 0.89494 1.08735 0.0873527 -2.4378 0.106614 
11 19400 8 0.487746 2.51481e-05 7.02493 0.217433 -7.43193e-05 0.201285 0.894788 1.08717 0.0871671 -2.43993 0.107161 
11 19500 8 0.49026 2.51481e-05 7.02493 0.217373 -0.0001067 0.201289 0.894537 1.08686 0.0868629 -2.44342 0.107709 
11 19600 8 0.492775 2.51481e-05 7.02493 0.21733 -9.11216e-05 0.201287 0.894361 1.08665 0.0866489 -2.44589 0.108255 
11 19700 8 0.49529 2.51481e-05 7.02493 0.217327 -1.85552e-05 0.201284 0.894351 1.08664 0.0866365 -2.44603 0.108802 
11 19800 8 0.497805 2.51481e-05 7.02493 0.217323 4.80404e-05 0.201287 0.894335 1.08662 0.0866173 -2.44626 0.109348 
11 19900 8 0.50032 2.51481e-05 7.02493 0.217316 0.000131169 0.201287 0.894306 1.08658 0.0865815 -2.44667 0.109894 
11 20000 8 0.502834 2.51481e-05 7.02493 0.21723 0.000150756 0.201289 0.89395 1.08615 0.0861488 -2.45168 0.110441 
11 20100 8 0.505349 2.51481e-05 7.02493 0.217215 0.000149475 0.201287 0.893891 1.08608 0.0860772 -2.45251 0.110988 
11 20200 8 0.507864 2.51481e-05 7.02493 0.217199 0.000116084 0.201286 0.893822 1.08599 0.0859934 -2.45348 0.111534 
11 20300 8 0.510379 2.51481e-05 7.02493 0.217153 0.000105714 0.201282 0.893634 1.08577 0.0857655 -2.45614 0.11208 
11 20400 8 0.512894 2.51481e-05 7.02493 0.217135 9.27473e-05 0.201278 0.893562 1.08568 0.0856773 -2.45717 0.112626 
11 20500 8 0.515408 2.51481e-05 7.02493 0.217108 6.57234e-05 0.201279 0.893448 1.08554 0.0855398 -2.45877 0.113173 
11 20600 8 0.517923 2.51481e-05 7.02493 0.217099 2.23255e-05 0.201278 0.893412 1.0855 0.0854958 -2.45929 0.113718 
11 20700 8 0.520438 2.51481e-05 7.02493 0.217102 1.82993e-05 0.201275 0.893424 1.08551 0.0855103 -2.45912 0.114264 
11 20800 8 0.522953 2.51481e-05 7.02493 0.217095 3.23981e-05 0.201275 0.893397 1.08548 0.0854771 -2.45951 0.114811 
11 20900 8 0.525468 2.51481e-05 7.02493 0.217125 3.27137e-05 0.201267 0.893518 1.08562 0.0856246 -2.45778 0.115357 
11 21000 8 0.527982 2.51481e-05 7.02493 0.217174 4.05018e-05 0.20126 0.89372 1.08587 0.0858699 -2.45492 0.115903 
11 21100 8 0.530497 2.51481e-05 7.02493 0.217178 2.1667e-05 0.201258 0.893737 1.08589 0.0858902 -2.45469 0.116449 
11 21200 8 0.533012 2.51481e-05 7.02493 0.217181 -1.46129e-05 0.201256 0.89375 1.08591 0.0859066 -2.4545 0.116996 
11 21300 8 0.535527 2.51481e-05 7.02493 0.217167 -6.49767e-05 0.201254 0.89369 1.08583 0.0858337 -2.45534 0.117542 
11 21400 8 0.538042 2.51481e-05 7.02493 0.217174 -9.85491e-05 0.201251 0.893718 1.08587 0.0858677 -2.45495 0.118088 
11 21500 8 0.540557 2.51481e-05 7.02493 0.217159 -0.000109593 0.201247 0.893658 1.08579 0.085794 -2.45581 0.118634 
11 21600 8 0.543071 2.51481e-05 7.02493 0.217169 -0.000120792 0.201246 0.893701 1.08585 0.0858466 -2.45519 0.11918 
11 21700 8 0.545586 2.51481e-05 7.02493 0.217191 -0.000120268 0.201241 0.893792 1.08596 0.0859568 -2.45391 0.119726 
11 21800 8 0.548101 2.51481e-05 7.02493 0.217176 -0.000136341 0.201241 0.89373 1.08588 0.0858824 -2.45478 0.120273 
11 21900 8 0.550616 2.51481e-05 7.02493 0.217137 -0.000139083 0.201243 0.89357 1.08569 0.085687 -2.45705 0.120819 
11 22000 8 0.553131 2.51481e-05 7.02493 0.217079 -0.000126263 0.201243 0.893328 1.08539 0.0853939 -2.46048 0.121365 
11 22100 8 0.555645 2.51481e-05 7.02493 0.217013 -0.000134882 0.201248 0.893058 1.08507 0.0850653 -2.46434 0.121911 
11 22200 8 0.55816 2.51481e-05 7.02493 0.21698 -0.000171999 0.201246 0.892924 1.0849 0.0849022 -2.46626 0.122457 
11 22300 9 0.560654 2.51481e-05 7.02493 0.216972 -0.000170987 0.201244 0.89289 1.08486 0.0848618 -2.46673 0.123003 
11 22400 9 0.563169 2.51481e-05 7.02493 0.216983 -0.000205022 0.201243 0.892935 1.08492 0.0849156 -2.4661 0.123548 
11 22500 9 0.565683 2.51481e-05 7.02493 0.216947 -0.000280358 0.201244 0.892785 1.08473 0.0847343 -2.46824 0.124094 
11 22600 9 0.568198 2.51481e-05 7.02493 0.216854 -0.000302573 0.201246 0.892404 1.08427 0.0842713 -2.47371 0.124639 
11 22700 9 0.570713 2.51481e-05 7.02493 0.216794 -0.000263239 0.201251 0.892158 1.08397 0.0839723 -2.47727 0.125185 
11 22800 9 0.573228 2.51481e-05 7.02493 0.216783 -0.000227117 0.20125 0.89211 1.08391 0.0839139 -2.47796 0.12573 
11 22900 9 0.575743 2.51481e-05 7.02493 0.216784 -0.000181845 0.201244 0.892117 1.08392 0.0839222 -2.47786 0.126275 
11 23000 9 0.578257 2.51481e-05 7.02493 0.216802 -0.000160357 0.201243 0.892189 1.08401 0.08401 -2.47682 0.12682 
11 23100 9 0.580772 2.51481e-05 7.02493 0.216785 -0.00015447 0.201241 0.892119 1.08392 0.0839248 -2.47783 0.127365 
11 23200 9 0.583287 2.51481e-05 7.02493 0.216744 -0.000163492 0.20124 0.891951 1.08372 0.0837208 -2.48027 0.127911 
11 23300 9 0.585802 2.51481e-05 7.02493 0.216707 -0.000180566 0.201241 0.891799 1.08354 0.0835352 -2.48249 0.128456 
11 23400 9 0.588317 2.51481e-05 7.02493 0.216675 -0.000148374 0.201241 0.891665 1.08337 0.0833727 -2.48443 0.129001 
11 23500 9 0.590832 2.51481e-05 7.02493 0.216666 -7.92264e-05 0.20124 0.891631 1.08333 0.0833315 -2.48493 0.129546 
11 23600 9 0.593346 2.51481e-05 7.02493 0.216658 -6.36187e-05 0.201236 0.891598 1.08329 0.0832919 -2.4854 0.130091 
11 23700 9 0.595861 2.51481e-05 7.02493 0.216708 -7.42421e-05 0.201233 0.891802 1.08354 0.0835391 -2.48244 0.130636 
11 23800 9 0.598376 2.51481e-05 7.02493 0.216722 -6.74304e-05 0.201228 0.891861 1.08361 0.0836117 -2.48157 0.131181 
11 23900 9 0.600891 2.51481e-05 7.02493 0.216709 -5.49417e-05 0.201223 0.891808 1.08355 0.0835473 -2.48234 0.131726 
11 24000 9 0.603406 2.51481e-05 7.02493 0.216758 -3.03837e-05 0.201217 0.89201 1.08379 0.0837917 -2.47942 0.132272 
11 24100 9 0.60592 2.51481e-05 7.02493 0.21681 -3.49519e-05 0.201209 0.89222 1.08405 0.0840479 -2.47637 0.132817 
11 24200 9 0.608435 2.51481e-05 7.02493 0.216832 -1.46052e-06 0.201204 0.892314 1.08416 0.0841613 -2.47502 0.133362 
11 24300 9 0.61095 2.51481e-05 7.02493 0.216865 4.82934e-05 0.201203 0.89245 1.08433 0.0843271 -2.47305 0.133907 
11 24400 9 0.613465 2.51481e-05 7.02493 0.216886 8.76163e-05 0.2012 0.892535 1.08443 0.0844296 -2.47184 0.134453 
11 24500 9 0.61598 2.51481e-05 7.02493 0.216894 0.000152512 0.2012 0.892568 1.08447 0.0844706 -2.47135 0.134998 
11 24600 9 0.618494 2.51481e-05 7.02493 0.216839 0.000187912 0.2012 0.892341 1.08419 0.0841939 -2.47463 0.135544 
11 24700 9 0.621009 2.51481e-05 7.02493 0.216798 0.000191699 0.201201 0.892172 1.08399 0.0839893 -2.47707 0.136089 
11 24800 9 0.623524 2.51481e-05 7.02493 0.216778 0.000201306 0.201204 0.89209 1.08389 0.0838889 -2.47826 0.136634 
11 24900 9 0.626039 2.51481e-05 7.02493 0.21671 0.000188752 0.201211 0.891809 1.08355 0.083548 -2.48233 0.137179 
11 25000 9 0.628554 2.51481e-05 7.02493 0.216662 0.000136268 0.201218 0.891612 1.08331 0.0833086 -2.4852 0.137725 
11 25100 9 0.631068 2.51481e-05 7.02493 0.216639 0.000130013 0.201219 0.891518 1.08319 0.0831944 -2.48658 0.138269 
11 25200 9 0.633583 2.51481e-05 7.02493 0.216647 0.000100916 0.201214 0.891553 1.08324 0.083237 -2.48606 0.138815 
11 25300 9 0.636098 2.51481e-05 7.02493 0.216641 6.74411e-05 0.201217 0.891525 1.0832 0.083203 -2.48647 0.13936 
11 25400 9 0.638613 2.51481e-05 7.02493 0.216621 1.71936e-05 0.201213 0.891444 1.0831 0.0831047 -2.48765 0.139904 
11 25500 10 0.641107 2.51481e-05 7.02493 0.216605 -3.83743e-05 0.20121 0.891378 1.08302 0.0830244 -2.48862 0.140449 
11 25600 10 0.643621 2.51481e-05 7.02493 0.21659 -9.27092e-05 0.201207 0.891316 1.08295 0.0829491 -2.48953 0.140994 
11 25700 10 0.646136 2.51481e-05 7.02493 0.216579 -0.000154863 0.201202 0.891272 1.0829 0.082896 -2.49017 0.141538 
11 25800 10 0.648651 2.51481e-05 7.02493 0.216616 -0.000166554 0.201201 0.891423 1.08308 0.0830785 -2.48797 0.142083 
11 25900 10 0.651166 2.51481e-05 7.02493 0.216604 -0.000177855 0.201203 0.891373 1.08302 0.0830177 -2.4887 0.142627 
11 26000 10 0.653681 2.51481e-05 7.02493 0.216587 -0.000211428 0.201203 0.891306 1.08294 0.0829372 -2.48967 0.143172 
11 26100 10 0.656195 2.51481e-05 7.02493 0.216592 -0.000220022 0.2012 0.891325 1.08296 0.0829597 -2.4894 0.143717 
11 26200 10 0.65871 2.51481e-05 7.02493 0.216556 -0.000211787 0.201198 0.891177 1.08278 0.0827803 -2.49157 0.144262 
11 26300 10 0.661225 2.51481e-05 7.02493 0.216479 -0.000204652 0.201196 0.890859 1.08239 0.0823938 -2.49625 0.144806 
11 26400 10 0.66374 2.51481e-05 7.02493 0.216426 -0.000168508 0.201197 0.890641 1.08213 0.0821292 -2.49946 0.145351 
11 26500 10 0.666255 2.51481e-05 7.02493 0.216415 -0.000121017 0.201193 0.890597 1.08208 0.0820751 -2.50012 0.145896 
11 26600 10 0.668769 2.51481e-05 7.02493 0.216415 -7.48806e-05 0.201191 0.890599 1.08208 0.0820773 -2.50009 0.14644 
11 26700 10 0.671284 2.51481e-05 7.02493 0.216432 -3.85761e-05 0.201188 0.890668 1.08216 0.0821618 -2.49906 0.146984 
11 26800 10 0.673799 2.51481e-05 7.02493 0.216399 -3.93185e-05 0.201189 0.890533 1.082 0.0819971 -2.50107 0.147528 
11 26900 10 0.676314 2.51481e-05 7.02493 0.216372 -6.1231e-05 0.201188 0.89042 1.08186 0.0818607 -2.50274 0.148073 
11 27000 10 0.678829 2.51481e-05 7.02493 0.216393 -0.00010246 0.201183 0.890506 1.08196 0.0819649 -2.50146 0.148617 
11 27100 10 0.681343 2.51481e-05 7.02493 0.21644 -0.000112904 0.201178 0.890699 1.0822 0.0821988 -2.49861 0.149161 
11 27200 10 0.683858 2.51481e-05 7.02493 0.216452 -0.000149519 0.201177 0.890749 1.08226 0.0822595 -2.49788 0.149706 
11 27300 10 0.686373 2.51481e-05 7.02493 0.216473 -0.000179619 0.201174 0.890837 1.08237 0.0823674 -2.49657 0.15025 
11 27400 10 0.688888 2.51481e-05 7.02493 0.216467 -0.000158375 0.201175 0.890812 1.08234 0.0823361 -2.49695 0.150795 
11 27500 10 0.691403 2.51481e-05 7.02493 0.216451 -0.000152959 0.201177 0.890745 1.08225 0.0822546 -2.49794 0.151339 
11 27600 10 0.693917 2.51481e-05 7.02493 0.216393 -0.000129285 0.20118 0.890506 1.08197 0.0819654 -2.50146 0.151883 
11 27700 10 0.696432 2.51481e-05 7.02493 0.216361 -0.000113505 0.201186 0.890373 1.0818 0.0818026 -2.50345 0.152427 
11 27800 10 0.698947 2.51481e-05 7.02493 0.216339 -6.56007e-05 0.201188 0.890284 1.08169 0.081695 -2.50476 0.152972 
11 27900 10 0.701462 2.51481e-05 7.02493 0.216319 -1.57029e-05 0.201187 0.890201 1.08159 0.0815941 -2.506 0.153516 
11 28000 10 0.703977 2.51481e-05 7.02493 0.2163 -2.32034e-05 0.201183 0.890125 1.0815 0.0815018 -2.50713 0.15406 
11 28100 10 0.706491 2.51481e-05 7.02493 0.216281 -4.92009e-06 0.201182 0.890045 1.0814 0.081405 -2.50832 0.154604 
11 28200 10 0.709006 2.51481e-05 7.02493 0.216293 -3.40674e-05 0.201177 0.890096 1.08147 0.0814664 -2.50756 0.155148 
11 28300 10 0.711521 2.51481e-05 7.02493 0.216286 3.80541e-06 0.201172 0.890065 1.08143 0.0814292 -2.50802 0.155691 
11 28400 10 0.714036 2.51481e-05 7.02493 0.216276 5.21403e-05 0.20117 0.890024 1.08138 0.0813797 -2.50863 0.156236 
11 28500 10 0.716551 2.51481e-05 7.02493 0.216265 6.85684e-05 0.201169 0.889978 1.08132 0.0813235 -2.50932 0.15678 
11 28600 10 0.719066 2.51481e-05 7.02493 0.216229 4.6203e-05 0.201172 0.889832 1.08115 0.0811463 -2.5115 0.157324 
11 28700 11 0.721559 2.51481e-05 7.02493 0.21618 5.53675e-05 0.201181 0.889631 1.0809 0.0809014 -2.51452 0.157867 
11 28800 11 0.724074 2.51481e-05 7.02493 0.21617 2.6993e-05 0.20118 0.88959 1.08085 0.0808521 -2.51513 0.158411 
11 28900 11 0.726589 2.51481e-05 7.02493 0.216135 7.73448e-06 0.201184 0.889446 1.08068 0.0806763 -2.51731 0.158954 
11 29000 11 0.729104 2.51481e-05 7.02493 0.216116 -8.36546e-06 0.201183 0.889367 1.08058 0.0805807 -2.5185 0.159498 
11 29100 11 0.731618 2.51481e-05 7.02493 0.216109 1.84045e-05 0.20118 0.889339 1.08055 0.0805472 -2.51891 0.160042 
11 29200 11 0.734133 2.51481e-05 7.02493 0.216116 3.28253e-05 0.201176 0.889367 1.08058 0.0805804 -2.5185 0.160585 
11 29300 11 0.736648 2.51481e-05 7.02493 0.216102 4.93929e-05 0.201169 0.889307 1.08051 0.0805077 -2.5194 0.161129 
11 29400 11 0.739163 2.51481e-05 7.02493 0.21611 6.31298e-05 0.201166 0.889343 1.08055 0.0805515 -2.51886 0.161672 
11 29500 11 0.741678 2.51481e-05 7.02493 0.216121 6.83976e-05 0.201167 0.889388 1.08061 0.0806065 -2.51818 0.162216 
11 29600 11 0.744192 2.51481e-05 7.02493 0.21611 4.42804e-05 0.201165 0.889341 1.08055 0.0805493 -2.51889 0.16276 
11 29700 11 0.746707 2.51481e-05 7.02493 0.216128 8.37834e-05 0.201159 0.889416 1.08064 0.0806402 -2.51776 0.163303 
11 29800 11 0.749222 2.51481e-05 7.02493 0.216191 9.387e-05 0.201154 0.889675 1.08095 0.0809547 -2.51387 0.163846 
11 29900 11 0.751737 2.51481e-05 7.02493 0.216203 0.00011554 0.201149 0.889723 1.08101 0.0810129 -2.51315 0.164391 
11 30000 11 0.754252 2.51481e-05 7.02493 0.21623 9.99299e-05 0.201144 0.889835 1.08115 0.0811494 -2.51146 0.164934 
11 30100 11 0.756766 2.51481e-05 7.02493 0.216257 9.96519e-05 0.201141 0.889946 1.08128 0.0812843 -2.5098 0.165478 
11 30200 11 0.759281 2.51481e-05 7.02493 0.216267 0.000113629 0.201139 0.889989 1.08134 0.0813366 -2.50916 0.166022 
11 30300 11 0.761796 2.51481e-05 7.02493 0.216259 7.58987e-05 0.201138 0.889954 1.08129 0.0812943 -2.50968 0.166567 
11 30400 11 0.764311 2.51481e-05 7.02493 0.21624 7.37697e-05 0.201146 0.889877 1.0812 0.0812005 -2.51083 0.16711 
11 30500 11 0.766826 2.51481e-05 7.02493 0.216194 5.38213e-05 0.201152 0.889687 1.08097 0.0809702 -2.51367 0.167654 
11 30600 11 0.76934 2.51481e-05 7.02493 0.21614 5.86988e-05 0.201158 0.889465 1.0807 0.0807005 -2.51701 0.168197 
11 30700 11 0.771855 2.51481e-05 7.02493 0.216094 3.01399e-05 0.201157 0.889275 1.08047 0.0804686 -2.51989 0.168741 
11 30800 11 0.77437 2.51481e-05 7.02493 0.216103 4.59267e-06 0.201156 0.889313 1.08052 0.0805155 -2.51931 0.169285 
11 30900 11 0.776885 2.51481e-05 7.02493 0.216047 1.66333e-05 0.201159 0.889081 1.08023 0.080234 -2.52281 0.169828 
11 31000 11 0.7794 2.51481e-05 7.02493 0.216043 7.01082e-05 0.201155 0.889065 1.08021 0.0802145 -2.52305 0.170371 
11 31100 11 0.781915 2.51481e-05 7.02493 0.216045 0.000111981 0.201154 0.889075 1.08023 0.0802266 -2.5229 0.170915 
11 31200 11 0.784429 2.51481e-05 7.02493 0.216057 9.11761e-05 0.201147 0.889122 1.08028 0.0802837 -2.52219 0.171458 
11 31300 11 0.786944 2.51481e-05 7.02493 0.216029 8.0791e-05 0.201147 0.889009 1.08015 0.0801459 -2.52391 0.172002 
11 31400 11 0.789459 2.51481e-05 7.02493 0.216033 3.97164e-05 0.201147 0.889027 1.08017 0.0801673 -2.52364 0.172545 
11 31500 11 0.791974 2.51481e-05 7.02493 0.216013 3.7232e-05 0.201144 0.888944 1.08007 0.0800664 -2.5249 0.173088 
11 31600 11 0.794489 2.51481e-05 7.02493 0.216004 3.91393e-05 0.201147 0.888905 1.08002 0.08002 -2.52548 0.173632 
11 31700 11 0.797003 2.51481e-05 7.02493 0.215983 2.76624e-05 0.201149 0.888817 1.07991 0.0799132 -2.52681 0.174174 
11 31800 11 0.799518 2.51481e-05 7.02493 0.215907 7.6262e-06 0.20115 0.888508 1.07954 0.0795375 -2.53153 0.174718 
11 31900 12 0.802012 2.51481e-05 7.02493 0.215889 6.11045e-06 0.201148 0.888431 1.07944 0.0794434 -2.53271 0.17526 
11 32000 12 0.804527 2.51481e-05 7.02493 0.215879 -7.17894e-06 0.201147 0.888389 1.07939 0.079393 -2.53335 0.175804 
11 32100 12 0.807041 2.51481e-05 7.02493 0.215912 3.80658e-06 0.201142 0.888526 1.07956 0.0795597 -2.53125 0.176347 
11 32200 12 0.809556 2.51481e-05 7.02493 0.215928 8.92658e-06 0.201139 0.888591 1.07964 0.0796383 -2.53026 0.17689 
11 32300 12 0.812071 2.51481e-05 7.02493 0.215897 -3.97107e-06 0.201143 0.888467 1.07949 0.0794872 -2.53216 0.177433 
11 32400 12 0.814586 2.51481e-05 7.02493 0.21587 1.30685e-05 0.201141 0.888355 1.07935 0.0793513 -2.53387 0.177976 
11 32500 12 0.817101 2.51481e-05 7.02493 0.215868 3.25372e-05 0.201139 0.888347 1.07934 0.0793416 -2.53399 0.178519 
11 32600 12 0.819615 2.51481e-05 7.02493 0.21589 4.27858e-05 0.201131 0.888437 1.07945 0.0794509 -2.53262 0.179062 
11 32700 12 0.82213 2.51481e-05 7.02493 0.215924 2.97987e-05 0.201126 0.888578 1.07962 0.0796221 -2.53046 0.179605 
11 32800 12 0.824645 2.51481e-05 7.02493 0.215921 1.66989e-05 0.201122 0.888566 1.07961 0.0796075 -2.53065 0.180148 
11 32900 12 0.82716 2.51481e-05 7.02493 0.215946 -8.82734e-07 0.201119 0.888666 1.07973 0.0797294 -2.52912 0.180691 
11 33000 12 0.829675 2.51481e-05 7.02493 0.215971 -9.51744e-07 0.201118 0.88877 1.07986 0.0798555 -2.52754 0.181235 
11 33100 12 0.83219 2.51481e-05 7.02493 0.215968 -1.99448e-05 0.201118 0.888755 1.07984 0.0798377 -2.52776 0.181778 
11 33200 12 0.834704 2.51481e-05 7.02493 0.215944 -2.17148e-05 0.201121 0.888658 1.07972 0.0797195 -2.52924 0.182321 
11 33300 12 0.837219 2.51481e-05 7.02493 0.215897 -3.4752e-05 0.201127 0.888463 1.07948 0.079483 -2.53221 0.182864 
11 33400 12 0.839734 2.51481e-05 7.02493 0.215852 -4.2653e-05 0.201134 0.888278 1.07926 0.0792579 -2.53505 0.183407 
11 33500 12 0.842249 2.51481e-05 7.02493 0.215772 -3.68106e-05 0.201143 0.887951 1.07886 0.0788604 -2.54008 0.18395 
11 33600 12 0.844764 2.51481e-05 7.02493 0.215755 -4.01366e-05 0.201147 0.88788 1.07877 0.0787741 -2.54117 0.184492 
11 33700 12 0.847278 2.51481e-05 7.02493 0.215747 -5.90668e-05 0.201145 0.887847 1.07873 0.0787344 -2.54168 0.185035 
11 33800 12 0.849793 2.51481e-05 7.02493 0.215773 -7.19439e-05 0.20114 0.887957 1.07887 0.0788672 -2.53999 0.185577 
11 33900 12 0.852308 2.51481e-05 7.02493 0.215826 -0.000108343 0.201132 0.888172 1.07913 0.0791286 -2.53668 0.18612 
11 34000 12 0.854823 2.51481e-05 7.02493 0.215841 -0.000108792 0.201129 0.888236 1.07921 0.0792067 -2.53569 0.186663 
11 34100 12 0.857338 2.51481e-05 7.02493 0.215803 -8.15569e-05 0.201132 0.888076 1.07901 0.0790126 -2.53815 0.187206 
11 34200 12 0.859852 2.51481e-05 7.02493 0.215778 -6.45495e-05 0.201133 0.887973 1.07889 0.0788876 -2.53973 0.187749 
11 34300 12 0.862367 2.51481e-05 7.02493 0.215732 -6.99672e-05 0.201136 0.887786 1.07866 0.0786599 -2.54262 0.188291 
11 34400 12 0.864882 2.51481e-05 7.02493 0.21572 -5.2115e-05 0.201134 0.887737 1.0786 0.0786004 -2.54338 0.188834 
11 34500 12 0.867397 2.51481e-05 7.02493 0.215689 -3.34312e-05 0.201137 0.887611 1.07845 0.0784474 -2.54533 0.189376 
11 34600 12 0.869912 2.51481e-05 7.02493 0.215638 -1.4823e-05 0.201137 0.887397 1.07819 0.0781876 -2.54864 0.189919 
11 34700 12 0.872426 2.51481e-05 7.02493 0.215606 -1.18869e-05 0.201134 0.887266 1.07803 0.0780284 -2.55068 0.190461 
11 34800 12 0.874941 2.51481e-05 7.02493 0.215619 -3.03845e-05 0.201131 0.887321 1.0781 0.0780951 -2.54983 0.191003 
11 34900 12 0.877456 2.51481e-05 7.02493 0.215666 -3.77393e-05 0.201122 0.887513 1.07833 0.0783281 -2.54685 0.191546 
11 35000 12 0.879971 2.51481e-05 7.02493 0.215684 -5.28231e-05 0.201117 0.88759 1.07842 0.0784216 -2.54566 0.192088 
11 35100 13 0.882465 2.51481e-05 7.02493 0.215716 -6.20219e-05 0.201116 0.887719 1.07858 0.0785781 -2.54366 0.192631 
11 35200 13 0.884979 2.51481e-05 7.02493 0.215705 -7.05577e-05 0.201115 0.887673 1.07852 0.0785226 -2.54437 0.193174 
11 35300 13 0.887494 2.51481e-05 7.02493 0.215687 -7.55465e-05 0.201112 0.887602 1.07844 0.0784361 -2.54547 0.193716 
11 35400 13 0.890009 2.51481e-05 7.02493 0.215673 -8.33639e-05 0.201112 0.887544 1.07837 0.078366 -2.54637 0.194258 
11 35500 13 0.892524 2.51481e-05 7.02493 0.215696 -8.4992e-05 0.201109 0.887636 1.07848 0.0784777 -2.54494 0.194801 
11 35600 13 0.895039 2.51481e-05 7.02493 0.215703 -9.00365e-05 0.201103 0.887665 1.07851 0.0785129 -2.54449 0.195344 
11 35700 13 0.897553 2.51481e-05 7.02493 0.215722 -9.4663e-05 0.201098 0.887744 1.07861 0.0786084 -2.54328 0.195886 
11 35800 13 0.900068 2.51481e-05 7.02493 0.215724 -9.36221e-05 0.201096 0.887755 1.07862 0.0786224 -2.5431 0.196428 
11 35900 13 0.902583 2.51481e-05 7.02493 0.215743 -5.73332e-05 0.201097 0.887832 1.07872 0.0787153 -2.54192 0.196971 
11 36000 13 0.905098 2.51481e-05 7.02493 0.21573 -6.48063e-05 0.2011 0.887777 1.07865 0.0786493 -2.54276 0.197514 
11 36100 13 0.907613 2.51481e-05 7.02493 0.215684 -3.78004e-05 0.201105 0.88759 1.07842 0.0784219 -2.54565 0.198057 
11 36200 13 0.910127 2.51481e-05 7.02493 0.215671 -2.23266e-05 0.201107 0.887536 1.07836 0.0783565 -2.54649 0.198599 
11 36300 13 0.912642 2.51481e-05 7.02493 0.215616 -1.70191e-05 0.20111 0.887307 1.07808 0.0780783 -2.55004 0.199141 
11 36400 13 0.915157 2.51481e-05 7.02493 0.215617 -1.06774e-05 0.201115 0.887314 1.07809 0.0780869 -2.54993 0.199684 
11 36500 13 0.917672 2.51481e-05 7.02493 0.215601 4.47188e-05 0.201118 0.887245 1.078 0.078003 -2.55101 0.200226 
11 36600 13 0.920187 2.51481e-05 7.02493 0.215582 0.000105585 0.201118 0.887167 1.07791 0.0779078 -2.55223 0.200768 
11 36700 13 0.922701 2.51481e-05 7.02493 0.215589 0.000153009 0.201116 0.887198 1.07795 0.0779457 -2.55174 0.20131 
11 36800 13 0.925216 2.51481e-05 7.02493 0.215557 0.000171466 0.201121 0.887068 1.07779 0.0777872 -2.55378 0.201852 
11 36900 13 0.927731 2.51481e-05 7.02493 0.215519 0.000220497 0.201125 0.886909 1.07759 0.0775939 -2.55627 0.202394 
11 37000 13 0.930246 2.51481e-05 7.02493 0.215512 0.000175176 0.201125 0.886881 1.07756 0.0775609 -2.55669 0.202936 
11 37100 13 0.932761 2.51481e-05 7.02493 0.21551 0.000160101 0.201123 0.886873 1.07755 0.0775502 -2.55683 0.203479 
11 37200 13 0.935275 2.51481e-05 7.02493 0.215503 0.000148457 0.201123 0.886843 1.07751 0.0775148 -2.55729 0.204021 
11 37300 13 0.93779 2.51481e-05 7.02493 0.215519 0.000144032 0.201119 0.88691 1.0776 0.077595 -2.55625 0.204563 
11 37400 13 0.940305 2.51481e-05 7.02493 0.215455 0.00010378 0.201124 0.886645 1.07727 0.0772737 -2.5604 0.205105 
11 37500 13 0.94282 2.51481e-05 7.02493 0.215424 9.07728e-05 0.201119 0.886517 1.07712 0.0771188 -2.56241 0.205646 
11 37600 13 0.945335 2.51481e-05 7.02493 0.215482 0.000110918 0.201112 0.886757 1.07741 0.0774101 -2.55864 0.206189 
11 37700 13 0.947849 2.51481e-05 7.02493 0.215515 0.000104833 0.201105 0.886895 1.07758 0.0775773 -2.55648 0.206731 
11 37800 13 0.950364 2.51481e-05 7.02493 0.215522 8.76912e-05 0.2011 0.88692 1.07761 0.0776078 -2.55609 0.207272 
11 37900 13 0.952879 2.51481e-05 7.02493 0.21556 8.73777e-05 0.201095 0.887078 1.0778 0.0777998 -2.55362 0.207815 
11 38000 13 0.955394 2.51481e-05 7.02493 0.215582 6.28997e-05 0.201095 0.887168 1.07791 0.0779092 -2.55221 0.208356 
11 38100 13 0.957909 2.51481e-05 7.02493 0.215595 4.43521e-05 0.201094 0.887224 1.07798 0.0779769 -2.55134 0.208899 
11 38200 14 0.960402 2.51481e-05 7.02493 0.215552 3.46211e-05 0.201093 0.887046 1.07776 0.0777604 -2.55412 0.209441 
11 38300 14 0.962917 2.51481e-05 7.02493 0.215556 1.90493e-05 0.201089 0.887061 1.07778 0.0777792 -2.55388 0.209983 
11 38400 14 0.965432 2.51481e-05 7.02493 0.215592 2.12832e-05 0.201085 0.88721 1.07796 0.0779596 -2.55157 0.210525 
11 38500 14 0.967947 2.51481e-05 7.02493 0.215594 2.66258e-05 0.201082 0.887217 1.07797 0.0779682 -2.55145 0.211067 
11 38600 14 0.970462 2.51481e-05 7.02493 0.215541 1.36283e-05 0.201082 0.887 1.0777 0.077705 -2.55484 0.21161 
11 38700 14 0.972976 2.51481e-05 7.02493 0.215551 -1.37294e-06 0.201081 0.887042 1.07776 0.077756 -2.55418 0.212152 
11 38800 14 0.975491 2.51481e-05 7.02493 0.21553 -2.7544e-05 0.201084 0.886955 1.07765 0.0776504 -2.55554 0.212694 
11 38900 14 0.978006 2.51481e-05 7.02493 0.215493 -6.98944e-05 0.201088 0.886804 1.07747 0.0774673 -2.5579 0.213236 
11 39000 14 0.980521 2.51481e-05 7.02493 0.215491 -5.85843e-05 0.201087 0.886795 1.07746 0.0774557 -2.55805 0.213778 
11 39100 14 0.983036 2.51481e-05 7.02493 0.215482 -4.56973e-05 0.201086 0.886756 1.07741 0.0774087 -2.55866 0.214321 
11 39200 14 0.98555 2.51481e-05 7.02493 0.215429 -2.19363e-05 0.201093 0.886538 1.07714 0.0771431 -2.56209 0.214862 
11 39300 14 0.988065 2.51481e-05 7.02493 0.215377 -1.39074e-05 0.201101 0.886326 1.07689 0.0768859 -2.56543 0.215403 
11 39400 14 0.99058 2.51481e-05 7.02493 0.215333 -3.67583e-06 0.201103 0.886143 1.07666 0.0766642 -2.56832 0.215946 
11 39500 14 0.993095 2.51481e-05 7.02493 0.21534 -3.30719e-05 0.201101 0.886173 1.0767 0.0767006 -2.56785 0.216487 
11 39600 14 0.99561 2.51481e-05 7.02493 0.215346 -6.91192e-05 0.201103 0.886196 1.07673 0.0767284 -2.56748 0.217029 
11 39700 14 0.998124 2.51481e-05 7.02493 0.215324 -0.000111694 0.201101 0.886107 1.07662 0.0766206 -2.56889 0.21757 
11 39800 14 1.00064 2.51481e-05 7.02493 0.215331 -0.000144812 0.201102 0.886136 1.07666 0.0766558 -2.56843 0.218112 
11 39900 14 1.00315 2.51481e-05 7.02493 0.215354 -0.000164888 0.2011 0.886229 1.07677 0.076768 -2.56697 0.218654 
11 40000 14 1.00567 2.51481e-05 7.02493 0.215354 -0.000147713 0.201098 0.886231 1.07677 0.0767701 -2.56694 0.219195 
11 40100 14 1.00818 2.51481e-05 7.02493 0.215355 -0.000122469 0.201098 0.886234 1.07677 0.0767743 -2.56689 0.219737 
11 40200 14 1.0107 2.51481e-05 7.02493 0.215323 -8.55685e-05 0.201102 0.886101 1.07661 0.0766126 -2.56899 0.220278 
11 40300 14 1.01321 2.51481e-05 7.02493 0.215284 -6.26182e-05 0.201099 0.885943 1.07642 0.0764211 -2.5715 0.22082 
11 40400 14 1.01573 2.51481e-05 7.02493 0.215348 -5.20556e-05 0.201091 0.886207 1.07674 0.0767419 -2.56731 0.221362 
11 40500 14 1.01824 2.51481e-05 7.02493 0.215352 -4.39515e-05 0.201086 0.886222 1.07676 0.0767594 -2.56708 0.221903 
11 40600 14 1.02076 2.51481e-05 7.02493 0.215341 -4.11286e-05 0.201086 0.886176 1.0767 0.0767038 -2.5678 0.222445 
11 40700 14 1.02327 2.51481e-05 7.02493 0.215383 -4.89497e-05 0.201082 0.886348 1.07691 0.0769132 -2.56508 0.222986 
11 40800 14 1.02579 2.51481e-05 7.02493 0.215397 -5.91916e-05 0.201077 0.886407 1.07698 0.076985 -2.56415 0.223528 
11 40900 14 1.0283 2.51481e-05 7.02493 0.215403 -8.06141e-05 0.201077 0.88643 1.07701 0.0770126 -2.56379 0.22407 
11 41000 14 1.03082 2.51481e-05 7.02493 0.215402 -9.06395e-05 0.201074 0.88643 1.07701 0.0770124 -2.56379 0.224611 
11 41100 14 1.03333 2.51481e-05 7.02493 0.215368 -8.65644e-05 0.201077 0.886289 1.07684 0.0768411 -2.56602 0.225153 
11 41200 14 1.03585 2.51481e-05 7.02493 0.215409 -8.09364e-05 0.201072 0.886456 1.07704 0.0770442 -2.56338 0.225695 
11 41300 14 1.03836 2.51481e-05 7.02493 0.215445 -5.51908e-05 0.201068 0.886604 1.07722 0.0772239 -2.56105 0.226237 
11 41400 15 1.04086 2.51481e-05 7.02493 0.215434 -4.56314e-05 0.201065 0.88656 1.07717 0.0771708 -2.56173 0.226779 
11 41500 15 1.04337 2.51481e-05 7.02493 0.215424 -4.54341e-05 0.201066 0.886517 1.07712 0.0771187 -2.56241 0.227321 
11 41600 15 1.04588 2.51481e-05 7.02493 0.215365 -4.94899e-05 0.201071 0.886274 1.07682 0.0768227 -2.56626 0.227862 
11 41700 15 1.0484 2.51481e-05 7.02493 0.2153 -3.57516e-05 0.201074 0.88601 1.0765 0.0765017 -2.57044 0.228405 
11 41800 15 1.05091 2.51481e-05 7.02493 0.215256 -3.55097e-05 0.201076 0.885827 1.07628 0.0762801 -2.57334 0.228946 
11 41900 15 1.05343 2.51481e-05 7.02493 0.215256 -1.16532e-05 0.201075 0.885826 1.07628 0.076279 -2.57336 0.229487 
11 42000 15 1.05594 2.51481e-05 7.02493 0.215233 -8.66185e-07 0.20108 0.885734 1.07617 0.0761671 -2.57483 0.230028 
11 42100 15 1.05846 2.51481e-05 7.02493 0.215197 1.0897e-05 0.201082 0.885583 1.07598 0.0759838 -2.57723 0.23057 
11 42200 15 1.06097 2.51481e-05 7.02493 0.215169 -2.67571e-06 0.201085 0.885467 1.07584 0.0758429 -2.57909 0.23111 
11 42300 15 1.06349 2.51481e-05 7.02493 0.215145 -4.82433e-06 0.201086 0.885372 1.07573 0.0757274 -2.58062 0.231652 
11 42400 15 1.066 2.51481e-05 7.02493 0.215131 -1.99271e-05 0.201087 0.885314 1.07566 0.0756565 -2.58155 0.232193 
11 42500 15 1.06852 2.51481e-05 7.02493 0.215141 -1.75686e-05 0.201089 0.885353 1.0757 0.075704 -2.58092 0.232734 
11 42600 15 1.07103 2.51481e-05 7.02493 0.215136 -7.06385e-06 0.20109 0.885335 1.07568 0.0756817 -2.58122 0.233275 
11 42700 15 1.07355 2.51481e-05 7.02493 0.215105 2.02508e-05 0.201094 0.885204 1.07552 0.0755225 -2.58332 0.233817 
11 42800 15 1.07606 2.51481e-05 7.02493 0.215136 7.49575e-05 0.20109 0.885332 1.07568 0.0756785 -2.58126 0.234357 
11 42900 15 1.07858 2.51481e-05 7.02493 0.215124 8.89725e-05 0.20109 0.885283 1.07562 0.0756187 -2.58205 0.234898 
11 43000 15 1.08109 2.51481e-05 7.02493 0.215096 -7.07898e-06 0.201091 0.88517 1.07548 0.0754816 -2.58387 0.23544 
11 43100 15 1.08361 2.51481e-05 7.02493 0.215106 4.92935e-05 0.201086 0.88521 1.07553 0.0755304 -2.58322 0.235981 
11 43200 15 1.08612 2.51481e-05 7.02493 0.215142 6.97178e-05 0.201079 0.885358 1.07571 0.0757104 -2.58084 0.236522 
11 43300 15 1.08864 2.51481e-05 7.02493 0.215192 0.000132124 0.201073 0.885566 1.07596 0.0759624 -2.57752 0.237063 
11 43400 15 1.09115 2.51481e-05 7.02493 0.215214 0.000140534 0.201066 0.885655 1.07607 0.0760711 -2.57609 0.237604 
11 43500 15 1.09367 2.51481e-05 7.02493 0.215216 0.000156327 0.201066 0.885662 1.07608 0.0760799 -2.57597 0.238146 
11 43600 15 1.09618 2.51481e-05 7.02493 0.215229 0.000148404 0.201064 0.885715 1.07614 0.0761443 -2.57513 0.238687 
11 43700 15 1.0987 2.51481e-05 7.02493 0.215243 0.000155158 0.201061 0.885774 1.07622 0.0762154 -2.57419 0.239228 
11 43800 15 1.10121 2.51481e-05 7.02493 0.215247 0.000163811 0.201058 0.885791 1.07624 0.0762366 -2.57391 0.239769 
11 43900 15 1.10373 2.51481e-05 7.02493 0.215229 0.00014939 0.20106 0.885714 1.07614 0.0761427 -2.57515 0.24031 
11 44000 15 1.10624 2.51481e-05 7.02493 0.215234 0.00014068 0.20106 0.885737 1.07617 0.07617 -2.57479 0.240852 
11 44100 15 1.10875 2.51481e-05 7.02493 0.21523 0.000143516 0.201055 0.88572 1.07615 0.0761492 -2.57506 0.241393 
11 44200 15 1.11127 2.51481e-05 7.02493 0.215246 0.000150234 0.201053 0.885785 1.07623 0.0762291 -2.57401 0.241934 
11 44300 15 1.11378 2.51481e-05 7.02493 0.215302 0.000147235 0.201051 0.886015 1.07651 0.0765079 -2.57036 0.242476 
11 44400 15 1.1163 2.51481e-05 7.02493 0.215302 0.000199994 0.201052 0.886018 1.07651 0.0765113 -2.57032 0.243018 
11 44500 15 1.11881 2.51481e-05 7.02493 0.215209 0.000202913 0.201059 0.885633 1.07604 0.0760442 -2.57644 0.243559 
11 44600 16 1.12131 2.51481e-05 7.02493 0.215144 0.000207329 0.201064 0.885364 1.07572 0.0757176 -2.58074 0.2441 
11 44700 16 1.12382 2.51481e-05 7.02493 0.215079 0.000216054 0.201067 0.885098 1.07539 0.0753938 -2.58503 0.244641 
11 44800 16 1.12634 2.51481e-05 7.02493 0.215065 0.00022556 0.201067 0.885041 1.07532 0.0753248 -2.58595 0.245182 
11 44900 16 1.12885 2.51481e-05 7.02493 0.21505 0.000208915 0.20107 0.884977 1.07525 0.0752476 -2.58697 0.245723 
11 45000 16 1.13137 2.51481e-05 7.02493 0.214998 0.000191787 0.201073 0.884767 1.07499 0.0749921 -2.59037 0.246264 
11 45100 16 1.13388 2.51481e-05 7.02493 0.214977 0.000196737 0.201074 0.88468 1.07489 0.074886 -2.59179 0.246805 
11 45200 16 1.1364 2.51481e-05 7.02493 0.215012 0.000170067 0.201071 0.884822 1.07506 0.0750583 -2.58949 0.247345 
11 45300 16 1.13891 2.51481e-05 7.02493 0.215018 0.000154265 0.201068 0.884847 1.07509 0.0750889 -2.58908 0.247886 
11 45400 16 1.14143 2.51481e-05 7.02493 0.214991 0.000119314 0.201069 0.884737 1.07495 0.0749549 -2.59087 0.248427 
11 45500 16 1.14394 2.51481e-05 7.02493 0.215027 0.000115772 0.201069 0.884885 1.07514 0.0751355 -2.58846 0.248968 
11 45600 16 1.14646 2.51481e-05 7.02493 0.215029 0.000112343 0.201067 0.884892 1.07514 0.0751439 -2.58835 0.249508 
11 45700 16 1.14897 2.51481e-05 7.02493 0.215027 0.00014009 0.201066 0.884885 1.07514 0.0751356 -2.58846 0.250049 
11 45800 16 1.15149 2.51481e-05 7.02493 0.214973 0.000138586 0.201075 0.884662 1.07486 0.0748638 -2.59209 0.25059 
11 45900 16 1.154 2.51481e-05 7.02493 0.214971 9.46021e-05 0.201071 0.884654 1.07485 0.0748543 -2.59221 0.251131 
11 46000 16 1.15651 2.51481e-05 7.02493 0.215003 7.98064e-05 0.201068 0.884787 1.07502 0.0750168 -2.59004 0.251672 
11 46100 16 1.15903 2.51481e-05 7.02493 0.215087 5.34748e-05 0.201057 0.885131 1.07543 0.0754344 -2.58449 0.252212 
11 46200 16 1.16154 2.51481e-05 7.02493 0.215144 4.25596e-05 0.201046 0.885366 1.07572 0.0757196 -2.58072 0.252753 
11 46300 16 1.16406 2.51481e-05 7.02493 0.215146 4.41863e-05 0.201045 0.885374 1.07573 0.0757288 -2.5806 0.253294 
11 46400 16 1.16657 2.51481e-05 7.02493 0.21513 3.55584e-05 0.201047 0.885307 1.07565 0.0756486 -2.58166 0.253835 
11 46500 16 1.16909 2.51481e-05 7.02493 0.215065 2.94194e-05 0.201054 0.885039 1.07532 0.0753226 -2.58597 0.254377 
11 46600 16 1.1716 2.51481e-05 7.02493 0.215031 1.7704e-05 0.201057 0.884903 1.07516 0.075157 -2.58818 0.254918 
11 46700 16 1.17412 2.51481e-05 7.02493 0.215055 -6.61913e-06 0.20105 0.885 1.07528 0.0752752 -2.5866 0.255458 
11 46800 16 1.17663 2.51481e-05 7.02493 0.215044 -3.35122e-05 0.201048 0.884955 1.07522 0.0752201 -2.58734 0.255999 
11 46900 16 1.17915 2.51481e-05 7.02493 0.215082 -7.08961e-05 0.201043 0.885112 1.07541 0.0754108 -2.5848 0.25654 
11 47000 16 1.18166 2.51481e-05 7.02493 0.215101 -5.77219e-05 0.20104 0.885191 1.07551 0.0755071 -2.58353 0.257081 
11 47100 16 1.18418 2.51481e-05 7.02493 0.215076 -5.64385e-05 0.201044 0.885085 1.07538 0.0753777 -2.58524 0.257622 
11 47200 16 1.18669 2.51481e-05 7.02493 0.215079 -5.31403e-05 0.201043 0.885099 1.07539 0.0753947 -2.58502 0.258162 
11 47300 16 1.18921 2.51481e-05 7.02493 0.21508 -4.70931e-05 0.201045 0.885103 1.0754 0.0754003 -2.58494 0.258704 
11 47400 16 1.19172 2.51481e-05 7.02493 0.21505 -4.13633e-05 0.201048 0.88498 1.07525 0.0752508 -2.58693 0.259245 
11 47500 16 1.19424 2.51481e-05 7.02493 0.214991 -2.32321e-05 0.201051 0.884737 1.07496 0.0749552 -2.59086 0.259785 
11 47600 16 1.19675 2.51481e-05 7.02493 0.214946 -5.01542e-06 0.201053 0.88455 1.07473 0.0747279 -2.5939 0.260326 
11 47700 16 1.19927 2.51481e-05 7.02493 0.214873 -1.01783e-05 0.201059 0.884253 1.07437 0.0743673 -2.59874 0.260866 
11 47800 17 1.20176 2.51481e-05 7.02493 0.21484 5.7641e-06 0.201061 0.884114 1.0742 0.0741988 -2.60101 0.261407 
11 47900 17 1.20428 2.51481e-05 7.02493 0.214842 2.01079e-05 0.201062 0.884122 1.07421 0.0742077 -2.60089 0.261947 
11 48000 17 1.20679 2.51481e-05 7.02493 0.214862 4.1496e-05 0.201058 0.884204 1.07431 0.0743082 -2.59953 0.262488 
11 48100 17 1.2093 2.51481e-05 7.02493 0.214836 3.78546e-05 0.201063 0.884097 1.07418 0.0741782 -2.60128 0.263028 
11 48200 17 1.21182 2.51481e-05 7.02493 0.214842 -2.92329e-06 0.201064 0.884126 1.07421 0.0742125 -2.60082 0.263569 
11 48300 17 1.21433 2.51481e-05 7.02493 0.214835 -5.49188e-05 0.201061 0.884096 1.07418 0.0741766 -2.60131 0.264109 
11 48400 17 1.21685 2.51481e-05 7.02493 0.214831 -8.77884e-05 0.201059 0.884078 1.07415 0.0741549 -2.6016 0.264649 
11 48500 17 1.21936 2.51481e-05 7.02493 0.21483 -0.000109847 0.201055 0.884072 1.07415 0.0741476 -2.6017 0.26519 
11 48600 17 1.22188 2.51481e-05 7.02493 0.214818 -0.000127441 0.201059 0.884026 1.07409 0.0740919 -2.60245 0.26573 
11 48700 17 1.22439 2.51481e-05 7.02493 0.2148 -0.000108111 0.201056 0.88395 1.074 0.0739987 -2.60371 0.26627 
11 48800 17 1.22691 2.51481e-05 7.02493 0.214829 -0.000100259 0.201051 0.88407 1.07415 0.0741456 -2.60173 0.26681 
11 48900 17 1.22942 2.51481e-05 7.02493 0.214897 -0.000103933 0.201043 0.88435 1.07448 0.0744849 -2.59716 0.267351 
11 49000 17 1.23194 2.51481e-05 7.02493 0.21498 -8.50394e-05 0.201034 0.884692 1.0749 0.0749013 -2.59158 0.267891 
11 49100 17 1.23445 2.51481e-05 7.02493 0.214986 -7.62227e-05 0.201033 0.884714 1.07493 0.0749281 -2.59123 0.268431 
11 49200 17 1.23697 2.51481e-05 7.02493 0.214994 -5.91891e-05 0.201032 0.88475 1.07497 0.0749717 -2.59064 0.268973 
11 49300 17 1.23948 2.51481e-05 7.02493 0.214982 -2.62095e-05 0.201034 0.884699 1.07491 0.0749091 -2.59148 0.269514 
11 49400 17 1.242 2.51481e-05 7.02493 0.214949 -2.24443e-06 0.201037 0.884565 1.07475 0.0747461 -2.59366 0.270055 
11 49500 17 1.24451 2.51481e-05 7.02493 0.214937 -7.68069e-06 0.201038 0.884515 1.07469 0.0746853 -2.59447 0.270595 
11 49600 17 1.24703 2.51481e-05 7.02493 0.214936 1.33369e-05 0.201037 0.884512 1.07468 0.0746817 -2.59452 0.271136 
11 49700 17 1.24954 2.51481e-05 7.02493 0.214946 3.40268e-05 0.201033 0.884552 1.07473 0.0747307 -2.59386 0.271676 
11 49800 17 1.25206 2.51481e-05 7.02493 0.214954 3.98438e-05 0.20103 0.884584 1.07477 0.0747701 -2.59334 0.272217 
11 49900 17 1.25457 2.51481e-05 7.02493 0.214929 3.50509e-05 0.201032 0.884482 1.07465 0.0746451 -2.59501 0.272757 
11 50000 17 1.25709 2.51481e-05 7.02493 0.214919 5.42713e-05 0.201034 0.884442 1.0746 0.0745967 -2.59566 0.273298 
11 50100 17 1.2596 2.51481e-05 7.02493 0.214914 7.31812e-05 0.201034 0.88442 1.07457 0.0745702 -2.59601 0.273838 
11 50200 17 1.26212 2.51481e-05 7.02493 0.21492 5.55246e-05 0.201034 0.884445 1.0746 0.0746003 -2.59561 0.274379 
11 50300 17 1.26463 2.51481e-05 7.02493 0.214908 3.22816e-05 0.201034 0.884393 1.07454 0.0745377 -2.59645 0.274919 
11 50400 17 1.26715 2.51481e-05 7.02493 0.214872 1.72887e-05 0.201039 0.884248 1.07436 0.0743608 -2.59883 0.27546 
11 50500 17 1.26966 2.51481e-05 7.02493 0.214794 -1.10824e-05 0.201043 0.883926 1.07397 0.0739698 -2.6041 0.275999 
11 50600 17 1.27217 2.51481e-05 7.02493 0.214716 -1.11041e-05 0.201048 0.883604 1.07358 0.0735785 -2.6094 0.27654 
11 50700 17 1.27469 2.51481e-05 7.02493 0.214675 -8.82953e-06 0.20105 0.883435 1.07337 0.0733739 -2.61219 0.27708 
11 50800 17 1.2772 2.51481e-05 7.02493 0.214685 -2.3327e-05 0.201049 0.883475 1.07342 0.0734227 -2.61152 0.27762 
11 50900 17 1.27972 2.51481e-05 7.02493 0.214702 9.66299e-06 0.20105 0.883546 1.07351 0.0735089 -2.61035 0.27816 
11 51000 18 1.28221 2.51481e-05 7.02493 0.214729 2.19145e-05 0.201048 0.883658 1.07364 0.073645 -2.6085 0.2787 
11 51100 18 1.28473 2.51481e-05 7.02493 0.21476 1.41403e-05 0.201046 0.883786 1.0738 0.0738003 -2.60639 0.27924 
11 51200 18 1.28724 2.51481e-05 7.02493 0.214806 1.04153e-05 0.201038 0.883976 1.07403 0.0740307 -2.60327 0.279781 
11 51300 18 1.28976 2.51481e-05 7.02493 0.214789 2.69647e-05 0.201036 0.883905 1.07394 0.0739445 -2.60444 0.280321 
11 51400 18 1.29227 2.51481e-05 7.02493 0.21472 1.50562e-06 0.201045 0.88362 1.0736 0.0735982 -2.60913 0.280861 
11 51500 18 1.29479 2.51481e-05 7.02493 0.214633 -1.8024e-05 0.201049 0.883263 1.07317 0.0731651 -2.61504 0.281401 
11 51600 18 1.2973 2.51481e-05 7.02493 0.214684 -4.8713e-05 0.201044 0.883472 1.07342 0.0734181 -2.61158 0.281941 
11 51700 18 1.29982 2.51481e-05 7.02493 0.214744 -9.67174e-05 0.201037 0.883719 1.07372 0.0737185 -2.6075 0.282481 
11 51800 18 1.30233 2.51481e-05 7.02493 0.214809 -0.00011652 0.201029 0.883987 1.07404 0.0740444 -2.60309 0.283021 
11 51900 18 1.30485 2.51481e-05 7.02493 0.214849 -0.000133433 0.201025 0.884153 1.07425 0.0742465 -2.60036 0.283561 
11 52000 18 1.30736 2.51481e-05 7.02493 0.214866 -0.000111793 0.201024 0.88422 1.07433 0.0743276 -2.59927 0.284102 
11 52100 18 1.30988 2.51481e-05 7.02493 0.214858 -0.00010759 0.201022 0.884191 1.07429 0.0742918 -2.59975 0.284642 
11 52200 18 1.31239 2.51481e-05 7.02493 0.214853 -0.000109769 0.201024 0.88417 1.07427 0.0742662 -2.6001 0.285183 
11 52300 18 1.31491 2.51481e-05 7.02493 0.214801 -9.7062e-05 0.201026 0.883953 1.074 0.0740033 -2.60365 0.285723 
11 52400 18 1.31742 2.51481e-05 7.02493 0.21476 -7.63579e-05 0.201029 0.883785 1.0738 0.0737992 -2.60641 0.286263 
11 52500 18 1.31994 2.51481e-05 7.02493 0.214763 -7.79518e-05 0.201029 0.883799 1.07382 0.0738163 -2.60618 0.286804 
11 52600 18 1.32245 2.51481e-05 7.02493 0.214802 -5.8819e-05 0.201025 0.883957 1.07401 0.074008 -2.60358 0.287344 
11 52700 18 1.32496 2.51481e-05 7.02493 0.214826 -8.79727e-05 0.20102 0.884059 1.07413 0.0741323 -2.6019 0.287884 
11 52800 18 1.32748 2.51481e-05 7.02493 0.214843 -0.000103449 0.20102 0.884127 1.07421 0.074214 -2.6008 0.288424 
11 52900 18 1.32999 2.51481e-05 7.02493 0.214806 -0.00010786 0.201021 0.883977 1.07403 0.0740323 -2.60325 0.288964 
11 53000 18 1.33251 2.51481e-05 7.02493 0.214754 -4.76353e-05 0.201023 0.883761 1.07377 0.0737695 -2.60681 0.289505 
11 53100 18 1.33502 2.51481e-05 7.02493 0.2147 -2.13196e-05 0.201028 0.88354 1.0735 0.0735008 -2.61046 0.290044 
11 53200 18 1.33754 2.51481e-05 7.02493 0.214693 1.90553e-06 0.201032 0.883511 1.07347 0.0734659 -2.61093 0.290584 
11 53300 18 1.34005 2.51481e-05 7.02493 0.214684 1.41958e-05 0.201035 0.883474 1.07342 0.0734215 -2.61154 0.291124 
11 53400 18 1.34257 2.51481e-05 7.02493 0.214633 7.90911e-06 0.201035 0.883265 1.07317 0.0731672 -2.61501 0.291664 
11 53500 18 1.34508 2.51481e-05 7.02493 0.2146 3.32279e-05 0.201039 0.883126 1.073 0.0729984 -2.61732 0.292205 
11 53600 18 1.3476 2.51481e-05 7.02493 0.214536 5.56154e-05 0.201041 0.882864 1.07268 0.0726794 -2.6217 0.292744 
11 53700 18 1.35011 2.51481e-05 7.02493 0.214496 5.31757e-05 0.20104 0.882699 1.07248 0.0724791 -2.62446 0.293284 
11 53800 18 1.35263 2.51481e-05 7.02493 0.214489 3.95896e-05 0.20104 0.88267 1.07244 0.072444 -2.62494 0.293823 
11 53900 18 1.35514 2.51481e-05 7.02493 0.214533 4.15454e-05 0.201038 0.88285 1.07266 0.0726626 -2.62193 0.294363 
11 54000 18 1.35766 2.51481e-05 7.02493 0.214593 2.11417e-05 0.201032 0.883097 1.07296 0.0729634 -2.6178 0.294902 
11 54100 19 1.36015 2.51481e-05 7.02493 0.214639 1.72104e-06 0.201027 0.883288 1.07319 0.0731947 -2.61463 0.295442 
11 54200 19 1.36267 2.51481e-05 7.02493 0.214646 -2.79716e-05 0.201029 0.883318 1.07323 0.0732311 -2.61413 0.295981 
11 54300 19 1.36518 2.51481e-05 7.02493 0.21458 -3.88785e-07 0.201035 0.883046 1.0729 0.0729004 -2.61866 0.296522 
11 54400 19 1.3677 2.51481e-05 7.02493 0.214569 1.05195e-05 0.201033 0.883002 1.07285 0.0728474 -2.61939 0.297062 
11 54500 19 1.37021 2.51481e-05 7.02493 0.214587 1.65284e-06 0.201027 0.883073 1.07293 0.0729334 -2.61821 0.297602 
11 54600 19 1.37272 2.51481e-05 7.02493 0.214614 1.18315e-05 0.201021 0.883183 1.07307 0.0730677 -2.61637 0.298141 
11 54700 19 1.37524 2.51481e-05 7.02493 0.214669 6.8931e-06 0.201014 0.883413 1.07335 0.0733467 -2.61256 0.298681 
11 54800 19 1.37775 2.51481e-05 7.02493 0.214709 5.65428e-06 0.20101 0.883576 1.07354 0.0735449 -2.60986 0.299221 
11 54900 19 1.38027 2.51481e-05 7.02493 0.214705 1.39413e-05 0.20101 0.883562 1.07353 0.0735275 -2.6101 0.299761 
11 55000 19 1.38278 2.51481e-05 7.02493 0.214699 3.28162e-05 0.201011 0.883535 1.07349 0.0734947 -2.61054 0.300301 
11 55100 19 1.3853 2.51481e-05 7.02493 0.214663 2.19042e-05 0.201012 0.883385 1.07331 0.0733131 -2.61302 0.300841 
11 55200 19 1.38781 2.51481e-05 7.02493 0.21464 2.66716e-06 0.201014 0.883292 1.0732 0.0731998 -2.61456 0.301381 
11 55300 19 1.39033 2.51481e-05 7.02493 0.214638 2.69772e-05 0.201015 0.883285 1.07319 0.0731918 -2.61467 0.301921 
11 55400 19 1.39284 2.51481e-05 7.02493 0.214651 6.34515e-05 0.201013 0.883336 1.07325 0.0732531 -2.61384 0.302461 
11 55500 19 1.39536 2.51481e-05 7.02493 0.214681 6.88357e-05 0.201011 0.883459 1.0734 0.073403 -2.61179 0.303001 
11 55600 19 1.39787 2.51481e-05 7.02493 0.214675 9.65699e-05 0.201013 0.883436 1.07338 0.0733751 -2.61217 0.303541 
11 55700 19 1.40039 2.51481e-05 7.02493 0.214684 0.000105015 0.201012 0.883474 1.07342 0.0734204 -2.61155 0.304081 
11 55800 19 1.4029 2.51481e-05 7.02493 0.214683 0.000101166 0.201011 0.883469 1.07341 0.0734145 -2.61163 0.30462 
11 55900 19 1.40542 2.51481e-05 7.02493 0.21464 8.23423e-05 0.201013 0.883293 1.0732 0.0732014 -2.61454 0.30516 
11 56000 19 1.40793 2.51481e-05 7.02493 0.214568 6.34048e-05 0.201019 0.882997 1.07284 0.0728409 -2.61948 0.3057 
11 56100 19 1.41045 2.51481e-05 7.02493 0.214502 5.89837e-05 0.201023 0.882724 1.07251 0.0725098 -2.62403 0.306239 
11 56200 19 1.41296 2.51481e-05 7.02493 0.21449 2.24078e-05 0.201025 0.882676 1.07245 0.0724516 -2.62484 0.306779 
11 56300 19 1.41548 2.51481e-05 7.02493 0.214497 -9.01003e-06 0.201024 0.882702 1.07248 0.0724827 -2.62441 0.307319 
11 56400 19 1.41799 2.51481e-05 7.02493 0.214504 7.83273e-06 0.201024 0.882733 1.07252 0.0725206 -2.62388 0.307858 
11 56500 19 1.42051 2.51481e-05 7.02493 0.214459 1.74229e-05 0.201024 0.882547 1.07229 0.0722944 -2.62701 0.308397 
11 56600 19 1.42302 2.51481e-05 7.02493 0.214406 2.37688e-05 0.201028 0.88233 1.07203 0.0720311 -2.63066 0.308937 
11 56700 19 1.42554 2.51481e-05 7.02493 0.214374 5.29616e-05 0.201027 0.882196 1.07187 0.0718684 -2.63292 0.309476 
11 56800 19 1.42805 2.51481e-05 7.02493 0.214396 6.04139e-05 0.201026 0.88229 1.07198 0.0719822 -2.63134 0.310015 
11 56900 19 1.43057 2.51481e-05 7.02493 0.214474 4.81379e-05 0.20102 0.88261 1.07237 0.0723712 -2.62595 0.310554 
11 57000 19 1.43308 2.51481e-05 7.02493 0.214493 3.43572e-05 0.201023 0.882689 1.07247 0.0724673 -2.62462 0.311094 
11 57100 19 1.4356 2.51481e-05 7.02493 0.214453 6.98069e-05 0.201027 0.882521 1.07226 0.0722632 -2.62744 0.311634 
11 57200 19 1.43811 2.51481e-05 7.02493 0.214495 7.26283e-05 0.201024 0.882694 1.07247 0.0724727 -2.62455 0.312173 
11 57300 20 1.4406 2.51481e-05 7.02493 0.214515 5.67283e-05 0.201019 0.882776 1.07257 0.0725726 -2.62317 0.312713 
11 57400 20 1.44312 2.51481e-05 7.02493 0.214505 5.93142e-05 0.201016 0.882736 1.07252 0.0725246 -2.62383 0.313252 
11 57500 20 1.44563 2.51481e-05 7.02493 0.214514 1.95618e-05 0.201012 0.882773 1.07257 0.0725694 -2.62321 0.313792 
11 57600 20 1.44815 2.51481e-05 7.02493 0.21455 -2.18515e-05 0.201006 0.882921 1.07275 0.0727493 -2.62074 0.314331 
11 57700 20 1.45066 2.51481e-05 7.02493 0.214596 -5.59846e-05 0.201002 0.883111 1.07298 0.0729793 -2.61758 0.314871 
11 57800 20 1.45318 2.51481e-05 7.02493 0.214636 -6.12199e-05 0.201001 0.883277 1.07318 0.0731814 -2.61481 0.315411 
11 57900 20 1.45569 2.51481e-05 7.02493 0.21462 -5.49865e-05 0.201 0.883211 1.0731 0.0731014 -2.61591 0.31595 
11 58000 20 1.45821 2.51481e-05 7.02493 0.21461 -9.237e-05 0.201001 0.88317 1.07305 0.0730513 -2.61659 0.31649 
11 58100 20 1.46072 2.51481e-05 7.02493 0.214596 -0.00010929 0.200999 0.883113 1.07298 0.0729818 -2.61754 0.31703 
11 58200 20 1.46324 2.51481e-05 7.02493 0.214579 -0.000134759 0.201 0.883042 1.0729 0.0728961 -2.61872 0.31757 
11 58300 20 1.46575 2.51481e-05 7.02493 0.214608 -0.000143236 0.200998 0.883162 1.07304 0.0730415 -2.61673 0.318109 
11 58400 20 1.46827 2.51481e-05 7.02493 0.214595 -0.000130566 0.200997 0.883107 1.07297 0.0729749 -2.61764 0.318649 
11 58500 20 1.47078 2.51481e-05 7.02493 0.214588 -0.000110632 0.200997 0.883079 1.07294 0.0729416 -2.6181 0.319189 
11 58600 20 1.4733 2.51481e-05 7.02493 0.214568 -9.00308e-05 0.201 0.882994 1.07284 0.0728379 -2.61952 0.319729 
11 58700 20 1.47581 2.51481e-05 7.02493 0.214531 -9.72032e-05 0.201004 0.882846 1.07266 0.0726575 -2.622 0.320268 
11 58800 20 1.47833 2.51481e-05 7.02493 0.214477 -9.00749e-05 0.201009 0.88262 1.07238 0.0723829 -2.62579 0.320807 
11 58900 20 1.48084 2.51481e-05 7.02493 0.214409 -9.46957e-05 0.201014 0.882342 1.07205 0.0720453 -2.63046 0.321347 
11 59000 20 1.48336 2.51481e-05 7.02493 0.214354 -9.45132e-05 0.201017 0.882117 1.07177 0.0717718 -2.63426 0.321886 
11 59100 20 1.48587 2.51481e-05 7.02493 0.214343 -9.80776e-05 0.201017 0.882068 1.07171 0.0717126 -2.63509 0.322425 
11 59200 20 1.48838 2.51481e-05 7.02493 0.214373 -0.00010558 0.201014 0.882195 1.07187 0.071867 -2.63294 0.322964 
11 59300 20 1.4909 2.51481e-05 7.02493 0.214365 -0.000134274 0.201011 0.882161 1.07183 0.0718251 -2.63352 0.323503 
11 59400 20 1.49341 2.51481e-05 7.02493 0.21437 -0.000167754 0.201012 0.882182 1.07185 0.0718507 -2.63317 0.324043 
11 59500 20 1.49593 2.51481e-05 7.02493 0.214341 -0.000197309 0.201012 0.88206 1.0717 0.0717032 -2.63522 0.324581 
11 59600 20 1.49844 2.51481e-05 7.02493 0.214311 -0.000221128 0.201011 0.881937 1.07155 0.0715541 -2.6373 0.32512 
11 59700 20 1.50096 2.51481e-05 7.02493 0.214314 -0.000187559 0.201009 0.881949 1.07157 0.0715681 -2.63711 0.32566 
11 59800 20 1.50347 2.51481e-05 7.02493 0.214344 -0.000175924 0.20101 0.882072 1.07172 0.0717178 -2.63502 0.326198 
11 59900 20 1.50599 2.51481e-05 7.02493 0.214339 -0.000185888 0.201015 0.882052 1.07169 0.0716935 -2.63536 0.326738 
11 60000 20 1.5085 2.51481e-05 7.02493 0.214333 -0.000129957 0.201013 0.882028 1.07166 0.0716636 -2.63577 0.327277 
11 60100 20 1.51102 2.51481e-05 7.02493 0.21437 -0.00010897 0.201008 0.88218 1.07185 0.0718483 -2.6332 0.327816 
11 60200 20 1.51353 2.51481e-05 7.02493 0.214403 -9.75408e-05 0.201005 0.882315 1.07201 0.0720131 -2.63091 0.328356 
11 60300 20 1.51605 2.51481e-05 7.02493 0.214388 -8.5199e-05 0.201004 0.882254 1.07194 0.0719387 -2.63194 0.328895 
11 60400 20 1.51856 2.51481e-05 7.02493 0.214391 -5.2312e-05 0.200999 0.882267 1.07195 0.0719539 -2.63173 0.329434 
11 60500 21 1.52106 2.51481e-05 7.02493 0.214397 -2.66629e-05 0.200995 0.882292 1.07198 0.0719848 -2.6313 0.329974 
11 60600 21 1.52357 2.51481e-05 7.02493 0.214443 -1.01692e-05 0.200991 0.882483 1.07222 0.0722173 -2.62808 0.330513 
11 60700 21 1.52609 2.51481e-05 7.02493 0.214482 1.74254e-05 0.20099 0.88264 1.07241 0.072408 -2.62544 0.331052 
11 60800 21 1.5286 2.51481e-05 7.02493 0.214526 3.97826e-06 0.20099 0.882822 1.07263 0.0726292 -2.62239 0.331591 
11 60900 21 1.53112 2.51481e-05 7.02493 0.21452 -3.33446e-06 0.200989 0.882797 1.0726 0.0725981 -2.62282 0.332131 
11 61000 21 1.53363 2.51481e-05 7.02493 0.214499 -4.54156e-05 0.200993 0.882713 1.0725 0.072496 -2.62422 0.332671 
11 61100 21 1.53615 2.51481e-05 7.02493 0.214509 -8.96237e-05 0.200989 0.882754 1.07255 0.0725464 -2.62353 0.33321 
11 61200 21 1.53866 2.51481e-05 7.02493 0.214502 -0.000125922 0.200988 0.882726 1.07251 0.072512 -2.624 0.33375 
