11 0 1 0 1.77824e-05 7.02493 0.22101 0 0.200023 0.909508 1.10505 0.105052 -2.2533 7.50531e-07 
11 100 2 0.0035298 3.55647e-05 7.02493 0.215974 -1.63928e-08 0.205561 0.888781 1.07987 0.0798693 -2.52736 0.000769127 
11 200 2 0.00708627 3.55647e-05 7.02493 0.215145 1.38918e-07 0.207829 0.88537 1.07572 0.0757249 -2.58065 0.00153602 
11 300 2 0.0106427 3.55647e-05 7.02493 0.214929 -1.33359e-07 0.208654 0.884481 1.07464 0.0746442 -2.59502 0.00230112 
11 400 2 0.0141992 3.55647e-05 7.02493 0.214902 -1.78484e-07 0.208805 0.884371 1.07451 0.0745104 -2.59682 0.00306553 
11 500 2 0.0177557 3.55647e-05 7.02493 0.214916 -2.22793e-07 0.208662 0.884427 1.07458 0.0745784 -2.5959 0.00382847 
11 600 2 0.0213122 3.55647e-05 7.02493 0.214949 -2.15121e-08 0.20842 0.884563 1.07474 0.074744 -2.59369 0.00459193 
11 700 2 0.0248686 3.55647e-05 7.02493 0.214985 -1.44956e-07 0.208128 0.884712 1.07492 0.0749245 -2.59127 0.00535704 
11 800 2 0.0284251 3.55647e-05 7.02493 0.215013 -3.01393e-08 0.207818 0.884828 1.07507 0.0750664 -2.58938 0.0061221 
11 900 2 0.0319816 3.55647e-05 7.02493 0.215047 -1.14268e-07 0.207522 0.884967 1.07524 0.0752355 -2.58713 0.00688613 
11 1000 2 0.0355381 3.55647e-05 7.02493 0.215073 -1.2921e-06 0.207226 0.885074 1.07537 0.0753653 -2.58541 0.00765043 
11 1100 2 0.0390945 3.55647e-05 7.02493 0.215095 -8.7936e-07 0.206936 0.885165 1.07548 0.075476 -2.58394 0.00841576 
11 1200 2 0.042651 3.55647e-05 7.02493 0.215124 -5.95987e-07 0.20666 0.885286 1.07562 0.0756221 -2.58201 0.00918085 
11 1300 2 0.0462075 3.55647e-05 7.02493 0.215149 -3.66068e-07 0.206389 0.885388 1.07575 0.0757462 -2.58037 0.00994567 
11 1400 2 0.0497639 3.55647e-05 7.02493 0.215173 -2.58949e-06 0.206129 0.885485 1.07586 0.0758648 -2.5788 0.0107103 
11 1500 2 0.0533204 3.55647e-05 7.02493 0.215194 -1.02809e-06 0.205877 0.885571 1.07597 0.0759683 -2.57744 0.0114758 
11 1600 2 0.0568769 3.55647e-05 7.02493 0.215213 -9.28131e-07 0.20564 0.885651 1.07607 0.0760657 -2.57616 0.0122414 
11 1700 2 0.0604334 3.55647e-05 7.02493 0.215233 -2.85317e-06 0.20541 0.885731 1.07616 0.0761628 -2.57488 0.0130067 
11 1800 2 0.0639898 3.55647e-05 7.02493 0.21525 -1.83158e-06 0.20519 0.885801 1.07625 0.0762482 -2.57376 0.0137717 
11 1900 2 0.0675463 3.55647e-05 7.02493 0.215265 -1.19556e-06 0.204977 0.885865 1.07633 0.0763262 -2.57274 0.0145372 
11 2000 2 0.0711028 3.55647e-05 7.02493 0.215273 -8.03929e-07 0.20477 0.885897 1.07637 0.0763653 -2.57223 0.0153031 
11 2100 2 0.0746593 3.55647e-05 7.02493 0.215286 -7.67445e-07 0.204573 0.88595 1.07643 0.0764289 -2.57139 0.0160685 
11 2200 2 0.0782157 3.55647e-05 7.02493 0.215299 -7.63288e-07 0.204385 0.886003 1.07649 0.0764941 -2.57054 0.0168341 
11 2300 3 0.0817427 3.55647e-05 7.02493 0.215311 -1.0178e-06 0.204206 0.886054 1.07656 0.0765555 -2.56974 0.0175994 
11 2400 3 0.0852991 3.55647e-05 7.02493 0.21532 -2.32423e-06 0.204031 0.886092 1.0766 0.0766022 -2.56913 0.0183652 
11 2500 3 0.0888556 3.55647e-05 7.02493 0.215329 3.9158e-07 0.203867 0.886129 1.07665 0.0766471 -2.56854 0.019131 
11 2600 3 0.0924121 3.55647e-05 7.02493 0.215338 5.52844e-06 0.203708 0.886165 1.07669 0.0766905 -2.56798 0.0198966 
11 2700 3 0.0959686 3.55647e-05 7.02493 0.215344 5.44175e-06 0.203556 0.88619 1.07672 0.0767203 -2.56759 0.020662 
11 2800 3 0.099525 3.55647e-05 7.02493 0.215355 4.58553e-06 0.203416 0.886237 1.07678 0.0767774 -2.56684 0.0214279 
11 2900 3 0.103082 3.55647e-05 7.02493 0.215361 3.17809e-06 0.203278 0.886259 1.0768 0.0768048 -2.56649 0.0221938 
11 3000 3 0.106638 3.55647e-05 7.02493 0.215366 2.55738e-06 0.203142 0.886279 1.07683 0.076829 -2.56617 0.0229597 
11 3100 3 0.110194 3.55647e-05 7.02493 0.215367 2.30734e-06 0.203013 0.886284 1.07684 0.0768355 -2.56609 0.023726 
11 3200 3 0.113751 3.55647e-05 7.02493 0.215369 -6.23084e-06 0.202888 0.886294 1.07685 0.0768475 -2.56593 0.0244911 
11 3300 3 0.117307 3.55647e-05 7.02493 0.215365 -5.12611e-06 0.202767 0.886278 1.07683 0.0768273 -2.5662 0.0252569 
11 3400 3 0.120864 3.55647e-05 7.02493 0.215366 -6.72849e-07 0.202652 0.886279 1.07683 0.0768285 -2.56618 0.0260228 
11 3500 3 0.12442 3.55647e-05 7.02493 0.215345 -1.83809e-06 0.202527 0.886192 1.07672 0.0767237 -2.56754 0.026789 
11 3600 3 0.127977 3.55647e-05 7.02493 0.215328 -8.68687e-07 0.202415 0.886125 1.07664 0.0766421 -2.56861 0.0275546 
11 3700 3 0.131533 3.55647e-05 7.02493 0.215325 -7.97801e-07 0.202313 0.886112 1.07663 0.076626 -2.56882 0.0283224 
11 3800 3 0.13509 3.55647e-05 7.02493 0.215332 -4.8462e-06 0.202224 0.886139 1.07666 0.0766588 -2.56839 0.029087 
11 3900 3 0.138646 3.55647e-05 7.02493 0.215324 -7.58795e-06 0.202134 0.886107 1.07662 0.0766206 -2.56889 0.0298535 
11 4000 3 0.142203 3.55647e-05 7.02493 0.215325 -1.5212e-05 0.202049 0.88611 1.07662 0.0766232 -2.56886 0.0306191 
11 4100 3 0.145759 3.55647e-05 7.02493 0.215331 -1.6939e-05 0.201969 0.886137 1.07666 0.076656 -2.56843 0.0313837 
11 4200 3 0.149316 3.55647e-05 7.02493 0.21532 -1.39417e-05 0.201883 0.886092 1.0766 0.0766017 -2.56914 0.032148 
11 4300 3 0.152872 3.55647e-05 7.02493 0.21532 -1.78303e-05 0.201808 0.886092 1.0766 0.0766018 -2.56913 0.0329141 
11 4400 3 0.156429 3.55647e-05 7.02493 0.215309 -1.6336e-05 0.201733 0.886046 1.07655 0.0765461 -2.56986 0.0336806 
11 4500 3 0.159985 3.55647e-05 7.02493 0.215304 -5.19329e-06 0.201664 0.886025 1.07652 0.07652 -2.5702 0.0344466 
11 4600 4 0.163521 3.55647e-05 7.02493 0.215308 9.3622e-08 0.201602 0.886043 1.07654 0.0765422 -2.56991 0.0352131 
11 4700 4 0.167077 3.55647e-05 7.02493 0.215301 6.33816e-06 0.201538 0.886011 1.0765 0.0765032 -2.57042 0.0359771 
11 4800 4 0.170634 3.55647e-05 7.02493 0.215291 2.64218e-06 0.201475 0.885973 1.07646 0.0764572 -2.57102 0.0367422 
11 4900 4 0.17419 3.55647e-05 7.02493 0.21527 -2.33798e-06 0.201415 0.885883 1.07635 0.0763484 -2.57245 0.0375079 
11 5000 4 0.177747 3.55647e-05 7.02493 0.215266 -1.35882e-05 0.201362 0.885867 1.07633 0.0763283 -2.57271 0.0382741 
11 5100 4 0.181303 3.55647e-05 7.02493 0.21528 -1.20464e-05 0.201319 0.885926 1.0764 0.0764002 -2.57177 0.0390415 
11 5200 4 0.18486 3.55647e-05 7.02493 0.215312 -6.24838e-06 0.201284 0.886056 1.07656 0.0765581 -2.56971 0.039807 
11 5300 4 0.188416 3.55647e-05 7.02493 0.215296 -2.22634e-06 0.201235 0.885992 1.07648 0.0764807 -2.57072 0.0405698 
11 5400 4 0.191973 3.55647e-05 7.02493 0.215283 1.92082e-06 0.201191 0.885938 1.07641 0.0764146 -2.57158 0.041335 
11 5500 4 0.195529 3.55647e-05 7.02493 0.21528 7.74026e-06 0.201154 0.885925 1.0764 0.076399 -2.57179 0.0421007 
11 5600 4 0.199086 3.55647e-05 7.02493 0.21528 4.16175e-06 0.201113 0.885924 1.0764 0.0763982 -2.5718 0.0428679 
11 5700 4 0.202642 3.55647e-05 7.02493 0.215274 6.26863e-08 0.201077 0.885903 1.07637 0.0763717 -2.57214 0.0436311 
11 5800 4 0.206199 3.55647e-05 7.02493 0.215264 7.10811e-07 0.201045 0.885859 1.07632 0.0763188 -2.57284 0.0443987 
11 5900 4 0.209755 3.55647e-05 7.02493 0.215253 -7.40695e-06 0.201016 0.885814 1.07626 0.0762634 -2.57356 0.0451637 
11 6000 4 0.213312 3.55647e-05 7.02493 0.215252 -1.14366e-05 0.200988 0.885812 1.07626 0.0762611 -2.57359 0.0459284 
11 6100 4 0.216868 3.55647e-05 7.02493 0.215242 -2.34957e-06 0.200961 0.885769 1.07621 0.0762089 -2.57428 0.0466939 
11 6200 4 0.220424 3.55647e-05 7.02493 0.215232 -1.01637e-05 0.200936 0.88573 1.07616 0.0761625 -2.57489 0.0474601 
11 6300 4 0.223981 3.55647e-05 7.02493 0.21524 -2.98124e-05 0.200912 0.885761 1.0762 0.0761993 -2.5744 0.048225 
11 6400 4 0.227537 3.55647e-05 7.02493 0.215238 -4.19616e-05 0.200889 0.885752 1.07619 0.0761888 -2.57454 0.0489918 
11 6500 4 0.231094 3.55647e-05 7.02493 0.21522 -4.55366e-05 0.200867 0.885677 1.0761 0.0760978 -2.57574 0.0497553 
11 6600 4 0.23465 3.55647e-05 7.02493 0.215216 -4.62019e-05 0.200846 0.885661 1.07608 0.0760786 -2.57599 0.0505223 
11 6700 4 0.238207 3.55647e-05 7.02493 0.215217 -4.33315e-05 0.200828 0.885665 1.07608 0.0760826 -2.57594 0.0512884 
11 6800 5 0.241743 3.55647e-05 7.02493 0.215194 -3.68088e-05 0.200808 0.885574 1.07597 0.0759725 -2.57738 0.0520526 
11 6900 5 0.245299 3.55647e-05 7.02493 0.215168 -2.41836e-05 0.200789 0.885466 1.07584 0.0758418 -2.57911 0.0528179 
11 7000 5 0.248856 3.55647e-05 7.02493 0.215147 -5.61631e-06 0.20077 0.885379 1.07574 0.075735 -2.58051 0.0535828 
11 7100 5 0.252412 3.55647e-05 7.02493 0.215135 4.35368e-06 0.200752 0.885328 1.07567 0.0756733 -2.58133 0.0543474 
11 7200 5 0.255969 3.55647e-05 7.02493 0.215133 1.52613e-05 0.200733 0.88532 1.07566 0.0756639 -2.58145 0.0551126 
11 7300 5 0.259525 3.55647e-05 7.02493 0.215135 1.39654e-05 0.200718 0.88533 1.07568 0.0756762 -2.58129 0.0558814 
11 7400 5 0.263082 3.55647e-05 7.02493 0.215125 3.04828e-06 0.200704 0.885286 1.07562 0.0756226 -2.582 0.0566436 
11 7500 5 0.266638 3.55647e-05 7.02493 0.215113 -3.47876e-06 0.200691 0.88524 1.07557 0.0755662 -2.58275 0.0574119 
11 7600 5 0.270194 3.55647e-05 7.02493 0.215106 4.36393e-06 0.200678 0.885209 1.07553 0.0755294 -2.58323 0.0581757 
11 7700 5 0.273751 3.55647e-05 7.02493 0.215095 7.97486e-06 0.200664 0.885166 1.07548 0.075477 -2.58393 0.0589395 
11 7800 5 0.277307 3.55647e-05 7.02493 0.21508 1.32736e-05 0.200648 0.885102 1.0754 0.0753995 -2.58495 0.0597042 
11 7900 5 0.280864 3.55647e-05 7.02493 0.215067 5.85336e-06 0.200638 0.88505 1.07534 0.0753352 -2.58581 0.0604697 
11 8000 5 0.28442 3.55647e-05 7.02493 0.215076 6.54574e-06 0.20063 0.885088 1.07538 0.0753824 -2.58518 0.0612347 
11 8100 5 0.287977 3.55647e-05 7.02493 0.215076 1.01717e-05 0.200617 0.885087 1.07538 0.0753808 -2.5852 0.061999 
11 8200 5 0.291533 3.55647e-05 7.02493 0.215076 4.07336e-06 0.200605 0.885085 1.07538 0.0753783 -2.58524 0.0627639 
11 8300 5 0.29509 3.55647e-05 7.02493 0.215056 7.94347e-07 0.200594 0.885004 1.07528 0.07528 -2.58654 0.063527 
11 8400 5 0.298646 3.55647e-05 7.02493 0.215049 -4.52002e-06 0.200584 0.884977 1.07525 0.0752465 -2.58699 0.0642928 
11 8500 5 0.302203 3.55647e-05 7.02493 0.215038 -1.42718e-05 0.200575 0.884931 1.07519 0.0751917 -2.58771 0.0650572 
11 8600 5 0.305759 3.55647e-05 7.02493 0.215034 -1.47332e-05 0.200564 0.884913 1.07517 0.0751699 -2.588 0.0658221 
11 8700 5 0.309316 3.55647e-05 7.02493 0.215031 -2.13752e-06 0.200554 0.884902 1.07516 0.0751558 -2.58819 0.0665877 
11 8800 5 0.312872 3.55647e-05 7.02493 0.215019 9.43934e-06 0.200544 0.884854 1.0751 0.0750971 -2.58897 0.0673523 
11 8900 5 0.316429 3.55647e-05 7.02493 0.215018 1.17726e-05 0.200534 0.884849 1.07509 0.0750914 -2.58905 0.0681186 
11 9000 5 0.319985 3.55647e-05 7.02493 0.215001 1.35174e-05 0.200524 0.884778 1.075 0.075005 -2.5902 0.0688815 
11 9100 6 0.323521 3.55647e-05 7.02493 0.215003 7.35683e-07 0.200517 0.884785 1.07501 0.0750138 -2.59008 0.0696466 
11 9200 6 0.327077 3.55647e-05 7.02493 0.214993 7.94466e-07 0.200511 0.884745 1.07497 0.0749652 -2.59073 0.0704105 
11 9300 6 0.330634 3.55647e-05 7.02493 0.21499 1.41856e-05 0.200503 0.884734 1.07495 0.0749522 -2.5909 0.0711761 
11 9400 6 0.33419 3.55647e-05 7.02493 0.214971 2.7145e-05 0.200495 0.884653 1.07485 0.0748539 -2.59222 0.0719401 
11 9500 6 0.337747 3.55647e-05 7.02493 0.214966 1.63797e-05 0.200486 0.884633 1.07483 0.0748293 -2.59255 0.0727045 
11 9600 6 0.341303 3.55647e-05 7.02493 0.214963 -2.39448e-06 0.200478 0.884623 1.07482 0.0748175 -2.5927 0.0734686 
11 9700 6 0.34486 3.55647e-05 7.02493 0.214959 1.0608e-05 0.200473 0.884606 1.0748 0.0747964 -2.59299 0.0742334 
11 9800 6 0.348416 3.55647e-05 7.02493 0.214942 1.23425e-05 0.200467 0.884534 1.07471 0.074709 -2.59416 0.0749976 
11 9900 6 0.351973 3.55647e-05 7.02493 0.214906 1.20051e-05 0.20046 0.884385 1.07453 0.0745277 -2.59658 0.0757638 
11 10000 6 0.355529 3.55647e-05 7.02493 0.214874 2.53453e-05 0.200455 0.884256 1.07437 0.074371 -2.59869 0.0765267 
11 10100 6 0.359086 3.55647e-05 7.02493 0.214868 4.33597e-05 0.20045 0.884232 1.07434 0.0743422 -2.59908 0.0772908 
11 10200 6 0.362642 3.55647e-05 7.02493 0.214869 2.64707e-05 0.200444 0.884234 1.07434 0.0743445 -2.59905 0.0780542 
11 10300 6 0.366199 3.55647e-05 7.02493 0.214865 1.71803e-05 0.200436 0.884218 1.07432 0.0743249 -2.59931 0.0788192 
11 10400 6 0.369755 3.55647e-05 7.02493 0.214849 9.90435e-06 0.200431 0.884153 1.07425 0.0742455 -2.60038 0.0795831 
11 10500 6 0.373312 3.55647e-05 7.02493 0.214822 9.79739e-06 0.200427 0.884042 1.07411 0.0741114 -2.60219 0.080347 
11 10600 6 0.376868 3.55647e-05 7.02493 0.214783 -5.09318e-06 0.200422 0.883879 1.07391 0.073913 -2.60487 0.0811111 
11 10700 6 0.380424 3.55647e-05 7.02493 0.214784 1.22033e-05 0.200417 0.883886 1.07392 0.0739214 -2.60475 0.081875 
11 10800 6 0.383981 3.55647e-05 7.02493 0.214809 1.39651e-05 0.200411 0.883986 1.07404 0.074043 -2.60311 0.0826391 
11 10900 6 0.387537 3.55647e-05 7.02493 0.214828 -4.06323e-07 0.200407 0.884067 1.07414 0.0741412 -2.60178 0.0834028 
11 11000 6 0.391094 3.55647e-05 7.02493 0.214819 1.75886e-06 0.200402 0.884029 1.0741 0.074095 -2.60241 0.0841674 
11 11100 6 0.39465 3.55647e-05 7.02493 0.214793 -2.20373e-06 0.200396 0.883921 1.07396 0.0739643 -2.60417 0.0849318 
11 11200 6 0.398207 3.55647e-05 7.02493 0.214786 -1.03217e-05 0.200393 0.883891 1.07393 0.0739278 -2.60467 0.0856949 
11 11300 7 0.401743 3.55647e-05 7.02493 0.214787 -9.54328e-06 0.20039 0.883898 1.07394 0.0739357 -2.60456 0.0864581 
11 11400 7 0.405299 3.55647e-05 7.02493 0.214779 -1.28769e-05 0.200385 0.883865 1.0739 0.0738959 -2.6051 0.0872232 
11 11500 7 0.408856 3.55647e-05 7.02493 0.214765 5.91504e-06 0.200382 0.883808 1.07383 0.0738269 -2.60603 0.0879863 
11 11600 7 0.412412 3.55647e-05 7.02493 0.214739 3.41604e-06 0.200379 0.883699 1.07369 0.0736946 -2.60783 0.0887505 
11 11700 7 0.415969 3.55647e-05 7.02493 0.214756 1.18201e-06 0.200374 0.883768 1.07378 0.0737781 -2.60669 0.0895142 
11 11800 7 0.419525 3.55647e-05 7.02493 0.214739 1.6899e-07 0.20037 0.883698 1.07369 0.0736928 -2.60785 0.0902779 
11 11900 7 0.423082 3.55647e-05 7.02493 0.214721 -1.72352e-05 0.200366 0.883626 1.07361 0.0736059 -2.60903 0.0910415 
11 12000 7 0.426638 3.55647e-05 7.02493 0.214727 -5.13717e-07 0.200365 0.88365 1.07364 0.0736352 -2.60863 0.0918051 
11 12100 7 0.430194 3.55647e-05 7.02493 0.214723 2.33337e-05 0.200362 0.883634 1.07361 0.0736149 -2.60891 0.0925689 
11 12200 7 0.433751 3.55647e-05 7.02493 0.214711 2.85443e-05 0.200358 0.883586 1.07356 0.073557 -2.60969 0.093333 
11 12300 7 0.437307 3.55647e-05 7.02493 0.214706 3.30313e-05 0.200353 0.883564 1.07353 0.0735306 -2.61005 0.0940964 
11 12400 7 0.440864 3.55647e-05 7.02493 0.214707 5.46591e-05 0.20035 0.88357 1.07354 0.0735375 -2.60996 0.0948596 
11 12500 7 0.44442 3.55647e-05 7.02493 0.214675 5.54554e-05 0.200348 0.883434 1.07337 0.0733726 -2.61221 0.0956216 
11 12600 7 0.447977 3.55647e-05 7.02493 0.214664 4.62958e-05 0.200345 0.883392 1.07332 0.0733214 -2.6129 0.0963869 
11 12700 7 0.451533 3.55647e-05 7.02493 0.214668 3.2249e-05 0.200341 0.883408 1.07334 0.0733411 -2.61263 0.0971503 
11 12800 7 0.45509 3.55647e-05 7.02493 0.214653 1.8047e-05 0.200337 0.883344 1.07326 0.0732634 -2.61369 0.0979136 
11 12900 7 0.458646 3.55647e-05 7.02493 0.214641 6.22929e-06 0.200336 0.883296 1.0732 0.0732049 -2.61449 0.0986773 
11 13000 7 0.462203 3.55647e-05 7.02493 0.214672 8.47953e-07 0.200332 0.883425 1.07336 0.0733612 -2.61236 0.0994408 
11 13100 7 0.465759 3.55647e-05 7.02493 0.214656 -1.14368e-06 0.200331 0.883359 1.07328 0.0732811 -2.61345 0.100203 
11 13200 7 0.469316 3.55647e-05 7.02493 0.214613 -1.21385e-05 0.20033 0.88318 1.07306 0.0730639 -2.61642 0.100966 
11 13300 7 0.472872 3.55647e-05 7.02493 0.214596 -2.49658e-05 0.200326 0.883112 1.07298 0.0729812 -2.61755 0.101731 
11 13400 7 0.476429 3.55647e-05 7.02493 0.214607 -1.57324e-05 0.200322 0.883158 1.07304 0.0730365 -2.6168 0.102494 
11 13500 7 0.479985 3.55647e-05 7.02493 0.214592 -1.48811e-05 0.200318 0.883096 1.07296 0.0729621 -2.61782 0.103257 
11 13600 8 0.483521 3.55647e-05 7.02493 0.214603 -3.78194e-05 0.200316 0.883138 1.07301 0.0730131 -2.61712 0.10402 
11 13700 8 0.487077 3.55647e-05 7.02493 0.214579 -2.85201e-05 0.200315 0.88304 1.07289 0.0728936 -2.61875 0.104783 
11 13800 8 0.490634 3.55647e-05 7.02493 0.214588 -1.98685e-05 0.200311 0.883078 1.07294 0.07294 -2.61812 0.105546 
11 13900 8 0.49419 3.55647e-05 7.02493 0.214576 -1.21313e-05 0.20031 0.88303 1.07288 0.0728819 -2.61891 0.10631 
11 14000 8 0.497747 3.55647e-05 7.02493 0.214556 1.92117e-07 0.200307 0.882945 1.07278 0.0727786 -2.62033 0.107073 
11 14100 8 0.501303 3.55647e-05 7.02493 0.214536 2.4168e-05 0.200306 0.882865 1.07268 0.0726808 -2.62168 0.107836 
11 14200 8 0.50486 3.55647e-05 7.02493 0.214538 3.3229e-05 0.200306 0.882872 1.07269 0.0726896 -2.62156 0.108598 
11 14300 8 0.508416 3.55647e-05 7.02493 0.214553 4.38135e-05 0.200304 0.882935 1.07277 0.0727657 -2.62051 0.109362 
11 14400 8 0.511973 3.55647e-05 7.02493 0.214528 5.88074e-05 0.200302 0.882833 1.07264 0.0726418 -2.62222 0.110125 
11 14500 8 0.515529 3.55647e-05 7.02493 0.214519 5.3992e-05 0.2003 0.882796 1.0726 0.0725974 -2.62283 0.110888 
11 14600 8 0.519086 3.55647e-05 7.02493 0.214529 6.84435e-05 0.200299 0.882836 1.07265 0.0726459 -2.62216 0.111651 
11 14700 8 0.522642 3.55647e-05 7.02493 0.214541 7.57215e-05 0.200296 0.882887 1.07271 0.0727071 -2.62132 0.112414 
11 14800 8 0.526199 3.55647e-05 7.02493 0.214554 7.39465e-05 0.200293 0.88294 1.07277 0.0727724 -2.62042 0.113177 
11 14900 8 0.529755 3.55647e-05 7.02493 0.214563 4.91695e-05 0.200292 0.882976 1.07282 0.072816 -2.61982 0.11394 
11 15000 8 0.533312 3.55647e-05 7.02493 0.214544 -2.76453e-06 0.20029 0.882898 1.07272 0.0727213 -2.62112 0.114703 
11 15100 8 0.536868 3.55647e-05 7.02493 0.21454 -1.50281e-06 0.200289 0.882882 1.0727 0.0727011 -2.6214 0.115467 
11 15200 8 0.540424 3.55647e-05 7.02493 0.214535 -4.52533e-06 0.200287 0.882859 1.07267 0.0726742 -2.62177 0.116229 
11 15300 8 0.543981 3.55647e-05 7.02493 0.214485 -5.43635e-06 0.200287 0.882652 1.07242 0.0724225 -2.62524 0.116992 
11 15400 8 0.547537 3.55647e-05 7.02493 0.214469 -1.60422e-06 0.200287 0.88259 1.07235 0.0723463 -2.62629 0.117755 
11 15500 8 0.551094 3.55647e-05 7.02493 0.214458 1.59125e-05 0.200285 0.882542 1.07229 0.0722887 -2.62709 0.118518 
11 15600 8 0.55465 3.55647e-05 7.02493 0.214441 2.8113e-05 0.200283 0.882475 1.07221 0.0722067 -2.62822 0.11928 
11 15700 8 0.558207 3.55647e-05 7.02493 0.214421 2.22889e-05 0.200282 0.88239 1.0721 0.0721039 -2.62965 0.120043 
11 15800 9 0.561743 3.55647e-05 7.02493 0.214399 3.12483e-05 0.200281 0.8823 1.07199 0.0719948 -2.63116 0.120805 
11 15900 9 0.565299 3.55647e-05 7.02493 0.214393 3.56784e-05 0.200282 0.882278 1.07197 0.0719675 -2.63154 0.121568 
11 16000 9 0.568856 3.55647e-05 7.02493 0.21441 2.59544e-05 0.200279 0.882347 1.07205 0.0720513 -2.63038 0.122331 
11 16100 9 0.572412 3.55647e-05 7.02493 0.214407 2.89872e-05 0.200279 0.882335 1.07204 0.0720372 -2.63057 0.123093 
11 16200 9 0.575969 3.55647e-05 7.02493 0.214377 3.24102e-05 0.200278 0.882209 1.07188 0.0718842 -2.6327 0.123854 
11 16300 9 0.579525 3.55647e-05 7.02493 0.21435 1.78361e-05 0.200277 0.882099 1.07175 0.07175 -2.63457 0.124618 
11 16400 9 0.583082 3.55647e-05 7.02493 0.214368 7.92597e-06 0.200275 0.882172 1.07184 0.0718392 -2.63333 0.12538 
11 16500 9 0.586638 3.55647e-05 7.02493 0.214386 -3.21724e-06 0.200272 0.882247 1.07193 0.0719297 -2.63207 0.126143 
11 16600 9 0.590194 3.55647e-05 7.02493 0.214387 -1.63756e-05 0.200272 0.882252 1.07194 0.0719363 -2.63197 0.126905 
11 16700 9 0.593751 3.55647e-05 7.02493 0.214366 -1.9456e-05 0.200272 0.882165 1.07183 0.0718309 -2.63344 0.127668 
11 16800 9 0.597307 3.55647e-05 7.02493 0.214355 -1.83796e-05 0.20027 0.882118 1.07177 0.0717736 -2.63424 0.128431 
11 16900 9 0.600864 3.55647e-05 7.02493 0.214381 -6.90643e-06 0.200268 0.882226 1.0719 0.0719045 -2.63242 0.129193 
11 17000 9 0.60442 3.55647e-05 7.02493 0.214355 -1.2921e-06 0.200268 0.88212 1.07178 0.0717753 -2.63421 0.129953 
11 17100 9 0.607977 3.55647e-05 7.02493 0.214291 -3.72846e-06 0.200271 0.881855 1.07145 0.0714533 -2.63871 0.130716 
11 17200 9 0.611533 3.55647e-05 7.02493 0.214291 4.56476e-06 0.200271 0.881854 1.07145 0.0714531 -2.63871 0.131479 
11 17300 9 0.61509 3.55647e-05 7.02493 0.21434 1.47564e-05 0.200266 0.882058 1.0717 0.0717001 -2.63526 0.132242 
11 17400 9 0.618646 3.55647e-05 7.02493 0.214359 1.152e-05 0.200264 0.882135 1.07179 0.0717937 -2.63396 0.133004 
11 17500 9 0.622203 3.55647e-05 7.02493 0.21435 1.77602e-05 0.200263 0.8821 1.07175 0.071751 -2.63455 0.133766 
11 17600 9 0.625759 3.55647e-05 7.02493 0.214296 2.71209e-06 0.200265 0.881876 1.07148 0.0714793 -2.63835 0.134528 
11 17700 9 0.629316 3.55647e-05 7.02493 0.214253 -6.01845e-07 0.200264 0.881698 1.07126 0.0712633 -2.64137 0.135291 
11 17800 9 0.632872 3.55647e-05 7.02493 0.214264 -2.39195e-06 0.200262 0.881744 1.07132 0.0713193 -2.64059 0.136053 
11 17900 9 0.636429 3.55647e-05 7.02493 0.214275 1.27745e-05 0.200262 0.881792 1.07138 0.0713775 -2.63977 0.136815 
11 18000 9 0.639985 3.55647e-05 7.02493 0.214237 2.09176e-05 0.200262 0.881632 1.07118 0.0711832 -2.6425 0.137577 
11 18100 10 0.643521 3.55647e-05 7.02493 0.214232 2.31069e-05 0.20026 0.881612 1.07116 0.0711588 -2.64284 0.138339 
11 18200 10 0.647077 3.55647e-05 7.02493 0.214238 1.75613e-05 0.200257 0.88164 1.07119 0.071192 -2.64237 0.1391 
11 18300 10 0.650634 3.55647e-05 7.02493 0.214235 -1.05426e-06 0.200256 0.881625 1.07117 0.0711749 -2.64262 0.139862 
11 18400 10 0.65419 3.55647e-05 7.02493 0.214222 -2.71954e-05 0.200257 0.881574 1.07111 0.071112 -2.6435 0.140624 
11 18500 10 0.657747 3.55647e-05 7.02493 0.214207 -3.77979e-05 0.200258 0.881511 1.07104 0.071036 -2.64457 0.141386 
11 18600 10 0.661303 3.55647e-05 7.02493 0.214218 -2.19535e-05 0.200256 0.881556 1.07109 0.0710908 -2.6438 0.142148 
11 18700 10 0.66486 3.55647e-05 7.02493 0.214239 -6.74261e-06 0.200254 0.881641 1.07119 0.071194 -2.64235 0.14291 
11 18800 10 0.668416 3.55647e-05 7.02493 0.214226 -6.55783e-06 0.200254 0.881588 1.07113 0.0711296 -2.64325 0.143673 
11 18900 10 0.671973 3.55647e-05 7.02493 0.214187 -1.88838e-05 0.200254 0.881428 1.07093 0.0709348 -2.64599 0.144434 
11 19000 10 0.675529 3.55647e-05 7.02493 0.214172 -8.46763e-06 0.200254 0.881365 1.07086 0.0708585 -2.64707 0.145196 
11 19100 10 0.679086 3.55647e-05 7.02493 0.214191 -9.77907e-06 0.200252 0.881444 1.07096 0.070955 -2.64571 0.145957 
11 19200 10 0.682642 3.55647e-05 7.02493 0.214176 -1.04715e-05 0.200251 0.881384 1.07088 0.0708812 -2.64675 0.146719 
11 19300 10 0.686199 3.55647e-05 7.02493 0.214181 -4.356e-06 0.20025 0.881403 1.07091 0.0709053 -2.64641 0.147481 
11 19400 10 0.689755 3.55647e-05 7.02493 0.214171 -5.21741e-06 0.20025 0.881362 1.07086 0.0708552 -2.64712 0.148242 
11 19500 10 0.693312 3.55647e-05 7.02493 0.214115 -1.02092e-05 0.200252 0.88113 1.07057 0.0705734 -2.6511 0.149004 
11 19600 10 0.696868 3.55647e-05 7.02493 0.214102 -1.56539e-05 0.200253 0.881076 1.07051 0.0705077 -2.65203 0.149766 
11 19700 10 0.700424 3.55647e-05 7.02493 0.214133 1.77347e-05 0.200251 0.881205 1.07066 0.0706639 -2.64982 0.150527 
11 19800 10 0.703981 3.55647e-05 7.02493 0.214123 2.2434e-05 0.200251 0.881166 1.07062 0.0706165 -2.65049 0.151288 
11 19900 10 0.707537 3.55647e-05 7.02493 0.214111 1.3556e-05 0.200251 0.881116 1.07056 0.0705564 -2.65134 0.15205 
11 20000 10 0.711094 3.55647e-05 7.02493 0.214109 1.94289e-05 0.20025 0.881107 1.07055 0.0705453 -2.6515 0.152812 
11 20100 10 0.71465 3.55647e-05 7.02493 0.214112 2.56894e-05 0.200248 0.881119 1.07056 0.0705597 -2.6513 0.153573 
11 20200 10 0.718207 3.55647e-05 7.02493 0.214107 2.32446e-05 0.200249 0.8811 1.07054 0.0705368 -2.65162 0.154335 
11 20300 11 0.721743 3.55647e-05 7.02493 0.214081 7.94857e-06 0.200248 0.880993 1.07041 0.0704068 -2.65346 0.155096 
11 20400 11 0.725299 3.55647e-05 7.02493 0.214048 1.04162e-05 0.200249 0.880855 1.07024 0.0702385 -2.65586 0.155857 
11 20500 11 0.728856 3.55647e-05 7.02493 0.214048 -4.55849e-06 0.200248 0.880857 1.07024 0.0702416 -2.65581 0.156618 
11 20600 11 0.732412 3.55647e-05 7.02493 0.214062 -2.37523e-05 0.200247 0.880913 1.07031 0.0703097 -2.65485 0.15738 
11 20700 11 0.735969 3.55647e-05 7.02493 0.214059 -4.15108e-05 0.200245 0.880903 1.0703 0.0702967 -2.65503 0.158141 
11 20800 11 0.739525 3.55647e-05 7.02493 0.214036 -3.04336e-05 0.200245 0.880807 1.07018 0.0701799 -2.65669 0.158902 
11 20900 11 0.743082 3.55647e-05 7.02493 0.214032 -1.64692e-05 0.200246 0.880789 1.07016 0.070159 -2.65699 0.159664 
11 21000 11 0.746638 3.55647e-05 7.02493 0.214064 -9.67439e-06 0.200242 0.88092 1.07032 0.0703179 -2.65473 0.160425 
11 21100 11 0.750194 3.55647e-05 7.02493 0.214058 -3.5465e-06 0.200242 0.880896 1.07029 0.0702885 -2.65515 0.161186 
11 21200 11 0.753751 3.55647e-05 7.02493 0.21404 9.91465e-07 0.200242 0.880822 1.0702 0.0701992 -2.65642 0.161948 
11 21300 11 0.757307 3.55647e-05 7.02493 0.214019 2.15789e-05 0.200243 0.880736 1.07009 0.0700943 -2.65791 0.162709 
11 21400 11 0.760864 3.55647e-05 7.02493 0.214007 2.82272e-05 0.200243 0.880688 1.07004 0.0700355 -2.65875 0.16347 
11 21500 11 0.76442 3.55647e-05 7.02493 0.213993 7.58909e-06 0.200244 0.880632 1.06997 0.0699673 -2.65973 0.164231 
11 21600 11 0.767977 3.55647e-05 7.02493 0.214007 2.60708e-05 0.200242 0.880688 1.07004 0.0700356 -2.65875 0.164993 
11 21700 11 0.771533 3.55647e-05 7.02493 0.213997 2.14871e-05 0.200243 0.880648 1.06999 0.0699869 -2.65945 0.165753 
11 21800 11 0.77509 3.55647e-05 7.02493 0.213956 1.13691e-05 0.200243 0.880477 1.06978 0.069779 -2.66242 0.166514 
11 21900 11 0.778646 3.55647e-05 7.02493 0.213956 2.92183e-06 0.200242 0.880479 1.06978 0.0697816 -2.66238 0.167274 
11 22000 11 0.782203 3.55647e-05 7.02493 0.213949 -1.70115e-05 0.200242 0.88045 1.06975 0.0697464 -2.66289 0.168036 
11 22100 11 0.785759 3.55647e-05 7.02493 0.21395 -2.79302e-05 0.200242 0.880453 1.06975 0.06975 -2.66284 0.168797 
11 22200 11 0.789316 3.55647e-05 7.02493 0.21396 -3.03618e-05 0.200241 0.880495 1.0698 0.0698016 -2.6621 0.169558 
11 22300 11 0.792872 3.55647e-05 7.02493 0.21394 -1.81416e-05 0.200241 0.880412 1.0697 0.0697002 -2.66355 0.170319 
11 22400 11 0.796429 3.55647e-05 7.02493 0.213934 -2.54171e-07 0.200242 0.880388 1.06967 0.0696712 -2.66397 0.17108 
11 22500 11 0.799985 3.55647e-05 7.02493 0.213955 1.00994e-05 0.200237 0.880474 1.06978 0.069776 -2.66246 0.171841 
11 22600 12 0.803521 3.55647e-05 7.02493 0.213947 1.44244e-05 0.200237 0.880438 1.06973 0.0697325 -2.66309 0.172601 
11 22700 12 0.807077 3.55647e-05 7.02493 0.213917 1.43366e-05 0.20024 0.880316 1.06958 0.0695843 -2.66522 0.173363 
11 22800 12 0.810634 3.55647e-05 7.02493 0.213899 8.06247e-06 0.20024 0.880244 1.0695 0.0694959 -2.66649 0.174123 
11 22900 12 0.81419 3.55647e-05 7.02493 0.213922 3.46208e-06 0.200238 0.880337 1.06961 0.0696089 -2.66486 0.174884 
11 23000 12 0.817747 3.55647e-05 7.02493 0.213913 2.15904e-06 0.200237 0.880299 1.06956 0.0695629 -2.66552 0.175644 
11 23100 12 0.821303 3.55647e-05 7.02493 0.213904 -8.65987e-06 0.200236 0.880263 1.06952 0.0695192 -2.66615 0.176406 
11 23200 12 0.82486 3.55647e-05 7.02493 0.213873 -3.52477e-06 0.200237 0.880138 1.06937 0.0693671 -2.66834 0.177167 
11 23300 12 0.828416 3.55647e-05 7.02493 0.213873 5.80583e-06 0.20024 0.880136 1.06937 0.0693658 -2.66836 0.177927 
11 23400 12 0.831973 3.55647e-05 7.02493 0.21387 -2.46635e-06 0.200242 0.880123 1.06935 0.069349 -2.6686 0.178688 
11 23500 12 0.835529 3.55647e-05 7.02493 0.213875 -1.4927e-05 0.20024 0.880143 1.06937 0.0693743 -2.66824 0.179449 
11 23600 12 0.839086 3.55647e-05 7.02493 0.213892 -2.99846e-05 0.200238 0.880215 1.06946 0.0694611 -2.66699 0.180209 
11 23700 12 0.842642 3.55647e-05 7.02493 0.21387 -4.37934e-06 0.200239 0.880122 1.06935 0.0693481 -2.66862 0.18097 
11 23800 12 0.846199 3.55647e-05 7.02493 0.213839 2.84597e-05 0.20024 0.879996 1.0692 0.0691951 -2.67082 0.18173 
11 23900 12 0.849755 3.55647e-05 7.02493 0.213845 3.27632e-05 0.200239 0.88002 1.06922 0.0692244 -2.6704 0.18249 
11 24000 12 0.853312 3.55647e-05 7.02493 0.213835 5.0047e-05 0.200239 0.87998 1.06918 0.0691759 -2.6711 0.183251 
11 24100 12 0.856868 3.55647e-05 7.02493 0.213801 4.45245e-05 0.20024 0.879841 1.06901 0.0690074 -2.67354 0.184011 
11 24200 12 0.860424 3.55647e-05 7.02493 0.213782 2.24933e-05 0.20024 0.879763 1.06891 0.0689117 -2.67493 0.184772 
11 24300 12 0.863981 3.55647e-05 7.02493 0.213782 -5.04886e-06 0.200241 0.87976 1.06891 0.068908 -2.67498 0.185532 
11 24400 12 0.867537 3.55647e-05 7.02493 0.213773 -1.77364e-05 0.20024 0.879726 1.06887 0.0688667 -2.67558 0.186293 
11 24500 12 0.871094 3.55647e-05 7.02493 0.21381 1.18071e-05 0.200237 0.879877 1.06905 0.0690504 -2.67292 0.187053 
11 24600 12 0.87465 3.55647e-05 7.02493 0.213798 1.40477e-05 0.200238 0.879826 1.06899 0.0689884 -2.67382 0.187813 
11 24700 12 0.878207 3.55647e-05 7.02493 0.213752 2.75309e-05 0.200239 0.879637 1.06876 0.0687588 -2.67715 0.188573 
11 24800 13 0.881743 3.55647e-05 7.02493 0.213782 5.07004e-06 0.200237 0.879761 1.06891 0.0689095 -2.67496 0.189333 
11 24900 13 0.885299 3.55647e-05 7.02493 0.213818 -1.05815e-05 0.200236 0.879908 1.06909 0.0690884 -2.67237 0.190094 
11 25000 13 0.888856 3.55647e-05 7.02493 0.213804 -7.97633e-06 0.200234 0.879851 1.06902 0.0690184 -2.67338 0.190855 
11 25100 13 0.892412 3.55647e-05 7.02493 0.213783 -1.65483e-05 0.200236 0.879764 1.06891 0.0689135 -2.6749 0.191615 
11 25200 13 0.895969 3.55647e-05 7.02493 0.213749 -1.69073e-05 0.200237 0.879627 1.06875 0.0687467 -2.67733 0.192375 
11 25300 13 0.899525 3.55647e-05 7.02493 0.213726 -8.07963e-06 0.200238 0.879531 1.06863 0.0686303 -2.67902 0.193135 
11 25400 13 0.903082 3.55647e-05 7.02493 0.213709 -1.58789e-05 0.200239 0.879459 1.06854 0.0685432 -2.68029 0.193895 
11 25500 13 0.906638 3.55647e-05 7.02493 0.213708 -1.0092e-05 0.200238 0.879456 1.06854 0.0685396 -2.68034 0.194656 
11 25600 13 0.910194 3.55647e-05 7.02493 0.213737 -5.04944e-06 0.200237 0.879574 1.06868 0.0686826 -2.67826 0.195414 
11 25700 13 0.913751 3.55647e-05 7.02493 0.213712 2.10324e-06 0.200239 0.879472 1.06856 0.0685586 -2.68007 0.196175 
11 25800 13 0.917307 3.55647e-05 7.02493 0.213702 2.67579e-05 0.200238 0.879432 1.06851 0.0685102 -2.68077 0.196935 
11 25900 13 0.920864 3.55647e-05 7.02493 0.213698 3.03221e-05 0.200238 0.879417 1.06849 0.0684922 -2.68104 0.197695 
11 26000 13 0.92442 3.55647e-05 7.02493 0.213708 2.50871e-05 0.200236 0.879457 1.06854 0.0685398 -2.68034 0.198455 
11 26100 13 0.927977 3.55647e-05 7.02493 0.213685 2.63591e-05 0.200237 0.879362 1.06843 0.0684253 -2.68201 0.199215 
11 26200 13 0.931533 3.55647e-05 7.02493 0.213661 9.57715e-06 0.200238 0.879264 1.06831 0.0683057 -2.68376 0.199975 
11 26300 13 0.93509 3.55647e-05 7.02493 0.213658 1.12399e-06 0.200239 0.879251 1.06829 0.0682904 -2.68399 0.200735 
11 26400 13 0.938646 3.55647e-05 7.02493 0.213626 8.9692e-06 0.200239 0.879119 1.06813 0.0681296 -2.68634 0.201495 
11 26500 13 0.942203 3.55647e-05 7.02493 0.213649 3.38664e-05 0.200237 0.879213 1.06824 0.068244 -2.68467 0.202255 
11 26600 13 0.945759 3.55647e-05 7.02493 0.213651 1.07124e-05 0.200236 0.879222 1.06825 0.0682549 -2.68451 0.203015 
11 26700 13 0.949316 3.55647e-05 7.02493 0.213633 1.42846e-05 0.200236 0.879149 1.06817 0.0681659 -2.68581 0.203774 
11 26800 13 0.952872 3.55647e-05 7.02493 0.213646 7.50133e-06 0.200235 0.8792 1.06823 0.0682285 -2.68489 0.204534 
11 26900 13 0.956429 3.55647e-05 7.02493 0.213655 -3.43414e-06 0.200233 0.879238 1.06827 0.0682737 -2.68423 0.205294 
11 27000 13 0.959985 3.55647e-05 7.02493 0.213665 -1.67314e-05 0.200233 0.87928 1.06832 0.0683246 -2.68348 0.206054 
11 27100 14 0.963521 3.55647e-05 7.02493 0.213664 -2.99653e-05 0.200234 0.879277 1.06832 0.0683216 -2.68353 0.206814 
11 27200 14 0.967077 3.55647e-05 7.02493 0.213622 -2.49546e-05 0.200235 0.879104 1.06811 0.0681117 -2.68661 0.207574 
11 27300 14 0.970634 3.55647e-05 7.02493 0.213581 -3.73205e-05 0.200237 0.878936 1.06791 0.067907 -2.68962 0.208333 
11 27400 14 0.97419 3.55647e-05 7.02493 0.213583 -2.08091e-05 0.200237 0.878941 1.06791 0.067913 -2.68953 0.209093 
11 27500 14 0.977747 3.55647e-05 7.02493 0.213586 -3.26682e-06 0.200236 0.878953 1.06793 0.067928 -2.68931 0.209853 
11 27600 14 0.981303 3.55647e-05 7.02493 0.2136 -1.06139e-06 0.200236 0.879012 1.068 0.068 -2.68825 0.210612 
11 27700 14 0.98486 3.55647e-05 7.02493 0.213538 4.20219e-06 0.200238 0.878757 1.06769 0.0676892 -2.69283 0.21137 
11 27800 14 0.988416 3.55647e-05 7.02493 0.21352 1.19953e-05 0.200238 0.878682 1.0676 0.067599 -2.69416 0.212131 
11 27900 14 0.991973 3.55647e-05 7.02493 0.213549 -4.85019e-06 0.200236 0.878804 1.06775 0.0677473 -2.69197 0.212891 
11 28000 14 0.995529 3.55647e-05 7.02493 0.213568 2.27844e-05 0.200236 0.878882 1.06784 0.0678412 -2.69059 0.21365 
11 28100 14 0.999086 3.55647e-05 7.02493 0.213569 1.48628e-05 0.200236 0.878886 1.06785 0.067846 -2.69052 0.214409 
11 28200 14 1.00264 3.55647e-05 7.02493 0.21356 9.34939e-06 0.200237 0.878847 1.0678 0.0677993 -2.6912 0.215169 
11 28300 14 1.0062 3.55647e-05 7.02493 0.213529 1.1625e-05 0.200237 0.87872 1.06764 0.0676445 -2.69349 0.215928 
11 28400 14 1.00976 3.55647e-05 7.02493 0.213513 -2.93926e-06 0.200237 0.878653 1.06756 0.0675632 -2.69469 0.216688 
11 28500 14 1.01331 3.55647e-05 7.02493 0.213519 2.18934e-05 0.200236 0.87868 1.0676 0.0675968 -2.6942 0.217447 
11 28600 14 1.01687 3.55647e-05 7.02493 0.213524 2.54137e-05 0.200236 0.878698 1.06762 0.0676185 -2.69387 0.218206 
11 28700 14 1.02042 3.55647e-05 7.02493 0.213504 2.6889e-05 0.200236 0.878619 1.06752 0.0675217 -2.69531 0.218966 
11 28800 14 1.02398 3.55647e-05 7.02493 0.213529 1.81139e-05 0.200234 0.878721 1.06765 0.0676459 -2.69347 0.219725 
11 28900 14 1.02754 3.55647e-05 7.02493 0.21354 1.00432e-05 0.200234 0.878766 1.0677 0.0677001 -2.69267 0.220485 
11 29000 14 1.03109 3.55647e-05 7.02493 0.213545 -5.46015e-06 0.200233 0.878785 1.06772 0.0677235 -2.69232 0.221243 
11 29100 14 1.03465 3.55647e-05 7.02493 0.213528 -1.03928e-06 0.200233 0.878718 1.06764 0.0676418 -2.69353 0.222003 
11 29200 14 1.03821 3.55647e-05 7.02493 0.213508 -5.66746e-06 0.200234 0.878634 1.06754 0.0675404 -2.69503 0.222763 
11 29300 15 1.04174 3.55647e-05 7.02493 0.213492 -1.03364e-06 0.200236 0.878568 1.06746 0.0674598 -2.69622 0.223522 
11 29400 15 1.0453 3.55647e-05 7.02493 0.213496 -5.33224e-06 0.200236 0.878583 1.06748 0.067478 -2.69595 0.224281 
11 29500 15 1.04886 3.55647e-05 7.02493 0.213528 -1.19065e-05 0.200234 0.878718 1.06764 0.0676422 -2.69352 0.225041 
11 29600 15 1.05241 3.55647e-05 7.02493 0.213515 -1.14141e-05 0.200234 0.878661 1.06757 0.0675733 -2.69454 0.225801 
11 29700 15 1.05597 3.55647e-05 7.02493 0.213466 2.0829e-07 0.200238 0.878461 1.06733 0.0673301 -2.69815 0.226559 
11 29800 15 1.05953 3.55647e-05 7.02493 0.213466 -1.4078e-05 0.200236 0.878462 1.06733 0.0673312 -2.69813 0.227319 
11 29900 15 1.06308 3.55647e-05 7.02493 0.213455 -1.07733e-05 0.200236 0.878414 1.06727 0.0672733 -2.69899 0.228078 
11 30000 15 1.06664 3.55647e-05 7.02493 0.213448 -8.03664e-06 0.200235 0.878387 1.06724 0.0672407 -2.69948 0.228837 
11 30100 15 1.07019 3.55647e-05 7.02493 0.213473 -4.44772e-06 0.200235 0.878488 1.06736 0.0673631 -2.69766 0.229596 
11 30200 15 1.07375 3.55647e-05 7.02493 0.21348 -7.99964e-06 0.200235 0.878519 1.0674 0.0674001 -2.69711 0.230355 
11 30300 15 1.07731 3.55647e-05 7.02493 0.21348 7.32398e-06 0.200236 0.878517 1.0674 0.0673987 -2.69713 0.231115 
11 30400 15 1.08086 3.55647e-05 7.02493 0.213448 2.07678e-05 0.200237 0.878387 1.06724 0.06724 -2.69949 0.231874 
11 30500 15 1.08442 3.55647e-05 7.02493 0.213431 2.4066e-05 0.200235 0.878317 1.06716 0.0671551 -2.70075 0.232633 
11 30600 15 1.08798 3.55647e-05 7.02493 0.213433 2.53496e-05 0.200235 0.878324 1.06716 0.0671639 -2.70062 0.233391 
11 30700 15 1.09153 3.55647e-05 7.02493 0.213433 2.1598e-05 0.200235 0.878324 1.06716 0.0671638 -2.70062 0.23415 
11 30800 15 1.09509 3.55647e-05 7.02493 0.213427 -1.28411e-05 0.200235 0.8783 1.06713 0.0671341 -2.70106 0.23491 
11 30900 15 1.09865 3.55647e-05 7.02493 0.213438 -1.89755e-05 0.200233 0.878344 1.06719 0.0671878 -2.70026 0.235669 
11 31000 15 1.1022 3.55647e-05 7.02493 0.213449 -3.10887e-05 0.200233 0.878392 1.06725 0.0672466 -2.69939 0.236428 
11 31100 15 1.10576 3.55647e-05 7.02493 0.213444 -3.78086e-05 0.200234 0.87837 1.06722 0.0672199 -2.69979 0.237187 
11 31200 15 1.10932 3.55647e-05 7.02493 0.213404 -1.90386e-05 0.200234 0.878208 1.06702 0.0670223 -2.70273 0.237946 
11 31300 15 1.11287 3.55647e-05 7.02493 0.213372 1.05892e-05 0.200236 0.878072 1.06686 0.066858 -2.70519 0.238705 
11 31400 15 1.11643 3.55647e-05 7.02493 0.213355 1.1172e-05 0.200236 0.878006 1.06678 0.0667774 -2.70639 0.239464 
11 31500 15 1.11999 3.55647e-05 7.02493 0.213365 -3.39348e-07 0.200235 0.878045 1.06682 0.0668247 -2.70568 0.240223 
11 31600 16 1.12352 3.55647e-05 7.02493 0.213368 -2.58573e-05 0.200237 0.878057 1.06684 0.0668397 -2.70546 0.240982 
11 31700 16 1.12708 3.55647e-05 7.02493 0.213363 -1.9215e-05 0.200237 0.878037 1.06682 0.0668155 -2.70582 0.24174 
11 31800 16 1.13063 3.55647e-05 7.02493 0.213357 -2.4605e-05 0.200238 0.878011 1.06678 0.0667834 -2.7063 0.242499 
11 31900 16 1.13419 3.55647e-05 7.02493 0.21335 9.58669e-07 0.200237 0.877982 1.06675 0.066748 -2.70683 0.243258 
11 32000 16 1.13775 3.55647e-05 7.02493 0.213333 1.8204e-05 0.200236 0.877914 1.06667 0.0666657 -2.70806 0.244017 
11 32100 16 1.1413 3.55647e-05 7.02493 0.213322 7.79179e-06 0.200236 0.87787 1.06661 0.0666116 -2.70888 0.244776 
11 32200 16 1.14486 3.55647e-05 7.02493 0.213336 -1.03709e-05 0.200236 0.877927 1.06668 0.0666818 -2.70782 0.245534 
11 32300 16 1.14842 3.55647e-05 7.02493 0.213306 2.20341e-06 0.200239 0.877801 1.06653 0.0665284 -2.71013 0.246293 
11 32400 16 1.15197 3.55647e-05 7.02493 0.213325 1.09389e-05 0.200238 0.87788 1.06662 0.066624 -2.70869 0.247052 
11 32500 16 1.15553 3.55647e-05 7.02493 0.213337 3.29493e-06 0.200237 0.87793 1.06669 0.0666854 -2.70777 0.24781 
11 32600 16 1.15909 3.55647e-05 7.02493 0.213356 -8.10915e-06 0.200235 0.878007 1.06678 0.0667787 -2.70637 0.248568 
11 32700 16 1.16264 3.55647e-05 7.02493 0.213341 -4.06933e-05 0.200235 0.877945 1.0667 0.066703 -2.7075 0.249327 
11 32800 16 1.1662 3.55647e-05 7.02493 0.213321 -5.34546e-05 0.200236 0.877865 1.06661 0.0666063 -2.70896 0.250086 
11 32900 16 1.16976 3.55647e-05 7.02493 0.213317 -6.42549e-05 0.200235 0.877846 1.06658 0.0665834 -2.7093 0.250844 
11 33000 16 1.17331 3.55647e-05 7.02493 0.213322 -3.96595e-05 0.200234 0.877869 1.06661 0.0666111 -2.70888 0.251603 
11 33100 16 1.17687 3.55647e-05 7.02493 0.213343 -3.21276e-05 0.200234 0.877954 1.06671 0.066714 -2.70734 0.252362 
11 33200 16 1.18042 3.55647e-05 7.02493 0.213325 -5.12314e-05 0.200235 0.877883 1.06663 0.0666273 -2.70864 0.253121 
11 33300 16 1.18398 3.55647e-05 7.02493 0.21328 -6.90626e-05 0.200237 0.877696 1.0664 0.0664009 -2.71204 0.253879 
11 33400 16 1.18754 3.55647e-05 7.02493 0.213283 -7.90369e-05 0.200237 0.877708 1.06642 0.0664154 -2.71183 0.254639 
11 33500 16 1.19109 3.55647e-05 7.02493 0.213276 -6.11066e-05 0.200237 0.877681 1.06638 0.0663825 -2.71232 0.255397 
11 33600 16 1.19465 3.55647e-05 7.02493 0.21329 -4.36942e-05 0.200235 0.877738 1.06645 0.0664517 -2.71128 0.256156 
11 33700 16 1.19821 3.55647e-05 7.02493 0.213271 1.65776e-05 0.200235 0.877657 1.06635 0.0663538 -2.71275 0.256914 
11 33800 17 1.20174 3.55647e-05 7.02493 0.213265 6.68231e-05 0.200237 0.877635 1.06633 0.0663263 -2.71317 0.257672 
11 33900 17 1.2053 3.55647e-05 7.02493 0.213267 8.57764e-05 0.200237 0.877643 1.06634 0.0663364 -2.71302 0.258431 
11 34000 17 1.20886 3.55647e-05 7.02493 0.213257 6.52074e-05 0.200237 0.877601 1.06628 0.0662847 -2.7138 0.259189 
11 34100 17 1.21241 3.55647e-05 7.02493 0.213243 5.19004e-05 0.200238 0.877544 1.06622 0.0662158 -2.71484 0.259948 
11 34200 17 1.21597 3.55647e-05 7.02493 0.213243 5.50065e-05 0.200237 0.877545 1.06622 0.0662167 -2.71482 0.260706 
11 34300 17 1.21953 3.55647e-05 7.02493 0.213199 3.35168e-05 0.20024 0.877362 1.06599 0.0659945 -2.71818 0.261465 
11 34400 17 1.22308 3.55647e-05 7.02493 0.213189 1.81576e-05 0.20024 0.87732 1.06594 0.0659434 -2.71896 0.262222 
11 34500 17 1.22664 3.55647e-05 7.02493 0.213184 9.52803e-06 0.200238 0.8773 1.06592 0.0659193 -2.71932 0.262981 
11 34600 17 1.23019 3.55647e-05 7.02493 0.213179 8.04783e-06 0.200238 0.877279 1.06589 0.0658939 -2.71971 0.263739 
11 34700 17 1.23375 3.55647e-05 7.02493 0.213198 3.17311e-05 0.200237 0.877359 1.06599 0.0659909 -2.71824 0.264497 
11 34800 17 1.23731 3.55647e-05 7.02493 0.213228 1.57515e-05 0.200236 0.877482 1.06614 0.0661402 -2.71598 0.265254 
11 34900 17 1.24086 3.55647e-05 7.02493 0.213203 1.86589e-05 0.200236 0.87738 1.06602 0.0660172 -2.71784 0.266013 
11 35000 17 1.24442 3.55647e-05 7.02493 0.213197 2.6861e-05 0.200236 0.877356 1.06599 0.0659871 -2.7183 0.266772 
11 35100 17 1.24798 3.55647e-05 7.02493 0.213221 2.48262e-05 0.200235 0.877454 1.06611 0.0661062 -2.71649 0.26753 
11 35200 17 1.25153 3.55647e-05 7.02493 0.213216 1.8288e-05 0.200235 0.87743 1.06608 0.0660777 -2.71692 0.268288 
11 35300 17 1.25509 3.55647e-05 7.02493 0.213192 1.30624e-05 0.200237 0.877335 1.06596 0.0659618 -2.71868 0.269046 
11 35400 17 1.25865 3.55647e-05 7.02493 0.213166 6.17634e-06 0.200238 0.877225 1.06583 0.065828 -2.72071 0.269805 
11 35500 17 1.2622 3.55647e-05 7.02493 0.213165 -4.04336e-06 0.200236 0.87722 1.06582 0.0658227 -2.72079 0.270563 
11 35600 17 1.26576 3.55647e-05 7.02493 0.21318 -4.70054e-06 0.200236 0.877284 1.0659 0.0659005 -2.71961 0.271322 
11 35700 17 1.26932 3.55647e-05 7.02493 0.213154 7.46624e-06 0.200238 0.877177 1.06577 0.0657702 -2.72159 0.272079 
11 35800 17 1.27287 3.55647e-05 7.02493 0.213124 2.68453e-05 0.200239 0.877055 1.06562 0.0656218 -2.72385 0.272837 
11 35900 17 1.27643 3.55647e-05 7.02493 0.213139 4.24733e-05 0.200237 0.877117 1.0657 0.0656972 -2.7227 0.273595 
11 36000 17 1.27999 3.55647e-05 7.02493 0.21317 3.10802e-05 0.200235 0.877241 1.06585 0.0658483 -2.7204 0.274353 
11 36100 18 1.28352 3.55647e-05 7.02493 0.21316 3.69024e-05 0.200236 0.877201 1.0658 0.0657996 -2.72114 0.275111 
11 36200 18 1.28708 3.55647e-05 7.02493 0.213164 5.94604e-05 0.200237 0.877217 1.06582 0.0658183 -2.72086 0.275869 
11 36300 18 1.29063 3.55647e-05 7.02493 0.213135 6.47428e-05 0.200236 0.877099 1.06568 0.0656753 -2.72303 0.276627 
11 36400 18 1.29419 3.55647e-05 7.02493 0.213104 4.82317e-05 0.200238 0.876971 1.06552 0.0655195 -2.72541 0.277385 
11 36500 18 1.29775 3.55647e-05 7.02493 0.213094 4.20916e-05 0.20024 0.876928 1.06547 0.0654678 -2.7262 0.278143 
11 36600 18 1.3013 3.55647e-05 7.02493 0.213107 1.55285e-05 0.200239 0.876985 1.06554 0.0655362 -2.72515 0.278901 
11 36700 18 1.30486 3.55647e-05 7.02493 0.213101 -1.66866e-05 0.200238 0.876959 1.0655 0.0655047 -2.72563 0.279658 
11 36800 18 1.30842 3.55647e-05 7.02493 0.213112 -4.83184e-05 0.200238 0.877005 1.06556 0.0655611 -2.72477 0.280417 
11 36900 18 1.31197 3.55647e-05 7.02493 0.213136 -5.50133e-05 0.200237 0.877102 1.06568 0.0656793 -2.72297 0.281174 
11 37000 18 1.31553 3.55647e-05 7.02493 0.213118 -5.30197e-05 0.200237 0.877027 1.06559 0.065588 -2.72436 0.281933 
11 37100 18 1.31909 3.55647e-05 7.02493 0.213118 -4.10571e-05 0.200237 0.87703 1.06559 0.0655916 -2.72431 0.282691 
11 37200 18 1.32264 3.55647e-05 7.02493 0.213114 -3.5429e-05 0.200237 0.877013 1.06557 0.0655713 -2.72462 0.283448 
11 37300 18 1.3262 3.55647e-05 7.02493 0.213103 -4.27456e-05 0.200238 0.876969 1.06552 0.0655175 -2.72544 0.284206 
11 37400 18 1.32976 3.55647e-05 7.02493 0.213075 -5.83983e-05 0.200239 0.876852 1.06537 0.0653748 -2.72762 0.284963 
11 37500 18 1.33331 3.55647e-05 7.02493 0.213083 -8.309e-05 0.200238 0.876883 1.06541 0.0654132 -2.72703 0.285721 
11 37600 18 1.33687 3.55647e-05 7.02493 0.213096 -8.20672e-05 0.200237 0.876939 1.06548 0.0654813 -2.72599 0.28648 
11 37700 18 1.34042 3.55647e-05 7.02493 0.213107 -7.45355e-05 0.200234 0.876984 1.06554 0.065536 -2.72516 0.287237 
11 37800 18 1.34398 3.55647e-05 7.02493 0.213037 -5.05244e-05 0.200239 0.876695 1.06518 0.065185 -2.73053 0.287995 
11 37900 18 1.34754 3.55647e-05 7.02493 0.213035 -8.70141e-05 0.200238 0.876686 1.06517 0.0651735 -2.7307 0.288753 
11 38000 18 1.35109 3.55647e-05 7.02493 0.213032 -0.000111603 0.200237 0.876674 1.06516 0.0651584 -2.73093 0.289511 
11 38100 18 1.35465 3.55647e-05 7.02493 0.213044 -0.000105921 0.200237 0.876723 1.06522 0.065218 -2.73002 0.290268 
11 38200 18 1.35821 3.55647e-05 7.02493 0.213043 -6.48546e-05 0.200237 0.876722 1.06522 0.0652173 -2.73003 0.291027 
11 38300 19 1.36174 3.55647e-05 7.02493 0.213023 -1.81983e-05 0.200239 0.876638 1.06511 0.065115 -2.7316 0.291784 
11 38400 19 1.3653 3.55647e-05 7.02493 0.21299 -6.4221e-06 0.200239 0.876502 1.06495 0.0649504 -2.73413 0.292542 
11 38500 19 1.36886 3.55647e-05 7.02493 0.212998 8.59993e-06 0.200238 0.876534 1.06499 0.0649892 -2.73353 0.293299 
11 38600 19 1.37241 3.55647e-05 7.02493 0.213002 5.20918e-05 0.200239 0.876552 1.06501 0.0650104 -2.73321 0.294057 
11 38700 19 1.37597 3.55647e-05 7.02493 0.213003 7.55229e-05 0.200238 0.876557 1.06502 0.0650173 -2.7331 0.294814 
11 38800 19 1.37953 3.55647e-05 7.02493 0.213016 1.34014e-05 0.200236 0.87661 1.06508 0.0650809 -2.73212 0.295572 
11 38900 19 1.38308 3.55647e-05 7.02493 0.213015 -1.09424e-06 0.200237 0.876604 1.06507 0.0650743 -2.73223 0.296329 
11 39000 19 1.38664 3.55647e-05 7.02493 0.213019 -1.0291e-06 0.200237 0.876623 1.0651 0.0650973 -2.73187 0.297087 
11 39100 19 1.39019 3.55647e-05 7.02493 0.213027 1.67476e-05 0.200236 0.876654 1.06513 0.0651348 -2.7313 0.297845 
11 39200 19 1.39375 3.55647e-05 7.02493 0.213031 6.2865e-06 0.200234 0.876671 1.06515 0.0651549 -2.73099 0.298602 
11 39300 19 1.39731 3.55647e-05 7.02493 0.213027 -5.51492e-06 0.200235 0.876654 1.06513 0.0651349 -2.73129 0.29936 
11 39400 19 1.40086 3.55647e-05 7.02493 0.21298 -9.28821e-06 0.200236 0.876462 1.0649 0.0649018 -2.73488 0.300117 
11 39500 19 1.40442 3.55647e-05 7.02493 0.212949 -8.66231e-06 0.200236 0.876334 1.06475 0.0647463 -2.73728 0.300875 
11 39600 19 1.40798 3.55647e-05 7.02493 0.212948 1.62384e-05 0.200237 0.876328 1.06474 0.0647391 -2.73739 0.301632 
11 39700 19 1.41153 3.55647e-05 7.02493 0.212967 -1.17053e-05 0.200237 0.876406 1.06483 0.0648337 -2.73593 0.302389 
11 39800 19 1.41509 3.55647e-05 7.02493 0.21297 -1.19882e-05 0.200236 0.876419 1.06485 0.0648496 -2.73568 0.303147 
11 39900 19 1.41865 3.55647e-05 7.02493 0.212927 -1.32624e-06 0.200238 0.876244 1.06464 0.0646362 -2.73898 0.303904 
11 40000 19 1.4222 3.55647e-05 7.02493 0.212935 4.44105e-05 0.200237 0.876275 1.06467 0.064674 -2.7384 0.304662 
11 40100 19 1.42576 3.55647e-05 7.02493 0.212947 4.28908e-05 0.200235 0.876323 1.06473 0.0647328 -2.73749 0.30542 
11 40200 19 1.42932 3.55647e-05 7.02493 0.212955 3.79826e-05 0.200235 0.876359 1.06478 0.0647761 -2.73682 0.306177 
11 40300 19 1.43287 3.55647e-05 7.02493 0.21294 -1.07547e-05 0.200236 0.876296 1.0647 0.0647001 -2.73799 0.306934 
11 40400 19 1.43643 3.55647e-05 7.02493 0.212904 -2.80625e-05 0.200238 0.876148 1.06452 0.0645193 -2.74079 0.307692 
11 40500 19 1.43999 3.55647e-05 7.02493 0.212899 -4.41437e-05 0.200239 0.876126 1.06449 0.0644932 -2.7412 0.308448 
11 40600 20 1.44352 3.55647e-05 7.02493 0.21289 -4.36947e-05 0.200238 0.87609 1.06445 0.0644488 -2.74188 0.309206 
11 40700 20 1.44708 3.55647e-05 7.02493 0.212896 -4.40452e-05 0.200237 0.876117 1.06448 0.0644819 -2.74137 0.309963 
11 40800 20 1.45063 3.55647e-05 7.02493 0.212915 -3.70271e-05 0.200235 0.876195 1.06458 0.0645766 -2.7399 0.31072 
11 40900 20 1.45419 3.55647e-05 7.02493 0.212915 -2.79587e-05 0.200238 0.876194 1.06458 0.0645753 -2.73992 0.311477 
11 41000 20 1.45775 3.55647e-05 7.02493 0.212913 -2.54628e-05 0.200236 0.876185 1.06456 0.0645648 -2.74009 0.312235 
11 41100 20 1.4613 3.55647e-05 7.02493 0.212918 1.60391e-06 0.200236 0.876205 1.06459 0.0645887 -2.73972 0.312992 
11 41200 20 1.46486 3.55647e-05 7.02493 0.212953 1.96745e-05 0.200234 0.87635 1.06477 0.0647655 -2.73698 0.313749 
11 41300 20 1.46842 3.55647e-05 7.02493 0.212962 1.9378e-05 0.200234 0.876388 1.06481 0.0648112 -2.73628 0.314507 
11 41400 20 1.47197 3.55647e-05 7.02493 0.21294 2.19705e-05 0.200235 0.876295 1.0647 0.0646984 -2.73802 0.315264 
11 41500 20 1.47553 3.55647e-05 7.02493 0.212905 3.33887e-05 0.200236 0.87615 1.06452 0.0645226 -2.74074 0.316021 
11 41600 20 1.47909 3.55647e-05 7.02493 0.212903 2.16378e-05 0.200237 0.876145 1.06452 0.0645156 -2.74085 0.316779 
11 41700 20 1.48264 3.55647e-05 7.02493 0.212888 2.39252e-05 0.200237 0.876083 1.06444 0.0644413 -2.742 0.317536 
11 41800 20 1.4862 3.55647e-05 7.02493 0.212901 1.71248e-05 0.200236 0.876136 1.06451 0.0645051 -2.74101 0.318292 
11 41900 20 1.48976 3.55647e-05 7.02493 0.212863 2.29515e-05 0.20024 0.875981 1.06432 0.0643169 -2.74393 0.31905 
11 42000 20 1.49331 3.55647e-05 7.02493 0.212858 3.83826e-05 0.200238 0.875959 1.06429 0.0642906 -2.74434 0.319807 
11 42100 20 1.49687 3.55647e-05 7.02493 0.212879 4.37906e-05 0.200237 0.876046 1.0644 0.0643959 -2.74271 0.320564 
11 42200 20 1.50042 3.55647e-05 7.02493 0.212888 4.38386e-05 0.200236 0.87608 1.06444 0.0644375 -2.74206 0.321322 
11 42300 20 1.50398 3.55647e-05 7.02493 0.212853 4.34498e-05 0.200237 0.87594 1.06427 0.0642668 -2.74471 0.322079 
11 42400 20 1.50754 3.55647e-05 7.02493 0.212821 6.95318e-05 0.200239 0.875805 1.0641 0.0641031 -2.74726 0.322836 
11 42500 20 1.51109 3.55647e-05 7.02493 0.212821 5.06177e-05 0.200239 0.875807 1.06411 0.0641059 -2.74722 0.323593 
11 42600 20 1.51465 3.55647e-05 7.02493 0.212807 1.08243e-05 0.20024 0.875749 1.06403 0.0640345 -2.74833 0.32435 
11 42700 20 1.51821 3.55647e-05 7.02493 0.212815 -2.86133e-05 0.200239 0.875783 1.06408 0.0640763 -2.74768 0.325106 
11 42800 21 1.52174 3.55647e-05 7.02493 0.21282 -1.48356e-05 0.200238 0.875803 1.0641 0.0641001 -2.74731 0.325863 
11 42900 21 1.5253 3.55647e-05 7.02493 0.212858 -8.45733e-06 0.200236 0.875958 1.06429 0.0642885 -2.74437 0.32662 
11 43000 21 1.52886 3.55647e-05 7.02493 0.212858 -5.76767e-06 0.200236 0.875957 1.06429 0.0642876 -2.74439 0.327377 
11 43100 21 1.53241 3.55647e-05 7.02493 0.212841 -8.23515e-06 0.200238 0.875889 1.06421 0.0642057 -2.74566 0.328134 
11 43200 21 1.53597 3.55647e-05 7.02493 0.212842 -4.35477e-05 0.200237 0.875895 1.06421 0.0642119 -2.74557 0.328891 
11 43300 21 1.53953 3.55647e-05 7.02493 0.21286 -7.00115e-05 0.200236 0.875969 1.0643 0.0643018 -2.74417 0.329648 
11 43400 21 1.54308 3.55647e-05 7.02493 0.21288 -8.71079e-05 0.200236 0.876048 1.0644 0.0643984 -2.74267 0.330405 
11 43500 21 1.54664 3.55647e-05 7.02493 0.212828 -8.71156e-05 0.200237 0.875837 1.06414 0.0641415 -2.74666 0.331162 
11 43600 21 1.55019 3.55647e-05 7.02493 0.212794 -5.13219e-05 0.200239 0.875695 1.06397 0.0639692 -2.74935 0.331919 
11 43700 21 1.55375 3.55647e-05 7.02493 0.212803 -1.96306e-05 0.200238 0.875732 1.06401 0.0640139 -2.74866 0.332676 
11 43800 21 1.55731 3.55647e-05 7.02493 0.212805 -2.39789e-05 0.200238 0.875742 1.06403 0.064027 -2.74845 0.333433 
11 43900 21 1.56086 3.55647e-05 7.02493 0.212789 -2.4124e-05 0.200238 0.875675 1.06395 0.0639456 -2.74972 0.33419 
11 44000 21 1.56442 3.55647e-05 7.02493 0.212761 -2.06826e-05 0.200241 0.875561 1.06381 0.0638069 -2.75189 0.334946 
11 44100 21 1.56798 3.55647e-05 7.02493 0.212785 -4.0312e-06 0.200239 0.875658 1.06393 0.063925 -2.75004 0.335703 
11 44200 21 1.57153 3.55647e-05 7.02493 0.212797 7.79323e-06 0.200238 0.875706 1.06398 0.0639828 -2.74914 0.33646 
11 44300 21 1.57509 3.55647e-05 7.02493 0.212793 1.96839e-05 0.200237 0.875692 1.06397 0.0639663 -2.7494 0.337217 
11 44400 21 1.57865 3.55647e-05 7.02493 0.212772 4.3151e-05 0.200238 0.875603 1.06386 0.0638582 -2.75109 0.337974 
11 44500 21 1.5822 3.55647e-05 7.02493 0.212773 1.5879e-05 0.200239 0.875611 1.06387 0.0638674 -2.75095 0.338731 
11 44600 21 1.58576 3.55647e-05 7.02493 0.212761 -6.3682e-06 0.200241 0.875559 1.0638 0.0638036 -2.75195 0.339488 
11 44700 21 1.58932 3.55647e-05 7.02493 0.212736 -1.88026e-05 0.20024 0.875456 1.06368 0.0636786 -2.75391 0.340244 
11 44800 21 1.59287 3.55647e-05 7.02493 0.212743 -2.94834e-05 0.20024 0.875484 1.06371 0.0637134 -2.75336 0.341001 
11 44900 21 1.59643 3.55647e-05 7.02493 0.212747 -2.73651e-05 0.200239 0.875502 1.06374 0.0637352 -2.75302 0.341757 
11 45000 21 1.59999 3.55647e-05 7.02493 0.212785 -2.34568e-05 0.200237 0.875659 1.06393 0.063926 -2.75003 0.342514 
11 45100 22 1.60352 3.55647e-05 7.02493 0.212797 -2.69927e-05 0.200236 0.875707 1.06398 0.0639842 -2.74912 0.34327 
11 45200 22 1.60708 3.55647e-05 7.02493 0.212759 -3.62885e-05 0.200239 0.875552 1.0638 0.063796 -2.75206 0.344028 
11 45300 22 1.61063 3.55647e-05 7.02493 0.212768 -5.72084e-05 0.200238 0.875587 1.06384 0.0638382 -2.7514 0.344784 
11 45400 22 1.61419 3.55647e-05 7.02493 0.212779 -5.11284e-05 0.200237 0.875635 1.0639 0.0638969 -2.75048 0.345541 
11 45500 22 1.61775 3.55647e-05 7.02493 0.212772 -8.62153e-06 0.200237 0.875604 1.06386 0.0638587 -2.75108 0.346298 
11 45600 22 1.6213 3.55647e-05 7.02493 0.212741 2.85882e-05 0.200239 0.875476 1.0637 0.0637038 -2.75351 0.347055 
11 45700 22 1.62486 3.55647e-05 7.02493 0.212718 1.74619e-05 0.200239 0.875383 1.06359 0.0635902 -2.7553 0.347811 
11 45800 22 1.62842 3.55647e-05 7.02493 0.212739 6.03951e-06 0.20024 0.875467 1.06369 0.0636928 -2.75368 0.348568 
11 45900 22 1.63197 3.55647e-05 7.02493 0.21274 4.55317e-06 0.200239 0.875474 1.0637 0.0637011 -2.75355 0.349324 
11 46000 22 1.63553 3.55647e-05 7.02493 0.212705 6.4113e-06 0.20024 0.875328 1.06352 0.0635233 -2.75635 0.350081 
11 46100 22 1.63909 3.55647e-05 7.02493 0.212684 -3.04784e-05 0.200243 0.875242 1.06342 0.0634195 -2.75798 0.350837 
11 46200 22 1.64264 3.55647e-05 7.02493 0.212691 -5.5232e-06 0.200242 0.875272 1.06345 0.0634549 -2.75743 0.351594 
11 46300 22 1.6462 3.55647e-05 7.02493 0.212716 1.45521e-05 0.20024 0.875375 1.06358 0.0635806 -2.75545 0.35235 
11 46400 22 1.64976 3.55647e-05 7.02493 0.212721 3.18253e-05 0.200239 0.875394 1.0636 0.0636031 -2.75509 0.353106 
11 46500 22 1.65331 3.55647e-05 7.02493 0.212691 3.75466e-05 0.200242 0.87527 1.06345 0.0634534 -2.75745 0.353864 
11 46600 22 1.65687 3.55647e-05 7.02493 0.212693 2.20299e-05 0.200241 0.875281 1.06347 0.0634667 -2.75724 0.354621 
11 46700 22 1.66042 3.55647e-05 7.02493 0.212669 2.93541e-05 0.200243 0.875182 1.06335 0.0633456 -2.75915 0.355376 
11 46800 22 1.66398 3.55647e-05 7.02493 0.212649 5.13861e-05 0.200243 0.8751 1.06325 0.0632465 -2.76072 0.356133 
11 46900 22 1.66754 3.55647e-05 7.02493 0.212651 4.85723e-05 0.200241 0.875108 1.06326 0.0632568 -2.76055 0.356889 
11 47000 22 1.67109 3.55647e-05 7.02493 0.212682 4.65898e-05 0.200241 0.875234 1.06341 0.0634092 -2.75815 0.357645 
11 47100 22 1.67465 3.55647e-05 7.02493 0.212719 2.57011e-05 0.200239 0.875388 1.0636 0.0635965 -2.7552 0.358402 
11 47200 22 1.67821 3.55647e-05 7.02493 0.212728 1.46521e-05 0.200238 0.875422 1.06364 0.0636376 -2.75455 0.359158 
11 47300 23 1.68174 3.55647e-05 7.02493 0.212698 1.21066e-05 0.20024 0.875298 1.06349 0.0634875 -2.75691 0.359915 
11 47400 23 1.6853 3.55647e-05 7.02493 0.212702 -5.26854e-06 0.200238 0.875318 1.06351 0.0635113 -2.75654 0.360672 
11 47500 23 1.68886 3.55647e-05 7.02493 0.212716 -2.87329e-06 0.200238 0.875375 1.06358 0.0635804 -2.75545 0.361428 
11 47600 23 1.69241 3.55647e-05 7.02493 0.212707 2.31523e-06 0.200239 0.875336 1.06353 0.0635332 -2.75619 0.362184 
11 47700 23 1.69597 3.55647e-05 7.02493 0.212679 -1.80877e-05 0.20024 0.875224 1.0634 0.0633966 -2.75834 0.362941 
11 47800 23 1.69953 3.55647e-05 7.02493 0.212686 -3.13289e-05 0.20024 0.875251 1.06343 0.0634297 -2.75782 0.363697 
11 47900 23 1.70308 3.55647e-05 7.02493 0.212692 -2.04569e-05 0.20024 0.875276 1.06346 0.0634608 -2.75733 0.364453 
11 48000 23 1.70664 3.55647e-05 7.02493 0.212697 6.3496e-06 0.200241 0.875297 1.06349 0.0634857 -2.75694 0.36521 
11 48100 23 1.71019 3.55647e-05 7.02493 0.212668 3.01869e-05 0.200241 0.875178 1.06334 0.0633408 -2.75923 0.365967 
11 48200 23 1.71375 3.55647e-05 7.02493 0.212634 9.58922e-06 0.200243 0.875038 1.06317 0.0631712 -2.76191 0.366723 
11 48300 23 1.71731 3.55647e-05 7.02493 0.212642 1.2491e-06 0.200241 0.875072 1.06321 0.0632124 -2.76126 0.367479 
11 48400 23 1.72086 3.55647e-05 7.02493 0.212637 -1.81364e-05 0.200242 0.875048 1.06318 0.0631829 -2.76172 0.368235 
11 48500 23 1.72442 3.55647e-05 7.02493 0.212643 -2.31707e-05 0.200242 0.875073 1.06321 0.0632131 -2.76124 0.368992 
11 48600 23 1.72798 3.55647e-05 7.02493 0.212626 -1.16493e-06 0.200241 0.875004 1.06313 0.0631293 -2.76257 0.369748 
11 48700 23 1.73153 3.55647e-05 7.02493 0.212614 1.59116e-05 0.200242 0.874956 1.06307 0.0630719 -2.76348 0.370505 
11 48800 23 1.73509 3.55647e-05 7.02493 0.212604 3.08407e-05 0.200243 0.874916 1.06302 0.0630223 -2.76427 0.37126 
11 48900 23 1.73865 3.55647e-05 7.02493 0.212594 6.43652e-05 0.200242 0.874871 1.06297 0.0629681 -2.76513 0.372017 
11 49000 23 1.7422 3.55647e-05 7.02493 0.21259 7.11004e-05 0.200243 0.874854 1.06295 0.0629475 -2.76545 0.372773 
11 49100 23 1.74576 3.55647e-05 7.02493 0.21264 4.67179e-05 0.200241 0.875062 1.0632 0.0632 -2.76145 0.373529 
11 49200 23 1.74932 3.55647e-05 7.02493 0.212668 6.00441e-06 0.200239 0.875177 1.06334 0.0633398 -2.75924 0.374285 
11 49300 23 1.75287 3.55647e-05 7.02493 0.212679 -4.28125e-06 0.200238 0.875223 1.0634 0.0633956 -2.75836 0.375042 
11 49400 23 1.75643 3.55647e-05 7.02493 0.212643 7.0128e-06 0.20024 0.875074 1.06321 0.0632146 -2.76122 0.375797 
11 49500 23 1.75999 3.55647e-05 7.02493 0.212629 -1.23285e-05 0.200241 0.875015 1.06314 0.0631432 -2.76235 0.376554 
11 49600 24 1.76352 3.55647e-05 7.02493 0.212628 -4.49557e-05 0.20024 0.875012 1.06314 0.0631393 -2.76241 0.37731 
11 49700 24 1.76708 3.55647e-05 7.02493 0.212614 6.41893e-06 0.200241 0.874953 1.06307 0.0630682 -2.76354 0.378067 
11 49800 24 1.77063 3.55647e-05 7.02493 0.212577 6.033e-05 0.200245 0.874803 1.06289 0.0628861 -2.76643 0.378823 
11 49900 24 1.77419 3.55647e-05 7.02493 0.212585 8.27648e-05 0.200242 0.874834 1.06292 0.0629231 -2.76584 0.379579 
11 50000 24 1.77775 3.55647e-05 7.02493 0.212607 7.16751e-05 0.200241 0.874927 1.06304 0.0630367 -2.76404 0.380334 
11 50100 24 1.7813 3.55647e-05 7.02493 0.21259 3.8528e-05 0.200243 0.874854 1.06295 0.0629477 -2.76545 0.381091 
11 50200 24 1.78486 3.55647e-05 7.02493 0.212589 -8.11702e-06 0.200243 0.874854 1.06295 0.0629474 -2.76546 0.381846 
11 50300 24 1.78842 3.55647e-05 7.02493 0.212581 -3.91905e-05 0.200244 0.874818 1.0629 0.0629038 -2.76615 0.382603 
11 50400 24 1.79197 3.55647e-05 7.02493 0.212572 -3.77207e-05 0.200243 0.874781 1.06286 0.0628595 -2.76685 0.383359 
11 50500 24 1.79553 3.55647e-05 7.02493 0.212565 -3.98124e-05 0.200244 0.874752 1.06282 0.0628239 -2.76742 0.384115 
11 50600 24 1.79909 3.55647e-05 7.02493 0.212594 -3.6049e-05 0.200242 0.874874 1.06297 0.0629721 -2.76506 0.384871 
11 50700 24 1.80264 3.55647e-05 7.02493 0.212595 -4.34411e-05 0.200242 0.874875 1.06297 0.0629727 -2.76505 0.385627 
11 50800 24 1.8062 3.55647e-05 7.02493 0.212558 -4.97458e-05 0.200244 0.874722 1.06279 0.0627878 -2.76799 0.386384 
11 50900 24 1.80976 3.55647e-05 7.02493 0.212544 -3.00638e-05 0.200243 0.874666 1.06272 0.0627195 -2.76908 0.387139 
11 51000 24 1.81331 3.55647e-05 7.02493 0.212508 -4.06687e-05 0.200247 0.874518 1.06254 0.0625391 -2.77196 0.387895 
11 51100 24 1.81687 3.55647e-05 7.02493 0.212518 -4.69407e-05 0.200244 0.874559 1.06259 0.0625896 -2.77116 0.38865 
11 51200 24 1.82042 3.55647e-05 7.02493 0.212556 -3.0189e-05 0.200243 0.874716 1.06278 0.0627802 -2.76812 0.389406 
11 51300 24 1.82398 3.55647e-05 7.02493 0.212583 -1.05977e-05 0.200241 0.874828 1.06292 0.0629156 -2.76596 0.390162 
11 51400 24 1.82754 3.55647e-05 7.02493 0.212587 -4.63227e-06 0.200241 0.874844 1.06294 0.0629354 -2.76565 0.390919 
11 51500 24 1.83109 3.55647e-05 7.02493 0.212567 8.78265e-06 0.200243 0.874763 1.06284 0.0628365 -2.76722 0.391675 
11 51600 24 1.83465 3.55647e-05 7.02493 0.21256 1.59044e-05 0.200243 0.874734 1.0628 0.0628024 -2.76776 0.392431 
11 51700 24 1.83821 3.55647e-05 7.02493 0.212555 3.26536e-06 0.200241 0.874712 1.06278 0.0627753 -2.76819 0.393186 
11 51800 25 1.84174 3.55647e-05 7.02493 0.212552 -1.20748e-05 0.200242 0.874699 1.06276 0.0627587 -2.76846 0.393943 
11 51900 25 1.8453 3.55647e-05 7.02493 0.212528 -1.5758e-05 0.200245 0.874602 1.06264 0.0626419 -2.77032 0.394699 
11 52000 25 1.84886 3.55647e-05 7.02493 0.212529 -2.2961e-05 0.200244 0.874607 1.06265 0.0626471 -2.77024 0.395454 
11 52100 25 1.85241 3.55647e-05 7.02493 0.212537 4.02744e-07 0.200244 0.874637 1.06268 0.0626845 -2.76964 0.39621 
11 52200 25 1.85597 3.55647e-05 7.02493 0.212529 3.2498e-05 0.200244 0.874603 1.06264 0.0626426 -2.77031 0.396966 
11 52300 25 1.85953 3.55647e-05 7.02493 0.21256 1.88353e-05 0.20024 0.874734 1.0628 0.0628016 -2.76778 0.397722 
11 52400 25 1.86308 3.55647e-05 7.02493 0.212534 -9.89894e-06 0.200243 0.874624 1.06267 0.0626676 -2.76991 0.398478 
11 52500 25 1.86664 3.55647e-05 7.02493 0.212509 3.17271e-06 0.200244 0.874522 1.06254 0.0625448 -2.77187 0.399233 
11 52600 25 1.87019 3.55647e-05 7.02493 0.212524 2.348e-06 0.200243 0.874586 1.06262 0.0626216 -2.77065 0.39999 
11 52700 25 1.87375 3.55647e-05 7.02493 0.212509 1.11976e-05 0.200244 0.874522 1.06254 0.0625445 -2.77188 0.400745 
11 52800 25 1.87731 3.55647e-05 7.02493 0.2125 9.03417e-07 0.200245 0.874486 1.0625 0.0625001 -2.77259 0.401502 
11 52900 25 1.88086 3.55647e-05 7.02493 0.212475 1.92389e-06 0.200246 0.874382 1.06237 0.0623738 -2.77461 0.402257 
11 53000 25 1.88442 3.55647e-05 7.02493 0.212465 3.49231e-05 0.200246 0.87434 1.06232 0.0623237 -2.77541 0.403012 
11 53100 25 1.88798 3.55647e-05 7.02493 0.212451 6.9281e-05 0.200247 0.874282 1.06225 0.0622532 -2.77655 0.403768 
11 53200 25 1.89153 3.55647e-05 7.02493 0.212459 9.31623e-05 0.200246 0.874318 1.0623 0.0622962 -2.77586 0.404523 
11 53300 25 1.89509 3.55647e-05 7.02493 0.212518 6.63792e-05 0.200243 0.874561 1.06259 0.0625916 -2.77112 0.405279 
11 53400 25 1.89865 3.55647e-05 7.02493 0.212516 3.16708e-05 0.200243 0.874551 1.06258 0.0625797 -2.77131 0.406036 
11 53500 25 1.9022 3.55647e-05 7.02493 0.212504 2.09737e-05 0.200245 0.874502 1.06252 0.0625201 -2.77227 0.406791 
11 53600 25 1.90576 3.55647e-05 7.02493 0.212478 9.05071e-06 0.200245 0.874394 1.06239 0.0623884 -2.77438 0.407547 
11 53700 25 1.90932 3.55647e-05 7.02493 0.212491 2.52347e-06 0.200244 0.87445 1.06246 0.0624563 -2.77329 0.408303 
11 53800 25 1.91287 3.55647e-05 7.02493 0.212496 -3.75949e-06 0.200243 0.874469 1.06248 0.0624794 -2.77292 0.409058 
11 53900 25 1.91643 3.55647e-05 7.02493 0.212476 -8.93054e-07 0.200244 0.874386 1.06238 0.0623787 -2.77453 0.409814 
11 54000 25 1.91999 3.55647e-05 7.02493 0.212483 -3.03362e-05 0.200241 0.874415 1.06241 0.0624147 -2.77395 0.41057 
11 54100 26 1.92352 3.55647e-05 7.02493 0.212481 -6.45309e-05 0.200241 0.874406 1.0624 0.0624034 -2.77413 0.411326 
11 54200 26 1.92708 3.55647e-05 7.02493 0.212471 -0.000108479 0.200242 0.874368 1.06236 0.0623566 -2.77489 0.412081 
11 54300 26 1.93063 3.55647e-05 7.02493 0.212473 -0.00013233 0.200241 0.874374 1.06236 0.0623643 -2.77476 0.412836 
11 54400 26 1.93419 3.55647e-05 7.02493 0.212483 -0.000119424 0.200241 0.874414 1.06241 0.0624136 -2.77397 0.413593 
11 54500 26 1.93775 3.55647e-05 7.02493 0.212459 -0.000124014 0.200241 0.874315 1.06229 0.0622933 -2.7759 0.414348 
11 54600 26 1.9413 3.55647e-05 7.02493 0.212441 -0.000106472 0.200242 0.874242 1.0622 0.0622037 -2.77734 0.415104 
