11 0 1 0 8.89118e-06 7.02493 0.22101 0 0.200023 0.909508 1.10505 0.105052 -2.2533 7.50531e-07 
11 100 2 0.0017649 1.77824e-05 7.02493 0.219783 -3.54007e-07 0.249662 0.904455 1.09891 0.0989125 -2.31352 0.00039081 
11 200 2 0.00354314 1.77824e-05 7.02493 0.219521 -9.4499e-08 0.29076 0.90338 1.09761 0.0976069 -2.32681 0.000780627 
11 300 2 0.00532137 1.77824e-05 7.02493 0.219543 -2.02552e-07 0.320178 0.90347 1.09772 0.0977159 -2.32569 0.0011709 
11 400 2 0.00709961 1.77824e-05 7.02493 0.219656 -1.53727e-07 0.340448 0.903935 1.09828 0.0982816 -2.31992 0.00156154 
11 500 2 0.00887785 1.77824e-05 7.02493 0.219806 -5.29401e-08 0.353443 0.90455 1.09903 0.0990278 -2.31235 0.00195256 
11 600 2 0.0106561 1.77824e-05 7.02493 0.219938 -4.33326e-08 0.360603 0.905094 1.09969 0.0996887 -2.3057 0.00234319 
11 700 2 0.0124343 1.77824e-05 7.02493 0.220024 -6.3266e-08 0.363082 0.905448 1.10012 0.100119 -2.3014 0.00273429 
11 800 2 0.0142126 1.77824e-05 7.02493 0.220086 -4.70666e-08 0.361847 0.905703 1.10043 0.10043 -2.2983 0.00312557 
11 900 2 0.0159908 1.77824e-05 7.02493 0.220119 -2.09964e-08 0.357731 0.905841 1.1006 0.100597 -2.29663 0.00351692 
11 1000 2 0.017769 1.77824e-05 7.02493 0.220111 -1.04181e-08 0.351448 0.905807 1.10056 0.100556 -2.29704 0.00390836 
11 1100 2 0.0195473 1.77824e-05 7.02493 0.220083 -5.65939e-08 0.343612 0.905693 1.10042 0.100417 -2.29842 0.00429975 
11 1200 2 0.0213255 1.77824e-05 7.02493 0.220033 -2.69883e-08 0.334737 0.905486 1.10017 0.100166 -2.30093 0.004691 
11 1300 2 0.0231037 1.77824e-05 7.02493 0.219966 -7.51597e-08 0.325247 0.905211 1.09983 0.099831 -2.30428 0.00508215 
11 1400 2 0.024882 1.77824e-05 7.02493 0.219894 -3.22106e-08 0.315493 0.904913 1.09947 0.0994691 -2.30791 0.00547323 
11 1500 2 0.0266602 1.77824e-05 7.02493 0.219812 -1.29601e-06 0.305736 0.904577 1.09906 0.099061 -2.31202 0.00586415 
11 1600 2 0.0284384 1.77824e-05 7.02493 0.219717 -1.16287e-06 0.296186 0.904185 1.09858 0.0985842 -2.31684 0.00625492 
11 1700 2 0.0302167 1.77824e-05 7.02493 0.219632 -1.03491e-06 0.286997 0.903835 1.09816 0.0981595 -2.32116 0.00664558 
11 1800 2 0.0319949 1.77824e-05 7.02493 0.219548 -9.90266e-07 0.278284 0.903488 1.09774 0.0977379 -2.32547 0.00703595 
11 1900 2 0.0337732 1.77824e-05 7.02493 0.219464 -8.54104e-07 0.270116 0.903142 1.09732 0.097318 -2.32977 0.00742632 
11 2000 2 0.0355514 1.77824e-05 7.02493 0.219382 -1.09672e-06 0.262534 0.902808 1.09691 0.0969118 -2.33395 0.00781659 
11 2100 2 0.0373296 1.77824e-05 7.02493 0.219275 -1.98582e-06 0.255515 0.902367 1.09638 0.0963762 -2.3395 0.00820651 
11 2200 2 0.0391079 1.77824e-05 7.02493 0.21916 5.57235e-06 0.249094 0.901892 1.0958 0.0957982 -2.34551 0.00859636 
11 2300 2 0.0408861 1.77824e-05 7.02493 0.219094 1.26836e-05 0.243142 0.90162 1.09547 0.0954686 -2.34896 0.00898599 
11 2400 2 0.0426643 1.77824e-05 7.02493 0.219038 1.08275e-05 0.237805 0.901391 1.09519 0.0951896 -2.35188 0.00937539 
11 2500 2 0.0444426 1.77824e-05 7.02493 0.218985 1.289e-05 0.233067 0.901173 1.09492 0.0949247 -2.35467 0.00976483 
11 2600 2 0.0462208 1.77824e-05 7.02493 0.218936 8.53414e-06 0.228881 0.900972 1.09468 0.0946808 -2.35724 0.0101542 
11 2700 2 0.047999 1.77824e-05 7.02493 0.218888 4.2564e-06 0.225195 0.900772 1.09444 0.0944382 -2.35981 0.0105436 
11 2800 2 0.0497773 1.77824e-05 7.02493 0.218831 4.01893e-06 0.221974 0.900538 1.09415 0.0941535 -2.36283 0.0109328 
11 2900 2 0.0515555 1.77824e-05 7.02493 0.21878 6.91354e-06 0.219168 0.900327 1.0939 0.0938978 -2.36555 0.0113218 
11 3000 2 0.0533338 1.77824e-05 7.02493 0.218733 3.19131e-06 0.216738 0.900136 1.09367 0.0936651 -2.36803 0.0117109 
11 3100 2 0.055112 1.77824e-05 7.02493 0.218672 1.22194e-06 0.214646 0.899885 1.09336 0.09336 -2.37129 0.0120997 
11 3200 2 0.0568902 1.77824e-05 7.02493 0.218624 -7.98174e-06 0.212867 0.899688 1.09312 0.0931203 -2.37386 0.0124887 
11 3300 2 0.0586685 1.77824e-05 7.02493 0.21858 -9.04552e-06 0.211351 0.899505 1.0929 0.0928981 -2.37625 0.0128773 
11 3400 2 0.0604467 1.77824e-05 7.02493 0.218549 -4.4537e-06 0.210087 0.899377 1.09274 0.092743 -2.37792 0.0132661 
11 3500 2 0.0622249 1.77824e-05 7.02493 0.21851 1.11066e-06 0.209029 0.899219 1.09255 0.0925508 -2.38 0.0136548 
11 3600 2 0.0640032 1.77824e-05 7.02493 0.218467 5.22154e-06 0.208159 0.899041 1.09234 0.0923352 -2.38233 0.0140433 
11 3700 2 0.0657814 1.77824e-05 7.02493 0.218427 6.96733e-06 0.207445 0.898878 1.09214 0.0921372 -2.38448 0.0144317 
11 3800 2 0.0675596 1.77824e-05 7.02493 0.218388 3.12443e-06 0.206835 0.898716 1.09194 0.0919401 -2.38662 0.0148203 
11 3900 2 0.0693379 1.77824e-05 7.02493 0.218379 -1.57888e-06 0.206329 0.898681 1.0919 0.0918971 -2.38709 0.0152086 
11 4000 2 0.0711161 1.77824e-05 7.02493 0.218337 -5.53609e-06 0.205873 0.898508 1.09169 0.0916868 -2.38938 0.0155969 
11 4100 2 0.0728944 1.77824e-05 7.02493 0.218306 -7.26297e-06 0.205479 0.898378 1.09153 0.0915291 -2.3911 0.0159853 
11 4200 2 0.0746726 1.77824e-05 7.02493 0.218257 -7.47447e-06 0.205126 0.898178 1.09129 0.0912861 -2.39376 0.0163735 
11 4300 2 0.0764508 1.77824e-05 7.02493 0.218217 -7.41729e-06 0.204826 0.898011 1.09108 0.0910836 -2.39598 0.0167618 
11 4400 2 0.0782291 1.77824e-05 7.02493 0.218167 5.83552e-06 0.204557 0.897808 1.09084 0.0908362 -2.3987 0.0171498 
11 4500 2 0.08 1.77824e-05 7.02493 0.218125 1.09871e-05 0.204323 0.897633 1.09062 0.0906245 -2.40103 0.0175375 
11 4600 3 0.0817782 1.77824e-05 7.02493 0.218073 4.15514e-05 0.204119 0.897422 1.09037 0.0903671 -2.40387 0.0179253 
11 4700 3 0.0835565 1.77824e-05 7.02493 0.218064 5.09983e-05 0.203957 0.897381 1.09032 0.090318 -2.40442 0.0183136 
11 4800 3 0.0853347 1.77824e-05 7.02493 0.21804 5.35022e-05 0.203814 0.897284 1.0902 0.0902004 -2.40572 0.0187011 
11 4900 3 0.0871129 1.77824e-05 7.02493 0.218015 4.36127e-05 0.203697 0.89718 1.09007 0.0900735 -2.40713 0.0190887 
11 5000 3 0.0888912 1.77824e-05 7.02493 0.217989 4.03343e-05 0.203597 0.897075 1.08995 0.0899461 -2.40855 0.0194766 
11 5100 3 0.0906694 1.77824e-05 7.02493 0.217968 3.56154e-05 0.203511 0.896987 1.08984 0.0898394 -2.40973 0.0198644 
11 5200 3 0.0924477 1.77824e-05 7.02493 0.217935 2.46866e-05 0.203432 0.89685 1.08967 0.089673 -2.41159 0.0202519 
11 5300 3 0.0942259 1.77824e-05 7.02493 0.217914 7.67281e-06 0.203364 0.896765 1.08957 0.0895696 -2.41274 0.0206397 
11 5400 3 0.0960041 1.77824e-05 7.02493 0.217865 5.62262e-06 0.203299 0.896564 1.08932 0.0893248 -2.41548 0.0210271 
11 5500 3 0.0977824 1.77824e-05 7.02493 0.217848 1.58301e-05 0.203241 0.896492 1.08924 0.0892383 -2.41644 0.0214146 
11 5600 3 0.0995606 1.77824e-05 7.02493 0.217833 1.43247e-05 0.203185 0.896433 1.08917 0.0891665 -2.41725 0.0218018 
11 5700 3 0.101339 1.77824e-05 7.02493 0.217795 6.10392e-06 0.203132 0.896275 1.08897 0.088974 -2.41941 0.0221893 
11 5800 3 0.103117 1.77824e-05 7.02493 0.217728 -2.61656e-06 0.203078 0.896 1.08864 0.0886395 -2.42318 0.0225763 
11 5900 3 0.104895 1.77824e-05 7.02493 0.217673 6.67988e-07 0.203027 0.895772 1.08836 0.0883631 -2.4263 0.0229635 
11 6000 3 0.106674 1.77824e-05 7.02493 0.217643 9.01802e-06 0.202986 0.895649 1.08821 0.088213 -2.428 0.0233506 
11 6100 3 0.108452 1.77824e-05 7.02493 0.217618 1.8382e-05 0.20295 0.895547 1.08809 0.0880895 -2.4294 0.0237375 
11 6200 3 0.11023 1.77824e-05 7.02493 0.217594 1.86047e-05 0.202919 0.89545 1.08797 0.0879715 -2.43074 0.0241245 
11 6300 3 0.112008 1.77824e-05 7.02493 0.21756 1.29877e-05 0.202886 0.89531 1.0878 0.0878017 -2.43267 0.0245116 
11 6400 3 0.113786 1.77824e-05 7.02493 0.217521 8.81676e-06 0.202853 0.895149 1.08761 0.0876059 -2.43491 0.0248987 
11 6500 3 0.115565 1.77824e-05 7.02493 0.217486 8.0664e-06 0.202819 0.895005 1.08743 0.0874313 -2.4369 0.0252852 
11 6600 3 0.117343 1.77824e-05 7.02493 0.217447 1.72439e-05 0.202783 0.894843 1.08723 0.0872338 -2.43916 0.0256719 
11 6700 3 0.119121 1.77824e-05 7.02493 0.217419 2.13278e-05 0.20275 0.89473 1.0871 0.0870972 -2.44073 0.0260587 
11 6800 3 0.120899 1.77824e-05 7.02493 0.2174 8.65887e-06 0.202712 0.89465 1.087 0.087 -2.44185 0.0264453 
11 6900 3 0.122678 1.77824e-05 7.02493 0.217368 1.40715e-05 0.202684 0.894518 1.08684 0.0868389 -2.4437 0.0268318 
11 7000 3 0.124456 1.77824e-05 7.02493 0.217316 1.25161e-05 0.20267 0.894303 1.08658 0.0865783 -2.44671 0.0272182 
11 7100 3 0.126234 1.77824e-05 7.02493 0.217295 6.22786e-06 0.202651 0.89422 1.08648 0.0864774 -2.44787 0.0276047 
11 7200 3 0.128012 1.77824e-05 7.02493 0.217314 1.50548e-05 0.202629 0.894294 1.08657 0.0865676 -2.44683 0.027991 
11 7300 3 0.129791 1.77824e-05 7.02493 0.217354 2.123e-05 0.202602 0.894459 1.08677 0.0867676 -2.44452 0.0283775 
11 7400 3 0.131569 1.77824e-05 7.02493 0.217423 1.62821e-05 0.202573 0.894744 1.08711 0.0871141 -2.44054 0.0287643 
11 7500 3 0.133347 1.77824e-05 7.02493 0.217408 6.49376e-06 0.20255 0.894685 1.08704 0.087042 -2.44136 0.0291509 
11 7600 3 0.135125 1.77824e-05 7.02493 0.217345 -2.99391e-06 0.202538 0.894422 1.08672 0.0867231 -2.44504 0.0295376 
11 7700 3 0.136904 1.77824e-05 7.02493 0.217246 -1.72467e-05 0.202529 0.894015 1.08623 0.0862279 -2.45076 0.0299238 
11 7800 3 0.138682 1.77824e-05 7.02493 0.217159 -4.38313e-05 0.202517 0.893657 1.08579 0.0857929 -2.45582 0.0303105 
11 7900 3 0.14046 1.77824e-05 7.02493 0.217053 -6.80621e-05 0.202506 0.89322 1.08526 0.0852627 -2.46202 0.0306963 
11 8000 3 0.142238 1.77824e-05 7.02493 0.216984 -8.5042e-05 0.202491 0.892937 1.08492 0.0849183 -2.46607 0.0310823 
11 8100 3 0.144017 1.77824e-05 7.02493 0.216991 -8.42224e-05 0.202473 0.892968 1.08496 0.0849565 -2.46562 0.0314683 
11 8200 3 0.145795 1.77824e-05 7.02493 0.216985 -8.23427e-05 0.202454 0.892941 1.08492 0.0849229 -2.46601 0.0318539 
11 8300 3 0.147573 1.77824e-05 7.02493 0.216997 -7.42338e-05 0.202439 0.892991 1.08498 0.0849836 -2.4653 0.0322399 
11 8400 3 0.149351 1.77824e-05 7.02493 0.216964 -7.02393e-05 0.20243 0.892856 1.08482 0.0848206 -2.46722 0.032626 
11 8500 3 0.151129 1.77824e-05 7.02493 0.21693 -5.32547e-05 0.202424 0.892714 1.08465 0.0846476 -2.46926 0.0330116 
11 8600 3 0.152908 1.77824e-05 7.02493 0.216878 -3.97679e-05 0.202416 0.892504 1.08439 0.0843918 -2.47228 0.0333976 
11 8700 3 0.154686 1.77824e-05 7.02493 0.216823 -3.45804e-05 0.2024 0.892274 1.08411 0.0841133 -2.47559 0.0337831 
11 8800 3 0.156464 1.77824e-05 7.02493 0.216806 -3.549e-05 0.202388 0.892208 1.08403 0.0840322 -2.47656 0.0341689 
11 8900 3 0.158242 1.77824e-05 7.02493 0.216805 -2.33052e-05 0.202375 0.892201 1.08402 0.0840239 -2.47665 0.0345547 
11 9000 4 0.160018 1.77824e-05 7.02493 0.216796 -1.58804e-05 0.202363 0.892166 1.08398 0.0839812 -2.47716 0.03494 
11 9100 4 0.161796 1.77824e-05 7.02493 0.216762 -9.39524e-06 0.202351 0.892023 1.08381 0.0838078 -2.47923 0.0353254 
11 9200 4 0.163574 1.77824e-05 7.02493 0.21673 -1.81558e-06 0.202343 0.891895 1.08365 0.0836519 -2.48109 0.0357111 
11 9300 4 0.165352 1.77824e-05 7.02493 0.216673 -1.79436e-06 0.202337 0.891659 1.08337 0.0833651 -2.48453 0.0360964 
11 9400 4 0.167131 1.77824e-05 7.02493 0.216587 5.3584e-06 0.202332 0.891306 1.08294 0.0829366 -2.48968 0.0364816 
11 9500 4 0.168909 1.77824e-05 7.02493 0.216483 1.71242e-05 0.202326 0.890878 1.08242 0.0824162 -2.49597 0.0368668 
11 9600 4 0.170687 1.77824e-05 7.02493 0.216413 3.02093e-05 0.202313 0.890588 1.08206 0.0820645 -2.50025 0.0372516 
11 9700 4 0.172465 1.77824e-05 7.02493 0.216388 4.22804e-05 0.202292 0.890485 1.08194 0.0819395 -2.50177 0.0376366 
11 9800 4 0.174244 1.77824e-05 7.02493 0.216389 3.17249e-05 0.202279 0.890488 1.08194 0.0819433 -2.50173 0.0380212 
11 9900 4 0.176022 1.77824e-05 7.02493 0.216372 3.77357e-05 0.202273 0.890418 1.08186 0.0818581 -2.50277 0.0384061 
11 10000 4 0.1778 1.77824e-05 7.02493 0.216373 2.20558e-05 0.202262 0.890423 1.08186 0.0818639 -2.5027 0.0387911 
11 10100 4 0.179578 1.77824e-05 7.02493 0.216378 5.27943e-06 0.202251 0.890444 1.08189 0.0818899 -2.50238 0.0391755 
11 10200 4 0.181357 1.77824e-05 7.02493 0.216388 5.55244e-06 0.202242 0.890484 1.08194 0.0819383 -2.50179 0.0395605 
11 10300 4 0.183135 1.77824e-05 7.02493 0.216415 -2.00317e-05 0.202233 0.890598 1.08208 0.0820763 -2.50011 0.0399454 
11 10400 4 0.184913 1.77824e-05 7.02493 0.216425 -4.20904e-05 0.202225 0.89064 1.08213 0.0821274 -2.49948 0.0403303 
11 10500 4 0.186691 1.77824e-05 7.02493 0.216426 -6.59587e-05 0.20222 0.890641 1.08213 0.082129 -2.49946 0.0407153 
11 10600 4 0.18847 1.77824e-05 7.02493 0.216437 -8.65745e-05 0.202203 0.890686 1.08218 0.0821835 -2.4988 0.0410998 
11 10700 4 0.190248 1.77824e-05 7.02493 0.216408 -0.000109792 0.202189 0.890567 1.08204 0.0820392 -2.50056 0.0414852 
11 10800 4 0.192026 1.77824e-05 7.02493 0.216371 -0.000114863 0.202184 0.890418 1.08186 0.0818575 -2.50278 0.04187 
11 10900 4 0.193804 1.77824e-05 7.02493 0.216323 -0.000129596 0.202176 0.890216 1.08161 0.081613 -2.50577 0.0422545 
11 11000 4 0.195583 1.77824e-05 7.02493 0.216296 -0.000140793 0.202174 0.890107 1.08148 0.08148 -2.5074 0.0426395 
11 11100 4 0.197361 1.77824e-05 7.02493 0.216259 -0.000140376 0.202165 0.889956 1.0813 0.0812963 -2.50966 0.0430241 
11 11200 4 0.199139 1.77824e-05 7.02493 0.216236 -0.000132523 0.202161 0.889858 1.08118 0.0811778 -2.51111 0.0434086 
11 11300 4 0.200917 1.77824e-05 7.02493 0.216207 -0.000129719 0.202154 0.88974 1.08103 0.0810344 -2.51288 0.0437932 
11 11400 4 0.202695 1.77824e-05 7.02493 0.2162 -0.000100139 0.202151 0.88971 1.081 0.0809981 -2.51333 0.0441777 
11 11500 4 0.204474 1.77824e-05 7.02493 0.216198 -0.000104131 0.202143 0.889704 1.08099 0.0809906 -2.51342 0.0445621 
11 11600 4 0.206252 1.77824e-05 7.02493 0.21621 -8.92395e-05 0.202132 0.889754 1.08105 0.0810517 -2.51267 0.0449468 
11 11700 4 0.20803 1.77824e-05 7.02493 0.216199 -7.09617e-05 0.202123 0.889709 1.081 0.0809964 -2.51335 0.0453312 
11 11800 4 0.209808 1.77824e-05 7.02493 0.216166 -3.48342e-05 0.202117 0.889573 1.08083 0.0808307 -2.5154 0.0457158 
11 11900 4 0.211587 1.77824e-05 7.02493 0.216169 -8.98651e-06 0.202113 0.889586 1.08085 0.0808474 -2.51519 0.0460999 
11 12000 4 0.213365 1.77824e-05 7.02493 0.216142 1.30783e-05 0.202111 0.889475 1.08071 0.0807116 -2.51687 0.0464845 
11 12100 4 0.215143 1.77824e-05 7.02493 0.216085 3.0229e-05 0.202111 0.889239 1.08043 0.0804258 -2.52042 0.0468689 
11 12200 4 0.216921 1.77824e-05 7.02493 0.216022 4.02891e-05 0.202113 0.888979 1.08011 0.0801092 -2.52436 0.0472527 
11 12300 4 0.2187 1.77824e-05 7.02493 0.215958 2.64919e-05 0.202112 0.888717 1.07979 0.0797914 -2.52834 0.0476369 
11 12400 4 0.220478 1.77824e-05 7.02493 0.21593 9.18921e-06 0.202105 0.8886 1.07965 0.0796489 -2.53013 0.048021 
11 12500 4 0.222256 1.77824e-05 7.02493 0.215903 1.0325e-05 0.202097 0.888488 1.07951 0.0795127 -2.53184 0.0484049 
11 12600 4 0.224034 1.77824e-05 7.02493 0.21588 -8.39128e-06 0.202091 0.888396 1.0794 0.0794013 -2.53324 0.0487891 
11 12700 4 0.225813 1.77824e-05 7.02493 0.215857 -2.05609e-05 0.202086 0.888301 1.07929 0.0792853 -2.5347 0.0491728 
11 12800 4 0.227591 1.77824e-05 7.02493 0.215831 -1.72359e-05 0.202086 0.888192 1.07915 0.0791538 -2.53636 0.0495565 
11 12900 4 0.229369 1.77824e-05 7.02493 0.215819 -2.10357e-05 0.202087 0.888144 1.07909 0.0790947 -2.53711 0.0499406 
11 13000 4 0.231147 1.77824e-05 7.02493 0.215796 -1.17074e-05 0.202086 0.888049 1.07898 0.0789801 -2.53856 0.0503246 
11 13100 4 0.232925 1.77824e-05 7.02493 0.215757 -1.6334e-05 0.202081 0.88789 1.07879 0.0787863 -2.54102 0.050708 
11 13200 4 0.234704 1.77824e-05 7.02493 0.215722 -2.85762e-06 0.202076 0.887744 1.07861 0.0786086 -2.54327 0.0510915 
11 13300 4 0.236482 1.77824e-05 7.02493 0.215732 7.23519e-10 0.202059 0.887786 1.07866 0.0786597 -2.54262 0.0514754 
11 13400 4 0.23826 1.77824e-05 7.02493 0.215773 1.23074e-05 0.202047 0.887953 1.07886 0.0788632 -2.54004 0.0518591 
11 13500 5 0.240036 1.77824e-05 7.02493 0.215809 2.70721e-05 0.202039 0.888103 1.07905 0.0790452 -2.53773 0.0522427 
11 13600 5 0.241814 1.77824e-05 7.02493 0.215809 5.10514e-05 0.202033 0.888104 1.07905 0.0790458 -2.53773 0.052627 
11 13700 5 0.243592 1.77824e-05 7.02493 0.215807 0.00010664 0.202025 0.888096 1.07904 0.0790369 -2.53784 0.0530108 
11 13800 5 0.24537 1.77824e-05 7.02493 0.215798 0.000112043 0.202016 0.888057 1.07899 0.078989 -2.53845 0.0533946 
11 13900 5 0.247149 1.77824e-05 7.02493 0.215775 9.75751e-05 0.202011 0.887963 1.07888 0.0788755 -2.53989 0.0537782 
11 14000 5 0.248927 1.77824e-05 7.02493 0.215784 7.85572e-05 0.202006 0.888001 1.07892 0.0789215 -2.5393 0.0541618 
11 14100 5 0.250705 1.77824e-05 7.02493 0.215807 7.44092e-05 0.202001 0.888093 1.07903 0.0790329 -2.53789 0.0545458 
11 14200 5 0.252483 1.77824e-05 7.02493 0.215803 5.92036e-05 0.201992 0.888077 1.07901 0.0790139 -2.53813 0.0549294 
11 14300 5 0.254261 1.77824e-05 7.02493 0.215822 4.77154e-05 0.201976 0.888155 1.07911 0.0791089 -2.53693 0.055313 
11 14400 5 0.25604 1.77824e-05 7.02493 0.215801 3.92119e-05 0.201967 0.88807 1.07901 0.0790054 -2.53824 0.0556971 
11 14500 5 0.257818 1.77824e-05 7.02493 0.215756 2.05336e-05 0.201963 0.887885 1.07878 0.0787806 -2.54109 0.0560807 
11 14600 5 0.259596 1.77824e-05 7.02493 0.215703 1.17264e-05 0.201962 0.887668 1.07852 0.0785166 -2.54444 0.0564642 
11 14700 5 0.261374 1.77824e-05 7.02493 0.215672 1.14638e-05 0.201963 0.88754 1.07836 0.0783609 -2.54643 0.056848 
11 14800 5 0.263153 1.77824e-05 7.02493 0.215637 1.30369e-05 0.201962 0.887395 1.07819 0.0781852 -2.54867 0.0572315 
11 14900 5 0.264931 1.77824e-05 7.02493 0.215592 8.26136e-06 0.201961 0.88721 1.07796 0.0779607 -2.55155 0.057615 
11 15000 5 0.266709 1.77824e-05 7.02493 0.215518 1.04275e-06 0.201961 0.886903 1.07759 0.0775877 -2.55635 0.0579984 
11 15100 5 0.268487 1.77824e-05 7.02493 0.215524 1.28111e-05 0.201959 0.886929 1.07762 0.0776192 -2.55594 0.058382 
11 15200 5 0.270266 1.77824e-05 7.02493 0.215487 3.24511e-05 0.201957 0.886778 1.07744 0.0774357 -2.55831 0.0587651 
11 15300 5 0.272044 1.77824e-05 7.02493 0.215444 2.95631e-05 0.201949 0.886602 1.07722 0.077222 -2.56107 0.0591483 
11 15400 5 0.273822 1.77824e-05 7.02493 0.215411 5.76138e-06 0.20194 0.886466 1.07706 0.0770556 -2.56323 0.0595313 
11 15500 5 0.2756 1.77824e-05 7.02493 0.215366 -3.55465e-05 0.201933 0.886281 1.07683 0.0768313 -2.56614 0.0599143 
11 15600 5 0.277379 1.77824e-05 7.02493 0.215343 -6.44793e-05 0.201928 0.886184 1.07671 0.0767138 -2.56767 0.0602972 
11 15700 5 0.279157 1.77824e-05 7.02493 0.215342 -5.80693e-05 0.201928 0.886182 1.07671 0.0767112 -2.56771 0.0606801 
11 15800 5 0.280935 1.77824e-05 7.02493 0.215324 -4.06344e-05 0.20193 0.886106 1.07662 0.0766183 -2.56892 0.061063 
11 15900 5 0.282713 1.77824e-05 7.02493 0.215289 -3.12288e-05 0.201929 0.885965 1.07645 0.0764471 -2.57116 0.0614458 
11 16000 5 0.284491 1.77824e-05 7.02493 0.215288 -1.66979e-05 0.201927 0.885958 1.07644 0.0764392 -2.57126 0.061829 
11 16100 5 0.28627 1.77824e-05 7.02493 0.215278 -2.74953e-06 0.201924 0.885919 1.07639 0.0763921 -2.57188 0.0622118 
11 16200 5 0.288048 1.77824e-05 7.02493 0.215236 4.70799e-06 0.201918 0.885746 1.07618 0.0761813 -2.57464 0.0625948 
11 16300 5 0.289826 1.77824e-05 7.02493 0.215222 1.04228e-05 0.20191 0.885687 1.07611 0.07611 -2.57558 0.0629775 
11 16400 5 0.291604 1.77824e-05 7.02493 0.215248 3.64079e-05 0.201906 0.885793 1.07624 0.0762391 -2.57388 0.0633603 
11 16500 5 0.293383 1.77824e-05 7.02493 0.215226 4.19454e-05 0.201902 0.885703 1.07613 0.0761292 -2.57532 0.063743 
11 16600 5 0.295161 1.77824e-05 7.02493 0.215163 5.14812e-05 0.201902 0.885444 1.07581 0.0758141 -2.57947 0.0641257 
11 16700 5 0.296939 1.77824e-05 7.02493 0.215095 5.7288e-05 0.201904 0.885166 1.07548 0.0754767 -2.58393 0.064508 
11 16800 5 0.298717 1.77824e-05 7.02493 0.215052 5.94811e-05 0.201907 0.884986 1.07526 0.0752578 -2.58684 0.0648908 
11 16900 5 0.300496 1.77824e-05 7.02493 0.215005 4.38646e-05 0.201902 0.884792 1.07502 0.0750226 -2.58997 0.065273 
11 17000 5 0.302274 1.77824e-05 7.02493 0.214992 1.9678e-05 0.201897 0.88474 1.07496 0.0749588 -2.59082 0.0656553 
11 17100 5 0.304052 1.77824e-05 7.02493 0.214986 -5.33379e-06 0.201889 0.884714 1.07493 0.0749275 -2.59123 0.0660376 
11 17200 5 0.30583 1.77824e-05 7.02493 0.214974 -9.7616e-06 0.201886 0.884666 1.07487 0.0748697 -2.59201 0.06642 
11 17300 5 0.307609 1.77824e-05 7.02493 0.214975 -5.41216e-06 0.201881 0.884672 1.07488 0.0748761 -2.59192 0.0668024 
11 17400 5 0.309387 1.77824e-05 7.02493 0.214993 -1.19986e-05 0.20187 0.884746 1.07497 0.0749668 -2.59071 0.0671848 
11 17500 5 0.311165 1.77824e-05 7.02493 0.215046 -7.36413e-06 0.201859 0.884965 1.07523 0.0752319 -2.58718 0.0675675 
11 17600 5 0.312943 1.77824e-05 7.02493 0.215077 -7.29948e-06 0.20185 0.88509 1.07538 0.0753849 -2.58515 0.0679496 
11 17700 5 0.314721 1.77824e-05 7.02493 0.215088 -7.36879e-07 0.201847 0.885136 1.07544 0.0754398 -2.58442 0.0683323 
11 17800 5 0.3165 1.77824e-05 7.02493 0.215102 -3.80259e-06 0.201841 0.885193 1.07551 0.0755098 -2.58349 0.0687147 
11 17900 5 0.318278 1.77824e-05 7.02493 0.215106 -1.21752e-06 0.201833 0.885211 1.07553 0.0755315 -2.58321 0.0690974 
11 18000 6 0.320053 1.77824e-05 7.02493 0.215144 -2.25075e-05 0.201828 0.885365 1.07572 0.0757188 -2.58073 0.0694799 
11 18100 6 0.321832 1.77824e-05 7.02493 0.215185 -3.1747e-05 0.201816 0.885535 1.07592 0.0759246 -2.57802 0.0698624 
11 18200 6 0.32361 1.77824e-05 7.02493 0.215226 -7.22637e-05 0.2018 0.885705 1.07613 0.0761317 -2.57529 0.0702453 
11 18300 6 0.325388 1.77824e-05 7.02493 0.215218 -7.92533e-05 0.201795 0.885669 1.07609 0.0760876 -2.57587 0.070628 
11 18400 6 0.327166 1.77824e-05 7.02493 0.215232 -6.3719e-05 0.201792 0.88573 1.07616 0.0761618 -2.5749 0.0710106 
11 18500 6 0.328945 1.77824e-05 7.02493 0.215271 -4.06498e-05 0.201794 0.885888 1.07635 0.0763538 -2.57238 0.0713938 
11 18600 6 0.330723 1.77824e-05 7.02493 0.21523 -3.79356e-05 0.201796 0.885722 1.07615 0.0761516 -2.57503 0.0717765 
11 18700 6 0.332501 1.77824e-05 7.02493 0.215211 -7.654e-06 0.201796 0.885643 1.07606 0.0760566 -2.57628 0.0721593 
11 18800 6 0.334279 1.77824e-05 7.02493 0.215126 1.18983e-05 0.201796 0.885293 1.07563 0.0756314 -2.58188 0.0725418 
11 18900 6 0.336057 1.77824e-05 7.02493 0.214998 2.28036e-05 0.201802 0.884765 1.07499 0.0749901 -2.5904 0.0729244 
11 19000 6 0.337836 1.77824e-05 7.02493 0.214896 3.27384e-05 0.2018 0.884344 1.07448 0.0744781 -2.59725 0.0733066 
11 19100 6 0.339614 1.77824e-05 7.02493 0.214869 2.32362e-05 0.201793 0.884236 1.07435 0.0743468 -2.59901 0.0736888 
11 19200 6 0.341392 1.77824e-05 7.02493 0.214883 3.09983e-05 0.201782 0.884291 1.07441 0.0744141 -2.59811 0.0740709 
11 19300 6 0.34317 1.77824e-05 7.02493 0.214899 2.52665e-05 0.201775 0.884359 1.0745 0.0744967 -2.597 0.0744528 
11 19400 6 0.344949 1.77824e-05 7.02493 0.21491 1.53614e-05 0.201776 0.884405 1.07455 0.0745518 -2.59626 0.0748353 
11 19500 6 0.346727 1.77824e-05 7.02493 0.214881 7.34754e-06 0.20178 0.884286 1.07441 0.0744075 -2.5982 0.0752177 
11 19600 6 0.348505 1.77824e-05 7.02493 0.214858 2.68561e-05 0.201783 0.88419 1.07429 0.0742913 -2.59976 0.0755997 
11 19700 6 0.350283 1.77824e-05 7.02493 0.214806 8.42576e-06 0.201781 0.883977 1.07403 0.0740325 -2.60325 0.0759818 
11 19800 6 0.352062 1.77824e-05 7.02493 0.214795 1.05295e-05 0.201777 0.883931 1.07398 0.0739762 -2.60401 0.0763636 
11 19900 6 0.35384 1.77824e-05 7.02493 0.214759 1.50808e-05 0.201777 0.88378 1.07379 0.073793 -2.60649 0.0767455 
11 20000 6 0.355618 1.77824e-05 7.02493 0.214739 1.69096e-05 0.201774 0.883701 1.0737 0.0736971 -2.60779 0.0771276 
11 20100 6 0.357396 1.77824e-05 7.02493 0.214713 4.41495e-05 0.20177 0.883591 1.07356 0.0735634 -2.60961 0.0775091 
11 20200 6 0.359175 1.77824e-05 7.02493 0.214694 6.91919e-05 0.201768 0.883516 1.07347 0.0734721 -2.61085 0.0778912 
11 20300 6 0.360953 1.77824e-05 7.02493 0.214687 5.68478e-05 0.201761 0.883484 1.07343 0.073433 -2.61138 0.0782729 
11 20400 6 0.362731 1.77824e-05 7.02493 0.214696 6.75315e-05 0.201759 0.883521 1.07348 0.0734779 -2.61077 0.078655 
11 20500 6 0.364509 1.77824e-05 7.02493 0.214713 6.52973e-05 0.201755 0.883591 1.07356 0.0735635 -2.60961 0.0790366 
11 20600 6 0.366287 1.77824e-05 7.02493 0.214684 6.13187e-05 0.201756 0.883475 1.07342 0.0734225 -2.61153 0.0794185 
11 20700 6 0.368066 1.77824e-05 7.02493 0.214627 5.38106e-05 0.201754 0.88324 1.07314 0.0731369 -2.61542 0.0798003 
11 20800 6 0.369844 1.77824e-05 7.02493 0.21458 3.75089e-05 0.201748 0.883046 1.0729 0.0729015 -2.61865 0.0801818 
11 20900 6 0.371622 1.77824e-05 7.02493 0.214534 3.17492e-05 0.201746 0.882854 1.07267 0.0726679 -2.62186 0.0805635 
11 21000 6 0.3734 1.77824e-05 7.02493 0.214462 1.16036e-05 0.201745 0.882559 1.07231 0.0723086 -2.62681 0.0809452 
11 21100 6 0.375179 1.77824e-05 7.02493 0.21442 2.3241e-05 0.201741 0.882388 1.0721 0.0721018 -2.62968 0.0813264 
11 21200 6 0.376957 1.77824e-05 7.02493 0.214425 -1.18777e-05 0.201729 0.882407 1.07212 0.072124 -2.62937 0.0817078 
11 21300 6 0.378735 1.77824e-05 7.02493 0.214474 -3.53579e-05 0.201717 0.882608 1.07237 0.0723691 -2.62598 0.0820889 
11 21400 6 0.380513 1.77824e-05 7.02493 0.214572 -2.52974e-05 0.201706 0.883014 1.07286 0.0728618 -2.61919 0.0824703 
11 21500 6 0.382292 1.77824e-05 7.02493 0.214625 8.14086e-06 0.201697 0.883232 1.07313 0.073127 -2.61556 0.0828521 
11 21600 6 0.38407 1.77824e-05 7.02493 0.214638 1.80971e-05 0.201693 0.883283 1.07319 0.073189 -2.61471 0.0832337 
11 21700 6 0.385848 1.77824e-05 7.02493 0.214601 1.03817e-05 0.201694 0.883131 1.073 0.0730044 -2.61724 0.0836156 
11 21800 6 0.387626 1.77824e-05 7.02493 0.214551 2.91866e-05 0.201693 0.882926 1.07276 0.0727554 -2.62065 0.0839971 
11 21900 6 0.389405 1.77824e-05 7.02493 0.214544 2.22849e-05 0.201691 0.882899 1.07272 0.0727221 -2.62111 0.0843785 
11 22000 6 0.391183 1.77824e-05 7.02493 0.214571 1.92576e-05 0.201686 0.88301 1.07286 0.0728566 -2.61926 0.0847602 
11 22100 6 0.392961 1.77824e-05 7.02493 0.21464 1.29781e-05 0.201673 0.883293 1.0732 0.0732007 -2.61455 0.0851421 
11 22200 6 0.394739 1.77824e-05 7.02493 0.214723 9.14624e-06 0.201667 0.883633 1.07361 0.0736137 -2.60892 0.0855236 
11 22300 6 0.396518 1.77824e-05 7.02493 0.214756 1.87935e-05 0.201658 0.88377 1.07378 0.0737802 -2.60667 0.0859056 
11 22400 6 0.398296 1.77824e-05 7.02493 0.214763 -4.07844e-06 0.201656 0.883799 1.07382 0.0738155 -2.60619 0.0862875 
11 22500 7 0.400071 1.77824e-05 7.02493 0.214711 -1.31415e-05 0.20166 0.883584 1.07355 0.0735544 -2.60973 0.0866697 
11 22600 7 0.401849 1.77824e-05 7.02493 0.214673 -2.47973e-05 0.201664 0.883429 1.07337 0.0733659 -2.6123 0.0870513 
11 22700 7 0.403628 1.77824e-05 7.02493 0.214625 -2.51179e-05 0.201665 0.883231 1.07313 0.073126 -2.61557 0.087433 
11 22800 7 0.405406 1.77824e-05 7.02493 0.21458 -3.33109e-05 0.201666 0.883044 1.0729 0.0728979 -2.6187 0.0878151 
11 22900 7 0.407184 1.77824e-05 7.02493 0.214524 -2.65215e-05 0.201666 0.882816 1.07262 0.0726219 -2.62249 0.0881962 
11 23000 7 0.408962 1.77824e-05 7.02493 0.214519 -5.06646e-05 0.201658 0.882794 1.07259 0.0725942 -2.62287 0.0885778 
11 23100 7 0.410741 1.77824e-05 7.02493 0.214498 -5.63903e-05 0.201653 0.882706 1.07249 0.072488 -2.62433 0.0889593 
11 23200 7 0.412519 1.77824e-05 7.02493 0.214453 -6.39179e-05 0.201652 0.882522 1.07226 0.0722642 -2.62743 0.0893403 
11 23300 7 0.414297 1.77824e-05 7.02493 0.214415 -7.03368e-05 0.201656 0.882368 1.07208 0.0720775 -2.63001 0.089722 
11 23400 7 0.416075 1.77824e-05 7.02493 0.214357 -6.19306e-05 0.201662 0.882128 1.07179 0.0717857 -2.63407 0.090103 
11 23500 7 0.417853 1.77824e-05 7.02493 0.214267 -4.49673e-05 0.201663 0.881757 1.07134 0.0713354 -2.64036 0.0904844 
11 23600 7 0.419632 1.77824e-05 7.02493 0.214225 -2.55248e-05 0.201663 0.881583 1.07112 0.0711236 -2.64334 0.0908652 
11 23700 7 0.42141 1.77824e-05 7.02493 0.214233 -1.44387e-05 0.201659 0.881616 1.07116 0.0711634 -2.64278 0.0912461 
11 23800 7 0.423188 1.77824e-05 7.02493 0.214228 -2.82441e-05 0.201656 0.881596 1.07114 0.0711394 -2.64311 0.0916272 
11 23900 7 0.424966 1.77824e-05 7.02493 0.214253 -4.34411e-05 0.201653 0.881701 1.07127 0.0712661 -2.64133 0.0920082 
11 24000 7 0.426745 1.77824e-05 7.02493 0.214299 -1.55677e-05 0.201648 0.881887 1.07149 0.0714928 -2.63816 0.0923896 
11 24100 7 0.428523 1.77824e-05 7.02493 0.214331 1.49194e-05 0.201641 0.882022 1.07166 0.0716567 -2.63587 0.0927703 
11 24200 7 0.430301 1.77824e-05 7.02493 0.214337 2.42602e-05 0.20164 0.882047 1.07169 0.0716872 -2.63544 0.0931517 
11 24300 7 0.432079 1.77824e-05 7.02493 0.214302 3.09407e-05 0.201634 0.881902 1.07151 0.0715107 -2.63791 0.0935327 
11 24400 7 0.433858 1.77824e-05 7.02493 0.214251 4.46936e-05 0.201631 0.881692 1.07126 0.0712555 -2.64148 0.0939141 
11 24500 7 0.435636 1.77824e-05 7.02493 0.214192 2.50093e-05 0.201629 0.881449 1.07096 0.0709607 -2.64563 0.0942949 
11 24600 7 0.437414 1.77824e-05 7.02493 0.214168 3.27659e-05 0.201629 0.881349 1.07084 0.0708387 -2.64735 0.0946758 
11 24700 7 0.439192 1.77824e-05 7.02493 0.214126 2.49568e-05 0.201629 0.881176 1.07063 0.0706293 -2.65031 0.0950565 
11 24800 7 0.440971 1.77824e-05 7.02493 0.21413 2.03837e-05 0.201629 0.881195 1.07065 0.070652 -2.64999 0.0954376 
11 24900 7 0.442749 1.77824e-05 7.02493 0.214137 4.17983e-05 0.201622 0.881222 1.07068 0.0706846 -2.64953 0.0958184 
11 25000 7 0.444527 1.77824e-05 7.02493 0.214149 2.92256e-05 0.201617 0.881273 1.07075 0.0707472 -2.64864 0.0961992 
11 25100 7 0.446305 1.77824e-05 7.02493 0.214139 8.54159e-06 0.20161 0.88123 1.07069 0.0706941 -2.64939 0.0965799 
11 25200 7 0.448084 1.77824e-05 7.02493 0.214137 3.48017e-05 0.201599 0.881222 1.07068 0.0706849 -2.64952 0.0969608 
11 25300 7 0.449862 1.77824e-05 7.02493 0.21415 5.4473e-05 0.20159 0.881275 1.07075 0.0707489 -2.64862 0.0973415 
11 25400 7 0.45164 1.77824e-05 7.02493 0.21417 7.40911e-05 0.201579 0.881357 1.07085 0.0708487 -2.64721 0.0977226 
11 25500 7 0.453418 1.77824e-05 7.02493 0.214179 0.000107442 0.201577 0.881397 1.0709 0.0708968 -2.64653 0.0981033 
11 25600 7 0.455196 1.77824e-05 7.02493 0.214129 0.000103176 0.201581 0.88119 1.07065 0.0706462 -2.65007 0.0984841 
11 25700 7 0.456975 1.77824e-05 7.02493 0.214112 0.000109517 0.201579 0.881119 1.07056 0.0705602 -2.65129 0.0988649 
11 25800 7 0.458753 1.77824e-05 7.02493 0.214155 0.000100295 0.201574 0.881298 1.07078 0.0707767 -2.64823 0.0992458 
11 25900 7 0.460531 1.77824e-05 7.02493 0.214188 8.74237e-05 0.20157 0.881431 1.07094 0.070939 -2.64594 0.0996266 
11 26000 7 0.462309 1.77824e-05 7.02493 0.214205 6.90264e-05 0.201564 0.881503 1.07103 0.0710261 -2.64471 0.100008 
11 26100 7 0.464088 1.77824e-05 7.02493 0.214208 5.08564e-05 0.201562 0.881515 1.07104 0.0710412 -2.6445 0.100388 
11 26200 7 0.465866 1.77824e-05 7.02493 0.214199 2.23595e-05 0.201561 0.881478 1.071 0.0709959 -2.64513 0.100769 
11 26300 7 0.467644 1.77824e-05 7.02493 0.214162 4.36356e-06 0.201564 0.881325 1.07081 0.0708094 -2.64776 0.10115 
11 26400 7 0.469422 1.77824e-05 7.02493 0.214116 7.4479e-06 0.201564 0.881135 1.07058 0.0705796 -2.65101 0.101531 
11 26500 7 0.471201 1.77824e-05 7.02493 0.214129 4.10847e-06 0.201558 0.881187 1.07064 0.0706426 -2.65012 0.101912 
11 26600 7 0.472979 1.77824e-05 7.02493 0.214158 -1.00713e-06 0.201553 0.88131 1.07079 0.0707917 -2.64801 0.102293 
11 26700 7 0.474757 1.77824e-05 7.02493 0.214195 -2.14191e-05 0.201551 0.881459 1.07097 0.0709728 -2.64546 0.102674 
11 26800 7 0.476535 1.77824e-05 7.02493 0.214215 -2.27578e-05 0.20155 0.881544 1.07108 0.0710758 -2.64401 0.103055 
11 26900 7 0.478314 1.77824e-05 7.02493 0.214232 -3.81642e-05 0.201547 0.881615 1.07116 0.0711621 -2.64279 0.103435 
11 27000 8 0.480089 1.77824e-05 7.02493 0.214228 -2.17748e-05 0.201545 0.881598 1.07114 0.0711413 -2.64309 0.103817 
11 27100 8 0.481867 1.77824e-05 7.02493 0.214238 -1.66203e-05 0.201542 0.881639 1.07119 0.0711913 -2.64238 0.104198 
11 27200 8 0.483645 1.77824e-05 7.02493 0.214201 -1.00623e-05 0.201541 0.881487 1.07101 0.0710066 -2.64498 0.104579 
11 27300 8 0.485424 1.77824e-05 7.02493 0.214148 5.0498e-06 0.201547 0.881267 1.07074 0.070739 -2.64876 0.10496 
11 27400 8 0.487202 1.77824e-05 7.02493 0.214079 1.5661e-06 0.20155 0.880983 1.07039 0.070394 -2.65365 0.10534 
11 27500 8 0.48898 1.77824e-05 7.02493 0.213993 -4.64308e-05 0.201553 0.880628 1.06996 0.0699635 -2.65978 0.105721 
11 27600 8 0.490758 1.77824e-05 7.02493 0.213927 -6.85482e-05 0.201552 0.880357 1.06963 0.0696332 -2.66451 0.106102 
11 27700 8 0.492537 1.77824e-05 7.02493 0.213881 -6.99607e-05 0.201551 0.88017 1.06941 0.0694064 -2.66778 0.106482 
11 27800 8 0.494315 1.77824e-05 7.02493 0.213868 -7.57695e-05 0.201549 0.880117 1.06934 0.0693421 -2.6687 0.106863 
11 27900 8 0.496093 1.77824e-05 7.02493 0.213884 -6.35352e-05 0.201539 0.88018 1.06942 0.0694192 -2.66759 0.107242 
11 28000 8 0.497871 1.77824e-05 7.02493 0.213868 -5.64892e-05 0.201539 0.880117 1.06934 0.0693418 -2.66871 0.107623 
11 28100 8 0.49965 1.77824e-05 7.02493 0.21384 -5.40234e-05 0.201536 0.88 1.0692 0.0691996 -2.67076 0.108003 
11 28200 8 0.501428 1.77824e-05 7.02493 0.213836 -4.92278e-05 0.201534 0.879983 1.06918 0.0691788 -2.67106 0.108384 
11 28300 8 0.503206 1.77824e-05 7.02493 0.21384 -4.78612e-05 0.201529 0.879998 1.0692 0.0691979 -2.67078 0.108764 
11 28400 8 0.504984 1.77824e-05 7.02493 0.213861 -5.3231e-05 0.20153 0.880087 1.06931 0.0693057 -2.66923 0.109144 
11 28500 8 0.506762 1.77824e-05 7.02493 0.213885 -5.18626e-05 0.201527 0.880183 1.06942 0.0694226 -2.66754 0.109524 
11 28600 8 0.508541 1.77824e-05 7.02493 0.213894 -3.86627e-05 0.201525 0.880221 1.06947 0.069468 -2.66689 0.109905 
11 28700 8 0.510319 1.77824e-05 7.02493 0.213875 -2.68148e-05 0.201524 0.880143 1.06937 0.0693733 -2.66825 0.110286 
11 28800 8 0.512097 1.77824e-05 7.02493 0.213872 -2.48005e-05 0.201517 0.880133 1.06936 0.0693611 -2.66843 0.110666 
11 28900 8 0.513875 1.77824e-05 7.02493 0.213884 -2.80746e-05 0.20151 0.880181 1.06942 0.0694194 -2.66759 0.111046 
11 29000 8 0.515654 1.77824e-05 7.02493 0.213862 -2.63176e-05 0.20151 0.88009 1.06931 0.0693095 -2.66917 0.111426 
11 29100 8 0.517432 1.77824e-05 7.02493 0.213854 -5.28802e-05 0.201506 0.880059 1.06927 0.0692712 -2.66973 0.111807 
11 29200 8 0.51921 1.77824e-05 7.02493 0.213842 -4.66463e-05 0.201497 0.88001 1.06921 0.0692116 -2.67059 0.112187 
11 29300 8 0.520988 1.77824e-05 7.02493 0.213844 -2.3194e-05 0.20149 0.880016 1.06922 0.0692197 -2.67047 0.112567 
11 29400 8 0.522767 1.77824e-05 7.02493 0.213831 -1.35137e-05 0.201483 0.879963 1.06915 0.069155 -2.67141 0.112948 
11 29500 8 0.524545 1.77824e-05 7.02493 0.213838 -1.26874e-05 0.201484 0.879993 1.06919 0.069192 -2.67087 0.113328 
11 29600 8 0.526323 1.77824e-05 7.02493 0.213855 -5.6818e-05 0.201484 0.880062 1.06928 0.0692755 -2.66966 0.113708 
11 29700 8 0.528101 1.77824e-05 7.02493 0.21387 -8.16108e-05 0.201482 0.880122 1.06935 0.0693481 -2.66862 0.114088 
11 29800 8 0.52988 1.77824e-05 7.02493 0.21386 -8.27092e-05 0.201479 0.880083 1.0693 0.0693005 -2.6693 0.114469 
11 29900 8 0.531658 1.77824e-05 7.02493 0.21378 -5.37949e-05 0.201481 0.879753 1.0689 0.0689 -2.6751 0.114849 
11 30000 8 0.533436 1.77824e-05 7.02493 0.213728 -5.12773e-05 0.201479 0.879541 1.06864 0.0686425 -2.67884 0.115229 
11 30100 8 0.535214 1.77824e-05 7.02493 0.213712 -4.26943e-05 0.201476 0.879473 1.06856 0.0685594 -2.68006 0.115609 
11 30200 8 0.536992 1.77824e-05 7.02493 0.213713 -4.90342e-05 0.201475 0.879477 1.06856 0.068564 -2.67999 0.11599 
11 30300 8 0.538771 1.77824e-05 7.02493 0.213719 -6.30498e-05 0.201476 0.879502 1.0686 0.0685951 -2.67953 0.11637 
11 30400 8 0.540549 1.77824e-05 7.02493 0.21368 -4.09038e-05 0.201479 0.879343 1.0684 0.0684014 -2.68236 0.116749 
11 30500 8 0.542327 1.77824e-05 7.02493 0.213655 -3.22631e-05 0.201479 0.879239 1.06828 0.0682752 -2.68421 0.11713 
11 30600 8 0.544105 1.77824e-05 7.02493 0.213636 -2.74973e-05 0.201473 0.879159 1.06818 0.0681784 -2.68563 0.117509 
11 30700 8 0.545884 1.77824e-05 7.02493 0.213629 -3.12292e-06 0.201474 0.879133 1.06815 0.0681468 -2.68609 0.11789 
11 30800 8 0.547662 1.77824e-05 7.02493 0.213604 1.46795e-05 0.201472 0.87903 1.06802 0.0680215 -2.68793 0.118269 
11 30900 8 0.54944 1.77824e-05 7.02493 0.213659 3.79131e-06 0.201464 0.879255 1.06829 0.0682948 -2.68392 0.118649 
11 31000 8 0.551218 1.77824e-05 7.02493 0.213719 -5.08011e-06 0.201457 0.879501 1.06859 0.0685933 -2.67956 0.11903 
11 31100 8 0.552997 1.77824e-05 7.02493 0.213731 -1.38555e-05 0.201458 0.87955 1.06865 0.0686535 -2.67868 0.119409 
11 31200 8 0.554775 1.77824e-05 7.02493 0.213752 -8.698e-06 0.20146 0.879638 1.06876 0.0687602 -2.67713 0.11979 
11 31300 8 0.556553 1.77824e-05 7.02493 0.213754 2.50612e-05 0.201461 0.879648 1.06877 0.0687721 -2.67696 0.12017 
11 31400 8 0.558331 1.77824e-05 7.02493 0.213705 2.09247e-05 0.201467 0.879446 1.06853 0.0685264 -2.68054 0.12055 
11 31500 9 0.560107 1.77824e-05 7.02493 0.213655 4.78627e-05 0.201465 0.879239 1.06828 0.0682751 -2.68421 0.12093 
11 31600 9 0.561885 1.77824e-05 7.02493 0.213623 6.10427e-05 0.201458 0.879108 1.06812 0.0681163 -2.68654 0.12131 
11 31700 9 0.563663 1.77824e-05 7.02493 0.213591 6.2586e-05 0.201457 0.878974 1.06795 0.067954 -2.68892 0.121689 
11 31800 9 0.565441 1.77824e-05 7.02493 0.213536 6.6832e-05 0.201459 0.878748 1.06768 0.067679 -2.69298 0.12207 
11 31900 9 0.56722 1.77824e-05 7.02493 0.213518 4.70519e-05 0.201456 0.878673 1.06759 0.0675882 -2.69432 0.122449 
11 32000 9 0.568998 1.77824e-05 7.02493 0.213523 3.69305e-05 0.20145 0.878694 1.06761 0.0676137 -2.69394 0.122829 
11 32100 9 0.570776 1.77824e-05 7.02493 0.213491 5.26903e-05 0.201449 0.878565 1.06746 0.0674566 -2.69627 0.123209 
11 32200 9 0.572554 1.77824e-05 7.02493 0.213445 6.47862e-05 0.201448 0.878373 1.06722 0.0672233 -2.69974 0.123588 
11 32300 9 0.574333 1.77824e-05 7.02493 0.213424 4.39913e-05 0.201449 0.878287 1.06712 0.0671192 -2.70129 0.123968 
11 32400 9 0.576111 1.77824e-05 7.02493 0.213412 5.71188e-05 0.201445 0.87824 1.06706 0.0670611 -2.70215 0.124348 
11 32500 9 0.577889 1.77824e-05 7.02493 0.213401 6.17421e-05 0.201447 0.878194 1.06701 0.0670054 -2.70298 0.124727 
11 32600 9 0.579667 1.77824e-05 7.02493 0.213397 9.3917e-05 0.201444 0.878175 1.06698 0.0669832 -2.70331 0.125106 
11 32700 9 0.581446 1.77824e-05 7.02493 0.213436 9.11329e-05 0.201438 0.878337 1.06718 0.0671795 -2.70039 0.125486 
11 32800 9 0.583224 1.77824e-05 7.02493 0.213501 9.90041e-05 0.201431 0.878605 1.06751 0.0675055 -2.69555 0.125866 
11 32900 9 0.585002 1.77824e-05 7.02493 0.21355 7.90694e-05 0.201426 0.878808 1.06775 0.0677518 -2.6919 0.126245 
11 33000 9 0.58678 1.77824e-05 7.02493 0.213583 5.7133e-05 0.201421 0.878944 1.06792 0.0679173 -2.68947 0.126625 
11 33100 9 0.588558 1.77824e-05 7.02493 0.213584 3.43509e-05 0.201416 0.878948 1.06792 0.0679216 -2.6894 0.127005 
11 33200 9 0.590337 1.77824e-05 7.02493 0.213616 9.00043e-06 0.201408 0.879078 1.06808 0.0680803 -2.68707 0.127385 
11 33300 9 0.592115 1.77824e-05 7.02493 0.213622 7.95693e-06 0.201401 0.879102 1.06811 0.0681089 -2.68665 0.127765 
11 33400 9 0.593893 1.77824e-05 7.02493 0.213643 2.62724e-05 0.201394 0.87919 1.06822 0.0682156 -2.68508 0.128145 
11 33500 9 0.595671 1.77824e-05 7.02493 0.213669 3.14357e-05 0.201391 0.879297 1.06835 0.0683456 -2.68318 0.128525 
11 33600 9 0.59745 1.77824e-05 7.02493 0.213663 2.69622e-05 0.20139 0.879273 1.06832 0.0683166 -2.6836 0.128905 
11 33700 9 0.599228 1.77824e-05 7.02493 0.213651 2.09682e-05 0.201392 0.879221 1.06825 0.0682532 -2.68453 0.129285 
11 33800 9 0.601006 1.77824e-05 7.02493 0.21361 1.75305e-05 0.201395 0.879054 1.06805 0.0680503 -2.68751 0.129665 
11 33900 9 0.602784 1.77824e-05 7.02493 0.213549 1.22525e-05 0.201396 0.878801 1.06774 0.0677431 -2.69203 0.130044 
11 34000 9 0.604563 1.77824e-05 7.02493 0.213516 9.01345e-06 0.201399 0.878666 1.06758 0.0675789 -2.69446 0.130424 
11 34100 9 0.606341 1.77824e-05 7.02493 0.213489 1.32275e-05 0.201399 0.878557 1.06745 0.0674465 -2.69642 0.130804 
11 34200 9 0.608119 1.77824e-05 7.02493 0.213458 9.73636e-06 0.2014 0.87843 1.06729 0.0672919 -2.69872 0.131184 
11 34300 9 0.609897 1.77824e-05 7.02493 0.213412 5.12207e-06 0.201397 0.87824 1.06706 0.0670619 -2.70214 0.131563 
11 34400 9 0.611676 1.77824e-05 7.02493 0.213339 1.9257e-05 0.201403 0.877936 1.06669 0.0666927 -2.70766 0.131943 
11 34500 9 0.613454 1.77824e-05 7.02493 0.213275 3.44133e-05 0.201406 0.877674 1.06637 0.0663736 -2.71246 0.132322 
11 34600 9 0.615232 1.77824e-05 7.02493 0.213215 2.64161e-05 0.201408 0.877428 1.06607 0.0660748 -2.71697 0.132701 
11 34700 9 0.61701 1.77824e-05 7.02493 0.213279 -9.69964e-06 0.201399 0.877691 1.06639 0.0663946 -2.71214 0.133081 
11 34800 9 0.618788 1.77824e-05 7.02493 0.21333 -2.33434e-05 0.201389 0.877902 1.06665 0.0666512 -2.70828 0.13346 
11 34900 9 0.620567 1.77824e-05 7.02493 0.213389 -2.44348e-05 0.201384 0.878146 1.06695 0.0669469 -2.70386 0.133839 
11 35000 9 0.622345 1.77824e-05 7.02493 0.213363 -3.56211e-05 0.201387 0.878036 1.06681 0.0668135 -2.70585 0.134219 
11 35100 9 0.624123 1.77824e-05 7.02493 0.21332 -3.89602e-05 0.201391 0.877861 1.0666 0.0666007 -2.70904 0.134598 
11 35200 9 0.625901 1.77824e-05 7.02493 0.21329 -4.07549e-05 0.201392 0.877738 1.06645 0.0664517 -2.71128 0.134977 
11 35300 9 0.62768 1.77824e-05 7.02493 0.213283 -5.16129e-05 0.201391 0.877709 1.06642 0.0664161 -2.71182 0.135357 
11 35400 9 0.629458 1.77824e-05 7.02493 0.213276 -5.73531e-05 0.201392 0.877679 1.06638 0.0663795 -2.71237 0.135736 
11 35500 9 0.631236 1.77824e-05 7.02493 0.213288 -6.07415e-05 0.201387 0.877728 1.06644 0.0664396 -2.71146 0.136115 
11 35600 9 0.633014 1.77824e-05 7.02493 0.213324 -5.27077e-05 0.201382 0.877876 1.06662 0.0666192 -2.70876 0.136495 
11 35700 9 0.634793 1.77824e-05 7.02493 0.213349 -4.55308e-05 0.201372 0.87798 1.06675 0.066746 -2.70686 0.136874 
11 35800 9 0.636571 1.77824e-05 7.02493 0.213355 -3.87061e-05 0.201372 0.878002 1.06677 0.0667727 -2.70646 0.137254 
11 35900 9 0.638349 1.77824e-05 7.02493 0.213283 -3.25965e-05 0.201378 0.877707 1.06641 0.066414 -2.71185 0.137633 
11 36000 10 0.640124 1.77824e-05 7.02493 0.213224 -3.80617e-05 0.201376 0.877463 1.06612 0.0661178 -2.71632 0.138012 
11 36100 10 0.641903 1.77824e-05 7.02493 0.213204 -4.62105e-05 0.201375 0.877384 1.06602 0.0660215 -2.71777 0.138392 
11 36200 10 0.643681 1.77824e-05 7.02493 0.213194 -4.16016e-05 0.201374 0.877342 1.06597 0.0659708 -2.71854 0.138771 
11 36300 10 0.645459 1.77824e-05 7.02493 0.213179 -4.36175e-05 0.201376 0.87728 1.06589 0.0658949 -2.71969 0.13915 
11 36400 10 0.647237 1.77824e-05 7.02493 0.213152 -3.56629e-05 0.201374 0.877168 1.06576 0.065759 -2.72176 0.139529 
11 36500 10 0.649016 1.77824e-05 7.02493 0.213137 -2.08539e-05 0.201372 0.877106 1.06568 0.0656833 -2.72291 0.139908 
11 36600 10 0.650794 1.77824e-05 7.02493 0.213152 -6.4609e-06 0.201367 0.87717 1.06576 0.0657614 -2.72172 0.140287 
11 36700 10 0.652572 1.77824e-05 7.02493 0.213149 3.46281e-05 0.201367 0.877158 1.06575 0.0657466 -2.72195 0.140666 
11 36800 10 0.65435 1.77824e-05 7.02493 0.21313 7.95674e-05 0.201364 0.877077 1.06565 0.0656483 -2.72344 0.141045 
11 36900 10 0.656129 1.77824e-05 7.02493 0.213136 0.00010259 0.201361 0.877104 1.06568 0.0656815 -2.72294 0.141424 
11 37000 10 0.657907 1.77824e-05 7.02493 0.213168 6.39614e-05 0.201356 0.877235 1.06584 0.0658406 -2.72052 0.141803 
11 37100 10 0.659685 1.77824e-05 7.02493 0.213239 4.02507e-05 0.20135 0.877526 1.06619 0.0661935 -2.71517 0.142182 
11 37200 10 0.661463 1.77824e-05 7.02493 0.213363 5.23332e-05 0.201342 0.878037 1.06682 0.0668154 -2.70582 0.142562 
11 37300 10 0.663242 1.77824e-05 7.02493 0.213472 4.02666e-05 0.201335 0.878486 1.06736 0.0673608 -2.69769 0.142941 
11 37400 10 0.66502 1.77824e-05 7.02493 0.213524 3.42381e-05 0.201326 0.878699 1.06762 0.0676195 -2.69386 0.143321 
11 37500 10 0.666798 1.77824e-05 7.02493 0.213526 2.52577e-05 0.201321 0.878709 1.06763 0.067632 -2.69367 0.143701 
11 37600 10 0.668576 1.77824e-05 7.02493 0.213507 3.59018e-05 0.201318 0.878629 1.06753 0.0675344 -2.69512 0.14408 
11 37700 10 0.670354 1.77824e-05 7.02493 0.213485 4.71438e-05 0.201317 0.878539 1.06742 0.0674247 -2.69674 0.14446 
11 37800 10 0.672133 1.77824e-05 7.02493 0.213412 5.37066e-05 0.201318 0.878237 1.06706 0.0670576 -2.7022 0.14484 
11 37900 10 0.673911 1.77824e-05 7.02493 0.21338 5.80878e-05 0.20132 0.878108 1.0669 0.0669007 -2.70455 0.145219 
11 38000 10 0.675689 1.77824e-05 7.02493 0.213304 5.0241e-05 0.201327 0.877793 1.06652 0.0665183 -2.71028 0.145599 
11 38100 10 0.677467 1.77824e-05 7.02493 0.213226 5.40462e-05 0.201332 0.877472 1.06613 0.0661286 -2.71615 0.145978 
11 38200 10 0.679246 1.77824e-05 7.02493 0.213176 5.54398e-05 0.201334 0.877268 1.06588 0.0658811 -2.7199 0.146357 
11 38300 10 0.681024 1.77824e-05 7.02493 0.213116 1.74279e-05 0.201341 0.877021 1.06558 0.0655801 -2.72448 0.146736 
11 38400 10 0.682802 1.77824e-05 7.02493 0.213043 1.23728e-05 0.201346 0.876722 1.06522 0.0652168 -2.73004 0.147115 
11 38500 10 0.68458 1.77824e-05 7.02493 0.213041 2.173e-06 0.201341 0.876712 1.0652 0.0652048 -2.73022 0.147494 
11 38600 10 0.686359 1.77824e-05 7.02493 0.213034 -2.10894e-05 0.201337 0.876682 1.06517 0.0651688 -2.73077 0.147873 
11 38700 10 0.688137 1.77824e-05 7.02493 0.213003 -2.47543e-05 0.201337 0.876554 1.06501 0.0650131 -2.73317 0.148252 
11 38800 10 0.689915 1.77824e-05 7.02493 0.21304 -4.98719e-05 0.201327 0.876708 1.0652 0.0652005 -2.73029 0.148631 
11 38900 10 0.691693 1.77824e-05 7.02493 0.21303 -6.61207e-05 0.201329 0.876666 1.06515 0.0651494 -2.73107 0.149009 
11 39000 10 0.693472 1.77824e-05 7.02493 0.213012 -4.56117e-05 0.20133 0.876594 1.06506 0.0650616 -2.73242 0.149388 
11 39100 10 0.69525 1.77824e-05 7.02493 0.212978 -5.10816e-05 0.20133 0.876453 1.06489 0.0648907 -2.73505 0.149767 
11 39200 10 0.697028 1.77824e-05 7.02493 0.212965 -3.59121e-05 0.201333 0.876398 1.06482 0.0648231 -2.73609 0.150146 
11 39300 10 0.698806 1.77824e-05 7.02493 0.212929 -2.04957e-05 0.201331 0.87625 1.06464 0.0646442 -2.73886 0.150524 
11 39400 10 0.700585 1.77824e-05 7.02493 0.212958 1.00278e-05 0.201326 0.876371 1.06479 0.0647911 -2.73659 0.150903 
11 39500 10 0.702363 1.77824e-05 7.02493 0.21296 3.84534e-06 0.201326 0.87638 1.0648 0.0648014 -2.73643 0.151282 
11 39600 10 0.704141 1.77824e-05 7.02493 0.212959 6.65693e-06 0.201322 0.876373 1.06479 0.0647937 -2.73655 0.151661 
11 39700 10 0.705919 1.77824e-05 7.02493 0.212993 1.09722e-05 0.201319 0.876516 1.06497 0.0649667 -2.73388 0.15204 
11 39800 10 0.707697 1.77824e-05 7.02493 0.213019 2.77592e-06 0.201316 0.876623 1.0651 0.0650975 -2.73187 0.152418 
11 39900 10 0.709476 1.77824e-05 7.02493 0.213008 -1.67706e-06 0.201314 0.876577 1.06504 0.0650413 -2.73273 0.152797 
11 40000 10 0.711254 1.77824e-05 7.02493 0.21301 1.44723e-05 0.201311 0.876586 1.06505 0.0650514 -2.73258 0.153176 
11 40100 10 0.713032 1.77824e-05 7.02493 0.213013 1.36524e-05 0.201308 0.876598 1.06507 0.0650671 -2.73234 0.153555 
11 40200 10 0.71481 1.77824e-05 7.02493 0.212975 1.13296e-05 0.201313 0.876442 1.06488 0.064877 -2.73526 0.153934 
11 40300 10 0.716589 1.77824e-05 7.02493 0.212966 4.44255e-06 0.201313 0.876402 1.06483 0.0648287 -2.73601 0.154313 
11 40400 10 0.718367 1.77824e-05 7.02493 0.212956 1.15404e-05 0.201311 0.876362 1.06478 0.0647802 -2.73676 0.154691 
11 40500 11 0.720142 1.77824e-05 7.02493 0.212954 3.60297e-06 0.201306 0.876355 1.06477 0.0647711 -2.7369 0.15507 
11 40600 11 0.72192 1.77824e-05 7.02493 0.212941 -2.18605e-05 0.201306 0.876302 1.06471 0.0647064 -2.7379 0.155449 
11 40700 11 0.723699 1.77824e-05 7.02493 0.212922 -2.50347e-05 0.201304 0.876223 1.06461 0.0646113 -2.73937 0.155827 
11 40800 11 0.725477 1.77824e-05 7.02493 0.212923 -2.51569e-05 0.201301 0.876228 1.06462 0.064617 -2.73928 0.156206 
11 40900 11 0.727255 1.77824e-05 7.02493 0.212896 -4.31715e-05 0.2013 0.876115 1.06448 0.0644797 -2.7414 0.156585 
11 41000 11 0.729033 1.77824e-05 7.02493 0.212865 -3.30028e-05 0.2013 0.875988 1.06433 0.0643252 -2.7438 0.156963 
11 41100 11 0.730812 1.77824e-05 7.02493 0.212866 -3.82307e-05 0.201295 0.875993 1.06433 0.0643309 -2.74371 0.157342 
11 41200 11 0.73259 1.77824e-05 7.02493 0.212919 -5.26399e-05 0.201288 0.87621 1.06459 0.0645949 -2.73962 0.15772 
11 41300 11 0.734368 1.77824e-05 7.02493 0.212995 -3.71664e-05 0.201279 0.876522 1.06497 0.0649738 -2.73377 0.158099 
11 41400 11 0.736146 1.77824e-05 7.02493 0.213091 -2.00597e-05 0.201274 0.876919 1.06546 0.0654565 -2.72637 0.158478 
11 41500 11 0.737925 1.77824e-05 7.02493 0.213162 -1.52429e-05 0.201269 0.87721 1.06581 0.0658106 -2.72097 0.158857 
11 41600 11 0.739703 1.77824e-05 7.02493 0.213194 -1.72938e-05 0.201268 0.877341 1.06597 0.0659696 -2.71856 0.159236 
11 41700 11 0.741481 1.77824e-05 7.02493 0.213229 -1.9554e-05 0.201263 0.877487 1.06615 0.0661464 -2.71589 0.159615 
11 41800 11 0.743259 1.77824e-05 7.02493 0.213253 -2.74734e-05 0.201262 0.877586 1.06627 0.0662675 -2.71406 0.159995 
11 41900 11 0.745038 1.77824e-05 7.02493 0.213247 -1.95036e-05 0.201261 0.877558 1.06623 0.0662334 -2.71457 0.160373 
11 42000 11 0.746816 1.77824e-05 7.02493 0.21319 -1.33925e-05 0.201264 0.877325 1.06595 0.0659497 -2.71886 0.160753 
11 42100 11 0.748594 1.77824e-05 7.02493 0.213144 -1.50624e-05 0.201263 0.877136 1.06572 0.0657198 -2.72235 0.161132 
11 42200 11 0.750372 1.77824e-05 7.02493 0.213078 -2.02452e-05 0.20127 0.876866 1.06539 0.0653918 -2.72736 0.161511 
11 42300 11 0.752151 1.77824e-05 7.02493 0.213006 -3.12249e-05 0.201278 0.876566 1.06503 0.0650276 -2.73294 0.16189 
11 42400 11 0.753929 1.77824e-05 7.02493 0.212927 -2.79847e-05 0.201279 0.876245 1.06464 0.0646372 -2.73897 0.162268 
11 42500 11 0.755707 1.77824e-05 7.02493 0.212872 -5.68762e-06 0.201284 0.876017 1.06436 0.064361 -2.74325 0.162647 
11 42600 11 0.757485 1.77824e-05 7.02493 0.212838 1.59952e-05 0.201283 0.875877 1.06419 0.0641906 -2.7459 0.163026 
11 42700 11 0.759263 1.77824e-05 7.02493 0.212828 2.84777e-05 0.201278 0.875836 1.06414 0.0641409 -2.74667 0.163404 
11 42800 11 0.761042 1.77824e-05 7.02493 0.212811 4.05133e-05 0.201275 0.875766 1.06406 0.0640555 -2.74801 0.163782 
11 42900 11 0.76282 1.77824e-05 7.02493 0.212805 5.01203e-05 0.201271 0.875741 1.06403 0.0640259 -2.74847 0.164161 
11 43000 11 0.764598 1.77824e-05 7.02493 0.212805 3.3597e-05 0.20127 0.875739 1.06402 0.0640231 -2.74851 0.164539 
11 43100 11 0.766376 1.77824e-05 7.02493 0.212806 1.18063e-05 0.201267 0.875745 1.06403 0.0640298 -2.74841 0.164918 
11 43200 11 0.768155 1.77824e-05 7.02493 0.212803 -2.12725e-05 0.201266 0.875733 1.06402 0.0640157 -2.74863 0.165297 
11 43300 11 0.769933 1.77824e-05 7.02493 0.212814 -4.46229e-05 0.201266 0.875777 1.06407 0.0640688 -2.7478 0.165675 
11 43400 11 0.771711 1.77824e-05 7.02493 0.21282 -4.0292e-05 0.201265 0.875802 1.0641 0.0640994 -2.74732 0.166053 
11 43500 11 0.773489 1.77824e-05 7.02493 0.212832 -2.80254e-05 0.201262 0.875853 1.06416 0.0641615 -2.74635 0.166432 
11 43600 11 0.775268 1.77824e-05 7.02493 0.212862 -3.46689e-05 0.201262 0.875977 1.06431 0.0643119 -2.74401 0.166811 
11 43700 11 0.777046 1.77824e-05 7.02493 0.212849 -4.02512e-05 0.201262 0.87592 1.06424 0.0642432 -2.74508 0.167189 
11 43800 11 0.778824 1.77824e-05 7.02493 0.212856 -4.61527e-05 0.201261 0.875953 1.06428 0.0642823 -2.74447 0.167568 
11 43900 11 0.780602 1.77824e-05 7.02493 0.212857 -3.87453e-05 0.201261 0.875955 1.06429 0.0642856 -2.74442 0.167946 
11 44000 11 0.782381 1.77824e-05 7.02493 0.212829 -1.7522e-05 0.201262 0.87584 1.06415 0.0641457 -2.7466 0.168325 
11 44100 11 0.784159 1.77824e-05 7.02493 0.212826 -6.47863e-06 0.201262 0.875826 1.06413 0.0641291 -2.74686 0.168703 
11 44200 11 0.785937 1.77824e-05 7.02493 0.212811 -8.7139e-06 0.201263 0.875766 1.06406 0.0640557 -2.748 0.169082 
11 44300 11 0.787715 1.77824e-05 7.02493 0.212792 -1.47129e-05 0.201265 0.875688 1.06396 0.0639615 -2.74947 0.16946 
11 44400 11 0.789493 1.77824e-05 7.02493 0.212783 1.05335e-05 0.201266 0.875649 1.06391 0.0639134 -2.75023 0.169839 
11 44500 11 0.791272 1.77824e-05 7.02493 0.212753 4.30325e-05 0.201262 0.875526 1.06376 0.063764 -2.75257 0.170217 
11 44600 11 0.79305 1.77824e-05 7.02493 0.212759 6.65527e-05 0.201258 0.875553 1.0638 0.0637971 -2.75205 0.170595 
11 44700 11 0.794828 1.77824e-05 7.02493 0.212776 6.40657e-05 0.201252 0.875621 1.06388 0.06388 -2.75075 0.170974 
11 44800 11 0.796606 1.77824e-05 7.02493 0.212768 2.84648e-05 0.201252 0.875588 1.06384 0.0638394 -2.75139 0.171352 
11 44900 11 0.798385 1.77824e-05 7.02493 0.212731 2.17632e-05 0.201253 0.875434 1.06365 0.0636526 -2.75432 0.171731 
11 45000 12 0.80016 1.77824e-05 7.02493 0.212726 1.70097e-05 0.201254 0.875416 1.06363 0.0636305 -2.75466 0.172109 
11 45100 12 0.801938 1.77824e-05 7.02493 0.212708 -1.08461e-05 0.201249 0.875343 1.06354 0.0635412 -2.75607 0.172487 
11 45200 12 0.803717 1.77824e-05 7.02493 0.21272 -3.80984e-05 0.201245 0.875393 1.0636 0.0636021 -2.75511 0.172866 
11 45300 12 0.805495 1.77824e-05 7.02493 0.212737 -5.63243e-05 0.201236 0.875461 1.06369 0.0636853 -2.7538 0.173244 
11 45400 12 0.807273 1.77824e-05 7.02493 0.212784 -9.09564e-05 0.201233 0.875656 1.06392 0.0639219 -2.75009 0.173623 
11 45500 12 0.809051 1.77824e-05 7.02493 0.212872 -9.49478e-05 0.201231 0.876015 1.06436 0.0643582 -2.74329 0.174001 
11 45600 12 0.810829 1.77824e-05 7.02493 0.21294 -8.49549e-05 0.201228 0.876296 1.0647 0.0646991 -2.73801 0.17438 
11 45700 12 0.812608 1.77824e-05 7.02493 0.212971 -7.73758e-05 0.201223 0.876423 1.06485 0.0648541 -2.73561 0.174758 
11 45800 12 0.814386 1.77824e-05 7.02493 0.21299 -5.78772e-05 0.201222 0.876501 1.06495 0.0649489 -2.73415 0.175137 
11 45900 12 0.816164 1.77824e-05 7.02493 0.213011 -6.43944e-05 0.201218 0.876587 1.06505 0.0650527 -2.73256 0.175516 
11 46000 12 0.817942 1.77824e-05 7.02493 0.213004 -6.80435e-05 0.201219 0.876559 1.06502 0.065019 -2.73308 0.175895 
11 46100 12 0.819721 1.77824e-05 7.02493 0.212977 -7.28278e-05 0.201219 0.876451 1.06489 0.0648875 -2.7351 0.176273 
11 46200 12 0.821499 1.77824e-05 7.02493 0.21291 -8.21914e-05 0.20122 0.876172 1.06455 0.0645485 -2.74034 0.176652 
11 46300 12 0.823277 1.77824e-05 7.02493 0.212851 -0.000103955 0.201226 0.875929 1.06425 0.0642542 -2.74491 0.17703 
11 46400 12 0.825055 1.77824e-05 7.02493 0.212801 -9.64877e-05 0.201231 0.875723 1.064 0.0640029 -2.74883 0.177409 
11 46500 12 0.826834 1.77824e-05 7.02493 0.212756 -8.27205e-05 0.201236 0.875539 1.06378 0.0637803 -2.75231 0.177787 
11 46600 12 0.828612 1.77824e-05 7.02493 0.212743 -6.1064e-05 0.201237 0.875485 1.06371 0.0637141 -2.75335 0.178165 
11 46700 12 0.83039 1.77824e-05 7.02493 0.212713 -5.96628e-05 0.201238 0.875362 1.06357 0.0635654 -2.75569 0.178544 
11 46800 12 0.832168 1.77824e-05 7.02493 0.212672 -8.55381e-05 0.201238 0.875192 1.06336 0.0633587 -2.75894 0.178923 
11 46900 12 0.833947 1.77824e-05 7.02493 0.212612 -0.0001079 0.201233 0.874946 1.06306 0.063059 -2.76369 0.179301 
11 47000 12 0.835725 1.77824e-05 7.02493 0.212598 -0.000117913 0.201229 0.874888 1.06299 0.0629888 -2.7648 0.179679 
11 47100 12 0.837503 1.77824e-05 7.02493 0.212582 -0.000143841 0.201229 0.874824 1.06291 0.062911 -2.76603 0.180057 
11 47200 12 0.839281 1.77824e-05 7.02493 0.212574 -0.000150299 0.201229 0.87479 1.06287 0.0628698 -2.76669 0.180435 
11 47300 12 0.841059 1.77824e-05 7.02493 0.212594 -0.000155559 0.201228 0.874873 1.06297 0.0629705 -2.76509 0.180813 
11 47400 12 0.842838 1.77824e-05 7.02493 0.212611 -0.000132108 0.201226 0.874943 1.06306 0.0630556 -2.76374 0.181191 
11 47500 12 0.844616 1.77824e-05 7.02493 0.212647 -0.000106785 0.201219 0.875091 1.06324 0.063236 -2.76088 0.181569 
11 47600 12 0.846394 1.77824e-05 7.02493 0.21267 -7.94793e-05 0.201217 0.875186 1.06335 0.063351 -2.75906 0.181947 
11 47700 12 0.848172 1.77824e-05 7.02493 0.212664 -5.99866e-05 0.20122 0.875161 1.06332 0.0633207 -2.75954 0.182326 
11 47800 12 0.849951 1.77824e-05 7.02493 0.212631 -2.50612e-05 0.201219 0.875025 1.06315 0.0631548 -2.76217 0.182704 
11 47900 12 0.851729 1.77824e-05 7.02493 0.2126 -3.54398e-05 0.20122 0.874899 1.063 0.0630025 -2.76458 0.183082 
11 48000 12 0.853507 1.77824e-05 7.02493 0.212593 -2.99203e-05 0.201222 0.874868 1.06296 0.0629641 -2.76519 0.18346 
11 48100 12 0.855285 1.77824e-05 7.02493 0.212613 -7.80855e-06 0.201219 0.874952 1.06307 0.0630664 -2.76357 0.183838 
11 48200 12 0.857064 1.77824e-05 7.02493 0.212653 -1.18799e-05 0.201214 0.875114 1.06326 0.063264 -2.76044 0.184216 
11 48300 12 0.858842 1.77824e-05 7.02493 0.212654 -1.07139e-05 0.201214 0.87512 1.06327 0.0632711 -2.76033 0.184594 
11 48400 12 0.86062 1.77824e-05 7.02493 0.212599 1.69254e-05 0.201214 0.874893 1.06299 0.062995 -2.7647 0.184973 
11 48500 12 0.862398 1.77824e-05 7.02493 0.212552 2.25639e-05 0.201216 0.874698 1.06276 0.062758 -2.76847 0.18535 
11 48600 12 0.864177 1.77824e-05 7.02493 0.212552 3.59354e-05 0.201214 0.874699 1.06276 0.0627596 -2.76844 0.185728 
11 48700 12 0.865955 1.77824e-05 7.02493 0.212591 3.84356e-05 0.201209 0.874861 1.06296 0.062956 -2.76532 0.186106 
11 48800 12 0.867733 1.77824e-05 7.02493 0.212579 3.99241e-05 0.201208 0.874812 1.0629 0.0628963 -2.76627 0.186485 
11 48900 12 0.869511 1.77824e-05 7.02493 0.212585 4.87183e-05 0.201209 0.874837 1.06293 0.0629266 -2.76579 0.186862 
11 49000 12 0.871289 1.77824e-05 7.02493 0.212564 6.00481e-05 0.201209 0.874751 1.06282 0.062822 -2.76745 0.187241 
11 49100 12 0.873068 1.77824e-05 7.02493 0.212518 5.9304e-05 0.201209 0.87456 1.06259 0.0625906 -2.77114 0.187619 
11 49200 12 0.874846 1.77824e-05 7.02493 0.212509 6.12958e-05 0.201206 0.874524 1.06255 0.0625463 -2.77185 0.187997 
11 49300 12 0.876624 1.77824e-05 7.02493 0.212548 6.1514e-05 0.201201 0.874682 1.06274 0.0627389 -2.76877 0.188375 
11 49400 12 0.878402 1.77824e-05 7.02493 0.21259 4.80687e-05 0.201196 0.874857 1.06295 0.0629518 -2.76539 0.188753 
11 49500 13 0.880178 1.77824e-05 7.02493 0.212639 2.05953e-05 0.201191 0.875059 1.0632 0.0631961 -2.76151 0.189131 
11 49600 13 0.881956 1.77824e-05 7.02493 0.21266 4.3845e-06 0.201186 0.875143 1.0633 0.0632985 -2.75989 0.189509 
11 49700 13 0.883734 1.77824e-05 7.02493 0.21275 2.27759e-05 0.201181 0.875512 1.06375 0.0637476 -2.75282 0.189887 
11 49800 13 0.885513 1.77824e-05 7.02493 0.212812 1.60771e-05 0.201177 0.875771 1.06406 0.0640619 -2.7479 0.190266 
11 49900 13 0.887291 1.77824e-05 7.02493 0.212828 4.00149e-06 0.201176 0.875837 1.06414 0.0641425 -2.74665 0.190644 
11 50000 13 0.889069 1.77824e-05 7.02493 0.212799 -6.64523e-07 0.201177 0.875715 1.06399 0.0639939 -2.74897 0.191023 
11 50100 13 0.890847 1.77824e-05 7.02493 0.212752 -7.94697e-06 0.20118 0.875524 1.06376 0.0637623 -2.75259 0.191401 
11 50200 13 0.892625 1.77824e-05 7.02493 0.212736 4.07961e-06 0.201182 0.875456 1.06368 0.0636789 -2.7539 0.191779 
11 50300 13 0.894404 1.77824e-05 7.02493 0.212714 -1.81675e-05 0.201184 0.875368 1.06357 0.0635725 -2.75557 0.192157 
11 50400 13 0.896182 1.77824e-05 7.02493 0.212667 -1.48274e-05 0.201188 0.875174 1.06334 0.0633359 -2.7593 0.192536 
11 50500 13 0.89796 1.77824e-05 7.02493 0.212611 -2.52929e-06 0.20119 0.874942 1.06305 0.0630543 -2.76376 0.192914 
11 50600 13 0.899738 1.77824e-05 7.02493 0.212561 1.67308e-06 0.201195 0.874738 1.06281 0.0628065 -2.7677 0.193292 
11 50700 13 0.901517 1.77824e-05 7.02493 0.212548 1.00607e-06 0.201195 0.874681 1.06274 0.062738 -2.76879 0.19367 
11 50800 13 0.903295 1.77824e-05 7.02493 0.212542 -1.96838e-06 0.201195 0.87466 1.06271 0.0627114 -2.76921 0.194048 
11 50900 13 0.905073 1.77824e-05 7.02493 0.212528 1.28635e-05 0.201193 0.874599 1.06264 0.0626376 -2.77039 0.194426 
11 51000 13 0.906851 1.77824e-05 7.02493 0.212524 4.17677e-05 0.201189 0.874582 1.06262 0.0626177 -2.77071 0.194804 
11 51100 13 0.90863 1.77824e-05 7.02493 0.212532 4.07585e-05 0.201183 0.874619 1.06266 0.0626619 -2.77 0.195182 
11 51200 13 0.910408 1.77824e-05 7.02493 0.212493 5.40969e-05 0.201182 0.874458 1.06247 0.0624667 -2.77312 0.19556 
11 51300 13 0.912186 1.77824e-05 7.02493 0.212447 3.85544e-05 0.201183 0.874268 1.06224 0.0622354 -2.77683 0.195938 
11 51400 13 0.913964 1.77824e-05 7.02493 0.212436 2.83321e-05 0.201182 0.874224 1.06218 0.0621816 -2.7777 0.196316 
11 51500 13 0.915743 1.77824e-05 7.02493 0.212445 4.99424e-05 0.201178 0.874257 1.06222 0.0622226 -2.77704 0.196693 
11 51600 13 0.917521 1.77824e-05 7.02493 0.212459 7.5079e-05 0.201176 0.874318 1.0623 0.0622964 -2.77585 0.197071 
11 51700 13 0.919299 1.77824e-05 7.02493 0.212476 9.05011e-05 0.201175 0.874387 1.06238 0.06238 -2.77451 0.197449 
11 51800 13 0.921077 1.77824e-05 7.02493 0.212507 0.000129983 0.201173 0.874515 1.06254 0.0625361 -2.77201 0.197827 
11 51900 13 0.922855 1.77824e-05 7.02493 0.212522 0.000138976 0.201175 0.874576 1.06261 0.0626102 -2.77083 0.198205 
11 52000 13 0.924634 1.77824e-05 7.02493 0.212526 0.000144437 0.201175 0.874593 1.06263 0.06263 -2.77051 0.198583 
11 52100 13 0.926412 1.77824e-05 7.02493 0.212514 0.000152393 0.201176 0.874542 1.06257 0.0625688 -2.77149 0.198961 
11 52200 13 0.92819 1.77824e-05 7.02493 0.212491 0.000154645 0.20117 0.874448 1.06245 0.0624549 -2.77331 0.199339 
11 52300 13 0.929968 1.77824e-05 7.02493 0.212462 0.000135416 0.20117 0.874328 1.06231 0.062308 -2.77567 0.199717 
11 52400 13 0.931747 1.77824e-05 7.02493 0.212424 9.675e-05 0.20117 0.874172 1.06212 0.0621192 -2.7787 0.200094 
11 52500 13 0.933525 1.77824e-05 7.02493 0.212415 5.31707e-05 0.201167 0.874135 1.06207 0.0620745 -2.77942 0.200472 
11 52600 13 0.935303 1.77824e-05 7.02493 0.212428 3.49081e-05 0.201167 0.874189 1.06214 0.0621392 -2.77838 0.20085 
11 52700 13 0.937081 1.77824e-05 7.02493 0.212429 2.68998e-05 0.201164 0.874193 1.06214 0.062145 -2.77829 0.201228 
11 52800 13 0.93886 1.77824e-05 7.02493 0.212435 1.87572e-05 0.201166 0.874217 1.06217 0.0621731 -2.77783 0.201606 
11 52900 13 0.940638 1.77824e-05 7.02493 0.212405 2.64782e-05 0.201167 0.874095 1.06203 0.0620258 -2.7802 0.201984 
11 53000 13 0.942416 1.77824e-05 7.02493 0.212376 4.26025e-05 0.201166 0.873976 1.06188 0.0618813 -2.78254 0.202361 
11 53100 13 0.944194 1.77824e-05 7.02493 0.212357 3.87666e-05 0.201166 0.873896 1.06178 0.0617834 -2.78412 0.202739 
11 53200 13 0.945973 1.77824e-05 7.02493 0.212374 3.12332e-05 0.201166 0.873967 1.06187 0.0618704 -2.78271 0.203117 
11 53300 13 0.947751 1.77824e-05 7.02493 0.212391 3.44344e-05 0.201162 0.874036 1.06195 0.0619533 -2.78137 0.203494 
11 53400 13 0.949529 1.77824e-05 7.02493 0.212408 3.80569e-05 0.201156 0.874106 1.06204 0.0620385 -2.78 0.203872 
11 53500 13 0.951307 1.77824e-05 7.02493 0.212447 3.09846e-05 0.201154 0.874267 1.06223 0.0622343 -2.77685 0.204249 
11 53600 13 0.953086 1.77824e-05 7.02493 0.212475 4.90566e-05 0.20115 0.874384 1.06238 0.062376 -2.77458 0.204628 
11 53700 13 0.954864 1.77824e-05 7.02493 0.212513 5.4939e-05 0.201147 0.874538 1.06256 0.0625638 -2.77157 0.205005 
11 53800 13 0.956642 1.77824e-05 7.02493 0.212537 6.39872e-05 0.201142 0.874636 1.06268 0.0626827 -2.76967 0.205383 
11 53900 13 0.95842 1.77824e-05 7.02493 0.212514 7.21652e-05 0.201139 0.874544 1.06257 0.0625713 -2.77145 0.205761 
11 54000 14 0.960196 1.77824e-05 7.02493 0.212539 6.012e-05 0.201139 0.874645 1.06269 0.0626939 -2.76949 0.206139 
11 54100 14 0.961974 1.77824e-05 7.02493 0.212577 4.01127e-05 0.201138 0.874802 1.06288 0.0628848 -2.76645 0.206517 
11 54200 14 0.963752 1.77824e-05 7.02493 0.212579 2.68091e-05 0.201141 0.874811 1.0629 0.0628953 -2.76628 0.206895 
11 54300 14 0.96553 1.77824e-05 7.02493 0.212548 1.30423e-05 0.201144 0.874683 1.06274 0.0627397 -2.76876 0.207273 
11 54400 14 0.967309 1.77824e-05 7.02493 0.21254 1.3214e-05 0.201143 0.874651 1.0627 0.0627008 -2.76938 0.207651 
11 54500 14 0.969087 1.77824e-05 7.02493 0.212474 -8.70026e-06 0.201148 0.87438 1.06237 0.0623713 -2.77465 0.208029 
11 54600 14 0.970865 1.77824e-05 7.02493 0.212426 2.79135e-05 0.20115 0.874181 1.06213 0.0621295 -2.77853 0.208407 
11 54700 14 0.972643 1.77824e-05 7.02493 0.21237 9.27811e-05 0.201156 0.873949 1.06185 0.0618478 -2.78308 0.208785 
11 54800 14 0.974421 1.77824e-05 7.02493 0.212334 0.000115403 0.201157 0.873802 1.06167 0.0616699 -2.78596 0.209162 
11 54900 14 0.9762 1.77824e-05 7.02493 0.212314 0.000102843 0.201156 0.87372 1.06157 0.0615701 -2.78758 0.20954 
11 55000 14 0.977978 1.77824e-05 7.02493 0.212302 0.000104812 0.201155 0.87367 1.06151 0.0615088 -2.78857 0.209918 
11 55100 14 0.979756 1.77824e-05 7.02493 0.212332 8.95607e-05 0.201148 0.873792 1.06166 0.0616577 -2.78616 0.210295 
11 55200 14 0.981534 1.77824e-05 7.02493 0.212368 8.05731e-05 0.201142 0.873942 1.06184 0.061839 -2.78322 0.210673 
11 55300 14 0.983313 1.77824e-05 7.02493 0.212376 5.65153e-05 0.201139 0.873976 1.06188 0.0618812 -2.78254 0.21105 
11 55400 14 0.985091 1.77824e-05 7.02493 0.21238 3.85279e-05 0.201138 0.87399 1.0619 0.0618975 -2.78227 0.211428 
11 55500 14 0.986869 1.77824e-05 7.02493 0.212369 1.18473e-05 0.201138 0.873945 1.06184 0.0618433 -2.78315 0.211806 
11 55600 14 0.988647 1.77824e-05 7.02493 0.212319 -1.38052e-05 0.201138 0.87374 1.06159 0.0615936 -2.7872 0.212184 
11 55700 14 0.990426 1.77824e-05 7.02493 0.212288 -4.56917e-05 0.20114 0.873612 1.06144 0.0614391 -2.78971 0.212561 
11 55800 14 0.992204 1.77824e-05 7.02493 0.212265 -5.65827e-05 0.201143 0.87352 1.06133 0.0613263 -2.79155 0.212938 
11 55900 14 0.993982 1.77824e-05 7.02493 0.212254 -6.16952e-05 0.201146 0.873473 1.06127 0.0612697 -2.79247 0.213316 
11 56000 14 0.99576 1.77824e-05 7.02493 0.212249 -8.15662e-05 0.201145 0.873452 1.06124 0.0612446 -2.79288 0.213694 
11 56100 14 0.997539 1.77824e-05 7.02493 0.212261 -0.000112421 0.201143 0.873503 1.06131 0.0613067 -2.79187 0.214071 
11 56200 14 0.999317 1.77824e-05 7.02493 0.212284 -0.000129052 0.20114 0.873596 1.06142 0.0614197 -2.79002 0.214449 
11 56300 14 1.0011 1.77824e-05 7.02493 0.212332 -0.0001229 0.20113 0.873793 1.06166 0.0616585 -2.78614 0.214826 
11 56400 14 1.00287 1.77824e-05 7.02493 0.212342 -0.000105382 0.201127 0.873835 1.06171 0.0617099 -2.78531 0.215204 
11 56500 14 1.00465 1.77824e-05 7.02493 0.212314 -7.81921e-05 0.201123 0.87372 1.06157 0.0615695 -2.78759 0.215581 
11 56600 14 1.00643 1.77824e-05 7.02493 0.212313 -6.6064e-05 0.201123 0.873715 1.06156 0.0615642 -2.78767 0.215959 
11 56700 14 1.00821 1.77824e-05 7.02493 0.21229 -6.45827e-05 0.201125 0.873622 1.06145 0.0614506 -2.78952 0.216337 
11 56800 14 1.00999 1.77824e-05 7.02493 0.21225 -5.37535e-05 0.201124 0.873457 1.06125 0.0612506 -2.79278 0.216714 
11 56900 14 1.01176 1.77824e-05 7.02493 0.212197 -5.9321e-05 0.201126 0.873239 1.06099 0.0609859 -2.79711 0.217092 
11 57000 14 1.01354 1.77824e-05 7.02493 0.212202 -5.60905e-05 0.201129 0.873261 1.06101 0.0610121 -2.79668 0.217469 
11 57100 14 1.01532 1.77824e-05 7.02493 0.212226 -4.46814e-05 0.201125 0.873359 1.06113 0.0611309 -2.79474 0.217846 
11 57200 14 1.0171 1.77824e-05 7.02493 0.212247 -5.08213e-05 0.201124 0.873443 1.06123 0.0612333 -2.79306 0.218224 
