11 0 1 0 3.97626e-05 7.02493 0.22101 0 0.200023 0.909508 1.10505 0.105052 -2.2533 7.50531e-07 
11 100 2 0.00789287 7.95251e-05 7.02493 0.220824 4.11625e-08 0.202024 0.908742 1.10412 0.104121 -2.2622 0.00172048 
11 200 2 0.0158454 7.95251e-05 7.02493 0.220979 7.20444e-08 0.203103 0.909379 1.1049 0.104895 -2.25479 0.00349626 
11 300 2 0.0237979 7.95251e-05 7.02493 0.221157 8.51884e-08 0.203497 0.91011 1.10578 0.105784 -2.24636 0.0052548 
11 400 2 0.0317504 7.95251e-05 7.02493 0.221316 8.09627e-08 0.203551 0.910765 1.10658 0.10658 -2.23886 0.00701731 
11 500 2 0.0397029 7.95251e-05 7.02493 0.221465 -2.24821e-08 0.203449 0.911377 1.10732 0.107323 -2.23191 0.0087781 
11 600 2 0.0476554 7.95251e-05 7.02493 0.221592 -1.12608e-07 0.203268 0.911903 1.10796 0.107962 -2.22598 0.0105389 
11 700 2 0.055608 7.95251e-05 7.02493 0.221714 -9.7964e-08 0.203061 0.912402 1.10857 0.108569 -2.22037 0.0122995 
11 800 2 0.0635605 7.95251e-05 7.02493 0.22182 -2.54872e-09 0.202849 0.912839 1.1091 0.1091 -2.21549 0.0140654 
11 900 2 0.071513 7.95251e-05 7.02493 0.221919 -6.11617e-08 0.20264 0.913245 1.10959 0.109593 -2.21099 0.0158315 
11 1000 2 0.0794655 7.95251e-05 7.02493 0.222 -8.83717e-08 0.20244 0.913581 1.11 0.110001 -2.20726 0.0175965 
11 1100 3 0.0873958 7.95251e-05 7.02493 0.222083 -4.70401e-08 0.202263 0.913922 1.11041 0.110415 -2.20351 0.0193616 
11 1200 3 0.0953484 7.95251e-05 7.02493 0.222128 -3.57688e-08 0.202084 0.914106 1.11064 0.110639 -2.20148 0.0211294 
11 1300 3 0.103301 7.95251e-05 7.02493 0.222188 -1.19183e-08 0.201923 0.914352 1.11094 0.110938 -2.19878 0.0228969 
11 1400 3 0.111253 7.95251e-05 7.02493 0.222246 -2.17051e-09 0.201775 0.914593 1.11123 0.11123 -2.19615 0.0246624 
11 1500 3 0.119206 7.95251e-05 7.02493 0.222295 -3.92848e-07 0.201637 0.914793 1.11147 0.111473 -2.19397 0.0264283 
11 1600 3 0.127158 7.95251e-05 7.02493 0.222326 -1.93729e-06 0.20151 0.914922 1.11163 0.11163 -2.19256 0.0281972 
11 1700 3 0.135111 7.95251e-05 7.02493 0.22235 -1.13009e-06 0.201394 0.915021 1.11175 0.111751 -2.19148 0.0299643 
11 1800 3 0.143063 7.95251e-05 7.02493 0.222379 -8.11286e-07 0.201287 0.915139 1.11189 0.111894 -2.19021 0.031733 
11 1900 3 0.151016 7.95251e-05 7.02493 0.222403 -5.23647e-07 0.201196 0.91524 1.11202 0.112016 -2.18911 0.0335026 
11 2000 3 0.158968 7.95251e-05 7.02493 0.222431 -5.19183e-07 0.20111 0.915355 1.11216 0.112156 -2.18786 0.0352682 
11 2100 4 0.166919 7.95251e-05 7.02493 0.222459 8.16633e-08 0.201033 0.915471 1.1123 0.112297 -2.18661 0.0370372 
11 2200 4 0.174871 7.95251e-05 7.02493 0.222462 1.23166e-07 0.200967 0.915482 1.11231 0.11231 -2.18649 0.0388077 
11 2300 4 0.182824 7.95251e-05 7.02493 0.222469 -2.55826e-07 0.200904 0.91551 1.11234 0.112344 -2.18619 0.0405791 
11 2400 4 0.190776 7.95251e-05 7.02493 0.222483 9.68098e-07 0.200841 0.915568 1.11242 0.112415 -2.18555 0.0423476 
11 2500 4 0.198729 7.95251e-05 7.02493 0.222477 2.34063e-07 0.200787 0.915545 1.11239 0.112387 -2.1858 0.0441165 
11 2600 4 0.206681 7.95251e-05 7.02493 0.22249 -6.28346e-07 0.200743 0.915597 1.11245 0.112451 -2.18524 0.0458865 
11 2700 4 0.214634 7.95251e-05 7.02493 0.222496 -1.01903e-06 0.200705 0.91562 1.11248 0.112479 -2.18499 0.0476575 
11 2800 4 0.222586 7.95251e-05 7.02493 0.222493 -8.41859e-07 0.200673 0.915609 1.11246 0.112465 -2.18511 0.0494272 
11 2900 4 0.230539 7.95251e-05 7.02493 0.22251 -1.79956e-07 0.200648 0.915681 1.11255 0.112552 -2.18434 0.0511945 
11 3000 4 0.238491 7.95251e-05 7.02493 0.22251 1.87634e-07 0.20062 0.915679 1.11255 0.11255 -2.18436 0.0529617 
11 3100 5 0.246442 7.95251e-05 7.02493 0.222505 1.11343e-07 0.200592 0.915657 1.11252 0.112524 -2.18459 0.0547314 
11 3200 5 0.254394 7.95251e-05 7.02493 0.222509 6.762e-08 0.200568 0.915675 1.11255 0.112545 -2.1844 0.0565008 
11 3300 5 0.262347 7.95251e-05 7.02493 0.222507 1.66736e-07 0.200545 0.915665 1.11253 0.112533 -2.18451 0.0582714 
11 3400 5 0.270299 7.95251e-05 7.02493 0.222489 1.23254e-07 0.200528 0.915594 1.11245 0.112447 -2.18527 0.0600404 
11 3500 5 0.278252 7.95251e-05 7.02493 0.222476 2.41658e-07 0.200514 0.915539 1.11238 0.11238 -2.18587 0.06181 
11 3600 5 0.286204 7.95251e-05 7.02493 0.222463 1.38518e-07 0.2005 0.915485 1.11231 0.112315 -2.18645 0.0635789 
11 3700 5 0.294157 7.95251e-05 7.02493 0.222455 6.49067e-08 0.200485 0.915454 1.11228 0.112277 -2.18679 0.0653497 
11 3800 5 0.302109 7.95251e-05 7.02493 0.222471 6.32862e-08 0.200471 0.91552 1.11236 0.112357 -2.18608 0.0671195 
11 3900 5 0.310062 7.95251e-05 7.02493 0.222483 8.33711e-08 0.20046 0.915566 1.11241 0.112413 -2.18558 0.0688884 
11 4000 5 0.318014 7.95251e-05 7.02493 0.222467 8.17947e-08 0.200446 0.915501 1.11233 0.112333 -2.18629 0.0706571 
11 4100 6 0.325964 7.95251e-05 7.02493 0.222433 -1.21272e-07 0.200433 0.915362 1.11216 0.112165 -2.18779 0.0724246 
11 4200 6 0.333917 7.95251e-05 7.02493 0.222404 -4.50518e-08 0.200428 0.915242 1.11202 0.112019 -2.18909 0.0741929 
11 4300 6 0.341869 7.95251e-05 7.02493 0.222406 8.06366e-08 0.200417 0.915251 1.11203 0.11203 -2.18899 0.0759612 
11 4400 6 0.349822 7.95251e-05 7.02493 0.22238 1.56684e-07 0.200408 0.915143 1.1119 0.111898 -2.19017 0.0777299 
11 4500 6 0.357774 7.95251e-05 7.02493 0.222375 8.50429e-08 0.200396 0.915121 1.11187 0.111873 -2.1904 0.0794994 
11 4600 6 0.365727 7.95251e-05 7.02493 0.222382 7.06673e-08 0.200389 0.915154 1.11191 0.111912 -2.19005 0.0812675 
11 4700 6 0.373679 7.95251e-05 7.02493 0.222386 7.37688e-08 0.200383 0.915168 1.11193 0.111929 -2.18989 0.0830363 
11 4800 6 0.381632 7.95251e-05 7.02493 0.222385 -3.83501e-08 0.200376 0.915167 1.11193 0.111927 -2.1899 0.0848047 
11 4900 6 0.389585 7.95251e-05 7.02493 0.222354 -3.51681e-07 0.200373 0.915037 1.11177 0.111771 -2.19131 0.0865733 
11 5000 6 0.397537 7.95251e-05 7.02493 0.222328 -1.85182e-06 0.200368 0.914932 1.11164 0.111642 -2.19246 0.0883423 
11 5100 7 0.405487 7.95251e-05 7.02493 0.222348 -1.03809e-06 0.20036 0.915013 1.11174 0.111741 -2.19157 0.0901106 
11 5200 7 0.41344 7.95251e-05 7.02493 0.222329 -6.59842e-07 0.200353 0.914934 1.11165 0.111645 -2.19243 0.0918812 
11 5300 7 0.421392 7.95251e-05 7.02493 0.222335 -6.25986e-07 0.200347 0.914958 1.11167 0.111674 -2.19217 0.0936458 
11 5400 7 0.429345 7.95251e-05 7.02493 0.22235 -2.50863e-07 0.200345 0.915019 1.11175 0.111748 -2.19151 0.0954221 
11 5500 7 0.437297 7.95251e-05 7.02493 0.222338 -3.21641e-06 0.200339 0.91497 1.11169 0.111689 -2.19204 0.0971848 
11 5600 7 0.44525 7.95251e-05 7.02493 0.22227 -2.7776e-06 0.200338 0.91469 1.11135 0.111349 -2.19509 0.0989558 
11 5700 7 0.453202 7.95251e-05 7.02493 0.222237 -1.7306e-06 0.200335 0.914554 1.11118 0.111184 -2.19657 0.100723 
11 5800 7 0.461155 7.95251e-05 7.02493 0.222246 -1.16708e-06 0.200328 0.914591 1.11123 0.111228 -2.19617 0.102488 
11 5900 7 0.469107 7.95251e-05 7.02493 0.222214 -5.55533e-07 0.200325 0.914461 1.11107 0.11107 -2.1976 0.104254 
11 6000 7 0.47706 7.95251e-05 7.02493 0.222219 -2.88082e-07 0.200319 0.914481 1.11109 0.111095 -2.19737 0.106021 
11 6100 8 0.48501 7.95251e-05 7.02493 0.222213 -3.51258e-07 0.200315 0.914456 1.11106 0.111064 -2.19765 0.107788 
11 6200 8 0.492963 7.95251e-05 7.02493 0.222211 -2.11979e-07 0.200312 0.914449 1.11105 0.111055 -2.19773 0.109556 
11 6300 8 0.500915 7.95251e-05 7.02493 0.22219 -1.26767e-07 0.20031 0.914362 1.11095 0.11095 -2.19868 0.111323 
11 6400 8 0.508868 7.95251e-05 7.02493 0.222183 -1.79218e-07 0.200309 0.914332 1.11091 0.110913 -2.19901 0.113094 
11 6500 8 0.51682 7.95251e-05 7.02493 0.222156 1.04848e-06 0.200308 0.914223 1.11078 0.110782 -2.2002 0.114861 
11 6600 8 0.524773 7.95251e-05 7.02493 0.222163 -1.08075e-06 0.200303 0.91425 1.11081 0.110813 -2.19991 0.116628 
11 6700 8 0.532725 7.95251e-05 7.02493 0.222182 2.60745e-06 0.200302 0.914329 1.11091 0.11091 -2.19903 0.118395 
11 6800 8 0.540678 7.95251e-05 7.02493 0.222175 -1.21604e-06 0.200296 0.914299 1.11087 0.110873 -2.19937 0.120163 
11 6900 8 0.54863 7.95251e-05 7.02493 0.222162 -5.81944e-06 0.200296 0.914248 1.11081 0.110811 -2.19993 0.121925 
11 7000 8 0.556583 7.95251e-05 7.02493 0.222115 -8.76966e-06 0.200293 0.914053 1.11057 0.110574 -2.20207 0.123695 
11 7100 9 0.564533 7.95251e-05 7.02493 0.222115 -6.06712e-06 0.200293 0.914052 1.11057 0.110573 -2.20208 0.12546 
11 7200 9 0.572485 7.95251e-05 7.02493 0.222105 -2.1239e-06 0.20029 0.914014 1.11053 0.110526 -2.2025 0.127224 
11 7300 9 0.580438 7.95251e-05 7.02493 0.222073 -2.37558e-06 0.200291 0.913879 1.11036 0.110364 -2.20398 0.128987 
11 7400 9 0.58839 7.95251e-05 7.02493 0.222112 -4.14837e-06 0.200289 0.91404 1.11056 0.110558 -2.20221 0.130752 
11 7500 9 0.596343 7.95251e-05 7.02493 0.222089 1.03241e-06 0.200286 0.913946 1.11044 0.110444 -2.20324 0.132521 
11 7600 9 0.604296 7.95251e-05 7.02493 0.22207 3.40516e-06 0.200283 0.913866 1.11035 0.110348 -2.20412 0.134289 
11 7700 9 0.612248 7.95251e-05 7.02493 0.222063 3.03825e-06 0.200282 0.913839 1.11031 0.110315 -2.20442 0.136054 
11 7800 9 0.620201 7.95251e-05 7.02493 0.222056 3.01034e-06 0.20028 0.913812 1.11028 0.110282 -2.20472 0.137825 
11 7900 9 0.628153 7.95251e-05 7.02493 0.222029 3.03537e-06 0.200281 0.9137 1.11015 0.110146 -2.20595 0.139591 
11 8000 9 0.636106 7.95251e-05 7.02493 0.22201 2.61761e-06 0.200279 0.91362 1.11005 0.110049 -2.20683 0.141357 
11 8100 10 0.644056 7.95251e-05 7.02493 0.221994 2.1087e-06 0.200279 0.913557 1.10997 0.109971 -2.20753 0.143122 
11 8200 10 0.652008 7.95251e-05 7.02493 0.222001 1.89941e-06 0.200279 0.913584 1.11 0.110005 -2.20723 0.144888 
11 8300 10 0.659961 7.95251e-05 7.02493 0.22198 1.38298e-06 0.200277 0.913497 1.1099 0.109898 -2.2082 0.146649 
11 8400 10 0.667913 7.95251e-05 7.02493 0.221997 1.14628e-06 0.200273 0.913567 1.10998 0.109984 -2.20742 0.148416 
11 8500 10 0.675866 7.95251e-05 7.02493 0.221962 6.35338e-07 0.200272 0.913423 1.10981 0.109809 -2.20901 0.15018 
11 8600 10 0.683818 7.95251e-05 7.02493 0.22194 6.45525e-07 0.200273 0.913334 1.1097 0.1097 -2.21 0.151943 
11 8700 10 0.691771 7.95251e-05 7.02493 0.221957 3.84531e-07 0.200271 0.913403 1.10978 0.109785 -2.20923 0.153705 
11 8800 10 0.699723 7.95251e-05 7.02493 0.22194 6.34848e-07 0.200272 0.913333 1.1097 0.1097 -2.21001 0.155471 
11 8900 10 0.707676 7.95251e-05 7.02493 0.221957 5.54979e-07 0.200272 0.913404 1.10979 0.109786 -2.20922 0.157236 
11 9000 10 0.715628 7.95251e-05 7.02493 0.22192 -2.75461e-08 0.200271 0.913249 1.1096 0.109598 -2.21094 0.159006 
11 9100 11 0.723579 7.95251e-05 7.02493 0.221895 -1.20031e-07 0.20027 0.913148 1.10947 0.109475 -2.21206 0.16077 
11 9200 11 0.731531 7.95251e-05 7.02493 0.221884 2.61451e-07 0.200267 0.913101 1.10942 0.109418 -2.21258 0.162535 
11 9300 11 0.739484 7.95251e-05 7.02493 0.221908 5.0198e-07 0.200266 0.9132 1.10954 0.109538 -2.21148 0.164303 
11 9400 11 0.747436 7.95251e-05 7.02493 0.221875 5.4321e-07 0.200267 0.913064 1.10937 0.109373 -2.21299 0.166068 
11 9500 11 0.755389 7.95251e-05 7.02493 0.221869 4.11762e-07 0.200265 0.913042 1.10935 0.109346 -2.21324 0.167823 
11 9600 11 0.763341 7.95251e-05 7.02493 0.221839 2.82491e-07 0.200266 0.91292 1.1092 0.109197 -2.2146 0.169595 
11 9700 11 0.771294 7.95251e-05 7.02493 0.221823 3.60703e-07 0.200267 0.91285 1.10911 0.109113 -2.21537 0.171357 
11 9800 11 0.779246 7.95251e-05 7.02493 0.221809 2.90228e-07 0.200266 0.912795 1.10905 0.109046 -2.21599 0.173121 
11 9900 11 0.787199 7.95251e-05 7.02493 0.221826 1.85941e-07 0.200265 0.912865 1.10913 0.109131 -2.2152 0.174887 
11 10000 11 0.795151 7.95251e-05 7.02493 0.221806 4.00367e-07 0.200265 0.91278 1.10903 0.109028 -2.21615 0.17665 
11 10100 12 0.803101 7.95251e-05 7.02493 0.221834 1.5642e-07 0.200262 0.912898 1.10917 0.109172 -2.21484 0.178412 
11 10200 12 0.811054 7.95251e-05 7.02493 0.221854 2.05616e-06 0.200261 0.912978 1.10927 0.109268 -2.21395 0.180174 
11 10300 12 0.819007 7.95251e-05 7.02493 0.221839 2.78378e-06 0.200263 0.912919 1.1092 0.109196 -2.21461 0.181937 
11 10400 12 0.826959 7.95251e-05 7.02493 0.221845 2.1778e-06 0.200263 0.912942 1.10922 0.109224 -2.21435 0.183703 
11 10500 12 0.834912 7.95251e-05 7.02493 0.221782 -5.03355e-08 0.200265 0.912682 1.10891 0.108909 -2.21725 0.185467 
11 10600 12 0.842864 7.95251e-05 7.02493 0.221772 1.43312e-06 0.200263 0.912643 1.10886 0.108861 -2.21768 0.187233 
11 10700 12 0.850817 7.95251e-05 7.02493 0.221706 2.42839e-06 0.200265 0.912371 1.10853 0.10853 -2.22072 0.188999 
11 10800 12 0.858769 7.95251e-05 7.02493 0.221732 8.97858e-07 0.200262 0.912476 1.10866 0.108659 -2.21954 0.190758 
11 10900 12 0.866722 7.95251e-05 7.02493 0.221768 6.02855e-07 0.200259 0.912626 1.10884 0.108841 -2.21787 0.192521 
11 11000 12 0.874674 7.95251e-05 7.02493 0.221779 8.9482e-07 0.200258 0.912671 1.1089 0.108896 -2.21736 0.194275 
11 11100 13 0.882624 7.95251e-05 7.02493 0.221746 3.80743e-06 0.200259 0.912535 1.10873 0.10873 -2.21889 0.196041 
11 11200 13 0.890577 7.95251e-05 7.02493 0.221709 2.04182e-06 0.200259 0.912382 1.10854 0.108544 -2.2206 0.197806 
11 11300 13 0.898529 7.95251e-05 7.02493 0.22168 1.48638e-06 0.200261 0.912261 1.1084 0.108398 -2.22195 0.19957 
11 11400 13 0.906482 7.95251e-05 7.02493 0.221698 1.57849e-06 0.200261 0.912339 1.10849 0.108492 -2.22108 0.201337 
11 11500 13 0.914434 7.95251e-05 7.02493 0.221705 6.3465e-07 0.200261 0.912365 1.10852 0.108523 -2.22079 0.203101 
11 11600 13 0.922387 7.95251e-05 7.02493 0.221717 -6.13379e-06 0.20026 0.912417 1.10859 0.108586 -2.22021 0.204863 
11 11700 13 0.930339 7.95251e-05 7.02493 0.221766 -1.95915e-05 0.200258 0.912619 1.10883 0.108832 -2.21795 0.206626 
11 11800 13 0.938292 7.95251e-05 7.02493 0.221747 -2.46691e-05 0.200256 0.912537 1.10873 0.108733 -2.21886 0.20839 
11 11900 13 0.946244 7.95251e-05 7.02493 0.221727 -1.72519e-05 0.200255 0.912456 1.10863 0.108634 -2.21977 0.210154 
11 12000 13 0.954197 7.95251e-05 7.02493 0.221665 -9.12906e-06 0.200258 0.912203 1.10833 0.108327 -2.2226 0.21192 
11 12100 14 0.962147 7.95251e-05 7.02493 0.221676 -6.57991e-06 0.200257 0.912245 1.10838 0.108378 -2.22213 0.213682 
11 12200 14 0.9701 7.95251e-05 7.02493 0.221641 -5.17242e-06 0.200261 0.912103 1.1082 0.108205 -2.22373 0.215442 
11 12300 14 0.978052 7.95251e-05 7.02493 0.221641 -2.75235e-06 0.200259 0.912103 1.10821 0.108205 -2.22373 0.217207 
11 12400 14 0.986005 7.95251e-05 7.02493 0.221618 -1.93744e-06 0.200261 0.912009 1.10809 0.108092 -2.22478 0.218971 
11 12500 14 0.993957 7.95251e-05 7.02493 0.221596 -7.83444e-07 0.200261 0.911918 1.10798 0.10798 -2.22581 0.220724 
11 12600 14 1.00191 7.95251e-05 7.02493 0.221606 -1.76201e-07 0.20026 0.911959 1.10803 0.10803 -2.22535 0.222495 
11 12700 14 1.00986 7.95251e-05 7.02493 0.221619 -1.87147e-06 0.200258 0.912014 1.1081 0.108096 -2.22473 0.224256 
11 12800 14 1.01781 7.95251e-05 7.02493 0.221616 2.87284e-07 0.200259 0.912001 1.10808 0.108082 -2.22487 0.226015 
11 12900 14 1.02577 7.95251e-05 7.02493 0.221602 -8.66889e-06 0.20026 0.911944 1.10801 0.108012 -2.22551 0.227775 
11 13000 14 1.03372 7.95251e-05 7.02493 0.221579 -7.96583e-06 0.20026 0.911847 1.10789 0.107895 -2.2266 0.229541 
11 13100 15 1.04167 7.95251e-05 7.02493 0.221565 9.68667e-07 0.200262 0.911791 1.10783 0.107826 -2.22723 0.231301 
11 13200 15 1.04962 7.95251e-05 7.02493 0.221567 5.762e-07 0.200259 0.9118 1.10784 0.107837 -2.22714 0.233061 
11 13300 15 1.05758 7.95251e-05 7.02493 0.22158 7.38586e-07 0.200262 0.911851 1.1079 0.107899 -2.22656 0.234824 
11 13400 15 1.06553 7.95251e-05 7.02493 0.221595 8.05763e-07 0.20026 0.911915 1.10798 0.107977 -2.22584 0.236589 
11 13500 15 1.07348 7.95251e-05 7.02493 0.221592 4.90798e-07 0.200261 0.911899 1.10796 0.107958 -2.22601 0.238351 
11 13600 15 1.08143 7.95251e-05 7.02493 0.221587 1.75097e-06 0.200259 0.91188 1.10793 0.107934 -2.22623 0.240116 
11 13700 15 1.08939 7.95251e-05 7.02493 0.221606 -8.9971e-07 0.200257 0.911959 1.10803 0.10803 -2.22534 0.241883 
11 13800 15 1.09734 7.95251e-05 7.02493 0.221575 -4.82162e-07 0.200258 0.911832 1.10788 0.107875 -2.22678 0.243643 
11 13900 15 1.10529 7.95251e-05 7.02493 0.221554 4.69087e-06 0.200259 0.911744 1.10777 0.107769 -2.22776 0.245408 
11 14000 15 1.11324 7.95251e-05 7.02493 0.221575 1.05536e-05 0.200261 0.91183 1.10787 0.107874 -2.22679 0.247169 
11 14100 16 1.12119 7.95251e-05 7.02493 0.221576 6.7522e-06 0.20026 0.911835 1.10788 0.10788 -2.22674 0.248929 
11 14200 16 1.12915 7.95251e-05 7.02493 0.221579 4.71258e-06 0.200261 0.911848 1.1079 0.107895 -2.22659 0.250691 
11 14300 16 1.1371 7.95251e-05 7.02493 0.221559 3.14973e-06 0.200261 0.911765 1.10779 0.107794 -2.22753 0.252448 
11 14400 16 1.14505 7.95251e-05 7.02493 0.221538 7.39518e-06 0.200261 0.911678 1.10769 0.107689 -2.22851 0.25421 
11 14500 16 1.153 7.95251e-05 7.02493 0.221562 1.20281e-05 0.200258 0.911779 1.10781 0.107811 -2.22738 0.255974 
11 14600 16 1.16096 7.95251e-05 7.02493 0.221532 1.21081e-05 0.200259 0.911656 1.10766 0.107662 -2.22876 0.257733 
11 14700 16 1.16891 7.95251e-05 7.02493 0.221541 1.56178e-05 0.20026 0.911692 1.10771 0.107705 -2.22835 0.259493 
11 14800 16 1.17686 7.95251e-05 7.02493 0.221538 1.18272e-05 0.20026 0.911678 1.10769 0.107689 -2.22851 0.261254 
11 14900 16 1.18481 7.95251e-05 7.02493 0.221525 8.53364e-06 0.200262 0.911627 1.10763 0.107627 -2.22908 0.263016 
11 15000 16 1.19277 7.95251e-05 7.02493 0.221497 8.73642e-06 0.200261 0.911512 1.10749 0.107487 -2.23039 0.26478 
11 15100 17 1.20072 7.95251e-05 7.02493 0.221452 9.32002e-06 0.200265 0.911324 1.10726 0.107259 -2.23251 0.266543 
11 15200 17 1.20867 7.95251e-05 7.02493 0.221487 4.33345e-06 0.200262 0.91147 1.10744 0.107436 -2.23086 0.26831 
11 15300 17 1.21662 7.95251e-05 7.02493 0.221497 6.77236e-07 0.200261 0.911511 1.10749 0.107486 -2.2304 0.270071 
11 15400 17 1.22457 7.95251e-05 7.02493 0.221482 -2.38979e-06 0.20026 0.91145 1.10741 0.107412 -2.23109 0.271835 
11 15500 17 1.23253 7.95251e-05 7.02493 0.221489 -4.5279e-06 0.200261 0.911477 1.10744 0.107445 -2.23078 0.273592 
11 15600 17 1.24048 7.95251e-05 7.02493 0.221512 -4.82835e-06 0.20026 0.911571 1.10756 0.107559 -2.22971 0.275354 
11 15700 17 1.24843 7.95251e-05 7.02493 0.22147 -3.31884e-06 0.200262 0.9114 1.10735 0.107351 -2.23165 0.277113 
11 15800 17 1.25638 7.95251e-05 7.02493 0.221442 -5.01046e-06 0.200264 0.911284 1.10721 0.10721 -2.23297 0.278879 
11 15900 17 1.26434 7.95251e-05 7.02493 0.221419 -4.28388e-06 0.200263 0.911187 1.10709 0.107093 -2.23406 0.280636 
11 16000 17 1.27229 7.95251e-05 7.02493 0.221419 -4.84667e-06 0.200265 0.911189 1.10709 0.107094 -2.23405 0.282393 
11 16100 18 1.28024 7.95251e-05 7.02493 0.221426 9.93919e-07 0.200264 0.911217 1.10713 0.107128 -2.23373 0.284159 
11 16200 18 1.28819 7.95251e-05 7.02493 0.221428 2.06194e-06 0.200263 0.911227 1.10714 0.107141 -2.23361 0.285914 
11 16300 18 1.29614 7.95251e-05 7.02493 0.221459 1.79932e-06 0.200261 0.911354 1.1073 0.107295 -2.23217 0.287678 
11 16400 18 1.3041 7.95251e-05 7.02493 0.221484 -3.67023e-06 0.200261 0.911456 1.10742 0.107419 -2.23102 0.289435 
11 16500 18 1.31205 7.95251e-05 7.02493 0.221501 -3.53544e-06 0.200261 0.911526 1.1075 0.107504 -2.23023 0.291197 
11 16600 18 1.32 7.95251e-05 7.02493 0.221457 -3.56414e-06 0.200264 0.911344 1.10728 0.107283 -2.23228 0.292959 
11 16700 18 1.32795 7.95251e-05 7.02493 0.221431 -2.53595e-06 0.200264 0.911239 1.10716 0.107155 -2.23348 0.294723 
11 16800 18 1.33591 7.95251e-05 7.02493 0.22143 -1.84247e-06 0.200262 0.911235 1.10715 0.107151 -2.23352 0.296489 
11 16900 18 1.34386 7.95251e-05 7.02493 0.221423 -1.47571e-06 0.200265 0.911204 1.10711 0.107113 -2.23387 0.29825 
11 17000 18 1.35181 7.95251e-05 7.02493 0.22145 -1.18018e-06 0.200263 0.911315 1.10725 0.107248 -2.23261 0.300012 
11 17100 18 1.35976 7.95251e-05 7.02493 0.221433 -1.56028e-07 0.200264 0.911245 1.10716 0.107163 -2.2334 0.30178 
11 17200 19 1.36771 7.95251e-05 7.02493 0.22147 -4.64698e-07 0.200263 0.9114 1.10735 0.107351 -2.23165 0.303541 
11 17300 19 1.37567 7.95251e-05 7.02493 0.221453 -8.16818e-07 0.200262 0.911328 1.10726 0.107263 -2.23247 0.305292 
11 17400 19 1.38362 7.95251e-05 7.02493 0.221455 -1.14619e-06 0.200262 0.911337 1.10727 0.107275 -2.23236 0.307055 
11 17500 19 1.39157 7.95251e-05 7.02493 0.221446 2.31821e-07 0.200264 0.9113 1.10723 0.107229 -2.23279 0.308814 
11 17600 19 1.39952 7.95251e-05 7.02493 0.221429 -5.61499e-07 0.200264 0.911232 1.10715 0.107147 -2.23355 0.310573 
11 17700 19 1.40748 7.95251e-05 7.02493 0.221393 -7.61078e-07 0.200266 0.911081 1.10696 0.106963 -2.23527 0.312339 
11 17800 19 1.41543 7.95251e-05 7.02493 0.221395 -1.65552e-07 0.200268 0.911089 1.10697 0.106973 -2.23518 0.314095 
11 17900 19 1.42338 7.95251e-05 7.02493 0.221374 -2.25006e-06 0.200266 0.911006 1.10687 0.106872 -2.23612 0.315857 
11 18000 19 1.43133 7.95251e-05 7.02493 0.221401 7.38105e-07 0.200265 0.911116 1.10701 0.107006 -2.23487 0.317615 
11 18100 19 1.43929 7.95251e-05 7.02493 0.221436 1.56081e-06 0.200264 0.911258 1.10718 0.107179 -2.23325 0.319376 
11 18200 20 1.44724 7.95251e-05 7.02493 0.221433 1.26665e-06 0.200264 0.911246 1.10716 0.107164 -2.2334 0.321137 
11 18300 20 1.45519 7.95251e-05 7.02493 0.221417 7.62016e-07 0.200263 0.91118 1.10708 0.107084 -2.23414 0.322901 
11 18400 20 1.46314 7.95251e-05 7.02493 0.221411 5.59506e-06 0.200266 0.911158 1.10706 0.107057 -2.2344 0.324662 
11 18500 20 1.47109 7.95251e-05 7.02493 0.221396 9.11081e-06 0.200267 0.911096 1.10698 0.106982 -2.2351 0.326424 
11 18600 20 1.47905 7.95251e-05 7.02493 0.221387 9.55937e-06 0.200266 0.911056 1.10693 0.106933 -2.23555 0.328187 
11 18700 20 1.487 7.95251e-05 7.02493 0.221369 7.83913e-06 0.200269 0.910984 1.10685 0.106846 -2.23637 0.329948 
11 18800 20 1.49495 7.95251e-05 7.02493 0.221367 5.33141e-06 0.200267 0.910977 1.10684 0.106837 -2.23645 0.33171 
11 18900 20 1.5029 7.95251e-05 7.02493 0.221388 3.28638e-06 0.200266 0.911063 1.10694 0.106942 -2.23547 0.333469 
11 19000 20 1.51086 7.95251e-05 7.02493 0.221406 2.24053e-06 0.200265 0.911136 1.10703 0.10703 -2.23464 0.335231 
11 19100 20 1.51881 7.95251e-05 7.02493 0.221373 1.13638e-06 0.200268 0.910998 1.10686 0.106863 -2.23621 0.336992 
11 19200 21 1.52676 7.95251e-05 7.02493 0.221377 3.81811e-06 0.200266 0.911015 1.10688 0.106883 -2.23602 0.338751 
11 19300 21 1.53471 7.95251e-05 7.02493 0.221337 4.22083e-07 0.200268 0.910852 1.10668 0.106685 -2.23788 0.340513 
11 19400 21 1.54266 7.95251e-05 7.02493 0.221345 -1.13686e-06 0.200269 0.910887 1.10673 0.106727 -2.23748 0.342267 
11 19500 21 1.55062 7.95251e-05 7.02493 0.221348 -2.31431e-06 0.200268 0.910897 1.10674 0.10674 -2.23736 0.34403 
11 19600 21 1.55857 7.95251e-05 7.02493 0.221319 -1.41823e-06 0.200269 0.910779 1.1066 0.106596 -2.23871 0.345787 
11 19700 21 1.56652 7.95251e-05 7.02493 0.221382 1.28403e-06 0.200268 0.911039 1.10691 0.106912 -2.23575 0.347547 
11 19800 21 1.57447 7.95251e-05 7.02493 0.221393 1.27489e-06 0.200267 0.91108 1.10696 0.106963 -2.23528 0.349312 
11 19900 21 1.58243 7.95251e-05 7.02493 0.221356 2.00808e-06 0.200267 0.910932 1.10678 0.106782 -2.23696 0.351071 
11 20000 21 1.59038 7.95251e-05 7.02493 0.221348 3.61873e-07 0.200268 0.910899 1.10674 0.106742 -2.23734 0.352828 
11 20100 21 1.59833 7.95251e-05 7.02493 0.221347 -5.84898e-06 0.200266 0.910894 1.10674 0.106736 -2.2374 0.35459 
11 20200 22 1.60628 7.95251e-05 7.02493 0.221363 5.16555e-06 0.200268 0.910961 1.10682 0.106817 -2.23664 0.356352 
11 20300 22 1.61424 7.95251e-05 7.02493 0.221338 7.6342e-06 0.200269 0.910855 1.10669 0.106689 -2.23783 0.358113 
11 20400 22 1.62219 7.95251e-05 7.02493 0.22133 -1.9721e-06 0.20027 0.910821 1.10665 0.106648 -2.23822 0.359873 
11 20500 22 1.63014 7.95251e-05 7.02493 0.221333 -6.49287e-07 0.20027 0.910835 1.10666 0.106664 -2.23807 0.361634 
11 20600 22 1.63809 7.95251e-05 7.02493 0.221317 -2.74704e-06 0.20027 0.910768 1.10658 0.106583 -2.23884 0.363397 
11 20700 22 1.64605 7.95251e-05 7.02493 0.221328 -3.13182e-06 0.200271 0.910816 1.10664 0.106641 -2.23829 0.365156 
11 20800 22 1.654 7.95251e-05 7.02493 0.221357 1.52143e-06 0.200268 0.910934 1.10679 0.106785 -2.23694 0.36692 
11 20900 22 1.66195 7.95251e-05 7.02493 0.221337 -1.02785e-06 0.20027 0.910854 1.10669 0.106687 -2.23786 0.368682 
11 21000 22 1.6699 7.95251e-05 7.02493 0.221359 -6.22702e-06 0.200268 0.910944 1.1068 0.106797 -2.23682 0.370439 
11 21100 22 1.67786 7.95251e-05 7.02493 0.221333 -5.50517e-06 0.200272 0.910835 1.10666 0.106664 -2.23807 0.372196 
11 21200 23 1.68581 7.95251e-05 7.02493 0.221343 -1.87514e-06 0.200271 0.910875 1.10671 0.106713 -2.23762 0.373955 
11 21300 23 1.69376 7.95251e-05 7.02493 0.221329 -2.15876e-06 0.200272 0.91082 1.10665 0.106646 -2.23824 0.375715 
11 21400 23 1.70171 7.95251e-05 7.02493 0.221343 -2.01671e-06 0.200272 0.910875 1.10671 0.106713 -2.23761 0.377475 
11 21500 23 1.70966 7.95251e-05 7.02493 0.221356 -2.11543e-06 0.20027 0.910928 1.10678 0.106778 -2.23701 0.379237 
11 21600 23 1.71762 7.95251e-05 7.02493 0.221363 -1.61701e-06 0.20027 0.910957 1.10681 0.106813 -2.23668 0.381002 
11 21700 23 1.72557 7.95251e-05 7.02493 0.221359 -8.92644e-07 0.200269 0.910944 1.1068 0.106797 -2.23682 0.38276 
11 21800 23 1.73352 7.95251e-05 7.02493 0.221346 -2.83049e-07 0.200272 0.910887 1.10673 0.106728 -2.23748 0.384519 
11 21900 23 1.74147 7.95251e-05 7.02493 0.221361 3.18147e-07 0.20027 0.910949 1.1068 0.106803 -2.23677 0.38628 
11 22000 23 1.74943 7.95251e-05 7.02493 0.221291 8.77039e-07 0.200274 0.910662 1.10645 0.106454 -2.24004 0.388041 
11 22100 23 1.75738 7.95251e-05 7.02493 0.221347 9.78645e-07 0.200273 0.910893 1.10673 0.106735 -2.23741 0.389796 
11 22200 24 1.76533 7.95251e-05 7.02493 0.221365 2.5573e-06 0.200272 0.910965 1.10682 0.106823 -2.23659 0.391558 
11 22300 24 1.77328 7.95251e-05 7.02493 0.221324 2.54699e-06 0.200274 0.9108 1.10662 0.106622 -2.23847 0.393321 
11 22400 24 1.78123 7.95251e-05 7.02493 0.22133 2.10373e-06 0.200274 0.910825 1.10665 0.106652 -2.23818 0.395083 
11 22500 24 1.78919 7.95251e-05 7.02493 0.221342 2.34598e-06 0.200272 0.910871 1.10671 0.106708 -2.23766 0.396844 
11 22600 24 1.79714 7.95251e-05 7.02493 0.221333 2.99811e-06 0.200272 0.910837 1.10667 0.106667 -2.23805 0.398608 
11 22700 24 1.80509 7.95251e-05 7.02493 0.221318 4.85279e-06 0.200273 0.910775 1.10659 0.106592 -2.23875 0.400367 
11 22800 24 1.81304 7.95251e-05 7.02493 0.221301 3.71286e-06 0.200272 0.910702 1.1065 0.106503 -2.23958 0.402126 
11 22900 24 1.821 7.95251e-05 7.02493 0.221311 1.36218e-06 0.200275 0.910746 1.10656 0.106557 -2.23908 0.403882 
11 23000 24 1.82895 7.95251e-05 7.02493 0.221375 1.92999e-06 0.200272 0.911008 1.10688 0.106875 -2.23609 0.40564 
11 23100 24 1.8369 7.95251e-05 7.02493 0.221358 -2.86655e-07 0.200273 0.91094 1.10679 0.106792 -2.23688 0.407402 
11 23200 25 1.84485 7.95251e-05 7.02493 0.221314 -2.44913e-06 0.200274 0.910759 1.10657 0.106572 -2.23893 0.409163 
11 23300 25 1.8528 7.95251e-05 7.02493 0.221351 -7.078e-07 0.200273 0.91091 1.10676 0.106756 -2.23721 0.410922 
11 23400 25 1.86076 7.95251e-05 7.02493 0.221318 1.58314e-06 0.200273 0.910774 1.10659 0.10659 -2.23877 0.412687 
11 23500 25 1.86871 7.95251e-05 7.02493 0.221352 1.29094e-06 0.200272 0.910913 1.10676 0.10676 -2.23718 0.414442 
11 23600 25 1.87666 7.95251e-05 7.02493 0.221302 -9.62906e-07 0.200274 0.91071 1.10651 0.106512 -2.2395 0.416199 
11 23700 25 1.88461 7.95251e-05 7.02493 0.221303 1.77497e-06 0.200273 0.910713 1.10652 0.106517 -2.23945 0.417961 
11 23800 25 1.89257 7.95251e-05 7.02493 0.221307 3.31373e-06 0.200276 0.910728 1.10653 0.106535 -2.23928 0.41972 
11 23900 25 1.90052 7.95251e-05 7.02493 0.22129 2.96275e-06 0.200275 0.91066 1.10645 0.106452 -2.24006 0.42148 
11 24000 25 1.90847 7.95251e-05 7.02493 0.221305 4.71879e-06 0.200276 0.91072 1.10652 0.106524 -2.23938 0.423243 
11 24100 25 1.91642 7.95251e-05 7.02493 0.221306 3.76758e-06 0.200277 0.910725 1.10653 0.106531 -2.23932 0.425007 
11 24200 26 1.92437 7.95251e-05 7.02493 0.221293 4.1818e-06 0.200277 0.910673 1.10647 0.106467 -2.23992 0.42677 
11 24300 26 1.93233 7.95251e-05 7.02493 0.221297 6.8495e-06 0.200276 0.910688 1.10649 0.106486 -2.23974 0.428526 
11 24400 26 1.94028 7.95251e-05 7.02493 0.221341 4.28027e-06 0.200274 0.910866 1.1067 0.106703 -2.23771 0.430286 
11 24500 26 1.94823 7.95251e-05 7.02493 0.221326 7.4708e-07 0.200274 0.910805 1.10663 0.106628 -2.23841 0.432047 
11 24600 26 1.95618 7.95251e-05 7.02493 0.221356 1.01932e-06 0.200273 0.910929 1.10678 0.106779 -2.23699 0.433807 
11 24700 26 1.96414 7.95251e-05 7.02493 0.221327 -2.27522e-06 0.200276 0.910812 1.10664 0.106637 -2.23833 0.435567 
11 24800 26 1.97209 7.95251e-05 7.02493 0.221326 -3.32869e-06 0.200275 0.910806 1.10663 0.106629 -2.2384 0.437327 
11 24900 26 1.98004 7.95251e-05 7.02493 0.221328 -4.75482e-06 0.200276 0.910813 1.10664 0.106638 -2.23831 0.439088 
11 25000 26 1.98799 7.95251e-05 7.02493 0.221323 -6.42989e-06 0.200277 0.910794 1.10661 0.106614 -2.23854 0.440846 
11 25100 26 1.99595 7.95251e-05 7.02493 0.221329 -6.62137e-06 0.200276 0.910818 1.10664 0.106644 -2.23826 0.442607 
11 25200 27 2.0039 7.95251e-05 7.02493 0.22133 -7.86741e-06 0.200275 0.910824 1.10665 0.106651 -2.23819 0.444371 
11 25300 27 2.01185 7.95251e-05 7.02493 0.221329 -9.40793e-06 0.200275 0.910821 1.10665 0.106647 -2.23823 0.446123 
11 25400 27 2.0198 7.95251e-05 7.02493 0.221327 -1.05605e-05 0.200278 0.910809 1.10663 0.106633 -2.23836 0.447883 
11 25500 27 2.02775 7.95251e-05 7.02493 0.221346 -6.43335e-06 0.200277 0.910887 1.10673 0.106728 -2.23747 0.449644 
11 25600 27 2.03571 7.95251e-05 7.02493 0.221319 -5.65594e-06 0.200279 0.910778 1.10659 0.106595 -2.23872 0.451404 
11 25700 27 2.04366 7.95251e-05 7.02493 0.22131 -4.42084e-06 0.200278 0.91074 1.10655 0.106549 -2.23915 0.453168 
11 25800 27 2.05161 7.95251e-05 7.02493 0.221316 -4.65393e-06 0.200278 0.910766 1.10658 0.106581 -2.23885 0.454927 
11 25900 27 2.05956 7.95251e-05 7.02493 0.221301 -4.56356e-06 0.200279 0.910705 1.10651 0.106506 -2.23955 0.456691 
11 26000 27 2.06752 7.95251e-05 7.02493 0.221304 -1.60302e-06 0.20028 0.910716 1.10652 0.10652 -2.23943 0.458453 
11 26100 27 2.07547 7.95251e-05 7.02493 0.221287 -4.4059e-06 0.200279 0.910645 1.10643 0.106434 -2.24023 0.460214 
11 26200 28 2.08342 7.95251e-05 7.02493 0.221329 -4.34818e-06 0.200278 0.91082 1.10665 0.106646 -2.23824 0.461972 
11 26300 28 2.09137 7.95251e-05 7.02493 0.221354 -3.79763e-06 0.200278 0.910921 1.10677 0.106769 -2.23709 0.463732 
11 26400 28 2.09932 7.95251e-05 7.02493 0.221368 -3.43672e-06 0.200275 0.910979 1.10684 0.106839 -2.23643 0.465492 
11 26500 28 2.10728 7.95251e-05 7.02493 0.221337 -3.06982e-06 0.200279 0.910851 1.10668 0.106684 -2.23788 0.467252 
11 26600 28 2.11523 7.95251e-05 7.02493 0.221364 -3.98106e-06 0.200277 0.910963 1.10682 0.10682 -2.23661 0.46901 
11 26700 28 2.12318 7.95251e-05 7.02493 0.221329 -5.3707e-06 0.200277 0.910819 1.10664 0.106645 -2.23825 0.470773 
11 26800 28 2.13113 7.95251e-05 7.02493 0.221304 -7.39563e-06 0.20028 0.910715 1.10652 0.106519 -2.23943 0.472532 
11 26900 28 2.13909 7.95251e-05 7.02493 0.221326 -7.59586e-06 0.200279 0.910807 1.10663 0.106631 -2.23838 0.474288 
11 27000 28 2.14704 7.95251e-05 7.02493 0.221326 -9.23296e-07 0.200279 0.910806 1.10663 0.106629 -2.2384 0.476047 
11 27100 28 2.15499 7.95251e-05 7.02493 0.221354 5.24791e-07 0.200277 0.910924 1.10677 0.106772 -2.23706 0.477807 
11 27200 29 2.16294 7.95251e-05 7.02493 0.221339 2.50898e-06 0.200278 0.910862 1.1067 0.106697 -2.23776 0.479567 
11 27300 29 2.17089 7.95251e-05 7.02493 0.22132 3.38284e-06 0.200278 0.910781 1.1066 0.106599 -2.23868 0.481328 
11 27400 29 2.17885 7.95251e-05 7.02493 0.221348 4.3928e-06 0.200279 0.910895 1.10674 0.106738 -2.23738 0.483089 
11 27500 29 2.1868 7.95251e-05 7.02493 0.221339 1.92845e-06 0.200279 0.910859 1.10669 0.106694 -2.23779 0.484854 
11 27600 29 2.19475 7.95251e-05 7.02493 0.221353 -1.69059e-06 0.20028 0.910916 1.10676 0.106763 -2.23714 0.486615 
11 27700 29 2.20271 7.95251e-05 7.02493 0.221364 -5.48878e-06 0.200282 0.910963 1.10682 0.10682 -2.23661 0.488376 
11 27800 29 2.21066 7.95251e-05 7.02493 0.221344 -8.91823e-06 0.200282 0.910881 1.10672 0.10672 -2.23754 0.490137 
11 27900 29 2.21861 7.95251e-05 7.02493 0.22136 -7.11431e-06 0.200281 0.910946 1.1068 0.1068 -2.2368 0.491896 
11 28000 29 2.22656 7.95251e-05 7.02493 0.221393 -5.80673e-06 0.200278 0.911081 1.10696 0.106963 -2.23527 0.493659 
11 28100 29 2.23452 7.95251e-05 7.02493 0.221395 -3.00802e-06 0.200279 0.91109 1.10697 0.106975 -2.23516 0.495419 
11 28200 30 2.24247 7.95251e-05 7.02493 0.221376 -2.96654e-06 0.200278 0.911013 1.10688 0.106881 -2.23604 0.497181 
11 28300 30 2.25042 7.95251e-05 7.02493 0.221393 3.25282e-07 0.20028 0.911083 1.10697 0.106966 -2.23524 0.49894 
11 28400 30 2.25837 7.95251e-05 7.02493 0.221377 5.85599e-09 0.200282 0.911015 1.10688 0.106883 -2.23602 0.500696 
11 28500 30 2.26632 7.95251e-05 7.02493 0.22138 4.65481e-07 0.200281 0.91103 1.1069 0.106901 -2.23585 0.50246 
11 28600 30 2.27428 7.95251e-05 7.02493 0.221392 -2.79602e-06 0.200282 0.911079 1.10696 0.106961 -2.23529 0.504221 
11 28700 30 2.28223 7.95251e-05 7.02493 0.221371 -3.02281e-06 0.200284 0.910993 1.10686 0.106856 -2.23627 0.505978 
11 28800 30 2.29018 7.95251e-05 7.02493 0.221384 -4.63084e-06 0.200282 0.911045 1.10692 0.10692 -2.23568 0.507737 
11 28900 30 2.29813 7.95251e-05 7.02493 0.22139 -3.29789e-06 0.200281 0.911071 1.10695 0.106951 -2.23538 0.509497 
11 29000 30 2.30609 7.95251e-05 7.02493 0.221371 -8.82476e-07 0.200283 0.910992 1.10686 0.106855 -2.23628 0.511261 
11 29100 30 2.31404 7.95251e-05 7.02493 0.221367 -8.44392e-07 0.200281 0.910973 1.10683 0.106833 -2.23649 0.513021 
11 29200 31 2.32199 7.95251e-05 7.02493 0.221353 -1.27702e-06 0.200283 0.910918 1.10677 0.106765 -2.23712 0.514784 
11 29300 31 2.32994 7.95251e-05 7.02493 0.221355 -2.99204e-06 0.200283 0.910926 1.10678 0.106776 -2.23703 0.516543 
11 29400 31 2.33789 7.95251e-05 7.02493 0.221362 9.76473e-07 0.200282 0.910956 1.10681 0.106811 -2.23669 0.518303 
11 29500 31 2.34585 7.95251e-05 7.02493 0.221363 7.9377e-06 0.200283 0.910958 1.10681 0.106813 -2.23667 0.520065 
11 29600 31 2.3538 7.95251e-05 7.02493 0.221377 6.59393e-06 0.200284 0.911016 1.10688 0.106884 -2.23601 0.521828 
11 29700 31 2.36175 7.95251e-05 7.02493 0.221394 3.65264e-06 0.200282 0.911088 1.10697 0.106972 -2.23519 0.52359 
11 29800 31 2.3697 7.95251e-05 7.02493 0.221404 5.08884e-06 0.20028 0.911128 1.10702 0.10702 -2.23474 0.525354 
11 29900 31 2.37766 7.95251e-05 7.02493 0.221385 3.75277e-06 0.200282 0.91105 1.10693 0.106926 -2.23562 0.527113 
11 30000 31 2.38561 7.95251e-05 7.02493 0.221396 1.32842e-06 0.20028 0.911096 1.10698 0.106982 -2.2351 0.528871 
11 30100 31 2.39356 7.95251e-05 7.02493 0.221393 7.52869e-07 0.200282 0.911084 1.10697 0.106966 -2.23524 0.530629 
11 30200 32 2.40151 7.95251e-05 7.02493 0.22137 1.80843e-06 0.200283 0.910986 1.10685 0.106848 -2.23635 0.532389 
11 30300 32 2.40946 7.95251e-05 7.02493 0.221358 1.34184e-05 0.200282 0.910939 1.10679 0.106791 -2.23688 0.53415 
11 30400 32 2.41742 7.95251e-05 7.02493 0.221406 1.11517e-05 0.200283 0.911137 1.10703 0.107032 -2.23463 0.535909 
11 30500 32 2.42537 7.95251e-05 7.02493 0.221357 7.94718e-06 0.200284 0.910933 1.10678 0.106784 -2.23695 0.537671 
11 30600 32 2.43332 7.95251e-05 7.02493 0.221358 7.90572e-06 0.200285 0.91094 1.10679 0.106792 -2.23687 0.53943 
11 30700 32 2.44127 7.95251e-05 7.02493 0.221372 7.27434e-06 0.200283 0.910997 1.10686 0.106861 -2.23622 0.54119 
11 30800 32 2.44923 7.95251e-05 7.02493 0.221427 6.66536e-06 0.200283 0.911221 1.10713 0.107134 -2.23367 0.542949 
11 30900 32 2.45718 7.95251e-05 7.02493 0.22141 6.85178e-06 0.200283 0.911151 1.10705 0.107048 -2.23448 0.544711 
11 31000 32 2.46513 7.95251e-05 7.02493 0.221389 6.3363e-06 0.200284 0.911067 1.10695 0.106946 -2.23543 0.546473 
11 31100 32 2.47308 7.95251e-05 7.02493 0.221388 4.24479e-06 0.200283 0.911062 1.10694 0.10694 -2.23549 0.548236 
11 31200 33 2.48103 7.95251e-05 7.02493 0.221425 -3.52179e-07 0.200284 0.911215 1.10713 0.107127 -2.23374 0.549997 
11 31300 33 2.48899 7.95251e-05 7.02493 0.221459 -1.19421e-06 0.200283 0.911354 1.10729 0.107295 -2.23218 0.551758 
11 31400 33 2.49694 7.95251e-05 7.02493 0.221442 -7.84999e-07 0.200286 0.911285 1.10721 0.107211 -2.23296 0.553524 
11 31500 33 2.50489 7.95251e-05 7.02493 0.221416 -2.24552e-07 0.200284 0.911177 1.10708 0.107081 -2.23417 0.555285 
11 31600 33 2.51284 7.95251e-05 7.02493 0.221445 -2.52955e-07 0.200282 0.911295 1.10722 0.107223 -2.23285 0.557045 
11 31700 33 2.5208 7.95251e-05 7.02493 0.22146 2.48713e-06 0.200282 0.911356 1.1073 0.107298 -2.23214 0.558805 
11 31800 33 2.52875 7.95251e-05 7.02493 0.221444 5.27591e-06 0.20028 0.911292 1.10722 0.10722 -2.23287 0.56057 
11 31900 33 2.5367 7.95251e-05 7.02493 0.221422 6.56577e-06 0.200283 0.911202 1.10711 0.107111 -2.23389 0.562325 
11 32000 33 2.54465 7.95251e-05 7.02493 0.221453 4.77467e-06 0.200284 0.91133 1.10727 0.107266 -2.23244 0.564086 
11 32100 33 2.55261 7.95251e-05 7.02493 0.221431 4.43839e-06 0.200282 0.911237 1.10715 0.107154 -2.23349 0.565847 
11 32200 34 2.56056 7.95251e-05 7.02493 0.221425 5.66833e-06 0.200284 0.911215 1.10713 0.107126 -2.23375 0.567609 
11 32300 34 2.56851 7.95251e-05 7.02493 0.221405 5.3566e-06 0.200286 0.91113 1.10702 0.107023 -2.23471 0.569368 
11 32400 34 2.57646 7.95251e-05 7.02493 0.2214 5.0629e-06 0.200285 0.911113 1.107 0.107002 -2.23491 0.571128 
11 32500 34 2.58441 7.95251e-05 7.02493 0.221432 5.52981e-06 0.200284 0.911244 1.10716 0.107161 -2.23342 0.572888 
11 32600 34 2.59237 7.95251e-05 7.02493 0.221442 4.97674e-06 0.200285 0.911283 1.10721 0.107209 -2.23297 0.574651 
11 32700 34 2.60032 7.95251e-05 7.02493 0.221399 5.36796e-06 0.200285 0.911108 1.107 0.106996 -2.23496 0.576412 
11 32800 34 2.60827 7.95251e-05 7.02493 0.221448 2.90224e-07 0.200285 0.911311 1.10724 0.107242 -2.23266 0.578172 
11 32900 34 2.61622 7.95251e-05 7.02493 0.221487 -1.96755e-06 0.200284 0.911469 1.10743 0.107435 -2.23087 0.579936 
11 33000 34 2.62418 7.95251e-05 7.02493 0.221499 -3.97519e-06 0.200283 0.91152 1.1075 0.107496 -2.2303 0.581698 
11 33100 34 2.63213 7.95251e-05 7.02493 0.22148 -7.13061e-08 0.200286 0.911441 1.1074 0.107401 -2.23119 0.583461 
11 33200 35 2.64008 7.95251e-05 7.02493 0.221437 3.30409e-06 0.200288 0.911262 1.10718 0.107184 -2.23321 0.585227 
11 33300 35 2.64803 7.95251e-05 7.02493 0.221492 3.63945e-06 0.200285 0.911488 1.10746 0.107458 -2.23066 0.586988 
11 33400 35 2.65598 7.95251e-05 7.02493 0.221497 6.38464e-06 0.200282 0.911509 1.10748 0.107484 -2.23042 0.588751 
11 33500 35 2.66394 7.95251e-05 7.02493 0.221512 7.38605e-06 0.200283 0.91157 1.10756 0.107558 -2.22973 0.590512 
11 33600 35 2.67189 7.95251e-05 7.02493 0.221491 6.98272e-06 0.200284 0.911486 1.10746 0.107456 -2.23068 0.592269 
11 33700 35 2.67984 7.95251e-05 7.02493 0.221485 5.8498e-06 0.200285 0.911462 1.10743 0.107427 -2.23095 0.594028 
11 33800 35 2.68779 7.95251e-05 7.02493 0.221466 5.66314e-06 0.200285 0.911381 1.10733 0.107328 -2.23187 0.59579 
11 33900 35 2.69575 7.95251e-05 7.02493 0.221466 4.31129e-06 0.200285 0.911385 1.10733 0.107332 -2.23183 0.597551 
11 34000 35 2.7037 7.95251e-05 7.02493 0.221446 7.14931e-06 0.200287 0.911302 1.10723 0.107232 -2.23276 0.599313 
11 34100 35 2.71165 7.95251e-05 7.02493 0.221431 4.45499e-06 0.20029 0.911238 1.10715 0.107154 -2.23349 0.601076 
11 34200 35 2.7196 7.95251e-05 7.02493 0.221449 3.73703e-06 0.200286 0.911313 1.10725 0.107245 -2.23264 0.602832 
11 34300 36 2.72755 7.95251e-05 7.02493 0.221473 1.99849e-06 0.200284 0.911412 1.10737 0.107365 -2.23152 0.604592 
11 34400 36 2.73551 7.95251e-05 7.02493 0.221475 8.20881e-07 0.200285 0.91142 1.10738 0.107375 -2.23143 0.606355 
11 34500 36 2.74346 7.95251e-05 7.02493 0.221492 -1.08433e-07 0.200286 0.91149 1.10746 0.107461 -2.23063 0.608117 
11 34600 36 2.75141 7.95251e-05 7.02493 0.221504 -8.08967e-07 0.200285 0.911539 1.10752 0.10752 -2.23008 0.609878 
11 34700 36 2.75936 7.95251e-05 7.02493 0.221521 -9.13559e-07 0.200286 0.911608 1.1076 0.107603 -2.2293 0.611642 
11 34800 36 2.76732 7.95251e-05 7.02493 0.221517 -2.73777e-06 0.200287 0.911591 1.10758 0.107583 -2.22949 0.613407 
11 34900 36 2.77527 7.95251e-05 7.02493 0.2215 -4.24313e-07 0.200288 0.911524 1.1075 0.107502 -2.23025 0.615169 
11 35000 36 2.78322 7.95251e-05 7.02493 0.221511 1.6756e-06 0.200289 0.911567 1.10755 0.107553 -2.22977 0.616934 
11 35100 36 2.79118 7.95251e-05 7.02493 0.221519 8.6847e-07 0.200287 0.911603 1.1076 0.107597 -2.22936 0.618692 
11 35200 36 2.79913 7.95251e-05 7.02493 0.221558 1.33509e-06 0.200285 0.911763 1.10779 0.107792 -2.22755 0.620456 
11 35300 37 2.80708 7.95251e-05 7.02493 0.221554 8.86581e-06 0.200285 0.911746 1.10777 0.107771 -2.22775 0.622217 
11 35400 37 2.81503 7.95251e-05 7.02493 0.221547 8.26226e-06 0.200286 0.911718 1.10774 0.107737 -2.22806 0.623978 
11 35500 37 2.82298 7.95251e-05 7.02493 0.221533 8.54024e-06 0.200287 0.911657 1.10766 0.107663 -2.22875 0.625738 
11 35600 37 2.83094 7.95251e-05 7.02493 0.221547 3.66382e-06 0.200287 0.911715 1.10773 0.107734 -2.22809 0.6275 
11 35700 37 2.83889 7.95251e-05 7.02493 0.22154 4.39696e-06 0.200288 0.911687 1.1077 0.107699 -2.22841 0.62926 
11 35800 37 2.84684 7.95251e-05 7.02493 0.221531 3.21989e-06 0.200288 0.911648 1.10765 0.107653 -2.22884 0.631021 
11 35900 37 2.85479 7.95251e-05 7.02493 0.221515 6.04275e-08 0.200291 0.911584 1.10757 0.107574 -2.22957 0.632788 
11 36000 37 2.86275 7.95251e-05 7.02493 0.221544 1.08531e-07 0.200289 0.911705 1.10772 0.107722 -2.2282 0.634545 
11 36100 37 2.8707 7.95251e-05 7.02493 0.221549 -3.56471e-07 0.200288 0.911723 1.10774 0.107744 -2.228 0.636305 
11 36200 37 2.87865 7.95251e-05 7.02493 0.221536 -1.76325e-06 0.200287 0.91167 1.10768 0.107679 -2.2286 0.638068 
11 36300 38 2.8866 7.95251e-05 7.02493 0.221565 -6.26201e-07 0.200287 0.911791 1.10783 0.107826 -2.22724 0.63983 
11 36400 38 2.89455 7.95251e-05 7.02493 0.221578 -4.24393e-07 0.200288 0.911844 1.10789 0.10789 -2.22664 0.641594 
11 36500 38 2.90251 7.95251e-05 7.02493 0.221598 -6.0661e-07 0.200288 0.911924 1.10799 0.107988 -2.22573 0.643358 
11 36600 38 2.91046 7.95251e-05 7.02493 0.221561 6.61549e-07 0.200288 0.911774 1.10781 0.107806 -2.22742 0.645122 
11 36700 38 2.91841 7.95251e-05 7.02493 0.221577 3.7875e-06 0.200289 0.91184 1.10789 0.107886 -2.22668 0.646886 
11 36800 38 2.92636 7.95251e-05 7.02493 0.221583 3.28889e-06 0.200289 0.911863 1.10791 0.107914 -2.22642 0.648649 
11 36900 38 2.93432 7.95251e-05 7.02493 0.221603 1.75238e-06 0.200288 0.911948 1.10802 0.108017 -2.22547 0.650412 
11 37000 38 2.94227 7.95251e-05 7.02493 0.22159 -1.32295e-06 0.200286 0.911892 1.10795 0.107948 -2.2261 0.652173 
11 37100 38 2.95022 7.95251e-05 7.02493 0.221608 -2.81538e-06 0.200288 0.911967 1.10804 0.10804 -2.22525 0.653935 
11 37200 38 2.95817 7.95251e-05 7.02493 0.221585 -2.88585e-06 0.200287 0.911873 1.10793 0.107925 -2.22631 0.655696 
11 37300 39 2.96612 7.95251e-05 7.02493 0.221583 -2.70588e-06 0.200289 0.911864 1.10791 0.107914 -2.22642 0.657457 
11 37400 39 2.97408 7.95251e-05 7.02493 0.221603 -2.40252e-06 0.200288 0.911947 1.10802 0.108016 -2.22548 0.659218 
11 37500 39 2.98203 7.95251e-05 7.02493 0.221603 -3.31138e-06 0.200288 0.911948 1.10802 0.108017 -2.22547 0.660981 
11 37600 39 2.98998 7.95251e-05 7.02493 0.221572 7.7597e-07 0.20029 0.911818 1.10786 0.107859 -2.22693 0.662745 
11 37700 39 2.99793 7.95251e-05 7.02493 0.221598 1.89846e-06 0.20029 0.911924 1.10799 0.107988 -2.22574 0.66451 
11 37800 39 3.00589 7.95251e-05 7.02493 0.221627 2.43358e-06 0.200288 0.912045 1.10813 0.108134 -2.22438 0.666266 
11 37900 39 3.01384 7.95251e-05 7.02493 0.221629 3.70948e-06 0.200288 0.912052 1.10814 0.108143 -2.2243 0.668027 
11 38000 39 3.02179 7.95251e-05 7.02493 0.221632 4.31998e-06 0.200288 0.912067 1.10816 0.108161 -2.22414 0.66979 
11 38100 39 3.02974 7.95251e-05 7.02493 0.221634 4.19194e-06 0.200288 0.912075 1.10817 0.108171 -2.22404 0.671555 
11 38200 39 3.0377 7.95251e-05 7.02493 0.221643 5.05236e-06 0.200289 0.912111 1.10821 0.108215 -2.22364 0.673317 
11 38300 40 3.04565 7.95251e-05 7.02493 0.221625 4.63458e-06 0.200289 0.912039 1.10813 0.108127 -2.22445 0.675083 
11 38400 40 3.0536 7.95251e-05 7.02493 0.22161 3.45543e-06 0.20029 0.911976 1.10805 0.10805 -2.22516 0.676845 
11 38500 40 3.06155 7.95251e-05 7.02493 0.221651 2.59009e-06 0.200289 0.912145 1.10826 0.108256 -2.22325 0.67861 
11 38600 40 3.0695 7.95251e-05 7.02493 0.221639 3.12874e-06 0.200292 0.912096 1.1082 0.108196 -2.22381 0.680374 
11 38700 40 3.07746 7.95251e-05 7.02493 0.221657 2.23622e-06 0.200289 0.912167 1.10828 0.108283 -2.22301 0.682136 
11 38800 40 3.08541 7.95251e-05 7.02493 0.221695 4.91934e-06 0.200286 0.912324 1.10847 0.108473 -2.22125 0.683897 
11 38900 40 3.09336 7.95251e-05 7.02493 0.221665 5.04842e-07 0.200287 0.9122 1.10832 0.108323 -2.22264 0.68566 
11 39000 40 3.10131 7.95251e-05 7.02493 0.221652 -2.6582e-07 0.200287 0.91215 1.10826 0.108262 -2.2232 0.687424 
11 39100 40 3.10927 7.95251e-05 7.02493 0.22167 -1.33869e-06 0.200289 0.912221 1.10835 0.108349 -2.2224 0.689184 
11 39200 40 3.11722 7.95251e-05 7.02493 0.221676 -2.92771e-06 0.200287 0.912248 1.10838 0.108381 -2.2221 0.690947 
11 39300 41 3.12517 7.95251e-05 7.02493 0.22167 -4.35033e-06 0.200288 0.912221 1.10835 0.108348 -2.2224 0.69271 
11 39400 41 3.13312 7.95251e-05 7.02493 0.22168 -5.43843e-06 0.200289 0.912264 1.1084 0.108401 -2.22192 0.694472 
11 39500 41 3.14107 7.95251e-05 7.02493 0.221648 -3.70125e-06 0.200291 0.912133 1.10824 0.108242 -2.22339 0.696239 
11 39600 41 3.14903 7.95251e-05 7.02493 0.22167 -7.39498e-06 0.200289 0.91222 1.10835 0.108348 -2.22241 0.697997 
11 39700 41 3.15698 7.95251e-05 7.02493 0.221726 -4.73564e-06 0.200287 0.912451 1.10863 0.108629 -2.21982 0.69976 
11 39800 41 3.16493 7.95251e-05 7.02493 0.221701 -3.99401e-06 0.200289 0.91235 1.1085 0.108505 -2.22096 0.701523 
11 39900 41 3.17288 7.95251e-05 7.02493 0.22169 -2.37912e-06 0.200289 0.912303 1.10845 0.108449 -2.22148 0.703289 
11 40000 41 3.18084 7.95251e-05 7.02493 0.221711 -1.30249e-06 0.20029 0.912392 1.10856 0.108556 -2.22049 0.705052 
11 40100 41 3.18879 7.95251e-05 7.02493 0.22171 1.93247e-06 0.20029 0.912388 1.10855 0.108551 -2.22053 0.706816 
11 40200 41 3.19674 7.95251e-05 7.02493 0.221714 1.79613e-06 0.20029 0.912403 1.10857 0.108569 -2.22036 0.708581 
11 40300 42 3.20469 7.95251e-05 7.02493 0.221699 -2.59203e-07 0.200291 0.912341 1.10849 0.108494 -2.22106 0.710345 
11 40400 42 3.21264 7.95251e-05 7.02493 0.221672 -7.53765e-06 0.200292 0.912232 1.10836 0.108362 -2.22227 0.712109 
11 40500 42 3.2206 7.95251e-05 7.02493 0.221721 -4.68107e-06 0.200289 0.912431 1.1086 0.108604 -2.22005 0.713874 
11 40600 42 3.22855 7.95251e-05 7.02493 0.221722 -5.46478e-06 0.200288 0.912438 1.10861 0.108612 -2.21997 0.715636 
11 40700 42 3.2365 7.95251e-05 7.02493 0.221737 -5.9546e-06 0.200288 0.912499 1.10869 0.108686 -2.21929 0.717399 
11 40800 42 3.24445 7.95251e-05 7.02493 0.221746 -3.71584e-06 0.200289 0.912536 1.10873 0.108731 -2.21888 0.71916 
11 40900 42 3.25241 7.95251e-05 7.02493 0.22173 -4.60272e-06 0.200291 0.912469 1.10865 0.10865 -2.21963 0.720922 
11 41000 42 3.26036 7.95251e-05 7.02493 0.221724 -2.36525e-06 0.20029 0.912444 1.10862 0.10862 -2.2199 0.722686 
11 41100 42 3.26831 7.95251e-05 7.02493 0.221735 -1.73395e-06 0.20029 0.91249 1.10868 0.108675 -2.21939 0.724448 
11 41200 42 3.27626 7.95251e-05 7.02493 0.221722 1.7744e-07 0.200291 0.912435 1.10861 0.108608 -2.22001 0.726211 
11 41300 43 3.28421 7.95251e-05 7.02493 0.221714 8.27611e-07 0.200293 0.912404 1.10857 0.108571 -2.22035 0.727979 
11 41400 43 3.29217 7.95251e-05 7.02493 0.221757 -7.39096e-07 0.200289 0.912581 1.10879 0.108786 -2.21838 0.729737 
11 41500 43 3.30012 7.95251e-05 7.02493 0.221765 -3.11325e-06 0.200288 0.912613 1.10882 0.108825 -2.21802 0.731501 
11 41600 43 3.30807 7.95251e-05 7.02493 0.221802 -3.48112e-06 0.200287 0.912767 1.10901 0.109012 -2.21629 0.733264 
11 41700 43 3.31602 7.95251e-05 7.02493 0.221781 -2.72098e-06 0.200289 0.912681 1.10891 0.108907 -2.21726 0.735029 
11 41800 43 3.32398 7.95251e-05 7.02493 0.221749 -2.27621e-06 0.200291 0.912549 1.10875 0.108747 -2.21873 0.736794 
11 41900 43 3.33193 7.95251e-05 7.02493 0.221809 -7.47983e-07 0.200289 0.912795 1.10905 0.109045 -2.21599 0.738561 
11 42000 43 3.33988 7.95251e-05 7.02493 0.221803 -1.08287e-06 0.20029 0.912768 1.10901 0.109014 -2.21628 0.740325 
11 42100 43 3.34783 7.95251e-05 7.02493 0.221791 -1.18872e-06 0.20029 0.912719 1.10895 0.108954 -2.21683 0.74209 
11 42200 43 3.35579 7.95251e-05 7.02493 0.221783 -2.18712e-06 0.200293 0.912689 1.10892 0.108917 -2.21717 0.743853 
11 42300 44 3.36374 7.95251e-05 7.02493 0.221785 -1.25052e-06 0.200291 0.912696 1.10893 0.108925 -2.21709 0.745619 
11 42400 44 3.37169 7.95251e-05 7.02493 0.221812 -1.86825e-06 0.200289 0.912807 1.10906 0.109061 -2.21585 0.747381 
11 42500 44 3.37964 7.95251e-05 7.02493 0.22183 -2.44792e-06 0.200287 0.912881 1.10915 0.10915 -2.21503 0.749148 
11 42600 44 3.3876 7.95251e-05 7.02493 0.221801 -2.57471e-06 0.20029 0.912759 1.109 0.109003 -2.21638 0.750911 
11 42700 44 3.39555 7.95251e-05 7.02493 0.221816 -1.94614e-06 0.20029 0.912823 1.10908 0.109081 -2.21567 0.752672 
11 42800 44 3.4035 7.95251e-05 7.02493 0.221826 -3.98757e-06 0.20029 0.912863 1.10913 0.109129 -2.21523 0.754437 
11 42900 44 3.41145 7.95251e-05 7.02493 0.221802 -3.47896e-06 0.200292 0.912767 1.10901 0.109012 -2.21629 0.756198 
11 43000 44 3.41941 7.95251e-05 7.02493 0.22182 -3.34069e-06 0.200291 0.912838 1.1091 0.109098 -2.21551 0.757962 
11 43100 44 3.42736 7.95251e-05 7.02493 0.221833 -2.81937e-06 0.200293 0.912895 1.10917 0.109167 -2.21488 0.75973 
11 43200 44 3.43531 7.95251e-05 7.02493 0.221835 -4.96815e-07 0.200291 0.912902 1.10918 0.109176 -2.21479 0.76149 
11 43300 45 3.44326 7.95251e-05 7.02493 0.221856 7.2107e-07 0.20029 0.912988 1.10928 0.10928 -2.21384 0.763254 
11 43400 45 3.45121 7.95251e-05 7.02493 0.22184 6.40128e-06 0.20029 0.912923 1.1092 0.109201 -2.21457 0.765019 
11 43500 45 3.45917 7.95251e-05 7.02493 0.221827 4.53656e-06 0.200291 0.912867 1.10913 0.109133 -2.21519 0.766783 
11 43600 45 3.46712 7.95251e-05 7.02493 0.221845 4.92455e-06 0.200292 0.912944 1.10923 0.109226 -2.21433 0.768549 
11 43700 45 3.47507 7.95251e-05 7.02493 0.221826 1.52008e-06 0.200293 0.912864 1.10913 0.109129 -2.21522 0.770315 
11 43800 45 3.48302 7.95251e-05 7.02493 0.221836 5.66911e-08 0.200293 0.912906 1.10918 0.10918 -2.21475 0.77208 
11 43900 45 3.49098 7.95251e-05 7.02493 0.221855 -1.22181e-06 0.200292 0.912986 1.10928 0.109277 -2.21386 0.773847 
11 44000 45 3.49893 7.95251e-05 7.02493 0.221813 -6.0682e-07 0.200294 0.912812 1.10907 0.109067 -2.2158 0.775611 
11 44100 45 3.50688 7.95251e-05 7.02493 0.221843 -8.85347e-07 0.200293 0.912936 1.10922 0.109217 -2.21442 0.777379 
11 44200 45 3.51483 7.95251e-05 7.02493 0.22187 -7.83022e-07 0.20029 0.913044 1.10935 0.109349 -2.21321 0.77914 
11 44300 46 3.52278 7.95251e-05 7.02493 0.221869 -1.96862e-06 0.200292 0.913039 1.10934 0.109343 -2.21327 0.780904 
11 44400 46 3.53074 7.95251e-05 7.02493 0.221881 -4.01996e-07 0.200291 0.913092 1.10941 0.109406 -2.21269 0.782666 
11 44500 46 3.53869 7.95251e-05 7.02493 0.221879 4.52682e-07 0.200291 0.913083 1.1094 0.109396 -2.21278 0.784429 
11 44600 46 3.54664 7.95251e-05 7.02493 0.221864 -5.28543e-07 0.200291 0.913022 1.10932 0.109322 -2.21346 0.786195 
11 44700 46 3.55459 7.95251e-05 7.02493 0.221895 -1.38138e-06 0.200291 0.913146 1.10947 0.109473 -2.21208 0.787958 
11 44800 46 3.56255 7.95251e-05 7.02493 0.221908 -3.15318e-06 0.200292 0.913202 1.10954 0.109541 -2.21146 0.789722 
11 44900 46 3.5705 7.95251e-05 7.02493 0.221892 -2.66089e-08 0.200294 0.913138 1.10946 0.109462 -2.21218 0.791492 
11 45000 46 3.57845 7.95251e-05 7.02493 0.221909 6.20855e-07 0.200291 0.913205 1.10954 0.109544 -2.21143 0.793252 
11 45100 46 3.5864 7.95251e-05 7.02493 0.221961 1.10487e-06 0.200289 0.913419 1.1098 0.109804 -2.20906 0.795017 
11 45200 46 3.59436 7.95251e-05 7.02493 0.22194 1.41622e-06 0.200291 0.913334 1.1097 0.1097 -2.21 0.796781 
11 45300 47 3.60231 7.95251e-05 7.02493 0.221927 2.54321e-06 0.200291 0.91328 1.10964 0.109635 -2.2106 0.798547 
11 45400 47 3.61026 7.95251e-05 7.02493 0.221911 5.53026e-06 0.200293 0.913212 1.10955 0.109553 -2.21135 0.800313 
11 45500 47 3.61821 7.95251e-05 7.02493 0.221923 6.19095e-06 0.200293 0.913264 1.10962 0.109616 -2.21077 0.80208 
11 45600 47 3.62616 7.95251e-05 7.02493 0.221927 5.23548e-06 0.200292 0.913282 1.10964 0.109637 -2.21058 0.803846 
11 45700 47 3.63412 7.95251e-05 7.02493 0.221933 4.22977e-06 0.200293 0.913306 1.10967 0.109666 -2.21031 0.805612 
11 45800 47 3.64207 7.95251e-05 7.02493 0.221926 -5.45815e-06 0.200295 0.913275 1.10963 0.10963 -2.21065 0.807376 
11 45900 47 3.65002 7.95251e-05 7.02493 0.221951 -8.75094e-06 0.200292 0.913378 1.10975 0.109754 -2.20952 0.809142 
11 46000 47 3.65797 7.95251e-05 7.02493 0.221981 -1.31006e-05 0.200288 0.913501 1.1099 0.109904 -2.20815 0.810907 
11 46100 47 3.66593 7.95251e-05 7.02493 0.222008 -1.54242e-05 0.200287 0.913613 1.11004 0.11004 -2.20691 0.812675 
11 46200 47 3.67388 7.95251e-05 7.02493 0.22201 -1.53201e-05 0.200288 0.91362 1.11005 0.110049 -2.20683 0.814438 
11 46300 48 3.68183 7.95251e-05 7.02493 0.222009 -1.68899e-05 0.200288 0.913616 1.11004 0.110044 -2.20688 0.816201 
11 46400 48 3.68978 7.95251e-05 7.02493 0.22204 -1.25723e-05 0.20029 0.913746 1.1102 0.110202 -2.20544 0.817969 
11 46500 48 3.69773 7.95251e-05 7.02493 0.222038 -7.78353e-06 0.200289 0.913735 1.11019 0.110188 -2.20557 0.819731 
11 46600 48 3.70569 7.95251e-05 7.02493 0.222018 -6.90034e-06 0.200291 0.913654 1.11009 0.110089 -2.20646 0.821498 
11 46700 48 3.71364 7.95251e-05 7.02493 0.221998 2.34447e-06 0.200291 0.913574 1.10999 0.109992 -2.20735 0.823267 
11 46800 48 3.72159 7.95251e-05 7.02493 0.222014 2.09639e-06 0.20029 0.91364 1.11007 0.110072 -2.20662 0.82503 
11 46900 48 3.72954 7.95251e-05 7.02493 0.222022 1.00566e-06 0.200289 0.913672 1.11011 0.110111 -2.20627 0.826793 
11 47000 48 3.7375 7.95251e-05 7.02493 0.222021 -3.43389e-07 0.200289 0.913665 1.1101 0.110103 -2.20634 0.82856 
11 47100 48 3.74545 7.95251e-05 7.02493 0.22199 -3.06141e-06 0.20029 0.913539 1.10995 0.10995 -2.20773 0.830326 
11 47200 48 3.7534 7.95251e-05 7.02493 0.222001 -5.61049e-06 0.200291 0.913582 1.11 0.110003 -2.20725 0.832092 
11 47300 49 3.76135 7.95251e-05 7.02493 0.222008 -8.30687e-06 0.200292 0.913613 1.11004 0.11004 -2.20691 0.83386 
11 47400 49 3.7693 7.95251e-05 7.02493 0.222001 -5.34507e-06 0.200293 0.913585 1.11001 0.110006 -2.20722 0.835626 
11 47500 49 3.77726 7.95251e-05 7.02493 0.222007 -5.76788e-06 0.200294 0.913609 1.11003 0.110035 -2.20696 0.837394 
11 47600 49 3.78521 7.95251e-05 7.02493 0.222009 -2.64739e-06 0.200294 0.913615 1.11004 0.110043 -2.20689 0.83916 
11 47700 49 3.79316 7.95251e-05 7.02493 0.222032 -2.63698e-06 0.200291 0.913713 1.11016 0.110161 -2.20581 0.840929 
11 47800 49 3.80111 7.95251e-05 7.02493 0.222101 -1.88197e-06 0.200288 0.913994 1.1105 0.110503 -2.20271 0.842693 
11 47900 49 3.80907 7.95251e-05 7.02493 0.222121 -1.9543e-06 0.200289 0.91408 1.11061 0.110607 -2.20177 0.844459 
11 48000 49 3.81702 7.95251e-05 7.02493 0.22209 -2.50329e-06 0.20029 0.91395 1.11045 0.110449 -2.2032 0.846222 
11 48100 49 3.82497 7.95251e-05 7.02493 0.222105 -3.74055e-06 0.20029 0.914014 1.11053 0.110527 -2.20249 0.847987 
11 48200 49 3.83292 7.95251e-05 7.02493 0.222106 -2.44251e-06 0.200291 0.914017 1.11053 0.110531 -2.20246 0.849755 
11 48300 50 3.84087 7.95251e-05 7.02493 0.222101 -7.70309e-07 0.200291 0.913996 1.11051 0.110505 -2.20269 0.851522 
11 48400 50 3.84883 7.95251e-05 7.02493 0.222069 3.49101e-07 0.200292 0.913866 1.11035 0.110347 -2.20413 0.853289 
11 48500 50 3.85678 7.95251e-05 7.02493 0.222095 -7.99313e-08 0.200289 0.913969 1.11047 0.110473 -2.20299 0.855059 
11 48600 50 3.86473 7.95251e-05 7.02493 0.222075 7.51051e-07 0.20029 0.913888 1.11037 0.110375 -2.20388 0.856817 
11 48700 50 3.87268 7.95251e-05 7.02493 0.222091 1.81536e-06 0.200289 0.913954 1.11045 0.110454 -2.20316 0.858582 
11 48800 50 3.88064 7.95251e-05 7.02493 0.222061 -3.42252e-06 0.20029 0.913832 1.11031 0.110306 -2.2045 0.860354 
11 48900 50 3.88859 7.95251e-05 7.02493 0.22208 -5.10405e-06 0.20029 0.913908 1.1104 0.110398 -2.20366 0.862116 
11 49000 50 3.89654 7.95251e-05 7.02493 0.222081 -5.13743e-06 0.200292 0.913913 1.1104 0.110404 -2.20361 0.863882 
11 49100 50 3.90449 7.95251e-05 7.02493 0.22209 -4.01451e-06 0.200293 0.91395 1.11045 0.110449 -2.2032 0.865651 
11 49200 50 3.91245 7.95251e-05 7.02493 0.222103 -1.04669e-06 0.200293 0.914002 1.11051 0.110513 -2.20263 0.867419 
11 49300 51 3.9204 7.95251e-05 7.02493 0.222096 -1.39489e-06 0.200294 0.913976 1.11048 0.110481 -2.20291 0.869186 
11 49400 51 3.92835 7.95251e-05 7.02493 0.222105 1.16256e-06 0.200293 0.914011 1.11052 0.110523 -2.20253 0.870952 
11 49500 51 3.9363 7.95251e-05 7.02493 0.222126 1.50306e-06 0.200291 0.914098 1.11063 0.110629 -2.20157 0.87272 
11 49600 51 3.94426 7.95251e-05 7.02493 0.222181 2.39458e-06 0.200288 0.914327 1.11091 0.110907 -2.19906 0.874486 
11 49700 51 3.95221 7.95251e-05 7.02493 0.222163 4.83247e-06 0.200288 0.914252 1.11082 0.110816 -2.19988 0.876254 
11 49800 51 3.96016 7.95251e-05 7.02493 0.222165 5.55371e-06 0.20029 0.914259 1.11082 0.110824 -2.19981 0.878019 
11 49900 51 3.96811 7.95251e-05 7.02493 0.222195 4.137e-06 0.200291 0.914383 1.11098 0.110976 -2.19844 0.879783 
11 50000 51 3.97607 7.95251e-05 7.02493 0.222179 4.36683e-06 0.200292 0.914317 1.1109 0.110895 -2.19917 0.881552 
11 50100 51 3.98402 7.95251e-05 7.02493 0.22219 2.54768e-06 0.200291 0.914364 1.11095 0.110952 -2.19866 0.883316 
11 50200 51 3.99197 7.95251e-05 7.02493 0.222202 3.68618e-07 0.200292 0.914411 1.11101 0.11101 -2.19814 0.885083 
11 50300 51 3.99992 7.95251e-05 7.02493 0.222177 -5.43422e-06 0.200294 0.914309 1.11089 0.110885 -2.19926 0.886854 
11 50400 52 4.00787 7.95251e-05 7.02493 0.222199 -6.00095e-06 0.200292 0.914397 1.11099 0.110993 -2.19829 0.888617 
11 50500 52 4.01583 7.95251e-05 7.02493 0.222185 -6.23824e-07 0.200291 0.914341 1.11092 0.110925 -2.1989 0.890384 
11 50600 52 4.02378 7.95251e-05 7.02493 0.222177 2.90241e-06 0.200292 0.914307 1.11088 0.110883 -2.19928 0.892152 
11 50700 52 4.03173 7.95251e-05 7.02493 0.222197 4.16124e-06 0.200291 0.914392 1.11099 0.110986 -2.19835 0.893919 
11 50800 52 4.03968 7.95251e-05 7.02493 0.222196 5.02816e-06 0.200293 0.914387 1.11098 0.11098 -2.1984 0.895687 
11 50900 52 4.04764 7.95251e-05 7.02493 0.222192 4.30251e-06 0.200294 0.91437 1.11096 0.11096 -2.19859 0.897456 
11 51000 52 4.05559 7.95251e-05 7.02493 0.222183 4.02754e-06 0.200293 0.914334 1.11092 0.110916 -2.19898 0.899224 
11 51100 52 4.06354 7.95251e-05 7.02493 0.2222 2.44874e-06 0.200294 0.914404 1.111 0.111001 -2.19822 0.900993 
11 51200 52 4.07149 7.95251e-05 7.02493 0.22219 7.49125e-07 0.200294 0.914363 1.11095 0.110951 -2.19867 0.902761 
11 51300 52 4.07945 7.95251e-05 7.02493 0.222222 5.66534e-07 0.200292 0.914494 1.11111 0.111111 -2.19723 0.90453 
11 51400 53 4.0874 7.95251e-05 7.02493 0.222215 -4.10295e-06 0.20029 0.914464 1.11107 0.111073 -2.19756 0.906297 
11 51500 53 4.09535 7.95251e-05 7.02493 0.222261 -2.89703e-06 0.200291 0.914654 1.1113 0.111305 -2.19548 0.908062 
11 51600 53 4.1033 7.95251e-05 7.02493 0.222268 -3.08694e-06 0.200289 0.914681 1.11134 0.111338 -2.19519 0.909828 
11 51700 53 4.11125 7.95251e-05 7.02493 0.222267 -4.30351e-06 0.200292 0.914679 1.11133 0.111335 -2.19522 0.911594 
11 51800 53 4.11921 7.95251e-05 7.02493 0.222282 -2.34962e-06 0.200292 0.914741 1.11141 0.11141 -2.19454 0.913364 
11 51900 53 4.12716 7.95251e-05 7.02493 0.222309 -1.39053e-06 0.20029 0.914851 1.11154 0.111544 -2.19333 0.915128 
11 52000 53 4.13511 7.95251e-05 7.02493 0.222253 -1.47737e-06 0.200294 0.914622 1.11127 0.111266 -2.19584 0.916897 
11 52100 53 4.14306 7.95251e-05 7.02493 0.222273 -2.87781e-06 0.200294 0.914702 1.11136 0.111363 -2.19496 0.918668 
11 52200 53 4.15102 7.95251e-05 7.02493 0.222264 -3.87456e-06 0.200293 0.914668 1.11132 0.111322 -2.19533 0.920432 
11 52300 53 4.15897 7.95251e-05 7.02493 0.22227 -4.5474e-06 0.20029 0.914692 1.11135 0.111351 -2.19507 0.922197 
11 52400 54 4.16692 7.95251e-05 7.02493 0.222267 -3.8838e-06 0.200292 0.914679 1.11133 0.111335 -2.19521 0.923967 
11 52500 54 4.17487 7.95251e-05 7.02493 0.222288 -4.08256e-06 0.20029 0.914767 1.11144 0.111442 -2.19425 0.925734 
11 52600 54 4.18282 7.95251e-05 7.02493 0.222284 -1.08358e-06 0.200292 0.914748 1.11142 0.111419 -2.19446 0.927505 
11 52700 54 4.19078 7.95251e-05 7.02493 0.22229 -7.78349e-07 0.200294 0.914776 1.11145 0.111452 -2.19416 0.929273 
11 52800 54 4.19873 7.95251e-05 7.02493 0.222284 -9.95503e-07 0.200293 0.914749 1.11142 0.11142 -2.19445 0.931043 
11 52900 54 4.20668 7.95251e-05 7.02493 0.22229 -3.63901e-06 0.200294 0.914775 1.11145 0.111452 -2.19416 0.932811 
11 53000 54 4.21463 7.95251e-05 7.02493 0.222284 -2.31418e-06 0.200293 0.914747 1.11142 0.111418 -2.19447 0.934579 
11 53100 54 4.22259 7.95251e-05 7.02493 0.222305 1.2559e-06 0.200291 0.914835 1.11152 0.111525 -2.19351 0.936348 
11 53200 54 4.23054 7.95251e-05 7.02493 0.222352 -1.38788e-06 0.200288 0.915029 1.11176 0.11176 -2.1914 0.938116 
11 53300 54 4.23849 7.95251e-05 7.02493 0.222373 -1.0851e-06 0.200288 0.915115 1.11186 0.111864 -2.19047 0.939884 
11 53400 55 4.24644 7.95251e-05 7.02493 0.222358 6.11584e-07 0.200288 0.915054 1.11179 0.11179 -2.19113 0.941651 
11 53500 55 4.25439 7.95251e-05 7.02493 0.22238 7.48887e-07 0.200291 0.915143 1.1119 0.111899 -2.19016 0.943419 
11 53600 55 4.26235 7.95251e-05 7.02493 0.22239 4.34695e-07 0.200291 0.915184 1.11195 0.111948 -2.18972 0.945191 
11 53700 55 4.2703 7.95251e-05 7.02493 0.222376 5.34922e-07 0.20029 0.915128 1.11188 0.11188 -2.19033 0.946954 
11 53800 55 4.27825 7.95251e-05 7.02493 0.222361 1.53723e-06 0.200293 0.915067 1.11181 0.111807 -2.19098 0.948722 
11 53900 55 4.2862 7.95251e-05 7.02493 0.222347 -6.70597e-07 0.200294 0.91501 1.11174 0.111737 -2.19161 0.950491 
11 54000 55 4.29416 7.95251e-05 7.02493 0.222335 -3.17429e-06 0.200291 0.914959 1.11168 0.111675 -2.19216 0.952259 
11 54100 55 4.30211 7.95251e-05 7.02493 0.222379 -9.56783e-07 0.20029 0.915139 1.11189 0.111894 -2.19021 0.954027 
11 54200 55 4.31006 7.95251e-05 7.02493 0.222369 -3.13191e-06 0.200292 0.915099 1.11184 0.111845 -2.19064 0.955796 
11 54300 55 4.31801 7.95251e-05 7.02493 0.222391 -2.58248e-06 0.200291 0.915187 1.11195 0.111953 -2.18968 0.957566 
11 54400 56 4.32596 7.95251e-05 7.02493 0.222378 -2.43193e-06 0.200293 0.915138 1.11189 0.111892 -2.19022 0.959335 
11 54500 56 4.33392 7.95251e-05 7.02493 0.222354 1.05488e-06 0.200294 0.915036 1.11177 0.111768 -2.19133 0.961105 
11 54600 56 4.34187 7.95251e-05 7.02493 0.222372 4.75605e-06 0.200293 0.915113 1.11186 0.111862 -2.19049 0.962876 
11 54700 56 4.34982 7.95251e-05 7.02493 0.222384 5.13393e-06 0.200294 0.91516 1.11192 0.111919 -2.18998 0.964646 
11 54800 56 4.35777 7.95251e-05 7.02493 0.222375 7.57005e-06 0.200294 0.915124 1.11188 0.111875 -2.19037 0.966414 
11 54900 56 4.36573 7.95251e-05 7.02493 0.222424 6.6512e-06 0.200291 0.915323 1.11212 0.112118 -2.1882 0.968185 
11 55000 56 4.37368 7.95251e-05 7.02493 0.222451 4.59529e-06 0.200289 0.915437 1.11226 0.112255 -2.18698 0.969953 
11 55100 56 4.38163 7.95251e-05 7.02493 0.222449 3.2733e-06 0.20029 0.915427 1.11224 0.112244 -2.18708 0.97172 
11 55200 56 4.38958 7.95251e-05 7.02493 0.222468 1.21596e-06 0.200289 0.915505 1.11234 0.112339 -2.18624 0.973488 
11 55300 56 4.39754 7.95251e-05 7.02493 0.222474 1.83209e-06 0.20029 0.915532 1.11237 0.112371 -2.18595 0.975255 
11 55400 57 4.40549 7.95251e-05 7.02493 0.222448 -4.61505e-07 0.200292 0.915425 1.11224 0.112242 -2.1871 0.977025 
11 55500 57 4.41344 7.95251e-05 7.02493 0.222464 1.32104e-06 0.200292 0.915491 1.11232 0.112321 -2.18639 0.978794 
11 55600 57 4.42139 7.95251e-05 7.02493 0.222461 -2.6107e-06 0.200294 0.915476 1.1123 0.112303 -2.18655 0.980562 
11 55700 57 4.42934 7.95251e-05 7.02493 0.22244 -2.04098e-06 0.200291 0.915393 1.1122 0.112202 -2.18745 0.982331 
11 55800 57 4.4373 7.95251e-05 7.02493 0.222475 -2.01776e-06 0.20029 0.915534 1.11237 0.112374 -2.18592 0.9841 
11 55900 57 4.44525 7.95251e-05 7.02493 0.222489 -1.46141e-06 0.20029 0.915593 1.11245 0.112446 -2.18528 0.985868 
11 56000 57 4.4532 7.95251e-05 7.02493 0.222479 -1.75701e-06 0.20029 0.915551 1.11239 0.112394 -2.18574 0.987639 
11 56100 57 4.46115 7.95251e-05 7.02493 0.222483 7.25044e-08 0.200289 0.915569 1.11242 0.112417 -2.18554 0.989408 
11 56200 57 4.46911 7.95251e-05 7.02493 0.222462 9.82994e-07 0.200292 0.915483 1.11231 0.112312 -2.18647 0.991179 
11 56300 57 4.47706 7.95251e-05 7.02493 0.222455 1.54542e-06 0.200293 0.915453 1.11227 0.112275 -2.1868 0.992951 
11 56400 58 4.48501 7.95251e-05 7.02493 0.222471 7.54658e-07 0.200292 0.915518 1.11235 0.112354 -2.1861 0.994721 
11 56500 58 4.49296 7.95251e-05 7.02493 0.22248 -5.21709e-06 0.200294 0.915555 1.1124 0.112399 -2.1857 0.996493 
11 56600 58 4.50092 7.95251e-05 7.02493 0.222474 -3.77394e-06 0.200292 0.915533 1.11237 0.112372 -2.18594 0.998261 
11 56700 58 4.50887 7.95251e-05 7.02493 0.222539 -2.92456e-06 0.200289 0.915797 1.11269 0.112693 -2.18309 1.00003 
11 56800 58 4.51682 7.95251e-05 7.02493 0.222564 -4.73986e-06 0.200287 0.915902 1.11282 0.112822 -2.18195 1.0018 
11 56900 58 4.52477 7.95251e-05 7.02493 0.222564 -2.37707e-06 0.200288 0.915902 1.11282 0.112821 -2.18195 1.00357 
11 57000 58 4.53273 7.95251e-05 7.02493 0.222591 -2.58068e-06 0.200287 0.916014 1.11296 0.112956 -2.18075 1.00534 
11 57100 58 4.54068 7.95251e-05 7.02493 0.222565 -2.18262e-06 0.200291 0.915904 1.11282 0.112823 -2.18193 1.00711 
11 57200 58 4.54863 7.95251e-05 7.02493 0.222548 -6.41537e-07 0.200293 0.915837 1.11274 0.112742 -2.18266 1.00888 
11 57300 58 4.55658 7.95251e-05 7.02493 0.222549 -6.30839e-06 0.200294 0.915838 1.11274 0.112743 -2.18265 1.01065 
11 57400 59 4.56453 7.95251e-05 7.02493 0.222528 -7.9205e-06 0.200293 0.915754 1.11264 0.112641 -2.18355 1.01242 
11 57500 59 4.57249 7.95251e-05 7.02493 0.222543 -8.93971e-06 0.200292 0.915815 1.11271 0.112715 -2.18289 1.01419 
11 57600 59 4.58044 7.95251e-05 7.02493 0.222557 -9.26164e-06 0.200291 0.915874 1.11279 0.112787 -2.18225 1.01596 
11 57700 59 4.58839 7.95251e-05 7.02493 0.222587 -8.42959e-06 0.20029 0.915997 1.11294 0.112936 -2.18093 1.01772 
11 57800 59 4.59634 7.95251e-05 7.02493 0.222585 -4.5217e-06 0.200291 0.915987 1.11292 0.112924 -2.18104 1.0195 
11 57900 59 4.6043 7.95251e-05 7.02493 0.222584 -1.73568e-06 0.200291 0.915982 1.11292 0.112918 -2.18109 1.02127 
11 58000 59 4.61225 7.95251e-05 7.02493 0.22261 7.95375e-07 0.200292 0.916091 1.11305 0.11305 -2.17992 1.02304 
11 58100 59 4.6202 7.95251e-05 7.02493 0.22261 1.088e-06 0.200291 0.916091 1.11305 0.113051 -2.17991 1.02481 
11 58200 59 4.62815 7.95251e-05 7.02493 0.222625 2.31917e-06 0.200291 0.916154 1.11313 0.113127 -2.17925 1.02658 
11 58300 59 4.63611 7.95251e-05 7.02493 0.222612 2.48075e-06 0.200292 0.916098 1.11306 0.113059 -2.17985 1.02836 
11 58400 60 4.64406 7.95251e-05 7.02493 0.222601 1.51203e-06 0.200291 0.916054 1.11301 0.113006 -2.18031 1.03013 
11 58500 60 4.65201 7.95251e-05 7.02493 0.222664 2.98836e-07 0.200288 0.916312 1.11332 0.113319 -2.17754 1.0319 
11 58600 60 4.65996 7.95251e-05 7.02493 0.222682 6.84829e-07 0.200287 0.916389 1.11341 0.113412 -2.17673 1.03367 
11 58700 60 4.66791 7.95251e-05 7.02493 0.222694 1.41844e-06 0.200288 0.916436 1.11347 0.11347 -2.17622 1.03544 
11 58800 60 4.67587 7.95251e-05 7.02493 0.222661 2.00425e-06 0.200288 0.916302 1.11331 0.113307 -2.17765 1.03721 
11 58900 60 4.68382 7.95251e-05 7.02493 0.222661 4.42261e-07 0.20029 0.916302 1.11331 0.113307 -2.17765 1.03898 
11 59000 60 4.69177 7.95251e-05 7.02493 0.22263 2.79556e-06 0.200291 0.916174 1.11315 0.113152 -2.17902 1.04075 
11 59100 60 4.69972 7.95251e-05 7.02493 0.22264 2.13905e-06 0.200292 0.916214 1.1132 0.1132 -2.1786 1.04252 
11 59200 60 4.70768 7.95251e-05 7.02493 0.222649 -1.55505e-06 0.200292 0.91625 1.11324 0.113244 -2.17821 1.04429 
11 59300 60 4.71563 7.95251e-05 7.02493 0.22264 2.27265e-07 0.200291 0.916212 1.1132 0.113198 -2.17862 1.04606 
11 59400 61 4.72358 7.95251e-05 7.02493 0.222671 4.4652e-06 0.200289 0.916343 1.11336 0.113356 -2.17722 1.04783 
11 59500 61 4.73153 7.95251e-05 7.02493 0.222695 3.21656e-06 0.200288 0.916442 1.11348 0.113477 -2.17616 1.0496 
11 59600 61 4.73948 7.95251e-05 7.02493 0.222666 1.89631e-06 0.200291 0.916323 1.11333 0.113332 -2.17743 1.05137 
11 59700 61 4.74744 7.95251e-05 7.02493 0.22266 3.56232e-06 0.20029 0.916295 1.1133 0.113298 -2.17773 1.05314 
11 59800 61 4.75539 7.95251e-05 7.02493 0.222684 5.60246e-06 0.200291 0.916397 1.11342 0.113422 -2.17664 1.05491 
11 59900 61 4.76334 7.95251e-05 7.02493 0.222661 -9.14288e-07 0.200291 0.9163 1.1133 0.113304 -2.17768 1.05669 
11 60000 61 4.77129 7.95251e-05 7.02493 0.222675 2.35607e-08 0.200291 0.916359 1.11338 0.113376 -2.17705 1.05846 
11 60100 61 4.77925 7.95251e-05 7.02493 0.222681 2.07922e-06 0.200292 0.916384 1.11341 0.113406 -2.17678 1.06023 
11 60200 61 4.7872 7.95251e-05 7.02493 0.222704 1.24625e-06 0.20029 0.916477 1.11352 0.113519 -2.17578 1.062 
11 60300 61 4.79515 7.95251e-05 7.02493 0.222748 1.00281e-06 0.200287 0.916658 1.11374 0.113739 -2.17385 1.06377 
11 60400 62 4.8031 7.95251e-05 7.02493 0.222759 -7.2135e-07 0.200286 0.916705 1.1138 0.113796 -2.17334 1.06554 
11 60500 62 4.81105 7.95251e-05 7.02493 0.222736 9.76391e-07 0.200287 0.916607 1.11368 0.113678 -2.17439 1.06731 
11 60600 62 4.81901 7.95251e-05 7.02493 0.222749 -3.24443e-06 0.200288 0.916664 1.11375 0.113746 -2.17378 1.06908 
11 60700 62 4.82696 7.95251e-05 7.02493 0.2227 -2.72272e-06 0.200291 0.916461 1.1135 0.113501 -2.17595 1.07085 
11 60800 62 4.83491 7.95251e-05 7.02493 0.222712 -2.15919e-06 0.200291 0.916512 1.11356 0.113562 -2.1754 1.07263 
11 60900 62 4.84286 7.95251e-05 7.02493 0.222736 -3.52688e-06 0.20029 0.91661 1.11368 0.113681 -2.17436 1.0744 
11 61000 62 4.85082 7.95251e-05 7.02493 0.22271 -1.06074e-06 0.200291 0.916503 1.11355 0.113551 -2.1755 1.07617 
11 61100 62 4.85877 7.95251e-05 7.02493 0.22274 2.79296e-06 0.20029 0.916626 1.1137 0.1137 -2.17419 1.07794 
11 61200 62 4.86672 7.95251e-05 7.02493 0.222778 1.21549e-06 0.200289 0.916783 1.11389 0.113891 -2.17251 1.07971 
11 61300 62 4.87467 7.95251e-05 7.02493 0.222777 -2.16931e-06 0.200288 0.916778 1.11389 0.113885 -2.17256 1.08148 
11 61400 63 4.88262 7.95251e-05 7.02493 0.22279 1.51128e-06 0.200288 0.916832 1.11395 0.11395 -2.17199 1.08325 
11 61500 63 4.89058 7.95251e-05 7.02493 0.222795 2.38632e-07 0.200288 0.91685 1.11397 0.113973 -2.17179 1.08503 
11 61600 63 4.89853 7.95251e-05 7.02493 0.222768 2.15743e-06 0.200291 0.916739 1.11384 0.113838 -2.17298 1.0868 
11 61700 63 4.90648 7.95251e-05 7.02493 0.222783 2.32958e-06 0.200291 0.916802 1.11391 0.113914 -2.17231 1.08857 
11 61800 63 4.91443 7.95251e-05 7.02493 0.222791 2.73529e-06 0.20029 0.916837 1.11396 0.113957 -2.17193 1.09035 
11 61900 63 4.92239 7.95251e-05 7.02493 0.222826 2.78039e-06 0.20029 0.916981 1.11413 0.114132 -2.1704 1.09212 
11 62000 63 4.93034 7.95251e-05 7.02493 0.222839 5.3878e-06 0.200289 0.917033 1.11419 0.114195 -2.16985 1.09389 
11 62100 63 4.93829 7.95251e-05 7.02493 0.222873 5.42116e-06 0.200286 0.917173 1.11437 0.114366 -2.16835 1.09567 
11 62200 63 4.94624 7.95251e-05 7.02493 0.222866 5.94051e-06 0.200287 0.917143 1.11433 0.114329 -2.16868 1.09744 
11 62300 63 4.9542 7.95251e-05 7.02493 0.222859 5.6924e-06 0.200288 0.917114 1.11429 0.114293 -2.16899 1.09921 
11 62400 64 4.96215 7.95251e-05 7.02493 0.222849 -1.72948e-07 0.200288 0.917074 1.11425 0.114245 -2.16941 1.10098 
11 62500 64 4.9701 7.95251e-05 7.02493 0.222829 -1.74797e-06 0.200289 0.916992 1.11415 0.114146 -2.17028 1.10275 
11 62600 64 4.97805 7.95251e-05 7.02493 0.22284 -1.45193e-06 0.200289 0.917037 1.1142 0.1142 -2.1698 1.10452 
11 62700 64 4.986 7.95251e-05 7.02493 0.222809 -2.45923e-06 0.200289 0.91691 1.11405 0.114046 -2.17116 1.10629 
11 62800 64 4.99396 7.95251e-05 7.02493 0.222838 -1.88376e-06 0.20029 0.917031 1.11419 0.114192 -2.16987 1.10807 
11 62900 64 5.00191 7.95251e-05 7.02493 0.222851 -7.44816e-07 0.200288 0.917082 1.11425 0.114254 -2.16933 1.10984 
11 63000 64 5.00986 7.95251e-05 7.02493 0.222863 -5.77893e-07 0.200287 0.917131 1.11431 0.114314 -2.1688 1.11161 
11 63100 64 5.01781 7.95251e-05 7.02493 0.222886 -3.23436e-06 0.200286 0.917225 1.11443 0.114429 -2.1678 1.11338 
11 63200 64 5.02577 7.95251e-05 7.02493 0.222834 -3.17478e-06 0.200288 0.917013 1.11417 0.114171 -2.17006 1.11516 
11 63300 64 5.03372 7.95251e-05 7.02493 0.222851 -6.50354e-06 0.200289 0.917082 1.11425 0.114254 -2.16933 1.11693 
11 63400 65 5.04167 7.95251e-05 7.02493 0.222874 -5.06847e-06 0.200289 0.917178 1.11437 0.114371 -2.16831 1.1187 
11 63500 65 5.04962 7.95251e-05 7.02493 0.222879 6.04848e-06 0.20029 0.917199 1.1144 0.114397 -2.16808 1.12047 
11 63600 65 5.05758 7.95251e-05 7.02493 0.222901 3.22064e-06 0.20029 0.917286 1.1145 0.114503 -2.16715 1.12225 
11 63700 65 5.06553 7.95251e-05 7.02493 0.222914 -2.86319e-07 0.200291 0.91734 1.11457 0.114569 -2.16658 1.12402 
11 63800 65 5.07348 7.95251e-05 7.02493 0.22294 7.61509e-07 0.200289 0.917448 1.1147 0.114699 -2.16544 1.12579 
11 63900 65 5.08143 7.95251e-05 7.02493 0.222944 -1.92587e-06 0.200287 0.917465 1.11472 0.11472 -2.16526 1.12757 
11 64000 65 5.08939 7.95251e-05 7.02493 0.222983 -3.06247e-06 0.200285 0.917625 1.11491 0.114915 -2.16356 1.12934 
11 64100 65 5.09734 7.95251e-05 7.02493 0.222926 -4.55808e-06 0.200287 0.91739 1.11463 0.114629 -2.16606 1.13111 
11 64200 65 5.10529 7.95251e-05 7.02493 0.222914 -4.12103e-06 0.200288 0.917343 1.11457 0.114572 -2.16655 1.13289 
11 64300 65 5.11324 7.95251e-05 7.02493 0.222955 -5.54263e-06 0.200289 0.917509 1.11477 0.114773 -2.16479 1.13466 
11 64400 66 5.12119 7.95251e-05 7.02493 0.222923 -5.16254e-06 0.20029 0.917379 1.11462 0.114615 -2.16618 1.13643 
11 64500 66 5.12915 7.95251e-05 7.02493 0.222965 -2.97348e-06 0.200289 0.917552 1.11483 0.114825 -2.16434 1.1382 
11 64600 66 5.1371 7.95251e-05 7.02493 0.222954 -1.78375e-06 0.200292 0.917508 1.11477 0.114772 -2.16481 1.13998 
11 64700 66 5.14505 7.95251e-05 7.02493 0.222964 -1.34008e-06 0.20029 0.917547 1.11482 0.11482 -2.16439 1.14175 
11 64800 66 5.153 7.95251e-05 7.02493 0.223006 -8.1366e-07 0.200287 0.91772 1.11503 0.11503 -2.16256 1.14352 
11 64900 66 5.16096 7.95251e-05 7.02493 0.223019 3.43816e-08 0.200287 0.917772 1.11509 0.115093 -2.16201 1.1453 
11 65000 66 5.16891 7.95251e-05 7.02493 0.223006 8.79418e-07 0.200287 0.917719 1.11503 0.115029 -2.16257 1.14707 
11 65100 66 5.17686 7.95251e-05 7.02493 0.223018 4.91622e-07 0.200287 0.917771 1.11509 0.115092 -2.16203 1.14884 
11 65200 66 5.18481 7.95251e-05 7.02493 0.222994 1.27684e-06 0.200289 0.917673 1.11497 0.114972 -2.16307 1.15062 
11 65300 66 5.19277 7.95251e-05 7.02493 0.222995 -1.62869e-06 0.20029 0.917676 1.11498 0.114976 -2.16303 1.15239 
11 65400 67 5.20072 7.95251e-05 7.02493 0.223029 -2.63209e-06 0.200288 0.917815 1.11515 0.115146 -2.16156 1.15417 
11 65500 67 5.20867 7.95251e-05 7.02493 0.223019 -1.09412e-06 0.20029 0.917772 1.11509 0.115093 -2.16202 1.15594 
11 65600 67 5.21662 7.95251e-05 7.02493 0.223012 -6.31425e-07 0.20029 0.917745 1.11506 0.11506 -2.1623 1.15772 
11 65700 67 5.22457 7.95251e-05 7.02493 0.223039 -1.2429e-07 0.200287 0.917855 1.11519 0.115194 -2.16114 1.15949 
11 65800 67 5.23253 7.95251e-05 7.02493 0.223037 3.1551e-06 0.200287 0.917847 1.11518 0.115184 -2.16122 1.16127 
11 65900 67 5.24048 7.95251e-05 7.02493 0.223018 5.57496e-06 0.200288 0.917768 1.11509 0.115088 -2.16206 1.16304 
11 66000 67 5.24843 7.95251e-05 7.02493 0.22303 6.27233e-06 0.200287 0.917821 1.11515 0.115152 -2.1615 1.16481 
11 66100 67 5.25638 7.95251e-05 7.02493 0.223012 5.33283e-06 0.20029 0.917743 1.11506 0.115058 -2.16232 1.16658 
11 66200 67 5.26434 7.95251e-05 7.02493 0.223041 4.38234e-06 0.200289 0.917864 1.11521 0.115205 -2.16104 1.16836 
11 66300 67 5.27229 7.95251e-05 7.02493 0.223069 3.27118e-06 0.200288 0.917978 1.11534 0.115343 -2.15984 1.17013 
