cellnumber,    x-coordinate,    y-coordinate,    z-coordinate
         1, 1.934184460E-03, 2.460600854E-06, 2.152746816E-07
         2, 1.934260596E-03, 7.381802789E-06, 6.458240591E-07
         3, 1.934405183E-03, 1.230300495E-05, 1.076373451E-06
         4, 1.934617874E-03, 1.722420529E-05, 1.506922786E-06
         5, 1.934908796E-03, 2.214540837E-05, 1.937472234E-06
         6, 1.935287379E-03, 2.706660962E-05, 2.368021569E-06
         7, 1.935767941E-03, 3.198781269E-05, 2.798570904E-06
         8, 1.936258283E-03, 3.607958206E-05, 3.156554385E-06
         9, 1.936594606E-03, 3.854018360E-05, 3.371829052E-06
        10, 1.937066903E-03, 4.183021520E-05, 3.659669346E-06
        11, 1.937791589E-03, 4.675141827E-05, 4.090219136E-06
        12, 1.938549103E-03, 5.167261770E-05, 4.520768471E-06
        13, 1.939374954E-03, 5.659382077E-05, 4.951317806E-06
        14, 1.940328977E-03, 6.151502021E-05, 5.381867140E-06
        15, 1.941133873E-03, 6.508903607E-05, 5.694552783E-06
        16, 1.941762632E-03, 6.754964124E-05, 5.909827451E-06
        17, 1.942700706E-03, 7.135742635E-05, 6.242965810E-06
        18, 1.943906886E-03, 7.627862942E-05, 6.673515145E-06
        19, 1.945239143E-03, 8.119983249E-05, 7.104064480E-06
        20, 1.946160337E-03, 8.422325482E-05, 7.368579645E-06
        21, 1.946993987E-03, 8.668385999E-05, 7.583854767E-06
        22, 1.948399120E-03, 9.104223864E-05, 7.965163604E-06
        23, 1.950058271E-03, 9.596343443E-05, 8.395712939E-06
        24, 1.951123239E-03, 9.882932500E-05, 8.646445167E-06
        25, 1.952128485E-03, 1.012899229E-04, 8.861719834E-06
        26, 1.953908941E-03, 1.058058406E-04, 9.256811609E-06
        27, 1.955550397E-03, 1.097311615E-04, 9.600232261E-06
        28, 1.956722699E-03, 1.121917667E-04, 9.815506928E-06
        29, 1.958300360E-03, 1.156482394E-04, 1.011791028E-05
        30, 1.960287569E-03, 1.198096725E-04, 1.048198737E-05
        31, 1.961601898E-03, 1.222702704E-04, 1.069726295E-05
        32, 1.963278046E-03, 1.254906529E-04, 1.097900895E-05
        33, 1.965326257E-03, 1.292773668E-04, 1.131030422E-05
        34, 1.966812182E-03, 1.317379792E-04, 1.152557979E-05
        35, 1.968940953E-03, 1.353330590E-04, 1.184010762E-05
        36, 1.970718848E-03, 1.382828632E-04, 1.209818311E-05
        37, 1.972354483E-03, 1.407434756E-04, 1.231345777E-05
        38, 1.974824583E-03, 1.443867659E-04, 1.263220474E-05
        39, 1.976584084E-03, 1.468473638E-04, 1.284747941E-05
        40, 1.978939399E-03, 1.500966609E-04, 1.313175562E-05
        41, 1.980825560E-03, 1.526948763E-04, 1.335907109E-05
        42, 1.982758287E-03, 1.551554888E-04, 1.357434576E-05
        43, 1.985228155E-03, 1.582312689E-04, 1.384344068E-05
        44, 1.987343654E-03, 1.606918668E-04, 1.405871626E-05
        45, 1.989813522E-03, 1.635007211E-04, 1.430445900E-05
        46, 1.992083620E-03, 1.659613190E-04, 1.451973367E-05
        47, 1.994553721E-03, 1.685546595E-04, 1.474662167E-05
        48, 1.996992156E-03, 1.710152574E-04, 1.496189634E-05
        49, 1.999462023E-03, 1.734207763E-04, 1.517235160E-05
        50, 2.002098830E-03, 1.758813742E-04, 1.538762626E-05
        51, 2.004568931E-03, 1.781183819E-04, 1.558333861E-05
        52, 2.007454867E-03, 1.805789798E-04, 1.579861419E-05
        53, 2.009924967E-03, 1.826374501E-04, 1.597870687E-05
        54, 2.013050020E-03, 1.850027475E-04, 1.618564238E-05
        55, 2.015643753E-03, 1.869103580E-04, 1.635253648E-05
        56, 2.018113853E-03, 1.886331884E-04, 1.650326521E-05
        57, 2.021678025E-03, 1.910938008E-04, 1.671853897E-05
        58, 2.024148125E-03, 1.927859848E-04, 1.686658834E-05
        59, 2.027870156E-03, 1.950950536E-04, 1.706860530E-05
        60, 2.030584030E-03, 1.966965356E-04, 1.720871660E-05
        61, 2.033054130E-03, 1.981090172E-04, 1.733229328E-05
        62, 2.037605736E-03, 2.005696151E-04, 1.754756886E-05
        63, 2.040075604E-03, 2.018532105E-04, 1.765986781E-05
        64, 2.042690059E-03, 2.030888136E-04, 1.776796853E-05
        65, 2.047630027E-03, 2.052582713E-04, 1.795777098E-05
        66, 2.050587907E-03, 2.064832806E-04, 1.806494583E-05
        67, 2.053058008E-03, 2.074804943E-04, 1.815219002E-05
        68, 2.057509962E-03, 2.090484923E-04, 1.828937275E-05
        69, 2.062449930E-03, 2.105704189E-04, 1.842252277E-05
        70, 2.065412002E-03, 2.114630042E-04, 1.850061562E-05
        71, 2.067882102E-03, 2.121736179E-04, 1.856278686E-05
        72, 2.072330099E-03, 2.132759109E-04, 1.865922422E-05
        73, 2.077270066E-03, 2.142649464E-04, 1.874575355E-05
        74, 2.082210034E-03, 2.151120425E-04, 1.881986464E-05
        75, 2.087150002E-03, 2.158797142E-04, 1.888702718E-05
        76, 2.090665512E-03, 2.163909085E-04, 1.893175249E-05
        77, 2.093135379E-03, 2.167236817E-04, 1.896086360E-05
        78, 2.097029937E-03, 2.171652886E-04, 1.899950075E-05
        79, 2.101969905E-03, 2.176011621E-04, 1.903763405E-05
        80, 2.106909873E-03, 2.179196890E-04, 1.906550278E-05
        81, 2.111850074E-03, 2.181447489E-04, 1.908519152E-05
        82, 2.116790041E-03, 2.182924945E-04, 1.909811908E-05
        83, 2.121730009E-03, 2.183752804E-04, 1.910536230E-05
        84, 2.126669977E-03, 2.184028854E-04, 1.910777610E-05
        85, 2.131609945E-03, 2.183816687E-04, 1.910591891E-05
        86, 2.136549912E-03, 2.183166216E-04, 1.910022911E-05
        87, 2.141489880E-03, 2.182132012E-04, 1.909117964E-05
        88, 2.146430081E-03, 2.180767915E-04, 1.907924707E-05
        89, 2.151370049E-03, 2.179120347E-04, 1.906483158E-05
        90, 2.156310016E-03, 2.177225979E-04, 1.904825876E-05
        91, 2.161249984E-03, 2.175113623E-04, 1.902977783E-05
        92, 2.166189952E-03, 2.172803070E-04, 1.900956340E-05
        93, 2.171129920E-03, 2.170305670E-04, 1.898771370E-05
        94, 2.176069887E-03, 2.167625207E-04, 1.896426329E-05
        95, 2.179316478E-03, 2.165783953E-04, 1.894815432E-05
        96, 2.181786345E-03, 2.164345497E-04, 1.893556873E-05
        97, 2.185950056E-03, 2.161984012E-04, 1.891490865E-05
        98, 2.190890023E-03, 2.159294527E-04, 1.889137820E-05
        99, 2.195829991E-03, 2.156737755E-04, 1.886901009E-05
       100, 2.200769959E-03, 2.154311805E-04, 1.884778612E-05
       101, 2.205709927E-03, 2.152013039E-04, 1.882767356E-05
       102, 2.210649895E-03, 2.149836801E-04, 1.880863420E-05
       103, 2.215589862E-03, 2.147778578E-04, 1.879062802E-05
       104, 2.220529830E-03, 2.145833714E-04, 1.877361137E-05
       105, 2.225470031E-03, 2.143997845E-04, 1.875754970E-05
       106, 2.230409998E-03, 2.142267040E-04, 1.874240843E-05
       107, 2.235349966E-03, 2.140637516E-04, 1.872815119E-05
       108, 2.240289934E-03, 2.139106509E-04, 1.871475615E-05
       109, 2.245229902E-03, 2.137670672E-04, 1.870219421E-05
       110, 2.250169870E-03, 2.136327530E-04, 1.869044354E-05
       111, 2.255110070E-03, 2.135074465E-04, 1.867948049E-05
       112, 2.260050038E-03, 2.133909293E-04, 1.866928687E-05
       113, 2.264990006E-03, 2.132829395E-04, 1.865983904E-05
       114, 2.269929973E-03, 2.131832007E-04, 1.865111335E-05
       115, 2.274869941E-03, 2.130914509E-04, 1.864308433E-05
       116, 2.279809909E-03, 2.130074135E-04, 1.863573380E-05
       117, 2.284749877E-03, 2.129307977E-04, 1.862903082E-05
       118, 2.289690077E-03, 2.128613123E-04, 1.862295176E-05
       119, 2.294630045E-03, 2.127985790E-04, 1.861746205E-05
       120, 2.299570013E-03, 2.127422486E-04, 1.861253440E-05
       121, 2.304509981E-03, 2.126919135E-04, 1.860813063E-05
       122, 2.309449948E-03, 2.126471663E-04, 1.860421617E-05
       123, 2.314389916E-03, 2.126075851E-04, 1.860075281E-05
       124, 2.319329884E-03, 2.125727042E-04, 1.859770236E-05
       125, 2.324270085E-03, 2.125420870E-04, 1.859502299E-05
       126, 2.329210052E-03, 2.125152387E-04, 1.859267468E-05
       127, 2.334150020E-03, 2.124916937E-04, 1.859061376E-05
       128, 2.339089988E-03, 2.124709717E-04, 1.858880023E-05
       129, 2.344029956E-03, 2.124525781E-04, 1.858719224E-05
       130, 2.348969923E-03, 2.124360326E-04, 1.858574433E-05
       131, 2.353909891E-03, 2.124208841E-04, 1.858441829E-05
       132, 2.358850092E-03, 2.124066232E-04, 1.858317228E-05
       133, 2.363790059E-03, 2.123928134E-04, 1.858196265E-05
       134, 2.368730027E-03, 2.123789891E-04, 1.858075302E-05
       135, 2.373669995E-03, 2.123646700E-04, 1.857950156E-05
       136, 2.378609963E-03, 2.123494487E-04, 1.857817006E-05
       137, 2.383549931E-03, 2.123328741E-04, 1.857671850E-05
       138, 2.388489898E-03, 2.123144950E-04, 1.857511052E-05
       139, 2.393430099E-03, 2.122938895E-04, 1.857330790E-05
       140, 2.398370067E-03, 2.122706210E-04, 1.857127245E-05
       141, 2.403310034E-03, 2.122442529E-04, 1.856896597E-05
       142, 2.408250002E-03, 2.122143487E-04, 1.856634844E-05
       143, 2.413189970E-03, 2.121804573E-04, 1.856338349E-05
       144, 2.418129938E-03, 2.121420839E-04, 1.856002746E-05
       145, 2.423069905E-03, 2.120987483E-04, 1.855623668E-05
       146, 2.428009873E-03, 2.120499266E-04, 1.855196388E-05
       147, 2.432950074E-03, 2.119950514E-04, 1.854716356E-05
       148, 2.437890042E-03, 2.119334968E-04, 1.854177754E-05
       149, 2.442830009E-03, 2.118645643E-04, 1.853574759E-05
       150, 2.447769977E-03, 2.117874974E-04, 1.852900459E-05
       151, 2.452709945E-03, 2.117013937E-04, 1.852147216E-05
       152, 2.456265269E-03, 2.116338292E-04, 1.851556044E-05
       153, 2.458735369E-03, 2.115835232E-04, 1.851116031E-05
       154, 2.462590113E-03, 2.115013194E-04, 1.850396802E-05
       155, 2.467529848E-03, 2.113894880E-04, 1.849418186E-05
       156, 2.472470049E-03, 2.112700895E-04, 1.848373722E-05
       157, 2.477410017E-03, 2.111429640E-04, 1.847261592E-05
       158, 2.482349984E-03, 2.110079658E-04, 1.846080522E-05
       159, 2.487289952E-03, 2.108648478E-04, 1.844828330E-05
       160, 2.492229920E-03, 2.107134205E-04, 1.843503560E-05
       161, 2.497169888E-03, 2.105533931E-04, 1.842103484E-05
       162, 2.502110088E-03, 2.103844454E-04, 1.840625373E-05
       163, 2.507050056E-03, 2.102061117E-04, 1.839065226E-05
       164, 2.511990024E-03, 2.100179263E-04, 1.837418677E-05
       165, 2.516929992E-03, 2.098191908E-04, 1.835680087E-05
       166, 2.521869959E-03, 2.096090757E-04, 1.833841634E-05
       167, 2.526809927E-03, 2.093865041E-04, 1.831894588E-05
       168, 2.531749895E-03, 2.091501228E-04, 1.829826579E-05
       169, 2.536690095E-03, 2.088981855E-04, 1.827622327E-05
       170, 2.541630063E-03, 2.086284076E-04, 1.825262007E-05
       171, 2.546570031E-03, 2.083377622E-04, 1.822719241E-05
       172, 2.551509999E-03, 2.080221457E-04, 1.819958015E-05
       173, 2.556449967E-03, 2.076757664E-04, 1.816927397E-05
       174, 2.561389934E-03, 2.072900970E-04, 1.813553354E-05
       175, 2.565966221E-03, 2.068883186E-04, 1.810038339E-05
       176, 2.568436088E-03, 2.066552552E-04, 1.807999251E-05
       177, 2.571270103E-03, 2.063782304E-04, 1.805575448E-05
       178, 2.576210070E-03, 2.058973623E-04, 1.801368489E-05
       179, 2.581150038E-03, 2.054184006E-04, 1.797178084E-05
       180, 2.586090006E-03, 2.049339382E-04, 1.792939474E-05
       181, 2.591029974E-03, 2.044355642E-04, 1.788579357E-05
       182, 2.595969941E-03, 2.039129904E-04, 1.784007327E-05
       183, 2.600909909E-03, 2.033523633E-04, 1.779102604E-05
       184, 2.605849877E-03, 2.027332521E-04, 1.773686017E-05
       185, 2.610390773E-03, 2.020876127E-04, 1.768037509E-05
       186, 2.612860641E-03, 2.017051593E-04, 1.764691297E-05
       187, 2.615730045E-03, 2.012531331E-04, 1.760736814E-05
       188, 2.620670013E-03, 2.004921262E-04, 1.754078767E-05
       189, 2.625609981E-03, 1.997426007E-04, 1.747521310E-05
       190, 2.630549949E-03, 1.989691373E-04, 1.740754306E-05
       191, 2.635489916E-03, 1.981322857E-04, 1.733432691E-05
       192, 2.639990998E-03, 1.972702885E-04, 1.725891343E-05
       193, 2.642461099E-03, 1.967522549E-04, 1.721359149E-05
       194, 2.645370085E-03, 1.961430389E-04, 1.716029328E-05
       195, 2.650310053E-03, 1.951368176E-04, 1.707225783E-05
       196, 2.655250020E-03, 1.941249357E-04, 1.698373126E-05
       197, 2.660189988E-03, 1.930196740E-04, 1.688703196E-05
       198, 2.663582796E-03, 1.921801595E-04, 1.681358481E-05
       199, 2.666052897E-03, 1.915149332E-04, 1.675538442E-05
       200, 2.670069924E-03, 1.904913370E-04, 1.666583194E-05
       201, 2.675009891E-03, 1.892338478E-04, 1.655581582E-05
       202, 2.679950092E-03, 1.878289186E-04, 1.643289943E-05
       203, 2.682513325E-03, 1.870377455E-04, 1.636368142E-05
       204, 2.684983192E-03, 1.862680801E-04, 1.629634608E-05
       205, 2.689830028E-03, 1.847714448E-04, 1.616540612E-05
       206, 2.694769995E-03, 1.831163681E-04, 1.602060729E-05
       207, 2.697406569E-03, 1.821524056E-04, 1.593627167E-05
       208, 2.699876670E-03, 1.812358387E-04, 1.585608152E-05
       209, 2.704649931E-03, 1.794429263E-04, 1.569922097E-05
       210, 2.708633896E-03, 1.778309525E-04, 1.555819290E-05
       211, 2.711103996E-03, 1.767318317E-04, 1.546203202E-05
       212, 2.714530099E-03, 1.752406824E-04, 1.533157229E-05
       213, 2.718977397E-03, 1.732115197E-04, 1.515404438E-05
       214, 2.721447498E-03, 1.719802822E-04, 1.504632473E-05
       215, 2.724410035E-03, 1.705155009E-04, 1.491817329E-05
       216, 2.728683874E-03, 1.683166920E-04, 1.472580243E-05
       217, 2.731153974E-03, 1.669268531E-04, 1.460420663E-05
       218, 2.734289970E-03, 1.652108040E-04, 1.445407270E-05
       219, 2.737934701E-03, 1.631442283E-04, 1.427326970E-05
       220, 2.740404801E-03, 1.615761284E-04, 1.413607970E-05
       221, 2.744169906E-03, 1.592337212E-04, 1.393114599E-05
       222, 2.746802289E-03, 1.575966453E-04, 1.378792058E-05
       223, 2.749272389E-03, 1.559496886E-04, 1.364382933E-05
       224, 2.752841683E-03, 1.534890907E-04, 1.342855467E-05
       225, 2.755311551E-03, 1.516502234E-04, 1.326767597E-05
       226, 2.758582355E-03, 1.491896255E-04, 1.305240039E-05
       227, 2.761052223E-03, 1.473004959E-04, 1.288712338E-05
       228, 2.763930010E-03, 1.450465061E-04, 1.268992492E-05
       229, 2.766637830E-03, 1.429214753E-04, 1.250400874E-05
       230, 2.769107930E-03, 1.408209646E-04, 1.232023806E-05
       231, 2.771963133E-03, 1.383603812E-04, 1.210496430E-05
       232, 2.774433000E-03, 1.360901661E-04, 1.190634703E-05
       233, 2.777070040E-03, 1.336295682E-04, 1.169107236E-05
       234, 2.779540140E-03, 1.312026725E-04, 1.147874627E-05
       235, 2.782000694E-03, 1.287420746E-04, 1.126347161E-05
       236, 2.784470795E-03, 1.261453581E-04, 1.103628802E-05
       237, 2.786772093E-03, 1.236847456E-04, 1.082101335E-05
       238, 2.789241960E-03, 1.208832691E-04, 1.057591544E-05
       239, 2.791379113E-03, 1.184226639E-04, 1.036064077E-05
       240, 2.793611027E-03, 1.156482467E-04, 1.011791028E-05
       241, 2.795801964E-03, 1.128980584E-04, 9.877299817E-06
       242, 2.797686262E-03, 1.104374605E-04, 9.662026059E-06
       243, 2.800156130E-03, 1.071609076E-04, 9.375364243E-06
       244, 2.801973140E-03, 1.047003025E-04, 9.160089576E-06
       245, 2.804443240E-03, 1.011247077E-04, 8.847265235E-06
       246, 2.806093777E-03, 9.866410983E-05, 8.631990568E-06
       247, 2.807754790E-03, 9.596343443E-05, 8.395712939E-06
       248, 2.810050966E-03, 9.218198829E-05, 8.064877875E-06
       249, 2.811561339E-03, 8.972137584E-05, 7.849603207E-06
       250, 2.813526429E-03, 8.612102829E-05, 7.534613815E-06
       251, 2.815295011E-03, 8.273771527E-05, 7.238611943E-06
       252, 2.816610970E-03, 8.027711010E-05, 7.023336821E-06
       253, 2.818507142E-03, 7.627862215E-05, 6.673515145E-06
       254, 2.820166061E-03, 7.258725964E-05, 6.350562217E-06
       255, 2.821310190E-03, 7.012666174E-05, 6.135287549E-06
       256, 2.822798444E-03, 6.643622328E-05, 5.812416475E-06
       257, 2.824631985E-03, 6.151502021E-05, 5.381867140E-06
       258, 2.825613366E-03, 5.887905354E-05, 5.151249752E-06
       259, 2.826465294E-03, 5.641845564E-05, 4.935975085E-06
       260, 2.827940742E-03, 5.167262134E-05, 4.520768471E-06
       261, 2.829284174E-03, 4.675141827E-05, 4.090219136E-06
       262, 2.830278594E-03, 4.299743523E-05, 3.761788093E-06
       263, 2.830927493E-03, 4.053683369E-05, 3.546513426E-06
       264, 2.831744030E-03, 3.690901576E-05, 3.229120239E-06
       265, 2.832666971E-03, 3.198781269E-05, 2.798570904E-06
       266, 2.833430422E-03, 2.706660962E-05, 2.368021569E-06
       267, 2.834074199E-03, 2.214540837E-05, 1.937472234E-06
       268, 2.834609011E-03, 1.722420711E-05, 1.506922786E-06
       269, 2.835028106E-03, 1.230300404E-05, 1.076373451E-06
       270, 2.835314022E-03, 7.381802789E-06, 6.458240591E-07
       271, 2.835454885E-03, 2.460600854E-06, 2.152746816E-07
