cellnumber,    x-coordinate,    y-coordinate,    z-coordinate
         1, 2.386056585E-03, 1.720584123E-06, 0.000000000E+00
         2, 2.386083826E-03, 4.620318578E-06, 0.000000000E+00
         3, 2.386179287E-03, 8.699203136E-06, 0.000000000E+00
         4, 2.386408625E-03, 1.449867159E-05, 0.000000000E+00
         5, 2.386757405E-03, 2.029814095E-05, 0.000000000E+00
         6, 2.387242159E-03, 2.609761032E-05, 0.000000000E+00
         7, 2.387890825E-03, 3.189707786E-05, 0.000000000E+00
         8, 2.388352063E-03, 3.536441727E-05, 0.000000000E+00
         9, 2.388804918E-03, 3.826415195E-05, 0.000000000E+00
        10, 2.389632631E-03, 4.349601659E-05, 0.000000000E+00
        11, 2.390593057E-03, 4.929548595E-05, 0.000000000E+00
        12, 2.391640330E-03, 5.509495531E-05, 0.000000000E+00
        13, 2.392863389E-03, 6.089442104E-05, 0.000000000E+00
        14, 2.393901115E-03, 6.507205399E-05, 0.000000000E+00
        15, 2.394730924E-03, 6.797179230E-05, 0.000000000E+00
        16, 2.395980293E-03, 7.249335613E-05, 0.000000000E+00
        17, 2.397598932E-03, 7.829282549E-05, 0.000000000E+00
        18, 2.399262274E-03, 8.351096767E-05, 0.000000000E+00
        19, 2.400319325E-03, 8.641069871E-05, 0.000000000E+00
        20, 2.401589649E-03, 8.989176422E-05, 0.000000000E+00
        21, 2.403723076E-03, 9.569123358E-05, 0.000000000E+00
        22, 2.405365463E-03, 9.977961599E-05, 0.000000000E+00
        23, 2.406703774E-03, 1.026793470E-04, 0.000000000E+00
        24, 2.408734290E-03, 1.072901723E-04, 0.000000000E+00
        25, 2.410863061E-03, 1.118841610E-04, 0.000000000E+00
        26, 2.412390895E-03, 1.147838921E-04, 0.000000000E+00
        27, 2.414482180E-03, 1.188891110E-04, 0.000000000E+00
        28, 2.416749252E-03, 1.231638598E-04, 0.000000000E+00
        29, 2.418481279E-03, 1.260635909E-04, 0.000000000E+00
        30, 2.421071287E-03, 1.304880425E-04, 0.000000000E+00
        31, 2.423073398E-03, 1.338511647E-04, 0.000000000E+00
        32, 2.424973529E-03, 1.367509103E-04, 0.000000000E+00
        33, 2.427886240E-03, 1.410978293E-04, 0.000000000E+00
        34, 2.429942600E-03, 1.439975604E-04, 0.000000000E+00
        35, 2.432722831E-03, 1.478864579E-04, 0.000000000E+00
        36, 2.434914466E-03, 1.509464200E-04, 0.000000000E+00
        37, 2.437156625E-03, 1.538461511E-04, 0.000000000E+00
        38, 2.440069104E-03, 1.575210044E-04, 0.000000000E+00
        39, 2.442529192E-03, 1.604207355E-04, 0.000000000E+00
        40, 2.445441904E-03, 1.637777605E-04, 0.000000000E+00
        41, 2.448073588E-03, 1.666774915E-04, 0.000000000E+00
        42, 2.450986067E-03, 1.697889675E-04, 0.000000000E+00
        43, 2.453795401E-03, 1.726886985E-04, 0.000000000E+00
        44, 2.456708113E-03, 1.755872945E-04, 0.000000000E+00
        45, 2.459718147E-03, 1.784870256E-04, 0.000000000E+00
        46, 2.462630859E-03, 1.812010742E-04, 0.000000000E+00
        47, 2.465868834E-03, 1.841008052E-04, 0.000000000E+00
        48, 2.468781546E-03, 1.866439416E-04, 0.000000000E+00
        49, 2.472303808E-03, 1.895436872E-04, 0.000000000E+00
        50, 2.475216519E-03, 1.918897760E-04, 0.000000000E+00
        51, 2.478738083E-03, 1.944833348E-04, 0.000000000E+00
        52, 2.482053824E-03, 1.968757715E-04, 0.000000000E+00
        53, 2.484966535E-03, 1.989325974E-04, 0.000000000E+00
        54, 2.489169128E-03, 2.018323285E-04, 0.000000000E+00
        55, 2.492081840E-03, 2.038257080E-04, 0.000000000E+00
        56, 2.496214584E-03, 2.063780121E-04, 0.000000000E+00
        57, 2.499672119E-03, 2.084334410E-04, 0.000000000E+00
        58, 2.502584830E-03, 2.101774880E-04, 0.000000000E+00
        59, 2.507709200E-03, 2.130772191E-04, 0.000000000E+00
        60, 2.510621911E-03, 2.146773040E-04, 0.000000000E+00
        61, 2.513690852E-03, 2.162564197E-04, 0.000000000E+00
        62, 2.519341419E-03, 2.190592058E-04, 0.000000000E+00
        63, 2.522254130E-03, 2.204762568E-04, 0.000000000E+00
        64, 2.525341930E-03, 2.218534646E-04, 0.000000000E+00
        65, 2.531167353E-03, 2.242342453E-04, 0.000000000E+00
        66, 2.535138279E-03, 2.257567539E-04, 0.000000000E+00
        67, 2.538050991E-03, 2.268989920E-04, 0.000000000E+00
        68, 2.542818198E-03, 2.285308292E-04, 0.000000000E+00
        69, 2.548643854E-03, 2.303013025E-04, 0.000000000E+00
        70, 2.552895574E-03, 2.315691963E-04, 0.000000000E+00
        71, 2.555808285E-03, 2.323190856E-04, 0.000000000E+00
        72, 2.560294699E-03, 2.331599680E-04, 0.000000000E+00
        73, 2.566120354E-03, 2.340737556E-04, 0.000000000E+00
        74, 2.571945777E-03, 2.348421694E-04, 0.000000000E+00
        75, 2.577771200E-03, 2.355007018E-04, 0.000000000E+00
        76, 2.582639223E-03, 2.359665814E-04, 0.000000000E+00
        77, 2.585552167E-03, 2.361863735E-04, 0.000000000E+00
        78, 2.589422045E-03, 2.363535605E-04, 0.000000000E+00
        79, 2.595247701E-03, 2.365181135E-04, 0.000000000E+00
        80, 2.601073124E-03, 2.365824766E-04, 0.000000000E+00
        81, 2.606898546E-03, 2.365643013E-04, 0.000000000E+00
        82, 2.612724202E-03, 2.364773245E-04, 0.000000000E+00
        83, 2.618549624E-03, 2.363334206E-04, 0.000000000E+00
        84, 2.623125445E-03, 2.361888619E-04, 0.000000000E+00
        85, 2.626038156E-03, 2.360659419E-04, 0.000000000E+00
        86, 2.630200470E-03, 2.358496131E-04, 0.000000000E+00
        87, 2.636025893E-03, 2.355469478E-04, 0.000000000E+00
        88, 2.641851315E-03, 2.352553856E-04, 0.000000000E+00
        89, 2.647676971E-03, 2.349807619E-04, 0.000000000E+00
        90, 2.653502394E-03, 2.347258123E-04, 0.000000000E+00
        91, 2.659327816E-03, 2.344914537E-04, 0.000000000E+00
        92, 2.665153239E-03, 2.342776570E-04, 0.000000000E+00
        93, 2.670978662E-03, 2.340838837E-04, 0.000000000E+00
        94, 2.676804317E-03, 2.339094062E-04, 0.000000000E+00
        95, 2.682629740E-03, 2.337534825E-04, 0.000000000E+00
        96, 2.688455163E-03, 2.336153266E-04, 0.000000000E+00
        97, 2.694280585E-03, 2.334941964E-04, 0.000000000E+00
        98, 2.700106008E-03, 2.333893644E-04, 0.000000000E+00
        99, 2.705931664E-03, 2.333001321E-04, 0.000000000E+00
       100, 2.711757086E-03, 2.332257427E-04, 0.000000000E+00
       101, 2.717582509E-03, 2.331653959E-04, 0.000000000E+00
       102, 2.723408164E-03, 2.331182186E-04, 0.000000000E+00
       103, 2.729233354E-03, 2.330832358E-04, 0.000000000E+00
       104, 2.735058777E-03, 2.330595016E-04, 0.000000000E+00
       105, 2.740884433E-03, 2.330459392E-04, 0.000000000E+00
       106, 2.746709855E-03, 2.330414718E-04, 0.000000000E+00
       107, 2.752535511E-03, 2.330450079E-04, 0.000000000E+00
       108, 2.758360934E-03, 2.330554562E-04, 0.000000000E+00
       109, 2.764186356E-03, 2.330717398E-04, 0.000000000E+00
       110, 2.770011779E-03, 2.330927819E-04, 0.000000000E+00
       111, 2.775837202E-03, 2.331176074E-04, 0.000000000E+00
       112, 2.781662624E-03, 2.331453434E-04, 0.000000000E+00
       113, 2.787488280E-03, 2.331751166E-04, 0.000000000E+00
       114, 2.793313703E-03, 2.332062140E-04, 0.000000000E+00
       115, 2.799139125E-03, 2.332379227E-04, 0.000000000E+00
       116, 2.804964548E-03, 2.332696749E-04, 0.000000000E+00
       117, 2.810789971E-03, 2.333009325E-04, 0.000000000E+00
       118, 2.816615626E-03, 2.333312732E-04, 0.000000000E+00
       119, 2.822441049E-03, 2.333602752E-04, 0.000000000E+00
       120, 2.828266472E-03, 2.333876473E-04, 0.000000000E+00
       121, 2.834092127E-03, 2.334131714E-04, 0.000000000E+00
       122, 2.839917317E-03, 2.334366436E-04, 0.000000000E+00
       123, 2.845742973E-03, 2.334579622E-04, 0.000000000E+00
       124, 2.851568395E-03, 2.334770543E-04, 0.000000000E+00
       125, 2.857393818E-03, 2.334938763E-04, 0.000000000E+00
       126, 2.863219474E-03, 2.335084719E-04, 0.000000000E+00
       127, 2.869044896E-03, 2.335208846E-04, 0.000000000E+00
       128, 2.874870319E-03, 2.335311874E-04, 0.000000000E+00
       129, 2.880695742E-03, 2.335394965E-04, 0.000000000E+00
       130, 2.886521164E-03, 2.335459430E-04, 0.000000000E+00
       131, 2.892346587E-03, 2.335506579E-04, 0.000000000E+00
       132, 2.898172243E-03, 2.335537865E-04, 0.000000000E+00
       133, 2.903997665E-03, 2.335554891E-04, 0.000000000E+00
       134, 2.909823088E-03, 2.335559257E-04, 0.000000000E+00
       135, 2.915648511E-03, 2.335552272E-04, 0.000000000E+00
       136, 2.921473933E-03, 2.335535391E-04, 0.000000000E+00
       137, 2.927299356E-03, 2.335510071E-04, 0.000000000E+00
       138, 2.933125012E-03, 2.335477620E-04, 0.000000000E+00
       139, 2.938950434E-03, 2.335439494E-04, 0.000000000E+00
       140, 2.944775857E-03, 2.335397294E-04, 0.000000000E+00
       141, 2.950601280E-03, 2.335352328E-04, 0.000000000E+00
       142, 2.956426702E-03, 2.335305617E-04, 0.000000000E+00
       143, 2.962252358E-03, 2.335258177E-04, 0.000000000E+00
       144, 2.968077781E-03, 2.335210738E-04, 0.000000000E+00
       145, 2.973903203E-03, 2.335164318E-04, 0.000000000E+00
       146, 2.979728626E-03, 2.335119498E-04, 0.000000000E+00
       147, 2.985554049E-03, 2.335076715E-04, 0.000000000E+00
       148, 2.991379704E-03, 2.335036261E-04, 0.000000000E+00
       149, 2.997205127E-03, 2.334998426E-04, 0.000000000E+00
       150, 3.003030550E-03, 2.334963938E-04, 0.000000000E+00
       151, 3.008856205E-03, 2.334932797E-04, 0.000000000E+00
       152, 3.014681628E-03, 2.334904129E-04, 0.000000000E+00
       153, 3.020507051E-03, 2.334878664E-04, 0.000000000E+00
       154, 3.026332473E-03, 2.334856981E-04, 0.000000000E+00
       155, 3.032157896E-03, 2.334838064E-04, 0.000000000E+00
       156, 3.037983552E-03, 2.334821475E-04, 0.000000000E+00
       157, 3.043808974E-03, 2.334807505E-04, 0.000000000E+00
       158, 3.049634397E-03, 2.334796300E-04, 0.000000000E+00
       159, 3.055459820E-03, 2.334787569E-04, 0.000000000E+00
       160, 3.061285475E-03, 2.334780293E-04, 0.000000000E+00
       161, 3.067110898E-03, 2.334774763E-04, 0.000000000E+00
       162, 3.072936321E-03, 2.334770543E-04, 0.000000000E+00
       163, 3.078761743E-03, 2.334767632E-04, 0.000000000E+00
       164, 3.084587166E-03, 2.334765304E-04, 0.000000000E+00
       165, 3.090412589E-03, 2.334763558E-04, 0.000000000E+00
       166, 3.096238244E-03, 2.334762103E-04, 0.000000000E+00
       167, 3.102063667E-03, 2.334761084E-04, 0.000000000E+00
       168, 3.107889090E-03, 2.334759338E-04, 0.000000000E+00
       169, 3.113714512E-03, 2.334756864E-04, 0.000000000E+00
       170, 3.119540168E-03, 2.334753808E-04, 0.000000000E+00
       171, 3.125365591E-03, 2.334749734E-04, 0.000000000E+00
       172, 3.131191013E-03, 2.334744058E-04, 0.000000000E+00
       173, 3.137016669E-03, 2.334736782E-04, 0.000000000E+00
       174, 3.142841859E-03, 2.334727906E-04, 0.000000000E+00
       175, 3.148667514E-03, 2.334716992E-04, 0.000000000E+00
       176, 3.154492937E-03, 2.334703167E-04, 0.000000000E+00
       177, 3.160318360E-03, 2.334686433E-04, 0.000000000E+00
       178, 3.166143782E-03, 2.334667079E-04, 0.000000000E+00
       179, 3.171969438E-03, 2.334644669E-04, 0.000000000E+00
       180, 3.177794861E-03, 2.334618039E-04, 0.000000000E+00
       181, 3.183620283E-03, 2.334586316E-04, 0.000000000E+00
       182, 3.189445706E-03, 2.334550227E-04, 0.000000000E+00
       183, 3.195271129E-03, 2.334509481E-04, 0.000000000E+00
       184, 3.201096784E-03, 2.334462479E-04, 0.000000000E+00
       185, 3.206922207E-03, 2.334407909E-04, 0.000000000E+00
       186, 3.212747630E-03, 2.334345481E-04, 0.000000000E+00
       187, 3.218573052E-03, 2.334275778E-04, 0.000000000E+00
       188, 3.224398475E-03, 2.334197197E-04, 0.000000000E+00
       189, 3.230223898E-03, 2.334107267E-04, 0.000000000E+00
       190, 3.236049321E-03, 2.334004239E-04, 0.000000000E+00
       191, 3.241874976E-03, 2.333887678E-04, 0.000000000E+00
       192, 3.247700399E-03, 2.333756711E-04, 0.000000000E+00
       193, 3.253525821E-03, 2.333609154E-04, 0.000000000E+00
       194, 3.259351477E-03, 2.333442389E-04, 0.000000000E+00
       195, 3.265176900E-03, 2.333253506E-04, 0.000000000E+00
       196, 3.271002322E-03, 2.333040029E-04, 0.000000000E+00
       197, 3.276827745E-03, 2.332798904E-04, 0.000000000E+00
       198, 3.282653168E-03, 2.332526783E-04, 0.000000000E+00
       199, 3.288478591E-03, 2.332219738E-04, 0.000000000E+00
       200, 3.294304246E-03, 2.331873256E-04, 0.000000000E+00
       201, 3.300129669E-03, 2.331481955E-04, 0.000000000E+00
       202, 3.305955091E-03, 2.331040450E-04, 0.000000000E+00
       203, 3.311780747E-03, 2.330542193E-04, 0.000000000E+00
       204, 3.317605937E-03, 2.329979761E-04, 0.000000000E+00
       205, 3.323431592E-03, 2.329344134E-04, 0.000000000E+00
       206, 3.329257015E-03, 2.328625415E-04, 0.000000000E+00
       207, 3.335082438E-03, 2.327811962E-04, 0.000000000E+00
       208, 3.340908093E-03, 2.326889808E-04, 0.000000000E+00
       209, 3.346733516E-03, 2.325842215E-04, 0.000000000E+00
       210, 3.352558939E-03, 2.324648522E-04, 0.000000000E+00
       211, 3.358384361E-03, 2.323282824E-04, 0.000000000E+00
       212, 3.364209784E-03, 2.321711800E-04, 0.000000000E+00
       213, 3.368750913E-03, 2.320328786E-04, 0.000000000E+00
       214, 3.371663624E-03, 2.319189807E-04, 0.000000000E+00
       215, 3.375860862E-03, 2.317130275E-04, 0.000000000E+00
       216, 3.381686285E-03, 2.314113081E-04, 0.000000000E+00
       217, 3.387511708E-03, 2.310903365E-04, 0.000000000E+00
       218, 3.393337131E-03, 2.307489485E-04, 0.000000000E+00
       219, 3.399162786E-03, 2.303853689E-04, 0.000000000E+00
       220, 3.404988209E-03, 2.299971820E-04, 0.000000000E+00
       221, 3.410813631E-03, 2.295810264E-04, 0.000000000E+00
       222, 3.416639054E-03, 2.291323617E-04, 0.000000000E+00
       223, 3.422464710E-03, 2.286445670E-04, 0.000000000E+00
       224, 3.428289900E-03, 2.281080815E-04, 0.000000000E+00
       225, 3.434115555E-03, 2.275078295E-04, 0.000000000E+00
       226, 3.439940978E-03, 2.268184617E-04, 0.000000000E+00
       227, 3.443760565E-03, 2.263134375E-04, 0.000000000E+00
       228, 3.446673276E-03, 2.258898749E-04, 0.000000000E+00
       229, 3.451592056E-03, 2.251897531E-04, 0.000000000E+00
       230, 3.457417479E-03, 2.243650233E-04, 0.000000000E+00
       231, 3.463242901E-03, 2.235092979E-04, 0.000000000E+00
       232, 3.469068324E-03, 2.225695353E-04, 0.000000000E+00
       233, 3.474893980E-03, 2.214754495E-04, 0.000000000E+00
       234, 3.478820203E-03, 2.206296194E-04, 0.000000000E+00
       235, 3.481732914E-03, 2.199268638E-04, 0.000000000E+00
       236, 3.486544825E-03, 2.188152284E-04, 0.000000000E+00
       237, 3.492370248E-03, 2.174733236E-04, 0.000000000E+00
       238, 3.498195671E-03, 2.159807336E-04, 0.000000000E+00
       239, 3.501971718E-03, 2.148758795E-04, 0.000000000E+00
       240, 3.504884429E-03, 2.139124554E-04, 0.000000000E+00
       241, 3.509846749E-03, 2.123646409E-04, 0.000000000E+00
       242, 3.515672171E-03, 2.104678715E-04, 0.000000000E+00
       243, 3.519361373E-03, 2.091159404E-04, 0.000000000E+00
       244, 3.522274084E-03, 2.079115220E-04, 0.000000000E+00
       245, 3.527323250E-03, 2.059094841E-04, 0.000000000E+00
       246, 3.532112576E-03, 2.038790990E-04, 0.000000000E+00
       247, 3.535025287E-03, 2.024623827E-04, 0.000000000E+00
       248, 3.538974095E-03, 2.006038849E-04, 0.000000000E+00
       249, 3.543791128E-03, 1.982231770E-04, 0.000000000E+00
       250, 3.546703840E-03, 1.966005366E-04, 0.000000000E+00
       251, 3.550624941E-03, 1.944760588E-04, 0.000000000E+00
       252, 3.554750234E-03, 1.921577204E-04, 0.000000000E+00
       253, 3.557663178E-03, 1.903072989E-04, 0.000000000E+00
       254, 3.562243655E-03, 1.874075679E-04, 0.000000000E+00
       255, 3.565156367E-03, 1.855595910E-04, 0.000000000E+00
       256, 3.568101441E-03, 1.835791045E-04, 0.000000000E+00
       257, 3.572217422E-03, 1.807027729E-04, 0.000000000E+00
       258, 3.575130133E-03, 1.784925989E-04, 0.000000000E+00
       259, 3.578875680E-03, 1.755928533E-04, 0.000000000E+00
       260, 3.581788391E-03, 1.732575620E-04, 0.000000000E+00
       261, 3.585280385E-03, 1.703578309E-04, 0.000000000E+00
       262, 3.588193096E-03, 1.679183042E-04, 0.000000000E+00
       263, 3.591403365E-03, 1.650592749E-04, 0.000000000E+00
       264, 3.594358917E-03, 1.624258293E-04, 0.000000000E+00
       265, 3.597271629E-03, 1.596011862E-04, 0.000000000E+00
       266, 3.600257682E-03, 1.567014551E-04, 0.000000000E+00
       267, 3.603102872E-03, 1.536859199E-04, 0.000000000E+00
       268, 3.605899634E-03, 1.507130801E-04, 0.000000000E+00
       269, 3.608422587E-03, 1.478133490E-04, 0.000000000E+00
       270, 3.611335531E-03, 1.444570371E-04, 0.000000000E+00
       271, 3.613725537E-03, 1.415572915E-04, 0.000000000E+00
       272, 3.616638482E-03, 1.379517198E-04, 0.000000000E+00
       273, 3.618915100E-03, 1.350519888E-04, 0.000000000E+00
       274, 3.621827811E-03, 1.311298838E-04, 0.000000000E+00
       275, 3.623929340E-03, 1.282301528E-04, 0.000000000E+00
       276, 3.626256250E-03, 1.246885804E-04, 0.000000000E+00
       277, 3.628683044E-03, 1.209139955E-04, 0.000000000E+00
       278, 3.630557563E-03, 1.180142572E-04, 0.000000000E+00
       279, 3.633470275E-03, 1.131833196E-04, 0.000000000E+00
       280, 3.635155037E-03, 1.102835886E-04, 0.000000000E+00
       281, 3.636765294E-03, 1.072901723E-04, 0.000000000E+00
       282, 3.639617469E-03, 1.018563707E-04, 0.000000000E+00
       283, 3.641125979E-03, 9.895663970E-05, 0.000000000E+00
       284, 3.642656375E-03, 9.569123358E-05, 0.000000000E+00
       285, 3.645228921E-03, 8.989177149E-05, 0.000000000E+00
       286, 3.646611236E-03, 8.669798262E-05, 0.000000000E+00
       287, 3.647821490E-03, 8.379824430E-05, 0.000000000E+00
       288, 3.649890190E-03, 7.829282549E-05, 0.000000000E+00
       289, 3.651726758E-03, 7.300578000E-05, 0.000000000E+00
       290, 3.652764950E-03, 7.010604895E-05, 0.000000000E+00
       291, 3.653853899E-03, 6.669389404E-05, 0.000000000E+00
       292, 3.655488370E-03, 6.089442104E-05, 0.000000000E+00
       293, 3.656932386E-03, 5.509495168E-05, 0.000000000E+00
       294, 3.658016445E-03, 5.064614015E-05, 0.000000000E+00
       295, 3.658727743E-03, 4.774640183E-05, 0.000000000E+00
       296, 3.659620183E-03, 4.349601659E-05, 0.000000000E+00
       297, 3.660629736E-03, 3.769654722E-05, 0.000000000E+00
       298, 3.661451163E-03, 3.189707786E-05, 0.000000000E+00
       299, 3.662133357E-03, 2.609761032E-05, 0.000000000E+00
       300, 3.662692616E-03, 2.029814095E-05, 0.000000000E+00
       301, 3.663125448E-03, 1.449867159E-05, 0.000000000E+00
       302, 3.663418349E-03, 8.699203136E-06, 0.000000000E+00
       303, 3.663530573E-03, 5.456753115E-06, 0.000000000E+00
       304, 3.663565032E-03, 2.557018888E-06, 0.000000000E+00
