10 0 0 1.37742e-05 7.00442 0.136497 0 0.100003 0.364973 -1.90826e-06 
10 364 0.01 2.75297e-05 7.00442 0.139554 1.58251e-06 0.10006 0.39554 0.00138332 
10 727 0.02 2.75482e-05 7.00442 0.140881 2.72121e-06 0.100053 0.408809 0.00278614 
10 1090 0.03 2.75482e-05 7.00442 0.14077 7.94004e-06 0.100051 0.407702 0.00419693 
10 1453 0.04 2.75482e-05 7.00442 0.139993 1.24341e-05 0.100056 0.399933 0.00560082 
10 1816 0.05 2.75482e-05 7.00442 0.140127 9.38216e-06 0.100055 0.401271 0.00699933 
10 2179 0.06 2.75482e-05 7.00442 0.141233 6.84426e-06 0.100058 0.41233 0.00840451 
10 2542 0.07 2.75482e-05 7.00442 0.142214 7.0891e-06 0.10006 0.422137 0.00982263 
10 2905 0.08 2.75482e-05 7.00442 0.142164 3.89777e-06 0.100059 0.421638 0.0112474 
10 3268 0.09 2.75482e-05 7.00442 0.140868 3.0543e-06 0.10006 0.408677 0.012663 
10 3631 0.1 2.75482e-05 7.00442 0.140247 4.6764e-06 0.100061 0.402468 0.0140675 
10 3994 0.11 2.75482e-05 7.00442 0.140805 3.88598e-06 0.100062 0.408053 0.0154703 
10 4357 0.12 2.75482e-05 7.00442 0.141959 3.24184e-06 0.100063 0.419592 0.016884 
10 4720 0.13 2.75482e-05 7.00442 0.142581 3.2948e-06 0.100063 0.425814 0.0183078 
10 5083 0.14 2.75482e-05 7.00442 0.141574 2.48636e-06 0.100059 0.41574 0.019731 
10 5446 0.15 2.75482e-05 7.00442 0.140459 3.73338e-07 0.100064 0.404592 0.0211411 
10 5809 0.16 2.75482e-05 7.00442 0.140359 5.62228e-06 0.100062 0.403593 0.0225431 
10 6172 0.17 2.75482e-05 7.00442 0.14139 3.57971e-06 0.100064 0.4139 0.02395 
10 6535 0.18 2.75482e-05 7.00442 0.14237 6.55582e-06 0.100064 0.423696 0.0253696 
10 6898 0.19 2.75482e-05 7.00442 0.142365 1.34873e-05 0.100065 0.423648 0.026796 
10 7261 0.2 2.75482e-05 7.00442 0.141048 1.42805e-05 0.100063 0.410477 0.0282135 
10 7624 0.21 2.75482e-05 7.00442 0.140364 1.24349e-05 0.100065 0.403642 0.0296195 
10 7987 0.22 2.75482e-05 7.00442 0.140858 1.16724e-05 0.100064 0.408575 0.0310231 
10 8350 0.23 2.75482e-05 7.00442 0.14202 1.16454e-05 0.100066 0.420205 0.0324371 
10 8713 0.24 2.75482e-05 7.00442 0.142659 7.74398e-06 0.100066 0.426587 0.0338615 
10 9076 0.25 2.75482e-05 7.00442 0.141711 4.23278e-06 0.100061 0.417111 0.035286 
10 9439 0.26 2.75482e-05 7.00442 0.140548 -1.11669e-05 0.100066 0.405484 0.0366973 
10 9802 0.27 2.75482e-05 7.00442 0.140356 -2.14413e-05 0.100065 0.403564 0.0380998 
10 10165 0.28 2.75482e-05 7.00442 0.141335 -2.00873e-05 0.100067 0.41335 0.0395062 
10 10528 0.29 2.75482e-05 7.00442 0.142368 -1.86651e-05 0.100066 0.42368 0.0409255 
10 10891 0.3 2.75482e-05 7.00442 0.142508 -1.60669e-05 0.100067 0.425078 0.0423523 
10 11254 0.31 2.75482e-05 7.00442 0.141149 -1.69256e-05 0.100065 0.411493 0.043771 
10 11617 0.32 2.75482e-05 7.00442 0.140424 -1.76534e-05 0.100067 0.404242 0.0451779 
10 11980 0.33 2.75482e-05 7.00442 0.140869 -1.9092e-05 0.100066 0.408691 0.0465818 
10 12343 0.34 2.75482e-05 7.00442 0.142042 -2.95737e-05 0.100068 0.420418 0.0479958 
10 12706 0.35 2.75482e-05 7.00442 0.142705 -2.26321e-05 0.100068 0.42705 0.0494206 
10 13069 0.36 2.75482e-05 7.00442 0.14184 -1.68101e-05 0.100063 0.418396 0.0508462 
10 13432 0.37 2.75482e-05 7.00442 0.140673 -8.06869e-06 0.100068 0.406728 0.0522587 
10 13795 0.38 2.75482e-05 7.00442 0.140464 -9.38778e-08 0.100066 0.404637 0.0536625 
10 14158 0.39 2.75482e-05 7.00442 0.1414 -3.36049e-06 0.100068 0.414003 0.0550698 
10 14521 0.4 2.75482e-05 7.00442 0.142424 -9.2528e-07 0.100068 0.424235 0.0564897 
10 14884 0.41 2.75482e-05 7.00442 0.14265 -1.71908e-06 0.100069 0.4265 0.0579171 
10 15247 0.42 2.75482e-05 7.00442 0.14124 1.40882e-07 0.100066 0.412395 0.059337 
10 15610 0.43 2.75482e-05 7.00442 0.140458 4.0762e-06 0.100068 0.404579 0.0607447 
10 15973 0.44 2.75482e-05 7.00442 0.140841 3.58011e-06 0.100068 0.408414 0.0621486 
10 16336 0.45 2.75482e-05 7.00442 0.141994 7.43735e-06 0.100069 0.419938 0.0635621 
10 16699 0.46 2.75482e-05 7.00442 0.142675 1.95147e-05 0.100069 0.426747 0.0649865 
10 17062 0.47 2.75482e-05 7.00442 0.141865 1.93658e-05 0.100064 0.418653 0.0664122 
10 17425 0.48 2.75482e-05 7.00442 0.140653 3.09534e-05 0.100069 0.406529 0.0678249 
10 17788 0.49 2.75482e-05 7.00442 0.140392 2.47307e-05 0.100067 0.403922 0.0692283 
10 18151 0.5 2.75482e-05 7.00442 0.141303 1.08147e-05 0.100069 0.413027 0.0706347 
10 18514 0.51 2.75482e-05 7.00442 0.142347 5.59023e-06 0.100068 0.423469 0.0720538 
10 18877 0.52 2.75482e-05 7.00442 0.142678 -6.63974e-07 0.100069 0.426776 0.0734807 
10 19240 0.53 2.75482e-05 7.00442 0.141247 -5.13279e-06 0.100066 0.412466 0.0749008 
10 19603 0.54 2.75482e-05 7.00442 0.140438 -2.4777e-06 0.100069 0.404379 0.0763085 
10 19966 0.55 2.75482e-05 7.00442 0.140798 1.67753e-07 0.100068 0.407978 0.0777122 
10 20329 0.56 2.75482e-05 7.00442 0.141957 -8.85187e-07 0.10007 0.419573 0.0791252 
10 20692 0.57 2.75482e-05 7.00442 0.142665 -8.55295e-07 0.100069 0.426646 0.0805493 
10 21055 0.58 2.75482e-05 7.00442 0.141951 5.71876e-07 0.100065 0.419514 0.0819756 
10 21418 0.59 2.75482e-05 7.00442 0.140757 -2.77951e-06 0.100069 0.407575 0.0833893 
10 21781 0.6 2.75482e-05 7.00442 0.140457 4.81065e-06 0.100068 0.404567 0.0847936 
10 22144 0.61 2.75482e-05 7.00442 0.141314 1.35597e-06 0.10007 0.413141 0.0862003 
10 22507 0.62 2.75482e-05 7.00442 0.142351 -5.48628e-06 0.100069 0.423514 0.0876194 
10 22870 0.63 2.75482e-05 7.00442 0.14273 -2.1485e-06 0.10007 0.427302 0.0890465 
10 23233 0.64 2.75482e-05 7.00442 0.141318 -6.70568e-06 0.100066 0.413176 0.0904675 
10 23596 0.65 2.75482e-05 7.00442 0.140472 -8.94482e-06 0.10007 0.404719 0.0918759 
10 23959 0.66 2.75482e-05 7.00442 0.140734 1.30577e-08 0.100068 0.40734 0.0932795 
10 24322 0.67 2.75482e-05 7.00442 0.141888 -1.90083e-06 0.10007 0.418882 0.0946917 
10 24685 0.68 2.75482e-05 7.00442 0.142632 -2.85547e-06 0.10007 0.426323 0.0961154 
10 25048 0.69 2.75482e-05 7.00442 0.141996 -8.51235e-06 0.100065 0.419957 0.0975418 
10 25411 0.7 2.75482e-05 7.00442 0.140738 3.47623e-06 0.10007 0.407375 0.0989557 
10 25774 0.71 2.75482e-05 7.00442 0.140385 1.33285e-05 0.100069 0.403845 0.10036 
10 26137 0.72 2.75482e-05 7.00442 0.141219 2.71427e-05 0.10007 0.412186 0.101765 
10 26500 0.73 2.75482e-05 7.00442 0.14231 2.94329e-05 0.100069 0.423098 0.103184 
10 26863 0.74 2.75482e-05 7.00442 0.142772 2.03498e-05 0.100071 0.42772 0.104611 
10 27226 0.75 2.75482e-05 7.00442 0.141393 1.61876e-05 0.100067 0.413933 0.106032 
10 27589 0.76 2.75482e-05 7.00442 0.140525 1.65105e-05 0.10007 0.40525 0.107442 
10 27952 0.77 2.75482e-05 7.00442 0.140773 3.05771e-05 0.100069 0.407729 0.108846 
10 28315 0.78 2.75482e-05 7.00442 0.141919 2.55389e-05 0.100071 0.419189 0.110258 
10 28678 0.79 2.75482e-05 7.00442 0.142682 2.5549e-05 0.10007 0.426823 0.111682 
10 29041 0.8 2.75482e-05 7.00442 0.14212 2.75077e-05 0.100066 0.421199 0.113109 
10 29404 0.81 2.75482e-05 7.00442 0.140861 1.9249e-05 0.10007 0.408614 0.114525 
10 29767 0.82 2.75482e-05 7.00442 0.140456 -5.16599e-07 0.100069 0.404557 0.11593 
10 30130 0.83 2.75482e-05 7.00442 0.141248 -9.63785e-06 0.10007 0.412482 0.117336 
10 30493 0.84 2.75482e-05 7.00442 0.142324 -1.603e-05 0.10007 0.423243 0.118754 
10 30856 0.85 2.75482e-05 7.00442 0.142809 -1.47359e-05 0.100071 0.428093 0.120181 
10 31219 0.86 2.75482e-05 7.00442 0.141451 -1.39182e-05 0.100067 0.414509 0.121604 
10 31582 0.87 2.75482e-05 7.00442 0.140501 -1.19596e-05 0.100071 0.405011 0.123013 
10 31945 0.88 2.75482e-05 7.00442 0.140697 6.4238e-06 0.100069 0.406966 0.124417 
10 32308 0.89 2.75482e-05 7.00442 0.141831 1.89013e-06 0.100072 0.418308 0.125828 
10 32671 0.9 2.75482e-05 7.00442 0.142605 3.62931e-06 0.10007 0.426049 0.127251 
10 33034 0.91 2.75482e-05 7.00442 0.142111 2.51904e-06 0.100067 0.421105 0.128678 
10 33397 0.92 2.75482e-05 7.00442 0.140822 3.61324e-06 0.10007 0.408222 0.130093 
10 33760 0.93 2.75482e-05 7.00442 0.140377 1.10283e-05 0.10007 0.403767 0.131498 
10 34123 0.94 2.75482e-05 7.00442 0.141137 3.06116e-05 0.10007 0.411367 0.132903 
10 34486 0.95 2.75482e-05 7.00442 0.142256 1.81788e-05 0.10007 0.422559 0.134321 
10 34849 0.96 2.75482e-05 7.00442 0.142774 7.64713e-06 0.100071 0.42774 0.135747 
10 35212 0.97 2.75482e-05 7.00442 0.141469 4.15302e-06 0.100066 0.414689 0.13717 
10 35575 0.98 2.75482e-05 7.00442 0.140526 -2.51183e-06 0.100071 0.405261 0.138579 
10 35938 0.99 2.75482e-05 7.00442 0.140671 5.96594e-06 0.100069 0.406714 0.139983 
10 36301 1 2.75482e-05 7.00442 0.141801 1.40999e-05 0.100071 0.418013 0.141394 
10 36664 1.01 2.75482e-05 7.00442 0.142602 8.50204e-06 0.10007 0.426016 0.142817 
10 37027 1.02 2.75482e-05 7.00442 0.142191 4.17095e-06 0.100068 0.421911 0.144244 
10 37390 1.03 2.75482e-05 7.00442 0.140897 1.2937e-07 0.10007 0.408965 0.14566 
10 37753 1.04 2.75482e-05 7.00442 0.140415 1.16274e-05 0.10007 0.404146 0.147065 
10 38116 1.05 2.75482e-05 7.00442 0.14113 1.10299e-05 0.10007 0.411296 0.148471 
10 38479 1.06 2.75482e-05 7.00442 0.14224 8.1138e-06 0.100071 0.422399 0.149888 
10 38842 1.07 2.75482e-05 7.00442 0.142779 -2.90599e-06 0.100071 0.42779 0.151314 
10 39205 1.08 2.75482e-05 7.00442 0.141535 -2.69961e-06 0.100067 0.415351 0.152737 
10 39568 1.09 2.75482e-05 7.00442 0.140559 -1.09588e-06 0.100071 0.405588 0.154148 
10 39931 1.1 2.75482e-05 7.00442 0.140629 4.05881e-06 0.100069 0.406285 0.155551 
10 40294 1.11 2.75482e-05 7.00442 0.141716 6.35582e-06 0.100071 0.417164 0.156962 
10 40657 1.12 2.75482e-05 7.00442 0.142567 4.69905e-06 0.10007 0.425672 0.158384 
10 41020 1.13 2.75482e-05 7.00442 0.142273 5.57668e-06 0.100068 0.422734 0.159812 
10 41383 1.14 2.75482e-05 7.00442 0.140928 2.71513e-06 0.10007 0.409284 0.161228 
10 41746 1.15 2.75482e-05 7.00442 0.140381 -3.98716e-06 0.10007 0.403814 0.162633 
10 42109 1.16 2.75482e-05 7.00442 0.141037 -8.01783e-07 0.10007 0.410374 0.164038 
10 42472 1.17 2.75482e-05 7.00442 0.142185 3.79264e-07 0.100071 0.421852 0.165454 
10 42835 1.18 2.75482e-05 7.00442 0.142778 7.41601e-07 0.100071 0.427782 0.16688 
10 43198 1.19 2.75482e-05 7.00442 0.141623 9.31405e-06 0.100066 0.416233 0.168304 
10 43561 1.2 2.75482e-05 7.00442 0.140628 1.72658e-05 0.100072 0.406282 0.169715 
10 43924 1.21 2.75482e-05 7.00442 0.140687 2.15458e-05 0.100069 0.406871 0.17112 
10 44287 1.22 2.75482e-05 7.00442 0.141754 3.35048e-05 0.100072 0.417538 0.17253 
10 44650 1.23 2.75482e-05 7.00442 0.14262 2.97346e-05 0.100071 0.426197 0.173953 
10 45013 1.24 2.75482e-05 7.00442 0.142383 3.13729e-05 0.100069 0.423831 0.175381 
10 45376 1.25 2.75482e-05 7.00442 0.141028 1.85566e-05 0.10007 0.410277 0.176799 
10 45739 1.26 2.75482e-05 7.00442 0.140445 2.16132e-07 0.100071 0.404454 0.178205 
10 46102 1.27 2.75482e-05 7.00442 0.141071 -2.45183e-05 0.10007 0.410706 0.17961 
10 46465 1.28 2.75482e-05 7.00442 0.142211 -1.3998e-05 0.100071 0.42211 0.181027 
10 46828 1.29 2.75482e-05 7.00442 0.142782 -1.2308e-05 0.100071 0.427824 0.182453 
10 47191 1.3 2.75482e-05 7.00442 0.141677 -8.97528e-06 0.100066 0.416766 0.183877 
10 47554 1.31 2.75482e-05 7.00442 0.140594 -8.90168e-06 0.100072 0.405938 0.185289 
10 47917 1.32 2.75482e-05 7.00442 0.140586 1.44741e-06 0.10007 0.405864 0.186692 
10 48280 1.33 2.75482e-05 7.00442 0.141634 4.23977e-06 0.100072 0.416338 0.188102 
10 48643 1.34 2.75482e-05 7.00442 0.142525 3.99066e-06 0.100071 0.425246 0.189524 
10 49006 1.35 2.75482e-05 7.00442 0.142362 8.11906e-06 0.10007 0.423625 0.190951 
10 49369 1.36 2.75482e-05 7.00442 0.141001 3.97015e-06 0.10007 0.410006 0.192368 
10 49732 1.37 2.75482e-05 7.00442 0.140378 6.37253e-06 0.10007 0.403781 0.193774 
10 50095 1.38 2.75482e-05 7.00442 0.140962 8.27862e-06 0.10007 0.40962 0.195178 
10 50458 1.39 2.75482e-05 7.00442 0.142142 6.19218e-06 0.100072 0.421424 0.196594 
10 50821 1.4 2.75482e-05 7.00442 0.14274 4.87514e-06 0.100071 0.427404 0.19802 
10 51184 1.41 2.75482e-05 7.00442 0.141688 1.26635e-05 0.100066 0.416876 0.199444 
10 51547 1.42 2.75482e-05 7.00442 0.140612 1.12418e-05 0.100071 0.406122 0.200856 
10 51910 1.43 2.75482e-05 7.00442 0.140557 4.62012e-06 0.10007 0.405574 0.202259 
10 52273 1.44 2.75482e-05 7.00442 0.141598 7.37154e-06 0.100072 0.415976 0.203668 
10 52636 1.45 2.75482e-05 7.00442 0.142513 6.3086e-06 0.100071 0.425129 0.20509 
10 52999 1.46 2.75482e-05 7.00442 0.142436 1.48787e-05 0.10007 0.424356 0.206517 
10 53362 1.47 2.75482e-05 7.00442 0.141077 9.47768e-06 0.100069 0.410768 0.207936 
10 53725 1.48 2.75482e-05 7.00442 0.140412 5.03874e-06 0.100071 0.404116 0.209342 
10 54088 1.49 2.75482e-05 7.00442 0.140947 5.99551e-06 0.10007 0.409469 0.210746 
10 54451 1.5 2.75482e-05 7.00442 0.142115 4.49827e-06 0.100072 0.421152 0.212161 
10 54814 1.51 2.75482e-05 7.00442 0.14272 8.27924e-06 0.100071 0.427198 0.213587 
10 55177 1.52 2.75482e-05 7.00442 0.141747 1.1513e-05 0.100066 0.417471 0.215012 
10 55540 1.53 2.75482e-05 7.00442 0.140657 5.02188e-06 0.100072 0.406567 0.216424 
10 55903 1.54 2.75482e-05 7.00442 0.140537 9.41231e-06 0.10007 0.405366 0.217828 
10 56266 1.55 2.75482e-05 7.00442 0.141518 1.52195e-05 0.100071 0.41518 0.219236 
10 56629 1.56 2.75482e-05 7.00442 0.142473 4.81108e-07 0.10007 0.424726 0.220657 
10 56992 1.57 2.75482e-05 7.00442 0.142527 6.13762e-06 0.100071 0.425268 0.222085 
10 57355 1.58 2.75482e-05 7.00442 0.141113 -5.36289e-06 0.100069 0.411133 0.223504 
10 57718 1.59 2.75482e-05 7.00442 0.140401 -1.47374e-05 0.100071 0.404011 0.22491 
10 58081 1.6 2.75482e-05 7.00442 0.14088 -3.4438e-05 0.10007 0.408797 0.226314 
10 58444 1.61 2.75482e-05 7.00442 0.142065 -3.6785e-05 0.100072 0.42065 0.227729 
10 58807 1.62 2.75482e-05 7.00442 0.142742 -1.77195e-05 0.100071 0.427416 0.229154 
10 59170 1.63 2.75482e-05 7.00442 0.141843 -8.10986e-06 0.100066 0.418431 0.230579 
10 59533 1.64 2.75482e-05 7.00442 0.140733 1.46032e-06 0.100072 0.407332 0.231992 
10 59896 1.65 2.75482e-05 7.00442 0.1406 3.80486e-05 0.10007 0.406003 0.233397 
10 60259 1.66 2.75482e-05 7.00442 0.141556 6.08018e-05 0.100072 0.415559 0.234806 
10 60622 1.67 2.75482e-05 7.00442 0.142527 6.4514e-05 0.100071 0.425271 0.236227 
10 60985 1.68 2.75482e-05 7.00442 0.142641 6.43978e-05 0.100072 0.42641 0.237656 
10 61348 1.69 2.75482e-05 7.00442 0.141216 3.64124e-05 0.100069 0.412158 0.239075 
10 61711 1.7 2.75482e-05 7.00442 0.140468 2.38187e-05 0.100071 0.404675 0.240483 
10 62074 1.71 2.75482e-05 7.00442 0.140897 9.26994e-06 0.10007 0.408969 0.241887 
10 62437 1.72 2.75482e-05 7.00442 0.142075 1.48219e-05 0.100072 0.420748 0.243302 
10 62800 1.73 2.75482e-05 7.00442 0.142746 1.12462e-05 0.100072 0.427457 0.244727 
10 63163 1.74 2.75482e-05 7.00442 0.1419 1.40614e-05 0.100066 0.418996 0.246153 
10 63526 1.75 2.75482e-05 7.00442 0.140701 7.52879e-06 0.100072 0.407009 0.247566 
10 63889 1.76 2.75482e-05 7.00442 0.140498 9.96072e-06 0.10007 0.404977 0.24897 
10 64252 1.77 2.75482e-05 7.00442 0.141435 9.52091e-06 0.100072 0.414352 0.250378 
10 64615 1.78 2.75482e-05 7.00442 0.142428 -7.05454e-06 0.100071 0.424276 0.251798 
10 64978 1.79 2.75482e-05 7.00442 0.142618 1.14871e-05 0.100071 0.426178 0.253226 
10 65341 1.8 2.75482e-05 7.00442 0.141233 -2.66162e-06 0.100069 0.412326 0.254646 
10 65704 1.81 2.75482e-05 7.00442 0.140411 -1.02405e-06 0.100071 0.404107 0.256053 
10 66067 1.82 2.75482e-05 7.00442 0.14078 1.55495e-05 0.10007 0.407797 0.257456 
10 66430 1.83 2.75482e-05 7.00442 0.141964 2.20329e-05 0.100072 0.419635 0.25887 
10 66793 1.84 2.75482e-05 7.00442 0.142683 1.10434e-05 0.100071 0.426834 0.260294 
10 67156 1.85 2.75482e-05 7.00442 0.141909 1.48448e-05 0.100067 0.419094 0.26172 
10 67519 1.86 2.75482e-05 7.00442 0.140739 1.55443e-05 0.100071 0.407392 0.263133 
10 67882 1.87 2.75482e-05 7.00442 0.1405 4.22858e-05 0.10007 0.405002 0.264538 
10 68245 1.88 2.75482e-05 7.00442 0.141419 6.029e-05 0.100071 0.414192 0.265945 
10 68608 1.89 2.75482e-05 7.00442 0.142414 4.94526e-05 0.100071 0.424138 0.267365 
10 68971 1.9 2.75482e-05 7.00442 0.142698 3.84297e-05 0.100072 0.426976 0.268793 
10 69334 1.91 2.75482e-05 7.00442 0.141277 1.18962e-05 0.100068 0.412769 0.270213 
10 69697 1.92 2.75482e-05 7.00442 0.140464 -3.45341e-06 0.100071 0.404639 0.271621 
10 70060 1.93 2.75482e-05 7.00442 0.140805 -1.22908e-05 0.10007 0.408052 0.273025 
10 70423 1.94 2.75482e-05 7.00442 0.141985 -1.74125e-05 0.100072 0.419847 0.274438 
10 70786 1.95 2.75482e-05 7.00442 0.142689 -3.20223e-05 0.100071 0.426892 0.275863 
10 71149 1.96 2.75482e-05 7.00442 0.141976 -1.60811e-05 0.100067 0.419757 0.277289 
10 71512 1.97 2.75482e-05 7.00442 0.140789 -1.34865e-05 0.100071 0.407892 0.278703 
10 71875 1.98 2.75482e-05 7.00442 0.140475 -1.2171e-06 0.10007 0.404752 0.280108 
10 72238 1.99 2.75482e-05 7.00442 0.141323 1.00635e-05 0.100071 0.413226 0.281515 
10 72601 2 2.75482e-05 7.00442 0.142358 6.07862e-06 0.100071 0.42358 0.282934 
10 72964 2.01 2.75482e-05 7.00442 0.142759 6.53506e-06 0.100072 0.427592 0.284361 
10 73327 2.02 2.75482e-05 7.00442 0.141315 2.07829e-06 0.100068 0.413146 0.285782 
10 73690 2.03 2.75482e-05 7.00442 0.140439 8.37502e-06 0.100071 0.40439 0.28719 
10 74053 2.04 2.75482e-05 7.00442 0.14072 1.46624e-05 0.10007 0.407198 0.288594 
10 74416 2.05 2.75482e-05 7.00442 0.141902 1.87895e-05 0.100072 0.419022 0.290006 
10 74779 2.06 2.75482e-05 7.00442 0.14268 9.95446e-06 0.100071 0.426803 0.29143 
10 75142 2.07 2.75482e-05 7.00442 0.142058 1.99753e-05 0.100067 0.420582 0.292857 
10 75505 2.08 2.75482e-05 7.00442 0.140848 1.63237e-05 0.100071 0.40848 0.294271 
10 75868 2.09 2.75482e-05 7.00442 0.140533 4.90463e-05 0.10007 0.405328 0.295677 
10 76231 2.1 2.75482e-05 7.00442 0.141363 7.49662e-05 0.100071 0.413626 0.297084 
10 76594 2.11 2.75482e-05 7.00442 0.142403 7.31799e-05 0.100071 0.424032 0.298504 
10 76957 2.12 2.75482e-05 7.00442 0.142811 5.89594e-05 0.100072 0.428109 0.299931 
10 77320 2.13 2.75482e-05 7.00442 0.141405 4.14067e-05 0.100068 0.414046 0.301353 
10 77683 2.14 2.75482e-05 7.00442 0.1405 3.45506e-05 0.100072 0.404999 0.302762 
10 78046 2.15 2.75482e-05 7.00442 0.140734 4.9842e-05 0.10007 0.40734 0.304166 
10 78409 2.16 2.75482e-05 7.00442 0.141897 4.49689e-05 0.100072 0.418967 0.305578 
10 78772 2.17 2.75482e-05 7.00442 0.142664 2.47701e-05 0.100071 0.426644 0.307002 
10 79135 2.18 2.75482e-05 7.00442 0.142113 2.58086e-05 0.100067 0.421128 0.308429 
10 79498 2.19 2.75482e-05 7.00442 0.140845 8.41157e-06 0.100071 0.408451 0.309844 
10 79861 2.2 2.75482e-05 7.00442 0.140451 1.81829e-05 0.10007 0.404507 0.311249 
10 80224 2.21 2.75482e-05 7.00442 0.141246 2.64252e-05 0.100071 0.412459 0.312655 
10 80587 2.22 2.75482e-05 7.00442 0.142305 2.00123e-05 0.100071 0.423047 0.314074 
10 80950 2.23 2.75482e-05 7.00442 0.142765 2.23201e-05 0.100072 0.427647 0.3155 
10 81313 2.24 2.75482e-05 7.00442 0.141397 1.07034e-05 0.100067 0.413969 0.316922 
10 81676 2.25 2.75482e-05 7.00442 0.140453 1.13111e-05 0.100071 0.404533 0.318331 
10 82039 2.26 2.75482e-05 7.00442 0.140651 2.62378e-05 0.10007 0.406512 0.319734 
10 82402 2.27 2.75482e-05 7.00442 0.141821 2.59096e-05 0.100072 0.418205 0.321145 
10 82765 2.28 2.75482e-05 7.00442 0.14262 1.32932e-05 0.100071 0.426201 0.322569 
10 83128 2.29 2.75482e-05 7.00442 0.14213 2.56883e-05 0.100068 0.421305 0.323996 
10 83491 2.3 2.75482e-05 7.00442 0.14087 1.56548e-05 0.100071 0.408702 0.325411 
10 83854 2.31 2.75482e-05 7.00442 0.140448 1.96019e-05 0.10007 0.404483 0.326816 
10 84217 2.32 2.75482e-05 7.00442 0.141227 3.90458e-05 0.100071 0.412268 0.328222 
10 84580 2.33 2.75482e-05 7.00442 0.142296 3.26405e-05 0.100071 0.42296 0.32964 
10 84943 2.34 2.75482e-05 7.00442 0.142787 1.35593e-05 0.100072 0.427875 0.331067 
10 85306 2.35 2.75482e-05 7.00442 0.141486 1.53778e-05 0.100067 0.414856 0.33249 
10 85669 2.36 2.75482e-05 7.00442 0.14052 7.92343e-06 0.100072 0.4052 0.3339 
10 86032 2.37 2.75482e-05 7.00442 0.140658 9.9719e-06 0.10007 0.406583 0.335303 
10 86395 2.38 2.75482e-05 7.00442 0.141797 2.35668e-05 0.100072 0.417974 0.336714 
10 86758 2.39 2.75482e-05 7.00442 0.142609 -3.08254e-06 0.100071 0.42609 0.338137 
10 87121 2.4 2.75482e-05 7.00442 0.142196 9.85902e-06 0.100068 0.421957 0.339564 
10 87484 2.41 2.75482e-05 7.00442 0.140927 -9.46798e-06 0.100071 0.409267 0.34098 
10 87847 2.42 2.75482e-05 7.00442 0.140451 -9.43441e-06 0.100071 0.404506 0.342386 
10 88210 2.43 2.75482e-05 7.00442 0.141156 -3.58058e-06 0.100071 0.411556 0.343792 
10 88573 2.44 2.75482e-05 7.00442 0.142253 -2.14722e-05 0.100071 0.422535 0.345209 
10 88936 2.45 2.75482e-05 7.00442 0.142794 -2.31239e-05 0.100072 0.427944 0.346636 
10 89299 2.46 2.75482e-05 7.00442 0.141523 -1.29181e-05 0.100067 0.415235 0.348059 
10 89662 2.47 2.75482e-05 7.00442 0.140512 -8.37302e-06 0.100072 0.405123 0.349469 
10 90025 2.48 2.75482e-05 7.00442 0.140603 -3.78573e-05 0.10007 0.406034 0.350872 
10 90388 2.49 2.75482e-05 7.00442 0.141721 -1.92529e-05 0.100072 0.417214 0.352282 
10 90751 2.5 2.75482e-05 7.00442 0.142653 -2.77997e-05 0.100071 0.426531 0.353705 
10 91114 2.51 2.75482e-05 7.00442 0.142309 -3.43193e-06 0.100069 0.423092 0.355132 
10 91477 2.52 2.75482e-05 7.00442 0.140989 -8.25418e-06 0.100071 0.409889 0.35655 
10 91840 2.53 2.75482e-05 7.00442 0.140496 1.0271e-05 0.100071 0.404958 0.357956 
10 92203 2.54 2.75482e-05 7.00442 0.141163 3.73566e-05 0.100071 0.411628 0.359362 
10 92566 2.55 2.75482e-05 7.00442 0.142264 3.08299e-05 0.100071 0.422636 0.360779 
10 92929 2.56 2.75482e-05 7.00442 0.142806 2.46826e-05 0.100072 0.428057 0.362206 
10 93292 2.57 2.75482e-05 7.00442 0.141653 3.01173e-05 0.100067 0.416531 0.36363 
10 93655 2.58 2.75482e-05 7.00442 0.140605 1.76066e-05 0.100072 0.406052 0.365041 
10 94018 2.59 2.75482e-05 7.00442 0.140641 9.93233e-06 0.10007 0.406406 0.366445 
10 94381 2.6 2.75482e-05 7.00442 0.141715 3.63593e-05 0.100072 0.417155 0.367855 
10 94744 2.61 2.75482e-05 7.00442 0.142585 2.18622e-05 0.100071 0.425848 0.369278 
10 95107 2.62 2.75482e-05 7.00442 0.14234 3.13636e-05 0.10007 0.423396 0.370705 
10 95470 2.63 2.75482e-05 7.00442 0.141007 1.44174e-06 0.10007 0.410071 0.372123 
10 95833 2.64 2.75482e-05 7.00442 0.140441 7.09662e-06 0.100071 0.404411 0.373529 
10 96196 2.65 2.75482e-05 7.00442 0.141065 3.16535e-05 0.100071 0.410649 0.374934 
10 96559 2.66 2.75482e-05 7.00442 0.142184 2.57641e-05 0.100072 0.421842 0.37635 
10 96922 2.67 2.75482e-05 7.00442 0.142743 1.64792e-05 0.100072 0.427429 0.377776 
10 97285 2.68 2.75482e-05 7.00442 0.141612 1.21665e-05 0.100066 0.416122 0.3792 
10 97648 2.69 2.75482e-05 7.00442 0.140543 4.17182e-06 0.100072 0.405426 0.380611 
10 98011 2.7 2.75482e-05 7.00442 0.140547 1.60269e-05 0.10007 0.405469 0.382014 
10 98374 2.71 2.75482e-05 7.00442 0.141625 2.73555e-05 0.100072 0.416246 0.383423 
10 98737 2.72 2.75482e-05 7.00442 0.142541 9.79341e-06 0.100071 0.42541 0.384845 
10 99100 2.73 2.75482e-05 7.00442 0.142377 2.96986e-05 0.10007 0.423765 0.386273 
10 99463 2.74 2.75482e-05 7.00442 0.14103 1.53665e-05 0.10007 0.410305 0.38769 
10 99826 2.75 2.75482e-05 7.00442 0.140436 9.5918e-06 0.100071 0.404364 0.389096 
10 100189 2.76 2.75482e-05 7.00442 0.141049 2.15927e-05 0.100071 0.410488 0.390501 
10 100552 2.77 2.75482e-05 7.00442 0.142176 8.78726e-06 0.100071 0.42176 0.391917 
10 100915 2.78 2.75482e-05 7.00442 0.142745 3.81497e-06 0.100072 0.427449 0.393343 
10 101278 2.79 2.75482e-05 7.00442 0.141728 7.7754e-07 0.100066 0.417281 0.394768 
10 101641 2.8 2.75482e-05 7.00442 0.14062 -1.60464e-05 0.100072 0.406201 0.39618 
10 102004 2.81 2.75482e-05 7.00442 0.140561 -1.23112e-05 0.10007 0.405607 0.397584 
10 102367 2.82 2.75482e-05 7.00442 0.141597 1.64245e-05 0.100072 0.415975 0.398993 
10 102730 2.83 2.75482e-05 7.00442 0.142521 2.10878e-07 0.100071 0.425207 0.400414 
10 103093 2.84 2.75482e-05 7.00442 0.142438 2.01264e-05 0.10007 0.424376 0.401842 
10 103456 2.85 2.75482e-05 7.00442 0.14108 -1.47889e-05 0.10007 0.410799 0.40326 
10 103819 2.86 2.75482e-05 7.00442 0.140451 5.82113e-06 0.100071 0.404514 0.404667 
10 104182 2.87 2.75482e-05 7.00442 0.140985 4.916e-05 0.100071 0.409849 0.406071 
10 104545 2.88 2.75482e-05 7.00442 0.142135 3.67695e-05 0.100072 0.421351 0.407487 
10 104908 2.89 2.75482e-05 7.00442 0.142748 1.10962e-05 0.100072 0.42748 0.408912 
10 105271 2.9 2.75482e-05 7.00442 0.14174 6.46619e-06 0.100066 0.417398 0.410337 
10 105634 2.91 2.75482e-05 7.00442 0.140608 -2.56742e-06 0.100072 0.406076 0.411749 
10 105997 2.92 2.75482e-05 7.00442 0.140504 5.45414e-06 0.10007 0.405039 0.413153 
10 106360 2.93 2.75482e-05 7.00442 0.141509 2.67063e-05 0.100072 0.41509 0.414561 
10 106723 2.94 2.75482e-05 7.00442 0.142492 1.47752e-05 0.100071 0.424918 0.415982 
10 107086 2.95 2.75482e-05 7.00442 0.142537 3.46945e-05 0.100071 0.425369 0.41741 
10 107449 2.96 2.75482e-05 7.00442 0.141153 3.60605e-06 0.10007 0.411535 0.418829 
10 107812 2.97 2.75482e-05 7.00442 0.140497 1.74303e-05 0.100071 0.404967 0.420236 
10 108175 2.98 2.75482e-05 7.00442 0.141 4.11601e-05 0.10007 0.410002 0.421641 
10 108538 2.99 2.75482e-05 7.00442 0.142149 4.28418e-05 0.100072 0.421487 0.423056 
10 108901 3 2.75482e-05 7.00442 0.142776 3.31909e-05 0.100072 0.427755 0.424482 
10 109264 3.01 2.75482e-05 7.00442 0.141878 4.25661e-05 0.100066 0.418781 0.425908 
10 109627 3.02 2.75482e-05 7.00442 0.140701 2.16937e-05 0.100072 0.40701 0.427321 
10 109990 3.03 2.75482e-05 7.00442 0.140544 4.20164e-05 0.10007 0.405437 0.428725 
10 110353 3.04 2.75482e-05 7.00442 0.141513 7.88037e-05 0.100072 0.415127 0.430134 
10 110716 3.05 2.75482e-05 7.00442 0.142484 6.28148e-05 0.100071 0.424841 0.431555 
10 111079 3.06 2.75482e-05 7.00442 0.142584 7.89433e-05 0.100071 0.42584 0.432982 
10 111442 3.07 2.75482e-05 7.00442 0.141198 2.70819e-05 0.100069 0.411977 0.434402 
10 111805 3.08 2.75482e-05 7.00442 0.140456 2.97006e-05 0.100071 0.404563 0.435809 
10 112168 3.09 2.75482e-05 7.00442 0.140897 4.24934e-05 0.10007 0.408974 0.437214 
10 112531 3.1 2.75482e-05 7.00442 0.142047 3.60146e-05 0.100072 0.420474 0.438628 
10 112894 3.11 2.75482e-05 7.00442 0.142699 2.61078e-05 0.100071 0.426986 0.440053 
10 113257 3.12 2.75482e-05 7.00442 0.141822 3.20052e-05 0.100066 0.418222 0.441478 
10 113620 3.13 2.75482e-05 7.00442 0.140644 1.16926e-05 0.100072 0.406438 0.442891 
10 113983 3.14 2.75482e-05 7.00442 0.140457 3.27935e-05 0.10007 0.404565 0.444294 
10 114346 3.15 2.75482e-05 7.00442 0.141413 5.44981e-05 0.100072 0.414134 0.445702 
10 114709 3.16 2.75482e-05 7.00442 0.142432 3.21804e-05 0.100071 0.424325 0.447122 
10 115072 3.17 2.75482e-05 7.00442 0.142628 6.45566e-05 0.100072 0.426278 0.448549 
10 115435 3.18 2.75482e-05 7.00442 0.141197 2.02626e-06 0.100069 0.411972 0.449969 
10 115798 3.19 2.75482e-05 7.00442 0.140446 2.98891e-06 0.100071 0.404463 0.451376 
10 116161 3.2 2.75482e-05 7.00442 0.14086 3.85378e-05 0.10007 0.408599 0.45278 
10 116524 3.21 2.75482e-05 7.00442 0.142029 3.93552e-05 0.100072 0.420293 0.454194 
10 116887 3.22 2.75482e-05 7.00442 0.142692 3.07858e-05 0.100071 0.426922 0.455619 
10 117250 3.23 2.75482e-05 7.00442 0.141897 3.3455e-05 0.100066 0.418967 0.457045 
10 117613 3.24 2.75482e-05 7.00442 0.140722 -1.59173e-06 0.100071 0.407224 0.458458 
10 117976 3.25 2.75482e-05 7.00442 0.140475 8.81866e-06 0.10007 0.404753 0.459862 
10 118339 3.26 2.75482e-05 7.00442 0.141393 4.0561e-05 0.100071 0.413932 0.46127 
10 118702 3.27 2.75482e-05 7.00442 0.142401 1.77675e-05 0.100071 0.424007 0.462689 
10 119065 3.28 2.75482e-05 7.00442 0.142688 3.07618e-05 0.100072 0.426879 0.464117 
10 119428 3.29 2.75482e-05 7.00442 0.141268 2.52733e-06 0.100068 0.41268 0.465537 
10 119791 3.3 2.75482e-05 7.00442 0.140474 -4.85317e-07 0.100071 0.404745 0.466945 
10 120154 3.31 2.75482e-05 7.00442 0.140809 3.5983e-05 0.10007 0.408093 0.468349 
10 120517 3.32 2.75482e-05 7.00442 0.14197 3.64769e-05 0.100072 0.419696 0.469762 
10 120880 3.33 2.75482e-05 7.00442 0.142679 7.93456e-06 0.100071 0.426788 0.471187 
10 121243 3.34 2.75482e-05 7.00442 0.141956 1.56194e-05 0.100067 0.419558 0.472613 
10 121606 3.35 2.75482e-05 7.00442 0.140726 -7.40966e-06 0.100071 0.407256 0.474027 
10 121969 3.36 2.75482e-05 7.00442 0.14044 -1.04369e-06 0.10007 0.404397 0.475431 
10 122332 3.37 2.75482e-05 7.00442 0.141317 1.05944e-05 0.100071 0.413168 0.476837 
10 122695 3.38 2.75482e-05 7.00442 0.142379 2.07132e-07 0.100071 0.423793 0.478257 
10 123058 3.39 2.75482e-05 7.00442 0.14276 1.90549e-05 0.100072 0.427604 0.479684 
10 123421 3.4 2.75482e-05 7.00442 0.141349 4.90499e-06 0.100068 0.41349 0.481105 
10 123784 3.41 2.75482e-05 7.00442 0.140531 -2.94188e-06 0.100072 0.405313 0.482514 
10 124147 3.42 2.75482e-05 7.00442 0.140849 -6.10356e-06 0.10007 0.408489 0.483919 
10 124510 3.43 2.75482e-05 7.00442 0.142001 -2.14751e-06 0.100072 0.420014 0.485332 
10 124873 3.44 2.75482e-05 7.00442 0.14272 -1.80002e-05 0.100071 0.427199 0.486757 
10 125236 3.45 2.75482e-05 7.00442 0.142051 1.26807e-05 0.100067 0.42051 0.488184 
10 125599 3.46 2.75482e-05 7.00442 0.140818 -6.90215e-06 0.100072 0.408178 0.489598 
10 125962 3.47 2.75482e-05 7.00442 0.140466 1.88143e-05 0.10007 0.404657 0.491003 
10 126325 3.48 2.75482e-05 7.00442 0.141307 6.34921e-05 0.100071 0.413068 0.49241 
10 126688 3.49 2.75482e-05 7.00442 0.142365 5.02973e-05 0.100071 0.423649 0.493829 
10 127051 3.5 2.75482e-05 7.00442 0.142783 4.58467e-05 0.100072 0.427832 0.495255 
10 127414 3.51 2.75482e-05 7.00442 0.141389 1.961e-05 0.100068 0.413893 0.496678 
10 127777 3.52 2.75482e-05 7.00442 0.140492 1.98731e-05 0.100072 0.404916 0.498087 
10 128140 3.53 2.75482e-05 7.00442 0.140742 5.00054e-05 0.10007 0.407417 0.49949 
10 128503 3.54 2.75482e-05 7.00442 0.141882 5.66336e-05 0.100072 0.41882 0.500903 
10 128866 3.55 2.75482e-05 7.00442 0.142634 3.26826e-05 0.100071 0.426342 0.502326 
10 129229 3.56 2.75482e-05 7.00442 0.142042 5.27226e-05 0.100067 0.420424 0.503753 
10 129592 3.57 2.75482e-05 7.00442 0.140776 1.90043e-05 0.100071 0.407758 0.505167 
10 129955 3.58 2.75482e-05 7.00442 0.140397 3.00911e-05 0.10007 0.403974 0.506572 
10 130318 3.59 2.75482e-05 7.00442 0.141208 6.71881e-05 0.100071 0.412082 0.507977 
10 130681 3.6 2.75482e-05 7.00442 0.142309 5.55457e-05 0.100071 0.423088 0.509396 
10 131044 3.61 2.75482e-05 7.00442 0.142776 5.59569e-05 0.100072 0.427761 0.510822 
10 131407 3.62 2.75482e-05 7.00442 0.141409 3.22663e-05 0.100068 0.414089 0.512244 
10 131770 3.63 2.75482e-05 7.00442 0.140508 2.06311e-05 0.100071 0.405077 0.513653 
10 132133 3.64 2.75482e-05 7.00442 0.140734 3.79723e-05 0.10007 0.407342 0.515057 
10 132496 3.65 2.75482e-05 7.00442 0.141884 4.08201e-05 0.100072 0.418844 0.516469 
10 132859 3.66 2.75482e-05 7.00442 0.142646 2.21272e-05 0.100071 0.426456 0.517893 
10 133222 3.67 2.75482e-05 7.00442 0.142131 5.13403e-05 0.100067 0.421312 0.51932 
10 133585 3.68 2.75482e-05 7.00442 0.140889 -1.59633e-05 0.100071 0.408886 0.520735 
10 133948 3.69 2.75482e-05 7.00442 0.140476 -4.35615e-05 0.10007 0.40476 0.522141 
10 134311 3.7 2.75482e-05 7.00442 0.141249 -1.04064e-05 0.100071 0.412488 0.523547 
10 134674 3.71 2.75482e-05 7.00442 0.142307 -5.15631e-06 0.100071 0.423072 0.524966 
10 135037 3.72 2.75482e-05 7.00442 0.142788 -1.13801e-05 0.100072 0.427877 0.526392 
10 135400 3.73 2.75482e-05 7.00442 0.14147 -7.66074e-06 0.100067 0.414696 0.527815 
10 135763 3.74 2.75482e-05 7.00442 0.140534 -1.18812e-05 0.100071 0.405341 0.529224 
10 136126 3.75 2.75482e-05 7.00442 0.140694 5.57613e-05 0.10007 0.406938 0.530628 
10 136489 3.76 2.75482e-05 7.00442 0.141822 7.87048e-05 0.100072 0.418223 0.53204 
10 136852 3.77 2.75482e-05 7.00442 0.142619 4.07778e-05 0.100071 0.42619 0.533463 
10 137215 3.78 2.75482e-05 7.00442 0.142193 5.48822e-05 0.100068 0.421935 0.53489 
10 137578 3.79 2.75482e-05 7.00442 0.140877 3.88723e-06 0.100071 0.40877 0.536306 
10 137941 3.8 2.75482e-05 7.00442 0.140401 -4.05308e-07 0.100071 0.404015 0.537711 
10 138304 3.81 2.75482e-05 7.00442 0.141122 2.53715e-05 0.100071 0.411216 0.539116 
10 138667 3.82 2.75482e-05 7.00442 0.14224 5.54177e-06 0.100072 0.422402 0.540533 
10 139030 3.83 2.75482e-05 7.00442 0.142795 4.0019e-06 0.100072 0.42795 0.54196 
10 139393 3.84 2.75482e-05 7.00442 0.141533 2.23442e-05 0.100067 0.415329 0.543383 
10 139756 3.85 2.75482e-05 7.00442 0.140573 2.54171e-05 0.100071 0.405732 0.544793 
10 140119 3.86 2.75482e-05 7.00442 0.140691 4.59808e-05 0.10007 0.406914 0.546198 
10 140482 3.87 2.75482e-05 7.00442 0.141799 7.50508e-05 0.100072 0.417993 0.547609 
10 140845 3.88 2.75482e-05 7.00442 0.142634 4.55466e-05 0.100071 0.426336 0.549032 
10 141208 3.89 2.75482e-05 7.00442 0.142291 8.06535e-05 0.100068 0.422915 0.55046 
10 141571 3.9 2.75482e-05 7.00442 0.140982 2.00265e-05 0.100071 0.409819 0.551876 
10 141934 3.91 2.75482e-05 7.00442 0.140485 1.3235e-05 0.100071 0.404846 0.553282 
10 142297 3.92 2.75482e-05 7.00442 0.141161 5.55223e-05 0.100071 0.411615 0.554688 
10 142660 3.93 2.75482e-05 7.00442 0.142255 3.13711e-05 0.100071 0.422549 0.556106 
10 143023 3.94 2.75482e-05 7.00442 0.1428 2.26911e-05 0.100072 0.428001 0.557532 
10 143386 3.95 2.75482e-05 7.00442 0.141595 1.96435e-05 0.100067 0.415951 0.558956 
10 143749 3.96 2.75482e-05 7.00442 0.140567 -9.01711e-07 0.100071 0.405671 0.560366 
10 144112 3.97 2.75482e-05 7.00442 0.14064 3.03003e-05 0.10007 0.406399 0.56177 
10 144475 3.98 2.75482e-05 7.00442 0.141728 4.88299e-05 0.100072 0.417283 0.563181 
10 144838 3.99 2.75482e-05 7.00442 0.142574 2.90294e-05 0.100071 0.42574 0.564603 
10 145201 4 2.75482e-05 7.00442 0.142278 6.78805e-05 0.100069 0.422783 0.566031 
10 145564 4.01 2.75482e-05 7.00442 0.14094 1.12502e-05 0.10007 0.409398 0.567447 
10 145927 4.02 2.75482e-05 7.00442 0.140383 2.78693e-05 0.100071 0.403832 0.568853 
10 146290 4.03 2.75482e-05 7.00442 0.14103 8.187e-05 0.100071 0.410303 0.570257 
10 146653 4.04 2.75482e-05 7.00442 0.142183 6.05648e-05 0.100072 0.421833 0.571673 
10 147016 4.05 2.75482e-05 7.00442 0.142751 3.57107e-05 0.100072 0.427507 0.573099 
10 147379 4.06 2.75482e-05 7.00442 0.14161 4.84389e-05 0.100067 0.416105 0.574523 
10 147742 4.07 2.75482e-05 7.00442 0.140574 2.90725e-05 0.100072 0.405739 0.575934 
10 148105 4.08 2.75482e-05 7.00442 0.140607 6.1358e-05 0.10007 0.406072 0.577338 
10 148468 4.09 2.75482e-05 7.00442 0.141683 9.43872e-05 0.100072 0.416829 0.578748 
10 148831 4.1 2.75482e-05 7.00442 0.142552 5.04713e-05 0.100071 0.425516 0.58017 
10 149194 4.11 2.75482e-05 7.00442 0.142362 9.24206e-05 0.10007 0.423621 0.581597 
10 149557 4.12 2.75482e-05 7.00442 0.141038 3.04246e-06 0.10007 0.410382 0.583015 
10 149920 4.13 2.75482e-05 7.00442 0.140461 -2.81082e-05 0.100071 0.404612 0.584421 
10 150283 4.14 2.75482e-05 7.00442 0.141065 5.36227e-06 0.10007 0.410651 0.585826 
10 150646 4.15 2.75482e-05 7.00442 0.142187 1.08367e-05 0.100071 0.421869 0.587243 
10 151009 4.16 2.75482e-05 7.00442 0.142747 2.78365e-06 0.100072 0.427472 0.588669 
10 151372 4.17 2.75482e-05 7.00442 0.141682 2.39268e-05 0.100067 0.416823 0.590093 
10 151735 4.18 2.75482e-05 7.00442 0.140618 -1.45265e-06 0.100072 0.406178 0.591504 
10 152098 4.19 2.75482e-05 7.00442 0.140564 6.08916e-05 0.10007 0.405639 0.592908 
10 152461 4.2 2.75482e-05 7.00442 0.141594 0.000109896 0.100072 0.415941 0.594317 
10 152824 4.21 2.75482e-05 7.00442 0.142512 6.09796e-05 0.100071 0.425116 0.595739 
10 153187 4.22 2.75482e-05 7.00442 0.14243 9.95468e-05 0.10007 0.424301 0.597166 
10 153550 4.23 2.75482e-05 7.00442 0.141049 1.28348e-05 0.10007 0.410486 0.598584 
10 153913 4.24 2.75482e-05 7.00442 0.140412 5.68285e-06 0.100071 0.404121 0.599991 
10 154276 4.25 2.75482e-05 7.00442 0.140971 7.04998e-05 0.10007 0.409714 0.601395 
10 154639 4.26 2.75482e-05 7.00442 0.142131 7.48746e-05 0.100072 0.421305 0.602811 
10 155002 4.27 2.75482e-05 7.00442 0.142753 4.21118e-05 0.100072 0.427526 0.604236 
10 155365 4.28 2.75482e-05 7.00442 0.141751 4.88865e-05 0.100067 0.417514 0.605661 
10 155728 4.29 2.75482e-05 7.00442 0.140673 2.30946e-05 0.100072 0.406725 0.607073 
10 156091 4.3 2.75482e-05 7.00442 0.140622 4.97703e-05 0.10007 0.406223 0.608478 
10 156454 4.31 2.75482e-05 7.00442 0.14163 9.57713e-05 0.100072 0.4163 0.609887 
10 156817 4.32 2.75482e-05 7.00442 0.142558 6.54208e-05 0.100071 0.42558 0.611309 
10 157180 4.33 2.75482e-05 7.00442 0.142543 0.00012108 0.100071 0.425428 0.612737 
10 157543 4.34 2.75482e-05 7.00442 0.141164 1.2989e-05 0.10007 0.411641 0.614156 
10 157906 4.35 2.75482e-05 7.00442 0.140505 -2.33973e-05 0.100071 0.40505 0.615564 
10 158269 4.36 2.75482e-05 7.00442 0.14102 3.21312e-05 0.10007 0.410204 0.616969 
10 158632 4.37 2.75482e-05 7.00442 0.142166 3.90857e-05 0.100072 0.421664 0.618385 
10 158995 4.38 2.75482e-05 7.00442 0.142777 1.51951e-05 0.100072 0.427769 0.61981 
10 159358 4.39 2.75482e-05 7.00442 0.141824 3.41763e-05 0.100067 0.418238 0.621236 
10 159721 4.4 2.75482e-05 7.00442 0.140671 -6.84521e-06 0.100072 0.406711 0.622649 
10 160084 4.41 2.75482e-05 7.00442 0.140557 2.70106e-05 0.10007 0.405566 0.624053 
10 160447 4.42 2.75482e-05 7.00442 0.141541 6.19564e-05 0.100072 0.415414 0.625462 
10 160810 4.43 2.75482e-05 7.00442 0.142492 4.15352e-05 0.100071 0.424919 0.626883 
10 161173 4.44 2.75482e-05 7.00442 0.142529 0.000112931 0.100071 0.425288 0.62831 
10 161536 4.45 2.75482e-05 7.00442 0.141129 2.86525e-05 0.100069 0.411289 0.629729 
10 161899 4.46 2.75482e-05 7.00442 0.140408 5.10813e-05 0.100071 0.404085 0.631136 
10 162262 4.47 2.75482e-05 7.00442 0.140879 0.000133367 0.10007 0.408788 0.63254 
10 162625 4.48 2.75482e-05 7.00442 0.142055 0.000109198 0.100072 0.420548 0.633954 
10 162988 4.49 2.75482e-05 7.00442 0.142706 6.46911e-05 0.100071 0.427056 0.635379 
10 163351 4.5 2.75482e-05 7.00442 0.141821 7.96717e-05 0.100066 0.418212 0.636805 
10 163714 4.51 2.75482e-05 7.00442 0.140678 4.43889e-05 0.100071 0.406777 0.638217 
10 164077 4.52 2.75482e-05 7.00442 0.140515 8.38247e-05 0.10007 0.40515 0.639621 
10 164440 4.53 2.75482e-05 7.00442 0.141492 0.000136066 0.100071 0.414919 0.641029 
10 164803 4.54 2.75482e-05 7.00442 0.142455 8.56018e-05 0.100071 0.424549 0.64245 
10 165166 4.55 2.75482e-05 7.00442 0.142612 0.000169442 0.100071 0.426124 0.643877 
10 165529 4.56 2.75482e-05 7.00442 0.141214 3.95653e-05 0.100069 0.412141 0.645297 
10 165892 4.57 2.75482e-05 7.00442 0.140478 -1.82045e-05 0.100071 0.404782 0.646705 
10 166255 4.58 2.75482e-05 7.00442 0.140905 1.29054e-05 0.10007 0.409054 0.648109 
10 166618 4.59 2.75482e-05 7.00442 0.142064 4.58043e-05 0.100072 0.420635 0.649524 
10 166981 4.6 2.75482e-05 7.00442 0.142716 2.60441e-05 0.100071 0.427158 0.650949 
10 167344 4.61 2.75482e-05 7.00442 0.141902 6.63055e-05 0.100066 0.419024 0.652375 
10 167707 4.62 2.75482e-05 7.00442 0.140736 9.1241e-06 0.100072 0.407356 0.653788 
10 168070 4.63 2.75482e-05 7.00442 0.140504 6.99401e-05 0.10007 0.405038 0.655192 
10 168433 4.64 2.75482e-05 7.00442 0.141412 0.000153305 0.100071 0.41412 0.6566 
10 168796 4.65 2.75482e-05 7.00442 0.142415 0.000102729 0.10007 0.42415 0.65802 
10 169159 4.66 2.75482e-05 7.00442 0.142675 0.000155042 0.100072 0.426752 0.659447 
10 169522 4.67 2.75482e-05 7.00442 0.141244 7.04025e-05 0.100068 0.412442 0.660868 
10 169885 4.68 2.75482e-05 7.00442 0.140439 4.15333e-05 0.100071 0.404389 0.662275 
10 170248 4.69 2.75482e-05 7.00442 0.140816 8.168e-05 0.10007 0.40816 0.663679 
10 170611 4.7 2.75482e-05 7.00442 0.141984 9.62128e-05 0.100072 0.419841 0.665092 
10 170974 4.71 2.75482e-05 7.00442 0.142702 4.67856e-05 0.100071 0.427021 0.666517 
10 171337 4.72 2.75482e-05 7.00442 0.141964 8.84558e-05 0.100067 0.419639 0.667943 
10 171700 4.73 2.75482e-05 7.00442 0.140764 3.49804e-05 0.100071 0.407639 0.669357 
10 172063 4.74 2.75482e-05 7.00442 0.140528 5.82959e-05 0.10007 0.405283 0.670762 
10 172426 4.75 2.75482e-05 7.00442 0.141432 0.000120902 0.100071 0.414322 0.67217 
10 172789 4.76 2.75482e-05 7.00442 0.142464 6.85844e-05 0.100071 0.424637 0.67359 
10 173152 4.77 2.75482e-05 7.00442 0.142779 0.000119993 0.100072 0.427786 0.675018 
10 173515 4.78 2.75482e-05 7.00442 0.141356 3.23096e-05 0.100068 0.413557 0.676439 
10 173878 4.79 2.75482e-05 7.00442 0.140545 -1.09947e-05 0.100072 0.405446 0.677848 
10 174241 4.8 2.75482e-05 7.00442 0.140871 4.2212e-05 0.10007 0.408709 0.679253 
10 174604 4.81 2.75482e-05 7.00442 0.14201 7.97865e-05 0.100072 0.420096 0.680666 
10 174967 4.82 2.75482e-05 7.00442 0.142712 4.50237e-05 0.100071 0.427118 0.682091 
10 175330 4.83 2.75482e-05 7.00442 0.142032 9.95865e-05 0.100067 0.420323 0.683518 
10 175693 4.84 2.75482e-05 7.00442 0.140795 2.24807e-05 0.100071 0.407953 0.684932 
10 176056 4.85 2.75482e-05 7.00442 0.140498 6.15058e-05 0.10007 0.404979 0.686337 
10 176419 4.86 2.75482e-05 7.00442 0.141356 0.000122169 0.100071 0.413565 0.687744 
10 176782 4.87 2.75482e-05 7.00442 0.142387 7.89213e-05 0.100071 0.42387 0.689164 
10 177145 4.88 2.75482e-05 7.00442 0.142751 0.000100812 0.100072 0.427508 0.690591 
10 177508 4.89 2.75482e-05 7.00442 0.141329 4.80585e-05 0.100068 0.413293 0.692012 
10 177871 4.9 2.75482e-05 7.00442 0.140463 3.07483e-05 0.100071 0.404635 0.69342 
10 178234 4.91 2.75482e-05 7.00442 0.140741 0.000126508 0.10007 0.407413 0.694824 
10 178597 4.92 2.75482e-05 7.00442 0.141908 0.000151706 0.100072 0.419083 0.696236 
10 178960 4.93 2.75482e-05 7.00442 0.142657 8.33182e-05 0.100071 0.426568 0.69766 
10 179323 4.94 2.75482e-05 7.00442 0.142055 0.000131261 0.100067 0.420551 0.699087 
10 179686 4.95 2.75482e-05 7.00442 0.140804 3.06072e-05 0.100071 0.40804 0.700502 
10 180049 4.96 2.75482e-05 7.00442 0.14045 7.22171e-05 0.10007 0.404498 0.701906 
10 180412 4.97 2.75482e-05 7.00442 0.141291 0.000171779 0.100071 0.41291 0.703313 
10 180775 4.98 2.75482e-05 7.00442 0.14234 0.000122948 0.100071 0.423398 0.704731 
10 181138 4.99 2.75482e-05 7.00442 0.142753 0.000123006 0.100072 0.427535 0.706158 
10 181501 5 2.75482e-05 7.00442 0.141398 6.38335e-05 0.100067 0.413979 0.70758 
10 181864 5.01 2.75482e-05 7.00442 0.140516 1.95388e-05 0.100071 0.405158 0.708989 
10 182227 5.02 2.75482e-05 7.00442 0.140759 7.00655e-05 0.10007 0.40759 0.710393 
10 182590 5.03 2.75482e-05 7.00442 0.141916 0.000115672 0.100072 0.419157 0.711806 
10 182953 5.04 2.75482e-05 7.00442 0.142669 7.18394e-05 0.100071 0.426692 0.713229 
10 183316 5.05 2.75482e-05 7.00442 0.142137 0.000135876 0.100068 0.421371 0.714657 
10 183679 5.06 2.75482e-05 7.00442 0.140874 2.72868e-05 0.100071 0.408739 0.716072 
10 184042 5.07 2.75482e-05 7.00442 0.140454 9.05968e-05 0.10007 0.404541 0.717477 
10 184405 5.08 2.75482e-05 7.00442 0.141222 0.000230414 0.100071 0.412216 0.718883 
10 184768 5.09 2.75482e-05 7.00442 0.142288 0.000186439 0.100071 0.422881 0.720302 
10 185131 5.1 2.75482e-05 7.00442 0.142761 0.000162207 0.100072 0.427614 0.721728 
10 185494 5.11 2.75482e-05 7.00442 0.141422 0.000139726 0.100067 0.414222 0.72315 
10 185857 5.12 2.75482e-05 7.00442 0.140546 0.000134056 0.100072 0.405458 0.724559 
10 186220 5.13 2.75482e-05 7.00442 0.140712 0.00020605 0.10007 0.407124 0.725963 
10 186583 5.14 2.75482e-05 7.00442 0.141837 0.000231364 0.100072 0.418366 0.727375 
10 186946 5.15 2.75482e-05 7.00442 0.142653 0.00012803 0.100071 0.426525 0.728798 
10 187309 5.16 2.75482e-05 7.00442 0.142208 0.000202524 0.100068 0.422082 0.730226 
10 187672 5.17 2.75482e-05 7.00442 0.140903 6.73893e-05 0.100071 0.40903 0.731642 
10 188035 5.18 2.75482e-05 7.00442 0.140469 8.59408e-05 0.100071 0.404694 0.733047 
10 188398 5.19 2.75482e-05 7.00442 0.14125 0.000190643 0.100071 0.4125 0.734454 
10 188761 5.2 2.75482e-05 7.00442 0.142333 0.000139973 0.100071 0.42333 0.735872 
10 189124 5.21 2.75482e-05 7.00442 0.142842 0.000115273 0.100072 0.428416 0.737299 
10 189487 5.22 2.75482e-05 7.00442 0.141566 0.000100538 0.100067 0.415655 0.738723 
10 189850 5.23 2.75482e-05 7.00442 0.140622 3.26623e-05 0.100072 0.406218 0.740133 
10 190213 5.24 2.75482e-05 7.00442 0.140754 8.31338e-05 0.10007 0.407537 0.741538 
10 190576 5.25 2.75482e-05 7.00442 0.14185 0.000163712 0.100072 0.418499 0.742949 
10 190939 5.26 2.75482e-05 7.00442 0.142659 9.06182e-05 0.100071 0.426593 0.744373 
10 191302 5.27 2.75482e-05 7.00442 0.142283 0.000184456 0.100069 0.422828 0.745801 
10 191665 5.28 2.75482e-05 7.00442 0.140963 5.26222e-05 0.100071 0.409632 0.747218 
10 192028 5.29 2.75482e-05 7.00442 0.140478 7.83581e-05 0.100071 0.404779 0.748623 
10 192391 5.3 2.75482e-05 7.00442 0.141193 0.000203052 0.100071 0.411927 0.750029 
10 192754 5.31 2.75482e-05 7.00442 0.142287 0.000139724 0.100071 0.422871 0.751447 
10 193117 5.32 2.75482e-05 7.00442 0.142782 0.000100472 0.100072 0.427824 0.752874 
10 193480 5.33 2.75482e-05 7.00442 0.141542 0.000106007 0.100067 0.415424 0.754297 
10 193843 5.34 2.75482e-05 7.00442 0.140538 6.31001e-05 0.100072 0.405384 0.755707 
10 194206 5.35 2.75482e-05 7.00442 0.140658 0.000185571 0.10007 0.406577 0.757111 
10 194569 5.36 2.75482e-05 7.00442 0.141737 0.000259906 0.100072 0.417375 0.758522 
10 194932 5.37 2.75482e-05 7.00442 0.142593 0.000138134 0.100071 0.425932 0.759945 
10 195295 5.38 2.75482e-05 7.00442 0.142307 0.000238225 0.100069 0.42307 0.761372 
10 195658 5.39 2.75482e-05 7.00442 0.140959 5.1095e-05 0.10007 0.409586 0.762787 
10 196021 5.4 2.75482e-05 7.00442 0.140479 8.28994e-05 0.100071 0.404794 0.764195 
10 196384 5.41 2.75482e-05 7.00442 0.141149 0.000223363 0.100071 0.411488 0.765601 
10 196747 5.42 2.75482e-05 7.00442 0.142241 0.000169359 0.100071 0.422408 0.767018 
10 197110 5.43 2.75482e-05 7.00442 0.142773 0.00011994 0.100072 0.427727 0.768444 
10 197473 5.44 2.75482e-05 7.00442 0.141616 0.000132801 0.100067 0.416157 0.769868 
10 197836 5.45 2.75482e-05 7.00442 0.140621 4.27752e-05 0.100072 0.40621 0.771279 
10 198199 5.46 2.75482e-05 7.00442 0.140674 0.000144776 0.10007 0.406739 0.772684 
10 198562 5.47 2.75482e-05 7.00442 0.141755 0.000263635 0.100072 0.417555 0.774094 
10 198925 5.48 2.75482e-05 7.00442 0.142609 0.000165499 0.100071 0.42609 0.775517 
10 199288 5.49 2.75482e-05 7.00442 0.142391 0.000287078 0.10007 0.423906 0.776945 
10 199651 5.5 2.75482e-05 7.00442 0.141047 7.81736e-05 0.10007 0.410471 0.778363 
10 200014 5.51 2.75482e-05 7.00442 0.14046 0.000120389 0.100071 0.404603 0.779769 
10 200377 5.52 2.75482e-05 7.00442 0.141063 0.000306167 0.100071 0.410632 0.781174 
10 200740 5.53 2.75482e-05 7.00442 0.142184 0.000256149 0.100071 0.421838 0.78259 
10 201103 5.54 2.75482e-05 7.00442 0.142745 0.000162819 0.100072 0.427452 0.784016 
10 201466 5.55 2.75482e-05 7.00442 0.141645 0.000187423 0.100066 0.416453 0.785441 
10 201829 5.56 2.75482e-05 7.00442 0.140573 0.000136697 0.100072 0.405728 0.786851 
10 202192 5.57 2.75482e-05 7.00442 0.140597 0.000287655 0.10007 0.405971 0.788255 
10 202555 5.58 2.75482e-05 7.00442 0.14165 0.000426404 0.100072 0.416503 0.789665 
10 202918 5.59 2.75482e-05 7.00442 0.14254 0.000261435 0.100071 0.425399 0.791087 
10 203281 5.6 2.75482e-05 7.00442 0.14243 0.000381798 0.10007 0.424299 0.792514 
10 203644 5.61 2.75482e-05 7.00442 0.14108 0.000136927 0.10007 0.4108 0.793932 
10 204007 5.62 2.75482e-05 7.00442 0.140482 0.000179861 0.100071 0.404824 0.795339 
10 204370 5.63 2.75482e-05 7.00442 0.141096 0.000375748 0.100071 0.410956 0.796744 
10 204733 5.64 2.75482e-05 7.00442 0.142215 0.000297517 0.100072 0.42215 0.798161 
10 205096 5.65 2.75482e-05 7.00442 0.142809 0.000179777 0.100072 0.428086 0.799587 
10 205459 5.66 2.75482e-05 7.00442 0.141767 0.000208714 0.100067 0.41767 0.801013 
10 205822 5.67 2.75482e-05 7.00442 0.140701 8.81252e-05 0.100072 0.407012 0.802425 
10 206185 5.68 2.75482e-05 7.00442 0.140679 0.000195189 0.10007 0.406793 0.80383 
10 206548 5.69 2.75482e-05 7.00442 0.141711 0.000358562 0.100072 0.417112 0.80524 
10 206911 5.7 2.75482e-05 7.00442 0.142613 0.000238914 0.100071 0.426131 0.806662 
10 207274 5.71 2.75482e-05 7.00442 0.142574 0.000414481 0.100071 0.425739 0.808091 
10 207637 5.72 2.75482e-05 7.00442 0.141161 0.000137122 0.10007 0.41161 0.80951 
10 208000 5.73 2.75482e-05 7.00442 0.140477 0.000232635 0.100071 0.404772 0.810917 
10 208363 5.74 2.75482e-05 7.00442 0.141017 0.000474484 0.100071 0.410172 0.812322 
10 208726 5.75 2.75482e-05 7.00442 0.142156 0.000425575 0.100072 0.421564 0.813738 
10 209089 5.76 2.75482e-05 7.00442 0.14275 0.000288448 0.100072 0.427502 0.815164 
10 209452 5.77 2.75482e-05 7.00442 0.141756 0.000302281 0.100067 0.417556 0.816589 
10 209815 5.78 2.75482e-05 7.00442 0.140634 0.000156603 0.100072 0.406342 0.818001 
10 210178 5.79 2.75482e-05 7.00442 0.140542 0.000290806 0.10007 0.405418 0.819405 
10 210541 5.8 2.75482e-05 7.00442 0.141536 0.000475668 0.100072 0.415357 0.820813 
10 210904 5.81 2.75482e-05 7.00442 0.142459 0.000325569 0.100071 0.424587 0.822234 
10 211267 5.82 2.75482e-05 7.00442 0.142512 0.000490928 0.100071 0.42512 0.823661 
10 211630 5.83 2.75482e-05 7.00442 0.141141 0.000136158 0.100069 0.411413 0.82508 
10 211993 5.84 2.75482e-05 7.00442 0.140449 0.000165866 0.100071 0.404492 0.826487 
10 212356 5.85 2.75482e-05 7.00442 0.140969 0.000409601 0.10007 0.409691 0.827892 
10 212719 5.86 2.75482e-05 7.00442 0.142094 0.000378282 0.100072 0.420937 0.829307 
10 213082 5.87 2.75482e-05 7.00442 0.142721 0.000246752 0.100071 0.427214 0.830732 
10 213445 5.88 2.75482e-05 7.00442 0.141823 0.000312894 0.100067 0.418226 0.832157 
10 213808 5.89 2.75482e-05 7.00442 0.140712 0.000129337 0.100072 0.407119 0.83357 
10 214171 5.9 2.75482e-05 7.00442 0.140589 0.000263573 0.10007 0.405888 0.834975 
10 214534 5.91 2.75482e-05 7.00442 0.141565 0.000467918 0.100072 0.415655 0.836383 
10 214897 5.92 2.75482e-05 7.00442 0.142504 0.000306811 0.100071 0.425041 0.837805 
10 215260 5.93 2.75482e-05 7.00442 0.142616 0.000488386 0.100071 0.426156 0.839232 
10 215623 5.94 2.75482e-05 7.00442 0.141246 0.000162982 0.100069 0.412458 0.840652 
10 215986 5.95 2.75482e-05 7.00442 0.14052 0.000205256 0.100071 0.405205 0.84206 
10 216349 5.96 2.75482e-05 7.00442 0.140973 0.00048162 0.10007 0.409726 0.843466 
10 216712 5.97 2.75482e-05 7.00442 0.142083 0.000450068 0.100072 0.420832 0.84488 
10 217075 5.98 2.75482e-05 7.00442 0.142725 0.000292199 0.100071 0.427251 0.846306 
10 217438 5.99 2.75482e-05 7.00442 0.141885 0.000362589 0.100067 0.418851 0.847731 
10 217801 6 2.75482e-05 7.00442 0.140703 0.000171707 0.100072 0.40703 0.849144 
10 218164 6.01 2.75482e-05 7.00442 0.140532 0.000328903 0.10007 0.405321 0.850549 
10 218527 6.02 2.75482e-05 7.00442 0.14146 0.000594977 0.100072 0.414595 0.851957 
10 218890 6.03 2.75482e-05 7.00442 0.142425 0.000418012 0.100071 0.424246 0.853377 
10 219253 6.04 2.75482e-05 7.00442 0.142625 0.000589671 0.100071 0.42625 0.854804 
10 219616 6.05 2.75482e-05 7.00442 0.141264 0.000224317 0.100068 0.412642 0.856224 
10 219979 6.06 2.75482e-05 7.00442 0.140518 0.000239452 0.100071 0.405178 0.857633 
10 220342 6.07 2.75482e-05 7.00442 0.140945 0.000523401 0.10007 0.409452 0.859038 
10 220705 6.08 2.75482e-05 7.00442 0.142056 0.000528855 0.100072 0.420564 0.860452 
10 221068 6.09 2.75482e-05 7.00442 0.142737 0.000332018 0.100071 0.427374 0.861877 
10 221431 6.1 2.75482e-05 7.00442 0.141993 0.000423276 0.100068 0.419927 0.863304 
10 221794 6.11 2.75482e-05 7.00442 0.140842 0.000147008 0.100072 0.408415 0.864718 
10 222157 6.12 2.75482e-05 7.00442 0.140628 0.000250228 0.10007 0.406279 0.866123 
10 222520 6.13 2.75482e-05 7.00442 0.141539 0.000522467 0.100072 0.415394 0.867532 
10 222883 6.14 2.75482e-05 7.00442 0.142497 0.000354691 0.100072 0.424974 0.868953 
10 223246 6.15 2.75482e-05 7.00442 0.142706 0.000520606 0.100071 0.427062 0.870381 
10 223609 6.16 2.75482e-05 7.00442 0.141382 0.000219613 0.100069 0.413818 0.871803 
10 223972 6.17 2.75482e-05 7.00442 0.140594 0.00023485 0.100072 0.405943 0.873212 
10 224335 6.18 2.75482e-05 7.00442 0.140991 0.000564325 0.100071 0.409906 0.874617 
10 224698 6.19 2.75482e-05 7.00442 0.142066 0.000583664 0.100072 0.420663 0.876032 
10 225061 6.2 2.75482e-05 7.00442 0.142735 0.000363916 0.100072 0.427345 0.877457 
10 225424 6.21 2.75482e-05 7.00442 0.142018 0.000503304 0.100068 0.420182 0.878884 
10 225787 6.22 2.75482e-05 7.00442 0.140786 0.000217079 0.100071 0.407862 0.880298 
