0.15646 0
0.1625 0.00372127

0.1625 0.00379419
0.175 0.011496

0.175 0.0117008
0.176297 0.0125

0.176641 0.0125
0.1875 0.0200989

0.1875 0.0201362
0.193783 0.025

0.194293 0.025
0.2 0.0294181

0.2 0.0294179
0.21 0.0375

0.21004 0.0375
0.2125 0.0394883

0.2125 0.0394909
0.224438 0.05

0.22446 0.05
0.225 0.0504754

0.225 0.0504633
0.2375 0.0624794

0.2375 0.0624797
0.237521 0.0625

0.237521 0.0625
0.24946 0.075

0.249429 0.075
0.25 0.0756524

0.25 0.0756508
0.260365 0.0875

0.260371 0.0875
0.2625 0.0901516

0.2625 0.0901989
0.270369 0.1

0.27041 0.1
0.275 0.106221

0.275 0.106364
0.279527 0.1125

0.27957 0.1125
0.2875 0.124193

0.2875 0.124318
0.287962 0.125

0.288029 0.125
0.295818 0.1375

0.295875 0.1375
0.3 0.144714

0.3 0.144998
0.302861 0.15

0.302947 0.15
0.309493 0.1625

0.309567 0.1625
0.3125 0.168635

0.3125 0.168979
0.315379 0.175

0.315455 0.175
0.320891 0.1875

0.320911 0.1875
0.325 0.197893

0.325 0.198294
0.325671 0.2

0.3258 0.2
0.330221 0.2125

0.330218 0.2125
0.33416 0.225

0.334158 0.225
0.3375 0.237016

0.3375 0.237072
0.337619 0.2375

0.33763 0.2375
0.340654 0.25

0.340652 0.25
0.343233 0.2625

0.343232 0.2625
0.345378 0.275

0.345377 0.275
0.347096 0.2875

0.347095 0.2875
0.34839 0.3

0.34839 0.3
0.349265 0.3125

0.349265 0.3125
0.349723 0.325

0.349723 0.325
0.349764 0.3375

0.349764 0.3375
0.349387 0.35

0.349387 0.35
0.34859 0.3625

0.348591 0.3625
0.34737 0.375

0.347372 0.375
0.345722 0.3875

0.345724 0.3875
0.343638 0.4

