11 0 0 6.89053e-05 7.00442 1.36501 0 1.00003 2.5278 1.36501 0.365012 -1.00783 8.26188e-07 
11 100 0.0136777 0.000137811 7.00442 1.41488 -2.67698e-07 1.00044 2.62015 1.41488 0.414882 -0.879762 0.0190593 
11 200 0.0274383 0.000137811 7.00442 1.43585 -2.99815e-06 1.00046 2.65899 1.43585 0.435855 -0.830446 0.0387167 
11 300 0.0410955 0.000137811 7.00442 1.44446 2.80319e-05 1.00047 2.67492 1.44446 0.444458 -0.810901 0.0585715 
11 400 0.0547527 0.000137811 7.00442 1.44815 9.59143e-05 1.00047 2.68176 1.44815 0.44815 -0.802626 0.078505 
11 500 0.0684099 0.000137811 7.00442 1.44964 0.000109965 1.00047 2.68451 1.44964 0.449637 -0.799315 0.0984714 
11 600 0.0820672 0.000137811 7.00442 1.45023 7.88413e-05 1.00048 2.68562 1.45023 0.450234 -0.797988 0.118458 
11 700 0.0958482 0.000137811 7.00442 1.45078 2.19801e-05 1.00048 2.68663 1.45078 0.450779 -0.796777 0.138441 
11 800 0.109505 0.000137811 7.00442 1.45073 8.46828e-06 1.00049 2.68653 1.45073 0.450728 -0.79689 0.158442 
11 900 0.123163 0.000137811 7.00442 1.45084 -4.63751e-05 1.00049 2.68675 1.45084 0.450843 -0.796637 0.178426 
11 1000 0.13682 0.000137811 7.00442 1.45104 6.14709e-05 1.0005 2.68711 1.45104 0.451039 -0.796201 0.19842 
11 1100 0.150477 0.000137811 7.00442 1.45185 0.000146028 1.00051 2.68862 1.45185 0.451853 -0.794399 0.218401 
11 1200 0.164134 0.000137811 7.00442 1.45244 6.93281e-05 1.00052 2.68971 1.45244 0.452443 -0.793094 0.238425 
11 1300 0.177792 0.000137811 7.00442 1.45321 -8.52853e-05 1.00052 2.69112 1.45321 0.453206 -0.791408 0.258454 
11 1400 0.191573 0.000137811 7.00442 1.45397 -1.5167e-05 1.00053 2.69254 1.45397 0.453969 -0.789725 0.27848 
11 1500 0.20523 0.000137811 7.00442 1.45447 3.07565e-05 1.00053 2.69347 1.45447 0.454472 -0.788619 0.298514 
11 1600 0.218887 0.000137811 7.00442 1.45605 -6.78171e-06 1.00054 2.69639 1.45605 0.456053 -0.785146 0.31857 
11 1700 0.232544 0.000137811 7.00442 1.45715 8.26751e-05 1.00055 2.69842 1.45715 0.457149 -0.782746 0.338643 
11 1800 0.246201 0.000137811 7.00442 1.45846 0.000102302 1.00056 2.70086 1.45846 0.458465 -0.779872 0.35873 
11 1900 0.259859 0.000137811 7.00442 1.46015 4.43362e-05 1.00057 2.70398 1.46015 0.460147 -0.776209 0.37883 
11 2000 0.273516 0.000137811 7.00442 1.46131 -5.16848e-05 1.00057 2.70612 1.46131 0.461306 -0.773693 0.398968 
11 2100 0.287297 0.000137811 7.00442 1.46301 -8.21639e-05 1.00058 2.70928 1.46301 0.463012 -0.770002 0.419109 
11 2200 0.300954 0.000137811 7.00442 1.4648 -4.05072e-05 1.00059 2.71258 1.4648 0.464796 -0.766157 0.439276 
11 2300 0.314611 0.000137811 7.00442 1.46596 -6.89494e-05 1.00059 2.71473 1.46596 0.465957 -0.763663 0.459482 
11 2400 0.328269 0.000137811 7.00442 1.46776 8.47069e-06 1.0006 2.71807 1.46776 0.467758 -0.759803 0.479688 
11 2500 0.341926 0.000137811 7.00442 1.46961 5.9502e-05 1.0006 2.7215 1.46961 0.469612 -0.755849 0.499907 
11 2600 0.355583 0.000137811 7.00442 1.47135 3.94036e-05 1.00061 2.72472 1.47135 0.47135 -0.752154 0.520189 
11 2700 0.36924 0.000137811 7.00442 1.47355 0.000119613 1.00062 2.7288 1.47355 0.473552 -0.747493 0.54048 
11 2800 0.383021 0.000137811 7.00442 1.47525 0.000205769 1.00062 2.73194 1.47525 0.475249 -0.743917 0.560789 
11 2900 0.396679 0.000137811 7.00442 1.47719 9.50227e-05 1.00063 2.73553 1.47719 0.477187 -0.739847 0.581131 
11 3000 0.410336 0.000137811 7.00442 1.47881 7.72212e-05 1.00063 2.73853 1.47881 0.478806 -0.73646 0.601505 
11 3100 0.423993 0.000137811 7.00442 1.47981 3.14883e-05 1.00063 2.74038 1.47981 0.479806 -0.734374 0.621885 
11 3200 0.43765 0.000137811 7.00442 1.48138 1.69257e-05 1.00064 2.74329 1.48138 0.481376 -0.731106 0.642282 
11 3300 0.451307 0.000137811 7.00442 1.48251 -1.41676e-05 1.00064 2.7454 1.48251 0.482515 -0.728743 0.662702 
11 3400 0.464965 0.000137811 7.00442 1.48417 3.52718e-05 1.00064 2.74846 1.48417 0.484168 -0.725324 0.683159 
11 3500 0.478746 0.000137811 7.00442 1.48565 5.75844e-05 1.00064 2.75119 1.48565 0.485645 -0.722277 0.703605 
11 3600 0.492403 0.000137811 7.00442 1.48677 7.10884e-05 1.00064 2.75328 1.48677 0.486772 -0.71996 0.724081 
11 3700 0.50606 0.000137811 7.00442 1.48865 9.33775e-05 1.00065 2.75675 1.48865 0.488645 -0.716119 0.744592 
11 3800 0.519717 0.000137811 7.00442 1.4901 0.000114978 1.00065 2.75945 1.4901 0.490105 -0.713136 0.765118 
11 3900 0.533375 0.000137811 7.00442 1.49134 3.75912e-05 1.00065 2.76174 1.49134 0.491338 -0.710623 0.78565 
11 4000 0.547032 0.000137811 7.00442 1.4928 4.39306e-05 1.00065 2.76444 1.4928 0.492798 -0.707656 0.806218 
11 4100 0.560689 0.000137811 7.00442 1.49437 -6.31778e-06 1.00065 2.76736 1.49437 0.494373 -0.704465 0.826802 
11 4200 0.57447 0.000137811 7.00442 1.49546 -1.72664e-05 1.00065 2.76937 1.49546 0.495461 -0.702267 0.847399 
11 4300 0.588127 0.000137811 7.00442 1.49713 -5.69178e-05 1.00066 2.77246 1.49713 0.497128 -0.698907 0.868017 
11 4400 0.601785 0.000137811 7.00442 1.49842 -8.67201e-05 1.00066 2.77485 1.49842 0.498419 -0.696314 0.888656 
11 4500 0.615442 0.000137811 7.00442 1.49941 -9.19607e-05 1.00066 2.77669 1.49941 0.499415 -0.694319 0.909307 
11 4600 0.629099 0.000137811 7.00442 1.50073 -4.76669e-05 1.00066 2.77913 1.50073 0.500731 -0.691686 0.929982 
11 4700 0.642756 0.000137811 7.00442 1.50188 -6.55926e-05 1.00066 2.78126 1.50188 0.501878 -0.689397 0.950665 
11 4800 0.656413 0.000137811 7.00442 1.5026 -6.1932e-05 1.00066 2.78258 1.5026 0.502595 -0.68797 0.971376 
11 4900 0.670194 0.000137811 7.00442 1.50373 -2.84437e-05 1.00066 2.78468 1.50373 0.503726 -0.685724 0.992089 
11 5000 0.683852 0.000137811 7.00442 1.50466 -1.41686e-05 1.00066 2.7864 1.50466 0.504657 -0.683877 1.01281 
11 5100 0.697509 0.000137811 7.00442 1.50529 -4.18717e-05 1.00066 2.78757 1.50529 0.505287 -0.682628 1.03355 
11 5200 0.711166 0.000137811 7.00442 1.50645 2.33411e-05 1.00066 2.78972 1.50645 0.506448 -0.680334 1.05431 
11 5300 0.724823 0.000137811 7.00442 1.50728 2.32562e-05 1.00066 2.79126 1.50728 0.507278 -0.678695 1.07507 
11 5400 0.738481 0.000137811 7.00442 1.50785 7.48293e-05 1.00066 2.79231 1.50785 0.507846 -0.677577 1.09584 
11 5500 0.752138 0.000137811 7.00442 1.509 1.89142e-05 1.00066 2.79445 1.509 0.509003 -0.675301 1.11663 
11 5600 0.765919 0.000137811 7.00442 1.50991 -3.66673e-05 1.00066 2.79613 1.50991 0.509908 -0.673525 1.13743 
11 5700 0.779576 0.000137811 7.00442 1.51042 -6.988e-05 1.00066 2.79707 1.51042 0.510415 -0.672531 1.15824 
11 5800 0.793233 0.000137811 7.00442 1.51146 1.60269e-05 1.00066 2.799 1.51146 0.51146 -0.670485 1.17905 
11 5900 0.806891 0.000137811 7.00442 1.51242 -1.39982e-05 1.00066 2.80078 1.51242 0.512423 -0.668604 1.1999 
11 6000 0.820548 0.000137811 7.00442 1.51314 -3.06997e-05 1.00066 2.80212 1.51314 0.513142 -0.667202 1.22074 
11 6100 0.834205 0.000137811 7.00442 1.51418 -6.38607e-05 1.00066 2.80405 1.51418 0.514185 -0.665172 1.24159 
11 6200 0.847986 0.000137811 7.00442 1.51476 -8.11934e-05 1.00066 2.80512 1.51476 0.514763 -0.664048 1.26247 
11 6300 0.861643 0.000137811 7.00442 1.51536 -3.08257e-05 1.00066 2.80623 1.51536 0.515364 -0.662882 1.28335 
11 6400 0.8753 0.000137811 7.00442 1.5161 -7.30363e-05 1.00066 2.80759 1.5161 0.516096 -0.661463 1.30422 
11 6500 0.888958 0.000137811 7.00442 1.51684 -6.16295e-05 1.00066 2.80896 1.51684 0.51684 -0.660022 1.32513 
11 6600 0.902615 0.000137811 7.00442 1.51726 -1.59571e-05 1.00066 2.80974 1.51726 0.517258 -0.659214 1.34604 
11 6700 0.916272 0.000137811 7.00442 1.51784 3.26285e-05 1.00065 2.81081 1.51784 0.51784 -0.658089 1.36694 
11 6800 0.929929 0.000137811 7.00442 1.5186 8.73348e-05 1.00065 2.81223 1.5186 0.518603 -0.656617 1.38788 
11 6900 0.94371 0.000137811 7.00442 1.51922 8.27144e-05 1.00066 2.81338 1.51922 0.519224 -0.65542 1.40881 
11 7000 0.957368 0.000137811 7.00442 1.51973 7.43515e-05 1.00065 2.81432 1.51973 0.519732 -0.654442 1.42974 
11 7100 0.971025 0.000137811 7.00442 1.5203 -0.000113718 1.00065 2.81537 1.5203 0.520298 -0.653354 1.4507 
11 7200 0.984682 0.000137811 7.00442 1.52078 0.000193501 1.00066 2.81625 1.52078 0.520777 -0.652434 1.47165 
11 7300 0.998339 0.000137811 7.00442 1.52108 0.000117142 1.00065 2.81681 1.52108 0.521078 -0.651856 1.4926 
11 7400 1.012 0.000137811 7.00442 1.52155 0.000264747 1.00065 2.81769 1.52155 0.52155 -0.65095 1.51357 
11 7500 1.02565 0.000137811 7.00442 1.52252 -0.000520168 1.00065 2.81948 1.52252 0.522521 -0.649091 1.53455 
11 7600 1.03943 0.000137811 7.00442 1.52277 -0.000793524 1.00066 2.81995 1.52277 0.522771 -0.648612 1.55553 
11 7700 1.05309 0.000137811 7.00442 1.5236 -0.000489718 1.00066 2.82147 1.5236 0.523596 -0.647035 1.57652 
11 7800 1.06675 0.000137811 7.00442 1.52414 -0.000199986 1.00065 2.82248 1.52414 0.524138 -0.646 1.59752 
11 7900 1.08041 0.000137811 7.00442 1.52429 -0.000101743 1.00065 2.82277 1.52429 0.524294 -0.645702 1.61853 
11 8000 1.09406 0.000137811 7.00442 1.52472 -9.38401e-05 1.00065 2.82355 1.52472 0.524719 -0.644892 1.63954 
11 8100 1.10772 0.000137811 7.00442 1.52491 -4.62533e-06 1.00065 2.8239 1.52491 0.524905 -0.644538 1.66055 
11 8200 1.12138 0.000137811 7.00442 1.52525 -3.89143e-05 1.00065 2.82453 1.52525 0.525246 -0.643889 1.68157 
11 8300 1.13516 0.000137811 7.00442 1.52569 5.57007e-06 1.00065 2.82534 1.52569 0.525685 -0.643052 1.70259 
11 8400 1.14882 0.000137811 7.00442 1.52579 1.45863e-05 1.00065 2.82554 1.52579 0.525793 -0.642848 1.72361 
11 8500 1.16247 0.000137811 7.00442 1.52583 -2.48133e-05 1.00064 2.82561 1.52583 0.525832 -0.642774 1.74465 
11 8600 1.17613 0.000137811 7.00442 1.52634 -2.96323e-05 1.00065 2.82656 1.52634 0.526342 -0.641803 1.76567 
11 8700 1.18979 0.000137811 7.00442 1.52651 -9.55243e-05 1.00064 2.82686 1.52651 0.526506 -0.641493 1.7867 
11 8800 1.20345 0.000137811 7.00442 1.52649 3.5832e-05 1.00064 2.82683 1.52649 0.52649 -0.641522 1.80775 
11 8900 1.2171 0.000137811 7.00442 1.52695 -2.40106e-05 1.00064 2.82769 1.52695 0.526951 -0.640647 1.82878 
11 9000 1.23088 0.000137811 7.00442 1.5271 1.33665e-05 1.00064 2.82797 1.5271 0.527105 -0.640356 1.84982 
11 9100 1.24454 0.000137811 7.00442 1.52712 -9.10662e-05 1.00064 2.82799 1.52712 0.527116 -0.640334 1.87087 
11 9200 1.2582 0.000137811 7.00442 1.52754 -1.28226e-05 1.00064 2.82878 1.52754 0.52754 -0.639531 1.89192 
11 9300 1.27186 0.000137811 7.00442 1.5277 -2.58061e-05 1.00064 2.82908 1.5277 0.527702 -0.639223 1.91296 
11 9400 1.28551 0.000137811 7.00442 1.52773 8.14797e-05 1.00064 2.82914 1.52773 0.527733 -0.639164 1.93402 
11 9500 1.29917 0.000137811 7.00442 1.52799 3.07273e-06 1.00064 2.82961 1.52799 0.527988 -0.638682 1.95508 
11 9600 1.31283 0.000137811 7.00442 1.52823 3.21895e-05 1.00064 2.83006 1.52823 0.528235 -0.638214 1.97613 
11 9700 1.32661 0.000137811 7.00442 1.52849 -4.59265e-05 1.00064 2.83053 1.52849 0.528486 -0.637739 1.9972 
11 9800 1.34027 0.000137811 7.00442 1.52869 -6.04932e-06 1.00064 2.8309 1.52869 0.528686 -0.637361 2.01826 
11 9900 1.35392 0.000137811 7.00442 1.52882 5.72413e-05 1.00064 2.83116 1.52882 0.528825 -0.637098 2.03932 
11 10000 1.36758 0.000137811 7.00442 1.52889 -3.35372e-05 1.00064 2.83127 1.52889 0.528888 -0.63698 2.0604 
11 10100 1.38124 0.000137811 7.00442 1.52896 7.548e-07 1.00064 2.8314 1.52896 0.528957 -0.636848 2.08146 
11 10200 1.39489 0.000137811 7.00442 1.52907 -4.76564e-05 1.00064 2.83161 1.52907 0.529071 -0.636632 2.10253 
11 10300 1.40855 0.000137811 7.00442 1.52909 5.1606e-05 1.00064 2.83164 1.52909 0.529088 -0.636601 2.12361 
11 10400 1.42233 0.000137811 7.00442 1.52942 -6.03217e-05 1.00064 2.83226 1.52942 0.529418 -0.635977 2.14468 
11 10500 1.43599 0.000137811 7.00442 1.52954 -1.26944e-05 1.00064 2.83247 1.52954 0.529536 -0.635754 2.16576 
11 10600 1.44965 0.000137811 7.00442 1.52948 2.24442e-05 1.00064 2.83237 1.52948 0.529481 -0.635857 2.18684 
11 10700 1.4633 0.000137811 7.00442 1.52956 -1.4046e-05 1.00064 2.83251 1.52956 0.529555 -0.635718 2.20791 
11 10800 1.47696 0.000137811 7.00442 1.52979 -1.84319e-05 1.00064 2.83294 1.52979 0.529789 -0.635276 2.22899 
11 10900 1.49062 0.000137811 7.00442 1.52969 4.01079e-05 1.00064 2.83277 1.52969 0.529695 -0.635454 2.25008 
11 11000 1.50428 0.000137811 7.00442 1.5298 1.72676e-05 1.00064 2.83297 1.5298 0.529803 -0.63525 2.27115 
11 11100 1.51806 0.000137811 7.00442 1.52993 -1.53752e-05 1.00064 2.83321 1.52993 0.529932 -0.635007 2.29224 
11 11200 1.53171 0.000137811 7.00442 1.53012 5.07527e-05 1.00064 2.83356 1.53012 0.53012 -0.634652 2.31333 
11 11300 1.54537 0.000137811 7.00442 1.53016 2.01929e-05 1.00064 2.83362 1.53016 0.530156 -0.634584 2.33441 
11 11400 1.55903 0.000137811 7.00442 1.5304 6.66776e-05 1.00064 2.83407 1.5304 0.530398 -0.634128 2.3555 
11 11500 1.57269 0.000137811 7.00442 1.53035 3.28586e-05 1.00064 2.83399 1.53035 0.530353 -0.634212 2.37659 
11 11600 1.58634 0.000137811 7.00442 1.53046 7.08121e-05 1.00064 2.83418 1.53046 0.530456 -0.634018 2.39768 
11 11700 1.6 0.000137811 7.00442 1.53052 0.000109099 1.00064 2.83429 1.53052 0.530518 -0.633901 2.41877 
11 11800 1.61378 0.000137811 7.00442 1.53064 7.44627e-05 1.00064 2.83451 1.53064 0.530638 -0.633676 2.43986 
11 11900 1.62744 0.000137811 7.00442 1.53055 6.30839e-05 1.00064 2.83436 1.53055 0.530553 -0.633836 2.46095 
11 12000 1.6411 0.000137811 7.00442 1.53095 -1.03973e-05 1.00064 2.8351 1.53095 0.530954 -0.63308 2.48205 
11 12100 1.65475 0.000137811 7.00442 1.53085 5.452e-05 1.00064 2.83492 1.53085 0.530854 -0.633268 2.50314 
11 12200 1.66841 0.000137811 7.00442 1.53065 2.35317e-05 1.00064 2.83453 1.53065 0.530647 -0.633658 2.52424 
11 12300 1.68207 0.000137811 7.00442 1.53103 4.56094e-05 1.00064 2.83524 1.53103 0.531032 -0.632933 2.54533 
11 12400 1.69585 0.000137811 7.00442 1.53089 1.85563e-05 1.00064 2.83498 1.53089 0.53089 -0.633201 2.56643 
11 12500 1.70951 0.000137811 7.00442 1.53074 -7.65941e-06 1.00064 2.83471 1.53074 0.530744 -0.633475 2.58752 
11 12600 1.72316 0.000137811 7.00442 1.53099 -8.40665e-05 1.00064 2.83517 1.53099 0.530991 -0.633009 2.60862 
11 12700 1.73682 0.000137811 7.00442 1.53101 -2.05156e-05 1.00064 2.8352 1.53101 0.531006 -0.632982 2.62971 
11 12800 1.75048 0.000137811 7.00442 1.53091 -8.9476e-05 1.00064 2.83501 1.53091 0.530907 -0.633168 2.65081 
11 12900 1.76413 0.000137811 7.00442 1.53131 -0.000152177 1.00064 2.83576 1.53131 0.531309 -0.632412 2.67192 
11 13000 1.77779 0.000137811 7.00442 1.53145 -6.189e-05 1.00064 2.83601 1.53145 0.531448 -0.63215 2.69301 
11 13100 1.79157 0.000137811 7.00442 1.53118 -8.45474e-05 1.00064 2.83552 1.53118 0.531182 -0.63265 2.71412 
11 13200 1.80523 0.000137811 7.00442 1.53154 -3.62774e-05 1.00064 2.83619 1.53154 0.531543 -0.631972 2.73523 
11 13300 1.81889 0.000137811 7.00442 1.53156 -6.61837e-06 1.00064 2.83623 1.53156 0.531564 -0.631932 2.75633 
11 13400 1.83254 0.000137811 7.00442 1.5313 6.85423e-05 1.00064 2.83574 1.5313 0.531299 -0.632431 2.77743 
11 13500 1.8462 0.000137811 7.00442 1.53158 -2.6686e-05 1.00064 2.83625 1.53158 0.531577 -0.631906 2.79854 
11 13600 1.85986 0.000137811 7.00442 1.53157 2.71017e-05 1.00064 2.83625 1.53157 0.531574 -0.631912 2.81964 
11 13700 1.87352 0.000137811 7.00442 1.53131 -4.71384e-05 1.00064 2.83576 1.53131 0.531308 -0.632414 2.84075 
11 13800 1.8873 0.000137811 7.00442 1.53161 -2.66578e-05 1.00064 2.83631 1.53161 0.531605 -0.631854 2.86186 
11 13900 1.90095 0.000137811 7.00442 1.53169 -0.000115832 1.00064 2.83646 1.53169 0.531686 -0.631702 2.88296 
11 14000 1.91461 0.000137811 7.00442 1.53143 3.40966e-07 1.00064 2.83598 1.53143 0.531432 -0.632181 2.90407 
11 14100 1.92827 0.000137811 7.00442 1.53189 -5.17649e-05 1.00064 2.83683 1.53189 0.53189 -0.631319 2.92518 
11 14200 1.94193 0.000137811 7.00442 1.53192 -7.46993e-05 1.00064 2.83689 1.53192 0.531919 -0.631264 2.94628 
11 14300 1.95558 0.000137811 7.00442 1.53165 -7.16894e-05 1.00064 2.83639 1.53165 0.53165 -0.631771 2.96739 
11 14400 1.96924 0.000137811 7.00442 1.53199 -0.000139975 1.00064 2.83701 1.53199 0.531986 -0.631138 2.9885 
11 14500 1.98302 0.000137811 7.00442 1.53201 -9.71298e-05 1.00064 2.83705 1.53201 0.532006 -0.631101 3.00961 
11 14600 1.99668 0.000137811 7.00442 1.53179 -6.34084e-05 1.00064 2.83664 1.53179 0.531787 -0.631512 3.03073 
11 14700 2.01034 0.000137811 7.00442 1.53205 3.0739e-05 1.00064 2.83713 1.53205 0.532049 -0.63102 3.05184 
11 14800 2.02399 0.000137811 7.00442 1.53216 1.38103e-05 1.00065 2.83733 1.53216 0.532156 -0.630819 3.07295 
11 14900 2.03765 0.000137811 7.00442 1.53186 6.00728e-05 1.00064 2.83678 1.53186 0.53186 -0.631375 3.09407 
11 15000 2.05131 0.000137811 7.00442 1.53196 0.000101058 1.00064 2.83696 1.53196 0.53196 -0.631187 3.11517 
11 15100 2.06496 0.000137811 7.00442 1.53221 3.65645e-06 1.00064 2.83743 1.53221 0.532214 -0.630709 3.13628 
11 15200 2.07875 0.000137811 7.00442 1.53198 1.28768e-05 1.00064 2.83701 1.53198 0.531985 -0.631141 3.1574 
11 15300 2.0924 0.000137811 7.00442 1.53216 7.72689e-05 1.00064 2.83734 1.53216 0.532163 -0.630805 3.17851 
11 15400 2.10606 0.000137811 7.00442 1.53225 2.64108e-06 1.00064 2.83751 1.53225 0.532255 -0.630633 3.19962 
11 15500 2.11972 0.000137811 7.00442 1.53207 -1.29674e-05 1.00064 2.83717 1.53207 0.532072 -0.630977 3.22075 
11 15600 2.13337 0.000137811 7.00442 1.53221 2.60102e-05 1.00064 2.83743 1.53221 0.532214 -0.63071 3.24186 
11 15700 2.14703 0.000137811 7.00442 1.53223 5.59158e-05 1.00064 2.83747 1.53223 0.532233 -0.630674 3.26297 
11 15800 2.16069 0.000137811 7.00442 1.53212 2.15448e-05 1.00064 2.83727 1.53212 0.532125 -0.630877 3.28409 
11 15900 2.17447 0.000137811 7.00442 1.53214 5.64993e-05 1.00064 2.8373 1.53214 0.532141 -0.630846 3.3052 
11 16000 2.18813 0.000137811 7.00442 1.53214 7.6717e-07 1.00064 2.83729 1.53214 0.532136 -0.630855 3.32631 
11 16100 2.20178 0.000137811 7.00442 1.53202 -4.33026e-05 1.00064 2.83708 1.53202 0.532021 -0.631071 3.34743 
11 16200 2.21544 0.000137811 7.00442 1.532 -0.000137121 1.00064 2.83704 1.532 0.532003 -0.631106 3.36854 
11 16300 2.2291 0.000137811 7.00442 1.53225 -9.02894e-05 1.00065 2.8375 1.53225 0.532249 -0.630645 3.38965 
11 16400 2.24276 0.000137811 7.00442 1.5322 -1.97703e-05 1.00064 2.83741 1.5322 0.532204 -0.630728 3.41076 
11 16500 2.25641 0.000137811 7.00442 1.53208 -0.000109545 1.00064 2.83718 1.53208 0.532078 -0.630966 3.43188 
11 16600 2.27019 0.000137811 7.00442 1.53226 -8.72817e-05 1.00064 2.83752 1.53226 0.532259 -0.630624 3.45299 
11 16700 2.28385 0.000137811 7.00442 1.53228 5.34785e-05 1.00064 2.83755 1.53228 0.532276 -0.630594 3.4741 
11 16800 2.29751 0.000137811 7.00442 1.53209 0.000105807 1.00064 2.83721 1.53209 0.532094 -0.630935 3.49522 
11 16900 2.31117 0.000137811 7.00442 1.53227 -1.89895e-05 1.00064 2.83754 1.53227 0.532269 -0.630606 3.51634 
11 17000 2.32482 0.000137811 7.00442 1.53221 1.49039e-05 1.00064 2.83743 1.53221 0.53221 -0.630717 3.53745 
11 17100 2.33848 0.000137811 7.00442 1.5321 2.02396e-05 1.00064 2.83722 1.5321 0.532097 -0.63093 3.55856 
11 17200 2.35214 0.000137811 7.00442 1.53224 6.65936e-05 1.00065 2.83748 1.53224 0.532241 -0.630659 3.57968 
11 17300 2.36592 0.000137811 7.00442 1.53215 5.55826e-05 1.00064 2.83732 1.53215 0.532151 -0.630827 3.60079 
11 17400 2.37958 0.000137811 7.00442 1.53216 -6.07655e-05 1.00064 2.83733 1.53216 0.532158 -0.630815 3.6219 
11 17500 2.39323 0.000137811 7.00442 1.53216 -7.5367e-06 1.00064 2.83733 1.53216 0.532157 -0.630817 3.64302 
11 17600 2.40689 0.000137811 7.00442 1.53208 -6.49465e-05 1.00064 2.83718 1.53208 0.532079 -0.630964 3.66413 
11 17700 2.42055 0.000137811 7.00442 1.53192 -2.62194e-05 1.00064 2.83689 1.53192 0.531921 -0.63126 3.68524 
11 17800 2.4342 0.000137811 7.00442 1.53208 -7.48376e-05 1.00064 2.83719 1.53208 0.532082 -0.630958 3.70636 
11 17900 2.44799 0.000137811 7.00442 1.53216 8.21514e-05 1.00064 2.83733 1.53216 0.532158 -0.630814 3.72747 
11 18000 2.46164 0.000137811 7.00442 1.53221 0.000111428 1.00065 2.83743 1.53221 0.53221 -0.630717 3.74858 
11 18100 2.4753 0.000137811 7.00442 1.53231 0.000100919 1.00064 2.83761 1.53231 0.532312 -0.630526 3.7697 
11 18200 2.48896 0.000137811 7.00442 1.53221 0.0001101 1.00064 2.83743 1.53221 0.532214 -0.630709 3.79082 
11 18300 2.50261 0.000137811 7.00442 1.53209 7.80759e-05 1.00064 2.8372 1.53209 0.532091 -0.630941 3.81193 
11 18400 2.51627 0.000137811 7.00442 1.53226 5.60288e-05 1.00064 2.83752 1.53226 0.532262 -0.63062 3.83305 
11 18500 2.52993 0.000137811 7.00442 1.53215 0.000105452 1.00064 2.83732 1.53215 0.532151 -0.630828 3.85416 
11 18600 2.54371 0.000137811 7.00442 1.53197 1.97177e-06 1.00064 2.83699 1.53197 0.531973 -0.631162 3.87528 
11 18700 2.55737 0.000137811 7.00442 1.532 1.21231e-05 1.00064 2.83704 1.532 0.532 -0.631111 3.89639 
11 18800 2.57102 0.000137811 7.00442 1.53219 8.6066e-05 1.00064 2.83739 1.53219 0.532188 -0.630759 3.91749 
11 18900 2.58468 0.000137811 7.00442 1.53214 -7.41281e-07 1.00064 2.8373 1.53214 0.53214 -0.630849 3.93862 
11 19000 2.59834 0.000137811 7.00442 1.53223 2.20085e-06 1.00064 2.83746 1.53223 0.532227 -0.630685 3.95973 
11 19100 2.612 0.000137811 7.00442 1.53227 -7.40629e-05 1.00064 2.83754 1.53227 0.532271 -0.630603 3.98084 
11 19200 2.62565 0.000137811 7.00442 1.53218 -5.18993e-05 1.00064 2.83736 1.53218 0.532176 -0.630781 4.00196 
11 19300 2.63943 0.000137811 7.00442 1.53215 1.40556e-05 1.00064 2.83731 1.53215 0.532148 -0.630833 4.02307 
11 19400 2.65309 0.000137811 7.00442 1.53228 5.40781e-05 1.00064 2.83755 1.53228 0.532278 -0.63059 4.04418 
11 19500 2.66675 0.000137811 7.00442 1.53212 5.57636e-05 1.00064 2.83726 1.53212 0.532119 -0.630889 4.0653 
11 19600 2.68041 0.000137811 7.00442 1.53198 -2.23243e-05 1.00064 2.83699 1.53198 0.531975 -0.631158 4.08641 
11 19700 2.69406 0.000137811 7.00442 1.53234 1.6746e-05 1.00064 2.83768 1.53234 0.532345 -0.630464 4.10752 
11 19800 2.70772 0.000137811 7.00442 1.53215 -4.85207e-05 1.00064 2.83732 1.53215 0.532153 -0.630825 4.12864 
11 19900 2.72138 0.000137811 7.00442 1.53195 6.94506e-08 1.00064 2.83694 1.53195 0.531947 -0.631212 4.14975 
11 20000 2.73516 0.000137811 7.00442 1.53233 -8.62845e-06 1.00064 2.83764 1.53233 0.532326 -0.6305 4.17087 
11 20100 2.74882 0.000137811 7.00442 1.53226 7.28253e-05 1.00064 2.83751 1.53226 0.532256 -0.63063 4.19198 
11 20200 2.76247 0.000137811 7.00442 1.53191 -2.55218e-05 1.00064 2.83687 1.53191 0.531912 -0.631277 4.21309 
11 20300 2.77613 0.000137811 7.00442 1.53228 2.03573e-05 1.00064 2.83755 1.53228 0.532278 -0.63059 4.23421 
11 20400 2.78979 0.000137811 7.00442 1.53221 4.26496e-05 1.00064 2.83743 1.53221 0.532214 -0.63071 4.25532 
11 20500 2.80345 0.000137811 7.00442 1.53187 1.14044e-05 1.00064 2.8368 1.53187 0.53187 -0.631356 4.27643 
11 20600 2.8171 0.000137811 7.00442 1.53234 6.03242e-05 1.00064 2.83767 1.53234 0.53234 -0.630473 4.29755 
11 20700 2.83088 0.000137811 7.00442 1.53233 -2.49034e-05 1.00064 2.83765 1.53233 0.532331 -0.630489 4.31866 
11 20800 2.84454 0.000137811 7.00442 1.532 0.000123543 1.00064 2.83704 1.532 0.532001 -0.631109 4.33978 
11 20900 2.8582 0.000137811 7.00442 1.53241 5.92034e-05 1.00065 2.83779 1.53241 0.532407 -0.630348 4.3609 
11 21000 2.87186 0.000137811 7.00442 1.53247 3.97612e-05 1.00064 2.8379 1.53247 0.532468 -0.630232 4.38201 
11 21100 2.88551 0.000137811 7.00442 1.5322 -2.60041e-05 1.00064 2.83741 1.5322 0.532202 -0.630732 4.40313 
11 21200 2.89917 0.000137811 7.00442 1.5324 5.20169e-05 1.00065 2.83778 1.5324 0.532402 -0.630357 4.42425 
11 21300 2.91283 0.000137811 7.00442 1.53236 -5.28716e-05 1.00064 2.8377 1.53236 0.532356 -0.630443 4.44536 
11 21400 2.92661 0.000137811 7.00442 1.532 -2.08915e-05 1.00064 2.83704 1.532 0.532002 -0.631108 4.46648 
11 21500 2.94027 0.000137811 7.00442 1.53246 -3.25143e-05 1.00064 2.83788 1.53246 0.532456 -0.630255 4.4876 
11 21600 2.95392 0.000137811 7.00442 1.53246 1.2622e-05 1.00064 2.8379 1.53246 0.532464 -0.630241 4.50871 
11 21700 2.96758 0.000137811 7.00442 1.53203 0.000102373 1.00064 2.83709 1.53203 0.532026 -0.631063 4.52983 
11 21800 2.98124 0.000137811 7.00442 1.53229 0.000141946 1.00064 2.83758 1.53229 0.532294 -0.630559 4.55094 
11 21900 2.99489 0.000137811 7.00442 1.53228 8.60382e-05 1.00064 2.83756 1.53228 0.532281 -0.630583 4.57206 
11 22000 3.00855 0.000137811 7.00442 1.53209 2.40983e-05 1.00064 2.8372 1.53209 0.532087 -0.630948 4.59318 
11 22100 3.02233 0.000137811 7.00442 1.53223 5.43774e-05 1.00064 2.83747 1.53223 0.532231 -0.630677 4.61429 
11 22200 3.03599 0.000137811 7.00442 1.53223 0.000113241 1.00064 2.83746 1.53223 0.532229 -0.630681 4.6354 
11 22300 3.04965 0.000137811 7.00442 1.53209 0.000137974 1.00064 2.8372 1.53209 0.532088 -0.630947 4.65652 
11 22400 3.0633 0.000137811 7.00442 1.53224 7.96101e-05 1.00064 2.83748 1.53224 0.53224 -0.63066 4.67763 
11 22500 3.07696 0.000137811 7.00442 1.53227 -1.80461e-06 1.00064 2.83754 1.53227 0.532273 -0.630598 4.69875 
11 22600 3.09062 0.000137811 7.00442 1.53206 -5.05548e-05 1.00064 2.83714 1.53206 0.532056 -0.631006 4.71987 
11 22700 3.10428 0.000137811 7.00442 1.53224 -1.83946e-05 1.00064 2.83748 1.53224 0.532238 -0.630665 4.74098 
11 22800 3.11806 0.000137811 7.00442 1.53227 2.64563e-05 1.00064 2.83753 1.53227 0.532268 -0.630608 4.76209 
11 22900 3.13171 0.000137811 7.00442 1.53215 1.3858e-05 1.00064 2.83732 1.53215 0.532155 -0.630821 4.78321 
11 23000 3.14537 0.000137811 7.00442 1.53234 -6.47209e-05 1.00064 2.83766 1.53234 0.532338 -0.630477 4.80432 
11 23100 3.15903 0.000137811 7.00442 1.53241 -2.00518e-05 1.00064 2.83779 1.53241 0.532406 -0.63035 4.82544 
11 23200 3.17269 0.000137811 7.00442 1.53205 -3.4454e-05 1.00064 2.83713 1.53205 0.532049 -0.63102 4.84656 
11 23300 3.18634 0.000137811 7.00442 1.53231 -2.75576e-05 1.00064 2.83762 1.53231 0.532312 -0.630525 4.86767 
11 23400 3.2 0.000137811 7.00442 1.53236 -8.77715e-06 1.00065 2.83771 1.53236 0.532361 -0.630433 4.88878 
11 23500 3.21378 0.000137811 7.00442 1.53208 2.04009e-05 1.00064 2.83718 1.53208 0.532078 -0.630964 4.9099 
11 23600 3.22744 0.000137811 7.00442 1.53206 -3.8073e-05 1.00064 2.83716 1.53206 0.532064 -0.630991 4.93101 
11 23700 3.2411 0.000137811 7.00442 1.53237 -6.11684e-05 1.00065 2.83773 1.53237 0.532372 -0.630412 4.95213 
11 23800 3.25475 0.000137811 7.00442 1.53228 -8.00711e-05 1.00064 2.83755 1.53228 0.532279 -0.630587 4.97324 
11 23900 3.26841 0.000137811 7.00442 1.53221 -0.00013012 1.00064 2.83742 1.53221 0.532206 -0.630724 4.99436 
11 24000 3.28207 0.000137811 7.00442 1.53235 -7.20827e-05 1.00064 2.83768 1.53235 0.532347 -0.63046 5.01548 
11 24100 3.29585 0.000137811 7.00442 1.53223 -0.000108869 1.00064 2.83747 1.53223 0.532234 -0.630672 5.03659 
11 24200 3.30951 0.000137811 7.00442 1.53202 -0.000124404 1.00064 2.83708 1.53202 0.532024 -0.631067 5.0577 
11 24300 3.32316 0.000137811 7.00442 1.5322 -0.000160537 1.00064 2.8374 1.5322 0.532196 -0.630743 5.07882 
11 24400 3.33682 0.000137811 7.00442 1.53215 -9.77612e-05 1.00064 2.83732 1.53215 0.532153 -0.630825 5.09993 
11 24500 3.35048 0.000137811 7.00442 1.532 -0.000125358 1.00064 2.83704 1.532 0.532002 -0.631108 5.12104 
11 24600 3.36413 0.000137811 7.00442 1.53211 -2.37648e-05 1.00064 2.83724 1.53211 0.532107 -0.63091 5.14216 
11 24700 3.37779 0.000137811 7.00442 1.53212 -1.41583e-06 1.00064 2.83725 1.53212 0.532115 -0.630895 5.16327 
11 24800 3.39157 0.000137811 7.00442 1.53203 7.58366e-05 1.00064 2.83708 1.53203 0.532026 -0.631063 5.18438 
11 24900 3.40523 0.000137811 7.00442 1.53216 -5.84533e-05 1.00065 2.83734 1.53216 0.532165 -0.630802 5.2055 
11 25000 3.41889 0.000137811 7.00442 1.5322 -4.18219e-05 1.00064 2.83742 1.5322 0.532204 -0.630728 5.22661 
11 25100 3.43254 0.000137811 7.00442 1.53218 -4.9331e-05 1.00064 2.83738 1.53218 0.532183 -0.630768 5.24772 
11 25200 3.4462 0.000137811 7.00442 1.53227 4.59817e-05 1.00064 2.83754 1.53227 0.532271 -0.630602 5.26885 
11 25300 3.45986 0.000137811 7.00442 1.5322 3.89327e-05 1.00064 2.83741 1.5322 0.5322 -0.630735 5.28996 
11 25400 3.47352 0.000137811 7.00442 1.53219 4.75282e-05 1.00064 2.83738 1.53219 0.532187 -0.630761 5.31107 
11 25500 3.4873 0.000137811 7.00442 1.53214 -0.000144645 1.00064 2.83729 1.53214 0.532136 -0.630856 5.33219 
11 25600 3.50095 0.000137811 7.00442 1.53221 -1.67885e-05 1.00064 2.83743 1.53221 0.532212 -0.630713 5.3533 
11 25700 3.51461 0.000137811 7.00442 1.53203 -9.76037e-05 1.00064 2.8371 1.53203 0.532033 -0.631049 5.37442 
11 25800 3.52827 0.000137811 7.00442 1.53219 -7.2192e-05 1.00064 2.83739 1.53219 0.532189 -0.630757 5.39553 
11 25900 3.54193 0.000137811 7.00442 1.53219 1.84401e-05 1.00064 2.83739 1.53219 0.532192 -0.63075 5.41664 
11 26000 3.55558 0.000137811 7.00442 1.53207 -7.54932e-05 1.00064 2.83717 1.53207 0.532072 -0.630977 5.43776 
11 26100 3.56924 0.000137811 7.00442 1.53213 -9.92035e-05 1.00064 2.83727 1.53213 0.532128 -0.630872 5.45887 
11 26200 3.58302 0.000137811 7.00442 1.53215 -7.04297e-05 1.00064 2.83732 1.53215 0.532154 -0.630823 5.47998 
11 26300 3.59668 0.000137811 7.00442 1.53217 -0.000109355 1.00064 2.83735 1.53217 0.532168 -0.630797 5.5011 
11 26400 3.61034 0.000137811 7.00442 1.53212 -7.26832e-05 1.00064 2.83726 1.53212 0.532121 -0.630885 5.52221 
11 26500 3.62399 0.000137811 7.00442 1.53218 -4.99069e-05 1.00064 2.83737 1.53218 0.532182 -0.63077 5.54332 
11 26600 3.63765 0.000137811 7.00442 1.53214 -7.88048e-05 1.00065 2.83729 1.53214 0.532138 -0.630852 5.56444 
11 26700 3.65131 0.000137811 7.00442 1.53208 -7.58216e-05 1.00064 2.83719 1.53208 0.532084 -0.630953 5.58555 
11 26800 3.66496 0.000137811 7.00442 1.53233 -4.06393e-05 1.00064 2.83764 1.53233 0.532325 -0.6305 5.60667 
11 26900 3.67875 0.000137811 7.00442 1.53231 -5.94867e-05 1.00064 2.83762 1.53231 0.532314 -0.630521 5.62779 
11 27000 3.6924 0.000137811 7.00442 1.53209 -7.44542e-06 1.00064 2.83721 1.53209 0.532093 -0.630936 5.6489 
11 27100 3.70606 0.000137811 7.00442 1.53247 -1.87951e-05 1.00064 2.8379 1.53247 0.532468 -0.630232 5.67001 
11 27200 3.71972 0.000137811 7.00442 1.53234 -0.000128216 1.00064 2.83767 1.53234 0.53234 -0.630473 5.69113 
11 27300 3.73337 0.000137811 7.00442 1.53201 -6.54334e-05 1.00064 2.83706 1.53201 0.532014 -0.631085 5.71225 
11 27400 3.74703 0.000137811 7.00442 1.53224 -0.00012437 1.00064 2.83748 1.53224 0.532238 -0.630665 5.73336 
11 27500 3.76069 0.000137811 7.00442 1.5323 2.29107e-05 1.00064 2.83759 1.5323 0.532301 -0.630547 5.75447 
11 27600 3.77447 0.000137811 7.00442 1.53191 3.97037e-05 1.00064 2.83687 1.53191 0.531911 -0.63128 5.77559 
11 27700 3.78813 0.000137811 7.00442 1.53223 5.97181e-05 1.00064 2.83747 1.53223 0.532233 -0.630674 5.7967 
11 27800 3.80178 0.000137811 7.00442 1.53234 -4.42236e-05 1.00064 2.83767 1.53234 0.532342 -0.63047 5.81781 
11 27900 3.81544 0.000137811 7.00442 1.53194 -0.000118068 1.00064 2.83692 1.53194 0.531937 -0.63123 5.83893 
11 28000 3.8291 0.000137811 7.00442 1.53229 -7.29238e-05 1.00064 2.83758 1.53229 0.532292 -0.630563 5.86005 
11 28100 3.84276 0.000137811 7.00442 1.53233 3.53717e-05 1.00064 2.83764 1.53233 0.532328 -0.630496 5.88116 
11 28200 3.85641 0.000137811 7.00442 1.53191 0.000159176 1.00064 2.83688 1.53191 0.531914 -0.631274 5.90227 
11 28300 3.87019 0.000137811 7.00442 1.53248 7.28751e-05 1.00065 2.83793 1.53248 0.532484 -0.630203 5.92339 
11 28400 3.88385 0.000137811 7.00442 1.53247 -2.02465e-05 1.00064 2.8379 1.53247 0.532468 -0.630233 5.9445 
11 28500 3.89751 0.000137811 7.00442 1.53205 8.4893e-05 1.00064 2.83712 1.53205 0.532046 -0.631026 5.96562 
11 28600 3.91117 0.000137811 7.00442 1.53243 2.60173e-05 1.00065 2.83784 1.53243 0.532431 -0.630302 5.98674 
11 28700 3.92482 0.000137811 7.00442 1.5324 -3.46298e-05 1.00064 2.83778 1.5324 0.5324 -0.63036 6.00785 
11 28800 3.93848 0.000137811 7.00442 1.53202 -7.67304e-05 1.00064 2.83708 1.53202 0.532024 -0.631066 6.02896 
11 28900 3.95214 0.000137811 7.00442 1.53242 7.12562e-05 1.00064 2.83781 1.53242 0.532416 -0.630329 6.05009 
11 29000 3.96592 0.000137811 7.00442 1.53248 0.000152303 1.00064 2.83793 1.53248 0.532481 -0.630208 6.0712 
11 29100 3.97958 0.000137811 7.00442 1.53219 0.000150618 1.00064 2.83739 1.53219 0.532191 -0.630752 6.09231 
11 29200 3.99323 0.000137811 7.00442 1.5324 8.45377e-05 1.00064 2.83778 1.5324 0.532403 -0.630354 6.11343 
11 29300 4.00689 0.000137811 7.00442 1.53256 -1.03276e-05 1.00064 2.83808 1.53256 0.532562 -0.630057 6.13455 
11 29400 4.02055 0.000137811 7.00442 1.5323 -2.8368e-05 1.00064 2.83758 1.5323 0.532296 -0.630556 6.15567 
11 29500 4.0342 0.000137811 7.00442 1.53259 3.51184e-05 1.00064 2.83814 1.53259 0.532593 -0.629998 6.17679 
11 29600 4.04799 0.000137811 7.00442 1.53251 -4.08031e-05 1.00064 2.83799 1.53251 0.532514 -0.630146 6.19791 
11 29700 4.06164 0.000137811 7.00442 1.53242 -6.29554e-05 1.00064 2.83782 1.53242 0.532425 -0.630314 6.21903 
11 29800 4.0753 0.000137811 7.00442 1.53296 -0.00010283 1.00064 2.83882 1.53296 0.532964 -0.629301 6.24015 
11 29900 4.08896 0.000137811 7.00442 1.53322 5.80292e-05 1.00064 2.83929 1.53322 0.533216 -0.628829 6.26127 
11 30000 4.10261 0.000137811 7.00442 1.53327 0.000137854 1.00064 2.83938 1.53327 0.533266 -0.628735 6.28241 
11 30100 4.11627 0.000137811 7.00442 1.53398 0.000115842 1.00064 2.8407 1.53398 0.533977 -0.627402 6.30354 
11 30200 4.12993 0.000137811 7.00442 1.53464 1.32432e-05 1.00064 2.84193 1.53464 0.534642 -0.626157 6.32468 
11 30300 4.14371 0.000137811 7.00442 1.53515 -5.55394e-05 1.00063 2.84287 1.53515 0.535151 -0.625207 6.34584 
11 30400 4.15737 0.000137811 7.00442 1.53643 -2.05893e-05 1.00063 2.84524 1.53643 0.53643 -0.622819 6.367 
11 30500 4.17102 0.000137811 7.00442 1.53807 -1.71023e-05 1.00063 2.84827 1.53807 0.538065 -0.619775 6.38818 
11 30600 4.18468 0.000137811 7.00442 1.54005 -2.75071e-05 1.00062 2.85194 1.54005 0.54005 -0.616093 6.40939 
11 30700 4.19834 0.000137811 7.00441 1.54147 -4.96674e-05 1.00068 2.85457 1.54147 0.541468 -0.613471 6.42978 
11 30800 4.212 0.000137811 7.00436 1.56115 -0.000143546 1.00087 2.89101 1.56115 0.561148 -0.577771 6.44697 
11 30900 4.22565 0.000137811 7.00428 1.59277 -0.000122974 1.00106 2.94957 1.59277 0.592767 -0.522954 6.46268 
11 31000 4.23943 0.000137811 7.00419 1.62375 -0.000170598 1.0012 3.00695 1.62375 0.623753 -0.472 6.47738 
11 31100 4.25309 0.000137811 7.00407 1.64864 -8.69127e-05 1.0013 3.05304 1.64864 0.64864 -0.432878 6.4913 
11 31200 4.26675 0.000137811 7.00395 1.66698 -5.82534e-05 1.00136 3.087 1.66698 0.666981 -0.404994 6.50464 
11 31300 4.28041 0.000137811 7.00381 1.67906 -5.30641e-05 1.00141 3.10937 1.67906 0.679061 -0.387044 6.5175 
11 31400 4.29406 0.000137811 7.00366 1.68528 -2.53717e-05 1.00145 3.12089 1.68528 0.685281 -0.377926 6.53001 
11 31500 4.30772 0.000137811 7.00351 1.68615 -3.95309e-05 1.00147 3.12249 1.68615 0.686146 -0.376665 6.54224 
11 31600 4.32138 0.000137811 7.00336 1.68344 -4.9587e-05 1.00149 3.11748 1.68344 0.683441 -0.380615 6.55425 
11 31700 4.33516 0.000137811 7.00321 1.67802 -2.32684e-05 1.00151 3.10744 1.67802 0.678017 -0.388584 6.56602 
11 31800 4.34882 0.000137811 7.00305 1.6713 -2.54584e-05 1.00151 3.09499 1.6713 0.671297 -0.398544 6.57764 
11 31900 4.36247 0.000137811 7.00289 1.66555 0.000101149 1.00152 3.08435 1.66555 0.665549 -0.407144 6.58916 
11 32000 4.37613 0.000137811 7.00273 1.66045 5.97539e-06 1.00153 3.07491 1.66045 0.660454 -0.414828 6.60055 
11 32100 4.38979 0.000137811 7.00258 1.65516 0.000108439 1.00154 3.06512 1.65516 0.655163 -0.422871 6.61186 
11 32200 4.40345 0.000137811 7.00242 1.65021 -0.000110661 1.00156 3.05594 1.65021 0.650206 -0.430466 6.62307 
11 32300 4.4171 0.000137811 7.00226 1.6451 -6.90176e-05 1.0016 3.04649 1.6451 0.645105 -0.438342 6.63417 
11 32400 4.43088 0.000137811 7.0021 1.64075 7.41324e-05 1.00164 3.03842 1.64075 0.640748 -0.445119 6.64512 
11 32500 4.44454 0.000137811 7.00194 1.63448 0.000138265 1.00166 3.02681 1.63448 0.634476 -0.454956 6.65599 
11 32600 4.4582 0.000137811 7.00178 1.62805 0.000315592 1.00171 3.01491 1.62805 0.628049 -0.465137 6.66677 
11 32700 4.47186 0.000137811 7.00163 1.62246 0.000268108 1.00177 3.00456 1.62246 0.622462 -0.474072 6.67744 
11 32800 4.48551 0.000137811 7.00147 1.61598 0.000811977 1.00183 2.99255 1.61598 0.615976 -0.484547 6.68798 
11 32900 4.49917 0.000137811 7.00132 1.61081 0.000447985 1.00187 2.98299 1.61081 0.610812 -0.492966 6.69846 
11 33000 4.51283 0.000137811 7.00117 1.60552 0.000394288 1.00192 2.97319 1.60552 0.605524 -0.501662 6.70888 
11 33100 4.52661 0.000137811 7.00102 1.60016 0.000359813 1.00195 2.96326 1.60016 0.600163 -0.510555 6.71924 
11 33200 4.54027 0.000137811 7.00087 1.59869 0.000774775 1.00202 2.96054 1.59869 0.598692 -0.513007 6.72953 
11 33300 4.55392 0.000137811 7.00073 1.59508 0.000506709 1.00201 2.95384 1.59508 0.595076 -0.519066 6.73974 
11 33400 4.56758 0.000137811 7.00059 1.59152 0.000928167 1.00196 2.94726 1.59152 0.591523 -0.525055 6.75001 
11 33500 4.58124 0.000137811 7.00045 1.59044 0.00164031 1.00186 2.94526 1.59044 0.590439 -0.526889 6.76019 
11 33600 4.59489 0.000137811 7.00032 1.5926 0.00177731 1.00168 2.94925 1.5926 0.592596 -0.523242 6.77033 
11 33700 4.60855 0.000137811 7.0002 1.60371 0.0183271 1.00132 2.96983 1.60371 0.60371 -0.504662 6.78043 
11 33800 4.62233 0.000137811 7.00008 1.65757 0.0263663 1.00085 3.06958 1.65757 0.657571 -0.419202 6.79059 
11 33900 4.63599 0.000137811 7.00001 0.700251 -0.00181984 1.00043 1.29676 0.700251 -0.299749 -1.20481 6.79804 
11 34000 4.64965 0.000137811 7.00001 0.666505 0.0516034 1.00042 1.23427 0.666505 -0.333495 -1.09813 6.79804 
11 34100 4.6633 0.000137811 7.00001 0.933838 0.00529188 1.00039 1.72933 0.933838 -0.0661615 -2.71566 6.79804 
11 34200 4.67696 0.000137811 7.00001 0.96058 -0.0207454 1.0004 1.77885 0.96058 -0.0394196 -3.23349 6.79805 
11 34300 4.69062 0.000137811 7.00001 1.09738 -0.000522384 1.00038 2.03218 1.09738 0.0973759 -2.32918 6.79805 
11 34400 4.70428 0.000137811 7.00001 1.18213 0.000777358 1.00039 2.18913 1.18213 0.182132 -1.70302 6.79805 
11 34500 4.71806 0.000137811 7.00001 0.97652 0.000930693 1.0004 1.80837 0.97652 -0.0234802 -3.7516 6.79804 
11 34600 4.73171 0.000137811 7.00001 0.952189 0.0165308 1.00042 1.76331 0.952189 -0.0478108 -3.0405 6.79804 
11 34700 4.74537 0.000137811 7.00001 1.20115 0.0185372 1.00038 2.22436 1.20115 0.201152 -1.60369 6.79805 
11 34800 4.75903 0.000137811 7.00001 1.18273 -0.00836314 1.00039 2.19023 1.18273 0.182726 -1.69977 6.79805 
11 34900 4.77269 0.000137811 7.00001 1.08913 -0.014427 1.0004 2.0169 1.08913 0.0891286 -2.41767 6.79805 
11 35000 4.78634 0.000137811 7.00001 1.01472 -0.00793241 1.00042 1.87911 1.01472 0.0147221 -4.21841 6.79804 
11 35100 4.8 0.000137811 7.00001 1.11412 -0.00377638 1.0004 2.06318 1.11412 0.114119 -2.17051 6.79805 
11 35200 4.81378 0.000137811 7.00001 1.19397 -0.00516399 1.00038 2.21105 1.19397 0.193967 -1.64007 6.79805 
11 35300 4.82744 0.000137811 7.00001 1.0168 -0.0040216 1.00042 1.88295 1.0168 0.0167952 -4.08666 6.79804 
11 35400 4.8411 0.000137811 7.00001 1.13985 0.00479614 1.00039 2.11084 1.13985 0.139851 -1.96718 6.79805 
11 35500 4.85475 0.000137811 7.00001 1.21183 0.00814833 1.0004 2.24413 1.21183 0.211831 -1.55197 6.79805 
11 35600 4.86841 0.000137811 7.00001 1.14446 0.00563561 1.0004 2.11938 1.14446 0.144464 -1.93473 6.79805 
11 35700 4.88207 0.000137811 7.00001 1.19581 -0.00328889 1.00039 2.21447 1.19581 0.195812 -1.6306 6.79805 
11 35800 4.89585 0.000137811 7.00001 1.11376 -0.00305759 1.0004 2.06252 1.11376 0.11376 -2.17367 6.79805 
11 35900 4.90951 0.000137811 7.00001 0.906542 0.00136299 1.00043 1.67878 0.906542 -0.0934578 -2.37025 6.79804 
11 36000 4.92316 0.000137811 7.00001 1.15377 0.0142506 1.00039 2.1366 1.15377 0.153767 -1.87232 6.79805 
11 36100 4.93682 0.000137811 7.00001 1.20012 0.00685186 1.0004 2.22244 1.20012 0.200116 -1.60886 6.79805 
11 36200 4.95048 0.000137811 7.00001 1.22033 -0.0202265 1.00038 2.25988 1.22033 0.220333 -1.51261 6.79805 
11 36300 4.96413 0.000137811 7.00001 1.23507 -0.0296148 1.00039 2.28716 1.23507 0.235067 -1.44789 6.79805 
11 36400 4.97779 0.000137811 7.00001 1.18759 -0.00256652 1.0004 2.19924 1.18759 0.187591 -1.67349 6.79805 
11 36500 4.99157 0.000137811 7.00001 1.25918 0.000798008 1.00038 2.33181 1.25918 0.259175 -1.35025 6.79805 
11 36600 5.00523 0.000137811 7.00001 1.1689 0.0125261 1.0004 2.16463 1.1689 0.168903 -1.77843 6.79805 
11 36700 5.01889 0.000137811 7.00001 1.26166 0.00932921 1.0004 2.33641 1.26166 0.261661 -1.34071 6.79805 
11 36800 5.03254 0.000137811 7.00001 1.27093 0.00870014 1.00039 2.35357 1.27093 0.270926 -1.30591 6.79805 
11 36900 5.0462 0.000137811 7.00001 1.1748 0.00619102 1.00041 2.17555 1.1748 0.174799 -1.74412 6.79805 
11 37000 5.05986 0.000137811 7.00001 1.26769 0.00994787 1.0004 2.34758 1.26769 0.267691 -1.31792 6.79805 
11 37100 5.07352 0.000137811 7.00001 1.18047 0.00522788 1.0004 2.18605 1.18047 0.180467 -1.71221 6.79805 
11 37200 5.0873 0.000137811 7.00001 1.18298 0.00510401 1.0004 2.1907 1.18298 0.182976 -1.6984 6.79805 
11 37300 5.10095 0.000137811 7.00001 1.18345 0.0118649 1.0004 2.19158 1.18345 0.183451 -1.69581 6.79805 
11 37400 5.11461 0.000137811 7.00001 1.3054 0.0112584 1.00039 2.41742 1.3054 0.305405 -1.18612 6.79805 
11 37500 5.12827 0.000137811 7.00001 1.09773 0.0042223 1.00042 2.03283 1.09773 0.0977269 -2.32558 6.79805 
11 37600 5.14193 0.000137811 7.00001 1.27497 0.0055823 1.00039 2.36106 1.27497 0.274974 -1.29108 6.79805 
11 37700 5.15558 0.000137811 7.00001 1.26269 0.00867415 1.0004 2.33831 1.26269 0.262687 -1.33679 6.79805 
11 37800 5.16924 0.000137811 7.00001 1.21603 0.00587908 1.0004 2.2519 1.21603 0.216027 -1.53235 6.79805 
11 37900 5.18302 0.000137811 7.00001 1.21181 0.00546182 1.0004 2.24409 1.21181 0.21181 -1.55207 6.79805 
11 38000 5.19668 0.000137811 7.00001 1.29297 0.00544091 1.00038 2.39439 1.29297 0.292972 -1.22768 6.79805 
11 38100 5.21034 0.000137811 7.00001 1.30778 0.00169312 1.00039 2.42181 1.30778 0.307779 -1.17837 6.79805 
11 38200 5.22399 0.000137811 7.00001 1.18963 0.00453315 1.0004 2.20302 1.18963 0.189633 -1.66267 6.79805 
11 38300 5.23765 0.000137811 7.00001 1.16067 0.00126679 1.0004 2.1494 1.16067 0.160674 -1.82838 6.79805 
11 38400 5.25131 0.000137811 7.00001 1.0801 0.00269385 1.00042 2.00019 1.0801 0.0801005 -2.52447 6.79805 
11 38500 5.26496 0.000137811 7.00001 1.30835 0.0041954 1.00038 2.42287 1.30835 0.308348 -1.17653 6.79805 
11 38600 5.27875 0.000137811 7.00001 1.19854 0.00380087 1.0004 2.21951 1.19854 0.198537 -1.61678 6.79805 
11 38700 5.2924 0.000137811 7.00001 1.08612 0.00299756 1.00041 2.01134 1.08612 0.086123 -2.45198 6.79805 
11 38800 5.30606 0.000137811 7.00001 1.18737 0.00232824 1.0004 2.19883 1.18737 0.187366 -1.67469 6.79805 
11 38900 5.31972 0.000137811 7.00001 1.1926 0.000808508 1.0004 2.20851 1.1926 0.192596 -1.64716 6.79805 
11 39000 5.33337 0.000137811 7.00001 1.1868 0.00141154 1.0004 2.19779 1.1868 0.186805 -1.67769 6.79805 
11 39100 5.34703 0.000137811 7.00001 1.15732 0.00356218 1.00041 2.14319 1.15732 0.15732 -1.84947 6.79805 
11 39200 5.36069 0.000137811 7.00001 1.18503 0.0018205 1.0004 2.19449 1.18503 0.185027 -1.68726 6.79805 
11 39300 5.37447 0.000137811 7.00001 1.19938 0.00190492 1.0004 2.22107 1.19938 0.199377 -1.61256 6.79805 
11 39400 5.38813 0.000137811 7.00001 1.08787 0.0024024 1.00041 2.01457 1.08787 0.0878667 -2.43193 6.79805 
11 39500 5.40178 0.000137811 7.00001 1.19645 0.00154259 1.0004 2.21564 1.19645 0.196447 -1.62736 6.79805 
11 39600 5.41544 0.000137811 7.00001 1.19909 0.00143238 1.0004 2.22053 1.19909 0.199088 -1.61401 6.79805 
11 39700 5.4291 0.000137811 7.00001 1.31518 0.00278441 1.00038 2.43552 1.31518 0.315182 -1.15461 6.79805 
11 39800 5.44276 0.000137811 7.00001 1.08436 0.00358936 1.00041 2.00807 1.08436 0.0843558 -2.47271 6.79805 
11 39900 5.45641 0.000137811 7.00001 1.08785 0.000933812 1.00041 2.01455 1.08785 0.0878548 -2.43207 6.79805 
11 40000 5.47019 0.000137811 7.00001 1.08275 0.00373581 1.00041 2.00509 1.08275 0.0827469 -2.49197 6.79805 
11 40100 5.48385 0.000137811 7.00001 1.1929 0.00272618 1.0004 2.20907 1.1929 0.192897 -1.6456 6.79805 
11 40200 5.49751 0.000137811 7.00001 1.27308 0.00179635 1.00039 2.35756 1.27308 0.273084 -1.29798 6.79805 
11 40300 5.51117 0.000137811 7.00001 1.27058 -0.00322091 1.00039 2.35293 1.27058 0.270585 -1.30717 6.79805 
11 40400 5.52482 0.000137811 7.00001 1.08443 0.0008089 1.00041 2.00821 1.08443 0.0844325 -2.4718 6.79805 
11 40500 5.53848 0.000137811 7.00001 1.19114 0.00177647 1.0004 2.20582 1.19114 0.191143 -1.65473 6.79805 
11 40600 5.55214 0.000137811 7.00001 1.19621 0.00252253 1.0004 2.21521 1.19621 0.196213 -1.62856 6.79805 
11 40700 5.56592 0.000137811 7.00001 1.28371 0.00411586 1.00039 2.37724 1.28371 0.283707 -1.25981 6.79805 
11 40800 5.57958 0.000137811 7.00001 1.1901 0.00371665 1.0004 2.2039 1.1901 0.190105 -1.66018 6.79805 
11 40900 5.59323 0.000137811 7.00001 1.19799 0.00235237 1.0004 2.21851 1.19799 0.197995 -1.61952 6.79805 
11 41000 5.60689 0.000137811 7.00001 1.27308 0.00434466 1.0004 2.35756 1.27308 0.273083 -1.29798 6.79805 
11 41100 5.62055 0.000137811 7.00001 1.08191 0.00173377 1.00042 2.00353 1.08191 0.0819068 -2.50217 6.79805 
11 41200 5.6342 0.000137811 7.00001 1.21415 0.00250998 1.0004 2.24842 1.21415 0.214149 -1.54108 6.79805 
11 41300 5.64799 0.000137811 7.00001 1.08062 0.00384801 1.00041 2.00114 1.08062 0.0806182 -2.51803 6.79804 
11 41400 5.66164 0.000137811 7.00001 1.30148 0.00359089 1.00039 2.41014 1.30148 0.301478 -1.19906 6.79805 
11 41500 5.6753 0.000137811 7.00001 1.2988 0.0051554 1.00038 2.40519 1.2988 0.298801 -1.20798 6.79805 
11 41600 5.68896 0.000137811 7.00001 1.1658 0.000930308 1.0004 2.15888 1.1658 0.165795 -1.797 6.79805 
11 41700 5.70261 0.000137811 7.00001 1.18619 0.00672807 1.00041 2.19665 1.18619 0.18619 -1.68099 6.79805 
11 41800 5.71627 0.000137811 7.00001 1.0822 0.00462345 1.00042 2.00407 1.0822 0.0821964 -2.49864 6.79805 
11 41900 5.72993 0.000137811 7.00001 1.16127 -0.000536674 1.0004 2.1505 1.16127 0.161269 -1.82468 6.79805 
11 42000 5.74371 0.000137811 7.00001 1.19779 0.00325521 1.0004 2.21812 1.19779 0.197787 -1.62057 6.79805 
11 42100 5.75737 0.000137811 7.00001 1.08206 0.00369075 1.00041 2.00382 1.08206 0.0820617 -2.50028 6.79805 
11 42200 5.77102 0.000137811 7.00001 1.27183 0.00714465 1.0004 2.35523 1.27183 0.271825 -1.3026 6.79805 
11 42300 5.78468 0.000137811 7.00001 1.19405 0.00340852 1.0004 2.21121 1.19405 0.194053 -1.63962 6.79805 
11 42400 5.79834 0.000137811 7.00001 1.16598 0.0083524 1.00041 2.15923 1.16598 0.165983 -1.79587 6.79805 
11 42500 5.812 0.000137811 7.00001 1.18571 0.000753934 1.00041 2.19576 1.18571 0.185709 -1.68357 6.79805 
11 42600 5.82565 0.000137811 7.00001 1.27287 0.00551069 1.00039 2.35717 1.27287 0.272874 -1.29875 6.79805 
11 42700 5.83943 0.000137811 7.00001 1.22191 0.00237044 1.0004 2.26279 1.22191 0.221908 -1.50549 6.79805 
11 42800 5.85309 0.000137811 7.00001 1.30056 0.00388611 1.00038 2.40844 1.30056 0.300556 -1.20212 6.79805 
11 42900 5.86675 0.000137811 7.00001 1.29911 0.00552395 1.00039 2.40575 1.29911 0.299106 -1.20696 6.79805 
11 43000 5.88041 0.000137811 7.00001 1.08273 0.00308256 1.00042 2.00505 1.08273 0.0827291 -2.49218 6.79805 
11 43100 5.89406 0.000137811 7.00001 1.08578 0.00359656 1.00041 2.01071 1.08578 0.0857837 -2.45593 6.79805 
11 43200 5.90772 0.000137811 7.00001 1.27532 0.00392373 1.00039 2.3617 1.27532 0.275319 -1.28982 6.79805 
11 43300 5.92138 0.000137811 7.00001 1.20683 0.00344861 1.0004 2.23488 1.20683 0.206833 -1.57584 6.79805 
11 43400 5.93516 0.000137811 7.00001 1.16752 0.00795708 1.00041 2.16207 1.16752 0.167516 -1.78668 6.79805 
11 43500 5.94882 0.000137811 7.00001 1.19848 0.00413115 1.00041 2.2194 1.19848 0.198476 -1.61709 6.79805 
11 43600 5.96247 0.000137811 7.00001 1.16944 0.000868288 1.00041 2.16563 1.16944 0.16944 -1.77526 6.79805 
11 43700 5.97613 0.000137811 7.00001 1.08872 0.00331465 1.00041 2.01616 1.08872 0.0887248 -2.42222 6.79805 
11 43800 5.98979 0.000137811 7.00001 1.29951 0.00347147 1.00039 2.40651 1.29951 0.299514 -1.20559 6.79805 
11 43900 6.00345 0.000137811 7.00001 1.27316 0.00858675 1.00039 2.3577 1.27316 0.273156 -1.29771 6.79805 
11 44000 6.0171 0.000137811 7.00001 1.20072 0.00376653 1.0004 2.22356 1.20072 0.200723 -1.60583 6.79805 
11 44100 6.03088 0.000137811 7.00001 1.3075 0.00338888 1.00039 2.42129 1.3075 0.307497 -1.17929 6.79805 
11 44200 6.04454 0.000137811 7.00001 1.17262 0.00505516 1.00041 2.17152 1.17262 0.172622 -1.75665 6.79805 
11 44300 6.0582 0.000137811 7.00001 1.19177 0.00384937 1.0004 2.20697 1.19177 0.191765 -1.65148 6.79805 
11 44400 6.07186 0.000137811 7.00001 1.21756 0.00388597 1.00039 2.25475 1.21756 0.217565 -1.52526 6.79805 
11 44500 6.08551 0.000137811 7.00001 1.30585 0.0046271 1.00039 2.41824 1.30585 0.305848 -1.18467 6.79805 
11 44600 6.09917 0.000137811 7.00001 1.21686 0.00226307 1.0004 2.25345 1.21686 0.216861 -1.5285 6.79805 
11 44700 6.11283 0.000137811 7.00001 1.30024 0.00619029 1.00039 2.40785 1.30024 0.300239 -1.20318 6.79805 
11 44800 6.12661 0.000137811 7.00001 1.19145 0.00361679 1.0004 2.20638 1.19145 0.191447 -1.65314 6.79805 
11 44900 6.14027 0.000137811 7.00001 1.27478 0.00335577 1.0004 2.3607 1.27478 0.274776 -1.2918 6.79805 
11 45000 6.15392 0.000137811 7.00001 1.30565 0.00335725 1.00038 2.41788 1.30565 0.305654 -1.1853 6.79805 
11 45100 6.16758 0.000137811 7.00001 1.16314 0.000182828 1.00041 2.15396 1.16314 0.163141 -1.81314 6.79805 
11 45200 6.18124 0.000137811 7.00001 1.19066 0.00648659 1.00041 2.20493 1.19066 0.19066 -1.65727 6.79805 
11 45300 6.19489 0.000137811 7.00001 1.3066 0.00433184 1.00039 2.41963 1.3066 0.306601 -1.18221 6.79805 
11 45400 6.20855 0.000137811 7.00001 1.19437 0.00148215 1.00041 2.21179 1.19437 0.194366 -1.63801 6.79805 
11 45500 6.22233 0.000137811 7.00001 1.10976 0.00380057 1.00041 2.05511 1.10976 0.10976 -2.20946 6.79804 
11 45600 6.23599 0.000137811 7.00001 1.08098 0.00215433 1.00041 2.00182 1.08098 0.0809804 -2.51355 6.79804 
11 45700 6.24965 0.000137811 7.00001 1.10714 0.00754585 1.00042 2.05027 1.10714 0.107143 -2.23359 6.79805 
11 45800 6.2633 0.000137811 7.00001 1.08835 0.00112004 1.00041 2.01547 1.08835 0.088354 -2.4264 6.79805 
11 45900 6.27696 0.000137811 7.00001 1.16512 0.00142655 1.00041 2.15763 1.16512 0.16512 -1.80108 6.79805 
11 46000 6.29062 0.000137811 7.00001 1.30392 0.000959652 1.00039 2.41466 1.30392 0.303917 -1.191 6.79805 
11 46100 6.30428 0.000137811 7.00001 1.19735 0.0036232 1.0004 2.21732 1.19735 0.197351 -1.62277 6.79805 
11 46200 6.31806 0.000137811 7.00001 1.19488 0.00430257 1.0004 2.21274 1.19488 0.194879 -1.63538 6.79805 
11 46300 6.33171 0.000137811 7.00001 1.17182 0.0056954 1.0004 2.17004 1.17182 0.171823 -1.76129 6.79805 
11 46400 6.34537 0.000137811 7.00001 1.17356 0.00410661 1.00041 2.17325 1.17356 0.173557 -1.75125 6.79805 
11 46500 6.35903 0.000137811 7.00001 1.30471 0.00599347 1.00039 2.41613 1.30471 0.30471 -1.1884 6.79805 
11 46600 6.37269 0.000137811 7.00001 1.18952 0.00459313 1.0004 2.20281 1.18952 0.189518 -1.66327 6.79805 
11 46700 6.38634 0.000137811 7.00001 1.19719 0.00342767 1.0004 2.21702 1.19719 0.197191 -1.62358 6.79805 
11 46800 6.4 0.000137811 7.00001 1.19854 0.00384911 1.00041 2.21951 1.19854 0.198538 -1.61678 6.79805 
11 46900 6.41378 0.000137811 7.00001 1.31261 0.00327658 1.00038 2.43076 1.31261 0.312611 -1.1628 6.79805 
11 47000 6.42744 0.000137811 7.00001 1.31271 0.0021967 1.00038 2.43094 1.31271 0.31271 -1.16248 6.79805 
11 47100 6.4411 0.000137811 7.00001 1.30324 0.00353971 1.00039 2.4134 1.30324 0.303236 -1.19324 6.79805 
11 47200 6.45475 0.000137811 7.00001 1.17036 0.00785647 1.00041 2.16734 1.17036 0.170363 -1.76982 6.79805 
11 47300 6.46841 0.000137811 7.00001 1.27818 0.00157067 1.00039 2.367 1.27818 0.278178 -1.27949 6.79805 
11 47400 6.48207 0.000137811 7.00001 1.10907 0.00245973 1.00041 2.05384 1.10907 0.109073 -2.21574 6.79804 
11 47500 6.49585 0.000137811 7.00001 1.19179 0.00401604 1.0004 2.20702 1.19179 0.191792 -1.65135 6.79805 
11 47600 6.50951 0.000137811 7.00001 1.29755 0.00456822 1.00038 2.40287 1.29755 0.29755 -1.21217 6.79805 
11 47700 6.52316 0.000137811 7.00001 1.1918 0.00356131 1.0004 2.20704 1.1918 0.191799 -1.65131 6.79805 
11 47800 6.53682 0.000137811 7.00001 1.1934 0.00419605 1.0004 2.21 1.1934 0.193397 -1.64301 6.79805 
11 47900 6.55048 0.000137811 7.00001 1.21408 0.00213444 1.0004 2.2483 1.21408 0.214084 -1.54139 6.79805 
11 48000 6.56413 0.000137811 7.00001 1.22217 0.0042591 1.0004 2.26327 1.22217 0.222167 -1.50432 6.79805 
11 48100 6.57779 0.000137811 7.00001 1.27489 0.00199266 1.00039 2.3609 1.27489 0.274888 -1.29139 6.79805 
11 48200 6.59157 0.000137811 7.00001 1.13262 0.00388235 1.00041 2.09744 1.13262 0.132617 -2.02029 6.79804 
11 48300 6.60523 0.000137811 7.00001 1.13366 0.00387957 1.00041 2.09938 1.13366 0.133664 -2.01242 6.79804 
11 48400 6.61889 0.000137811 7.00001 1.30338 0.00355334 1.00039 2.41367 1.30338 0.30338 -1.19277 6.79805 
11 48500 6.63254 0.000137811 7.00001 1.21557 0.00605346 1.0004 2.25105 1.21557 0.215568 -1.53448 6.79805 
11 48600 6.6462 0.000137811 7.00001 1.19116 0.002709 1.0004 2.20586 1.19116 0.191164 -1.65462 6.79805 
11 48700 6.65986 0.000137811 7.00001 1.0828 0.00642865 1.00042 2.00519 1.0828 0.0828008 -2.49132 6.79805 
11 48800 6.67352 0.000137811 7.00001 1.20405 0.0039707 1.0004 2.22971 1.20405 0.204045 -1.58941 6.79805 
11 48900 6.6873 0.000137811 7.00001 1.19368 0.00581522 1.0004 2.21052 1.19368 0.193679 -1.64155 6.79805 
11 49000 6.70095 0.000137811 7.00001 1.19507 0.00367344 1.0004 2.2131 1.19507 0.195072 -1.63439 6.79805 
11 49100 6.71461 0.000137811 7.00001 1.08371 0.00504107 1.00042 2.00687 1.08371 0.0837118 -2.48037 6.79805 
11 49200 6.72827 0.000137811 7.00001 1.11068 0.00396032 1.00041 2.05681 1.11068 0.110679 -2.20113 6.79804 
11 49300 6.74193 0.000137811 7.00001 1.30891 0.00691652 1.00039 2.4239 1.30891 0.308909 -1.17471 6.79805 
11 49400 6.75558 0.000137811 7.00001 1.16528 0.00294423 1.00041 2.15793 1.16528 0.165284 -1.80009 6.79805 
11 49500 6.76924 0.000137811 7.00001 1.10934 -4.19355e-05 1.00041 2.05433 1.10934 0.109341 -2.21329 6.79804 
11 49600 6.78302 0.000137811 7.00001 1.19277 0.00304021 1.0004 2.20884 1.19277 0.192772 -1.64625 6.79805 
11 49700 6.79668 0.000137811 7.00001 1.30893 0.00321807 1.00038 2.42394 1.30893 0.308929 -1.17464 6.79805 
11 49800 6.81034 0.000137811 7.00001 1.19903 0.00358984 1.0004 2.22043 1.19903 0.199034 -1.61428 6.79805 
11 49900 6.82399 0.000137811 7.00001 1.20015 0.00316561 1.0004 2.2225 1.20015 0.200151 -1.60868 6.79805 
11 50000 6.83765 0.000137811 7.00001 1.20849 0.00299502 1.0004 2.23794 1.20849 0.20849 -1.56786 6.79805 
11 50100 6.85131 0.000137811 7.00001 1.20179 0.00296945 1.0004 2.22554 1.20179 0.201789 -1.60053 6.79804 
11 50200 6.86496 0.000137811 7.00001 1.17261 0.00823243 1.00041 2.1715 1.17261 0.17261 -1.75672 6.79805 
11 50300 6.87875 0.000137811 7.00001 1.16449 0.0072991 1.00041 2.15647 1.16449 0.164493 -1.80489 6.79805 
11 50400 6.8924 0.000137811 7.00001 1.08087 0.00190252 1.00041 2.00161 1.08087 0.0808711 -2.5149 6.79804 
11 50500 6.90606 0.000137811 7.00001 1.22036 0.00295739 1.00039 2.25993 1.22036 0.220364 -1.51248 6.79805 
11 50600 6.91972 0.000137811 7.00001 1.2987 0.00368763 1.00039 2.40499 1.2987 0.298695 -1.20833 6.79805 
11 50700 6.93337 0.000137811 7.00001 1.1909 0.00213857 1.0004 2.20537 1.1909 0.190901 -1.656 6.79805 
11 50800 6.94703 0.000137811 7.00001 1.08353 0.00690887 1.00042 2.00653 1.08353 0.0835266 -2.48259 6.79805 
11 50900 6.96069 0.000137811 7.00001 1.3075 0.0029753 1.00038 2.42129 1.3075 0.307496 -1.17929 6.79805 
11 51000 6.97447 0.000137811 7.00001 1.19267 0.00423288 1.0004 2.20865 1.19267 0.192673 -1.64676 6.79805 
11 51100 6.98813 0.000137811 7.00001 1.30038 0.00254768 1.00039 2.40812 1.30038 0.300385 -1.20269 6.79805 
11 51200 7.00178 0.000137811 7.00001 1.19124 0.00335785 1.0004 2.206 1.19124 0.191239 -1.65423 6.79805 
11 51300 7.01544 0.000137811 7.00001 1.30036 0.00113587 1.00039 2.40807 1.30036 0.30036 -1.20277 6.79805 
11 51400 7.0291 0.000137811 7.00001 1.091 0.00331981 1.00042 2.02037 1.091 0.0910017 -2.39688 6.79805 
11 51500 7.04276 0.000137811 7.00001 1.11454 0.00290519 1.00041 2.06397 1.11454 0.114545 -2.16679 6.79804 
11 51600 7.05641 0.000137811 7.00001 1.09651 0.00390173 1.0004 2.03057 1.09651 0.0965069 -2.33814 6.79805 
11 51700 7.07019 0.000137811 7.00001 1.20289 0.00303362 1.0004 2.22758 1.20289 0.202893 -1.59508 6.79805 
11 51800 7.08385 0.000137811 7.00001 1.17313 0.00557121 1.00041 2.17247 1.17313 0.173134 -1.75369 6.79805 
11 51900 7.09751 0.000137811 7.00001 1.16708 0.00639575 1.00041 2.16127 1.16708 0.167085 -1.78926 6.79805 
11 52000 7.11117 0.000137811 7.00001 1.08678 0.00261675 1.00042 2.01255 1.08678 0.086775 -2.44444 6.79805 
11 52100 7.12482 0.000137811 7.00001 1.19208 0.00167278 1.00041 2.20756 1.19208 0.192082 -1.64983 6.79805 
11 52200 7.13848 0.000137811 7.00001 1.29855 0.00413236 1.00038 2.40471 1.29855 0.298546 -1.20883 6.79805 
11 52300 7.15214 0.000137811 7.00001 1.19083 -0.000479298 1.00041 2.20524 1.19083 0.190831 -1.65637 6.79805 
11 52400 7.16592 0.000137811 7.00001 1.17025 0.00325236 1.0004 2.16712 1.17025 0.170245 -1.77052 6.79805 
11 52500 7.17958 0.000137811 7.00001 1.17191 0.00327316 1.0004 2.1702 1.17191 0.171908 -1.7608 6.79805 
11 52600 7.19323 0.000137811 7.00001 1.19703 0.00342029 1.0004 2.21673 1.19703 0.197033 -1.62438 6.79805 
11 52700 7.20689 0.000137811 7.00001 1.31147 0.00552065 1.00038 2.42864 1.31147 0.311466 -1.16646 6.79805 
11 52800 7.22055 0.000137811 7.00001 1.29913 0.00561397 1.00039 2.40579 1.29913 0.299128 -1.20688 6.79805 
11 52900 7.2342 0.000137811 7.00001 1.19295 -0.000117918 1.0004 2.20916 1.19295 0.192948 -1.64534 6.79805 
11 53000 7.24799 0.000137811 7.00001 1.19159 0.00745369 1.0004 2.20664 1.19159 0.191588 -1.65241 6.79805 
11 53100 7.26164 0.000137811 7.00001 1.21511 0.00459177 1.0004 2.25021 1.21511 0.215112 -1.5366 6.79805 
11 53200 7.2753 0.000137811 7.00001 1.27521 0.00406327 1.00039 2.36149 1.27521 0.275207 -1.29023 6.79805 
11 53300 7.28896 0.000137811 7.00001 1.27216 0.00310412 1.00039 2.35585 1.27216 0.27216 -1.30136 6.79805 
11 53400 7.30261 0.000137811 7.00001 1.1628 0.00834964 1.00041 2.15334 1.1628 0.162805 -1.8152 6.79805 
11 53500 7.31627 0.000137811 7.00001 1.29798 0.000115958 1.00039 2.40366 1.29798 0.297975 -1.21074 6.79805 
11 53600 7.32993 0.000137811 7.00001 1.30172 0.000592481 1.00039 2.41059 1.30172 0.301721 -1.19825 6.79805 
11 53700 7.34371 0.000137811 7.00001 1.30019 0.0029297 1.00039 2.40775 1.30019 0.300186 -1.20335 6.79805 
11 53800 7.35737 0.000137811 7.00001 1.30075 0.00349276 1.00039 2.40879 1.30075 0.300746 -1.20149 6.79805 
11 53900 7.37102 0.000137811 7.00001 1.19783 0.00558747 1.0004 2.2182 1.19783 0.197827 -1.62036 6.79805 
11 54000 7.38468 0.000137811 7.00001 1.30851 0.0034694 1.00038 2.42317 1.30851 0.308512 -1.176 6.79805 
11 54100 7.39834 0.000137811 7.00001 1.26881 0.00821864 1.00039 2.34965 1.26881 0.26881 -1.31375 6.79805 
11 54200 7.412 0.000137811 7.00001 1.29783 0.00223882 1.00038 2.4034 1.29783 0.297835 -1.21122 6.79805 
11 54300 7.42565 0.000137811 7.00001 1.27054 0.00733497 1.00039 2.35285 1.27054 0.270538 -1.30734 6.79805 
11 54400 7.43943 0.000137811 7.00001 1.09013 0.00364607 1.00041 2.01875 1.09013 0.0901273 -2.40653 6.79805 
11 54500 7.45309 0.000137811 7.00001 1.11323 0.00389938 1.00041 2.06154 1.11323 0.113231 -2.17833 6.79804 
11 54600 7.46675 0.000137811 7.00001 1.19518 0.0036695 1.0004 2.21329 1.19518 0.195177 -1.63385 6.79805 
11 54700 7.48041 0.000137811 7.00001 1.19401 0.00301248 1.0004 2.21113 1.19401 0.194011 -1.63984 6.79805 
11 54800 7.49406 0.000137811 7.00001 1.30181 0.00337014 1.00039 2.41076 1.30181 0.301809 -1.19796 6.79805 
11 54900 7.50772 0.000137811 7.00001 1.08409 0.00558527 1.00042 2.00758 1.08409 0.0840906 -2.47586 6.79805 
11 55000 7.52138 0.000137811 7.00001 1.19279 0.00226596 1.0004 2.20887 1.19279 0.192792 -1.64614 6.79805 
11 55100 7.53516 0.000137811 7.00001 1.30512 0.00402254 1.00039 2.41689 1.30512 0.305118 -1.18706 6.79805 
11 55200 7.54882 0.000137811 7.00001 1.27124 0.00261745 1.00039 2.35415 1.27124 0.271242 -1.30474 6.79805 
11 55300 7.56247 0.000137811 7.00001 1.08897 0.0036346 1.00041 2.0166 1.08897 0.0889661 -2.4195 6.79805 
11 55400 7.57613 0.000137811 7.00001 1.08535 0.00649833 1.00042 2.00991 1.08535 0.0853537 -2.46095 6.79805 
11 55500 7.58979 0.000137811 7.00001 1.11205 0.00433053 1.00041 2.05936 1.11205 0.112053 -2.18878 6.79805 
11 55600 7.60345 0.000137811 7.00001 1.19068 0.00145084 1.0004 2.20496 1.19068 0.190678 -1.65717 6.79805 
11 55700 7.6171 0.000137811 7.00001 1.30145 0.00361689 1.00038 2.4101 1.30145 0.301453 -1.19914 6.79805 
11 55800 7.63088 0.000137811 7.00001 1.19731 0.00106007 1.0004 2.21725 1.19731 0.197313 -1.62296 6.79805 
11 55900 7.64454 0.000137811 7.00001 1.16965 0.00801952 1.00041 2.16601 1.16965 0.169646 -1.77404 6.79805 
11 56000 7.6582 0.000137811 7.00001 1.19816 0.00341059 1.0004 2.21881 1.19816 0.198157 -1.61869 6.79805 
11 56100 7.67186 0.000137811 7.00001 1.17368 0.00284628 1.0004 2.17348 1.17368 0.173678 -1.75055 6.79805 
11 56200 7.68551 0.000137811 7.00001 1.20985 0.00205142 1.0004 2.24046 1.20985 0.209848 -1.56137 6.79805 
11 56300 7.69917 0.000137811 7.00001 1.16532 0.000349783 1.00041 2.15799 1.16532 0.165317 -1.79989 6.79805 
11 56400 7.71283 0.000137811 7.00001 1.30777 0.00406161 1.00039 2.42179 1.30777 0.307765 -1.17842 6.79805 
11 56500 7.72661 0.000137811 7.00001 1.30236 0.00251822 1.00038 2.41177 1.30236 0.302358 -1.19614 6.79805 
11 56600 7.74027 0.000137811 7.00001 1.19337 0.00329749 1.0004 2.20995 1.19337 0.193372 -1.64314 6.79805 
11 56700 7.75392 0.000137811 7.00001 1.25228 0.00406509 1.00039 2.31903 1.25228 0.252277 -1.37723 6.79805 
11 56800 7.76758 0.000137811 7.00001 1.09142 0.00322923 1.00042 2.02114 1.09142 0.0914166 -2.39233 6.79804 
11 56900 7.78124 0.000137811 7.00001 1.08962 0.00315769 1.00042 2.01782 1.08962 0.0896208 -2.41217 6.79805 
11 57000 7.79489 0.000137811 7.00001 1.19362 0.00565218 1.0004 2.21041 1.19362 0.193623 -1.64184 6.79805 
11 57100 7.80855 0.000137811 7.00001 1.18684 0.00170711 1.0004 2.19786 1.18684 0.186844 -1.67748 6.79805 
11 57200 7.82233 0.000137811 7.00001 1.08342 0.00561867 1.00042 2.00632 1.08342 0.0834152 -2.48392 6.79805 
11 57300 7.83599 0.000137811 7.00001 1.1899 0.00211579 1.0004 2.20352 1.1899 0.189899 -1.66126 6.79805 
11 57400 7.84965 0.000137811 7.00001 1.2836 0.0211664 1.00039 2.37704 1.2836 0.2836 -1.26019 6.79805 
11 57500 7.8633 0.000137811 7.00001 1.20229 0.00399526 1.0004 2.22645 1.20229 0.202285 -1.59808 6.79805 
11 57600 7.87696 0.000137811 7.00001 1.19954 0.00482814 1.0004 2.22137 1.19954 0.199541 -1.61173 6.79805 
11 57700 7.89062 0.000137811 7.00001 1.3121 0.00358538 1.00038 2.42982 1.3121 0.312103 -1.16442 6.79805 
11 57800 7.90428 0.000137811 7.00001 1.20516 0.00405508 1.00039 2.23179 1.20516 0.205165 -1.58394 6.79805 
11 57900 7.91806 0.000137811 7.00001 1.20649 0.00348897 1.0004 2.23425 1.20649 0.206493 -1.57749 6.79805 
11 58000 7.93171 0.000137811 7.00001 1.09947 0.00388706 1.00042 2.03605 1.09947 0.099469 -2.30791 6.79804 
11 58100 7.94537 0.000137811 7.00001 1.19966 0.00541529 1.0004 2.22159 1.19966 0.19966 -1.61114 6.79805 
11 58200 7.95903 0.000137811 7.00001 1.31693 0.00359654 1.00038 2.43876 1.31693 0.31693 -1.14907 6.79805 
11 58300 7.97269 0.000137811 7.00001 1.1759 0.00292376 1.0004 2.1776 1.1759 0.175904 -1.73782 6.79805 
