10 0 0 0.000173849 7.0011 1.46625 0 1.00003 10.8611 1.46625 0.466253 -0.763027 -3.06666e-16 
10 100 0.0340862 0.000347698 7.0011 1.50764 6.91508e-06 1.00033 11.1677 1.50764 0.50764 -0.677982 0.0516615 
10 200 0.0681724 0.000347698 7.0011 1.51021 2.92932e-06 1.00034 11.1868 1.51021 0.510212 -0.67293 0.104167 
10 300 0.102259 0.000347698 7.0011 1.51131 -0.000375511 1.00034 11.1949 1.51131 0.511311 -0.670777 0.156685 
10 400 0.136345 0.000347698 7.0011 1.50919 1.42815e-05 1.00034 11.1792 1.50919 0.50919 -0.674934 0.20919 
10 500 0.170431 0.000347698 7.0011 1.50868 6.8195e-05 1.00034 11.1754 1.50868 0.508682 -0.675932 0.261686 
10 600 0.204517 0.000347698 7.0011 1.51032 2.33935e-05 1.00034 11.1876 1.51032 0.510324 -0.67271 0.314166 
10 700 0.238603 0.000347698 7.0011 1.50936 -0.00011513 1.00034 11.1804 1.50936 0.509357 -0.674606 0.366658 
10 800 0.272348 0.000347698 7.0011 1.50922 -5.5424e-06 1.00034 11.1794 1.50922 0.509216 -0.674883 0.419162 
10 900 0.306434 0.000347698 7.0011 1.51071 -0.000464091 1.00034 11.1905 1.51071 0.510711 -0.671951 0.471654 
10 1000 0.34052 0.000347698 7.0011 1.50996 -9.51363e-05 1.00034 11.1849 1.50996 0.509963 -0.673418 0.52415 
10 1100 0.374606 0.000347698 7.0011 1.50902 -0.000276824 1.00034 11.1779 1.50902 0.509018 -0.675272 0.576665 
10 1200 0.408692 0.000347698 7.0011 1.50996 8.72132e-05 1.00034 11.1849 1.50996 0.509955 -0.673433 0.629152 
10 1300 0.442779 0.000347698 7.0011 1.50961 1.69882e-05 1.00034 11.1823 1.50961 0.509613 -0.674103 0.681641 
10 1400 0.476865 0.000347698 7.0011 1.50918 4.97957e-05 1.00034 11.1791 1.50918 0.509179 -0.674956 0.734144 
10 1500 0.510951 0.000347698 7.0011 1.51095 -0.000159818 1.00034 11.1922 1.51095 0.510946 -0.671492 0.786665 
10 1600 0.544695 0.000347698 7.0011 1.51007 0.000173525 1.00034 11.1857 1.51007 0.510069 -0.673209 0.839171 
10 1700 0.578782 0.000347698 7.0011 1.50929 0.000188407 1.00034 11.1799 1.50929 0.509289 -0.674739 0.891684 
10 1800 0.612868 0.000347698 7.0011 1.51126 0.000651415 1.00034 11.1945 1.51126 0.511261 -0.670876 0.944192 
10 1900 0.646954 0.000347698 7.0011 1.51088 5.26563e-05 1.00034 11.1917 1.51088 0.510878 -0.671625 0.996713 
10 2000 0.68104 0.000347698 7.0011 1.50935 0.000162672 1.00034 11.1804 1.50935 0.509349 -0.674622 1.04922 
10 2100 0.715126 0.000347698 7.0011 1.51024 0.00063271 1.00034 11.187 1.51024 0.51024 -0.672873 1.10175 
10 2200 0.749213 0.000347698 7.0011 1.51081 0.000104988 1.00034 11.1912 1.51081 0.510809 -0.67176 1.15425 
10 2300 0.783299 0.000347698 7.0011 1.50924 -0.000150638 1.00034 11.1796 1.50924 0.509243 -0.674829 1.20676 
10 2400 0.817043 0.000347698 7.0011 1.50973 0.000644837 1.00034 11.1832 1.50973 0.509734 -0.673866 1.25926 
10 2500 0.851129 0.000347698 7.0011 1.51048 -6.46502e-05 1.00034 11.1887 1.51048 0.510477 -0.672409 1.31176 
10 2600 0.885215 0.000347698 7.0011 1.50937 4.68703e-06 1.00034 11.1806 1.50937 0.509375 -0.674571 1.36425 
10 2700 0.919302 0.000347698 7.0011 1.50968 0.000308739 1.00034 11.1828 1.50968 0.509679 -0.673973 1.41675 
10 2800 0.953388 0.000347698 7.0011 1.51075 0.000112998 1.00034 11.1907 1.51075 0.510751 -0.671874 1.46925 
10 2900 0.987474 0.000347698 7.0011 1.50935 6.26334e-05 1.00034 11.1804 1.50935 0.509352 -0.674617 1.52174 
10 3000 1.02156 0.000347698 7.0011 1.50905 0.000449621 1.00034 11.1782 1.50905 0.509054 -0.675201 1.57425 
10 3100 1.05565 0.000347698 7.0011 1.51054 0.000143794 1.00034 11.1892 1.51054 0.510536 -0.672294 1.62675 
10 3200 1.08939 0.000347698 7.0011 1.50952 0.000229867 1.00034 11.1816 1.50952 0.509519 -0.674289 1.67925 
10 3300 1.12348 0.000347698 7.0011 1.50961 1.63391e-05 1.00034 11.1823 1.50961 0.509607 -0.674115 1.73176 
10 3400 1.15756 0.000347698 7.0011 1.51056 2.23781e-05 1.00034 11.1893 1.51056 0.510557 -0.672254 1.78426 
10 3500 1.19165 0.000347698 7.0011 1.51017 5.2815e-05 1.00034 11.1864 1.51017 0.510168 -0.673016 1.83676 
10 3600 1.22574 0.000347698 7.0011 1.50939 0.000259492 1.00034 11.1806 1.50939 0.509387 -0.674546 1.88929 
10 3700 1.25982 0.000347698 7.0011 1.51052 0.000366634 1.00034 11.189 1.51052 0.510519 -0.672328 1.94178 
10 3800 1.29391 0.000347698 7.0011 1.5097 0.000284355 1.00034 11.183 1.5097 0.509701 -0.673931 1.99428 
10 3900 1.32799 0.000347698 7.0011 1.5089 -0.000183528 1.00034 11.177 1.5089 0.508901 -0.675502 2.04678 
10 4000 1.36174 0.000347698 7.0011 1.51011 7.40437e-05 1.00034 11.186 1.51011 0.510109 -0.673131 2.09928 
10 4100 1.39582 0.000347698 7.0011 1.51006 8.02335e-05 1.00034 11.1856 1.51006 0.510058 -0.673231 2.15178 
10 4200 1.42991 0.000347698 7.0011 1.50969 -6.37797e-05 1.00034 11.1829 1.50969 0.509687 -0.673958 2.20429 
10 4300 1.464 0.000347698 7.0011 1.51023 0.000245195 1.00034 11.1869 1.51023 0.510231 -0.672892 2.2568 
10 4400 1.49808 0.000347698 7.0011 1.51067 -0.000159138 1.00034 11.1901 1.51067 0.510669 -0.672033 2.30928 
10 4500 1.53217 0.000347698 7.0011 1.50935 -0.000329832 1.00034 11.1804 1.50935 0.509348 -0.674624 2.3618 
10 4600 1.56626 0.000347698 7.0011 1.50976 -0.000430056 1.00034 11.1834 1.50976 0.509758 -0.673819 2.41432 
10 4700 1.6 0.000347698 7.0011 1.51059 0.000225053 1.00034 11.1896 1.51059 0.510592 -0.672184 2.46682 
10 4800 1.63409 0.000347698 7.0011 1.50914 8.73589e-05 1.00034 11.1788 1.50914 0.509141 -0.67503 2.51932 
10 4900 1.66817 0.000347698 7.0011 1.51032 -0.000713296 1.00034 11.1876 1.51032 0.510325 -0.672708 2.57183 
10 5000 1.70226 0.000347698 7.0011 1.51089 3.27895e-05 1.00034 11.1918 1.51089 0.510892 -0.671598 2.62434 
10 5100 1.73634 0.000347698 7.0011 1.50957 0.000104999 1.00034 11.182 1.50957 0.509569 -0.67419 2.67683 
10 5200 1.77043 0.000347698 7.0011 1.50997 0.000346479 1.00034 11.185 1.50997 0.509971 -0.673402 2.72936 
10 5300 1.80452 0.000347698 7.0011 1.51063 8.57561e-06 1.00034 11.1898 1.51063 0.510629 -0.672112 2.78188 
10 5400 1.8386 0.000347698 7.0011 1.50924 1.54404e-05 1.00034 11.1796 1.50924 0.50924 -0.674835 2.83438 
10 5500 1.87235 0.000347698 7.0011 1.5092 0.000506302 1.00034 11.1792 1.5092 0.509199 -0.674917 2.88688 
10 5600 1.90643 0.000347698 7.0011 1.51045 3.16712e-05 1.00034 11.1885 1.51045 0.510447 -0.672469 2.93937 
10 5700 1.94052 0.000347698 7.0011 1.50969 6.34883e-05 1.00034 11.1829 1.50969 0.50969 -0.673953 2.99187 
10 5800 1.97461 0.000347698 7.0011 1.50913 0.000122165 1.00034 11.1787 1.50913 0.509125 -0.675061 3.04437 
10 5900 2.00869 0.000347698 7.0011 1.51111 0.00054729 1.00034 11.1934 1.51111 0.511111 -0.671169 3.09687 
10 6000 2.04278 0.000347698 7.0011 1.5101 0.000163332 1.00034 11.1859 1.5101 0.510101 -0.673147 3.14937 
10 6100 2.07686 0.000347698 7.0011 1.50898 0.000207961 1.00034 11.1776 1.50898 0.508982 -0.675343 3.20189 
10 6200 2.11095 0.000347698 7.0011 1.5107 0.00026224 1.00034 11.1904 1.5107 0.5107 -0.671973 3.2544 
10 6300 2.1447 0.000347698 7.0011 1.50992 0.000430914 1.00034 11.1846 1.50992 0.509924 -0.673493 3.3069 
10 6400 2.17878 0.000347698 7.0011 1.50933 0.000215824 1.00034 11.1802 1.50933 0.509331 -0.674658 3.35942 
10 6500 2.21287 0.000347698 7.0011 1.51105 -0.000834007 1.00034 11.193 1.51105 0.511054 -0.671281 3.41193 
10 6600 2.24695 0.000347698 7.0011 1.51073 -9.78986e-05 1.00034 11.1906 1.51073 0.510728 -0.671919 3.46443 
10 6700 2.28104 0.000347698 7.0011 1.50913 -0.000280971 1.00034 11.1788 1.50913 0.509134 -0.675045 3.51695 
10 6800 2.31513 0.000347698 7.0011 1.51026 -4.33112e-06 1.00034 11.1871 1.51026 0.510264 -0.672828 3.56946 
10 6900 2.34921 0.000347698 7.0011 1.51039 6.49715e-05 1.00034 11.1881 1.51039 0.510393 -0.672575 3.62196 
10 7000 2.3833 0.000347698 7.0011 1.50913 0.000198222 1.00034 11.1787 1.50913 0.50913 -0.675052 3.67446 
10 7100 2.41704 0.000347698 7.0011 1.50976 -0.00029204 1.00034 11.1834 1.50976 0.509759 -0.673816 3.72697 
10 7200 2.45113 0.000347698 7.0011 1.5105 0.000214222 1.00034 11.1889 1.5105 0.510496 -0.672373 3.77947 
10 7300 2.48522 0.000347698 7.0011 1.5095 -7.13336e-06 1.00034 11.1815 1.5095 0.5095 -0.674325 3.83197 
10 7400 2.5193 0.000347698 7.0011 1.51005 0.000389518 1.00034 11.1856 1.51005 0.510053 -0.673241 3.88448 
10 7500 2.55339 0.000347698 7.0011 1.51053 -6.2792e-05 1.00034 11.1891 1.51053 0.510531 -0.672303 3.93698 
10 7600 2.58747 0.000347698 7.0011 1.50975 -9.66762e-05 1.00034 11.1833 1.50975 0.509752 -0.673832 3.98947 
10 7700 2.62156 0.000347698 7.0011 1.50979 0.000306008 1.00034 11.1837 1.50979 0.509795 -0.673747 4.04199 
10 7800 2.65565 0.000347698 7.0011 1.51084 0.000641356 1.00034 11.1914 1.51084 0.510836 -0.671707 4.09451 
10 7900 2.68939 0.000347698 7.0011 1.50933 7.72654e-05 1.00034 11.1802 1.50933 0.50933 -0.674659 4.14702 
10 8000 2.72348 0.000347698 7.0011 1.50988 -0.000291009 1.00034 11.1843 1.50988 0.509875 -0.673589 4.19953 
10 8100 2.75756 0.000347698 7.0011 1.51086 -8.87782e-05 1.00034 11.1915 1.51086 0.510857 -0.671666 4.25204 
10 8200 2.79165 0.000347698 7.0011 1.50977 -7.4811e-05 1.00034 11.1835 1.50977 0.509768 -0.6738 4.30453 
10 8300 2.82574 0.000347698 7.0011 1.50908 0.000512672 1.00034 11.1784 1.50908 0.509081 -0.675148 4.35705 
10 8400 2.85982 0.000347698 7.0011 1.51095 0.000158604 1.00034 11.1922 1.51095 0.510951 -0.671482 4.40956 
10 8500 2.89391 0.000347698 7.0011 1.50995 0.000330313 1.00034 11.1848 1.50995 0.509949 -0.673444 4.46208 
10 8600 2.92799 0.000347698 7.0011 1.50924 0.000172023 1.00034 11.1796 1.50924 0.509241 -0.674833 4.51459 
10 8700 2.96174 0.000347698 7.0011 1.51059 0.000168434 1.00034 11.1896 1.51059 0.510594 -0.67218 4.56709 
10 8800 2.99582 0.000347698 7.0011 1.50989 0.000374942 1.00034 11.1844 1.50989 0.509892 -0.673556 4.61959 
10 8900 3.02991 0.000347698 7.0011 1.50936 0.000517586 1.00034 11.1804 1.50936 0.509359 -0.674602 4.67209 
10 9000 3.064 0.000347698 7.0011 1.51076 6.6897e-05 1.00034 11.1908 1.51076 0.510764 -0.671848 4.7246 
10 9100 3.09808 0.000347698 7.0011 1.51018 6.47754e-05 1.00034 11.1865 1.51018 0.510176 -0.673 4.7771 
10 9200 3.13217 0.000347698 7.0011 1.50911 -0.000121931 1.00034 11.1786 1.50911 0.509113 -0.675085 4.82961 
10 9300 3.16626 0.000347698 7.0011 1.51011 0.000341864 1.00034 11.186 1.51011 0.510115 -0.67312 4.88212 
10 9400 3.2 0.000347698 7.0011 1.51033 6.4608e-05 1.00034 11.1876 1.51033 0.51033 -0.672699 4.93461 
10 9500 3.23409 0.000347698 7.0011 1.50955 3.82144e-05 1.00034 11.1818 1.50955 0.509549 -0.674229 4.98712 
10 9600 3.26817 0.000347698 7.0011 1.51017 0.000199202 1.00034 11.1864 1.51017 0.510167 -0.673017 5.03965 
10 9700 3.30226 0.000347698 7.0011 1.51115 -7.97581e-05 1.00034 11.1937 1.51115 0.511146 -0.671099 5.09215 
10 9800 3.33634 0.000347698 7.0011 1.50935 -0.000242313 1.00034 11.1804 1.50935 0.509351 -0.674618 5.14465 
10 9900 3.37043 0.000347698 7.0011 1.5098 -0.000386154 1.00034 11.1837 1.5098 0.509804 -0.673728 5.19716 
10 10000 3.40452 0.000347698 7.0011 1.51066 0.00024275 1.00034 11.1901 1.51066 0.51066 -0.672051 5.24967 
10 10100 3.4386 0.000347698 7.0011 1.5093 0.000228203 1.00034 11.18 1.5093 0.509297 -0.674724 5.30217 
10 10200 3.47235 0.000347698 7.0011 1.50985 5.6116e-05 1.00034 11.184 1.50985 0.509845 -0.673648 5.35468 
10 10300 3.50643 0.000347698 7.0011 1.51083 0.00020239 1.00034 11.1914 1.51083 0.510835 -0.671709 5.40719 
10 10400 3.54052 0.000347698 7.0011 1.50948 -4.35789e-05 1.00034 11.1813 1.50948 0.509479 -0.674367 5.45969 
10 10500 3.57461 0.000347698 7.0011 1.50946 0.000176664 1.00034 11.1812 1.50946 0.50946 -0.674404 5.5122 
10 10600 3.60869 0.000347698 7.0011 1.51059 -0.000265781 1.00034 11.1896 1.51059 0.510592 -0.672184 5.56471 
10 10700 3.64278 0.000347698 7.0011 1.50969 -0.000143398 1.00034 11.1829 1.50969 0.509693 -0.673946 5.61721 
10 10800 3.67686 0.000347698 7.0011 1.50954 -0.000400189 1.00034 11.1817 1.50954 0.509536 -0.674255 5.66972 
10 10900 3.71095 0.000347698 7.0011 1.51051 -1.61511e-05 1.00034 11.189 1.51051 0.51051 -0.672346 5.72223 
10 11000 3.7447 0.000347698 7.0011 1.50983 -0.000150662 1.00034 11.1839 1.50983 0.509826 -0.673685 5.77473 
10 11100 3.77878 0.000347698 7.0011 1.50903 -0.000322526 1.00034 11.178 1.50903 0.509028 -0.675252 5.82724 
10 11200 3.81287 0.000347698 7.0011 1.51095 0.000646921 1.00034 11.1922 1.51095 0.510945 -0.671493 5.87974 
10 11300 3.84695 0.000347698 7.0011 1.51038 0.000241429 1.00034 11.188 1.51038 0.510383 -0.672595 5.93225 
10 11400 3.88104 0.000347698 7.0011 1.50899 -0.000296112 1.00034 11.1777 1.50899 0.508991 -0.675326 5.98477 
10 11500 3.91513 0.000347698 7.0011 1.51062 7.50045e-05 1.00034 11.1898 1.51062 0.510625 -0.67212 6.03727 
10 11600 3.94921 0.000347698 7.0011 1.51038 -0.000133538 1.00034 11.188 1.51038 0.510383 -0.672594 6.08977 
10 11700 3.9833 0.000347698 7.0011 1.50943 0.000291155 1.00034 11.1809 1.50943 0.509426 -0.674471 6.14229 
10 11800 4.01704 0.000347698 7.0011 1.51045 0.000700237 1.00034 11.1886 1.51045 0.510455 -0.672453 6.1948 
10 11900 4.05113 0.000347698 7.0011 1.51068 0.00010711 1.00034 11.1902 1.51068 0.510675 -0.672021 6.24729 
10 12000 4.08522 0.000347698 7.0011 1.50951 -0.000472463 1.00034 11.1816 1.50951 0.509511 -0.674304 6.2998 
10 12100 4.1193 0.000347698 7.0011 1.51023 0.000210004 1.00034 11.1869 1.51023 0.510232 -0.672889 6.35232 
10 12200 4.15339 0.000347698 7.0011 1.51069 -0.000148281 1.00034 11.1903 1.51069 0.510694 -0.671985 6.40482 
10 12300 4.18747 0.000347698 7.0011 1.50937 0.000298364 1.00034 11.1805 1.50937 0.509366 -0.674588 6.45732 
10 12400 4.22156 0.000347698 7.0011 1.50996 0.000288511 1.00034 11.1849 1.50996 0.509963 -0.673417 6.50983 
10 12500 4.25565 0.000347698 7.0011 1.51079 -4.94636e-05 1.00034 11.191 1.51079 0.51079 -0.671797 6.56233 
10 12600 4.28939 0.000347698 7.0011 1.50937 -0.000136866 1.00034 11.1805 1.50937 0.509372 -0.674577 6.61483 
10 12700 4.32348 0.000347698 7.0011 1.50944 -0.000403673 1.00034 11.181 1.50944 0.50944 -0.674443 6.66734 
10 12800 4.35756 0.000347698 7.0011 1.51061 -0.000244388 1.00034 11.1897 1.51061 0.51061 -0.672148 6.71985 
10 12900 4.39165 0.000347698 7.0011 1.50958 4.73224e-05 1.00034 11.1821 1.50958 0.509585 -0.674159 6.77235 
10 13000 4.42574 0.000347698 7.0011 1.50941 0.000680535 1.00034 11.1808 1.50941 0.509413 -0.674496 6.82485 
10 13100 4.45982 0.000347698 7.0011 1.51121 0.000150473 1.00034 11.1942 1.51121 0.511211 -0.670974 6.87737 
10 13200 4.49391 0.000347698 7.0011 1.51027 0.000127702 1.00034 11.1872 1.51027 0.510269 -0.672816 6.9299 
10 13300 4.52799 0.000347698 7.0011 1.51036 0.000496437 1.00034 11.1879 1.51036 0.51036 -0.672638 6.98243 
10 13400 4.56174 0.000347698 7.0011 1.51193 -0.000262807 1.00034 11.1995 1.51193 0.511934 -0.66956 7.03497 
10 13500 4.59582 0.000347698 7.0011 1.5124 -5.68581e-05 1.00034 11.2029 1.5124 0.512398 -0.668654 7.08754 
10 13600 4.62991 0.000347698 7.0011 1.51407 0.000220933 1.00034 11.2153 1.51407 0.514066 -0.665403 7.14017 
10 13700 4.664 0.000347698 7.0011 1.51906 0.000623524 1.00034 11.2523 1.51906 0.519065 -0.655727 7.19291 
10 13800 4.69808 0.000347698 7.0011 1.51907 -0.000627978 1.00042 11.2524 1.51907 0.519069 -0.655718 7.24528 
10 13900 4.73217 0.000347698 7.00095 1.62921 2.62912e-05 1.00083 12.0682 1.62921 0.629207 -0.463295 7.28068 
10 14000 4.76626 0.000347698 7.00072 1.70552 0.000498566 1.00114 12.6335 1.70552 0.70552 -0.34882 7.30997 
10 14100 4.8 0.000347698 7.00046 1.7362 -0.00286206 1.00133 12.8607 1.7362 0.7362 -0.306254 7.33652 
10 14200 4.83409 0.000347698 7.00022 1.80792 0.0306568 1.00144 13.392 1.80792 0.807915 -0.213298 7.36082 
10 14300 4.86817 0.000347698 7.00004 2.00983 -0.0224135 1.00042 14.8876 2.00983 1.00983 0.0097806 7.38615 
10 14400 4.90226 0.000347698 7.00001 0.828101 0.000223016 1.00028 6.13408 0.828101 -0.171899 -1.76085 7.39609 
10 14500 4.93634 0.000347698 7 0.661734 0.000228499 1.00028 4.90173 0.661734 -0.338266 -1.08392 7.39609 
10 14600 4.97043 0.000347698 7 0.560123 0.00176233 1.00029 4.14906 0.560123 -0.439877 -0.82126 7.39609 
10 14700 5.00452 0.000347698 7 0.45208 0.00782971 1.0003 3.34874 0.45208 -0.54792 -0.601626 7.39609 
10 14800 5.0386 0.000347698 7 -1.96013 -0.0051727 1.00033 -14.5195 -1.96013 -2.96013 1.08523 7.39609 
10 14900 5.07235 0.000347698 7 -1.9589 -0.00264549 1.00033 -14.5104 -1.9589 -2.9589 1.08482 7.39609 
10 15000 5.10643 0.000347698 7 -0.847727 -0.00252094 1.00031 -6.27946 -0.847727 -1.84773 0.613956 7.39609 
10 15100 5.14052 0.000347698 7 3.56133 -0.00243832 1.00032 26.3802 3.56133 2.56133 0.940526 7.39609 
10 15200 5.17461 0.000347698 7 3.56128 -0.00244642 1.00032 26.3799 3.56128 2.56128 0.940508 7.39609 
10 15300 5.20869 0.000347698 7 -1.95886 -0.00253994 1.00033 -14.5101 -1.95886 -2.95886 1.0848 7.39609 
10 15400 5.24278 0.000347698 7 -0.847339 -0.0025816 1.00031 -6.27659 -0.847339 -1.84734 0.613746 7.39609 
10 15500 5.27686 0.000347698 7 3.5624 -0.0025396 1.00031 26.3882 3.5624 2.5624 0.940946 7.39609 
10 15600 5.31095 0.000347698 7 -1.95783 -0.00275109 1.00033 -14.5025 -1.95783 -2.95783 1.08446 7.39609 
10 15700 5.3447 0.000347698 7 -0.847345 -0.00259384 1.00031 -6.27663 -0.847345 -1.84735 0.61375 7.39609 
10 15800 5.37878 0.000347698 7 -0.847773 -0.00254351 1.00031 -6.2798 -0.847773 -1.84777 0.613981 7.39609 
10 15900 5.41287 0.000347698 7 3.56133 -0.00244737 1.00032 26.3802 3.56133 2.56133 0.940526 7.39609 
10 16000 5.44695 0.000347698 7 3.56127 -0.00245092 1.00032 26.3798 3.56127 2.56127 0.940504 7.39609 
10 16100 5.48104 0.000347698 7 -0.836348 -0.00275835 1.0003 -6.19517 -0.836348 -1.83635 0.607779 7.39609 
10 16200 5.51513 0.000347698 7 -0.847763 -0.00248928 1.00031 -6.27973 -0.847763 -1.84776 0.613976 7.39609 
10 16300 5.54921 0.000347698 7 -0.847757 -0.00249531 1.00031 -6.27968 -0.847757 -1.84776 0.613972 7.39609 
10 16400 5.5833 0.000347698 7 -0.847765 -0.00250995 1.00031 -6.27974 -0.847765 -1.84777 0.613977 7.39609 
10 16500 5.61704 0.000347698 7 -0.84781 -0.00251952 1.00031 -6.28007 -0.84781 -1.84781 0.614001 7.39609 
10 16600 5.65113 0.000347698 7 3.56133 -0.00243636 1.00032 26.3802 3.56133 2.56133 0.940525 7.39609 
10 16700 5.68522 0.000347698 7 3.56131 -0.00236633 1.00032 26.38 3.56131 2.56131 0.940517 7.39609 
10 16800 5.7193 0.000347698 7 -0.847844 -0.00251672 1.00031 -6.28033 -0.847844 -1.84784 0.61402 7.39609 
10 16900 5.75339 0.000347698 7 3.56132 -0.00243575 1.00032 26.3802 3.56132 2.56132 0.940524 7.39609 
10 17000 5.78747 0.000347698 7 -0.846985 -0.00265021 1.00031 -6.27396 -0.846985 -1.84698 0.613554 7.39609 
10 17100 5.82156 0.000347698 7 -0.847707 -0.0025099 1.00031 -6.27931 -0.847707 -1.84771 0.613945 7.39609 
10 17200 5.85565 0.000347698 7 3.56133 -0.00237427 1.00032 26.3802 3.56133 2.56133 0.940525 7.39609 
10 17300 5.88939 0.000347698 7 -0.847492 -0.00269281 1.00031 -6.27772 -0.847492 -1.84749 0.613829 7.39609 
10 17400 5.92348 0.000347698 7 -0.847756 -0.0026012 1.00031 -6.27967 -0.847756 -1.84776 0.613972 7.39609 
10 17500 5.95756 0.000347698 7 -0.847761 -0.00250816 1.00031 -6.27971 -0.847761 -1.84776 0.613975 7.39609 
10 17600 5.99165 0.000347698 7 -0.847766 -0.00247998 1.00031 -6.27975 -0.847766 -1.84777 0.613977 7.39609 
10 17700 6.02574 0.000347698 7 3.56132 -0.00237018 1.00032 26.3802 3.56132 2.56132 0.940524 7.39609 
10 17800 6.05982 0.000347698 7 3.56121 -0.00239479 1.00032 26.3793 3.56121 2.56121 0.940479 7.39609 
10 17900 6.09391 0.000347698 7 -0.847916 -0.00263411 1.00031 -6.28086 -0.847916 -1.84792 0.614058 7.39609 
10 18000 6.12799 0.000347698 7 3.56243 -0.0025671 1.00031 26.3884 3.56243 2.56243 0.940956 7.39609 
10 18100 6.16174 0.000347698 7 -1.95785 -0.00270022 1.00033 -14.5026 -1.95785 -2.95785 1.08446 7.39609 
10 18200 6.19582 0.000347698 7 -1.95889 -0.00265344 1.00033 -14.5103 -1.95889 -2.95889 1.08481 7.39609 
10 18300 6.22991 0.000347698 7 -1.96089 -0.0028016 1.00033 -14.5251 -1.96089 -2.96089 1.08549 7.39609 
10 18400 6.264 0.000347698 7 -1.95902 -0.00251671 1.00034 -14.5113 -1.95902 -2.95902 1.08486 7.39609 
10 18500 6.29808 0.000347698 7 -0.847734 -0.00250057 1.00031 -6.27951 -0.847734 -1.84773 0.61396 7.39609 
10 18600 6.33217 0.000347698 7 -0.847764 -0.00251069 1.00031 -6.27973 -0.847764 -1.84776 0.613976 7.39609 
10 18700 6.36626 0.000347698 7 -0.84772 -0.00248753 1.00031 -6.27941 -0.84772 -1.84772 0.613952 7.39609 
10 18800 6.4 0.000347698 7 -1.95829 -0.00279183 1.00033 -14.5058 -1.95829 -2.95829 1.08461 7.39609 
10 18900 6.43409 0.000347698 7 -0.847352 -0.00258109 1.00031 -6.27668 -0.847352 -1.84735 0.613753 7.39609 
10 19000 6.46817 0.000347698 7 3.5624 -0.00254279 1.00031 26.3882 3.5624 2.5624 0.940946 7.39609 
10 19100 6.50226 0.000347698 7 -1.95785 -0.0027042 1.00033 -14.5026 -1.95785 -2.95785 1.08446 7.39609 
10 19200 6.53634 0.000347698 7 -0.847346 -0.00258926 1.00031 -6.27664 -0.847346 -1.84735 0.61375 7.39609 
10 19300 6.57043 0.000347698 7 3.5624 -0.00254619 1.00031 26.3882 3.5624 2.5624 0.940946 7.39609 
10 19400 6.60452 0.000347698 7 -1.95785 -0.00270527 1.00033 -14.5026 -1.95785 -2.95785 1.08446 7.39609 
10 19500 6.6386 0.000347698 7 3.56113 -0.00244248 1.00031 26.3787 3.56113 2.56113 0.940447 7.39609 
10 19600 6.67235 0.000347698 7 -2.1021 -0.0021166 1.00035 -15.5711 -2.1021 -3.1021 1.13208 7.39609 
10 19700 6.70643 0.000347698 7 -1.95893 -0.00257716 1.00033 -14.5106 -1.95893 -2.95893 1.08483 7.39609 
10 19800 6.74052 0.000347698 7 -1.91465 -0.00266261 1.00033 -14.1826 -1.91465 -2.91465 1.06975 7.39609 
10 19900 6.77461 0.000347698 7 -0.847715 -0.0024895 1.00031 -6.27937 -0.847715 -1.84772 0.61395 7.39609 
10 20000 6.80869 0.000347698 7 -0.847887 -0.00252506 1.00031 -6.28064 -0.847887 -1.84789 0.614043 7.39609 
10 20100 6.84278 0.000347698 7 3.56132 -0.0023742 1.00032 26.3801 3.56132 2.56132 0.940523 7.39609 
10 20200 6.87686 0.000347698 7 -1.95886 -0.00262052 1.00033 -14.5101 -1.95886 -2.95886 1.0848 7.39609 
10 20300 6.91095 0.000347698 7 -1.91408 -0.00288982 1.00033 -14.1784 -1.91408 -2.91408 1.06956 7.39609 
10 20400 6.9447 0.000347698 7 -0.847317 -0.00263542 1.00031 -6.27643 -0.847317 -1.84732 0.613735 7.39609 
10 20500 6.97878 0.000347698 7 3.56241 -0.00253958 1.00031 26.3882 3.56241 2.56241 0.940947 7.39609 
10 20600 7.01287 0.000347698 7 -1.95785 -0.00270214 1.00033 -14.5026 -1.95785 -2.95785 1.08446 7.39609 
10 20700 7.04695 0.000347698 7 -1.95911 -0.00259487 1.00033 -14.5119 -1.95911 -2.95911 1.08489 7.39609 
10 20800 7.08104 0.000347698 7 -0.847735 -0.00252416 1.00031 -6.27952 -0.847735 -1.84773 0.61396 7.39609 
10 20900 7.11513 0.000347698 7 3.56242 -0.00241084 1.00031 26.3883 3.56242 2.56242 0.940954 7.39609 
10 21000 7.14921 0.000347698 7 3.56088 -0.00245544 1.00032 26.3769 3.56088 2.56088 0.940353 7.39609 
10 21100 7.1833 0.000347698 7 3.56121 -0.00247595 1.00032 26.3793 3.56121 2.56121 0.940481 7.39609 
10 21200 7.21704 0.000347698 7 -1.95784 -0.0027139 1.00033 -14.5025 -1.95784 -2.95784 1.08446 7.39609 
10 21300 7.25113 0.000347698 7 -0.847346 -0.00258333 1.00031 -6.27664 -0.847346 -1.84735 0.61375 7.39609 
10 21400 7.28522 0.000347698 7 -0.847864 -0.00255207 1.00031 -6.28047 -0.847864 -1.84786 0.61403 7.39609 
10 21500 7.3193 0.000347698 7 3.56132 -0.00245255 1.00032 26.3802 3.56132 2.56132 0.940525 7.39609 
10 21600 7.35339 0.000347698 7 -1.95886 -0.00254352 1.00033 -14.5101 -1.95886 -2.95886 1.0848 7.39609 
10 21700 7.38747 0.000347698 7 -1.9589 -0.00261285 1.00033 -14.5104 -1.9589 -2.9589 1.08482 7.39609 
10 21800 7.42156 0.000347698 7 -1.95907 -0.00249921 1.00033 -14.5116 -1.95907 -2.95907 1.08488 7.39609 
10 21900 7.45565 0.000347698 7 -1.95893 -0.0026036 1.00033 -14.5106 -1.95893 -2.95893 1.08483 7.39609 
10 22000 7.48939 0.000347698 7 -0.847705 -0.00248896 1.00031 -6.2793 -0.847705 -1.8477 0.613944 7.39609 
10 22100 7.52348 0.000347698 7 -0.84809 -0.00243722 1.00031 -6.28215 -0.84809 -1.84809 0.614153 7.39609 
10 22200 7.55756 0.000347698 7 3.56132 -0.00243136 1.00032 26.3801 3.56132 2.56132 0.940523 7.39609 
10 22300 7.59165 0.000347698 7 -1.95851 -0.002763 1.00033 -14.5075 -1.95851 -2.95851 1.08468 7.39609 
10 22400 7.62574 0.000347698 7 -0.846846 -0.00275547 1.00031 -6.27293 -0.846846 -1.84685 0.613479 7.39609 
10 22500 7.65982 0.000347698 7 3.56271 -0.00268906 1.00031 26.3904 3.56271 2.56271 0.941064 7.39609 
10 22600 7.69391 0.000347698 7 -1.95737 -0.00286402 1.00033 -14.499 -1.95737 -2.95737 1.0843 7.39609 
10 22700 7.72799 0.000347698 7 -0.846816 -0.00277037 1.00031 -6.27271 -0.846816 -1.84682 0.613463 7.39609 
10 22800 7.76174 0.000347698 7 -0.8477 -0.00258346 1.00031 -6.27926 -0.8477 -1.8477 0.613941 7.39609 
10 22900 7.79582 0.000347698 7 3.56133 -0.0023838 1.00032 26.3802 3.56133 2.56133 0.940525 7.39609 
10 23000 7.82991 0.000347698 7 -1.95886 -0.00262213 1.00033 -14.5101 -1.95886 -2.95886 1.0848 7.39609 
10 23100 7.864 0.000347698 7 -0.847701 -0.00249111 1.00031 -6.27927 -0.847701 -1.8477 0.613942 7.39609 
10 23200 7.89808 0.000347698 7 -0.847746 -0.00249682 1.00031 -6.2796 -0.847746 -1.84775 0.613966 7.39609 
10 23300 7.93217 0.000347698 7 3.56133 -0.00243373 1.00032 26.3802 3.56133 2.56133 0.940526 7.39609 
10 23400 7.96626 0.000347698 7 -0.848701 -0.00271474 1.00031 -6.28668 -0.848701 -1.8487 0.614483 7.39609 
