11 0 0 0.000651052 7.00028 1.49158 0 1.00003 44.195 1.49158 0.49158 -0.71013 -2.31858e-07 
11 100 0.122263 0.001283 7.00028 1.5067 3.68383e-06 0.999981 44.6428 1.5067 0.506695 -0.679845 0.19177 
11 200 0.245128 0.00128149 7.00028 1.50624 -1.15709e-06 1 44.6295 1.50624 0.506244 -0.680736 0.385005 
11 300 0.368 0.00128378 7.00028 1.50709 6.66721e-06 1.00001 44.6545 1.50709 0.507089 -0.67907 0.578172 
11 400 0.491546 0.0012806 7.00028 1.50865 -9.71062e-06 1.00001 44.7007 1.50865 0.50865 -0.675995 0.771538 
11 500 0.614417 0.00128234 7.00028 1.50903 -4.74656e-06 1.00001 44.712 1.50903 0.509029 -0.675251 0.964962 
11 600 0.737278 0.00127832 7.00028 1.51012 1.08258e-05 1.00001 44.7442 1.51012 0.510118 -0.673114 1.15845 
11 700 0.860787 0.00128088 7.00028 1.51065 8.62141e-06 1.00001 44.7599 1.51065 0.510645 -0.672081 1.35171 
11 800 0.983678 0.00127822 7.00028 1.51234 -6.64951e-06 1.00001 44.8102 1.51234 0.512343 -0.668761 1.54506 
11 900 1.10656 0.00128135 7.00028 1.5153 3.92844e-05 1.00001 44.8978 1.5153 0.5153 -0.663007 1.73859 
11 1000 1.22999 0.00126741 7.00028 1.51756 4.10358e-05 1.00001 44.9649 1.51756 0.517565 -0.658621 1.93177 
11 1100 1.3529 0.00127305 7.00028 1.51928 2.09913e-05 1.00001 45.0158 1.51928 0.519282 -0.655307 2.1248 
11 1200 1.47582 0.00127155 7.00028 1.52094 0.000133736 1.00001 45.0649 1.52094 0.520942 -0.652117 2.3184 
11 1300 1.59929 0.00127616 7.00028 1.52116 1.55724e-05 1.00001 45.0714 1.52116 0.521159 -0.6517 2.51219 
11 1400 1.72221 0.00127467 7.00028 1.52339 4.68751e-06 1.00001 45.1374 1.52339 0.523386 -0.647436 2.70622 
11 1500 1.84509 0.00127569 7.00028 1.52227 -4.62489e-05 1.00001 45.1043 1.52227 0.52227 -0.649571 2.90056 
11 1600 1.968 0.0012779 7.00028 1.52278 8.51174e-05 1.00001 45.1194 1.52278 0.522779 -0.648597 3.09462 
11 1700 2.09147 0.00127051 7.00028 1.52245 -1.21331e-05 1.00001 45.1098 1.52245 0.522454 -0.649218 3.28862 
11 1800 2.21436 0.00126871 7.00028 1.52312 1.22761e-05 1.00001 45.1294 1.52312 0.523118 -0.647947 3.48212 
11 1900 2.33727 0.00127412 7.00028 1.52417 1.67093e-05 1.00001 45.1607 1.52417 0.524174 -0.645931 3.67563 
11 2000 2.46075 0.00127609 7.00028 1.52257 -1.20324e-05 1.00001 45.1133 1.52257 0.522573 -0.64899 3.86961 
11 2100 2.58364 0.0012748 7.00028 1.52303 5.24629e-06 1.00001 45.1269 1.52303 0.523033 -0.64811 4.06337 
11 2200 2.70655 0.00127262 7.00028 1.52292 -2.15881e-05 1.00001 45.1235 1.52292 0.522918 -0.648332 4.25716 
11 2300 2.83004 0.00127915 7.00028 1.52407 -3.07531e-05 1.00001 45.1576 1.52407 0.52407 -0.646129 4.4509 
11 2400 2.95287 0.0012703 7.00028 1.52359 5.813e-06 1.00001 45.1435 1.52359 0.523593 -0.647041 4.6445 
11 2500 3.07581 0.00125809 7.00028 1.52284 4.92544e-05 1.00001 45.1211 1.52284 0.522836 -0.648487 4.83793 
11 2600 3.19926 0.00127604 7.00028 1.52299 -6.8621e-07 1.00001 45.1255 1.52299 0.522986 -0.648201 5.03134 
11 2700 3.32217 0.00127665 7.00028 1.52283 -6.41243e-06 1.00001 45.1208 1.52283 0.522828 -0.648502 5.225 
11 2800 3.44509 0.00127124 7.00028 1.52387 -1.26656e-06 1.00001 45.1518 1.52387 0.523873 -0.646507 5.41872 
11 2900 3.568 0.00127446 7.00028 1.52407 -2.16616e-05 1.00001 45.1576 1.52407 0.52407 -0.64613 5.61261 
11 3000 3.69145 0.00127845 7.00028 1.52357 1.90976e-05 1.00001 45.1429 1.52357 0.523573 -0.647079 5.80639 
11 3100 3.81436 0.00127371 7.00028 1.5235 4.59677e-06 1.00001 45.1409 1.5235 0.523505 -0.64721 6.00032 
11 3200 3.93728 0.00127742 7.00028 1.52413 5.73385e-06 1.00001 45.1594 1.52413 0.52413 -0.646016 6.19439 
11 3300 4.06074 0.00127232 7.00028 1.52476 -9.51878e-06 1.00001 45.178 1.52476 0.524757 -0.644821 6.38823 
11 3400 4.18363 0.00127095 7.00028 1.5248 4.49448e-06 1.00001 45.1793 1.5248 0.524802 -0.644734 6.58222 
11 3500 4.30656 0.0012786 7.00028 1.52414 -9.89685e-06 1.00001 45.1596 1.52414 0.524136 -0.646004 6.77634 
11 3600 4.43001 0.00127305 7.00028 1.52413 -1.16216e-05 1.00001 45.1593 1.52413 0.524125 -0.646025 6.97039 
11 3700 4.55292 0.0012778 7.00028 1.52458 -4.84828e-06 1.00001 45.1728 1.52458 0.524583 -0.645152 7.16455 
11 3800 4.67581 0.00127012 7.00028 1.52514 -9.36803e-06 1.00001 45.1892 1.52514 0.525137 -0.644096 7.3587 
11 3900 4.79919 0.00125882 7.00028 1.53053 -2.3421e-06 1.00002 45.349 1.53053 0.53053 -0.633878 7.55267 
11 4000 4.912 0.00116774 7.00008 1.50985 0.00128269 1.00004 44.7363 1.50985 0.509852 -0.673636 7.67284 
11 4100 5.02637 0.00120606 7 1.48753 0.00334317 1.00004 44.0748 1.48753 0.487525 -0.718413 7.69805 
11 4200 5.136 0.001056 7 1.49813 -0.000786962 1.00008 44.3892 1.49813 0.498134 -0.696886 7.69805 
11 4300 5.24153 0.00106113 7 1.4822 -0.000659872 1.00008 43.9171 1.4822 0.482201 -0.729395 7.69805 
11 4400 5.34718 0.00106406 7 1.4741 0.00089893 1.00007 43.6771 1.4741 0.474102 -0.746333 7.69805 
11 4500 5.45399 0.00106207 7 1.49281 -0.00243594 1.00007 44.2313 1.49281 0.492807 -0.707637 7.69805 
11 4600 5.55845 0.00107275 7 1.47163 0.0015867 1.00007 43.6039 1.47163 0.47163 -0.751561 7.69805 
11 4700 5.66506 0.00106147 7 1.48729 0.00100835 1.00008 44.068 1.48729 0.487294 -0.718888 7.69805 
11 4800 5.76964 0.00106939 7 1.49335 0.00180969 1.00008 44.2473 1.49335 0.493345 -0.706546 7.69805 
11 4900 5.8752 0.00106584 7 1.46045 0.00241458 1.00008 43.2725 1.46045 0.460447 -0.775557 7.69805 
11 5000 5.97768 0.00106563 7 1.46129 -0.000661018 1.00008 43.2974 1.46129 0.461288 -0.773732 7.69805 
11 5100 6.08427 0.00106744 7 1.47128 0.00391366 1.00008 43.5936 1.47128 0.471283 -0.752297 7.69805 
11 5200 6.18899 0.00108115 7 1.47937 0.0101992 1.00007 43.8333 1.47937 0.479373 -0.735276 7.69805 
11 5300 6.29329 0.00105883 7 1.47579 0.00438604 1.00008 43.7273 1.47579 0.475795 -0.742768 7.69805 
11 5400 6.39571 0.00106906 7 1.46685 0.00364442 1.00008 43.4621 1.46685 0.466846 -0.761756 7.69805 
11 5500 6.49708 0.00108353 7 1.47964 0.00934034 1.00006 43.8411 1.47964 0.479638 -0.734724 7.69805 
11 5600 6.60059 0.00105219 7 1.45239 0.00865228 1.00007 43.0338 1.45239 0.45239 -0.79321 7.69805 
11 5700 6.704 0.00105349 7 1.47775 0.00642272 1.00008 43.7851 1.47775 0.477746 -0.738675 7.69805 
11 5800 6.80747 0.00106732 7 1.48556 0.00216921 1.00008 44.0166 1.48556 0.485561 -0.722451 7.69805 
11 5900 6.90988 0.00107085 7 1.48216 0.0017379 1.00008 43.9159 1.48216 0.482163 -0.729473 7.69805 
11 6000 7.01663 0.00106958 7 1.43652 0.00565928 1.00008 42.5635 1.43652 0.436518 -0.828926 7.69805 
11 6100 7.12212 0.00105956 7 1.51867 0.0041996 1.00008 44.9976 1.51867 0.518668 -0.656492 7.69805 
11 6200 7.22775 0.00106571 7 1.48525 0.00445781 1.00008 44.0075 1.48525 0.485255 -0.723081 7.69805 
11 6300 7.33011 0.00105598 7 1.51597 0.00300533 1.00008 44.9177 1.51597 0.515973 -0.661702 7.69805 
11 6400 7.43029 0.00104599 7 1.46863 -0.00231799 1.00008 43.5151 1.46863 0.468634 -0.757932 7.69805 
11 6500 7.53167 0.00105851 7 1.44344 0.000801695 1.00008 42.7685 1.44344 0.443437 -0.8132 7.69805 
11 6600 7.63194 0.00106064 7 1.44134 0.00104552 1.00008 42.7062 1.44134 0.441335 -0.81795 7.69805 
11 6700 7.73118 0.00105789 7 1.45292 0.000884703 1.00008 43.0494 1.45292 0.452916 -0.792049 7.69805 
11 6800 7.83145 0.00106135 7 1.43316 -0.00220743 1.00007 42.464 1.43316 0.433161 -0.836647 7.69805 
11 6900 7.93169 0.00106281 7 1.49495 -0.000868146 1.00008 44.2949 1.49495 0.494953 -0.703292 7.69805 
