10 0 0 0.000275621 7.0011 1.46625 0 1.00003 10.8611 1.46625 0.466253 -0.763027 -3.06666e-16 
10 100 0.0535124 0.000551242 7.0011 1.51105 0.000108059 1.00025 11.193 1.51105 0.511055 -0.671278 0.0821549 
10 200 0.107025 0.000551242 7.0011 1.5119 -1.14848e-05 1.00026 11.1993 1.5119 0.511903 -0.669619 0.165517 
10 300 0.16 0.000551242 7.0011 1.51188 0.000167101 1.00026 11.1991 1.51188 0.511877 -0.66967 0.248838 
10 400 0.213512 0.000551242 7.0011 1.51106 1.56972e-05 1.00027 11.193 1.51106 0.511057 -0.671273 0.332174 
10 500 0.267025 0.000551242 7.0011 1.51217 0.000259876 1.00027 11.2012 1.51217 0.512166 -0.669106 0.415521 
10 600 0.32 0.000551242 7.0011 1.51286 0.000665483 1.00027 11.2064 1.51286 0.512864 -0.667744 0.498889 
10 700 0.373512 0.000551242 7.0011 1.51274 0.000411467 1.00027 11.2055 1.51274 0.512737 -0.667992 0.582297 
10 800 0.427025 0.000551242 7.0011 1.51303 0.000270466 1.00027 11.2076 1.51303 0.513028 -0.667424 0.665717 
10 900 0.48 0.000551242 7.0011 1.51417 3.02182e-05 1.00027 11.2161 1.51417 0.514168 -0.665205 0.749148 
10 1000 0.533512 0.000551242 7.0011 1.51397 -9.59133e-05 1.00027 11.2146 1.51397 0.513969 -0.665592 0.832618 
10 1100 0.587025 0.000551242 7.0011 1.51447 0.000250454 1.00027 11.2183 1.51447 0.514468 -0.664621 0.916115 
10 1200 0.64 0.000551242 7.0011 1.51546 5.33832e-05 1.00027 11.2256 1.51546 0.515456 -0.662704 0.999624 
10 1300 0.693512 0.000551242 7.0011 1.51507 0.000533736 1.00027 11.2227 1.51507 0.51507 -0.663452 1.08317 
10 1400 0.747025 0.000551242 7.0011 1.51524 -1.82873e-05 1.00027 11.224 1.51524 0.515236 -0.66313 1.16672 
10 1500 0.8 0.000551242 7.0011 1.5158 0.00022317 1.00027 11.2281 1.5158 0.5158 -0.662037 1.25028 
10 1600 0.853512 0.000551242 7.0011 1.5158 0.000521557 1.00027 11.2281 1.5158 0.515796 -0.662045 1.33382 
10 1700 0.907025 0.000551242 7.0011 1.5159 0.000101174 1.00027 11.2289 1.5159 0.515905 -0.661834 1.41741 
10 1800 0.96 0.000551242 7.0011 1.51716 -0.000198582 1.00027 11.2382 1.51716 0.517163 -0.659398 1.50099 
10 1900 1.01351 0.000551242 7.0011 1.51592 0.000858103 1.00027 11.229 1.51592 0.515921 -0.661802 1.58456 
10 2000 1.06702 0.000551242 7.0011 1.51568 0.00038735 1.00027 11.2273 1.51568 0.51568 -0.662268 1.66815 
10 2100 1.12 0.000551242 7.0011 1.51733 -0.000367271 1.00026 11.2395 1.51733 0.517335 -0.659065 1.75174 
10 2200 1.17351 0.000551242 7.0011 1.51632 -0.000387411 1.00027 11.232 1.51632 0.516323 -0.661023 1.83533 
10 2300 1.22702 0.000551242 7.0011 1.51616 0.00060184 1.00027 11.2308 1.51616 0.516156 -0.661345 1.91894 
10 2400 1.28 0.000551242 7.0011 1.51702 -0.000233911 1.00026 11.2372 1.51702 0.517023 -0.659668 2.00255 
10 2500 1.33351 0.000551242 7.0011 1.51659 -0.000280696 1.00027 11.234 1.51659 0.516587 -0.660512 2.08616 
10 2600 1.38702 0.000551242 7.0011 1.51601 -0.000159584 1.00027 11.2297 1.51601 0.516014 -0.661622 2.16977 
10 2700 1.44 0.000551242 7.0011 1.51729 -0.000159691 1.00026 11.2392 1.51729 0.517292 -0.659147 2.25338 
10 2800 1.49351 0.000551242 7.0011 1.5167 -0.000543199 1.00027 11.2348 1.5167 0.516696 -0.6603 2.337 
10 2900 1.54702 0.000551242 7.0011 1.51611 0.000266657 1.00027 11.2305 1.51611 0.516112 -0.661432 2.42062 
10 3000 1.6 0.000551242 7.0011 1.51743 -1.91154e-05 1.00026 11.2402 1.51743 0.517429 -0.658882 2.50424 
10 3100 1.65351 0.000551242 7.0011 1.5171 -0.000328963 1.00027 11.2378 1.5171 0.517105 -0.65951 2.58785 
10 3200 1.70702 0.000551242 7.0011 1.51621 -2.41067e-05 1.00027 11.2312 1.51621 0.516211 -0.66124 2.67147 
10 3300 1.76 0.000551242 7.0011 1.5172 -0.00079591 1.00026 11.2385 1.5172 0.5172 -0.659325 2.75508 
10 3400 1.81351 0.000551242 7.0011 1.51709 -0.000116556 1.00027 11.2377 1.51709 0.517095 -0.659529 2.8387 
10 3500 1.86702 0.000551242 7.0011 1.51636 0.000430721 1.00027 11.2323 1.51636 0.516363 -0.660945 2.92232 
10 3600 1.92 0.000551242 7.0011 1.51711 -0.000271425 1.00027 11.2378 1.51711 0.517107 -0.659506 3.00593 
10 3700 1.97351 0.000551242 7.0011 1.51715 -7.22725e-05 1.00027 11.2382 1.51715 0.517153 -0.659417 3.08955 
10 3800 2.02702 0.000551242 7.0011 1.51624 0.000143169 1.00027 11.2314 1.51624 0.516241 -0.661182 3.17317 
10 3900 2.08 0.000551242 7.0011 1.51683 -0.000448355 1.00027 11.2358 1.51683 0.516834 -0.660033 3.25678 
10 4000 2.13351 0.000551242 7.0011 1.5171 0.000250266 1.00027 11.2378 1.5171 0.517099 -0.659522 3.34038 
10 4100 2.18702 0.000551242 7.0011 1.51611 0.000157932 1.00027 11.2305 1.51611 0.516112 -0.661431 3.424 
10 4200 2.24 0.000551242 7.0011 1.5173 -0.000149337 1.00027 11.2392 1.5173 0.517297 -0.659139 3.50761 
10 4300 2.29351 0.000551242 7.0011 1.51732 -0.000129218 1.00027 11.2394 1.51732 0.517318 -0.659098 3.59124 
10 4400 2.34702 0.000551242 7.0011 1.51633 0.000364284 1.00027 11.2321 1.51633 0.516327 -0.661014 3.67486 
10 4500 2.4 0.000551242 7.0011 1.51672 -0.000237635 1.00027 11.235 1.51672 0.516719 -0.660256 3.75848 
10 4600 2.45351 0.000551242 7.0011 1.51726 -0.000456401 1.00027 11.239 1.51726 0.517264 -0.659202 3.84209 
10 4700 2.50702 0.000551242 7.0011 1.51598 -0.000286081 1.00027 11.2294 1.51598 0.515975 -0.661696 3.9257 
10 4800 2.56 0.000551242 7.0011 1.51697 0.000662399 1.00027 11.2368 1.51697 0.51697 -0.659771 4.00932 
10 4900 2.61351 0.000551242 7.0011 1.51765 0.000123917 1.00027 11.2418 1.51765 0.517649 -0.658458 4.09294 
10 5000 2.66702 0.000551242 7.0011 1.51619 -0.000517532 1.00027 11.2311 1.51619 0.516194 -0.661273 4.17656 
10 5100 2.72 0.000551242 7.0011 1.51647 0.000442709 1.00027 11.2331 1.51647 0.516472 -0.660734 4.26018 
10 5200 2.77351 0.000551242 7.0011 1.51727 0.000267896 1.00027 11.239 1.51727 0.517271 -0.659188 4.34378 
10 5300 2.82702 0.000551242 7.0011 1.5162 7.49131e-05 1.00027 11.2311 1.5162 0.516204 -0.661253 4.42738 
10 5400 2.88 0.000551242 7.0011 1.51684 0.000671419 1.00027 11.2358 1.51684 0.516837 -0.660027 4.51099 
10 5500 2.93351 0.000551242 7.0011 1.51734 0.000538461 1.00027 11.2396 1.51734 0.517343 -0.65905 4.59462 
10 5600 2.98702 0.000551242 7.0011 1.51652 -9.96708e-05 1.00027 11.2334 1.51652 0.516515 -0.660651 4.67822 
10 5700 3.04 0.000551242 7.0011 1.51689 -0.000878041 1.00027 11.2362 1.51689 0.51689 -0.659924 4.76184 
10 5800 3.09351 0.000551242 7.0011 1.51753 -0.000206934 1.00027 11.2409 1.51753 0.517527 -0.658694 4.84546 
10 5900 3.14702 0.000551242 7.0011 1.51677 -8.44463e-05 1.00027 11.2354 1.51677 0.516773 -0.660151 4.92907 
10 6000 3.2 0.000551242 7.0011 1.5165 5.50281e-05 1.00027 11.2333 1.5165 0.516502 -0.660676 5.0127 
10 6100 3.25351 0.000551242 7.0011 1.51737 1.37501e-05 1.00026 11.2398 1.51737 0.51737 -0.658998 5.09631 
10 6200 3.30702 0.000551242 7.0011 1.51651 0.000520694 1.00027 11.2334 1.51651 0.516514 -0.660653 5.17992 
10 6300 3.36 0.000551242 7.0011 1.51633 0.000312235 1.00027 11.2321 1.51633 0.516327 -0.661015 5.26354 
10 6400 3.41351 0.000551242 7.0011 1.51731 -0.000363442 1.00026 11.2393 1.51731 0.517307 -0.659119 5.34715 
10 6500 3.46702 0.000551242 7.0011 1.51699 -7.36143e-05 1.00027 11.237 1.51699 0.516992 -0.659729 5.43078 
10 6600 3.52 0.000551242 7.0011 1.51638 -0.000599395 1.00027 11.2325 1.51638 0.516382 -0.660909 5.5144 
10 6700 3.57351 0.000551242 7.0011 1.5169 0.000269926 1.00027 11.2363 1.5169 0.516898 -0.65991 5.59801 
10 6800 3.62702 0.000551242 7.0011 1.51706 -0.000140956 1.00027 11.2375 1.51706 0.517059 -0.659598 5.68162 
10 6900 3.68 0.000551242 7.0011 1.51625 -0.000643694 1.00027 11.2315 1.51625 0.516249 -0.661165 5.76524 
10 7000 3.73351 0.000551242 7.0011 1.51746 -0.000531364 1.00027 11.2405 1.51746 0.517464 -0.658815 5.84886 
10 7100 3.78702 0.000551242 7.0011 1.51668 0.000644811 1.00027 11.2347 1.51668 0.516679 -0.660333 5.93247 
10 7200 3.84 0.000551242 7.0011 1.51642 0.000395545 1.00027 11.2327 1.51642 0.516419 -0.660837 6.0161 
10 7300 3.89351 0.000551242 7.0011 1.51757 -8.37289e-05 1.00027 11.2413 1.51757 0.517574 -0.658604 6.09971 
10 7400 3.94702 0.000551242 7.0011 1.51688 -0.000317862 1.00027 11.2362 1.51688 0.516884 -0.659937 6.18333 
10 7500 4 0.000551242 7.0011 1.5169 0.000385246 1.00027 11.2363 1.5169 0.516898 -0.659911 6.26696 
10 7600 4.05351 0.000551242 7.0011 1.51706 0.000302319 1.00027 11.2375 1.51706 0.517064 -0.659589 6.35059 
10 7700 4.10702 0.000551242 7.0011 1.51751 0.00032669 1.00027 11.2408 1.51751 0.517512 -0.658722 6.43421 
10 7800 4.16 0.000551242 7.0011 1.51657 -0.000266457 1.00027 11.2339 1.51657 0.516572 -0.660541 6.51784 
10 7900 4.21351 0.000551242 7.0011 1.51699 0.000149331 1.00027 11.237 1.51699 0.516989 -0.659734 6.60146 
10 8000 4.26702 0.000551242 7.0011 1.51719 7.58475e-05 1.00027 11.2384 1.51719 0.517186 -0.659353 6.68509 
10 8100 4.32 0.000551242 7.0011 1.51682 -0.000568432 1.00027 11.2357 1.51682 0.516818 -0.660064 6.76871 
10 8200 4.37351 0.000551242 7.0011 1.51716 0.000179569 1.00027 11.2382 1.51716 0.51716 -0.659403 6.85236 
10 8300 4.42702 0.000551242 7.0011 1.518 -2.36907e-05 1.00027 11.2444 1.518 0.517996 -0.657789 6.93599 
10 8400 4.48 0.000551242 7.0011 1.51786 -0.000190961 1.00027 11.2434 1.51786 0.517864 -0.658042 7.01965 
10 8500 4.53351 0.000551242 7.0011 1.52012 -5.215e-05 1.00027 11.2602 1.52012 0.520121 -0.653694 7.10338 
10 8600 4.58702 0.000551242 7.0011 1.52739 -0.00108874 1.00026 11.314 1.52739 0.527392 -0.639811 7.18734 
10 8700 4.64 0.000551242 7.00103 1.56517 1.52991e-05 1.0004 11.5938 1.56517 0.565166 -0.570635 7.26205 
10 8800 4.69351 0.000551242 7.00072 1.62436 -0.000143659 1.00058 12.0323 1.62436 0.624361 -0.471026 7.31159 
10 8900 4.74702 0.000551242 7.00035 1.6116 0.0254952 1.00081 11.9378 1.6116 0.611602 -0.491673 7.35407 
10 9000 4.8 0.000551242 7.00003 0.862684 0.114336 1.00052 6.39025 0.862684 -0.137316 -1.98547 7.39296 
10 9100 4.85351 0.000551242 7.00002 1.36474 -0.0112929 1.00023 10.1092 1.36474 0.364742 -1.00857 7.39609 
10 9200 4.90702 0.000551242 7.00002 1.34624 -0.00825093 1.00023 9.97213 1.34624 0.346237 -1.06063 7.39609 
10 9300 4.96 0.000551242 7.00002 1.34823 -0.00557528 1.00023 9.98687 1.34823 0.348228 -1.0549 7.39609 
10 9400 5.01351 0.000551242 7.00002 1.34912 -0.0067946 1.00023 9.99349 1.34912 0.349122 -1.05233 7.39609 
10 9500 5.06702 0.000551242 7.00002 1.35185 -0.00314663 1.00023 10.0137 1.35185 0.351845 -1.04456 7.39609 
10 9600 5.12 0.000551242 7.00002 1.34992 -0.000469518 1.00023 9.99942 1.34992 0.349922 -1.05005 7.39609 
10 9700 5.17351 0.000551242 7.00002 1.34954 -0.00378063 1.00023 9.99658 1.34954 0.349538 -1.05114 7.39609 
10 9800 5.22702 0.000551242 7.00002 1.40265 0.015284 1.00023 10.39 1.40265 0.402649 -0.909691 7.39609 
10 9900 5.28 0.000551242 7.00002 1.35251 -0.00174197 1.00023 10.0186 1.35251 0.35251 -1.04268 7.39609 
10 10000 5.33351 0.000551242 7.00002 1.3467 -0.00124946 1.00023 9.97559 1.3467 0.346705 -1.05928 7.39609 
10 10100 5.38702 0.000551242 7.00002 1.34581 -0.00117544 1.00023 9.96897 1.34581 0.345811 -1.06186 7.39609 
10 10200 5.44 0.000551242 7.00002 1.35045 -0.00289592 1.00023 10.0033 1.35045 0.350448 -1.04854 7.39609 
10 10300 5.49351 0.000551242 7.00002 1.35191 -0.00441605 1.00023 10.0142 1.35191 0.351912 -1.04437 7.39609 
10 10400 5.54702 0.000551242 7.00002 1.3526 -0.00379113 1.00023 10.0193 1.3526 0.3526 -1.04242 7.39609 
10 10500 5.6 0.000551242 7.00002 1.35374 -0.00253837 1.00023 10.0277 1.35374 0.353736 -1.0392 7.39609 
10 10600 5.65351 0.000551242 7.00002 1.34984 -0.0026048 1.00023 9.9988 1.34984 0.349838 -1.05028 7.39609 
10 10700 5.70702 0.000551242 7.00002 1.34988 -0.00462303 1.00023 9.99912 1.34988 0.349881 -1.05016 7.39609 
10 10800 5.76 0.000551242 7.00002 1.35213 -0.00410353 1.00023 10.0158 1.35213 0.35213 -1.04375 7.39609 
10 10900 5.81351 0.000551242 7.00002 1.35238 -0.00335379 1.00023 10.0176 1.35238 0.352376 -1.04306 7.39609 
10 11000 5.86702 0.000551242 7.00002 1.34603 -0.00128199 1.00023 9.9706 1.34603 0.346032 -1.06123 7.39609 
10 11100 5.92 0.000551242 7.00002 1.34977 -0.00206319 1.00023 9.99833 1.34977 0.349774 -1.05047 7.39609 
10 11200 5.97351 0.000551242 7.00002 1.34979 -0.00223149 1.00023 9.99845 1.34979 0.349791 -1.05042 7.39609 
10 11300 6.02702 0.000551242 7.00002 1.34982 -0.00216025 1.00023 9.99866 1.34982 0.349819 -1.05034 7.39609 
10 11400 6.08 0.000551242 7.00002 1.35186 -0.00126251 1.00023 10.0138 1.35186 0.351858 -1.04453 7.39609 
10 11500 6.13351 0.000551242 7.00002 1.34822 -0.0016719 1.00023 9.98683 1.34822 0.348222 -1.05492 7.39609 
10 11600 6.18702 0.000551242 7.00002 1.39965 0.0148316 1.00023 10.3678 1.39965 0.399651 -0.917164 7.39609 
10 11700 6.24 0.000551242 7.00002 1.34825 -0.00144508 1.00023 9.987 1.34825 0.348245 -1.05485 7.39609 
10 11800 6.29351 0.000551242 7.00002 1.35151 -0.00206235 1.00023 10.0112 1.35151 0.351511 -1.04551 7.39609 
10 11900 6.34702 0.000551242 7.00002 1.40376 0.0161847 1.00023 10.3982 1.40376 0.403757 -0.906943 7.39609 
10 12000 6.4 0.000551242 7.00002 1.39954 0.0148981 1.00023 10.367 1.39954 0.399543 -0.917433 7.39609 
10 12100 6.45351 0.000551242 7.00002 1.347 -0.00128684 1.00023 9.97777 1.347 0.346999 -1.05843 7.39609 
10 12200 6.50702 0.000551242 7.00002 1.34983 -0.00536207 1.00023 9.99876 1.34983 0.349833 -1.0503 7.39609 
10 12300 6.56 0.000551242 7.00002 1.35066 -0.00585097 1.00023 10.0049 1.35066 0.350662 -1.04793 7.39609 
10 12400 6.61351 0.000551242 7.00002 1.35075 -0.00286178 1.00023 10.0055 1.35075 0.350749 -1.04769 7.39609 
10 12500 6.66702 0.000551242 7.00002 1.35011 -0.00484063 1.00023 10.0008 1.35011 0.35011 -1.04951 7.39609 
10 12600 6.72 0.000551242 7.00002 1.34823 -0.00397349 1.00023 9.9869 1.34823 0.348231 -1.05489 7.39609 
10 12700 6.77351 0.000551242 7.00002 1.34938 -0.00236223 1.00023 9.99537 1.34938 0.349375 -1.05161 7.39609 
10 12800 6.82702 0.000551242 7.00002 1.35008 -0.00256196 1.00023 10.0006 1.35008 0.350077 -1.0496 7.39609 
10 12900 6.88 0.000551242 7.00002 1.34929 -0.00104389 1.00023 9.99473 1.34929 0.349288 -1.05186 7.39609 
10 13000 6.93351 0.000551242 7.00002 1.3511 -0.00375184 1.00023 10.0082 1.3511 0.351103 -1.04668 7.39609 
10 13100 6.98702 0.000551242 7.00002 1.34976 -0.002597 1.00023 9.99819 1.34976 0.349756 -1.05052 7.39609 
10 13200 7.04 0.000551242 7.00002 1.35142 -0.00398024 1.00023 10.0105 1.35142 0.351418 -1.04578 7.39609 
10 13300 7.09351 0.000551242 7.00002 1.39961 0.0138348 1.00023 10.3675 1.39961 0.399614 -0.917257 7.39609 
10 13400 7.14702 0.000551242 7.00002 1.34832 -0.00207299 1.00023 9.98752 1.34832 0.348316 -1.05465 7.39609 
10 13500 7.2 0.000551242 7.00002 1.34483 0.000176403 1.00023 9.96169 1.34483 0.344829 -1.06471 7.39609 
10 13600 7.25351 0.000551242 7.00002 1.34692 -0.00417747 1.00023 9.97722 1.34692 0.346925 -1.05865 7.39609 
10 13700 7.30702 0.000551242 7.00002 1.35095 -0.00352669 1.00023 10.007 1.35095 0.350947 -1.04712 7.39609 
10 13800 7.36 0.000551242 7.00002 1.34797 -0.00171384 1.00023 9.98499 1.34797 0.347973 -1.05563 7.39609 
10 13900 7.41351 0.000551242 7.00002 1.35074 -0.00287073 1.00023 10.0055 1.35074 0.350739 -1.04771 7.39609 
10 14000 7.46702 0.000551242 7.00002 1.3994 0.0155277 1.00023 10.366 1.3994 0.399404 -0.917783 7.39609 
10 14100 7.52 0.000551242 7.00002 1.34987 -0.00518165 1.00023 9.99905 1.34987 0.349872 -1.05019 7.39609 
10 14200 7.57351 0.000551242 7.00002 1.34899 -0.00238556 1.00023 9.99252 1.34899 0.34899 -1.05271 7.39609 
10 14300 7.62702 0.000551242 7.00002 1.34826 -0.00182285 1.00023 9.98714 1.34826 0.348264 -1.0548 7.39609 
10 14400 7.68 0.000551242 7.00002 1.34769 -0.00115771 1.00023 9.98287 1.34769 0.347687 -1.05645 7.39609 
10 14500 7.73351 0.000551242 7.00002 1.34961 -0.00450001 1.00023 9.99715 1.34961 0.349615 -1.05092 7.39609 
10 14600 7.78702 0.000551242 7.00002 1.34976 -0.00323055 1.00023 9.9982 1.34976 0.349757 -1.05052 7.39609 
10 14700 7.84 0.000551242 7.00002 1.34648 -0.00127311 1.00023 9.97392 1.34648 0.34648 -1.05993 7.39609 
10 14800 7.89351 0.000551242 7.00002 1.34939 -0.00201647 1.00023 9.99551 1.34939 0.349393 -1.05156 7.39609 
10 14900 7.94702 0.000551242 7.00002 1.34917 -0.00242399 1.00023 9.99383 1.34917 0.349167 -1.05221 7.39609 
