11 0 0 9.71844e-05 7.00442 1.36501 0 1.00003 2.5278 1.36501 0.365012 -1.00783 8.26188e-07 
11 100 0.0191099 0.000194369 7.00442 1.42571 -1.0207e-06 1.00042 2.6402 1.42571 0.425707 -0.854004 0.0270254 
11 200 0.0384142 0.000194369 7.00442 1.44425 2.71024e-06 1.00045 2.67453 1.44425 0.444247 -0.811375 0.0549375 
11 300 0.0577184 0.000194369 7.00442 1.45048 -2.51668e-06 1.00045 2.68608 1.45048 0.450483 -0.797436 0.0830756 
11 400 0.0770227 0.000194369 7.00442 1.45291 -2.58509e-05 1.00046 2.69058 1.45291 0.452911 -0.792059 0.111297 
11 500 0.0961944 0.000194369 7.00442 1.45447 -3.65922e-05 1.00046 2.69346 1.45447 0.45447 -0.788623 0.139548 
11 600 0.115499 0.000194369 7.00442 1.45546 -5.2982e-05 1.00047 2.69529 1.45546 0.455457 -0.786454 0.167826 
11 700 0.134803 0.000194369 7.00442 1.45681 -4.97823e-05 1.00047 2.6978 1.45681 0.456811 -0.783485 0.196129 
11 800 0.154107 0.000194369 7.00442 1.4587 -6.70166e-05 1.00048 2.7013 1.4587 0.458702 -0.779355 0.224457 
11 900 0.173411 0.000194369 7.00442 1.4605 -3.84965e-05 1.00048 2.70464 1.4605 0.460504 -0.775433 0.252822 
11 1000 0.192583 0.000194369 7.00442 1.46281 0.000106384 1.00049 2.70891 1.46281 0.462809 -0.770441 0.281214 
11 1100 0.211887 0.000194369 7.00442 1.46544 8.29066e-05 1.0005 2.71378 1.46544 0.465443 -0.764766 0.309667 
11 1200 0.231192 0.000194369 7.00442 1.46795 5.9987e-05 1.00051 2.71842 1.46795 0.467947 -0.759401 0.338171 
11 1300 0.250496 0.000194369 7.00442 1.47107 0.000118764 1.00051 2.72421 1.47107 0.471073 -0.752741 0.366726 
11 1400 0.2698 0.000194369 7.00442 1.47465 3.51623e-05 1.00052 2.73084 1.47465 0.474652 -0.745173 0.395351 
11 1500 0.288972 0.000194369 7.00442 1.47844 4.47563e-05 1.00054 2.73786 1.47844 0.478443 -0.737219 0.424073 
11 1600 0.308276 0.000194369 7.00442 1.48241 0.000109878 1.00054 2.7452 1.48241 0.48241 -0.72896 0.452851 
11 1700 0.32758 0.000194369 7.00442 1.48634 7.56069e-05 1.00055 2.75249 1.48634 0.486343 -0.72084 0.4817 
11 1800 0.346885 0.000194369 7.00442 1.49107 7.96904e-05 1.00056 2.76124 1.49107 0.491069 -0.71117 0.510629 
11 1900 0.366189 0.000194369 7.00442 1.49591 5.76528e-05 1.00058 2.7702 1.49591 0.495909 -0.701363 0.539657 
11 2000 0.385361 0.000194369 7.00442 1.4992 -1.4498e-05 1.00058 2.77629 1.4992 0.499196 -0.694757 0.568766 
11 2100 0.404665 0.000194369 7.00442 1.50241 -3.51699e-05 1.00059 2.78224 1.50241 0.502409 -0.688342 0.597934 
11 2200 0.423969 0.000194369 7.00442 1.50599 -1.22485e-05 1.00059 2.78888 1.50599 0.505994 -0.681231 0.62717 
11 2300 0.443273 0.000194369 7.00442 1.50974 -3.91033e-05 1.0006 2.79581 1.50974 0.509735 -0.673863 0.656478 
11 2400 0.462578 0.000194369 7.00442 1.51367 1.89636e-05 1.0006 2.80309 1.51367 0.513669 -0.666176 0.685859 
11 2500 0.481749 0.000194369 7.00442 1.51754 -1.64669e-05 1.00061 2.81026 1.51754 0.51754 -0.658668 0.715311 
11 2600 0.501054 0.000194369 7.00442 1.52154 -1.60312e-05 1.00061 2.81767 1.52154 0.521541 -0.650968 0.74484 
11 2700 0.520358 0.000194369 7.00442 1.52548 2.55511e-06 1.00062 2.82496 1.52548 0.525478 -0.643446 0.774446 
11 2800 0.539662 0.000194369 7.00442 1.52909 -2.64227e-05 1.00062 2.83165 1.52909 0.529092 -0.636594 0.804134 
11 2900 0.558966 0.000194369 7.00442 1.53215 2.99673e-05 1.00062 2.83732 1.53215 0.532152 -0.630826 0.833883 
11 3000 0.578138 0.000194369 7.00442 1.53506 1.69157e-05 1.00063 2.8427 1.53506 0.535056 -0.625384 0.863685 
11 3100 0.597442 0.000194369 7.00442 1.53788 2.1631e-06 1.00063 2.84792 1.53788 0.537879 -0.620121 0.893543 
11 3200 0.616747 0.000194369 7.00442 1.54097 3.46898e-05 1.00063 2.85364 1.54097 0.540968 -0.614395 0.92346 
11 3300 0.636051 0.000194369 7.00442 1.5437 4.27119e-05 1.00064 2.8587 1.5437 0.543696 -0.609366 0.95344 
11 3400 0.655355 0.000194369 7.00442 1.54676 -6.89114e-06 1.00064 2.86436 1.54676 0.546756 -0.603752 0.983471 
11 3500 0.674527 0.000194369 7.00442 1.55031 4.50216e-06 1.00064 2.87094 1.55031 0.550307 -0.597279 1.01357 
11 3600 0.693831 0.000194369 7.00442 1.55397 5.76785e-05 1.00065 2.87772 1.55397 0.553966 -0.590652 1.04374 
11 3700 0.713135 0.000194369 7.00442 1.55536 3.16407e-05 1.00064 2.8803 1.55536 0.555361 -0.588136 1.07396 
11 3800 0.73244 0.000194369 7.00442 1.55608 4.77789e-05 1.00064 2.88163 1.55608 0.556082 -0.586839 1.10419 
11 3900 0.751744 0.000194369 7.00442 1.55724 4.29899e-05 1.00063 2.88378 1.55724 0.557243 -0.584754 1.13444 
11 4000 0.770916 0.000194369 7.00442 1.55903 2.21815e-07 1.00063 2.88709 1.55903 0.559027 -0.581558 1.16472 
11 4100 0.79022 0.000194369 7.00442 1.56107 -8.23913e-05 1.00063 2.89086 1.56107 0.561066 -0.577917 1.19505 
11 4200 0.809524 0.000194369 7.00442 1.56323 -4.70927e-05 1.00063 2.89487 1.56323 0.563232 -0.574063 1.22541 
11 4300 0.828828 0.000194369 7.00442 1.56489 -5.18558e-05 1.00063 2.89794 1.56489 0.564886 -0.571132 1.25581 
11 4400 0.848 0.000194369 7.00442 1.56649 2.2813e-05 1.00063 2.90091 1.56649 0.56649 -0.568295 1.28624 
11 4500 0.867304 0.000194369 7.00442 1.56793 -5.79649e-05 1.00063 2.90357 1.56793 0.56793 -0.565758 1.3167 
11 4600 0.886609 0.000194369 7.00442 1.56955 -3.78701e-06 1.00063 2.90658 1.56955 0.569553 -0.562903 1.34719 
11 4700 0.905913 0.000194369 7.00442 1.5711 -4.83741e-05 1.00063 2.90944 1.5711 0.571099 -0.560193 1.37771 
11 4800 0.925217 0.000194369 7.00442 1.57218 -2.0333e-05 1.00063 2.91144 1.57218 0.572179 -0.558304 1.40826 
11 4900 0.944389 0.000194369 7.00442 1.57302 -2.50837e-05 1.00063 2.91301 1.57302 0.573025 -0.556826 1.43883 
11 5000 0.963693 0.000194369 7.00442 1.57412 -4.38339e-05 1.00063 2.91503 1.57412 0.574117 -0.554922 1.46941 
11 5100 0.982997 0.000194369 7.00442 1.57505 2.13479e-05 1.00063 2.91677 1.57505 0.575053 -0.553292 1.50001 
11 5200 1.0023 0.000194369 7.00442 1.5761 -2.26568e-05 1.00063 2.91871 1.5761 0.576102 -0.551471 1.53063 
11 5300 1.02161 0.000194369 7.00442 1.57694 -2.44923e-05 1.00063 2.92026 1.57694 0.576939 -0.550018 1.56127 
11 5400 1.04078 0.000194369 7.00442 1.57767 -9.62146e-06 1.00063 2.92161 1.57767 0.577672 -0.548749 1.59192 
11 5500 1.06008 0.000194369 7.00442 1.57838 2.1198e-05 1.00062 2.92292 1.57838 0.578377 -0.547529 1.62259 
11 5600 1.07939 0.000194369 7.00442 1.57933 -1.01327e-05 1.00063 2.92469 1.57933 0.579333 -0.545878 1.65327 
11 5700 1.09869 0.000194369 7.00442 1.57982 1.36867e-05 1.00062 2.92559 1.57982 0.579816 -0.545044 1.68397 
11 5800 1.11799 0.000194369 7.00442 1.58053 -5.61635e-06 1.00062 2.92692 1.58053 0.580534 -0.543806 1.71467 
11 5900 1.13717 0.000194369 7.00442 1.58096 -2.46542e-05 1.00062 2.92771 1.58096 0.580963 -0.543067 1.74539 
11 6000 1.15647 0.000194369 7.00442 1.58141 -1.49068e-05 1.00062 2.92854 1.58141 0.581413 -0.542294 1.77612 
11 6100 1.17577 0.000194369 7.00442 1.58211 1.72576e-05 1.00062 2.92984 1.58211 0.582113 -0.54109 1.80686 
11 6200 1.19508 0.000194369 7.00442 1.58261 1.12748e-05 1.00062 2.93075 1.58261 0.582607 -0.540243 1.83761 
11 6300 1.21438 0.000194369 7.00442 1.5831 -2.06804e-05 1.00062 2.93166 1.5831 0.583098 -0.5394 1.86837 
11 6400 1.23355 0.000194369 7.00442 1.58349 -3.63348e-05 1.00062 2.93239 1.58349 0.583493 -0.538724 1.89914 
11 6500 1.25286 0.000194369 7.00442 1.58406 -3.4908e-05 1.00062 2.93345 1.58406 0.584062 -0.537749 1.92992 
11 6600 1.27216 0.000194369 7.00442 1.58444 4.33601e-06 1.00062 2.93415 1.58444 0.584442 -0.537099 1.9607 
11 6700 1.29147 0.000194369 7.00442 1.58483 3.72669e-05 1.00062 2.93486 1.58483 0.584825 -0.536442 1.9915 
11 6800 1.31077 0.000194369 7.00442 1.58539 7.56994e-06 1.00061 2.93591 1.58539 0.585391 -0.535476 2.0223 
11 6900 1.32994 0.000194369 7.00442 1.58571 3.09898e-05 1.00061 2.93649 1.58571 0.585706 -0.534937 2.05312 
11 7000 1.34925 0.000194369 7.00442 1.58612 1.17332e-05 1.00061 2.93726 1.58612 0.586122 -0.534228 2.08394 
11 7100 1.36855 0.000194369 7.00442 1.58653 2.40628e-06 1.00061 2.93803 1.58653 0.586534 -0.533525 2.11477 
11 7200 1.38786 0.000194369 7.00442 1.58689 -1.44242e-05 1.00061 2.93869 1.58689 0.586893 -0.532912 2.1456 
11 7300 1.40716 0.000194369 7.00442 1.58719 -2.0827e-05 1.00061 2.93923 1.58719 0.587186 -0.532413 2.17644 
11 7400 1.42633 0.000194369 7.00442 1.58764 -2.47341e-06 1.00061 2.94008 1.58764 0.587644 -0.531634 2.20729 
11 7500 1.44564 0.000194369 7.00442 1.58798 -7.54657e-06 1.00061 2.94071 1.58798 0.587983 -0.531058 2.23815 
11 7600 1.46494 0.000194369 7.00442 1.5883 5.14519e-05 1.00061 2.9413 1.5883 0.588304 -0.530512 2.26901 
11 7700 1.48425 0.000194369 7.00442 1.58865 -2.56406e-06 1.00061 2.94195 1.58865 0.588655 -0.529916 2.29988 
11 7800 1.50355 0.000194369 7.00442 1.58894 -2.36813e-06 1.00061 2.94249 1.58894 0.588942 -0.529427 2.33075 
11 7900 1.52272 0.000194369 7.00442 1.58912 2.78674e-05 1.00061 2.94282 1.58912 0.589125 -0.529118 2.36163 
11 8000 1.54203 0.000194369 7.00442 1.58925 7.04761e-05 1.00061 2.94306 1.58925 0.589255 -0.528897 2.39252 
11 8100 1.56133 0.000194369 7.00442 1.58948 3.57911e-05 1.00061 2.94349 1.58948 0.589485 -0.528507 2.42341 
11 8200 1.58063 0.000194369 7.00442 1.58976 5.64581e-05 1.00061 2.94401 1.58976 0.589764 -0.528033 2.4543 
11 8300 1.59994 0.000194369 7.00442 1.58997 1.08339e-05 1.00061 2.9444 1.58997 0.589975 -0.527676 2.48519 
11 8400 1.61911 0.000194369 7.00442 1.59017 1.03113e-05 1.00061 2.94476 1.59017 0.590172 -0.527341 2.51609 
11 8500 1.63841 0.000194369 7.00442 1.59027 3.25536e-05 1.00061 2.94494 1.59027 0.590268 -0.527178 2.547 
11 8600 1.65772 0.000194369 7.00442 1.59035 -2.48358e-05 1.00061 2.9451 1.59035 0.590353 -0.527035 2.5779 
11 8700 1.67702 0.000194369 7.00442 1.59059 -5.0735e-06 1.00061 2.94553 1.59059 0.590586 -0.52664 2.60881 
11 8800 1.69619 0.000194369 7.00442 1.59067 -3.49599e-06 1.00061 2.94569 1.59067 0.590672 -0.526494 2.63973 
11 8900 1.7155 0.000194369 7.00442 1.59089 3.74578e-05 1.00061 2.9461 1.59089 0.590894 -0.526119 2.67064 
11 9000 1.7348 0.000194369 7.00442 1.59102 -5.11244e-06 1.00061 2.94634 1.59102 0.591023 -0.525901 2.70156 
11 9100 1.75411 0.000194369 7.00442 1.59119 3.74734e-06 1.00061 2.94665 1.59119 0.591193 -0.525612 2.73248 
11 9200 1.77341 0.000194369 7.00442 1.59124 4.02133e-05 1.00061 2.94674 1.59124 0.591239 -0.525535 2.76341 
11 9300 1.79258 0.000194369 7.00442 1.59142 3.10508e-05 1.00061 2.94707 1.59142 0.591419 -0.52523 2.79434 
11 9400 1.81189 0.000194369 7.00442 1.59154 -2.18812e-05 1.00061 2.9473 1.59154 0.591545 -0.525018 2.82527 
11 9500 1.83119 0.000194369 7.00442 1.59167 2.15182e-05 1.00061 2.94755 1.59167 0.591674 -0.524799 2.8562 
11 9600 1.8505 0.000194369 7.00442 1.59168 7.10087e-06 1.00061 2.94755 1.59168 0.591677 -0.524794 2.88714 
11 9700 1.8698 0.000194369 7.00442 1.59189 -6.87565e-05 1.00061 2.94794 1.59189 0.59189 -0.524434 2.91807 
11 9800 1.88897 0.000194369 7.00442 1.59189 -2.15742e-05 1.00061 2.94794 1.59189 0.591885 -0.524443 2.94901 
11 9900 1.90828 0.000194369 7.00442 1.59209 2.10311e-05 1.00061 2.94832 1.59209 0.59209 -0.524096 2.97995 
11 10000 1.92758 0.000194369 7.00442 1.59199 2.9083e-05 1.00061 2.94812 1.59199 0.591987 -0.52427 3.0109 
11 10100 1.94688 0.000194369 7.00442 1.59206 1.58261e-05 1.00061 2.94826 1.59206 0.592062 -0.524144 3.04184 
11 10200 1.96619 0.000194369 7.00442 1.59209 3.16852e-05 1.00061 2.94832 1.59209 0.592094 -0.52409 3.07279 
11 10300 1.98536 0.000194369 7.00442 1.59227 5.67003e-05 1.00061 2.94865 1.59227 0.592269 -0.523795 3.10373 
11 10400 2.00466 0.000194369 7.00442 1.59215 3.92992e-05 1.00061 2.94842 1.59215 0.592148 -0.523998 3.13468 
11 10500 2.02397 0.000194369 7.00442 1.5923 1.04834e-05 1.00061 2.9487 1.5923 0.592297 -0.523747 3.16563 
11 10600 2.04327 0.000194369 7.00442 1.5923 3.70949e-05 1.00061 2.9487 1.5923 0.592297 -0.523746 3.19658 
11 10700 2.06258 0.000194369 7.00442 1.59241 3.61618e-05 1.00061 2.94891 1.59241 0.592409 -0.523558 3.22753 
11 10800 2.08175 0.000194369 7.00442 1.59236 6.63058e-05 1.00061 2.94881 1.59236 0.592358 -0.523644 3.25849 
11 10900 2.10105 0.000194369 7.00442 1.59254 5.36307e-05 1.00061 2.94914 1.59254 0.592538 -0.523341 3.28944 
11 11000 2.12036 0.000194369 7.00442 1.59241 1.64928e-05 1.00061 2.94891 1.59241 0.592412 -0.523553 3.32039 
11 11100 2.13966 0.000194369 7.00442 1.59267 1.5251e-05 1.00061 2.94938 1.59267 0.592666 -0.523124 3.35135 
11 11200 2.15897 0.000194369 7.00442 1.59254 3.05311e-05 1.00061 2.94914 1.59254 0.592537 -0.523343 3.3823 
11 11300 2.17814 0.000194369 7.00442 1.5927 8.98669e-06 1.00061 2.94945 1.5927 0.592703 -0.523062 3.41326 
11 11400 2.19744 0.000194369 7.00442 1.59263 2.44476e-05 1.00061 2.94932 1.59263 0.592633 -0.52318 3.44422 
11 11500 2.21675 0.000194369 7.00442 1.59278 5.08285e-05 1.00061 2.94959 1.59278 0.592778 -0.522936 3.47517 
11 11600 2.23605 0.000194369 7.00442 1.59264 1.52456e-05 1.00061 2.94934 1.59264 0.592642 -0.523165 3.50613 
11 11700 2.25536 0.000194369 7.00442 1.59282 3.14652e-05 1.00061 2.94967 1.59282 0.592821 -0.522862 3.53709 
11 11800 2.27453 0.000194369 7.00442 1.59273 -1.48692e-05 1.00061 2.9495 1.59273 0.59273 -0.523016 3.56805 
11 11900 2.29383 0.000194369 7.00442 1.5929 -2.07991e-05 1.0006 2.94981 1.5929 0.592895 -0.522738 3.599 
11 12000 2.31314 0.000194369 7.00442 1.59283 -3.15608e-05 1.00061 2.94968 1.59283 0.592826 -0.522854 3.62996 
11 12100 2.33244 0.000194369 7.00442 1.593 -3.3177e-05 1.00061 2.95 1.593 0.593002 -0.522558 3.66093 
11 12200 2.35174 0.000194369 7.00442 1.59278 -3.04165e-05 1.00061 2.9496 1.59278 0.592785 -0.522924 3.69189 
11 12300 2.37092 0.000194369 7.00442 1.59301 -1.4515e-05 1.00061 2.95001 1.59301 0.593008 -0.522548 3.72284 
11 12400 2.39022 0.000194369 7.00442 1.59277 -3.25641e-05 1.00061 2.94958 1.59277 0.592772 -0.522946 3.7538 
11 12500 2.40952 0.000194369 7.00442 1.59309 -2.60039e-05 1.00061 2.95018 1.59309 0.593095 -0.522401 3.78477 
11 12600 2.42883 0.000194369 7.00442 1.59295 -3.53638e-05 1.00061 2.94992 1.59295 0.592955 -0.522637 3.81573 
11 12700 2.448 0.000194369 7.00442 1.59319 -4.92241e-05 1.00061 2.95035 1.59319 0.593187 -0.522245 3.84669 
11 12800 2.4673 0.000194369 7.00442 1.59311 -7.43241e-05 1.00061 2.9502 1.59311 0.593107 -0.52238 3.87765 
11 12900 2.48661 0.000194369 7.00442 1.59322 -2.38135e-05 1.00061 2.9504 1.59322 0.593215 -0.522198 3.90861 
11 13000 2.50591 0.000194369 7.00442 1.59304 -5.52588e-05 1.00061 2.95007 1.59304 0.593037 -0.522499 3.93958 
11 13100 2.52522 0.000194369 7.00442 1.59329 -1.27828e-06 1.00061 2.95054 1.59329 0.593294 -0.522066 3.97054 
11 13200 2.54439 0.000194369 7.00442 1.5931 1.81188e-05 1.00061 2.95019 1.5931 0.593102 -0.522389 4.0015 
11 13300 2.56369 0.000194369 7.00442 1.59331 3.33101e-05 1.0006 2.95057 1.59331 0.593306 -0.522045 4.03246 
11 13400 2.583 0.000194369 7.00442 1.59311 3.23898e-05 1.00061 2.9502 1.59311 0.593107 -0.52238 4.06343 
11 13500 2.6023 0.000194369 7.00442 1.59329 3.72407e-05 1.0006 2.95053 1.59329 0.593287 -0.522077 4.09439 
11 13600 2.62161 0.000194369 7.00442 1.59316 7.09635e-07 1.00061 2.9503 1.59316 0.593165 -0.522284 4.12536 
11 13700 2.64078 0.000194369 7.00442 1.59337 8.59993e-06 1.0006 2.95068 1.59337 0.593366 -0.521944 4.15632 
11 13800 2.66008 0.000194369 7.00442 1.59322 -3.23222e-05 1.00061 2.9504 1.59322 0.593218 -0.522193 4.18728 
11 13900 2.67939 0.000194369 7.00442 1.59338 -3.7863e-05 1.00061 2.9507 1.59338 0.593377 -0.521925 4.21825 
11 14000 2.69869 0.000194369 7.00442 1.59326 -4.58093e-05 1.00061 2.95047 1.59326 0.593256 -0.522129 4.24921 
11 14100 2.71799 0.000194369 7.00442 1.5934 -5.66624e-05 1.0006 2.95075 1.5934 0.593405 -0.521879 4.28018 
11 14200 2.73717 0.000194369 7.00442 1.59319 5.77309e-06 1.00061 2.95035 1.59319 0.593189 -0.522242 4.31114 
11 14300 2.75647 0.000194369 7.00442 1.59337 -1.72178e-05 1.00061 2.95069 1.59337 0.593371 -0.521936 4.34211 
11 14400 2.77577 0.000194369 7.00442 1.5932 -9.15532e-06 1.00061 2.95038 1.5932 0.593205 -0.522216 4.37307 
11 14500 2.79508 0.000194369 7.00442 1.59339 6.34688e-05 1.00061 2.95072 1.59339 0.593391 -0.521902 4.40403 
11 14600 2.81438 0.000194369 7.00442 1.59316 2.42538e-05 1.00061 2.9503 1.59316 0.593161 -0.522289 4.435 
11 14700 2.83355 0.000194369 7.00442 1.59333 -1.33031e-05 1.00061 2.95061 1.59333 0.593327 -0.522009 4.46596 
11 14800 2.85286 0.000194369 7.00442 1.59317 1.376e-05 1.0006 2.95032 1.59317 0.593171 -0.522272 4.49693 
11 14900 2.87216 0.000194369 7.00442 1.59338 -1.87116e-06 1.0006 2.9507 1.59338 0.593378 -0.521924 4.52789 
11 15000 2.89147 0.000194369 7.00442 1.59323 -3.12039e-05 1.0006 2.95042 1.59323 0.593226 -0.52218 4.55886 
11 15100 2.91077 0.000194369 7.00442 1.59339 7.08627e-05 1.0006 2.95073 1.59339 0.593394 -0.521897 4.58982 
11 15200 2.92994 0.000194369 7.00442 1.59331 1.62996e-05 1.0006 2.95058 1.59331 0.593314 -0.522032 4.62079 
11 15300 2.94925 0.000194369 7.00442 1.59341 3.53345e-06 1.0006 2.95076 1.59341 0.593408 -0.521873 4.65175 
11 15400 2.96855 0.000194369 7.00442 1.59338 7.07679e-05 1.00061 2.9507 1.59338 0.593379 -0.521922 4.68272 
11 15500 2.98786 0.000194369 7.00442 1.5935 5.95433e-05 1.0006 2.95092 1.5935 0.593498 -0.521721 4.71369 
11 15600 3.00716 0.000194369 7.00442 1.59345 -6.46637e-05 1.00061 2.95083 1.59345 0.593448 -0.521806 4.74466 
11 15700 3.02633 0.000194369 7.00442 1.59349 -3.66748e-06 1.0006 2.9509 1.59349 0.593487 -0.52174 4.77562 
11 15800 3.04564 0.000194369 7.00442 1.59325 -4.94984e-06 1.00061 2.95047 1.59325 0.593252 -0.522136 4.80659 
11 15900 3.06494 0.000194369 7.00442 1.59326 3.22521e-05 1.0006 2.95047 1.59326 0.593255 -0.52213 4.83755 
11 16000 3.08425 0.000194369 7.00442 1.59325 6.29165e-05 1.00061 2.95046 1.59325 0.59325 -0.52214 4.86852 
11 16100 3.10355 0.000194369 7.00442 1.59339 3.54803e-05 1.0006 2.95073 1.59339 0.593395 -0.521895 4.89948 
11 16200 3.12272 0.000194369 7.00442 1.59339 2.81939e-05 1.00061 2.95073 1.59339 0.593393 -0.521899 4.93045 
11 16300 3.14203 0.000194369 7.00442 1.59348 2.29954e-05 1.0006 2.95088 1.59348 0.593478 -0.521755 4.96142 
11 16400 3.16133 0.000194369 7.00442 1.59346 4.14335e-05 1.0006 2.95086 1.59346 0.593463 -0.521781 4.99238 
11 16500 3.18063 0.000194369 7.00442 1.59339 9.93125e-05 1.0006 2.95072 1.59339 0.593387 -0.521909 5.02335 
11 16600 3.19994 0.000194369 7.00442 1.59336 4.63052e-05 1.0006 2.95067 1.59336 0.59336 -0.521954 5.05432 
11 16700 3.21911 0.000194369 7.00442 1.59346 4.08492e-06 1.0006 2.95086 1.59346 0.593462 -0.521782 5.08528 
11 16800 3.23841 0.000194369 7.00442 1.59343 -8.04729e-06 1.0006 2.95079 1.59343 0.593427 -0.52184 5.11625 
11 16900 3.25772 0.000194369 7.00442 1.59341 -2.92284e-05 1.0006 2.95076 1.59341 0.593409 -0.521872 5.14721 
11 17000 3.27702 0.000194369 7.00442 1.59335 4.41254e-05 1.0006 2.95065 1.59335 0.593351 -0.521968 5.17818 
11 17100 3.29619 0.000194369 7.00442 1.59336 6.25649e-05 1.0006 2.95066 1.59336 0.593356 -0.521961 5.20914 
11 17200 3.3155 0.000194369 7.00442 1.59341 -1.76092e-05 1.0006 2.95076 1.59341 0.593412 -0.521867 5.24011 
11 17300 3.3348 0.000194369 7.00442 1.59345 -1.54162e-05 1.0006 2.95083 1.59345 0.59345 -0.521803 5.27107 
11 17400 3.35411 0.000194369 7.00442 1.59339 2.313e-06 1.00061 2.95072 1.59339 0.593389 -0.521905 5.30204 
11 17500 3.37341 0.000194369 7.00442 1.59354 4.11138e-05 1.0006 2.951 1.59354 0.59354 -0.521651 5.33301 
11 17600 3.39258 0.000194369 7.00442 1.59339 2.47173e-05 1.00061 2.95071 1.59339 0.593386 -0.52191 5.36397 
11 17700 3.41189 0.000194369 7.00442 1.59342 -3.83237e-05 1.0006 2.95077 1.59342 0.593416 -0.52186 5.39494 
11 17800 3.43119 0.000194369 7.00442 1.5935 -1.11662e-05 1.00061 2.95092 1.5935 0.593495 -0.521726 5.42591 
11 17900 3.4505 0.000194369 7.00442 1.59352 -3.41061e-05 1.0006 2.95097 1.59352 0.593525 -0.521676 5.45687 
11 18000 3.4698 0.000194369 7.00442 1.59358 -3.47263e-05 1.00061 2.95108 1.59358 0.593581 -0.521582 5.48784 
11 18100 3.48897 0.000194369 7.00442 1.59348 -4.08783e-05 1.0006 2.95089 1.59348 0.593479 -0.521753 5.51881 
11 18200 3.50828 0.000194369 7.00442 1.59349 3.34721e-05 1.00061 2.95091 1.59349 0.593494 -0.521728 5.54977 
11 18300 3.52758 0.000194369 7.00442 1.59334 -5.07241e-05 1.0006 2.95063 1.59334 0.593339 -0.521989 5.58074 
11 18400 3.54688 0.000194369 7.00442 1.59339 -5.24127e-05 1.0006 2.95072 1.59339 0.593386 -0.521909 5.61171 
11 18500 3.56619 0.000194369 7.00442 1.59332 -1.95767e-05 1.0006 2.95059 1.59332 0.593316 -0.522028 5.64267 
11 18600 3.58536 0.000194369 7.00442 1.5934 -1.77218e-05 1.0006 2.95074 1.5934 0.593401 -0.521885 5.67364 
11 18700 3.60466 0.000194369 7.00442 1.59335 -5.14924e-05 1.0006 2.95064 1.59335 0.593346 -0.521978 5.7046 
11 18800 3.62397 0.000194369 7.00442 1.59357 -2.90587e-05 1.0006 2.95106 1.59357 0.593571 -0.521598 5.73557 
11 18900 3.64327 0.000194369 7.00442 1.59342 -5.36215e-05 1.0006 2.95078 1.59342 0.593423 -0.521848 5.76654 
11 19000 3.66258 0.000194369 7.00442 1.59358 -1.08782e-05 1.0006 2.95107 1.59358 0.593577 -0.521589 5.79751 
11 19100 3.68175 0.000194369 7.00442 1.59343 -5.29625e-05 1.0006 2.95079 1.59343 0.593429 -0.521838 5.82848 
11 19200 3.70105 0.000194369 7.00442 1.59348 -2.17667e-05 1.0006 2.95089 1.59348 0.593481 -0.52175 5.85945 
11 19300 3.72036 0.000194369 7.00442 1.59331 -1.2271e-05 1.0006 2.95058 1.59331 0.593313 -0.522033 5.89041 
11 19400 3.73966 0.000194369 7.00442 1.59327 1.74114e-05 1.0006 2.9505 1.59327 0.593269 -0.522107 5.92138 
11 19500 3.75897 0.000194369 7.00442 1.59322 -5.71504e-05 1.0006 2.9504 1.59322 0.593217 -0.522196 5.95234 
11 19600 3.77814 0.000194369 7.00442 1.59352 -0.00013068 1.0006 2.95097 1.59352 0.593525 -0.521676 5.98331 
11 19700 3.79744 0.000194369 7.00442 1.59338 -4.6254e-05 1.0006 2.95071 1.59338 0.593382 -0.521917 6.01428 
11 19800 3.81675 0.000194369 7.00442 1.59343 -4.13932e-05 1.00061 2.9508 1.59343 0.593433 -0.521831 6.04525 
11 19900 3.83605 0.000194369 7.00442 1.59332 -6.40908e-05 1.0006 2.95059 1.59332 0.593316 -0.522028 6.07621 
11 20000 3.85536 0.000194369 7.00442 1.59349 -2.43534e-05 1.0006 2.95091 1.59349 0.593493 -0.521729 6.10719 
11 20100 3.87453 0.000194369 7.00442 1.5936 -6.39246e-05 1.0006 2.9511 1.5936 0.593596 -0.521556 6.13816 
11 20200 3.89383 0.000194369 7.00442 1.59393 -2.02519e-05 1.0006 2.95172 1.59393 0.593931 -0.520993 6.16913 
11 20300 3.91314 0.000194369 7.00442 1.59414 -6.39315e-05 1.0006 2.95211 1.59414 0.594141 -0.520638 6.20012 
11 20400 3.93244 0.000194369 7.00442 1.59472 -5.61121e-05 1.00059 2.95318 1.59472 0.594719 -0.519666 6.23111 
11 20500 3.95174 0.000194369 7.00442 1.59555 -6.54664e-05 1.00059 2.95472 1.59555 0.595547 -0.518275 6.26211 
11 20600 3.97092 0.000194369 7.00442 1.59701 -1.26571e-05 1.00059 2.95742 1.59701 0.597005 -0.515829 6.29313 
11 20700 3.99022 0.000194369 7.00442 1.59926 -3.6984e-05 1.00058 2.96159 1.59926 0.599256 -0.512066 6.3242 
11 20800 4.00952 0.000194369 7.00442 1.60318 -1.44581e-05 1.00057 2.96885 1.60318 0.603177 -0.505545 6.35531 
11 20900 4.02883 0.000194369 7.00442 1.60705 1.67498e-05 1.00057 2.97602 1.60705 0.607053 -0.499138 6.38651 
11 21000 4.048 0.000194369 7.00437 1.62109 -5.25945e-05 1.00064 3.00201 1.62109 0.621085 -0.476287 6.41335 
11 21100 4.0673 0.000194369 7.00426 1.65758 -3.38504e-05 1.00075 3.0696 1.65758 0.657583 -0.419185 6.43621 
11 21200 4.08661 0.000194369 7.00413 1.69386 -4.33749e-05 1.00083 3.13677 1.69386 0.693856 -0.365491 6.45716 
11 21300 4.10591 0.000194369 7.00396 1.72276 -9.00899e-05 1.0009 3.19029 1.72276 0.722755 -0.324685 6.47684 
11 21400 4.12522 0.000194369 7.00378 1.74371 -2.69905e-05 1.00095 3.22909 1.74371 0.743709 -0.296106 6.49565 
11 21500 4.14439 0.000194369 7.00358 1.75687 6.31645e-05 1.00098 3.25346 1.75687 0.756866 -0.278569 6.51385 
11 21600 4.16369 0.000194369 7.00337 1.76296 1.1018e-05 1.001 3.26474 1.76296 0.762959 -0.270552 6.53162 
11 21700 4.183 0.000194369 7.00316 1.76351 -7.73697e-05 1.00101 3.26576 1.76351 0.763512 -0.269827 6.54907 
11 21800 4.2023 0.000194369 7.00295 1.76021 -6.45287e-05 1.00102 3.25966 1.76021 0.760214 -0.274155 6.56624 
11 21900 4.22161 0.000194369 7.00273 1.75317 -3.56517e-05 1.001 3.24661 1.75317 0.753172 -0.283462 6.58319 
11 22000 4.24078 0.000194369 7.00251 1.74326 -2.06345e-07 1.00099 3.22825 1.74326 0.743258 -0.296712 6.59992 
11 22100 4.26008 0.000194369 7.0023 1.72991 -0.00012985 1.00098 3.20354 1.72991 0.729914 -0.314829 6.61644 
11 22200 4.27939 0.000194369 7.00208 1.71398 2.3411e-05 1.00098 3.17404 1.71398 0.713984 -0.336894 6.63276 
11 22300 4.29869 0.000194369 7.00187 1.69426 -8.39283e-05 1.00092 3.13751 1.69426 0.694258 -0.364912 6.64893 
11 22400 4.31799 0.000194369 7.00166 1.67501 0.000635127 1.00094 3.10186 1.67501 0.675006 -0.393034 6.66487 
11 22500 4.33717 0.000194369 7.00146 1.65693 -0.000259166 1.00094 3.06839 1.65693 0.656933 -0.420173 6.68054 
11 22600 4.35647 0.000194369 7.00126 1.63082 -0.00158136 1.00095 3.02004 1.63082 0.630821 -0.460733 6.69613 
11 22700 4.37577 0.000194369 7.00107 1.6027 0.00135865 1.00097 2.96797 1.6027 0.602701 -0.506334 6.71147 
11 22800 4.39508 0.000194369 7.00087 1.58504 -0.00578391 1.00114 2.93526 1.58504 0.585042 -0.536072 6.72618 
11 22900 4.41438 0.000194369 7.00068 1.56478 0.000115698 1.00096 2.89775 1.56478 0.564784 -0.571311 6.74042 
11 23000 4.43355 0.000194369 7.0005 1.54401 -0.00454057 1.00096 2.85927 1.54401 0.544005 -0.608796 6.75502 
11 23100 4.45286 0.000194369 7.00033 1.53054 0.00172667 1.0009 2.83434 1.53054 0.530545 -0.633851 6.76927 
11 23200 4.47216 0.000194369 7.00017 1.54231 0.0216322 1.00071 2.85614 1.54231 0.542313 -0.611912 6.78329 
11 23300 4.49147 0.000194369 7.00002 1.06246 -0.0317153 1.00046 1.96753 1.06246 0.062464 -2.77316 6.79669 
11 23400 4.51077 0.000194369 7.00001 1.41169 0.00658224 1.00038 2.61423 1.41169 0.411686 -0.887494 6.79805 
11 23500 4.52994 0.000194369 7.00001 1.36097 0.00920746 1.00038 2.52032 1.36097 0.360974 -1.01895 6.79805 
11 23600 4.54925 0.000194369 7.00001 1.36272 0.0125999 1.00038 2.52355 1.36272 0.362719 -1.01413 6.79805 
11 23700 4.56855 0.000194369 7.00001 1.37804 0.00970882 1.00038 2.55192 1.37804 0.378038 -0.97276 6.79805 
11 23800 4.58786 0.000194369 7.00001 1.3849 0.0015115 1.00038 2.56464 1.3849 0.384903 -0.954764 6.79805 
11 23900 4.60716 0.000194369 7.00001 1.41994 -0.00712313 1.00038 2.62952 1.41994 0.419942 -0.86764 6.79805 
11 24000 4.62633 0.000194369 7.00001 1.40633 0.000764108 1.00038 2.60432 1.40633 0.406335 -0.900578 6.79805 
11 24100 4.64564 0.000194369 7.00001 1.35399 0.00365652 1.00038 2.50739 1.35399 0.353992 -1.03848 6.79805 
11 24200 4.66494 0.000194369 7.00001 1.35466 0.00476419 1.00039 2.50863 1.35466 0.35466 -1.0366 6.79805 
11 24300 4.68425 0.000194369 7.00001 1.35666 0.00507685 1.00039 2.51234 1.35666 0.356663 -1.03096 6.79805 
11 24400 4.70355 0.000194369 7.00001 1.36111 -0.0057438 1.00039 2.52057 1.36111 0.361106 -1.01858 6.79805 
11 24500 4.72272 0.000194369 7.00001 1.39451 0.00172231 1.00038 2.58243 1.39451 0.394514 -0.930101 6.79805 
11 24600 4.74203 0.000194369 7.00001 1.42484 5.86523e-05 1.00038 2.6386 1.42484 0.424844 -0.856034 6.79805 
11 24700 4.76133 0.000194369 7.00001 1.41695 0.00907496 1.00038 2.62399 1.41695 0.416954 -0.874779 6.79805 
11 24800 4.78063 0.000194369 7.00001 1.36621 -0.00378918 1.00038 2.53001 1.36621 0.366206 -1.00456 6.79805 
11 24900 4.79994 0.000194369 7.00001 1.37513 -0.00970076 1.00038 2.54654 1.37513 0.375129 -0.980485 6.79805 
11 25000 4.81911 0.000194369 7.00001 1.40344 -0.00636152 1.00038 2.59897 1.40344 0.403442 -0.907723 6.79805 
11 25100 4.83841 0.000194369 7.00001 1.36569 -0.00556285 1.00038 2.52905 1.36569 0.365688 -1.00597 6.79805 
11 25200 4.85772 0.000194369 7.00001 1.37835 -0.00366946 1.00038 2.5525 1.37835 0.378352 -0.971931 6.79805 
11 25300 4.87702 0.000194369 7.00001 1.37085 -0.000120512 1.00038 2.53862 1.37085 0.370855 -0.991945 6.79805 
11 25400 4.89619 0.000194369 7.00001 1.40758 0.00718374 1.00038 2.60663 1.40758 0.40758 -0.897517 6.79805 
11 25500 4.9155 0.000194369 7.00001 1.36006 0.00627318 1.00039 2.51863 1.36006 0.360061 -1.02148 6.79805 
11 25600 4.9348 0.000194369 7.00001 1.36349 -0.00175204 1.00037 2.52499 1.36349 0.363494 -1.01199 6.79805 
11 25700 4.95411 0.000194369 7.00001 1.42512 -0.00367927 1.00038 2.63911 1.42512 0.42512 -0.855385 6.79805 
11 25800 4.97341 0.000194369 7.00001 1.37881 -0.00201145 1.00038 2.55336 1.37881 0.378815 -0.970708 6.79805 
11 25900 4.99258 0.000194369 7.00001 1.4456 -0.0105167 1.00038 2.67704 1.4456 0.445603 -0.808326 6.79805 
11 26000 5.01189 0.000194369 7.00001 1.39828 0.00453235 1.00038 2.58941 1.39828 0.398284 -0.920591 6.79805 
11 26100 5.03119 0.000194369 7.00001 1.34271 -0.00373458 1.00038 2.48651 1.34271 0.342714 -1.07086 6.79805 
11 26200 5.0505 0.000194369 7.00001 1.35343 -0.0029622 1.00038 2.50635 1.35343 0.353428 -1.04007 6.79805 
11 26300 5.0698 0.000194369 7.00001 1.3926 -0.00328156 1.00037 2.57889 1.3926 0.392599 -0.934966 6.79805 
11 26400 5.08897 0.000194369 7.00002 1.41834 0.00547465 1.00037 2.62656 1.41834 0.418342 -0.871456 6.79805 
11 26500 5.10828 0.000194369 7.00002 1.39797 -0.00269188 1.00037 2.58884 1.39797 0.397971 -0.921376 6.79805 
11 26600 5.12758 0.000194369 7.00002 1.39885 -0.00950897 1.00038 2.59046 1.39885 0.398846 -0.919179 6.79805 
11 26700 5.14688 0.000194369 7.00002 1.35497 -0.00116612 1.00038 2.5092 1.35497 0.354969 -1.03572 6.79805 
11 26800 5.16619 0.000194369 7.00002 1.40085 -0.00280226 1.00037 2.59418 1.40085 0.400855 -0.914156 6.79805 
11 26900 5.18536 0.000194369 7.00002 1.39875 -0.0096188 1.00038 2.59027 1.39875 0.398748 -0.919425 6.79805 
11 27000 5.20466 0.000194369 7.00002 1.36298 0.0042315 1.00038 2.52404 1.36298 0.36298 -1.01341 6.79805 
11 27100 5.22397 0.000194369 7.00002 1.35441 -0.00249704 1.00038 2.50817 1.35441 0.354412 -1.03729 6.79805 
11 27200 5.24327 0.000194369 7.00002 1.39918 -0.00945677 1.00038 2.59107 1.39918 0.399177 -0.918351 6.79805 
11 27300 5.26258 0.000194369 7.00002 1.34572 -0.00222148 1.00039 2.49207 1.34572 0.345719 -1.06213 6.79805 
11 27400 5.28175 0.000194369 7.00002 1.3581 -0.00280846 1.00038 2.515 1.3581 0.358099 -1.02694 6.79805 
11 27500 5.30105 0.000194369 7.00002 1.38462 -0.0103409 1.00037 2.56411 1.38462 0.384618 -0.955504 6.79805 
11 27600 5.32036 0.000194369 7.00002 1.44492 -0.0113276 1.00038 2.67577 1.44492 0.444918 -0.809864 6.79805 
11 27700 5.33966 0.000194369 7.00002 1.38119 -0.00234147 1.00038 2.55777 1.38119 0.381193 -0.964449 6.79805 
11 27800 5.35897 0.000194369 7.00002 1.35832 -0.00221367 1.00038 2.51541 1.35832 0.358319 -1.02633 6.79805 
11 27900 5.37814 0.000194369 7.00002 1.3661 -0.00297209 1.00037 2.52981 1.3661 0.366098 -1.00485 6.79805 
11 28000 5.39744 0.000194369 7.00002 1.3813 -0.00268846 1.00038 2.55797 1.3813 0.381304 -0.964159 6.79805 
11 28100 5.41675 0.000194369 7.00002 1.35513 -0.00285477 1.00038 2.50951 1.35513 0.355135 -1.03526 6.79805 
11 28200 5.43605 0.000194369 7.00002 1.39492 -0.00379932 1.00037 2.58319 1.39492 0.394921 -0.929069 6.79805 
11 28300 5.45536 0.000194369 7.00002 1.39049 -0.00290342 1.00038 2.57499 1.39049 0.390494 -0.940342 6.79805 
11 28400 5.47453 0.000194369 7.00002 1.37808 0.00365909 1.00037 2.55199 1.37808 0.378077 -0.972657 6.79805 
11 28500 5.49383 0.000194369 7.00002 1.40146 -0.00427194 1.00037 2.59529 1.40146 0.401455 -0.91266 6.79805 
11 28600 5.51314 0.000194369 7.00002 1.43716 -0.00287848 1.00038 2.66141 1.43716 0.437162 -0.827452 6.79805 
11 28700 5.53244 0.000194369 7.00002 1.36606 -0.00304362 1.00037 2.52974 1.36606 0.366059 -1.00496 6.79805 
11 28800 5.55174 0.000194369 7.00002 1.42659 -0.00326837 1.00038 2.64184 1.42659 0.426592 -0.851927 6.79805 
11 28900 5.57092 0.000194369 7.00002 1.35823 -0.00393845 1.00038 2.51524 1.35823 0.35823 -1.02658 6.79805 
11 29000 5.59022 0.000194369 7.00002 1.38536 0.00380179 1.00037 2.56549 1.38536 0.385363 -0.95357 6.79805 
11 29100 5.60952 0.000194369 7.00002 1.3813 -0.00348033 1.00038 2.55796 1.3813 0.381297 -0.964177 6.79805 
11 29200 5.62883 0.000194369 7.00002 1.36968 -0.00348292 1.00037 2.53644 1.36968 0.369676 -0.995128 6.79805 
11 29300 5.648 0.000194369 7.00002 1.34612 -0.00334223 1.00039 2.49281 1.34612 0.34612 -1.06097 6.79805 
11 29400 5.6673 0.000194369 7.00002 1.35951 -0.00358296 1.00038 2.51761 1.35951 0.35951 -1.02301 6.79805 
11 29500 5.68661 0.000194369 7.00002 1.37647 0.0052747 1.00038 2.54902 1.37647 0.376472 -0.976911 6.79805 
11 29600 5.70591 0.000194369 7.00002 1.40012 -0.00341228 1.00037 2.59282 1.40012 0.400124 -0.91598 6.79805 
11 29700 5.72522 0.000194369 7.00002 1.38527 -0.0028159 1.00038 2.56532 1.38527 0.385273 -0.953804 6.79805 
11 29800 5.74439 0.000194369 7.00002 1.34691 -0.00444269 1.00039 2.49428 1.34691 0.346911 -1.05869 6.79805 
11 29900 5.76369 0.000194369 7.00002 1.36703 -0.00302658 1.00037 2.53154 1.36703 0.367032 -1.00231 6.79805 
11 30000 5.783 0.000194369 7.00002 1.39212 -0.00332955 1.00037 2.578 1.39212 0.392119 -0.93619 6.79805 
11 30100 5.8023 0.000194369 7.00002 1.39375 -0.00344759 1.00038 2.58102 1.39375 0.39375 -0.932039 6.79805 
11 30200 5.82161 0.000194369 7.00002 1.36702 -0.00145749 1.00037 2.53152 1.36702 0.367022 -1.00233 6.79805 
11 30300 5.84078 0.000194369 7.00002 1.37039 -0.00418714 1.00037 2.53775 1.37039 0.370385 -0.993211 6.79805 
11 30400 5.86008 0.000194369 7.00002 1.40083 -0.00351461 1.00037 2.59414 1.40083 0.400834 -0.914207 6.79805 
11 30500 5.87939 0.000194369 7.00002 1.42808 -0.00435975 1.00038 2.64459 1.42808 0.428079 -0.848448 6.79805 
11 30600 5.89869 0.000194369 7.00002 1.38371 -0.00458338 1.00038 2.56243 1.38371 0.383711 -0.957865 6.79805 
11 30700 5.91799 0.000194369 7.00002 1.36482 -0.00957677 1.00039 2.52745 1.36482 0.364825 -1.00834 6.79805 
11 30800 5.93717 0.000194369 7.00002 1.35686 -0.00331273 1.00038 2.51271 1.35686 0.356864 -1.0304 6.79805 
11 30900 5.95647 0.000194369 7.00002 1.39699 -0.00299246 1.00038 2.58701 1.39699 0.396986 -0.923854 6.79805 
11 31000 5.97577 0.000194369 7.00002 1.38346 -0.00259551 1.00038 2.56196 1.38346 0.383456 -0.958531 6.79805 
11 31100 5.99508 0.000194369 7.00002 1.35758 -0.0048755 1.00038 2.51403 1.35758 0.357575 -1.02841 6.79805 
11 31200 6.01438 0.000194369 7.00002 1.44619 0.00359874 1.00038 2.67813 1.44619 0.44619 -0.807011 6.79805 
11 31300 6.03355 0.000194369 7.00002 1.41064 0.00313162 1.00038 2.6123 1.41064 0.410641 -0.890036 6.79805 
11 31400 6.05286 0.000194369 7.00002 1.39164 -0.00283415 1.00038 2.57711 1.39164 0.391638 -0.937417 6.79805 
11 31500 6.07216 0.000194369 7.00002 1.3599 -0.00237313 1.00038 2.51833 1.3599 0.359898 -1.02194 6.79805 
11 31600 6.09147 0.000194369 7.00002 1.40218 -0.00368463 1.00037 2.59663 1.40218 0.402181 -0.910854 6.79805 
11 31700 6.11077 0.000194369 7.00002 1.42796 -0.00269914 1.00038 2.64438 1.42796 0.427963 -0.848718 6.79805 
11 31800 6.12994 0.000194369 7.00002 1.38208 -0.00109781 1.00038 2.5594 1.38208 0.382075 -0.962138 6.79805 
11 31900 6.14925 0.000194369 7.00002 1.3932 -0.00295677 1.00037 2.58001 1.3932 0.393203 -0.93343 6.79805 
11 32000 6.16855 0.000194369 7.00002 1.3916 -0.00300769 1.00037 2.57704 1.3916 0.391599 -0.937516 6.79805 
11 32100 6.18786 0.000194369 7.00002 1.3569 -0.00336828 1.00038 2.51278 1.3569 0.356899 -1.0303 6.79805 
11 32200 6.20716 0.000194369 7.00002 1.39406 -0.00264721 1.00038 2.58158 1.39406 0.394055 -0.931265 6.79805 
11 32300 6.22633 0.000194369 7.00002 1.36476 0.00514805 1.00039 2.52734 1.36476 0.364762 -1.00851 6.79805 
11 32400 6.24564 0.000194369 7.00002 1.35481 -0.00259962 1.00038 2.5089 1.35481 0.354807 -1.03618 6.79805 
11 32500 6.26494 0.000194369 7.00002 1.36802 -0.0042325 1.00037 2.53338 1.36802 0.368025 -0.999605 6.79805 
11 32600 6.28425 0.000194369 7.00002 1.35453 -0.00294198 1.00038 2.50838 1.35453 0.354526 -1.03697 6.79805 
11 32700 6.30355 0.000194369 7.00002 1.37465 -0.0102562 1.00038 2.54565 1.37465 0.37465 -0.981764 6.79805 
11 32800 6.32272 0.000194369 7.00002 1.39431 -0.00347917 1.00037 2.58205 1.39431 0.394308 -0.930622 6.79805 
11 32900 6.34203 0.000194369 7.00002 1.38443 -0.00372121 1.00038 2.56376 1.38443 0.384432 -0.955989 6.79805 
11 33000 6.36133 0.000194369 7.00002 1.36555 -0.00300367 1.00037 2.5288 1.36555 0.365554 -1.00634 6.79805 
11 33100 6.38063 0.000194369 7.00002 1.40027 -0.00299531 1.00037 2.59309 1.40027 0.400267 -0.915623 6.79805 
11 33200 6.39994 0.000194369 7.00002 1.44613 -0.0105288 1.00038 2.67802 1.44613 0.446129 -0.807148 6.79805 
11 33300 6.41911 0.000194369 7.00002 1.34968 -0.0034583 1.00038 2.4994 1.34968 0.349678 -1.05074 6.79805 
11 33400 6.43841 0.000194369 7.00002 1.3844 -0.00381443 1.00039 2.5637 1.3844 0.384397 -0.956079 6.79805 
11 33500 6.45772 0.000194369 7.00002 1.36817 -0.00286477 1.00037 2.53365 1.36817 0.368172 -0.999204 6.79805 
11 33600 6.47702 0.000194369 7.00002 1.42654 -0.00350124 1.00038 2.64174 1.42654 0.42654 -0.85205 6.79805 
11 33700 6.49619 0.000194369 7.00002 1.39393 -0.00324998 1.00038 2.58135 1.39393 0.393929 -0.931584 6.79805 
11 33800 6.5155 0.000194369 7.00002 1.39289 -0.0026074 1.00038 2.57943 1.39289 0.392891 -0.934222 6.79805 
11 33900 6.5348 0.000194369 7.00002 1.36688 0.00405621 1.00039 2.53126 1.36688 0.366878 -1.00272 6.79805 
11 34000 6.55411 0.000194369 7.00002 1.36764 -0.00296092 1.00037 2.53267 1.36764 0.367641 -1.00065 6.79805 
11 34100 6.57341 0.000194369 7.00002 1.39341 -0.00145195 1.00037 2.58039 1.39341 0.39341 -0.932902 6.79805 
11 34200 6.59258 0.000194369 7.00002 1.34856 -0.00291453 1.00039 2.49733 1.34856 0.348559 -1.05395 6.79805 
11 34300 6.61189 0.000194369 7.00002 1.35753 -0.00358939 1.00038 2.51395 1.35753 0.357531 -1.02853 6.79805 
11 34400 6.63119 0.000194369 7.00002 1.35745 -0.00212596 1.00038 2.51379 1.35745 0.357447 -1.02877 6.79805 
11 34500 6.6505 0.000194369 7.00002 1.35752 -0.00433331 1.00038 2.51392 1.35752 0.357517 -1.02857 6.79805 
11 34600 6.6698 0.000194369 7.00002 1.36812 -0.00237439 1.00037 2.53356 1.36812 0.368125 -0.999334 6.79805 
11 34700 6.68897 0.000194369 7.00002 1.39316 -0.00339678 1.00037 2.57992 1.39316 0.393157 -0.933545 6.79805 
11 34800 6.70828 0.000194369 7.00002 1.39394 -0.00372456 1.00038 2.58137 1.39394 0.393941 -0.931553 6.79805 
11 34900 6.72758 0.000194369 7.00002 1.34731 -0.00453406 1.00039 2.49502 1.34731 0.347311 -1.05753 6.79805 
11 35000 6.74688 0.000194369 7.00002 1.37565 -0.0114494 1.00038 2.5475 1.37565 0.375648 -0.979103 6.79805 
11 35100 6.76619 0.000194369 7.00002 1.41977 0.00383926 1.00037 2.62919 1.41977 0.419765 -0.86806 6.79805 
11 35200 6.78536 0.000194369 7.00002 1.42027 0.00439044 1.00037 2.63013 1.42027 0.420268 -0.866864 6.79805 
11 35300 6.80466 0.000194369 7.00002 1.42657 -0.00307051 1.00038 2.6418 1.42657 0.426571 -0.851977 6.79805 
11 35400 6.82397 0.000194369 7.00002 1.36009 -0.00288413 1.00037 2.51868 1.36009 0.360086 -1.02141 6.79805 
11 35500 6.84327 0.000194369 7.00002 1.39166 -0.00360528 1.00038 2.57715 1.39166 0.391661 -0.937358 6.79805 
11 35600 6.86258 0.000194369 7.00002 1.34725 -0.00331151 1.00039 2.4949 1.34725 0.347246 -1.05772 6.79805 
11 35700 6.88175 0.000194369 7.00002 1.36716 -0.00192459 1.00037 2.53178 1.36716 0.36716 -1.00196 6.79805 
11 35800 6.90105 0.000194369 7.00002 1.40123 -0.00378999 1.00037 2.59488 1.40123 0.401234 -0.91321 6.79805 
11 35900 6.92036 0.000194369 7.00002 1.35652 -0.00272981 1.00038 2.51207 1.35652 0.356518 -1.03137 6.79805 
11 36000 6.93966 0.000194369 7.00002 1.39456 -0.00344354 1.00038 2.58252 1.39456 0.39456 -0.929985 6.79805 
11 36100 6.95897 0.000194369 7.00002 1.37779 -0.0106177 1.00038 2.55145 1.37779 0.377786 -0.973428 6.79805 
11 36200 6.97814 0.000194369 7.00002 1.39267 -0.00384526 1.00038 2.57902 1.39267 0.392671 -0.934784 6.79805 
11 36300 6.99744 0.000194369 7.00002 1.35626 -0.00249286 1.00038 2.51159 1.35626 0.356259 -1.0321 6.79805 
11 36400 7.01675 0.000194369 7.00002 1.35954 -0.00261795 1.00038 2.51767 1.35954 0.359541 -1.02293 6.79805 
11 36500 7.03605 0.000194369 7.00002 1.35904 -0.00366297 1.00038 2.51674 1.35904 0.35904 -1.02432 6.79805 
11 36600 7.05536 0.000194369 7.00002 1.34828 -0.0025847 1.00038 2.49681 1.34828 0.34828 -1.05475 6.79805 
11 36700 7.07453 0.000194369 7.00002 1.36833 -0.00392942 1.00037 2.53395 1.36833 0.368331 -0.998775 6.79805 
11 36800 7.09383 0.000194369 7.00002 1.42054 0.00378027 1.00037 2.63063 1.42054 0.420539 -0.866217 6.79805 
11 36900 7.11314 0.000194369 7.00002 1.34727 -0.00113097 1.00039 2.49495 1.34727 0.347273 -1.05764 6.79805 
11 37000 7.13244 0.000194369 7.00002 1.36783 -0.00328482 1.00037 2.53303 1.36783 0.367834 -1.00012 6.79805 
11 37100 7.15174 0.000194369 7.00002 1.41447 0.00386314 1.00037 2.61938 1.41447 0.414468 -0.88076 6.79805 
11 37200 7.17092 0.000194369 7.00002 1.39375 -0.00270462 1.00037 2.58102 1.39375 0.393751 -0.932036 6.79805 
11 37300 7.19022 0.000194369 7.00002 1.35948 -0.00210442 1.00038 2.51755 1.35948 0.359478 -1.0231 6.79805 
11 37400 7.20952 0.000194369 7.00002 1.34717 -0.0032518 1.00039 2.49476 1.34717 0.347172 -1.05794 6.79805 
11 37500 7.22883 0.000194369 7.00002 1.35701 -0.00309079 1.00038 2.51298 1.35701 0.357011 -1.02999 6.79805 
11 37600 7.248 0.000194369 7.00002 1.41343 -0.0102899 1.00037 2.61747 1.41343 0.413435 -0.883256 6.79805 
11 37700 7.2673 0.000194369 7.00002 1.40221 -0.00298053 1.00037 2.59669 1.40221 0.402214 -0.910771 6.79805 
11 37800 7.28661 0.000194369 7.00002 1.38448 -0.00203318 1.00038 2.56385 1.38448 0.384477 -0.955872 6.79805 
11 37900 7.30591 0.000194369 7.00002 1.34865 -0.00369253 1.00039 2.4975 1.34865 0.348647 -1.05369 6.79805 
11 38000 7.32522 0.000194369 7.00002 1.36105 -0.00303526 1.00038 2.52047 1.36105 0.361054 -1.01873 6.79805 
11 38100 7.34439 0.000194369 7.00002 1.42789 -0.00399459 1.00038 2.64424 1.42789 0.427887 -0.848895 6.79805 
11 38200 7.36369 0.000194369 7.00002 1.39228 -0.00251126 1.00038 2.57829 1.39228 0.392278 -0.935784 6.79805 
11 38300 7.383 0.000194369 7.00002 1.40075 -0.00161099 1.00037 2.59398 1.40075 0.400747 -0.914426 6.79805 
11 38400 7.4023 0.000194369 7.00002 1.40048 -0.00977689 1.00038 2.59347 1.40048 0.400475 -0.915104 6.79805 
11 38500 7.42161 0.000194369 7.00002 1.35817 -0.00334691 1.00038 2.51513 1.35817 0.358172 -1.02674 6.79805 
11 38600 7.44078 0.000194369 7.00002 1.42934 -0.00333335 1.00038 2.64693 1.42934 0.429342 -0.845501 6.79805 
11 38700 7.46008 0.000194369 7.00002 1.3586 -0.00370255 1.00038 2.51593 1.3586 0.358604 -1.02554 6.79805 
11 38800 7.47939 0.000194369 7.00002 1.35814 -0.00396522 1.00038 2.51507 1.35814 0.358139 -1.02683 6.79805 
11 38900 7.49869 0.000194369 7.00002 1.39314 -0.00303 1.00037 2.57989 1.39314 0.393139 -0.933593 6.79805 
11 39000 7.51799 0.000194369 7.00002 1.4263 -0.00312586 1.00038 2.6413 1.4263 0.426303 -0.852604 6.79805 
11 39100 7.53717 0.000194369 7.00002 1.36672 0.00356111 1.00039 2.53096 1.36672 0.366719 -1.00316 6.79805 
11 39200 7.55647 0.000194369 7.00002 1.35843 -0.00153801 1.00038 2.51561 1.35843 0.358427 -1.02603 6.79805 
11 39300 7.57577 0.000194369 7.00002 1.40127 -0.00297008 1.00037 2.59494 1.40127 0.401267 -0.913127 6.79805 
11 39400 7.59508 0.000194369 7.00002 1.38225 -0.0040856 1.00038 2.55971 1.38225 0.382246 -0.961691 6.79805 
11 39500 7.61438 0.000194369 7.00002 1.39464 -0.00391229 1.00037 2.58267 1.39464 0.394641 -0.929779 6.79805 
11 39600 7.63355 0.000194369 7.00002 1.39558 -0.00340537 1.00037 2.5844 1.39558 0.395578 -0.927407 6.79805 
11 39700 7.65286 0.000194369 7.00002 1.34674 -0.00484375 1.00039 2.49397 1.34674 0.346744 -1.05917 6.79805 
11 39800 7.67216 0.000194369 7.00002 1.34972 -0.00328859 1.00039 2.49948 1.34972 0.34972 -1.05062 6.79805 
11 39900 7.69147 0.000194369 7.00002 1.39299 -0.00417882 1.00038 2.57962 1.39299 0.392993 -0.933963 6.79805 
11 40000 7.71077 0.000194369 7.00002 1.42725 -0.00264743 1.00038 2.64306 1.42725 0.427251 -0.850383 6.79805 
11 40100 7.72994 0.000194369 7.00002 1.34947 -0.00262618 1.00039 2.49902 1.34947 0.34947 -1.05134 6.79805 
11 40200 7.74925 0.000194369 7.00002 1.36849 -0.00451388 1.00037 2.53424 1.36849 0.368489 -0.998344 6.79805 
11 40300 7.76855 0.000194369 7.00002 1.38557 0.00334319 1.00037 2.56587 1.38557 0.385571 -0.953029 6.79805 
11 40400 7.78786 0.000194369 7.00002 1.41224 0.00423562 1.00038 2.61526 1.41224 0.41224 -0.886149 6.79805 
11 40500 7.80716 0.000194369 7.00002 1.35821 -0.00131051 1.00038 2.5152 1.35821 0.358207 -1.02664 6.79805 
11 40600 7.82633 0.000194369 7.00002 1.4011 -0.00310369 1.00037 2.59463 1.4011 0.401098 -0.913548 6.79805 
11 40700 7.84564 0.000194369 7.00002 1.3592 -0.00337909 1.00038 2.51705 1.3592 0.359205 -1.02386 6.79805 
11 40800 7.86494 0.000194369 7.00002 1.38252 -0.00128718 1.00038 2.56021 1.38252 0.382516 -0.960985 6.79805 
11 40900 7.88425 0.000194369 7.00002 1.38354 -0.00301363 1.00038 2.56211 1.38354 0.38354 -0.958311 6.79805 
11 41000 7.90355 0.000194369 7.00002 1.36013 -0.00270619 1.00038 2.51877 1.36013 0.360134 -1.02128 6.79805 
11 41100 7.92272 0.000194369 7.00002 1.40051 -0.00357564 1.00037 2.59353 1.40051 0.400507 -0.915023 6.79805 
11 41200 7.94203 0.000194369 7.00002 1.38353 -0.00388749 1.00038 2.56208 1.38353 0.383525 -0.95835 6.79805 
11 41300 7.96133 0.000194369 7.00002 1.35874 -0.00263033 1.00038 2.51618 1.35874 0.358735 -1.02517 6.79805 
11 41400 7.98063 0.000194369 7.00002 1.40118 -0.00371354 1.00038 2.59478 1.40118 0.401179 -0.913347 6.79805 
