10 0 0 0.000616307 7.0011 1.46625 0 1.00003 10.8611 1.46625 0.466253 -0.763027 -3.06666e-16 
10 100 0.121861 0.00123261 7.0011 1.51464 -8.64506e-05 0.999989 11.2196 1.51464 0.514642 -0.664284 0.184425 
10 200 0.24493 0.00123261 7.0011 1.51647 -0.000436541 1.00002 11.2331 1.51647 0.516472 -0.660735 0.371234 
10 300 0.368 0.00123261 7.0011 1.52077 8.91772e-05 1.00002 11.265 1.52077 0.520773 -0.652441 0.558359 
10 400 0.491094 0.00123261 7.0011 1.52699 -7.2342e-05 1.00002 11.3111 1.52699 0.526994 -0.640565 0.746218 
10 500 0.614163 0.00123261 7.0011 1.53137 -0.000245339 1.00002 11.3435 1.53137 0.531372 -0.632293 0.934698 
10 600 0.737233 0.00123261 7.0011 1.53648 -0.000518012 1.00002 11.3813 1.53648 0.536479 -0.622728 1.12373 
10 700 0.860326 0.00123261 7.0011 1.54131 -0.000425393 1.00003 11.4171 1.54131 0.541313 -0.613758 1.31345 
10 800 0.983396 0.00123261 7.0011 1.54705 -0.000680103 1.00003 11.4596 1.54705 0.547049 -0.603218 1.50382 
10 900 1.10647 0.00123261 7.0011 1.55247 0.000527596 1.00003 11.4998 1.55247 0.552472 -0.593353 1.69508 
10 1000 1.22956 0.00123261 7.0011 1.55036 0.000253701 1.00003 11.4841 1.55036 0.550356 -0.59719 1.88628 
10 1100 1.35263 0.00123261 7.0011 1.55065 8.5658e-05 1.00003 11.4863 1.55065 0.550652 -0.596652 2.07743 
10 1200 1.4757 0.00123261 7.0011 1.55169 -3.19457e-05 1.00002 11.494 1.55169 0.551695 -0.59476 2.26865 
10 1300 1.59879 0.00123261 7.0011 1.5519 -0.000175905 1.00002 11.4956 1.5519 0.551904 -0.594381 2.45984 
10 1400 1.72186 0.00123261 7.0011 1.55283 -0.000383856 1.00002 11.5024 1.55283 0.552831 -0.592703 2.65112 
10 1500 1.84493 0.00123261 7.0011 1.55218 0.000108286 1.00002 11.4976 1.55218 0.552176 -0.593889 2.8424 
10 1600 1.968 0.00123261 7.0011 1.55276 -0.000336209 1.00002 11.502 1.55276 0.552764 -0.592824 3.03377 
10 1700 2.09109 0.00123261 7.0011 1.55323 7.80875e-05 1.00002 11.5054 1.55323 0.553231 -0.59198 3.22515 
10 1800 2.21416 0.00123261 7.0011 1.55322 -0.000151203 1.00002 11.5053 1.55322 0.553222 -0.591996 3.41657 
10 1900 2.33723 0.00123261 7.0011 1.55356 -5.09083e-05 1.00002 11.5079 1.55356 0.553564 -0.591377 3.60804 
10 2000 2.46033 0.00123261 7.0011 1.55382 1.01371e-06 1.00003 11.5098 1.55382 0.553823 -0.59091 3.79954 
10 2100 2.5834 0.00123261 7.0011 1.55446 -5.84475e-05 1.00002 11.5145 1.55446 0.554462 -0.589758 3.99103 
10 2200 2.70647 0.00123261 7.0011 1.55449 0.000165895 1.00002 11.5148 1.55449 0.554493 -0.5897 4.18259 
10 2300 2.82956 0.00123261 7.0011 1.55378 -0.000393892 1.00002 11.5095 1.55378 0.553785 -0.590979 4.37411 
10 2400 2.95263 0.00123261 7.0011 1.55395 -0.000131049 1.00002 11.5108 1.55395 0.553951 -0.590678 4.56567 
10 2500 3.0757 0.00123261 7.0011 1.55428 -0.000289286 1.00002 11.5132 1.55428 0.554282 -0.590082 4.75725 
10 2600 3.19879 0.00123261 7.0011 1.55475 -0.000150755 1.00002 11.5167 1.55475 0.554752 -0.589234 4.94885 
10 2700 3.32186 0.00123261 7.0011 1.55467 -2.14014e-05 1.00002 11.5161 1.55467 0.554673 -0.589376 5.14048 
10 2800 3.44493 0.00123261 7.0011 1.55538 -1.87396e-05 1.00002 11.5213 1.55538 0.555381 -0.5881 5.33206 
10 2900 3.568 0.00123261 7.0011 1.55481 8.72629e-05 1.00002 11.5171 1.55481 0.554808 -0.589133 5.52368 
10 3000 3.69109 0.00123261 7.0011 1.5552 4.43556e-05 1.00002 11.52 1.5552 0.555204 -0.58842 5.71527 
10 3100 3.81416 0.00123261 7.0011 1.55512 0.000118542 1.00002 11.5194 1.55512 0.555122 -0.588567 5.90688 
10 3200 3.93723 0.00123261 7.0011 1.55411 4.54431e-05 1.00002 11.512 1.55411 0.554114 -0.590385 6.09848 
10 3300 4.06033 0.00123261 7.0011 1.55449 4.76502e-05 1.00002 11.5148 1.55449 0.554493 -0.5897 6.29009 
10 3400 4.1834 0.00123261 7.0011 1.55432 7.20271e-05 1.00002 11.5135 1.55432 0.554319 -0.590016 6.48169 
10 3500 4.30647 0.00123261 7.0011 1.55446 -2.86332e-05 1.00002 11.5145 1.55446 0.55446 -0.58976 6.67327 
10 3600 4.42956 0.00123261 7.0011 1.55524 -0.0001745 1.00002 11.5203 1.55524 0.555241 -0.588352 6.86488 
10 3700 4.55263 0.00123261 7.0011 1.55719 0.000283208 1.00002 11.5347 1.55719 0.557189 -0.584851 7.05661 
10 3800 4.6757 0.00123261 7.00103 1.61855 8.01078e-05 1.00005 11.9893 1.61855 0.618552 -0.480373 7.23865 
10 3900 4.79879 0.00123261 7.00038 1.55631 -0.000161122 1 11.5282 1.55631 0.556313 -0.586424 7.34382 
10 4000 4.92186 0.00123261 7.00002 1.4275 -0.000932737 0.999996 10.5741 1.4275 0.427501 -0.849797 7.39609 
10 4100 5.04493 0.00123261 7.00002 1.42224 -0.00356671 0.999995 10.5351 1.42224 0.422236 -0.86219 7.39609 
10 4200 5.168 0.00123261 7.00002 1.42321 -0.00370014 0.999995 10.5423 1.42321 0.423214 -0.859877 7.39609 
10 4300 5.29109 0.00123261 7.00002 1.42673 -0.00090789 0.999996 10.5684 1.42673 0.426734 -0.851594 7.39609 
10 4400 5.41416 0.00123261 7.00002 1.4232 -0.00385413 0.999994 10.5422 1.4232 0.423198 -0.859916 7.39609 
10 4500 5.53723 0.00123261 7.00002 1.44398 -0.00742404 0.999997 10.6961 1.44398 0.443976 -0.811986 7.39609 
10 4600 5.66033 0.00123261 7.00002 1.42605 0.00178629 0.999995 10.5634 1.42605 0.426055 -0.853188 7.39609 
10 4700 5.7834 0.00123261 7.00002 1.44345 -0.00923786 0.999995 10.6922 1.44345 0.443451 -0.813168 7.39609 
10 4800 5.90647 0.00123261 7.00002 1.42485 0.000218391 0.999997 10.5545 1.42485 0.424852 -0.856015 7.39609 
10 4900 6.02956 0.00123261 7.00002 1.42474 -4.77428e-05 0.999996 10.5536 1.42474 0.424738 -0.856283 7.39609 
10 5000 6.15263 0.00123261 7.00002 1.4252 -9.90635e-05 0.999997 10.5571 1.4252 0.425203 -0.855188 7.39609 
10 5100 6.2757 0.00123261 7.00002 1.44436 -0.00579015 0.999998 10.6989 1.44436 0.444358 -0.811124 7.39609 
10 5200 6.39879 0.00123261 7.00002 1.44408 -0.00603828 0.999997 10.6969 1.44408 0.444084 -0.811741 7.39609 
10 5300 6.52186 0.00123261 7.00002 1.44489 -0.00611316 0.999996 10.7029 1.44489 0.444892 -0.809923 7.39609 
10 5400 6.64493 0.00123261 7.00002 1.44464 -0.00601779 0.999996 10.701 1.44464 0.444636 -0.810499 7.39609 
10 5500 6.768 0.00123261 7.00002 1.42748 0.000848841 0.999995 10.5739 1.42748 0.427478 -0.849852 7.39609 
10 5600 6.89109 0.00123261 7.00002 1.42563 0.00207726 0.999996 10.5603 1.42563 0.425634 -0.854175 7.39609 
10 5700 7.01416 0.00123261 7.00002 1.42718 0.00031817 0.999995 10.5717 1.42718 0.427182 -0.850546 7.39609 
10 5800 7.13723 0.00123261 7.00002 1.42776 0.000910542 0.999995 10.576 1.42776 0.427757 -0.8492 7.39609 
10 5900 7.26033 0.00123261 7.00002 1.4245 -0.00027433 0.999995 10.5518 1.4245 0.4245 -0.856844 7.39609 
10 6000 7.3834 0.00123261 7.00002 1.44482 -0.00660718 0.999996 10.7024 1.44482 0.444824 -0.810077 7.39609 
10 6100 7.50647 0.00123261 7.00002 1.42566 -0.000393824 0.999997 10.5605 1.42566 0.425664 -0.854105 7.39609 
10 6200 7.62956 0.00123261 7.00002 1.42615 -0.00072312 0.999995 10.5641 1.42615 0.42615 -0.852964 7.39609 
10 6300 7.75263 0.00123261 7.00002 1.42514 -0.000477958 0.999995 10.5566 1.42514 0.425142 -0.855331 7.39609 
10 6400 7.8757 0.00123261 7.00002 1.42602 -0.000760036 0.999995 10.5631 1.42602 0.426023 -0.853261 7.39609 
