11 0 0 9.74468e-05 7.00028 1.49158 0 1.00003 44.195 1.49158 0.49158 -0.71013 -2.31858e-07 
11 100 0.0193132 0.000194894 7.00028 1.50573 -0.000172611 1.00038 44.6141 1.50573 0.505727 -0.681758 0.0290981 
11 200 0.0386264 0.000194894 7.00028 1.50602 -1.38952e-05 1.00039 44.6229 1.50602 0.506024 -0.681171 0.0584541 
11 300 0.0579396 0.000194894 7.00028 1.50575 -1.86746e-05 1.00039 44.6148 1.50575 0.505749 -0.681714 0.0878083 
11 400 0.0772528 0.000194894 7.00028 1.50604 -4.7667e-06 1.00039 44.6233 1.50604 0.506038 -0.681144 0.117157 
11 500 0.0963898 0.000194894 7.00028 1.50591 4.81991e-05 1.00039 44.6195 1.50591 0.505908 -0.681401 0.146496 
11 600 0.115703 0.000194894 7.00028 1.50634 6.14356e-06 1.00039 44.6324 1.50634 0.506345 -0.680538 0.175836 
11 700 0.135016 0.000194894 7.00028 1.50555 3.86171e-07 1.00039 44.6088 1.50555 0.505546 -0.682116 0.205172 
11 800 0.154329 0.000194894 7.00028 1.50517 4.40153e-05 1.00039 44.5976 1.50517 0.50517 -0.68286 0.2345 
11 900 0.173643 0.000194894 7.00028 1.50507 1.18906e-05 1.00039 44.5946 1.50507 0.505068 -0.683062 0.263839 
11 1000 0.19278 0.000194894 7.00028 1.50517 1.18055e-05 1.00039 44.5977 1.50517 0.505173 -0.682855 0.293173 
11 1100 0.212093 0.000194894 7.00028 1.50505 2.17683e-05 1.00039 44.5941 1.50505 0.505051 -0.683095 0.322508 
11 1200 0.231406 0.000194894 7.00028 1.50517 -0.00036275 1.00039 44.5977 1.50517 0.505171 -0.682858 0.351843 
11 1300 0.250719 0.000194894 7.00028 1.50472 -0.000250616 1.00039 44.5844 1.50472 0.504724 -0.683745 0.38117 
11 1400 0.270032 0.000194894 7.00028 1.50477 -4.80297e-05 1.00039 44.5857 1.50477 0.504767 -0.683658 0.4105 
11 1500 0.289169 0.000194894 7.00028 1.50463 -6.71144e-07 1.00039 44.5816 1.50463 0.504629 -0.683932 0.439828 
11 1600 0.308483 0.000194894 7.00028 1.50453 -8.17193e-06 1.00039 44.5785 1.50453 0.504526 -0.684136 0.469155 
11 1700 0.327796 0.000194894 7.00028 1.50433 0.00011477 1.00039 44.5726 1.50433 0.504326 -0.684532 0.498479 
11 1800 0.347109 0.000194894 7.00028 1.50457 -1.07748e-06 1.00039 44.5798 1.50457 0.50457 -0.684049 0.527809 
11 1900 0.366422 0.000194894 7.00028 1.50458 2.71062e-05 1.00039 44.5801 1.50458 0.50458 -0.684029 0.557139 
11 2000 0.385559 0.000194894 7.00028 1.50493 -3.92339e-05 1.00039 44.5906 1.50493 0.504934 -0.683328 0.586471 
11 2100 0.404872 0.000194894 7.00028 1.50481 -7.5068e-06 1.00039 44.5869 1.50481 0.504807 -0.68358 0.615793 
11 2200 0.424186 0.000194894 7.00028 1.50539 -0.000168084 1.00039 44.6041 1.50539 0.505389 -0.682427 0.64512 
11 2300 0.443499 0.000194894 7.00028 1.50552 -6.86704e-06 1.00039 44.6079 1.50552 0.505517 -0.682173 0.674446 
11 2400 0.462812 0.000194894 7.00028 1.50507 7.95516e-05 1.00039 44.5948 1.50507 0.505073 -0.683051 0.70377 
11 2500 0.481949 0.000194894 7.00028 1.50476 -9.3938e-06 1.00039 44.5855 1.50476 0.504761 -0.68367 0.733094 
11 2600 0.501262 0.000194894 7.00028 1.5048 -3.19513e-05 1.00039 44.5867 1.5048 0.504802 -0.683588 0.762425 
11 2700 0.520575 0.000194894 7.00028 1.505 -1.62657e-05 1.00039 44.5925 1.505 0.504998 -0.683202 0.791754 
11 2800 0.539889 0.000194894 7.00028 1.50493 3.42453e-05 1.00039 44.5906 1.50493 0.504933 -0.683329 0.821085 
11 2900 0.559202 0.000194894 7.00028 1.50476 -2.72071e-05 1.00039 44.5855 1.50476 0.504759 -0.683674 0.850407 
11 3000 0.578339 0.000194894 7.00028 1.50455 -8.27936e-06 1.00039 44.5791 1.50455 0.504545 -0.684098 0.879734 
11 3100 0.597652 0.000194894 7.00028 1.50483 0.000135127 1.00039 44.5875 1.50483 0.504829 -0.683536 0.909062 
11 3200 0.616965 0.000194894 7.00028 1.50454 1.55371e-05 1.00039 44.5789 1.50454 0.504539 -0.68411 0.938386 
11 3300 0.636278 0.000194894 7.00028 1.50451 5.81413e-06 1.00039 44.578 1.50451 0.504508 -0.684172 0.967711 
11 3400 0.655591 0.000194894 7.00028 1.50436 -2.49958e-05 1.00039 44.5737 1.50436 0.504363 -0.684459 0.99704 
11 3500 0.674729 0.000194894 7.00028 1.50476 -9.63082e-05 1.00039 44.5855 1.50476 0.504762 -0.683668 1.02637 
11 3600 0.694042 0.000194894 7.00028 1.50482 -5.36843e-05 1.00039 44.5874 1.50482 0.504825 -0.683544 1.0557 
11 3700 0.713355 0.000194894 7.00028 1.50502 2.34103e-05 1.00039 44.5932 1.50502 0.50502 -0.683158 1.08502 
11 3800 0.732668 0.000194894 7.00028 1.50523 0.000180641 1.00039 44.5993 1.50523 0.505228 -0.682746 1.11435 
11 3900 0.751981 0.000194894 7.00028 1.50572 3.24216e-05 1.00039 44.614 1.50572 0.505723 -0.681767 1.14368 
11 4000 0.771118 0.000194894 7.00028 1.50517 -1.33768e-06 1.00039 44.5977 1.50517 0.505171 -0.682858 1.173 
11 4100 0.790431 0.000194894 7.00028 1.50481 3.80465e-05 1.00039 44.5871 1.50481 0.504814 -0.683564 1.20232 
11 4200 0.809745 0.000194894 7.00028 1.50464 -1.51803e-07 1.00039 44.582 1.50464 0.504643 -0.683903 1.23165 
11 4300 0.829058 0.000194894 7.00028 1.50506 -6.84548e-05 1.00039 44.5942 1.50506 0.505056 -0.683087 1.26098 
11 4400 0.848195 0.000194894 7.00028 1.505 -2.90098e-05 1.00039 44.5925 1.505 0.504998 -0.683202 1.29031 
11 4500 0.867508 0.000194894 7.00028 1.50495 3.85004e-05 1.00039 44.5911 1.50495 0.504949 -0.683297 1.31964 
11 4600 0.886821 0.000194894 7.00028 1.5047 1.60588e-05 1.00039 44.5837 1.5047 0.504698 -0.683795 1.34896 
11 4700 0.906134 0.000194894 7.00028 1.50466 1.82404e-05 1.00039 44.5825 1.50466 0.504659 -0.683872 1.37829 
11 4800 0.925448 0.000194894 7.00028 1.50464 -8.52474e-05 1.00039 44.582 1.50464 0.504642 -0.683905 1.40762 
11 4900 0.944585 0.000194894 7.00028 1.50439 -3.71629e-05 1.00039 44.5746 1.50439 0.504393 -0.6844 1.43694 
11 5000 0.963898 0.000194894 7.00028 1.50461 -1.75547e-05 1.00039 44.5811 1.50461 0.504611 -0.683968 1.46627 
11 5100 0.983211 0.000194894 7.00028 1.50476 -5.28709e-05 1.00039 44.5856 1.50476 0.504763 -0.683667 1.4956 
11 5200 1.00252 0.000194894 7.00028 1.50472 0.000119469 1.00039 44.5842 1.50472 0.504718 -0.683755 1.52493 
11 5300 1.02184 0.000194894 7.00028 1.50487 2.09345e-06 1.00039 44.5888 1.50487 0.504872 -0.683451 1.55426 
11 5400 1.04097 0.000194894 7.00028 1.5053 -6.24024e-05 1.00039 44.6016 1.5053 0.505303 -0.682598 1.58358 
11 5500 1.06029 0.000194894 7.00028 1.50545 -1.59868e-05 1.00039 44.606 1.50545 0.505452 -0.682302 1.61291 
11 5600 1.0796 0.000194894 7.00028 1.50534 3.7047e-05 1.00039 44.6026 1.50534 0.505337 -0.682529 1.64223 
11 5700 1.09891 0.000194894 7.00028 1.50479 3.08439e-05 1.00039 44.5864 1.50479 0.504792 -0.683609 1.67155 
11 5800 1.11823 0.000194894 7.00028 1.50482 -9.16768e-06 1.00039 44.5873 1.50482 0.504822 -0.68355 1.70088 
11 5900 1.13736 0.000194894 7.00028 1.5049 1.25929e-05 1.00039 44.5896 1.5049 0.5049 -0.683394 1.73021 
11 6000 1.15668 0.000194894 7.00028 1.50489 3.53779e-07 1.00039 44.5893 1.50489 0.504888 -0.683419 1.75954 
11 6100 1.17599 0.000194894 7.00028 1.50509 1.24865e-05 1.00039 44.5952 1.50509 0.505089 -0.68302 1.78887 
11 6200 1.1953 0.000194894 7.00028 1.5047 0.000199697 1.00039 44.5838 1.5047 0.504703 -0.683786 1.8182 
11 6300 1.21462 0.000194894 7.00028 1.50474 7.71146e-05 1.00039 44.5849 1.50474 0.504739 -0.683714 1.84752 
11 6400 1.23375 0.000194894 7.00028 1.50471 -3.2547e-05 1.00039 44.5841 1.50471 0.504713 -0.683765 1.87685 
11 6500 1.25307 0.000194894 7.00028 1.50448 1.0297e-05 1.00039 44.5773 1.50448 0.504483 -0.684221 1.90617 
11 6600 1.27238 0.000194894 7.00028 1.5044 -4.20693e-05 1.00039 44.5749 1.5044 0.504403 -0.684379 1.9355 
11 6700 1.29169 0.000194894 7.00028 1.50467 8.57817e-05 1.00039 44.5829 1.50467 0.504672 -0.683847 1.96483 
11 6800 1.31101 0.000194894 7.00028 1.50463 3.22683e-05 1.00039 44.5815 1.50463 0.504625 -0.68394 1.99416 
11 6900 1.33014 0.000194894 7.00028 1.50494 -5.90559e-06 1.00039 44.5908 1.50494 0.504941 -0.683314 2.02349 
11 7000 1.34946 0.000194894 7.00028 1.50508 -4.89243e-05 1.00039 44.5949 1.50508 0.505078 -0.683042 2.05281 
11 7100 1.36877 0.000194894 7.00028 1.5056 -1.56072e-05 1.00039 44.6105 1.5056 0.505605 -0.682 2.08214 
11 7200 1.38808 0.000194894 7.00028 1.50532 7.50717e-06 1.00039 44.602 1.50532 0.505318 -0.682567 2.11147 
11 7300 1.4074 0.000194894 7.00028 1.50496 -3.14327e-06 1.00039 44.5913 1.50496 0.504956 -0.683284 2.14079 
11 7400 1.42653 0.000194894 7.00028 1.50469 2.23991e-06 1.00039 44.5835 1.50469 0.504693 -0.683804 2.17012 
11 7500 1.44585 0.000194894 7.00028 1.50493 3.9498e-06 1.00039 44.5906 1.50493 0.504932 -0.683332 2.19944 
11 7600 1.46516 0.000194894 7.00028 1.50477 -0.000148915 1.00039 44.5856 1.50477 0.504765 -0.683662 2.22877 
11 7700 1.48447 0.000194894 7.00028 1.50498 1.33379e-05 1.00039 44.5921 1.50498 0.504982 -0.683232 2.2581 
11 7800 1.50379 0.000194894 7.00028 1.50457 1.02094e-06 1.00039 44.5798 1.50457 0.504567 -0.684055 2.28743 
11 7900 1.52292 0.000194894 7.00028 1.50477 -1.09483e-05 1.00039 44.5858 1.50477 0.504771 -0.683651 2.31676 
11 8000 1.54224 0.000194894 7.00028 1.50471 8.09117e-06 1.00039 44.5839 1.50471 0.504707 -0.683777 2.34608 
11 8100 1.56155 0.000194894 7.00028 1.50455 -3.06852e-06 1.00039 44.5793 1.50455 0.504552 -0.684085 2.37541 
11 8200 1.58086 0.000194894 7.00028 1.50437 8.80527e-05 1.00039 44.574 1.50437 0.504371 -0.684443 2.40473 
11 8300 1.6 0.000194894 7.00028 1.50453 -5.60393e-05 1.00039 44.5787 1.50453 0.50453 -0.684129 2.43406 
11 8400 1.61931 0.000194894 7.00028 1.50461 -3.11798e-05 1.00039 44.5812 1.50461 0.504615 -0.68396 2.46339 
11 8500 1.63863 0.000194894 7.00028 1.50488 -6.56028e-08 1.00039 44.589 1.50488 0.504879 -0.683437 2.49273 
11 8600 1.65794 0.000194894 7.00028 1.50483 -6.06307e-06 1.00039 44.5876 1.50483 0.504832 -0.683529 2.52205 
11 8700 1.67725 0.000194894 7.00028 1.50544 -1.24957e-06 1.00039 44.6056 1.50544 0.505437 -0.682331 2.55138 
11 8800 1.69639 0.000194894 7.00028 1.50565 9.04385e-06 1.00039 44.612 1.50565 0.505654 -0.681902 2.5807 
11 8900 1.7157 0.000194894 7.00028 1.50506 -3.39621e-06 1.00039 44.5942 1.50506 0.505056 -0.683087 2.61003 
11 9000 1.73502 0.000194894 7.00028 1.50487 -7.23114e-05 1.00039 44.5887 1.50487 0.504868 -0.683458 2.63935 
11 9100 1.75433 0.000194894 7.00028 1.50484 -3.55024e-06 1.00039 44.5878 1.50484 0.504837 -0.68352 2.66868 
11 9200 1.77364 0.000194894 7.00028 1.505 1.83012e-07 1.00039 44.5927 1.505 0.505003 -0.683191 2.69801 
11 9300 1.79278 0.000194894 7.00028 1.50496 -6.76991e-06 1.00039 44.5914 1.50496 0.50496 -0.683277 2.72734 
11 9400 1.81209 0.000194894 7.00028 1.50474 8.53169e-06 1.00039 44.5848 1.50474 0.504739 -0.683715 2.75666 
11 9500 1.83141 0.000194894 7.00028 1.50453 1.3794e-05 1.00039 44.5788 1.50453 0.504534 -0.684121 2.78599 
11 9600 1.85072 0.000194894 7.00028 1.50477 2.51375e-05 1.00039 44.5858 1.50477 0.504772 -0.683649 2.81532 
11 9700 1.87003 0.000194894 7.00028 1.50455 7.42714e-05 1.00039 44.5792 1.50455 0.504548 -0.684092 2.84464 
11 9800 1.88917 0.000194894 7.00028 1.50451 -9.53095e-07 1.00039 44.5781 1.50451 0.50451 -0.684167 2.87397 
11 9900 1.90848 0.000194894 7.00028 1.50447 -2.34081e-05 1.00039 44.577 1.50447 0.504472 -0.684242 2.9033 
11 10000 1.9278 0.000194894 7.00028 1.50478 -3.99059e-06 1.00039 44.5861 1.50478 0.504782 -0.68363 2.93263 
11 10100 1.94711 0.000194894 7.00028 1.50488 -2.76874e-05 1.00039 44.5889 1.50488 0.504876 -0.683441 2.96196 
11 10200 1.96642 0.000194894 7.00028 1.50502 0.000109642 1.00039 44.5933 1.50502 0.505024 -0.68315 2.99128 
11 10300 1.98556 0.000194894 7.00028 1.50524 4.11541e-06 1.00039 44.5996 1.50524 0.505236 -0.68273 3.02061 
11 10400 2.00487 0.000194894 7.00028 1.50569 9.89292e-06 1.00039 44.6132 1.50569 0.505694 -0.681823 3.04994 
11 10500 2.02419 0.000194894 7.00028 1.50521 3.6021e-05 1.00039 44.599 1.50521 0.505215 -0.682772 3.07926 
11 10600 2.0435 0.000194894 7.00028 1.50486 4.71901e-05 1.00039 44.5884 1.50486 0.504859 -0.683476 3.10858 
11 10700 2.06281 0.000194894 7.00028 1.50467 1.42388e-05 1.00039 44.5827 1.50467 0.504667 -0.683857 3.13791 
11 10800 2.08195 0.000194894 7.00028 1.50509 6.49717e-06 1.00039 44.5952 1.50509 0.505089 -0.683021 3.16725 
11 10900 2.10126 0.000194894 7.00028 1.50507 -0.000115944 1.00039 44.5947 1.50507 0.505072 -0.683053 3.19658 
11 11000 2.12058 0.000194894 7.00028 1.505 0.000134498 1.00039 44.5925 1.505 0.504998 -0.683201 3.2259 
11 11100 2.13989 0.000194894 7.00028 1.50468 0.000183295 1.00039 44.583 1.50468 0.504676 -0.68384 3.25523 
11 11200 2.1592 0.000194894 7.00028 1.50475 -2.48286e-06 1.00039 44.5852 1.50475 0.504749 -0.683694 3.28456 
11 11300 2.17834 0.000194894 7.00028 1.5046 -3.18564e-05 1.00039 44.5808 1.5046 0.504603 -0.683982 3.31388 
11 11400 2.19765 0.000194894 7.00028 1.50445 5.29454e-05 1.00039 44.5763 1.50445 0.50445 -0.684286 3.3432 
11 11500 2.21697 0.000194894 7.00028 1.50452 -7.77701e-05 1.00039 44.5783 1.50452 0.504517 -0.684154 3.37253 
11 11600 2.23628 0.000194894 7.00028 1.50478 4.98438e-05 1.00039 44.5862 1.50478 0.504785 -0.683623 3.40187 
11 11700 2.25559 0.000194894 7.00028 1.5047 -0.000111268 1.00039 44.5837 1.5047 0.504701 -0.683788 3.4312 
11 11800 2.27473 0.000194894 7.00028 1.50499 -6.85422e-06 1.00039 44.5922 1.50499 0.504987 -0.683222 3.46052 
11 11900 2.29404 0.000194894 7.00028 1.50536 3.60123e-05 1.00039 44.6033 1.50536 0.505362 -0.682481 3.48985 
11 12000 2.31335 0.000194894 7.00028 1.50562 -0.000260602 1.00039 44.611 1.50562 0.505622 -0.681965 3.51917 
11 12100 2.33267 0.000194894 7.00028 1.50536 -5.72918e-05 1.00039 44.6033 1.50536 0.505361 -0.682483 3.5485 
11 12200 2.35198 0.000194894 7.00028 1.50488 5.44813e-05 1.00039 44.5891 1.50488 0.504881 -0.683433 3.57782 
11 12300 2.37112 0.000194894 7.00028 1.50485 1.55437e-05 1.00039 44.5881 1.50485 0.50485 -0.683494 3.60715 
11 12400 2.39043 0.000194894 7.00028 1.50492 2.54378e-05 1.00039 44.5903 1.50492 0.504923 -0.68335 3.63648 
11 12500 2.40974 0.000194894 7.00028 1.50499 -1.91963e-05 1.00039 44.5924 1.50499 0.504994 -0.683208 3.66581 
11 12600 2.42906 0.000194894 7.00028 1.50507 0.000130625 1.00039 44.5946 1.50507 0.505069 -0.683059 3.69514 
11 12700 2.44819 0.000194894 7.00028 1.50473 4.95561e-05 1.00039 44.5847 1.50473 0.504734 -0.683723 3.72447 
11 12800 2.46751 0.000194894 7.00028 1.50464 5.47559e-05 1.00039 44.582 1.50464 0.504642 -0.683906 3.7538 
11 12900 2.48682 0.000194894 7.00028 1.50475 -5.93364e-05 1.00039 44.5852 1.50475 0.50475 -0.683691 3.78312 
11 13000 2.50613 0.000194894 7.00028 1.5045 -5.75644e-05 1.00039 44.5777 1.5045 0.504496 -0.684194 3.81244 
11 13100 2.52545 0.000194894 7.00028 1.50447 -1.8092e-05 1.00039 44.5768 1.50447 0.504465 -0.684256 3.84177 
11 13200 2.54458 0.000194894 7.00028 1.50459 1.94081e-05 1.00039 44.5805 1.50459 0.504591 -0.684007 3.87111 
11 13300 2.5639 0.000194894 7.00028 1.50471 8.06051e-05 1.00039 44.5839 1.50471 0.504706 -0.683778 3.90044 
11 13400 2.58321 0.000194894 7.00028 1.50486 -0.00012052 1.00039 44.5884 1.50486 0.50486 -0.683474 3.92977 
11 13500 2.60252 0.000194894 7.00028 1.50517 -4.18751e-05 1.00039 44.5975 1.50517 0.505167 -0.682867 3.95909 
11 13600 2.62184 0.000194894 7.00028 1.50551 -2.0151e-05 1.00039 44.6076 1.50551 0.505506 -0.682196 3.98842 
11 13700 2.64097 0.000194894 7.00028 1.50547 -6.83944e-06 1.00039 44.6064 1.50547 0.505467 -0.682272 4.01775 
11 13800 2.66029 0.000194894 7.00028 1.50503 8.34612e-05 1.00039 44.5935 1.50503 0.505031 -0.683135 4.04707 
11 13900 2.6796 0.000194894 7.00028 1.50474 -4.75792e-05 1.00039 44.5848 1.50474 0.504735 -0.683721 4.0764 
11 14000 2.69891 0.000194894 7.00028 1.50498 -8.86555e-05 1.00039 44.5921 1.50498 0.504984 -0.683228 4.10573 
11 14100 2.71823 0.000194894 7.00028 1.505 0.000106362 1.00039 44.5926 1.505 0.504999 -0.683199 4.13506 
11 14200 2.73736 0.000194894 7.00028 1.50501 -2.11879e-05 1.00039 44.593 1.50501 0.505013 -0.683171 4.16439 
11 14300 2.75668 0.000194894 7.00028 1.50457 0.000168871 1.00039 44.5798 1.50457 0.504567 -0.684054 4.19371 
11 14400 2.77599 0.000194894 7.00028 1.50479 6.72482e-05 1.00039 44.5864 1.50479 0.504793 -0.683608 4.22304 
11 14500 2.7953 0.000194894 7.00028 1.50464 -9.8268e-05 1.00039 44.5819 1.50464 0.504638 -0.683913 4.25237 
11 14600 2.81462 0.000194894 7.00028 1.50464 -1.15096e-05 1.00039 44.5818 1.50464 0.504637 -0.683916 4.28169 
11 14700 2.83375 0.000194894 7.00028 1.50439 8.27328e-05 1.00039 44.5745 1.50439 0.50439 -0.684406 4.31102 
11 14800 2.85307 0.000194894 7.00028 1.50469 -4.99175e-05 1.00039 44.5835 1.50469 0.504692 -0.683808 4.34035 
11 14900 2.87238 0.000194894 7.00028 1.50462 3.30015e-06 1.00039 44.5814 1.50462 0.504622 -0.683945 4.36968 
11 15000 2.89169 0.000194894 7.00028 1.50493 6.73082e-05 1.00039 44.5906 1.50493 0.504932 -0.683332 4.39901 
11 15100 2.91101 0.000194894 7.00028 1.50488 1.14717e-05 1.00039 44.5891 1.50488 0.504882 -0.68343 4.42834 
11 15200 2.93014 0.000194894 7.00028 1.50549 0.000171331 1.00039 44.6071 1.50549 0.505488 -0.68223 4.45766 
11 15300 2.94946 0.000194894 7.00028 1.50551 -0.000144531 1.00039 44.6077 1.50551 0.50551 -0.682188 4.48699 
11 15400 2.96877 0.000194894 7.00028 1.50517 -2.8107e-05 1.00039 44.5977 1.50517 0.505171 -0.682859 4.51632 
11 15500 2.98808 0.000194894 7.00028 1.50485 2.11044e-06 1.00039 44.5882 1.50485 0.504851 -0.683492 4.54564 
11 15600 3.0074 0.000194894 7.00028 1.50486 0.000102199 1.00039 44.5885 1.50486 0.504863 -0.683467 4.57497 
11 15700 3.02653 0.000194894 7.00028 1.50504 6.81699e-06 1.00039 44.5939 1.50504 0.505044 -0.683109 4.6043 
11 15800 3.04585 0.000194894 7.00028 1.50508 -0.000146903 1.00039 44.595 1.50508 0.505081 -0.683036 4.63364 
11 15900 3.06516 0.000194894 7.00028 1.50473 -0.000205705 1.00039 44.5845 1.50473 0.504727 -0.683738 4.66296 
11 16000 3.08447 0.000194894 7.00028 1.50466 0.000182294 1.00039 44.5824 1.50466 0.504655 -0.68388 4.69228 
11 16100 3.10379 0.000194894 7.00028 1.50483 9.13178e-05 1.00039 44.5876 1.50483 0.50483 -0.683533 4.72161 
11 16200 3.12292 0.000194894 7.00028 1.50462 8.99313e-05 1.00039 44.5814 1.50462 0.504622 -0.683946 4.75094 
11 16300 3.14224 0.000194894 7.00028 1.50456 0.000111875 1.00039 44.5796 1.50456 0.504561 -0.684067 4.78026 
11 16400 3.16155 0.000194894 7.00028 1.50448 4.71526e-07 1.00039 44.5773 1.50448 0.504482 -0.684223 4.80959 
11 16500 3.18086 0.000194894 7.00028 1.50478 4.18084e-06 1.00039 44.586 1.50478 0.504778 -0.683636 4.83893 
11 16600 3.2 0.000194894 7.00028 1.50486 -8.46444e-05 1.00039 44.5885 1.50486 0.504861 -0.683473 4.86826 
11 16700 3.21931 0.000194894 7.00028 1.50508 -2.33622e-05 1.00039 44.5951 1.50508 0.505083 -0.683032 4.89758 
11 16800 3.23863 0.000194894 7.00028 1.50522 -0.00019474 1.00039 44.5991 1.50522 0.505221 -0.68276 4.92691 
11 16900 3.25794 0.000194894 7.00028 1.50576 5.71522e-05 1.00039 44.6151 1.50576 0.50576 -0.681693 4.95624 
11 17000 3.27725 0.000194894 7.00028 1.5052 -1.15482e-05 1.00039 44.5984 1.5052 0.505196 -0.682809 4.98556 
11 17100 3.29639 0.000194894 7.00028 1.50495 -6.34735e-05 1.00039 44.5911 1.50495 0.504951 -0.683295 5.01488 
11 17200 3.3157 0.000194894 7.00028 1.50465 4.07883e-05 1.00039 44.5822 1.50465 0.504648 -0.683894 5.04421 
11 17300 3.33502 0.000194894 7.00028 1.50513 -1.93781e-05 1.00039 44.5966 1.50513 0.505134 -0.682931 5.07355 
11 17400 3.35433 0.000194894 7.00028 1.50507 3.2436e-05 1.00039 44.5945 1.50507 0.505066 -0.683066 5.10288 
11 17500 3.37364 0.000194894 7.00028 1.50502 0.000215219 1.00039 44.5932 1.50502 0.505021 -0.683156 5.1322 
11 17600 3.39278 0.000194894 7.00028 1.50469 -0.000189498 1.00039 44.5835 1.50469 0.504693 -0.683805 5.16153 
11 17700 3.41209 0.000194894 7.00028 1.50481 2.60789e-05 1.00039 44.587 1.50481 0.504811 -0.683571 5.19086 
11 17800 3.43141 0.000194894 7.00028 1.50462 7.24204e-05 1.00039 44.5813 1.50462 0.50462 -0.68395 5.22019 
11 17900 3.45072 0.000194894 7.00028 1.50456 0.000123034 1.00039 44.5795 1.50456 0.504557 -0.684075 5.24951 
11 18000 3.47003 0.000194894 7.00028 1.50451 -1.17073e-05 1.00039 44.578 1.50451 0.504509 -0.68417 5.27884 
11 18100 3.48917 0.000194894 7.00028 1.50475 5.87132e-05 1.00039 44.5852 1.50475 0.504751 -0.683691 5.30817 
11 18200 3.50848 0.000194894 7.00028 1.50472 8.43061e-05 1.00039 44.5842 1.50472 0.504718 -0.683756 5.3375 
11 18300 3.5278 0.000194894 7.00028 1.50506 -0.000130065 1.00039 44.5944 1.50506 0.50506 -0.683078 5.36683 
11 18400 3.54711 0.000194894 7.00028 1.50529 -0.000194617 1.00039 44.6011 1.50529 0.505288 -0.682627 5.39616 
11 18500 3.56642 0.000194894 7.00028 1.50568 1.27579e-05 1.00039 44.6128 1.50568 0.50568 -0.68185 5.42548 
11 18600 3.58556 0.000194894 7.00028 1.5054 -6.82197e-05 1.00039 44.6044 1.5054 0.505397 -0.682411 5.45481 
11 18700 3.60487 0.000194894 7.00028 1.50485 -1.96977e-05 1.00039 44.5882 1.50485 0.504853 -0.683488 5.48413 
11 18800 3.62419 0.000194894 7.00028 1.50484 3.77774e-05 1.00039 44.5877 1.50484 0.504835 -0.683523 5.51346 
11 18900 3.6435 0.000194894 7.00028 1.50494 -6.93558e-05 1.00039 44.5909 1.50494 0.504944 -0.683307 5.54279 
11 19000 3.66281 0.000194894 7.00028 1.50492 -0.000109002 1.00039 44.5903 1.50492 0.504922 -0.683351 5.57212 
11 19100 3.68195 0.000194894 7.00028 1.50503 1.18735e-05 1.00039 44.5935 1.50503 0.505029 -0.683139 5.60145 
11 19200 3.70126 0.000194894 7.00028 1.50479 -2.97213e-05 1.00039 44.5864 1.50479 0.504789 -0.683614 5.63078 
11 19300 3.72058 0.000194894 7.00028 1.50475 0.000193904 1.00039 44.5852 1.50475 0.504749 -0.683694 5.6601 
11 19400 3.73989 0.000194894 7.00028 1.50476 -8.49136e-05 1.00039 44.5856 1.50476 0.504763 -0.683666 5.68943 
11 19500 3.7592 0.000194894 7.00028 1.5045 4.37624e-05 1.00039 44.5778 1.5045 0.504502 -0.684184 5.71875 
11 19600 3.77834 0.000194894 7.00028 1.50454 -4.34629e-05 1.00039 44.5788 1.50454 0.504536 -0.684117 5.74809 
11 19700 3.79765 0.000194894 7.00028 1.50461 -1.47661e-06 1.00039 44.5809 1.50461 0.504606 -0.683977 5.77742 
11 19800 3.81697 0.000194894 7.00028 1.50471 -2.89577e-05 1.00039 44.5839 1.50471 0.504708 -0.683775 5.80675 
11 19900 3.83628 0.000194894 7.00028 1.50494 -0.000126028 1.00039 44.5909 1.50494 0.504943 -0.683309 5.83608 
11 20000 3.85559 0.000194894 7.00028 1.50517 4.87018e-05 1.00039 44.5975 1.50517 0.505167 -0.682866 5.86541 
11 20100 3.87473 0.000194894 7.00028 1.50549 2.48062e-05 1.00039 44.6071 1.50549 0.50549 -0.682227 5.89473 
11 20200 3.89404 0.000194894 7.00028 1.50545 2.49736e-05 1.00039 44.6058 1.50545 0.505446 -0.682313 5.92406 
11 20300 3.91335 0.000194894 7.00028 1.50496 1.16747e-06 1.00039 44.5914 1.50496 0.504959 -0.683277 5.95338 
11 20400 3.93267 0.000194894 7.00028 1.50476 -5.25776e-05 1.00039 44.5853 1.50476 0.504755 -0.683682 5.98271 
11 20500 3.95198 0.000194894 7.00028 1.50492 -5.02763e-05 1.00039 44.5902 1.50492 0.504919 -0.683356 6.01204 
11 20600 3.97112 0.000194894 7.00028 1.505 4.34707e-05 1.00039 44.5926 1.505 0.505 -0.683196 6.04137 
11 20700 3.99043 0.000194894 7.00028 1.50508 0.000194303 1.00039 44.5951 1.50508 0.505083 -0.683032 6.0707 
11 20800 4.00974 0.000194894 7.00028 1.50468 -3.78386e-05 1.00039 44.5832 1.50468 0.504681 -0.683828 6.10003 
11 20900 4.02906 0.000194894 7.00028 1.50471 -0.000212506 1.00039 44.5839 1.50471 0.504706 -0.68378 6.12936 
11 21000 4.04819 0.000194894 7.00028 1.50472 0.000142426 1.00039 44.5843 1.50472 0.504721 -0.683749 6.15868 
11 21100 4.06751 0.000194894 7.00028 1.50461 -6.35352e-05 1.00039 44.5809 1.50461 0.504606 -0.683978 6.18801 
11 21200 4.08682 0.000194894 7.00028 1.5044 9.78505e-05 1.00039 44.5749 1.5044 0.504404 -0.684378 6.21734 
11 21300 4.10613 0.000194894 7.00028 1.50462 8.13791e-06 1.00039 44.5812 1.50462 0.504617 -0.683956 6.24667 
11 21400 4.12545 0.000194894 7.00028 1.5048 4.58284e-05 1.00039 44.5867 1.5048 0.504801 -0.683592 6.276 
11 21500 4.14458 0.000194894 7.00028 1.50495 -7.09284e-05 1.00039 44.5911 1.50495 0.50495 -0.683295 6.30533 
11 21600 4.1639 0.000194894 7.00028 1.50498 -0.000151883 1.00039 44.5921 1.50498 0.504982 -0.683232 6.33465 
11 21700 4.18321 0.000194894 7.00028 1.50542 -5.24318e-05 1.00039 44.6051 1.50542 0.505422 -0.682361 6.36398 
11 21800 4.20252 0.000194894 7.00028 1.50559 -0.000127101 1.00039 44.6101 1.50559 0.505592 -0.682025 6.39331 
11 21900 4.22184 0.000194894 7.00028 1.50517 7.15682e-05 1.00039 44.5977 1.50517 0.505171 -0.682857 6.42264 
11 22000 4.24097 0.000194894 7.00028 1.50484 -6.24468e-05 1.00039 44.588 1.50484 0.504844 -0.683505 6.45196 
11 22100 4.26029 0.000194894 7.00028 1.50491 -9.68272e-05 1.00039 44.59 1.50491 0.504912 -0.68337 6.48129 
11 22200 4.2796 0.000194894 7.00028 1.50511 7.55789e-05 1.00039 44.596 1.50511 0.505115 -0.682969 6.51062 
11 22300 4.29891 0.000194894 7.00028 1.50512 2.48256e-06 1.00039 44.5962 1.50512 0.505121 -0.682957 6.53996 
11 22400 4.31823 0.000194894 7.00028 1.50488 -7.35598e-06 1.00039 44.5889 1.50488 0.504876 -0.683442 6.56928 
11 22500 4.33736 0.000194894 7.00028 1.50477 -0.000174879 1.00039 44.5858 1.50477 0.504772 -0.683648 6.59861 
11 22600 4.35668 0.000194894 7.00028 1.50482 -8.19186e-06 1.00039 44.5872 1.50482 0.504818 -0.683557 6.62794 
11 22700 4.37599 0.000194894 7.00028 1.50471 -1.94181e-05 1.00039 44.5841 1.50471 0.504715 -0.683762 6.65727 
11 22800 4.3953 0.000194894 7.00028 1.50448 1.51317e-06 1.00039 44.5771 1.50448 0.504477 -0.684232 6.68659 
11 22900 4.41462 0.000194894 7.00028 1.50455 2.02367e-05 1.00039 44.5791 1.50455 0.504546 -0.684096 6.71592 
11 23000 4.43375 0.000194894 7.00028 1.50471 -1.77588e-06 1.00039 44.584 1.50471 0.504709 -0.683773 6.74525 
11 23100 4.45307 0.000194894 7.00028 1.50488 -5.69734e-05 1.00039 44.5892 1.50488 0.504884 -0.683427 6.77459 
11 23200 4.47238 0.000194894 7.00028 1.50498 5.18072e-06 1.00039 44.592 1.50498 0.504981 -0.683234 6.80391 
11 23300 4.49169 0.000194894 7.00028 1.50539 -6.25089e-06 1.00039 44.6042 1.50539 0.505392 -0.682421 6.83323 
11 23400 4.51101 0.000194894 7.00028 1.50563 -0.00021373 1.00039 44.6112 1.50563 0.505629 -0.681953 6.86256 
11 23500 4.53014 0.000194894 7.00028 1.5054 -8.44792e-05 1.00039 44.6046 1.5054 0.505405 -0.682396 6.89189 
11 23600 4.54946 0.000194894 7.00028 1.50491 6.83315e-05 1.00039 44.5898 1.50491 0.504906 -0.683384 6.92121 
11 23700 4.56877 0.000194894 7.00028 1.50476 -4.37358e-06 1.00039 44.5855 1.50476 0.504761 -0.68367 6.95054 
11 23800 4.58808 0.000194894 7.00028 1.50517 1.76023e-07 1.00039 44.5975 1.50517 0.505167 -0.682866 6.97988 
11 23900 4.6074 0.000194894 7.00028 1.50497 -2.23086e-05 1.00039 44.5916 1.50497 0.504967 -0.683263 7.00921 
11 24000 4.62653 0.000194894 7.00028 1.50507 8.96991e-06 1.00039 44.5945 1.50507 0.505065 -0.683067 7.03853 
11 24100 4.64585 0.000194894 7.00028 1.50477 -0.000189044 1.00039 44.5856 1.50477 0.504765 -0.683662 7.06786 
11 24200 4.66516 0.000194894 7.00028 1.50479 5.68723e-05 1.00039 44.5864 1.50479 0.504792 -0.68361 7.09719 
11 24300 4.68447 0.000194894 7.00028 1.50465 -3.77083e-05 1.00039 44.5823 1.50465 0.504652 -0.683886 7.12652 
11 24400 4.70379 0.000194894 7.00028 1.50465 -9.8435e-05 1.00039 44.5821 1.50465 0.504646 -0.683898 7.15584 
11 24500 4.72292 0.000194894 7.00028 1.50458 -4.28238e-05 1.00039 44.5803 1.50458 0.504584 -0.684021 7.18517 
11 24600 4.74224 0.000194894 7.00028 1.50486 1.49244e-05 1.00039 44.5883 1.50486 0.504855 -0.683484 7.21451 
11 24700 4.76155 0.000194894 7.00028 1.50481 -8.83759e-05 1.00039 44.587 1.50481 0.504813 -0.683568 7.24384 
11 24800 4.78086 0.000194894 7.00028 1.50516 1.66483e-05 1.00039 44.5973 1.50516 0.50516 -0.68288 7.27317 
11 24900 4.8 0.000194894 7.00028 1.50521 0.000185556 1.00039 44.5989 1.50521 0.505212 -0.682778 7.3025 
11 25000 4.81931 0.000194894 7.00028 1.50602 -1.02221e-05 1.00039 44.6228 1.50602 0.506018 -0.681182 7.33183 
11 25100 4.83863 0.000194894 7.00028 1.50561 -7.62884e-05 1.00039 44.6107 1.50561 0.505613 -0.681984 7.36116 
11 25200 4.85794 0.000194894 7.00028 1.50541 -0.000127759 1.00039 44.6048 1.50541 0.505411 -0.682382 7.39049 
11 25300 4.87725 0.000194894 7.00028 1.5053 -1.73718e-05 1.00039 44.6013 1.5053 0.505295 -0.682612 7.41982 
11 25400 4.89639 0.000194894 7.00028 1.50575 2.79949e-05 1.00039 44.6149 1.50575 0.505753 -0.681707 7.44917 
11 25500 4.9157 0.000194894 7.00028 1.50585 4.08661e-05 1.00039 44.6177 1.50585 0.505848 -0.681518 7.47851 
11 25600 4.93502 0.000194894 7.00028 1.50629 9.13898e-05 1.00039 44.6309 1.50629 0.506294 -0.680639 7.50787 
11 25700 4.95433 0.000194894 7.00028 1.50666 5.28073e-05 1.00039 44.6417 1.50666 0.506658 -0.679919 7.53722 
11 25800 4.97364 0.000194894 7.00028 1.50856 2.23275e-06 1.00039 44.698 1.50856 0.508557 -0.676178 7.56661 
11 25900 4.99278 0.000194894 7.00028 1.51066 4.76552e-05 1.00039 44.7604 1.51066 0.510664 -0.672044 7.59603 
11 26000 5.01209 0.000194894 7.00027 1.51562 3.24693e-05 1.0004 44.9074 1.51562 0.515624 -0.662378 7.62508 
11 26100 5.03141 0.000194894 7.00023 1.61598 -8.05921e-05 1.00048 47.8809 1.61598 0.615981 -0.484539 7.64464 
11 26200 5.05072 0.000194894 7.00016 1.63828 4.42374e-05 1.00052 48.5416 1.63828 0.638279 -0.448979 7.66092 
11 26300 5.07003 0.000194894 7.00009 1.6661 0.0332159 1.00056 49.3659 1.6661 0.666099 -0.406317 7.67548 
11 26400 5.08917 0.000194894 7.00003 1.77264 0.0128039 1.00058 52.5225 1.77264 0.772635 -0.257948 7.68858 
11 26500 5.10848 0.000194894 7 1.18979 0.00669646 1.00037 35.2529 1.18979 0.189786 -1.66186 7.69805 
11 26600 5.1278 0.000194894 7 1.217 0.0326927 1.00038 36.0593 1.217 0.217002 -1.52785 7.69805 
11 26700 5.14711 0.000194894 7 1.18396 0.0203549 1.00037 35.0804 1.18396 0.183962 -1.69303 7.69805 
11 26800 5.16642 0.000194894 7 1.15117 0.0149946 1.00037 34.1086 1.15117 0.151167 -1.88937 7.69805 
11 26900 5.18556 0.000194894 7 1.18526 0.0242737 1.00037 35.1189 1.18526 0.185264 -1.68597 7.69805 
11 27000 5.20487 0.000194894 7 1.17802 0.0200994 1.00037 34.9042 1.17802 0.178016 -1.72588 7.69805 
11 27100 5.22419 0.000194894 7 1.30458 0.0730167 1.00038 38.6541 1.30458 0.304575 -1.18884 7.69805 
11 27200 5.2435 0.000194894 7 1.16909 0.0415084 1.00037 34.6396 1.16909 0.169087 -1.77734 7.69805 
11 27300 5.26281 0.000194894 7 1.1351 0.0178458 1.00037 33.6325 1.1351 0.135097 -2.00176 7.69805 
11 27400 5.28195 0.000194894 7 1.19087 0.0291417 1.00038 35.2849 1.19087 0.190866 -1.65619 7.69805 
11 27500 5.30126 0.000194894 7 1.19203 0.0624693 1.00037 35.3193 1.19203 0.192026 -1.65013 7.69805 
11 27600 5.32058 0.000194894 7 1.12787 0.0374079 1.00038 33.4185 1.12787 0.127874 -2.05671 7.69805 
11 27700 5.33989 0.000194894 7 1.058 0.0362056 1.00037 31.3483 1.058 0.0580047 -2.84723 7.69805 
11 27800 5.3592 0.000194894 7 1.09295 0.0367728 1.00038 32.3837 1.09295 0.0929499 -2.3757 7.69805 
11 27900 5.37834 0.000194894 7 1.01419 0.0362497 1.00037 30.0502 1.01419 0.0141935 -4.25497 7.69805 
11 28000 5.39765 0.000194894 7 1.01438 0.0410781 1.00037 30.0558 1.01438 0.0143824 -4.24175 7.69805 
11 28100 5.41697 0.000194894 7 0.987002 0.0378171 1.00038 29.2445 0.987002 -0.0129977 -4.34298 7.69805 
11 28200 5.43628 0.000194894 7 1.0544 0.109298 1.00037 31.2416 1.0544 0.0544048 -2.9113 7.69805 
11 28300 5.45559 0.000194894 7 0.880942 0.0350759 1.00038 26.102 0.880942 -0.119058 -2.12815 7.69805 
11 28400 5.47473 0.000194894 7 0.796251 0.0137137 1.00038 23.5926 0.796251 -0.203749 -1.59086 7.69805 
11 28500 5.49404 0.000194894 7 0.897895 0.016515 1.00038 26.6043 0.897895 -0.102105 -2.28176 7.69805 
11 28600 5.51335 0.000194894 7 1.19303 0.0155346 1.00038 35.3491 1.19303 0.193031 -1.6449 7.69805 
11 28700 5.53267 0.000194894 7 2.78732 0.00137948 1.00038 82.5874 2.78732 1.78732 0.58072 7.69805 
11 28800 5.55198 0.000194894 7 -0.61739 0.00565323 1.00039 -18.293 -0.61739 -1.61739 0.480814 7.69805 
11 28900 5.57112 0.000194894 7 -0.618416 0.00586698 1.00039 -18.3234 -0.618416 -1.61842 0.481448 7.69805 
11 29000 5.59043 0.000194894 7 0.395358 0.00293173 1.00038 11.7143 0.395358 -0.604642 -0.503118 7.69805 
11 29100 5.60974 0.000194894 7 2.89998 0.00261177 1.00038 85.9254 2.89998 1.89998 0.641844 7.69805 
11 29200 5.62906 0.000194894 7 2.89998 0.00260672 1.00038 85.9252 2.89998 1.89998 0.641842 7.69805 
11 29300 5.64819 0.000194894 7 3.30662 0.00409981 1.00038 97.9739 3.30662 2.30662 0.835783 7.69805 
11 29400 5.66751 0.000194894 7 -0.617253 0.00564589 1.00039 -18.289 -0.617253 -1.61725 0.480729 7.69804 
11 29500 5.68682 0.000194894 7 0.285009 0.00106801 1.00038 8.4447 0.285009 -0.714991 -0.335485 7.69805 
11 29600 5.70613 0.000194894 7 3.30708 0.0047779 1.00038 97.9877 3.30708 2.30708 0.835985 7.69805 
11 29700 5.72545 0.000194894 7 -0.0998962 0.00845278 1.00039 -2.95989 -0.0998962 -1.0999 0.0952158 7.69805 
11 29800 5.74458 0.000194894 7 0.285468 0.00190696 1.00038 8.45831 0.285468 -0.714532 -0.336128 7.69805 
11 29900 5.7639 0.000194894 7 2.90111 0.0039502 1.00038 85.9588 2.90111 1.90111 0.642438 7.69805 
11 30000 5.78321 0.000194894 7 3.36397 0.00401343 1.00038 99.6732 3.36397 2.36397 0.860343 7.69805 
11 30100 5.80252 0.000194894 7 2.78866 0.000997422 1.00038 82.627 2.78866 1.78866 0.581467 7.69805 
11 30200 5.82184 0.000194894 7 -0.505179 0.00884164 1.00039 -14.9683 -0.505179 -1.50518 0.408912 7.69805 
11 30300 5.84097 0.000194894 7 0.803454 0.00636767 1.00038 23.806 0.803454 -0.196546 -1.62686 7.69805 
11 30400 5.86029 0.000194894 7 2.78942 0.00330619 1.00038 82.6496 2.78942 1.78942 0.581893 7.69805 
11 30500 5.8796 0.000194894 7 3.30796 0.0073955 1.00038 98.0135 3.30796 2.30796 0.836363 7.69805 
11 30600 5.89891 0.000194894 7 -0.61756 0.00854662 1.00039 -18.2981 -0.61756 -1.61756 0.480919 7.69805 
11 30700 5.91823 0.000194894 7 0.285477 0.00502901 1.00038 8.45858 0.285477 -0.714523 -0.33614 7.69804 
11 30800 5.93736 0.000194894 7 2.90279 0.00816494 1.00038 86.0086 2.90279 1.90279 0.643321 7.69805 
11 30900 5.95668 0.000194894 7 0.399088 0.00876029 1.00038 11.8248 0.399088 -0.600912 -0.509307 7.69805 
11 31000 5.97599 0.000194894 7 2.9025 0.00803674 1.00038 86.0001 2.9025 1.9025 0.64317 7.69805 
11 31100 5.9953 0.000194894 7 -0.618352 0.0105042 1.00039 -18.3215 -0.618352 -1.61835 0.481408 7.69805 
11 31200 6.01462 0.000194894 7 -0.506992 0.014136 1.00039 -15.022 -0.506992 -1.50699 0.410116 7.69805 
11 31300 6.03375 0.000194894 7 0.396834 0.0127162 1.00038 11.7581 0.396834 -0.603166 -0.505563 7.69805 
11 31400 6.05307 0.000194894 7 0.800138 0.0114145 1.00038 23.7078 0.800138 -0.199862 -1.61013 7.69805 
11 31500 6.07238 0.000194894 7 -0.10838 0.0155164 1.00039 -3.21126 -0.10838 -1.10838 0.102899 7.69805 
11 31600 6.09169 0.000194894 7 0.796015 0.0152981 1.00038 23.5856 0.796015 -0.203985 -1.58971 7.69805 
11 31700 6.11101 0.000194894 7 2.78997 0.0129776 1.00038 82.6659 2.78997 1.78997 0.582202 7.69805 
11 31800 6.13014 0.000194894 7 1.22133 0.0152913 1.00039 36.1877 1.22133 0.221334 -1.50808 7.69805 
11 31900 6.14946 0.000194894 7 1.37652 0.0173839 1.00039 40.7859 1.37652 0.376523 -0.976775 7.69805 
11 32000 6.16877 0.000194894 7 1.74958 0.0121285 1.00038 51.8394 1.74958 0.749578 -0.288244 7.69805 
11 32100 6.18808 0.000194894 7 1.35639 0.0136311 1.00039 40.1893 1.35639 0.35639 -1.03173 7.69805 
11 32200 6.2074 0.000194894 7 1.74377 0.0132128 1.00039 51.6672 1.74377 0.743768 -0.296026 7.69805 
11 32300 6.22653 0.000194894 7 -0.889721 0.231738 1.0004 -26.3621 -0.889721 -1.88972 0.636429 7.69805 
11 32400 6.24585 0.000194894 7 2.08461 0.0424402 1.00038 61.7663 2.08461 1.08461 0.0812225 7.69805 
11 32500 6.26516 0.000194894 7 -0.490693 0.232995 1.0004 -14.5391 -0.490693 -1.49069 0.399241 7.69805 
11 32600 6.28447 0.000194894 7 3.02419 0.186931 1.00038 89.6057 3.02419 2.02419 0.70517 7.69805 
11 32700 6.30379 0.000194894 7 1.25014 0.00825546 1.00038 37.0412 1.25014 0.250139 -1.38574 7.69805 
11 32800 6.32292 0.000194894 7 1.33519 0.00904667 1.00039 39.5613 1.33519 0.335194 -1.09305 7.69805 
11 32900 6.34224 0.000194894 7 2.83311 -0.0884024 1.00038 83.944 2.83311 1.83311 0.606014 7.69805 
11 33000 6.36155 0.000194894 7 1.3333 0.00819891 1.0004 39.5052 1.3333 0.3333 -1.09871 7.69805 
11 33100 6.38086 0.000194894 7 1.74147 0.011686 1.00039 51.5992 1.74147 0.741472 -0.299118 7.69805 
11 33200 6.4 0.000194894 7 1.38403 0.014489 1.00038 41.0084 1.38403 0.384033 -0.957027 7.69805 
11 33300 6.41931 0.000194894 7 0.306037 -0.0667473 1.00038 9.06776 0.306037 -0.693963 -0.365337 7.69805 
11 33400 6.43863 0.000194894 7 1.33457 0.0108179 1.00039 39.5427 1.33457 0.334566 -1.09492 7.69805 
11 33500 6.45794 0.000194894 7 1.73814 0.00770474 1.00039 51.5004 1.73814 0.738139 -0.303624 7.69805 
11 33600 6.47725 0.000194894 7 1.2211 0.00799945 1.00039 36.1807 1.2211 0.221098 -1.50915 7.69805 
11 33700 6.49639 0.000194894 7 1.26784 0.00995213 1.00038 37.5657 1.26784 0.267841 -1.31736 7.69805 
11 33800 6.5157 0.000194894 7 1.22143 0.00858238 1.00039 36.1904 1.22143 0.221426 -1.50767 7.69805 
11 33900 6.53502 0.000194894 7 -0.696817 0.03305 1.00038 -20.6464 -0.696817 -1.69682 0.528754 7.69805 
11 34000 6.55433 0.000194894 7 -0.591936 0.235572 1.0004 -17.5388 -0.591936 -1.59194 0.464951 7.69805 
11 34100 6.57364 0.000194894 7 0.172873 -0.0686042 1.00038 5.12215 0.172873 -0.827127 -0.189797 7.69805 
11 34200 6.59278 0.000194894 7 -1.11296 0.23671 1.0004 -32.9767 -1.11296 -2.11296 0.748091 7.69805 
11 34300 6.61209 0.000194894 7 1.36269 0.0118843 1.00038 40.3759 1.36269 0.362686 -1.01422 7.69805 
11 34400 6.63141 0.000194894 7 1.58618 0.0425932 1.00038 46.9978 1.58618 0.586176 -0.534135 7.69805 
11 34500 6.65072 0.000194894 7 -1.01958 -0.245064 1.00039 -30.2098 -1.01958 -2.01958 0.70289 7.69805 
11 34600 6.67003 0.000194894 7 -0.615748 0.238366 1.0004 -18.2444 -0.615748 -1.61575 0.479798 7.69805 
11 34700 6.68917 0.000194894 7 1.74098 0.00566629 1.00039 51.5845 1.74098 0.740978 -0.299784 7.69805 
11 34800 6.70848 0.000194894 7 1.2255 0.000977566 1.00039 36.311 1.2255 0.225495 -1.48946 7.69805 
11 34900 6.7278 0.000194894 7 2.99499 -0.0920069 1.00038 88.7403 2.99499 1.99499 0.690637 7.69805 
11 35000 6.74711 0.000194894 7 1.33191 0.00921195 1.00039 39.464 1.33191 0.331911 -1.10289 7.69805 
11 35100 6.76642 0.000194894 7 1.47641 0.0197198 1.00038 43.7456 1.47641 0.476413 -0.741471 7.69805 
11 35200 6.78556 0.000194894 7 3.48423 0.191317 1.00038 103.236 3.48423 2.48423 0.909961 7.69805 
11 35300 6.80487 0.000194894 7 -1.14778 0.235741 1.0004 -34.0084 -1.14778 -2.14778 0.764436 7.69805 
11 35400 6.82419 0.000194894 7 3.00319 -0.0874824 1.00038 88.9833 3.00319 2.00319 0.69474 7.69805 
11 35500 6.8435 0.000194894 7 1.33692 0.0106609 1.00039 39.6123 1.33692 0.336917 -1.08792 7.69805 
11 35600 6.86281 0.000194894 7 -0.722831 0.0233306 1.00039 -21.4172 -0.722831 -1.72283 0.543969 7.69805 
11 35700 6.88195 0.000194894 7 1.67137 0.0449198 1.00038 49.5222 1.67137 0.671373 -0.39843 7.69805 
11 35800 6.90126 0.000194894 7 1.36881 0.0175756 1.00037 40.5573 1.36881 0.368809 -0.997475 7.69805 
11 35900 6.92058 0.000194894 7 -0.627948 -0.00188929 1.00038 -18.6059 -0.627948 -1.62795 0.48732 7.69805 
11 36000 6.93989 0.000194894 7 -0.472654 -0.036622 1.00039 -14.0046 -0.472654 -1.47265 0.387066 7.69805 
11 36100 6.9592 0.000194894 7 0.676582 -0.0530341 1.00038 20.0469 0.676582 -0.323418 -1.12881 7.69805 
11 36200 6.97834 0.000194894 7 -0.751892 -0.0210672 1.00039 -22.2783 -0.751892 -1.75189 0.560696 7.69805 
11 36300 6.99765 0.000194894 7 0.165352 -0.0584791 1.00038 4.89931 0.165352 -0.834648 -0.180745 7.69805 
11 36400 7.01697 0.000194894 7 2.99871 0.186293 1.00038 88.8506 2.99871 1.99871 0.6925 7.69805 
11 36500 7.03628 0.000194894 7 -0.645619 -0.0138565 1.00039 -19.1294 -0.645619 -1.64562 0.498116 7.69805 
11 36600 7.05559 0.000194894 7 0.147593 -0.0585609 1.00038 4.37314 0.147593 -0.852407 -0.159692 7.69805 
11 36700 7.07473 0.000194894 7 -1.22979 -0.263587 1.0004 -36.4383 -1.22979 -2.22979 0.801908 7.69805 
11 36800 7.09404 0.000194894 7 1.43115 0.0113642 1.00038 42.4045 1.43115 0.431151 -0.841296 7.69805 
11 36900 7.11335 0.000194894 7 0.359599 -0.134344 1.00039 10.6548 0.359599 -0.640401 -0.44566 7.69805 
11 37000 7.13267 0.000194894 7 3.44286 -0.094553 1.00038 102.011 3.44286 2.44286 0.893171 7.69805 
11 37100 7.15198 0.000194894 7 -0.659116 -0.0175675 1.00039 -19.5294 -0.659116 -1.65912 0.506285 7.69805 
11 37200 7.17112 0.000194894 7 3.06149 -0.0960472 1.00038 90.7109 3.06149 2.06149 0.723431 7.69805 
11 37300 7.19043 0.000194894 7 0.670402 -0.0543303 1.00038 19.8637 0.670402 -0.329598 -1.10988 7.69805 
11 37400 7.20974 0.000194894 7 0.257494 -0.0585065 1.00038 7.62945 0.257494 -0.742506 -0.297724 7.69805 
11 37500 7.22906 0.000194894 7 0.685571 -0.0571004 1.00038 20.3132 0.685571 -0.314429 -1.157 7.69805 
11 37600 7.24819 0.000194894 7 0.815657 -0.0891358 1.00038 24.1676 0.815657 -0.184343 -1.69096 7.69805 
11 37700 7.26751 0.000194894 7 -0.665208 -0.0210218 1.00039 -19.7099 -0.665208 -1.66521 0.50995 7.69805 
11 37800 7.28682 0.000194894 7 0.26573 -0.0568748 1.00038 7.87347 0.26573 -0.73427 -0.308878 7.69805 
11 37900 7.30613 0.000194894 7 0.302128 -0.102068 1.00038 8.95195 0.302128 -0.697872 -0.35972 7.69805 
11 38000 7.32545 0.000194894 7 1.36441 0.0070258 1.00038 40.427 1.36441 0.36441 -1.00948 7.69805 
11 38100 7.34458 0.000194894 7 4.00417 -0.229818 1.00039 118.642 4.00417 3.00417 1.1 7.69805 
11 38200 7.3639 0.000194894 7 3.05222 -0.0974223 1.00038 90.4361 3.05222 2.05222 0.718921 7.69805 
11 38300 7.38321 0.000194894 7 3.05338 -0.0995583 1.00038 90.4706 3.05338 2.05338 0.719488 7.69805 
11 38400 7.40252 0.000194894 7 -0.268704 -0.016389 1.00039 -7.96161 -0.268704 -1.2687 0.237996 7.69805 
11 38500 7.42184 0.000194894 7 3.45317 -0.0995455 1.00038 102.316 3.45317 2.45317 0.897382 7.69805 
11 38600 7.44097 0.000194894 7 2.95103 -0.129234 1.00038 87.4378 2.95103 1.95103 0.668355 7.69805 
11 38700 7.46029 0.000194894 7 1.34567 0.00444246 1.00039 39.8716 1.34567 0.345668 -1.06228 7.69805 
11 38800 7.4796 0.000194894 7 3.05588 -0.0991461 1.00038 90.5445 3.05588 2.05588 0.720702 7.69805 
11 38900 7.49891 0.000194894 7 -1.04247 -0.22743 1.00039 -30.8879 -1.04247 -2.04247 0.714159 7.69805 
11 39000 7.51823 0.000194894 7 0.64953 -0.0578955 1.00038 19.2453 0.64953 -0.35047 -1.04848 7.69805 
11 39100 7.53736 0.000194894 7 1.34344 0.00530746 1.00039 39.8057 1.34344 0.343441 -1.06874 7.69805 
11 39200 7.55668 0.000194894 7 -0.791925 -0.024571 1.00039 -23.4644 -0.791925 -1.79192 0.58329 7.69805 
11 39300 7.57599 0.000194894 7 1.74007 0.00805945 1.00039 51.5575 1.74007 0.740067 -0.301014 7.69805 
11 39400 7.5953 0.000194894 7 0.506475 -0.1409 1.00038 15.0067 0.506475 -0.493525 -0.706181 7.69805 
11 39500 7.61462 0.000194894 7 -0.247896 -0.0201839 1.00039 -7.34506 -0.247896 -1.2479 0.221459 7.69805 
11 39600 7.63375 0.000194894 7 -0.276196 -0.0220975 1.00039 -8.18357 -0.276196 -1.2762 0.243883 7.69805 
11 39700 7.65307 0.000194894 7 1.5274 0.0342203 1.00038 45.2564 1.5274 0.527404 -0.639789 7.69805 
11 39800 7.67238 0.000194894 7 2.87448 0.152795 1.00039 85.1698 2.87448 1.87448 0.628331 7.69805 
11 39900 7.69169 0.000194894 7 1.35093 0.00839936 1.00038 40.0274 1.35093 0.350926 -1.04718 7.69805 
11 40000 7.71101 0.000194894 7 2.76334 -0.192482 1.00038 81.8767 2.76334 1.76334 0.567209 7.69805 
11 40100 7.73014 0.000194894 7 3.50528 -0.125498 1.00038 103.86 3.50528 2.50528 0.9184 7.69805 
11 40200 7.74946 0.000194894 7 1.63393 0.0406254 1.00038 48.4126 1.63393 0.633925 -0.455824 7.69805 
11 40300 7.76877 0.000194894 7 3.06647 -0.0935004 1.00039 90.8585 3.06647 2.06647 0.725844 7.69805 
11 40400 7.78808 0.000194894 7 0.244754 -0.0567032 1.00038 7.25196 0.244754 -0.755246 -0.280711 7.69805 
11 40500 7.8074 0.000194894 7 -0.686884 -0.0206658 1.00039 -20.3521 -0.686884 -1.68688 0.522883 7.69805 
11 40600 7.82653 0.000194894 7 3.03178 -0.11852 1.00038 89.8305 3.03178 2.03178 0.708912 7.69805 
11 40700 7.84585 0.000194894 7 0.291078 -0.103257 1.00038 8.62452 0.291078 -0.708922 -0.344009 7.69805 
11 40800 7.86516 0.000194894 7 -1.09259 -0.220911 1.0004 -32.373 -1.09259 -2.09259 0.738402 7.69805 
11 40900 7.88447 0.000194894 7 0.47215 -0.114203 1.00038 13.9896 0.47215 -0.52785 -0.638942 7.69805 
11 41000 7.90379 0.000194894 7 0.542501 -0.14458 1.00038 16.0741 0.542501 -0.457499 -0.781981 7.69805 
11 41100 7.92292 0.000194894 7 3.07481 -0.127978 1.00038 91.1055 3.07481 2.07481 0.729869 7.69805 
11 41200 7.94224 0.000194894 7 2.964 -0.0691182 1.00038 87.8223 2.964 1.964 0.674985 7.69805 
11 41300 7.96155 0.000194894 7 3.47125 -0.103416 1.00038 102.852 3.47125 2.47125 0.904724 7.69805 
11 41400 7.98086 0.000194894 7 0.636679 -0.0653448 1.00038 18.8646 0.636679 -0.363321 -1.01247 7.69805 
