11 0 0 0.000217898 7.00028 1.49158 0 1.00003 44.195 1.49158 0.49158 -0.71013 -2.31858e-07 
11 100 0.0428949 0.000435795 7.00028 1.50567 -1.28991e-06 1.00029 44.6126 1.50567 0.505674 -0.681863 0.0651078 
11 200 0.0861011 0.000435795 7.00028 1.5057 -2.43146e-06 1.0003 44.6134 1.5057 0.505702 -0.681807 0.130735 
11 300 0.129307 0.000435795 7.00028 1.50595 6.53876e-06 1.0003 44.6209 1.50595 0.505954 -0.68131 0.196355 
11 400 0.172638 0.000435795 7.00028 1.50531 -4.14787e-06 1.0003 44.6017 1.50531 0.505309 -0.682586 0.261953 
11 500 0.215844 0.000435795 7.00028 1.50566 2.27521e-06 1.0003 44.6121 1.50566 0.505657 -0.681897 0.32755 
11 600 0.259051 0.000435795 7.00028 1.50662 4.92356e-06 1.0003 44.6407 1.50662 0.506624 -0.679986 0.393167 
11 700 0.302381 0.000435795 7.00028 1.50608 -3.94719e-06 1.0003 44.6247 1.50608 0.506084 -0.681052 0.458778 
11 800 0.345587 0.000435795 7.00028 1.50559 -2.02146e-05 1.0003 44.61 1.50559 0.505587 -0.682035 0.524384 
11 900 0.388794 0.000435795 7.00028 1.50487 5.11536e-07 1.0003 44.5889 1.50487 0.504875 -0.683445 0.589992 
11 1000 0.432 0.000435795 7.00028 1.50505 -9.38648e-06 1.0003 44.5941 1.50505 0.505051 -0.683095 0.655591 
11 1100 0.475331 0.000435795 7.00028 1.50563 -1.63014e-05 1.0003 44.6111 1.50563 0.505625 -0.681959 0.721204 
11 1200 0.518537 0.000435795 7.00028 1.50566 -5.95256e-06 1.0003 44.6123 1.50566 0.505664 -0.681882 0.786809 
11 1300 0.561743 0.000435795 7.00028 1.50556 3.03489e-05 1.0003 44.6091 1.50556 0.505556 -0.682096 0.852422 
11 1400 0.605074 0.000435795 7.00028 1.50552 4.62612e-06 1.0003 44.6081 1.50552 0.505524 -0.682159 0.918039 
11 1500 0.64828 0.000435795 7.00028 1.50606 1.49628e-05 1.0003 44.6239 1.50606 0.506056 -0.681108 0.983654 
11 1600 0.691486 0.000435795 7.00028 1.50708 2.71916e-06 1.0003 44.6542 1.50708 0.507078 -0.679091 1.04928 
11 1700 0.734817 0.000435795 7.00028 1.5066 8.19764e-06 1.0003 44.6399 1.5066 0.506597 -0.680039 1.1149 
11 1800 0.778023 0.000435795 7.00028 1.50601 1.39239e-05 1.0003 44.6224 1.50601 0.506008 -0.681204 1.18054 
11 1900 0.82123 0.000435795 7.00028 1.50566 8.71624e-06 1.0003 44.6122 1.50566 0.505661 -0.681888 1.24617 
11 2000 0.864436 0.000435795 7.00028 1.50601 3.57704e-06 1.0003 44.6226 1.50601 0.506013 -0.681194 1.3118 
11 2100 0.907766 0.000435795 7.00028 1.50653 -3.88689e-06 1.0003 44.638 1.50653 0.506534 -0.680164 1.37744 
11 2200 0.950973 0.000435795 7.00028 1.5065 -2.42152e-06 1.0003 44.637 1.5065 0.506499 -0.680232 1.44308 
11 2300 0.994179 0.000435795 7.00028 1.50641 1.58374e-05 1.0003 44.6345 1.50641 0.506415 -0.680399 1.50873 
11 2400 1.03751 0.000435795 7.00028 1.50641 -1.09134e-05 1.0003 44.6345 1.50641 0.506413 -0.680402 1.57437 
11 2500 1.08072 0.000435795 7.00028 1.50692 -1.13109e-05 1.0003 44.6494 1.50692 0.506917 -0.679408 1.64003 
11 2600 1.12392 0.000435795 7.00028 1.50761 3.14873e-06 1.0003 44.67 1.50761 0.507614 -0.678035 1.70569 
11 2700 1.16725 0.000435795 7.00028 1.50722 -8.72311e-06 1.0003 44.6584 1.50722 0.507222 -0.678807 1.77134 
11 2800 1.21046 0.000435795 7.00028 1.50689 1.33746e-05 1.0003 44.6487 1.50689 0.506892 -0.679457 1.837 
11 2900 1.25367 0.000435795 7.00028 1.50616 2.0514e-06 1.0003 44.6271 1.50616 0.506164 -0.680894 1.90266 
11 3000 1.29687 0.000435795 7.00028 1.50642 -3.87053e-06 1.0003 44.6346 1.50642 0.506417 -0.680394 1.96832 
11 3100 1.3402 0.000435795 7.00028 1.50693 9.73095e-06 1.0003 44.6499 1.50693 0.506934 -0.679375 2.03398 
11 3200 1.38341 0.000435795 7.00028 1.50671 -4.70222e-06 1.0003 44.6433 1.50671 0.506711 -0.679815 2.09964 
11 3300 1.42661 0.000435795 7.00028 1.50676 -1.03148e-05 1.0003 44.6446 1.50676 0.506756 -0.679726 2.1653 
11 3400 1.46995 0.000435795 7.00028 1.50666 -1.85648e-06 1.0003 44.6416 1.50666 0.506655 -0.679925 2.23096 
11 3500 1.51315 0.000435795 7.00028 1.50739 7.30586e-07 1.0003 44.6634 1.50739 0.50739 -0.678474 2.29663 
11 3600 1.55636 0.000435795 7.00028 1.5081 2.30403e-06 1.0003 44.6844 1.5081 0.508097 -0.677083 2.36229 
11 3700 1.59969 0.000435795 7.00028 1.50764 5.29665e-07 1.0003 44.6708 1.50764 0.50764 -0.677983 2.42796 
11 3800 1.64289 0.000435795 7.00028 1.5068 -2.62578e-06 1.0003 44.6461 1.5068 0.506805 -0.67963 2.49363 
11 3900 1.6861 0.000435795 7.00028 1.5063 3.64705e-06 1.0003 44.631 1.5063 0.506295 -0.680635 2.55929 
11 4000 1.72931 0.000435795 7.00028 1.50669 -5.35632e-05 1.0003 44.6426 1.50669 0.506687 -0.679862 2.62496 
11 4100 1.77264 0.000435795 7.00028 1.50721 -6.99886e-05 1.0003 44.6581 1.50721 0.507211 -0.678828 2.69063 
11 4200 1.81584 0.000435795 7.00028 1.50701 -2.00608e-06 1.0003 44.6522 1.50701 0.507012 -0.67922 2.7563 
11 4300 1.85905 0.000435795 7.00028 1.50689 -1.61789e-06 1.0003 44.6485 1.50689 0.506887 -0.679467 2.82197 
11 4400 1.90238 0.000435795 7.00028 1.50691 -1.54422e-06 1.0003 44.6491 1.50691 0.506908 -0.679425 2.88764 
11 4500 1.94559 0.000435795 7.00028 1.50743 -9.61934e-06 1.0003 44.6646 1.50743 0.50743 -0.678397 2.95331 
11 4600 1.98879 0.000435795 7.00028 1.50808 1.79673e-05 1.0003 44.6839 1.50808 0.508081 -0.677114 3.01898 
11 4700 2.032 0.000435795 7.00028 1.50748 -1.66932e-07 1.0003 44.6662 1.50748 0.507484 -0.67829 3.08466 
11 4800 2.07533 0.000435795 7.00028 1.50669 2.40957e-06 1.0003 44.6425 1.50669 0.506686 -0.679865 3.15033 
11 4900 2.11854 0.000435795 7.00028 1.50627 -1.00908e-05 1.0003 44.6303 1.50627 0.506273 -0.680679 3.216 
11 5000 2.16174 0.000435795 7.00028 1.50688 1.22073e-05 1.0003 44.6484 1.50688 0.506884 -0.679472 3.28167 
11 5100 2.20507 0.000435795 7.00028 1.50725 -2.94279e-05 1.0003 44.6593 1.50725 0.507252 -0.678748 3.34734 
11 5200 2.24828 0.000435795 7.00028 1.50698 -3.1492e-06 1.0003 44.6513 1.50698 0.506982 -0.679279 3.41302 
11 5300 2.29149 0.000435795 7.00028 1.50697 6.20026e-06 1.0003 44.6508 1.50697 0.506965 -0.679313 3.4787 
11 5400 2.33482 0.000435795 7.00028 1.50707 1.03041e-05 1.0003 44.654 1.50707 0.507073 -0.6791 3.54436 
11 5500 2.37802 0.000435795 7.00028 1.5076 1.81528e-05 1.0003 44.6695 1.5076 0.507597 -0.678067 3.61004 
11 5600 2.42123 0.000435795 7.00028 1.50806 -2.52579e-05 1.0003 44.6832 1.50806 0.508057 -0.677162 3.67571 
11 5700 2.46444 0.000435795 7.00028 1.50732 0.000154417 1.0003 44.6613 1.50732 0.507319 -0.678615 3.7414 
11 5800 2.50777 0.000435795 7.00028 1.50667 1.50975e-06 1.0003 44.6421 1.50667 0.506671 -0.679893 3.80707 
11 5900 2.55097 0.000435795 7.00028 1.50632 -1.08447e-05 1.0003 44.6318 1.50632 0.506322 -0.680583 3.87274 
11 6000 2.59418 0.000435795 7.00028 1.50705 1.56601e-05 1.0003 44.6535 1.50705 0.507055 -0.679136 3.93841 
11 6100 2.63751 0.000435795 7.00028 1.50715 -3.81569e-06 1.0003 44.6562 1.50715 0.507146 -0.678957 4.00409 
11 6200 2.68072 0.000435795 7.00028 1.50689 -1.35843e-05 1.0003 44.6486 1.50689 0.506891 -0.679459 4.06977 
11 6300 2.72392 0.000435795 7.00028 1.50703 -3.70408e-06 1.0003 44.6528 1.50703 0.507033 -0.67918 4.13544 
11 6400 2.76725 0.000435795 7.00028 1.50703 7.09041e-05 1.0003 44.6527 1.50703 0.507028 -0.679189 4.20111 
11 6500 2.81046 0.000435795 7.00028 1.50784 2.34488e-06 1.0003 44.6767 1.50784 0.507839 -0.677592 4.26679 
11 6600 2.85367 0.000435795 7.00028 1.50789 -2.42706e-07 1.0003 44.6782 1.50789 0.507889 -0.677493 4.33247 
11 6700 2.89687 0.000435795 7.00028 1.50731 -1.2974e-05 1.0003 44.661 1.50731 0.507309 -0.678634 4.39815 
11 6800 2.9402 0.000435795 7.00028 1.50663 -2.60064e-05 1.0003 44.641 1.50663 0.506633 -0.679968 4.46383 
11 6900 2.98341 0.000435795 7.00028 1.50637 -2.75264e-05 1.0003 44.633 1.50637 0.506365 -0.680497 4.52949 
11 7000 3.02661 0.000435795 7.00028 1.50709 -3.67475e-05 1.0003 44.6546 1.50709 0.507093 -0.67906 4.59517 
11 7100 3.06995 0.000435795 7.00028 1.507 2.29647e-05 1.0003 44.6519 1.507 0.507001 -0.679241 4.66084 
11 7200 3.11315 0.000435795 7.00028 1.50686 2.10847e-05 1.0003 44.6476 1.50686 0.506858 -0.679525 4.72653 
11 7300 3.15636 0.000435795 7.00028 1.50691 -8.35409e-06 1.0003 44.6492 1.50691 0.50691 -0.679421 4.7922 
11 7400 3.19969 0.000435795 7.00028 1.50728 6.36776e-06 1.0003 44.6602 1.50728 0.507283 -0.678686 4.85787 
11 7500 3.24289 0.000435795 7.00028 1.50809 1.24195e-05 1.0003 44.684 1.50809 0.508086 -0.677104 4.92355 
11 7600 3.2861 0.000435795 7.00028 1.50822 -0.000139758 1.0003 44.688 1.50822 0.508221 -0.676839 4.98922 
11 7700 3.32931 0.000435795 7.00028 1.50715 -9.00487e-06 1.0003 44.6562 1.50715 0.507146 -0.678957 5.05491 
11 7800 3.37264 0.000435795 7.00028 1.50643 6.55988e-06 1.0003 44.635 1.50643 0.50643 -0.68037 5.12058 
11 7900 3.41584 0.000435795 7.00028 1.50647 -1.31321e-05 1.0003 44.6362 1.50647 0.506472 -0.680287 5.18626 
11 8000 3.45905 0.000435795 7.00028 1.50718 4.2826e-05 1.0003 44.6573 1.50718 0.507183 -0.678884 5.25193 
11 8100 3.50238 0.000435795 7.00028 1.50706 1.07553e-05 1.0003 44.6537 1.50706 0.507062 -0.679122 5.3176 
11 8200 3.54559 0.000435795 7.00028 1.50682 2.31171e-05 1.0003 44.6467 1.50682 0.506825 -0.67959 5.38328 
11 8300 3.58879 0.000435795 7.00028 1.50719 -1.88564e-05 1.0003 44.6576 1.50719 0.507195 -0.67886 5.44896 
11 8400 3.632 0.000435795 7.00028 1.50741 4.4049e-08 1.0003 44.6641 1.50741 0.507412 -0.678432 5.51464 
11 8500 3.67533 0.000435795 7.00028 1.50809 -2.03832e-05 1.0003 44.6842 1.50809 0.508093 -0.677091 5.58031 
11 8600 3.71854 0.000435795 7.00028 1.50772 1.59318e-05 1.0003 44.6732 1.50772 0.507721 -0.677823 5.64599 
11 8700 3.76174 0.000435795 7.00028 1.50696 -2.79419e-05 1.0003 44.6506 1.50696 0.506959 -0.679326 5.71167 
11 8800 3.80507 0.000435795 7.00028 1.50639 4.81374e-06 1.0003 44.6338 1.50639 0.50639 -0.680449 5.77735 
11 8900 3.84828 0.000435795 7.00028 1.50668 1.67197e-06 1.0003 44.6425 1.50668 0.506684 -0.679867 5.84302 
11 9000 3.89149 0.000435795 7.00028 1.5074 2.08199e-05 1.0003 44.6638 1.5074 0.507402 -0.678451 5.9087 
11 9100 3.93482 0.000435795 7.00028 1.50704 1.50779e-05 1.0003 44.6532 1.50704 0.507044 -0.679157 5.97437 
11 9200 3.97802 0.000435795 7.00028 1.50715 2.06794e-05 1.0003 44.6562 1.50715 0.507147 -0.678954 6.04005 
11 9300 4.02123 0.000435795 7.00028 1.5071 -2.59615e-06 1.0003 44.6547 1.5071 0.507096 -0.679055 6.10573 
11 9400 4.06444 0.000435795 7.00028 1.50745 -2.37389e-05 1.0003 44.6653 1.50745 0.507453 -0.678352 6.17141 
11 9500 4.10777 0.000435795 7.00028 1.50814 -1.17501e-05 1.0003 44.6856 1.50814 0.508139 -0.677 6.23708 
11 9600 4.15097 0.000435795 7.00028 1.50777 1.06442e-05 1.0003 44.6747 1.50777 0.507771 -0.677725 6.30276 
11 9700 4.19418 0.000435795 7.00028 1.5068 5.52199e-06 1.0003 44.6459 1.5068 0.5068 -0.67964 6.36844 
11 9800 4.23751 0.000435795 7.00028 1.50649 -1.50028e-06 1.0003 44.6367 1.50649 0.506487 -0.680256 6.43412 
11 9900 4.28072 0.000435795 7.00028 1.5069 -1.53185e-05 1.0003 44.6488 1.5069 0.506897 -0.679447 6.4998 
11 10000 4.32392 0.000435795 7.00028 1.5074 -9.65743e-06 1.0003 44.6638 1.5074 0.507402 -0.678452 6.56547 
11 10100 4.36725 0.000435795 7.00028 1.50757 1.15636e-07 1.0003 44.6688 1.50757 0.507571 -0.678118 6.63115 
11 10200 4.41046 0.000435795 7.00028 1.5071 -8.35727e-06 1.0003 44.6547 1.5071 0.507096 -0.679054 6.69683 
11 10300 4.45367 0.000435795 7.00028 1.5071 1.02828e-05 1.0003 44.655 1.5071 0.507105 -0.679037 6.7625 
11 10400 4.49687 0.000435795 7.00028 1.50756 6.06797e-06 1.0003 44.6685 1.50756 0.507561 -0.678139 6.82819 
11 10500 4.5402 0.000435795 7.00028 1.50819 5.01268e-06 1.0003 44.6872 1.50819 0.508195 -0.676891 6.89386 
11 10600 4.58341 0.000435795 7.00028 1.50746 -2.38578e-05 1.0003 44.6655 1.50746 0.50746 -0.678338 6.95954 
11 10700 4.62661 0.000435795 7.00028 1.50684 -2.125e-05 1.0003 44.6472 1.50684 0.506842 -0.679556 7.02523 
11 10800 4.66995 0.000435795 7.00028 1.50646 -5.14269e-07 1.0003 44.6359 1.50646 0.506462 -0.680306 7.0909 
11 10900 4.71315 0.000435795 7.00028 1.50698 -8.86724e-06 1.0003 44.6514 1.50698 0.506984 -0.679276 7.15658 
11 11000 4.75636 0.000435795 7.00028 1.5075 -4.23311e-05 1.0003 44.6666 1.5075 0.507499 -0.678261 7.22225 
11 11100 4.79969 0.000435795 7.00028 1.50722 2.26514e-06 1.0003 44.6584 1.50722 0.50722 -0.678809 7.28794 
11 11200 4.84289 0.000435795 7.00028 1.50715 1.0156e-05 1.0003 44.6563 1.50715 0.50715 -0.678948 7.35362 
11 11300 4.8861 0.000435795 7.00028 1.50741 8.23316e-06 1.0003 44.6641 1.50741 0.507412 -0.678433 7.41931 
11 11400 4.92931 0.000435795 7.00028 1.50863 1.0654e-05 1.0003 44.7002 1.50863 0.508633 -0.676029 7.48501 
11 11500 4.97264 0.000435795 7.00028 1.51078 -8.93542e-05 1.0003 44.7638 1.51078 0.510778 -0.671819 7.55076 
11 11600 5.01584 0.000435795 7.00028 1.51621 3.42446e-06 1.0003 44.9248 1.51621 0.516212 -0.661238 7.61669 
11 11700 5.05905 0.000435795 7.00018 1.5492 5.55288e-05 1.00031 45.9022 1.5492 0.549199 -0.599294 7.65909 
11 11800 5.10238 0.000435795 7.00003 1.44298 5.87547e-05 1.00028 42.7549 1.44298 0.442977 -0.814237 7.69063 
11 11900 5.14559 0.000435795 7.00001 1.47075 0.0111851 1.0003 43.5778 1.47075 0.47075 -0.753429 7.69805 
11 12000 5.18879 0.000435795 7.00001 1.4403 0.00579865 1.0003 42.6757 1.4403 0.440304 -0.82029 7.69805 
11 12100 5.232 0.000435795 7.00001 1.44199 0.00134379 1.0003 42.7255 1.44199 0.441985 -0.816478 7.69805 
11 12200 5.27533 0.000435795 7.00001 1.43921 0.00365661 1.0003 42.6432 1.43921 0.439207 -0.822784 7.69805 
11 12300 5.31854 0.000435795 7.00001 1.46064 -0.00748495 1.0003 43.2782 1.46064 0.46064 -0.775139 7.69805 
11 12400 5.36174 0.000435795 7.00001 1.46159 0.00876442 1.0003 43.3065 1.46159 0.461594 -0.773069 7.69805 
11 12500 5.40507 0.000435795 7.00001 1.46124 -0.00748597 1.0003 43.296 1.46124 0.461239 -0.773839 7.69805 
11 12600 5.44828 0.000435795 7.00001 1.4437 -0.000507635 1.0003 42.7762 1.4437 0.443697 -0.812613 7.69805 
11 12700 5.49149 0.000435795 7.00001 1.46077 -0.00676241 1.0003 43.2819 1.46077 0.460766 -0.774866 7.69805 
11 12800 5.53482 0.000435795 7.00001 1.44393 -0.000232577 1.0003 42.7832 1.44393 0.443933 -0.812081 7.69805 
11 12900 5.57802 0.000435795 7.00001 1.46047 -0.00680898 1.0003 43.2732 1.46047 0.460472 -0.775504 7.69805 
11 13000 5.62123 0.000435795 7.00001 1.44478 -0.000915601 1.0003 42.8084 1.44478 0.444784 -0.810166 7.69805 
11 13100 5.66444 0.000435795 7.00001 1.46124 -0.0106904 1.0003 43.2961 1.46124 0.461243 -0.773829 7.69805 
11 13200 5.70777 0.000435795 7.00001 1.46407 0.00830838 1.0003 43.3797 1.46407 0.464066 -0.767729 7.69805 
11 13300 5.75097 0.000435795 7.00001 1.45929 0.0103689 1.0003 43.2384 1.45929 0.459295 -0.778063 7.69805 
11 13400 5.79418 0.000435795 7.00001 1.44003 0.00125066 1.00029 42.6677 1.44003 0.440033 -0.820905 7.69805 
11 13500 5.83751 0.000435795 7.00001 1.44452 0.000154229 1.0003 42.8006 1.44452 0.444519 -0.810762 7.69805 
11 13600 5.88072 0.000435795 7.00001 1.46287 0.0076238 1.0003 43.3442 1.46287 0.462867 -0.770316 7.69805 
11 13700 5.92392 0.000435795 7.00001 1.4452 0.000338339 1.0003 42.8206 1.4452 0.445196 -0.80924 7.69805 
11 13800 5.96725 0.000435795 7.00001 1.44212 0.00401036 1.0003 42.7294 1.44212 0.442117 -0.81618 7.69805 
11 13900 6.01046 0.000435795 7.00001 1.44541 0.00103025 1.0003 42.827 1.44541 0.445412 -0.808756 7.69805 
11 14000 6.05367 0.000435795 7.00001 1.46377 -0.00831507 1.0003 43.371 1.46377 0.463771 -0.768365 7.69805 
11 14100 6.09687 0.000435795 7.00001 1.44539 0.000391203 1.0003 42.8263 1.44539 0.445388 -0.80881 7.69805 
11 14200 6.1402 0.000435795 7.00001 1.46152 -0.00584732 1.0003 43.3042 1.46152 0.461516 -0.773238 7.69805 
11 14300 6.18341 0.000435795 7.00001 1.44517 2.20637e-05 1.0003 42.82 1.44517 0.445175 -0.809288 7.69805 
11 14400 6.22661 0.000435795 7.00001 1.44381 0.001276 1.0003 42.7795 1.44381 0.443808 -0.812363 7.69805 
11 14500 6.26995 0.000435795 7.00001 1.46171 -0.00598272 1.0003 43.3098 1.46171 0.461706 -0.772827 7.69805 
11 14600 6.31315 0.000435795 7.00001 1.44484 0.000254303 1.0003 42.8102 1.44484 0.444843 -0.810034 7.69805 
11 14700 6.35636 0.000435795 7.00001 1.44368 -0.000595614 1.0003 42.7758 1.44368 0.443683 -0.812645 7.69805 
11 14800 6.39969 0.000435795 7.00001 1.45985 -0.0108534 1.0003 43.2549 1.45985 0.459854 -0.776847 7.69805 
11 14900 6.44289 0.000435795 7.00001 1.4431 4.22599e-06 1.0003 42.7586 1.4431 0.443102 -0.813955 7.69805 
11 15000 6.4861 0.000435795 7.00001 1.46245 0.00651183 1.0003 43.3317 1.46245 0.462446 -0.771226 7.69805 
11 15100 6.52931 0.000435795 7.00001 1.44321 -0.000635596 1.0003 42.7619 1.44321 0.443214 -0.813702 7.69805 
11 15200 6.57264 0.000435795 7.00001 1.44512 -0.000730014 1.0003 42.8184 1.44512 0.44512 -0.809411 7.69805 
11 15300 6.61584 0.000435795 7.00001 1.46288 -0.00719444 1.0003 43.3447 1.46288 0.462884 -0.770278 7.69805 
11 15400 6.65905 0.000435795 7.00001 1.44393 0.00069232 1.0003 42.7832 1.44393 0.443934 -0.812079 7.69805 
11 15500 6.70238 0.000435795 7.00001 1.44303 0.00272974 1.0003 42.7565 1.44303 0.443031 -0.814116 7.69805 
11 15600 6.74559 0.000435795 7.00001 1.4413 -0.00435504 1.0003 42.7053 1.4413 0.441302 -0.818025 7.69805 
11 15700 6.78879 0.000435795 7.00001 1.44341 0.000442545 1.0003 42.7678 1.44341 0.443415 -0.813249 7.69805 
11 15800 6.832 0.000435795 7.00001 1.46238 0.00819597 1.0003 43.3298 1.46238 0.46238 -0.771368 7.69805 
11 15900 6.87533 0.000435795 7.00001 1.44451 -0.00095918 1.0003 42.8004 1.44451 0.444514 -0.810774 7.69805 
11 16000 6.91854 0.000435795 7.00001 1.44401 0.000476434 1.0003 42.7855 1.44401 0.44401 -0.811909 7.69805 
11 16100 6.96174 0.000435795 7.00001 1.44366 0.000678755 1.0003 42.775 1.44366 0.443657 -0.812703 7.69805 
11 16200 7.00507 0.000435795 7.00001 1.46264 -0.00697106 1.0003 43.3374 1.46264 0.462639 -0.770809 7.69805 
11 16300 7.04828 0.000435795 7.00001 1.462 0.00700913 1.0003 43.3184 1.462 0.461996 -0.7722 7.69805 
11 16400 7.09149 0.000435795 7.00001 1.44227 0.00269229 1.0003 42.7339 1.44227 0.44227 -0.815835 7.69805 
11 16500 7.13482 0.000435795 7.00001 1.44501 -4.61328e-06 1.0003 42.8151 1.44501 0.44501 -0.809659 7.69805 
11 16600 7.17802 0.000435795 7.00001 1.44689 0.00102765 1.0003 42.8707 1.44689 0.446888 -0.805448 7.69805 
11 16700 7.22123 0.000435795 7.00001 1.45974 -0.0107362 1.0003 43.2515 1.45974 0.459738 -0.777099 7.69805 
11 16800 7.26444 0.000435795 7.00001 1.44524 -0.000429822 1.0003 42.822 1.44524 0.445243 -0.809135 7.69805 
11 16900 7.30777 0.000435795 7.00001 1.44424 0.00116378 1.0003 42.7923 1.44424 0.444242 -0.811387 7.69805 
11 17000 7.35097 0.000435795 7.00001 1.44453 -0.000390723 1.0003 42.8009 1.44453 0.444529 -0.810739 7.69805 
11 17100 7.39418 0.000435795 7.00001 1.44238 -0.00340943 1.0003 42.7373 1.44238 0.442385 -0.815575 7.69805 
11 17200 7.43751 0.000435795 7.00001 1.44476 0.000485223 1.0003 42.8079 1.44476 0.444765 -0.810209 7.69805 
11 17300 7.48072 0.000435795 7.00001 1.44397 -0.00212074 1.0003 42.7842 1.44397 0.443966 -0.812008 7.69805 
11 17400 7.52392 0.000435795 7.00001 1.4441 9.14756e-05 1.0003 42.7882 1.4441 0.444101 -0.811704 7.69805 
11 17500 7.56725 0.000435795 7.00001 1.44492 0.000212176 1.0003 42.8124 1.44492 0.444917 -0.809867 7.69805 
11 17600 7.61046 0.000435795 7.00001 1.44483 -0.00115734 1.0003 42.8099 1.44483 0.444834 -0.810053 7.69805 
11 17700 7.65367 0.000435795 7.00001 1.46198 0.00554342 1.0003 43.3181 1.46198 0.461985 -0.772224 7.69805 
11 17800 7.69687 0.000435795 7.00001 1.44441 -0.000229564 1.0003 42.7973 1.44441 0.444408 -0.811012 7.69805 
11 17900 7.7402 0.000435795 7.00001 1.44288 0.00306911 1.0003 42.752 1.44288 0.442881 -0.814454 7.69805 
11 18000 7.78341 0.000435795 7.00001 1.44556 0.00342449 1.0003 42.8313 1.44556 0.445558 -0.808428 7.69805 
11 18100 7.82661 0.000435795 7.00001 1.44445 -0.00108774 1.0003 42.7985 1.44445 0.444449 -0.810921 7.69805 
11 18200 7.86995 0.000435795 7.00001 1.44421 0.00150097 1.0003 42.7914 1.44421 0.444211 -0.811457 7.69805 
11 18300 7.91315 0.000435795 7.00001 1.45876 0.0104459 1.0003 43.2224 1.45876 0.458757 -0.779236 7.69805 
11 18400 7.95636 0.000435795 7.00001 1.44387 0.000831743 1.0003 42.7813 1.44387 0.443869 -0.812225 7.69805 
