11 0 0 4.87234e-05 7.00442 1.36501 0 1.00003 2.5278 1.36501 0.365012 -1.00783 8.26188e-07 
11 100 0.00967159 9.74468e-05 7.00442 1.40447 -2.19942e-06 1.00045 2.60086 1.40447 0.404466 -0.905188 0.0134081 
11 200 0.0194106 9.74468e-05 7.00442 1.42562 -6.50705e-05 1.00046 2.64004 1.42562 0.425623 -0.854202 0.0272064 
11 300 0.0291553 9.74468e-05 7.00442 1.43651 -7.38936e-05 1.00047 2.6602 1.43651 0.43651 -0.828944 0.041154 
11 400 0.0388213 9.74468e-05 7.00442 1.44194 -1.21153e-05 1.00048 2.67025 1.44194 0.441935 -0.816592 0.05518 
11 500 0.0484872 9.74468e-05 7.00442 1.44465 1.10208e-05 1.00049 2.67528 1.44465 0.444652 -0.810462 0.069243 
11 600 0.0582319 9.74468e-05 7.00442 1.44531 6.84676e-06 1.00049 2.67649 1.44531 0.445307 -0.808992 0.0833239 
11 700 0.0678979 9.74468e-05 7.00442 1.44559 4.12885e-05 1.00049 2.67702 1.44559 0.445591 -0.808353 0.0974098 
11 800 0.0776425 9.74468e-05 7.00442 1.44506 -3.31148e-05 1.0005 2.67605 1.44506 0.445065 -0.809535 0.111494 
11 900 0.0873085 9.74468e-05 7.00442 1.44473 1.55779e-05 1.00051 2.67543 1.44473 0.444734 -0.810278 0.125572 
11 1000 0.0969745 9.74468e-05 7.00442 1.44394 4.99608e-05 1.00051 2.67396 1.44394 0.443937 -0.812074 0.139646 
11 1100 0.106719 9.74468e-05 7.00442 1.44336 -4.18915e-05 1.00052 2.67288 1.44336 0.443357 -0.81338 0.153712 
11 1200 0.116385 9.74468e-05 7.00442 1.44257 -8.44901e-05 1.00053 2.67143 1.44257 0.442573 -0.815149 0.167772 
11 1300 0.12613 9.74468e-05 7.00442 1.44207 -8.53328e-05 1.00054 2.6705 1.44207 0.442072 -0.816282 0.181829 
11 1400 0.135796 9.74468e-05 7.00442 1.44213 -0.000100834 1.00055 2.6706 1.44213 0.442126 -0.816161 0.195879 
11 1500 0.145462 9.74468e-05 7.00442 1.44253 -7.16746e-05 1.00056 2.67134 1.44253 0.442526 -0.815256 0.209934 
11 1600 0.155206 9.74468e-05 7.00442 1.44256 -3.7765e-05 1.00057 2.67141 1.44256 0.442562 -0.815174 0.223992 
11 1700 0.164872 9.74468e-05 7.00442 1.44221 8.45253e-05 1.00058 2.67075 1.44221 0.442207 -0.815978 0.238048 
11 1800 0.174617 9.74468e-05 7.00442 1.44248 1.17125e-05 1.00059 2.67125 1.44248 0.442478 -0.815365 0.252102 
11 1900 0.184283 9.74468e-05 7.00442 1.44211 -5.72839e-05 1.00059 2.67057 1.44211 0.44211 -0.816197 0.266154 
11 2000 0.193949 9.74468e-05 7.00442 1.44241 1.52144e-05 1.0006 2.67112 1.44241 0.442406 -0.815527 0.280204 
11 2100 0.203694 9.74468e-05 7.00442 1.44282 -6.41697e-06 1.00061 2.67189 1.44282 0.442821 -0.81459 0.294256 
11 2200 0.21336 9.74468e-05 7.00442 1.44344 8.47625e-05 1.00061 2.67303 1.44344 0.443437 -0.8132 0.308318 
11 2300 0.223104 9.74468e-05 7.00442 1.44374 0.000142305 1.00062 2.6736 1.44374 0.443743 -0.812511 0.322385 
11 2400 0.23277 9.74468e-05 7.00442 1.44437 8.15615e-05 1.00063 2.67476 1.44437 0.444372 -0.811092 0.336454 
11 2500 0.242436 9.74468e-05 7.00442 1.44493 0.000101019 1.00064 2.67579 1.44493 0.444926 -0.809848 0.35052 
11 2600 0.252181 9.74468e-05 7.00442 1.44523 7.87914e-05 1.00065 2.67635 1.44523 0.445231 -0.809161 0.36461 
11 2700 0.261847 9.74468e-05 7.00442 1.44499 2.44515e-05 1.00065 2.67591 1.44499 0.444989 -0.809706 0.378692 
11 2800 0.271591 9.74468e-05 7.00442 1.4447 -9.73816e-05 1.00066 2.67537 1.4447 0.444698 -0.81036 0.392774 
11 2900 0.281257 9.74468e-05 7.00442 1.44528 -0.000182069 1.00066 2.67644 1.44528 0.445276 -0.809062 0.406853 
11 3000 0.290923 9.74468e-05 7.00442 1.4453 -0.000172442 1.00066 2.67648 1.4453 0.445299 -0.80901 0.42093 
11 3100 0.300668 9.74468e-05 7.00442 1.44602 -4.5258e-06 1.00066 2.67782 1.44602 0.44602 -0.807391 0.435013 
11 3200 0.310334 9.74468e-05 7.00442 1.44645 1.07931e-05 1.00067 2.67861 1.44645 0.446449 -0.80643 0.449106 
11 3300 0.32 9.74468e-05 7.00442 1.44706 3.90586e-06 1.00067 2.67975 1.44706 0.447063 -0.805055 0.463202 
11 3400 0.329745 9.74468e-05 7.00442 1.44794 7.19403e-05 1.00068 2.68137 1.44794 0.447939 -0.803098 0.477285 
11 3500 0.339411 9.74468e-05 7.00442 1.44871 -4.33246e-06 1.00068 2.6828 1.44871 0.448712 -0.801374 0.491418 
11 3600 0.349155 9.74468e-05 7.00442 1.4497 9.46495e-05 1.00069 2.68464 1.4497 0.449704 -0.799166 0.505537 
11 3700 0.358821 9.74468e-05 7.00442 1.44932 0.000133419 1.00069 2.68393 1.44932 0.449323 -0.800014 0.519663 
11 3800 0.368487 9.74468e-05 7.00442 1.44983 9.01631e-05 1.00069 2.68486 1.44983 0.449827 -0.798893 0.533789 
11 3900 0.378232 9.74468e-05 7.00442 1.44982 -4.70482e-05 1.00069 2.68485 1.44982 0.449819 -0.798911 0.547912 
11 4000 0.387898 9.74468e-05 7.00442 1.45073 -4.28371e-05 1.00069 2.68654 1.45073 0.45073 -0.796886 0.562041 
11 4100 0.397643 9.74468e-05 7.00442 1.45109 1.57947e-06 1.00069 2.6872 1.45109 0.451087 -0.796094 0.576177 
11 4200 0.407309 9.74468e-05 7.00442 1.45197 3.4955e-05 1.00069 2.68882 1.45197 0.451965 -0.79415 0.590322 
11 4300 0.416974 9.74468e-05 7.00442 1.45256 -2.0442e-05 1.00069 2.68992 1.45256 0.452555 -0.792846 0.604464 
11 4400 0.426719 9.74468e-05 7.00442 1.45313 2.03184e-06 1.0007 2.69098 1.45313 0.453129 -0.791578 0.618627 
11 4500 0.436385 9.74468e-05 7.00442 1.45396 6.16846e-05 1.0007 2.69253 1.45396 0.453964 -0.789737 0.632794 
11 4600 0.44613 9.74468e-05 7.00442 1.45421 6.60879e-05 1.0007 2.69298 1.45421 0.454211 -0.789193 0.646964 
11 4700 0.455796 9.74468e-05 7.00442 1.45481 -8.78168e-06 1.0007 2.69408 1.45481 0.454805 -0.787886 0.661135 
11 4800 0.465462 9.74468e-05 7.00442 1.45473 -1.6938e-06 1.0007 2.69395 1.45473 0.454731 -0.78805 0.675303 
11 4900 0.475206 9.74468e-05 7.00442 1.45539 3.50783e-05 1.0007 2.69517 1.45539 0.455392 -0.786597 0.689482 
11 5000 0.484872 9.74468e-05 7.00442 1.45542 -2.37582e-05 1.0007 2.69522 1.45542 0.455417 -0.786541 0.703665 
11 5100 0.494617 9.74468e-05 7.00442 1.45626 -0.000140655 1.0007 2.69677 1.45626 0.456256 -0.784701 0.71785 
11 5200 0.504283 9.74468e-05 7.00442 1.4566 4.01775e-06 1.0007 2.6974 1.4566 0.456597 -0.783954 0.732025 
11 5300 0.513949 9.74468e-05 7.00442 1.4575 5.66245e-05 1.0007 2.69908 1.4575 0.457503 -0.781971 0.74624 
11 5400 0.523694 9.74468e-05 7.00442 1.4576 -3.54264e-05 1.0007 2.69926 1.4576 0.457598 -0.781765 0.760444 
11 5500 0.53336 9.74468e-05 7.00442 1.45807 -3.0226e-05 1.0007 2.70013 1.45807 0.458069 -0.780736 0.774653 
11 5600 0.543104 9.74468e-05 7.00442 1.45897 -2.42372e-05 1.00071 2.70179 1.45897 0.458967 -0.778777 0.788864 
11 5700 0.55277 9.74468e-05 7.00442 1.4592 -3.52258e-05 1.00071 2.70222 1.4592 0.459197 -0.778275 0.803074 
11 5800 0.562436 9.74468e-05 7.00442 1.45973 -0.000106419 1.00071 2.7032 1.45973 0.459727 -0.777123 0.817296 
11 5900 0.572181 9.74468e-05 7.00442 1.45963 -7.88432e-05 1.0007 2.70301 1.45963 0.459626 -0.777343 0.831519 
11 6000 0.581847 9.74468e-05 7.00442 1.46024 -9.41803e-05 1.0007 2.70414 1.46024 0.460236 -0.776016 0.84574 
11 6100 0.591591 9.74468e-05 7.00442 1.46021 -0.000113292 1.0007 2.7041 1.46021 0.460214 -0.776063 0.859951 
11 6200 0.601257 9.74468e-05 7.00442 1.46084 -0.000197907 1.0007 2.70525 1.46084 0.460835 -0.774714 0.874205 
11 6300 0.610923 9.74468e-05 7.00442 1.46083 -0.000145899 1.0007 2.70524 1.46083 0.460828 -0.774729 0.888439 
11 6400 0.620668 9.74468e-05 7.00442 1.46121 -4.4797e-05 1.0007 2.70594 1.46121 0.461205 -0.773913 0.902681 
11 6500 0.630334 9.74468e-05 7.00442 1.46166 -1.35295e-05 1.0007 2.70677 1.46166 0.461658 -0.772931 0.916922 
11 6600 0.64 9.74468e-05 7.00442 1.46203 9.83566e-06 1.0007 2.70747 1.46203 0.462035 -0.772116 0.931163 
11 6700 0.649745 9.74468e-05 7.00442 1.46232 -4.22934e-05 1.0007 2.708 1.46232 0.462321 -0.771495 0.94541 
11 6800 0.659411 9.74468e-05 7.00442 1.46247 -3.03019e-05 1.0007 2.70828 1.46247 0.462471 -0.771172 0.959659 
11 6900 0.669155 9.74468e-05 7.00442 1.46297 5.31799e-05 1.0007 2.70921 1.46297 0.462974 -0.770084 0.973909 
11 7000 0.678821 9.74468e-05 7.00442 1.46294 -5.09626e-05 1.0007 2.70914 1.46294 0.462938 -0.770162 0.988158 
11 7100 0.688487 9.74468e-05 7.00442 1.46332 -8.35183e-05 1.0007 2.70985 1.46332 0.463319 -0.76934 1.00242 
11 7200 0.698232 9.74468e-05 7.00442 1.46325 -6.80871e-05 1.0007 2.70972 1.46325 0.46325 -0.769489 1.01668 
11 7300 0.707898 9.74468e-05 7.00442 1.46374 -0.000130955 1.0007 2.71063 1.46374 0.463739 -0.768434 1.03094 
11 7400 0.717643 9.74468e-05 7.00442 1.46369 -3.66749e-05 1.0007 2.71053 1.46369 0.463687 -0.768545 1.04521 
11 7500 0.727309 9.74468e-05 7.00442 1.46404 6.07403e-05 1.0007 2.71119 1.46404 0.464042 -0.767781 1.05947 
11 7600 0.736974 9.74468e-05 7.00442 1.46423 9.05073e-05 1.0007 2.71154 1.46423 0.464231 -0.767373 1.07374 
11 7700 0.746719 9.74468e-05 7.00442 1.46459 0.000136225 1.0007 2.7122 1.46459 0.464589 -0.766602 1.08801 
11 7800 0.756385 9.74468e-05 7.00442 1.46483 -2.36951e-05 1.0007 2.71264 1.46483 0.464825 -0.766093 1.10228 
11 7900 0.76613 9.74468e-05 7.00442 1.46513 3.12909e-07 1.0007 2.7132 1.46513 0.465129 -0.76544 1.11654 
11 8000 0.775796 9.74468e-05 7.00442 1.46525 1.06693e-05 1.0007 2.71342 1.46525 0.465245 -0.76519 1.13083 
11 8100 0.785462 9.74468e-05 7.00442 1.46527 2.9287e-05 1.0007 2.71346 1.46527 0.465267 -0.765143 1.14511 
11 8200 0.795206 9.74468e-05 7.00442 1.46559 0.000168055 1.0007 2.71405 1.46559 0.465586 -0.764458 1.15939 
11 8300 0.804872 9.74468e-05 7.00442 1.46546 9.13761e-05 1.0007 2.71381 1.46546 0.465456 -0.764738 1.17367 
11 8400 0.814617 9.74468e-05 7.00442 1.4655 5.71496e-05 1.0007 2.7139 1.4655 0.465504 -0.764634 1.18795 
11 8500 0.824283 9.74468e-05 7.00442 1.46569 4.37827e-05 1.0007 2.71424 1.46569 0.46569 -0.764236 1.20223 
11 8600 0.833949 9.74468e-05 7.00442 1.46596 -0.000119233 1.0007 2.71474 1.46596 0.465961 -0.763653 1.21652 
11 8700 0.843694 9.74468e-05 7.00442 1.46617 -0.000124267 1.0007 2.71512 1.46617 0.466166 -0.763214 1.2308 
11 8800 0.85336 9.74468e-05 7.00442 1.46628 -0.000187095 1.0007 2.71533 1.46628 0.466277 -0.762976 1.24509 
11 8900 0.863104 9.74468e-05 7.00442 1.46637 -0.000305885 1.0007 2.7155 1.46637 0.466368 -0.76278 1.25938 
11 9000 0.87277 9.74468e-05 7.00442 1.46648 -0.000172661 1.0007 2.71571 1.46648 0.466483 -0.762533 1.27366 
11 9100 0.882436 9.74468e-05 7.00442 1.46646 -0.000210091 1.0007 2.71567 1.46646 0.466461 -0.76258 1.28795 
11 9200 0.892181 9.74468e-05 7.00442 1.46656 -0.000152403 1.0007 2.71585 1.46656 0.46656 -0.762368 1.30224 
11 9300 0.901847 9.74468e-05 7.00442 1.46657 -0.000178515 1.0007 2.71588 1.46657 0.466574 -0.762338 1.31654 
11 9400 0.911591 9.74468e-05 7.00442 1.46662 -0.000168038 1.0007 2.71597 1.46662 0.466622 -0.762235 1.33083 
11 9500 0.921257 9.74468e-05 7.00442 1.46689 -0.000178662 1.00071 2.71646 1.46689 0.466886 -0.76167 1.34512 
11 9600 0.930923 9.74468e-05 7.00442 1.46699 -7.35798e-05 1.0007 2.71665 1.46699 0.466989 -0.761449 1.35942 
11 9700 0.940668 9.74468e-05 7.00442 1.46696 -8.69507e-05 1.0007 2.71658 1.46696 0.466956 -0.761521 1.37371 
11 9800 0.950334 9.74468e-05 7.00442 1.46705 -8.34134e-05 1.0007 2.71677 1.46705 0.467054 -0.76131 1.38801 
11 9900 0.96 9.74468e-05 7.00442 1.46716 2.56733e-06 1.0007 2.71695 1.46716 0.467156 -0.761093 1.4023 
11 10000 0.969745 9.74468e-05 7.00442 1.46734 2.2967e-06 1.0007 2.7173 1.46734 0.467342 -0.760695 1.4166 
11 10100 0.979411 9.74468e-05 7.00442 1.46745 6.02209e-05 1.0007 2.71751 1.46745 0.467454 -0.760455 1.4309 
11 10200 0.989155 9.74468e-05 7.00442 1.46754 1.75027e-05 1.0007 2.71767 1.46754 0.467541 -0.760269 1.4452 
11 10300 0.998821 9.74468e-05 7.00442 1.46779 -3.41239e-05 1.00071 2.71813 1.46779 0.467792 -0.759731 1.4595 
11 10400 1.00849 9.74468e-05 7.00442 1.46778 8.23876e-05 1.00071 2.71811 1.46778 0.467781 -0.759756 1.4738 
11 10500 1.01823 9.74468e-05 7.00442 1.4678 3.04242e-05 1.00071 2.71816 1.4678 0.467804 -0.759706 1.4881 
11 10600 1.0279 9.74468e-05 7.00442 1.46799 0.000113654 1.0007 2.71851 1.46799 0.467993 -0.759302 1.50241 
11 10700 1.03764 9.74468e-05 7.00442 1.468 0.000154327 1.0007 2.71852 1.468 0.468001 -0.759285 1.51672 
11 10800 1.04731 9.74468e-05 7.00442 1.46827 4.95419e-05 1.0007 2.71901 1.46827 0.468268 -0.758715 1.53103 
11 10900 1.05697 9.74468e-05 7.00442 1.46817 0.000115086 1.0007 2.71883 1.46817 0.468167 -0.758931 1.54533 
11 11000 1.06672 9.74468e-05 7.00442 1.46828 8.76472e-05 1.0007 2.71904 1.46828 0.468283 -0.758683 1.55964 
11 11100 1.07639 9.74468e-05 7.00442 1.46826 1.39597e-05 1.0007 2.719 1.46826 0.468259 -0.758734 1.57394 
11 11200 1.08613 9.74468e-05 7.00442 1.46848 -5.41745e-05 1.00071 2.7194 1.46848 0.468475 -0.758272 1.58825 
11 11300 1.0958 9.74468e-05 7.00442 1.46857 5.19329e-05 1.0007 2.71957 1.46857 0.468569 -0.758073 1.60256 
11 11400 1.10546 9.74468e-05 7.00442 1.46863 -1.22403e-06 1.00071 2.71969 1.46863 0.46863 -0.757942 1.61687 
11 11500 1.11521 9.74468e-05 7.00442 1.46865 9.39236e-05 1.0007 2.71972 1.46865 0.468646 -0.757907 1.63118 
11 11600 1.12487 9.74468e-05 7.00442 1.46878 9.29119e-05 1.0007 2.71997 1.46878 0.468781 -0.757619 1.64549 
11 11700 1.13462 9.74468e-05 7.00442 1.46867 0.000123731 1.0007 2.71975 1.46867 0.468666 -0.757864 1.65981 
11 11800 1.14428 9.74468e-05 7.00442 1.46848 0.000195212 1.0007 2.71941 1.46848 0.468483 -0.758257 1.67412 
11 11900 1.15395 9.74468e-05 7.00442 1.46865 0.000109128 1.0007 2.71972 1.46865 0.468647 -0.757906 1.68843 
11 12000 1.16369 9.74468e-05 7.00442 1.46871 4.28711e-05 1.0007 2.71984 1.46871 0.468713 -0.757764 1.70274 
11 12100 1.17336 9.74468e-05 7.00442 1.46886 -8.07534e-05 1.00071 2.72011 1.46886 0.468862 -0.757447 1.71705 
11 12200 1.1831 9.74468e-05 7.00442 1.46878 -4.80761e-05 1.00071 2.71997 1.46878 0.468783 -0.757615 1.73137 
11 12300 1.19277 9.74468e-05 7.00442 1.46896 6.31174e-06 1.0007 2.7203 1.46896 0.468964 -0.757228 1.74568 
11 12400 1.20244 9.74468e-05 7.00442 1.46898 6.34641e-06 1.0007 2.72033 1.46898 0.468977 -0.757201 1.75999 
11 12500 1.21218 9.74468e-05 7.00442 1.46926 -3.20941e-05 1.0007 2.72086 1.46926 0.469262 -0.756594 1.77431 
11 12600 1.22185 9.74468e-05 7.00442 1.46921 5.98232e-05 1.0007 2.72076 1.46921 0.469209 -0.756707 1.78862 
11 12700 1.23159 9.74468e-05 7.00442 1.4692 3.09776e-05 1.0007 2.72073 1.4692 0.469196 -0.756734 1.80294 
11 12800 1.24126 9.74468e-05 7.00442 1.46931 3.90658e-05 1.0007 2.72094 1.46931 0.469307 -0.756498 1.81726 
11 12900 1.25092 9.74468e-05 7.00442 1.46934 8.62095e-05 1.00071 2.721 1.46934 0.469342 -0.756423 1.83157 
11 13000 1.26067 9.74468e-05 7.00442 1.46951 0.000148252 1.00071 2.72131 1.46951 0.469507 -0.756072 1.8459 
11 13100 1.27033 9.74468e-05 7.00442 1.46921 7.24915e-05 1.00071 2.72075 1.46921 0.469206 -0.756714 1.86022 
11 13200 1.28 9.74468e-05 7.00442 1.46922 6.08642e-05 1.0007 2.72077 1.46922 0.469217 -0.756689 1.87453 
11 13300 1.28974 9.74468e-05 7.00442 1.46913 7.32779e-05 1.0007 2.72061 1.46913 0.469131 -0.756872 1.88885 
11 13400 1.29941 9.74468e-05 7.00442 1.46946 9.29349e-05 1.0007 2.72123 1.46946 0.469464 -0.756163 1.90316 
11 13500 1.30916 9.74468e-05 7.00442 1.46931 8.25713e-05 1.0007 2.72094 1.46931 0.46931 -0.756491 1.91748 
11 13600 1.31882 9.74468e-05 7.00442 1.46934 4.91018e-05 1.0007 2.72099 1.46934 0.469335 -0.756438 1.9318 
11 13700 1.32849 9.74468e-05 7.00442 1.46944 7.49665e-05 1.0007 2.72118 1.46944 0.469439 -0.756217 1.94612 
11 13800 1.33823 9.74468e-05 7.00442 1.46969 4.07332e-05 1.00071 2.72165 1.46969 0.469693 -0.755676 1.96044 
11 13900 1.3479 9.74468e-05 7.00442 1.46959 -4.58236e-05 1.00071 2.72146 1.46959 0.469587 -0.755902 1.97476 
11 14000 1.35764 9.74468e-05 7.00442 1.46967 0.000106169 1.00071 2.72161 1.46967 0.469669 -0.755727 1.98908 
11 14100 1.36731 9.74468e-05 7.00442 1.46951 6.65532e-05 1.0007 2.72131 1.46951 0.469507 -0.756072 2.0034 
11 14200 1.37697 9.74468e-05 7.00442 1.46951 0.00010255 1.0007 2.72132 1.46951 0.469512 -0.756061 2.01772 
11 14300 1.38672 9.74468e-05 7.00442 1.46957 9.0704e-05 1.00071 2.72143 1.46957 0.469573 -0.755932 2.03205 
11 14400 1.39639 9.74468e-05 7.00442 1.46944 0.000133287 1.0007 2.72119 1.46944 0.46944 -0.756214 2.04636 
11 14500 1.40613 9.74468e-05 7.00442 1.46941 0.000157634 1.0007 2.72112 1.46941 0.469407 -0.756285 2.06068 
11 14600 1.4158 9.74468e-05 7.00442 1.46936 5.00365e-05 1.0007 2.72104 1.46936 0.46936 -0.756385 2.075 
11 14700 1.42546 9.74468e-05 7.00442 1.4697 0.000137635 1.00071 2.72166 1.4697 0.469695 -0.755671 2.08932 
11 14800 1.43521 9.74468e-05 7.00442 1.46969 0.000166387 1.00071 2.72165 1.46969 0.46969 -0.755681 2.10364 
11 14900 1.44487 9.74468e-05 7.00442 1.46963 0.00017294 1.00071 2.72154 1.46963 0.469632 -0.755805 2.11796 
11 15000 1.45462 9.74468e-05 7.00442 1.46971 0.000227724 1.0007 2.72169 1.46971 0.469713 -0.755634 2.13228 
11 15100 1.46428 9.74468e-05 7.00442 1.46997 0.000309954 1.0007 2.72218 1.46997 0.469975 -0.755076 2.1466 
11 15200 1.47395 9.74468e-05 7.00442 1.46988 0.000338177 1.0007 2.72201 1.46988 0.469883 -0.755271 2.16093 
11 15300 1.48369 9.74468e-05 7.00442 1.46975 0.000297684 1.00071 2.72175 1.46975 0.469747 -0.755561 2.17525 
11 15400 1.49336 9.74468e-05 7.00442 1.46989 0.000342962 1.00071 2.72202 1.46989 0.469891 -0.755255 2.18957 
11 15500 1.5031 9.74468e-05 7.00442 1.46967 0.000279158 1.00071 2.72161 1.46967 0.469671 -0.755722 2.2039 
11 15600 1.51277 9.74468e-05 7.00442 1.47002 0.00031039 1.00071 2.72225 1.47002 0.470017 -0.754986 2.21822 
11 15700 1.52244 9.74468e-05 7.00442 1.46976 0.000294384 1.00071 2.72178 1.46976 0.469759 -0.755536 2.23254 
11 15800 1.53218 9.74468e-05 7.00442 1.46995 0.000340459 1.00071 2.72213 1.46995 0.469951 -0.755126 2.24687 
11 15900 1.54185 9.74468e-05 7.00442 1.46972 0.000302473 1.0007 2.72171 1.46972 0.469722 -0.755614 2.26119 
11 16000 1.55159 9.74468e-05 7.00442 1.46998 0.00031721 1.0007 2.72219 1.46998 0.469984 -0.755058 2.27551 
11 16100 1.56126 9.74468e-05 7.00442 1.46995 0.000241938 1.0007 2.72214 1.46995 0.469953 -0.755123 2.28983 
11 16200 1.57092 9.74468e-05 7.00442 1.47005 0.000207683 1.0007 2.72231 1.47005 0.470047 -0.754922 2.30415 
11 16300 1.58067 9.74468e-05 7.00442 1.46989 0.000156728 1.0007 2.72202 1.46989 0.469893 -0.75525 2.31848 
11 16400 1.59033 9.74468e-05 7.00442 1.47009 0.000175 1.00071 2.72239 1.47009 0.47009 -0.754832 2.3328 
11 16500 1.6 9.74468e-05 7.00442 1.47006 0.000161124 1.00071 2.72234 1.47006 0.470065 -0.754885 2.34713 
11 16600 1.60974 9.74468e-05 7.00442 1.46976 0.000189905 1.00071 2.72177 1.46976 0.469757 -0.75554 2.36146 
11 16700 1.61941 9.74468e-05 7.00442 1.46999 0.00020758 1.00071 2.72221 1.46999 0.469993 -0.755038 2.37578 
11 16800 1.62916 9.74468e-05 7.00442 1.46987 0.000196615 1.0007 2.72199 1.46987 0.469875 -0.755289 2.39011 
11 16900 1.63882 9.74468e-05 7.00442 1.47005 0.000175624 1.00071 2.72231 1.47005 0.470047 -0.754923 2.40443 
11 17000 1.64849 9.74468e-05 7.00442 1.46993 0.000206477 1.0007 2.72209 1.46993 0.46993 -0.755173 2.41875 
11 17100 1.65823 9.74468e-05 7.00442 1.46993 0.0001451 1.00071 2.72208 1.46993 0.469925 -0.755182 2.43307 
11 17200 1.6679 9.74468e-05 7.00442 1.46997 0.000168983 1.00071 2.72216 1.46997 0.469969 -0.75509 2.4474 
11 17300 1.67764 9.74468e-05 7.00442 1.47021 0.000147918 1.00071 2.72262 1.47021 0.470212 -0.754571 2.46172 
11 17400 1.68731 9.74468e-05 7.00442 1.47012 0.000167121 1.00071 2.72244 1.47012 0.470119 -0.75477 2.47605 
11 17500 1.69697 9.74468e-05 7.00442 1.4702 0.000189239 1.00071 2.72259 1.4702 0.4702 -0.754596 2.49037 
11 17600 1.70672 9.74468e-05 7.00442 1.47006 7.69538e-05 1.00071 2.72233 1.47006 0.470056 -0.754904 2.5047 
11 17700 1.71639 9.74468e-05 7.00442 1.47007 0.000205135 1.00071 2.72236 1.47007 0.470073 -0.754867 2.51902 
11 17800 1.72613 9.74468e-05 7.00442 1.47024 0.000137966 1.00071 2.72266 1.47024 0.470238 -0.754516 2.53335 
11 17900 1.7358 9.74468e-05 7.00442 1.47003 0.000229936 1.00071 2.72228 1.47003 0.470029 -0.75496 2.54768 
11 18000 1.74546 9.74468e-05 7.00442 1.47006 0.000282383 1.0007 2.72233 1.47006 0.470056 -0.754904 2.56201 
11 18100 1.75521 9.74468e-05 7.00442 1.46995 0.000293678 1.00071 2.72212 1.46995 0.469946 -0.755138 2.57632 
11 18200 1.76487 9.74468e-05 7.00442 1.47003 0.000205942 1.00071 2.72228 1.47003 0.470034 -0.754951 2.59065 
11 18300 1.77462 9.74468e-05 7.00442 1.46989 0.000125257 1.00071 2.72202 1.46989 0.469891 -0.755254 2.60497 
11 18400 1.78428 9.74468e-05 7.00442 1.46994 0.000220402 1.00071 2.7221 1.46994 0.469935 -0.75516 2.61929 
11 18500 1.79395 9.74468e-05 7.00442 1.47006 0.000221159 1.0007 2.72233 1.47006 0.470061 -0.754893 2.63362 
11 18600 1.80369 9.74468e-05 7.00442 1.47018 0.000245483 1.0007 2.72255 1.47018 0.470176 -0.754648 2.64795 
11 18700 1.81336 9.74468e-05 7.00442 1.47012 0.000174378 1.0007 2.72244 1.47012 0.470118 -0.754772 2.66227 
11 18800 1.8231 9.74468e-05 7.00442 1.47 0.0001685 1.0007 2.72223 1.47 0.470004 -0.755013 2.6766 
11 18900 1.83277 9.74468e-05 7.00442 1.46996 0.000189141 1.0007 2.72215 1.46996 0.469963 -0.755102 2.69092 
11 19000 1.84244 9.74468e-05 7.00442 1.47003 0.000193053 1.00071 2.72228 1.47003 0.470032 -0.754955 2.70525 
11 19100 1.85218 9.74468e-05 7.00442 1.47023 0.000172023 1.00071 2.72264 1.47023 0.470227 -0.75454 2.71958 
11 19200 1.86185 9.74468e-05 7.00442 1.4701 3.48539e-06 1.00071 2.72242 1.4701 0.470104 -0.7548 2.7339 
11 19300 1.87159 9.74468e-05 7.00442 1.47024 9.15619e-06 1.00071 2.72267 1.47024 0.470243 -0.754506 2.74822 
11 19400 1.88126 9.74468e-05 7.00442 1.47005 3.21466e-05 1.0007 2.72231 1.47005 0.470049 -0.754918 2.76255 
11 19500 1.89092 9.74468e-05 7.00442 1.47025 -2.78292e-05 1.00071 2.72269 1.47025 0.470251 -0.754488 2.77687 
11 19600 1.90067 9.74468e-05 7.00442 1.47017 -4.86548e-05 1.0007 2.72254 1.47017 0.470171 -0.75466 2.7912 
11 19700 1.91033 9.74468e-05 7.00442 1.4703 -2.85619e-05 1.00071 2.72277 1.4703 0.470298 -0.754389 2.80553 
11 19800 1.92 9.74468e-05 7.00442 1.47027 -5.92895e-05 1.0007 2.72273 1.47027 0.470274 -0.754439 2.81986 
11 19900 1.92974 9.74468e-05 7.00442 1.47043 1.51037e-05 1.00071 2.72302 1.47043 0.470433 -0.754102 2.83418 
11 20000 1.93941 9.74468e-05 7.00442 1.47025 -1.97597e-05 1.00071 2.72269 1.47025 0.470251 -0.75449 2.84851 
11 20100 1.94916 9.74468e-05 7.00442 1.47026 -4.50165e-05 1.00071 2.7227 1.47026 0.470258 -0.754474 2.86284 
11 20200 1.95882 9.74468e-05 7.00442 1.47028 -0.000174586 1.00071 2.72274 1.47028 0.470278 -0.754432 2.87717 
11 20300 1.96849 9.74468e-05 7.00442 1.47 -0.000122479 1.00071 2.72223 1.47 0.470002 -0.755018 2.8915 
11 20400 1.97823 9.74468e-05 7.00442 1.4704 2.02555e-06 1.00071 2.72295 1.4704 0.470395 -0.754182 2.90582 
11 20500 1.9879 9.74468e-05 7.00442 1.47012 4.03668e-05 1.0007 2.72245 1.47012 0.470121 -0.754764 2.92015 
11 20600 1.99764 9.74468e-05 7.00442 1.47004 5.40706e-06 1.00071 2.72229 1.47004 0.470036 -0.754946 2.93447 
11 20700 2.00731 9.74468e-05 7.00442 1.47009 -7.88431e-05 1.00071 2.72239 1.47009 0.470089 -0.754833 2.94879 
11 20800 2.01697 9.74468e-05 7.00442 1.47024 -3.86295e-05 1.00071 2.72266 1.47024 0.470236 -0.75452 2.96312 
11 20900 2.02672 9.74468e-05 7.00442 1.47024 -6.97271e-05 1.00071 2.72266 1.47024 0.470235 -0.754522 2.97745 
11 21000 2.03639 9.74468e-05 7.00442 1.47039 -5.61885e-05 1.00071 2.72295 1.47039 0.470393 -0.754186 2.99177 
11 21100 2.04613 9.74468e-05 7.00442 1.47032 -0.000119581 1.0007 2.72282 1.47032 0.470322 -0.754338 3.0061 
11 21200 2.0558 9.74468e-05 7.00442 1.4705 -4.49626e-05 1.00071 2.72315 1.4705 0.470502 -0.753955 3.02043 
11 21300 2.06546 9.74468e-05 7.00442 1.47033 2.41374e-05 1.00071 2.72283 1.47033 0.470327 -0.754326 3.03476 
11 21400 2.07521 9.74468e-05 7.00442 1.47019 0.000133241 1.00071 2.72257 1.47019 0.47019 -0.754618 3.04909 
11 21500 2.08487 9.74468e-05 7.00442 1.47014 0.000144723 1.00071 2.72248 1.47014 0.470139 -0.754727 3.06342 
11 21600 2.09462 9.74468e-05 7.00442 1.47008 5.26365e-05 1.00071 2.72238 1.47008 0.470084 -0.754844 3.07774 
11 21700 2.10428 9.74468e-05 7.00442 1.4703 0.000151885 1.00071 2.72278 1.4703 0.470301 -0.754382 3.09206 
11 21800 2.11395 9.74468e-05 7.00442 1.47008 9.16591e-05 1.00071 2.72237 1.47008 0.470081 -0.75485 3.10639 
11 21900 2.12369 9.74468e-05 7.00442 1.47016 7.37636e-05 1.00071 2.72252 1.47016 0.470159 -0.754683 3.12072 
11 22000 2.13336 9.74468e-05 7.00442 1.47002 8.05208e-05 1.0007 2.72226 1.47002 0.470019 -0.754982 3.13504 
11 22100 2.1431 9.74468e-05 7.00442 1.47027 2.11857e-05 1.00071 2.72272 1.47027 0.470271 -0.754447 3.14936 
11 22200 2.15277 9.74468e-05 7.00442 1.47017 1.42947e-05 1.0007 2.72254 1.47017 0.470169 -0.754662 3.16369 
11 22300 2.16244 9.74468e-05 7.00442 1.47028 -4.72119e-05 1.0007 2.72273 1.47028 0.470277 -0.754434 3.17802 
11 22400 2.17218 9.74468e-05 7.00442 1.4702 -9.89774e-05 1.0007 2.72259 1.4702 0.470198 -0.754601 3.19235 
11 22500 2.18185 9.74468e-05 7.00442 1.47029 -6.92189e-05 1.00071 2.72277 1.47029 0.470294 -0.754397 3.20667 
11 22600 2.19159 9.74468e-05 7.00442 1.47036 -2.5353e-05 1.00071 2.72289 1.47036 0.470363 -0.754251 3.221 
11 22700 2.20126 9.74468e-05 7.00442 1.47001 -0.000184138 1.00071 2.72225 1.47001 0.470014 -0.754992 3.23533 
11 22800 2.21092 9.74468e-05 7.00442 1.47011 -0.000204553 1.0007 2.72242 1.47011 0.470106 -0.754798 3.24966 
11 22900 2.22067 9.74468e-05 7.00442 1.46984 -0.000217138 1.0007 2.72193 1.46984 0.469842 -0.755359 3.26398 
11 23000 2.23033 9.74468e-05 7.00442 1.47008 -0.000296622 1.00071 2.72236 1.47008 0.470077 -0.754859 3.2783 
11 23100 2.24 9.74468e-05 7.00442 1.46995 -0.000234402 1.0007 2.72214 1.46995 0.469954 -0.75512 3.29263 
11 23200 2.24974 9.74468e-05 7.00442 1.47003 -0.000208983 1.00071 2.72228 1.47003 0.470033 -0.754952 3.30695 
11 23300 2.25941 9.74468e-05 7.00442 1.47 -0.000300827 1.00071 2.72221 1.47 0.469995 -0.755032 3.32128 
11 23400 2.26916 9.74468e-05 7.00442 1.47024 -0.000383376 1.00071 2.72267 1.47024 0.470242 -0.754507 3.3356 
11 23500 2.27882 9.74468e-05 7.00442 1.47011 -0.000266357 1.00071 2.72243 1.47011 0.470113 -0.754782 3.34993 
11 23600 2.28849 9.74468e-05 7.00442 1.47022 -0.000240935 1.00071 2.72263 1.47022 0.470222 -0.754551 3.36425 
11 23700 2.29823 9.74468e-05 7.00442 1.47032 -0.000309805 1.00071 2.72282 1.47032 0.47032 -0.754342 3.37858 
11 23800 2.3079 9.74468e-05 7.00442 1.47018 -0.000318992 1.0007 2.72255 1.47018 0.470177 -0.754645 3.39291 
11 23900 2.31764 9.74468e-05 7.00442 1.47039 -0.000322982 1.00071 2.72294 1.47039 0.470388 -0.754198 3.40724 
11 24000 2.32731 9.74468e-05 7.00442 1.47013 -0.000242083 1.0007 2.72246 1.47013 0.470128 -0.754751 3.42156 
11 24100 2.33697 9.74468e-05 7.00442 1.46997 -0.000196918 1.00071 2.72216 1.46997 0.469968 -0.755091 3.43589 
11 24200 2.34672 9.74468e-05 7.00442 1.46984 -0.000246769 1.0007 2.72192 1.46984 0.469838 -0.755367 3.45021 
11 24300 2.35639 9.74468e-05 7.00442 1.47012 -0.00030151 1.00071 2.72245 1.47012 0.470122 -0.754763 3.46453 
11 24400 2.36613 9.74468e-05 7.00442 1.47002 -0.000260593 1.00071 2.72225 1.47002 0.470016 -0.754989 3.47886 
11 24500 2.3758 9.74468e-05 7.00442 1.47022 -0.000265665 1.00071 2.72262 1.47022 0.470216 -0.754562 3.49318 
11 24600 2.38546 9.74468e-05 7.00442 1.47013 -0.000261058 1.0007 2.72246 1.47013 0.470127 -0.754752 3.50751 
11 24700 2.39521 9.74468e-05 7.00442 1.47036 -0.00020424 1.00071 2.72289 1.47036 0.470359 -0.754259 3.52183 
11 24800 2.40487 9.74468e-05 7.00442 1.47025 -0.000198151 1.00071 2.72269 1.47025 0.470254 -0.754483 3.53616 
11 24900 2.41462 9.74468e-05 7.00442 1.47017 -8.68564e-05 1.00071 2.72254 1.47017 0.470171 -0.75466 3.55049 
11 25000 2.42428 9.74468e-05 7.00442 1.47029 -0.000231266 1.00071 2.72276 1.47029 0.47029 -0.754407 3.56482 
11 25100 2.43395 9.74468e-05 7.00442 1.47007 -0.000311136 1.00071 2.72235 1.47007 0.470069 -0.754876 3.57915 
11 25200 2.44369 9.74468e-05 7.00442 1.4703 -0.000243961 1.00071 2.72279 1.4703 0.470304 -0.754376 3.59347 
11 25300 2.45336 9.74468e-05 7.00442 1.47019 -0.000279404 1.00071 2.72257 1.47019 0.470189 -0.754621 3.6078 
11 25400 2.4631 9.74468e-05 7.00442 1.47028 -0.000242169 1.00071 2.72274 1.47028 0.470281 -0.754425 3.62212 
11 25500 2.47277 9.74468e-05 7.00442 1.47022 -0.000179288 1.0007 2.72263 1.47022 0.470219 -0.754557 3.63645 
11 25600 2.48244 9.74468e-05 7.00442 1.47038 -0.00021513 1.00071 2.72292 1.47038 0.470378 -0.754218 3.65078 
11 25700 2.49218 9.74468e-05 7.00442 1.4702 -0.000215839 1.0007 2.7226 1.4702 0.470202 -0.754593 3.6651 
11 25800 2.50185 9.74468e-05 7.00442 1.47028 -0.000235598 1.00071 2.72275 1.47028 0.470283 -0.75442 3.67943 
11 25900 2.51159 9.74468e-05 7.00442 1.47015 -0.000200374 1.0007 2.7225 1.47015 0.470151 -0.754701 3.69376 
11 26000 2.52126 9.74468e-05 7.00442 1.47029 -0.000272103 1.00071 2.72277 1.47029 0.470294 -0.754397 3.70808 
11 26100 2.53092 9.74468e-05 7.00442 1.47034 -0.000190516 1.00071 2.72285 1.47034 0.470339 -0.754302 3.72241 
11 26200 2.54067 9.74468e-05 7.00442 1.47012 -0.000303705 1.00071 2.72245 1.47012 0.47012 -0.754767 3.73674 
11 26300 2.55033 9.74468e-05 7.00442 1.47011 -0.000360125 1.00071 2.72242 1.47011 0.470109 -0.754791 3.75107 
11 26400 2.56 9.74468e-05 7.00442 1.46992 -0.000325426 1.0007 2.72208 1.46992 0.469922 -0.755188 3.76539 
11 26500 2.56974 9.74468e-05 7.00442 1.47016 -0.000493004 1.00071 2.72252 1.47016 0.470163 -0.754677 3.77971 
11 26600 2.57941 9.74468e-05 7.00442 1.46993 -0.000495891 1.0007 2.72209 1.46993 0.469926 -0.75518 3.79404 
11 26700 2.58916 9.74468e-05 7.00442 1.46991 -0.000300958 1.00071 2.72206 1.46991 0.469913 -0.755208 3.80836 
11 26800 2.59882 9.74468e-05 7.00442 1.46996 -0.000280963 1.0007 2.72216 1.46996 0.469965 -0.755097 3.82269 
11 26900 2.60849 9.74468e-05 7.00442 1.47015 -0.000296111 1.00071 2.72251 1.47015 0.470154 -0.754696 3.83701 
11 27000 2.61823 9.74468e-05 7.00442 1.47016 -0.000204635 1.00071 2.72251 1.47016 0.470156 -0.75469 3.85134 
11 27100 2.6279 9.74468e-05 7.00442 1.47043 -0.000169794 1.00071 2.72302 1.47043 0.470432 -0.754104 3.86566 
11 27200 2.63764 9.74468e-05 7.00442 1.4703 -0.000248047 1.0007 2.72279 1.4703 0.470305 -0.754374 3.87999 
11 27300 2.64731 9.74468e-05 7.00442 1.47029 -0.000243665 1.00071 2.72277 1.47029 0.470295 -0.754396 3.89432 
11 27400 2.65697 9.74468e-05 7.00442 1.47045 -0.000303605 1.00071 2.72306 1.47045 0.470454 -0.754058 3.90865 
11 27500 2.66672 9.74468e-05 7.00442 1.47014 -0.00036217 1.00071 2.72249 1.47014 0.470142 -0.75472 3.92298 
11 27600 2.67639 9.74468e-05 7.00442 1.47004 -0.0001816 1.0007 2.7223 1.47004 0.470042 -0.754933 3.93731 
11 27700 2.68613 9.74468e-05 7.00442 1.47006 -0.000180596 1.00071 2.72234 1.47006 0.470062 -0.754891 3.95163 
11 27800 2.6958 9.74468e-05 7.00442 1.47029 -8.9713e-05 1.00071 2.72276 1.47029 0.470288 -0.75441 3.96595 
11 27900 2.70546 9.74468e-05 7.00442 1.47005 -0.000112527 1.00071 2.72232 1.47005 0.470055 -0.754906 3.98028 
11 28000 2.71521 9.74468e-05 7.00442 1.47012 -0.000112234 1.00071 2.72244 1.47012 0.470117 -0.754774 3.9946 
11 28100 2.72487 9.74468e-05 7.00442 1.47001 -9.27067e-05 1.0007 2.72224 1.47001 0.47001 -0.755002 4.00893 
11 28200 2.73462 9.74468e-05 7.00442 1.47033 -0.00014447 1.0007 2.72284 1.47033 0.470331 -0.754318 4.02325 
11 28300 2.74428 9.74468e-05 7.00442 1.47027 -0.000150224 1.0007 2.72272 1.47027 0.47027 -0.754448 4.03758 
11 28400 2.75395 9.74468e-05 7.00442 1.47017 -0.000274918 1.0007 2.72253 1.47017 0.470166 -0.754668 4.0519 
11 28500 2.76369 9.74468e-05 7.00442 1.4701 -0.000149791 1.00071 2.72242 1.4701 0.470105 -0.7548 4.06623 
11 28600 2.77336 9.74468e-05 7.00442 1.47006 -0.000179813 1.00071 2.72233 1.47006 0.470061 -0.754894 4.08056 
11 28700 2.7831 9.74468e-05 7.00442 1.47024 -0.00016661 1.00071 2.72267 1.47024 0.470244 -0.754504 4.09489 
11 28800 2.79277 9.74468e-05 7.00442 1.47003 -0.000112884 1.00071 2.72227 1.47003 0.470027 -0.754965 4.10921 
11 28900 2.80244 9.74468e-05 7.00442 1.47037 -6.57479e-05 1.00071 2.72291 1.47037 0.470369 -0.754238 4.12354 
11 29000 2.81218 9.74468e-05 7.00442 1.47013 -5.13822e-05 1.0007 2.72246 1.47013 0.470127 -0.754752 4.13786 
11 29100 2.82185 9.74468e-05 7.00442 1.47033 4.18007e-05 1.00071 2.72282 1.47033 0.470325 -0.75433 4.15219 
11 29200 2.83159 9.74468e-05 7.00442 1.47021 -8.08863e-06 1.0007 2.72261 1.47021 0.470209 -0.754578 4.16652 
11 29300 2.84126 9.74468e-05 7.00442 1.47022 4.40992e-05 1.00071 2.72264 1.47022 0.470224 -0.754546 4.18084 
11 29400 2.85092 9.74468e-05 7.00442 1.47012 3.65105e-05 1.0007 2.72244 1.47012 0.470119 -0.754769 4.19517 
11 29500 2.86067 9.74468e-05 7.00442 1.47038 6.36333e-05 1.00071 2.72292 1.47038 0.470377 -0.754221 4.20949 
11 29600 2.87033 9.74468e-05 7.00442 1.4703 9.02355e-05 1.00071 2.72278 1.4703 0.470301 -0.754383 4.22382 
11 29700 2.88 9.74468e-05 7.00442 1.47022 8.97593e-05 1.00071 2.72263 1.47022 0.470222 -0.754549 4.23815 
11 29800 2.88974 9.74468e-05 7.00442 1.47042 0.000107646 1.00071 2.72301 1.47042 0.470424 -0.754121 4.25248 
11 29900 2.89941 9.74468e-05 7.00442 1.47015 3.541e-05 1.00071 2.72251 1.47015 0.470153 -0.754696 4.26681 
11 30000 2.90916 9.74468e-05 7.00442 1.47044 -5.64404e-05 1.00071 2.72304 1.47044 0.470442 -0.754082 4.28114 
11 30100 2.91882 9.74468e-05 7.00442 1.47013 6.2941e-05 1.0007 2.72246 1.47013 0.470128 -0.75475 4.29546 
11 30200 2.92849 9.74468e-05 7.00442 1.47016 -1.64935e-07 1.00071 2.72252 1.47016 0.470162 -0.754677 4.30978 
11 30300 2.93823 9.74468e-05 7.00442 1.47001 -2.17174e-05 1.0007 2.72223 1.47001 0.470007 -0.755008 4.32411 
11 30400 2.9479 9.74468e-05 7.00442 1.47024 4.84629e-05 1.00071 2.72267 1.47024 0.470241 -0.75451 4.33844 
11 30500 2.95764 9.74468e-05 7.00442 1.47013 -1.98331e-05 1.00071 2.72246 1.47013 0.470127 -0.754752 4.35276 
11 30600 2.96731 9.74468e-05 7.00442 1.47038 5.2043e-05 1.0007 2.72292 1.47038 0.470378 -0.754218 4.36709 
11 30700 2.97697 9.74468e-05 7.00442 1.47021 0.000140429 1.0007 2.72261 1.47021 0.470212 -0.754573 4.38142 
11 30800 2.98672 9.74468e-05 7.00442 1.47038 0.000138303 1.00071 2.72293 1.47038 0.470381 -0.754213 4.39574 
11 30900 2.99639 9.74468e-05 7.00442 1.47043 0.000220604 1.00071 2.72301 1.47043 0.470425 -0.754118 4.41007 
11 31000 3.00613 9.74468e-05 7.00442 1.4702 5.38178e-05 1.00071 2.72259 1.4702 0.470201 -0.754595 4.4244 
11 31100 3.0158 9.74468e-05 7.00442 1.47025 0.000171138 1.00071 2.72268 1.47025 0.470249 -0.754492 4.43873 
11 31200 3.02546 9.74468e-05 7.00442 1.47011 2.31204e-05 1.0007 2.72242 1.47011 0.470108 -0.754794 4.45306 
11 31300 3.03521 9.74468e-05 7.00442 1.4704 5.7847e-05 1.00071 2.72297 1.4704 0.470401 -0.754169 4.46738 
11 31400 3.04487 9.74468e-05 7.00442 1.47013 8.52351e-06 1.00071 2.72247 1.47013 0.470135 -0.754736 4.48171 
11 31500 3.05462 9.74468e-05 7.00442 1.47025 7.34951e-05 1.00071 2.72269 1.47025 0.470253 -0.754484 4.49603 
11 31600 3.06428 9.74468e-05 7.00442 1.47025 -4.03827e-05 1.0007 2.72269 1.47025 0.470255 -0.75448 4.51036 
11 31700 3.07395 9.74468e-05 7.00442 1.47046 -3.76044e-05 1.00071 2.72308 1.47046 0.470463 -0.754038 4.52469 
11 31800 3.08369 9.74468e-05 7.00442 1.47043 -8.29362e-05 1.0007 2.72302 1.47043 0.470431 -0.754107 4.53902 
11 31900 3.09336 9.74468e-05 7.00442 1.47041 -0.000139282 1.00071 2.72299 1.47041 0.470415 -0.754141 4.55334 
11 32000 3.1031 9.74468e-05 7.00442 1.47025 -3.96092e-05 1.0007 2.72268 1.47025 0.47025 -0.754491 4.56767 
11 32100 3.11277 9.74468e-05 7.00442 1.4704 -3.76752e-05 1.00071 2.72296 1.4704 0.470398 -0.754176 4.582 
11 32200 3.12244 9.74468e-05 7.00442 1.47038 -9.53533e-06 1.00071 2.72292 1.47038 0.470377 -0.754221 4.59633 
11 32300 3.13218 9.74468e-05 7.00442 1.47013 5.99029e-05 1.00071 2.72246 1.47013 0.470128 -0.75475 4.61066 
11 32400 3.14185 9.74468e-05 7.00442 1.47016 4.66088e-05 1.0007 2.72252 1.47016 0.470161 -0.75468 4.62499 
11 32500 3.15159 9.74468e-05 7.00442 1.47009 0.000152645 1.0007 2.72239 1.47009 0.470092 -0.754827 4.63931 
11 32600 3.16126 9.74468e-05 7.00442 1.4703 3.9066e-05 1.00071 2.72278 1.4703 0.470302 -0.754379 4.65364 
11 32700 3.17092 9.74468e-05 7.00442 1.47005 2.72852e-05 1.0007 2.72231 1.47005 0.470047 -0.754923 4.66796 
11 32800 3.18067 9.74468e-05 7.00442 1.47017 8.06709e-05 1.00071 2.72253 1.47017 0.470167 -0.754668 4.68228 
11 32900 3.19033 9.74468e-05 7.00442 1.47017 -4.3848e-05 1.00071 2.72254 1.47017 0.47017 -0.754662 4.69661 
11 33000 3.2 9.74468e-05 7.00442 1.47047 -2.25483e-05 1.00071 2.7231 1.47047 0.470472 -0.754019 4.71094 
11 33100 3.20974 9.74468e-05 7.00442 1.47015 2.30706e-05 1.00071 2.72251 1.47015 0.470155 -0.754693 4.72527 
11 33200 3.21941 9.74468e-05 7.00442 1.47018 -6.71854e-05 1.00071 2.72256 1.47018 0.470184 -0.754632 4.73959 
11 33300 3.22916 9.74468e-05 7.00442 1.47024 -5.67647e-05 1.0007 2.72267 1.47024 0.470243 -0.754505 4.75392 
11 33400 3.23882 9.74468e-05 7.00442 1.47025 5.70572e-06 1.0007 2.72268 1.47025 0.470248 -0.754495 4.76825 
11 33500 3.24849 9.74468e-05 7.00442 1.4704 4.07619e-05 1.00071 2.72296 1.4704 0.470398 -0.754176 4.78258 
11 33600 3.25823 9.74468e-05 7.00442 1.4702 -6.12669e-05 1.0007 2.7226 1.4702 0.470202 -0.754593 4.79691 
11 33700 3.2679 9.74468e-05 7.00442 1.47008 -0.000115147 1.00071 2.72237 1.47008 0.47008 -0.754853 4.81123 
11 33800 3.27764 9.74468e-05 7.00442 1.46991 3.09386e-05 1.0007 2.72206 1.46991 0.469911 -0.755213 4.82555 
11 33900 3.28731 9.74468e-05 7.00442 1.47011 -4.03679e-05 1.00071 2.72243 1.47011 0.470113 -0.754783 4.83988 
11 34000 3.29697 9.74468e-05 7.00442 1.47005 1.59871e-05 1.00071 2.72232 1.47005 0.470054 -0.754907 4.8542 
11 34100 3.30672 9.74468e-05 7.00442 1.47024 -2.10509e-05 1.00071 2.72266 1.47024 0.470237 -0.754518 4.86853 
11 34200 3.31639 9.74468e-05 7.00442 1.47019 -0.000113317 1.0007 2.72258 1.47019 0.470195 -0.754608 4.88286 
11 34300 3.32613 9.74468e-05 7.00442 1.47046 -8.06467e-05 1.00071 2.72306 1.47046 0.470455 -0.754055 4.89718 
11 34400 3.3358 9.74468e-05 7.00442 1.47028 -4.01183e-05 1.0007 2.72273 1.47028 0.470277 -0.754434 4.91151 
11 34500 3.34546 9.74468e-05 7.00442 1.47029 1.3835e-06 1.00071 2.72275 1.47029 0.470286 -0.754414 4.92584 
11 34600 3.35521 9.74468e-05 7.00442 1.47022 0.000134495 1.0007 2.72263 1.47022 0.470221 -0.754552 4.94017 
11 34700 3.36487 9.74468e-05 7.00442 1.47004 4.87701e-05 1.00071 2.72229 1.47004 0.470038 -0.754942 4.9545 
11 34800 3.37462 9.74468e-05 7.00442 1.47039 0.000162966 1.00071 2.72294 1.47039 0.470386 -0.754202 4.96882 
11 34900 3.38428 9.74468e-05 7.00442 1.47006 0.000211261 1.00071 2.72234 1.47006 0.470063 -0.754889 4.98314 
11 35000 3.39395 9.74468e-05 7.00442 1.47011 0.00014941 1.0007 2.72243 1.47011 0.470115 -0.754779 4.99747 
11 35100 3.40369 9.74468e-05 7.00442 1.47003 4.81093e-05 1.0007 2.72229 1.47003 0.470035 -0.754948 5.01179 
11 35200 3.41336 9.74468e-05 7.00442 1.47026 0.000135838 1.00071 2.7227 1.47026 0.470259 -0.754471 5.02612 
11 35300 3.4231 9.74468e-05 7.00442 1.47025 9.82695e-05 1.0007 2.72268 1.47025 0.470248 -0.754496 5.04045 
11 35400 3.43277 9.74468e-05 7.00442 1.47037 0.000156453 1.0007 2.72291 1.47037 0.470372 -0.75423 5.05477 
11 35500 3.44244 9.74468e-05 7.00442 1.47014 6.77686e-05 1.0007 2.72248 1.47014 0.470137 -0.754731 5.0691 
11 35600 3.45218 9.74468e-05 7.00442 1.47034 4.72179e-05 1.00071 2.72286 1.47034 0.470343 -0.754293 5.08343 
11 35700 3.46185 9.74468e-05 7.00442 1.47016 -6.11277e-05 1.00071 2.72252 1.47016 0.470163 -0.754676 5.09776 
11 35800 3.47159 9.74468e-05 7.00442 1.47013 -1.37204e-05 1.00071 2.72246 1.47013 0.470129 -0.754749 5.11208 
11 35900 3.48126 9.74468e-05 7.00442 1.4704 -9.53356e-05 1.00071 2.72297 1.4704 0.470403 -0.754165 5.12641 
11 36000 3.49092 9.74468e-05 7.00442 1.47017 -0.000124311 1.0007 2.72253 1.47017 0.470167 -0.754667 5.14074 
11 36100 3.50067 9.74468e-05 7.00442 1.47042 -0.000168376 1.00071 2.72301 1.47042 0.470425 -0.75412 5.15506 
11 36200 3.51033 9.74468e-05 7.00442 1.47016 -3.72655e-05 1.0007 2.72252 1.47016 0.470161 -0.754681 5.16939 
11 36300 3.52 9.74468e-05 7.00442 1.47019 2.82512e-05 1.00071 2.72258 1.47019 0.470193 -0.754611 5.18372 
11 36400 3.52974 9.74468e-05 7.00442 1.47011 7.07123e-05 1.0007 2.72242 1.47011 0.470109 -0.754791 5.19804 
11 36500 3.53941 9.74468e-05 7.00442 1.47043 0.000115647 1.00071 2.72302 1.47043 0.470428 -0.754112 5.21237 
11 36600 3.54916 9.74468e-05 7.00442 1.47033 2.1822e-05 1.00071 2.72284 1.47033 0.470334 -0.754313 5.2267 
11 36700 3.55882 9.74468e-05 7.00442 1.4705 3.99896e-05 1.00071 2.72315 1.4705 0.470499 -0.753961 5.24102 
11 36800 3.56849 9.74468e-05 7.00442 1.47038 0.000113338 1.0007 2.72292 1.47038 0.470379 -0.754216 5.25535 
11 36900 3.57823 9.74468e-05 7.00442 1.47043 8.58076e-05 1.00071 2.72302 1.47043 0.470431 -0.754107 5.26968 
11 37000 3.5879 9.74468e-05 7.00442 1.47036 7.15835e-05 1.0007 2.72289 1.47036 0.470359 -0.754259 5.28401 
11 37100 3.59764 9.74468e-05 7.00442 1.47004 1.09065e-05 1.00071 2.72229 1.47004 0.470038 -0.754942 5.29834 
11 37200 3.60731 9.74468e-05 7.00442 1.47026 -5.96998e-05 1.0007 2.7227 1.47026 0.470257 -0.754476 5.31267 
11 37300 3.61697 9.74468e-05 7.00442 1.4702 -5.84809e-05 1.00071 2.72259 1.4702 0.470201 -0.754595 5.32699 
11 37400 3.62672 9.74468e-05 7.00442 1.4703 1.67306e-05 1.00071 2.72278 1.4703 0.4703 -0.754384 5.34132 
11 37500 3.63639 9.74468e-05 7.00442 1.4701 -3.16327e-05 1.00071 2.72241 1.4701 0.470099 -0.754812 5.35564 
11 37600 3.64613 9.74468e-05 7.00442 1.47036 -6.1479e-05 1.00071 2.7229 1.47036 0.470365 -0.754247 5.36997 
11 37700 3.6558 9.74468e-05 7.00442 1.47027 3.40183e-05 1.0007 2.72273 1.47027 0.470273 -0.754442 5.3843 
11 37800 3.66546 9.74468e-05 7.00442 1.47044 7.25305e-05 1.0007 2.72304 1.47044 0.470439 -0.754088 5.39863 
11 37900 3.67521 9.74468e-05 7.00442 1.47042 7.80549e-05 1.0007 2.72299 1.47042 0.470416 -0.754139 5.41296 
11 38000 3.68487 9.74468e-05 7.00442 1.47028 0.000217866 1.0007 2.72275 1.47028 0.470284 -0.754418 5.42728 
11 38100 3.69462 9.74468e-05 7.00442 1.47025 0.000189388 1.0007 2.72269 1.47025 0.470252 -0.754486 5.44161 
11 38200 3.70428 9.74468e-05 7.00442 1.4703 0.000184901 1.00071 2.72278 1.4703 0.4703 -0.754384 5.45594 
11 38300 3.71395 9.74468e-05 7.00442 1.47044 0.000210545 1.00071 2.72304 1.47044 0.470442 -0.754083 5.47027 
11 38400 3.72369 9.74468e-05 7.00442 1.47017 0.000148357 1.00071 2.72254 1.47017 0.470171 -0.754659 5.4846 
11 38500 3.73336 9.74468e-05 7.00442 1.47022 -3.9779e-05 1.00071 2.72262 1.47022 0.470217 -0.75456 5.49892 
11 38600 3.7431 9.74468e-05 7.00442 1.47007 9.44321e-05 1.0007 2.72236 1.47007 0.470073 -0.754868 5.51324 
11 38700 3.75277 9.74468e-05 7.00442 1.47026 5.69327e-05 1.00071 2.7227 1.47026 0.470258 -0.754473 5.52757 
11 38800 3.76244 9.74468e-05 7.00442 1.47014 0.000117888 1.00071 2.72248 1.47014 0.47014 -0.754726 5.5419 
11 38900 3.77218 9.74468e-05 7.00442 1.47019 3.66817e-05 1.00071 2.72257 1.47019 0.470188 -0.754623 5.55622 
11 39000 3.78185 9.74468e-05 7.00442 1.47025 -3.77177e-05 1.0007 2.72269 1.47025 0.470251 -0.754489 5.57055 
11 39100 3.79159 9.74468e-05 7.00442 1.47054 6.70728e-05 1.00071 2.72322 1.47054 0.470541 -0.753872 5.58488 
11 39200 3.80126 9.74468e-05 7.00442 1.47034 7.43319e-05 1.00071 2.72285 1.47034 0.470338 -0.754304 5.5992 
11 39300 3.81092 9.74468e-05 7.00442 1.47016 7.29684e-05 1.00071 2.72251 1.47016 0.470156 -0.75469 5.61353 
11 39400 3.82067 9.74468e-05 7.00442 1.47037 5.60877e-05 1.0007 2.72291 1.47037 0.470371 -0.754234 5.62786 
11 39500 3.83033 9.74468e-05 7.00442 1.47025 1.68668e-05 1.00071 2.72269 1.47025 0.470254 -0.754483 5.64219 
11 39600 3.84 9.74468e-05 7.00442 1.4705 -9.18652e-05 1.00071 2.72314 1.4705 0.470495 -0.75397 5.65652 
11 39700 3.84974 9.74468e-05 7.00442 1.47026 -0.000102339 1.0007 2.7227 1.47026 0.470259 -0.754472 5.67084 
11 39800 3.85941 9.74468e-05 7.00442 1.47017 -3.04348e-06 1.0007 2.72253 1.47017 0.470168 -0.754666 5.68517 
11 39900 3.86916 9.74468e-05 7.00442 1.47011 -8.34821e-06 1.00071 2.72242 1.47011 0.470106 -0.754796 5.6995 
11 40000 3.87882 9.74468e-05 7.00442 1.47035 -3.26363e-05 1.00071 2.72287 1.47035 0.47035 -0.754277 5.71382 
11 40100 3.88849 9.74468e-05 7.00442 1.4702 2.77081e-05 1.00071 2.72259 1.4702 0.470201 -0.754595 5.72815 
11 40200 3.89823 9.74468e-05 7.00442 1.47031 3.53295e-05 1.0007 2.7228 1.47031 0.470312 -0.754359 5.74247 
11 40300 3.9079 9.74468e-05 7.00442 1.47022 -1.99149e-05 1.0007 2.72263 1.47022 0.470218 -0.754559 5.7568 
11 40400 3.91764 9.74468e-05 7.00442 1.4704 -5.19313e-05 1.0007 2.72296 1.4704 0.4704 -0.754173 5.77113 
11 40500 3.92731 9.74468e-05 7.00442 1.47027 -3.46655e-06 1.0007 2.72273 1.47027 0.470272 -0.754444 5.78546 
11 40600 3.93697 9.74468e-05 7.00442 1.47021 -5.20291e-05 1.00071 2.72261 1.47021 0.47021 -0.754575 5.79978 
11 40700 3.94672 9.74468e-05 7.00442 1.4704 4.21254e-05 1.00071 2.72296 1.4704 0.4704 -0.754172 5.81412 
11 40800 3.95639 9.74468e-05 7.00442 1.47028 3.7133e-05 1.00071 2.72275 1.47028 0.470282 -0.754422 5.82845 
11 40900 3.96613 9.74468e-05 7.00442 1.47039 1.70523e-05 1.00071 2.72294 1.47039 0.470386 -0.754202 5.84277 
11 41000 3.9758 9.74468e-05 7.00442 1.47014 -5.98472e-05 1.00071 2.72248 1.47014 0.470141 -0.754723 5.85709 
11 41100 3.98546 9.74468e-05 7.00442 1.47018 5.92276e-05 1.0007 2.72256 1.47018 0.470183 -0.754634 5.87142 
11 41200 3.99521 9.74468e-05 7.00442 1.47006 0.00010712 1.0007 2.72233 1.47006 0.470058 -0.754899 5.88575 
11 41300 4.00487 9.74468e-05 7.00442 1.4703 2.90926e-05 1.00071 2.72278 1.4703 0.4703 -0.754385 5.90007 
11 41400 4.01462 9.74468e-05 7.00442 1.47036 9.06967e-05 1.0007 2.72288 1.47036 0.470356 -0.754264 5.9144 
11 41500 4.02428 9.74468e-05 7.00442 1.47029 6.95191e-05 1.0007 2.72276 1.47029 0.470291 -0.754404 5.92873 
11 41600 4.03395 9.74468e-05 7.00442 1.47025 1.00297e-05 1.0007 2.72269 1.47025 0.470254 -0.754483 5.94306 
11 41700 4.04369 9.74468e-05 7.00442 1.4704 2.5425e-05 1.00071 2.72297 1.4704 0.470402 -0.754168 5.95738 
11 41800 4.05336 9.74468e-05 7.00442 1.47052 7.27727e-05 1.00071 2.72318 1.47052 0.470515 -0.753927 5.97171 
11 41900 4.0631 9.74468e-05 7.00442 1.47027 5.90411e-05 1.00071 2.72272 1.47027 0.47027 -0.754448 5.98604 
11 42000 4.07277 9.74468e-05 7.00442 1.4703 1.34392e-05 1.00071 2.72278 1.4703 0.470302 -0.754381 6.00037 
11 42100 4.08244 9.74468e-05 7.00442 1.4702 7.45035e-05 1.0007 2.7226 1.4702 0.470205 -0.754587 6.0147 
11 42200 4.09218 9.74468e-05 7.00442 1.4704 5.95806e-05 1.00071 2.72297 1.4704 0.470402 -0.754167 6.02902 
11 42300 4.10185 9.74468e-05 7.00442 1.47014 3.92668e-05 1.0007 2.72247 1.47014 0.470136 -0.754734 6.04335 
11 42400 4.11159 9.74468e-05 7.00442 1.47013 0.000110973 1.0007 2.72246 1.47013 0.470127 -0.754751 6.05767 
11 42500 4.12126 9.74468e-05 7.00442 1.47013 -5.75877e-05 1.00071 2.72247 1.47013 0.470133 -0.754739 6.072 
11 42600 4.13092 9.74468e-05 7.00442 1.47046 -4.06341e-05 1.00071 2.72308 1.47046 0.470462 -0.75404 6.08633 
11 42700 4.14067 9.74468e-05 7.00442 1.47027 -5.89156e-05 1.00071 2.72272 1.47027 0.470269 -0.75445 6.10066 
11 42800 4.15033 9.74468e-05 7.00442 1.47039 -4.71259e-05 1.00071 2.72294 1.47039 0.47039 -0.754194 6.11498 
11 42900 4.16 9.74468e-05 7.00442 1.47047 3.11022e-05 1.0007 2.72309 1.47047 0.470467 -0.754029 6.12931 
11 43000 4.16974 9.74468e-05 7.00442 1.47043 7.25249e-05 1.0007 2.72302 1.47043 0.470431 -0.754107 6.14364 
11 43100 4.17941 9.74468e-05 7.00442 1.47041 2.32105e-05 1.00071 2.72299 1.47041 0.470414 -0.754143 6.15797 
11 43200 4.18916 9.74468e-05 7.00442 1.47022 -1.0852e-05 1.00071 2.72263 1.47022 0.470223 -0.754549 6.1723 
11 43300 4.19882 9.74468e-05 7.00442 1.47033 -0.000119482 1.0007 2.72284 1.47033 0.470333 -0.754315 6.18663 
11 43400 4.20849 9.74468e-05 7.00442 1.47022 -6.32786e-05 1.00071 2.72263 1.47022 0.470219 -0.754557 6.20095 
11 43500 4.21823 9.74468e-05 7.00442 1.47035 -5.02323e-05 1.00071 2.72286 1.47035 0.470346 -0.754287 6.21528 
11 43600 4.2279 9.74468e-05 7.00442 1.4702 8.80765e-07 1.00071 2.7226 1.4702 0.470202 -0.754593 6.22961 
11 43700 4.23764 9.74468e-05 7.00442 1.47028 8.01801e-05 1.00071 2.72274 1.47028 0.470278 -0.754432 6.24393 
11 43800 4.24731 9.74468e-05 7.00442 1.47028 5.17867e-05 1.0007 2.72274 1.47028 0.470278 -0.754431 6.25826 
11 43900 4.25697 9.74468e-05 7.00442 1.47066 4.30078e-05 1.00071 2.72345 1.47066 0.470664 -0.753611 6.27259 
11 44000 4.26672 9.74468e-05 7.00442 1.47049 8.05365e-05 1.0007 2.72312 1.47049 0.470486 -0.753989 6.28692 
11 44100 4.27639 9.74468e-05 7.00442 1.47043 1.46151e-05 1.00071 2.72302 1.47043 0.470429 -0.75411 6.30125 
11 44200 4.28613 9.74468e-05 7.00442 1.4706 0.00010681 1.0007 2.72334 1.4706 0.470602 -0.753743 6.31558 
11 44300 4.2958 9.74468e-05 7.00442 1.47057 0.00015995 1.00071 2.72327 1.47057 0.470567 -0.753818 6.32991 
11 44400 4.30546 9.74468e-05 7.00442 1.4707 0.000103635 1.00071 2.72352 1.4707 0.4707 -0.753535 6.34424 
11 44500 4.31521 9.74468e-05 7.00442 1.4706 7.01781e-05 1.0007 2.72332 1.4706 0.470595 -0.753756 6.35857 
11 44600 4.32487 9.74468e-05 7.00442 1.47084 0.000241491 1.0007 2.72378 1.47084 0.470844 -0.753229 6.3729 
11 44700 4.33462 9.74468e-05 7.00442 1.47073 0.000209416 1.0007 2.72358 1.47073 0.470732 -0.753467 6.38723 
11 44800 4.34428 9.74468e-05 7.00442 1.47078 0.000127568 1.0007 2.72367 1.47078 0.470784 -0.753356 6.40156 
11 44900 4.35395 9.74468e-05 7.00442 1.47069 0.00018407 1.0007 2.7235 1.47069 0.470688 -0.753559 6.4159 
11 45000 4.36369 9.74468e-05 7.00442 1.47089 0.000164848 1.0007 2.72386 1.47089 0.470887 -0.753137 6.43023 
11 45100 4.37336 9.74468e-05 7.00442 1.47133 9.15963e-05 1.0007 2.72469 1.47133 0.471333 -0.75219 6.44456 
11 45200 4.3831 9.74468e-05 7.00442 1.47202 4.06001e-05 1.00074 2.72596 1.47202 0.472017 -0.750741 6.45883 
11 45300 4.39277 9.74468e-05 7.00439 1.47884 -0.000103996 1.00102 2.7386 1.47884 0.478844 -0.73638 6.4712 
11 45400 4.40244 9.74468e-05 7.00435 1.50184 -3.98846e-05 1.0014 2.78118 1.50184 0.501839 -0.689476 6.48246 
11 45500 4.41218 9.74468e-05 7.00429 1.52685 -0.00015175 1.00166 2.82749 1.52685 0.526847 -0.640845 6.49303 
11 45600 4.42185 9.74468e-05 7.00422 1.54761 -6.17594e-05 1.00179 2.86595 1.54761 0.547614 -0.602185 6.50303 
11 45700 4.43159 9.74468e-05 7.00414 1.56278 -6.7162e-05 1.00186 2.89404 1.56278 0.562784 -0.57486 6.51254 
11 45800 4.44126 9.74468e-05 7.00405 1.57222 -9.12896e-05 1.00191 2.91152 1.57222 0.572222 -0.558229 6.52165 
11 45900 4.45092 9.74468e-05 7.00395 1.57812 -3.83259e-06 1.00194 2.92245 1.57812 0.578124 -0.547966 6.53044 
11 46000 4.46067 9.74468e-05 7.00385 1.58163 1.94261e-05 1.00198 2.92895 1.58163 0.581633 -0.541915 6.53896 
11 46100 4.47033 9.74468e-05 7.00375 1.58408 8.95702e-07 1.00202 2.93349 1.58408 0.584083 -0.537712 6.54729 
11 46200 4.48 9.74468e-05 7.00364 1.58549 -0.000188471 1.00205 2.93609 1.58549 0.585491 -0.535304 6.55544 
11 46300 4.48974 9.74468e-05 7.00353 1.58622 -0.000136337 1.0021 2.93745 1.58622 0.586225 -0.534052 6.56346 
11 46400 4.49941 9.74468e-05 7.00341 1.58668 -4.32468e-06 1.00214 2.93829 1.58668 0.586676 -0.533283 6.57134 
11 46500 4.50916 9.74468e-05 7.0033 1.58756 7.40388e-05 1.00219 2.93993 1.58756 0.587564 -0.53177 6.57911 
11 46600 4.51882 9.74468e-05 7.00318 1.58886 -5.10632e-06 1.00224 2.94233 1.58886 0.588859 -0.529569 6.58681 
11 46700 4.52849 9.74468e-05 7.00307 1.59047 9.19466e-05 1.00229 2.94531 1.59047 0.590468 -0.526839 6.59441 
11 46800 4.53823 9.74468e-05 7.00295 1.59191 0.000113314 1.00237 2.94798 1.59191 0.591908 -0.524403 6.60194 
11 46900 4.5479 9.74468e-05 7.00283 1.59344 9.61302e-05 1.00246 2.95082 1.59344 0.593444 -0.521813 6.60938 
11 47000 4.55764 9.74468e-05 7.00271 1.59475 7.22645e-05 1.00255 2.95325 1.59475 0.594755 -0.519606 6.61674 
11 47100 4.56731 9.74468e-05 7.00258 1.59645 8.54664e-05 1.00264 2.9564 1.59645 0.596454 -0.516753 6.62403 
11 47200 4.57697 9.74468e-05 7.00246 1.59787 -2.99871e-05 1.00273 2.95902 1.59787 0.597869 -0.514384 6.63127 
11 47300 4.58672 9.74468e-05 7.00234 1.59999 -0.000150828 1.00283 2.96294 1.59999 0.599987 -0.510848 6.63845 
11 47400 4.59639 9.74468e-05 7.00222 1.60248 -0.000250534 1.00294 2.96755 1.60248 0.602478 -0.506704 6.64559 
11 47500 4.60613 9.74468e-05 7.0021 1.60551 -0.00047445 1.00304 2.97317 1.60551 0.605513 -0.501679 6.65268 
11 47600 4.6158 9.74468e-05 7.00197 1.60932 -0.000447245 1.00315 2.98022 1.60932 0.609317 -0.495416 6.65973 
11 47700 4.62546 9.74468e-05 7.00185 1.61345 -0.000316615 1.00327 2.98788 1.61345 0.613453 -0.488651 6.66675 
11 47800 4.63521 9.74468e-05 7.00173 1.619 -0.000480374 1.00339 2.99815 1.619 0.619002 -0.479647 6.67373 
11 47900 4.64487 9.74468e-05 7.00161 1.62421 -0.00040483 1.00352 3.00779 1.62421 0.624207 -0.471274 6.68067 
11 48000 4.65462 9.74468e-05 7.00149 1.63068 -0.000343958 1.00362 3.01977 1.63068 0.630678 -0.460959 6.68756 
11 48100 4.66428 9.74468e-05 7.00137 1.63693 -0.000215263 1.00372 3.03136 1.63693 0.636934 -0.451089 6.69443 
11 48200 4.67395 9.74468e-05 7.00125 1.64397 -0.000368688 1.00384 3.0444 1.64397 0.643974 -0.440097 6.70125 
11 48300 4.68369 9.74468e-05 7.00114 1.6523 -0.000315035 1.00394 3.05982 1.6523 0.652301 -0.427249 6.70801 
11 48400 4.69336 9.74468e-05 7.00102 1.66065 -0.000406483 1.00405 3.07528 1.66065 0.66065 -0.414531 6.71472 
11 48500 4.7031 9.74468e-05 7.00091 1.67115 -0.000281261 1.00414 3.09473 1.67115 0.671154 -0.398756 6.72137 
11 48600 4.71277 9.74468e-05 7.0008 1.68151 -0.000141767 1.00414 3.11392 1.68151 0.681515 -0.383437 6.72795 
11 48700 4.72244 9.74468e-05 7.00069 1.69136 -0.000258354 1.00412 3.13215 1.69136 0.691363 -0.36909 6.73448 
11 48800 4.73218 9.74468e-05 7.00059 1.70298 -0.000220296 1.00403 3.15366 1.70298 0.702976 -0.352433 6.74094 
11 48900 4.74185 9.74468e-05 7.00049 1.71706 2.99527e-05 1.0039 3.17975 1.71706 0.717065 -0.332589 6.74732 
11 49000 4.75159 9.74468e-05 7.0004 1.73537 -2.95562e-05 1.0037 3.21364 1.73537 0.735366 -0.307387 6.7536 
11 49100 4.76126 9.74468e-05 7.00031 1.75485 -8.81726e-05 1.00342 3.24971 1.75485 0.754846 -0.281242 6.75977 
11 49200 4.77092 9.74468e-05 7.00023 1.78228 0.000368106 1.003 3.30051 1.78228 0.782276 -0.245548 6.76579 
11 49300 4.78067 9.74468e-05 7.00016 1.82275 0.00178334 1.00249 3.37546 1.82275 0.822746 -0.195108 6.77171 
11 49400 4.79033 9.74468e-05 7.0001 1.88851 0.00251676 1.00185 3.49723 1.88851 0.888506 -0.118214 6.77754 
11 49500 4.8 9.74468e-05 7.00005 2.05291 0.0993467 1.00129 3.80169 2.05291 1.05291 0.0515591 6.78328 
11 49600 4.80974 9.74468e-05 7.00001 2.77278 0.0463626 1.0008 5.13478 2.77278 1.77278 0.57255 6.78919 
11 49700 4.81941 9.74468e-05 7 1.59893 0.368668 1.00044 2.96098 1.59893 0.59893 -0.51261 6.798 
11 49800 4.82916 9.74468e-05 7 -0.98366 -0.0252419 1.00043 -1.82159 -0.98366 -1.98366 0.684944 6.79805 
11 49900 4.83882 9.74468e-05 7 0.81464 -0.11178 1.00039 1.50859 0.81464 -0.18536 -1.68545 6.79803 
11 50000 4.84849 9.74468e-05 7 -3.87502 0.0048419 1.00043 -7.17596 -3.87502 -4.87502 1.58412 6.79805 
11 50100 4.85823 9.74468e-05 7 -1.9034 0.00327837 1.00042 -3.52482 -1.9034 -2.9034 1.06588 6.79805 
11 50200 4.8679 9.74468e-05 7 5.08401 0.00267551 1.00042 9.41483 5.08401 4.08401 1.40708 6.79805 
11 50300 4.87764 9.74468e-05 7 -3.85665 0.00251246 1.00043 -7.14194 -3.85665 -4.85665 1.58035 6.79805 
11 50400 4.88731 9.74468e-05 7 -3.85724 0.00214524 1.00043 -7.14304 -3.85724 -4.85724 1.58047 6.79805 
11 50500 4.89697 9.74468e-05 7 -1.89739 0.00205698 1.00042 -3.51369 -1.89739 -2.89739 1.06381 6.79805 
11 50600 4.90672 9.74468e-05 7 5.08643 0.00200557 1.00042 9.41931 5.08643 4.08643 1.40767 6.79805 
11 50700 4.91639 9.74468e-05 7 -3.85697 0.00195741 1.00043 -7.14254 -3.85697 -4.85697 1.58042 6.79805 
11 50800 4.92613 9.74468e-05 7 5.08623 0.00135741 1.00042 9.41894 5.08623 4.08623 1.40762 6.79805 
11 50900 4.9358 9.74468e-05 7 5.22958 0.00201644 1.00042 9.6844 5.22958 4.22958 1.4421 6.79805 
11 51000 4.94546 9.74468e-05 7 5.08655 0.0018604 1.00042 9.41954 5.08655 4.08655 1.4077 6.79805 
11 51100 4.95521 9.74468e-05 7 -3.85676 0.00208131 1.00043 -7.14215 -3.85676 -4.85676 1.58037 6.79805 
11 51200 4.96487 9.74468e-05 7 -1.89742 0.00177122 1.00042 -3.51375 -1.89742 -2.89742 1.06382 6.79805 
11 51300 4.97462 9.74468e-05 7 5.08671 0.00179752 1.00042 9.41984 5.08671 4.08671 1.40774 6.79805 
11 51400 4.98428 9.74468e-05 7 5.08599 0.00180062 1.00042 9.4185 5.08599 4.08599 1.40756 6.79805 
11 51500 4.99395 9.74468e-05 7 -3.85617 0.00190388 1.00043 -7.14105 -3.85617 -4.85617 1.58025 6.79805 
11 51600 5.00369 9.74468e-05 7 -4.09882 0.00046673 1.00044 -7.59041 -4.09882 -5.09882 1.62901 6.79805 
11 51700 5.01336 9.74468e-05 7 -1.89673 0.00153745 1.00042 -3.51246 -1.89673 -2.89673 1.06358 6.79805 
11 51800 5.0231 9.74468e-05 7 -1.89686 0.00189651 1.00042 -3.51271 -1.89686 -2.89686 1.06363 6.79805 
11 51900 5.03277 9.74468e-05 7 5.08659 0.0019082 1.00042 9.41962 5.08659 4.08659 1.40771 6.79805 
11 52000 5.04244 9.74468e-05 7 -1.89829 0.00177125 1.00042 -3.51536 -1.89829 -2.89829 1.06412 6.79805 
11 52100 5.05218 9.74468e-05 7 5.08671 0.0018432 1.00042 9.41983 5.08671 4.08671 1.40774 6.79805 
11 52200 5.06185 9.74468e-05 7 -3.85674 0.00206918 1.00043 -7.1421 -3.85674 -4.85674 1.58037 6.79805 
11 52300 5.07159 9.74468e-05 7 -3.85618 0.00190907 1.00043 -7.14107 -3.85618 -4.85618 1.58025 6.79805 
11 52400 5.08126 9.74468e-05 7 -1.89736 0.00187378 1.00042 -3.51364 -1.89736 -2.89736 1.0638 6.79805 
11 52500 5.09092 9.74468e-05 7 5.08712 0.00177234 1.00042 9.42059 5.08712 4.08712 1.40784 6.79805 
11 52600 5.10067 9.74468e-05 7 -3.85591 0.0015367 1.00043 -7.14057 -3.85591 -4.85591 1.5802 6.79805 
11 52700 5.11033 9.74468e-05 7 -3.85585 0.00152129 1.00043 -7.14046 -3.85585 -4.85585 1.58018 6.79805 
11 52800 5.12 9.74468e-05 7 -1.8972 0.00176068 1.00042 -3.51333 -1.8972 -2.8972 1.06374 6.79805 
11 52900 5.12974 9.74468e-05 7 -1.89717 0.00217348 1.00042 -3.51328 -1.89717 -2.89717 1.06373 6.79805 
11 53000 5.13941 9.74468e-05 7 -1.89745 0.00188907 1.00042 -3.5138 -1.89745 -2.89745 1.06383 6.79805 
11 53100 5.14916 9.74468e-05 7 5.08606 0.00183911 1.00042 9.41864 5.08606 4.08606 1.40758 6.79805 
11 53200 5.15882 9.74468e-05 7 5.08647 0.00211927 1.00042 9.41938 5.08647 4.08647 1.40768 6.79805 
11 53300 5.16849 9.74468e-05 7 -3.85698 0.00200364 1.00043 -7.14256 -3.85698 -4.85698 1.58042 6.79805 
11 53400 5.17823 9.74468e-05 7 -3.85669 0.0017546 1.00043 -7.14202 -3.85669 -4.85669 1.58036 6.79805 
11 53500 5.1879 9.74468e-05 7 -3.85538 0.00195534 1.00043 -7.1396 -3.85538 -4.85538 1.58009 6.79805 
11 53600 5.19764 9.74468e-05 7 -1.89727 0.00200626 1.00042 -3.51347 -1.89727 -2.89727 1.06377 6.79805 
11 53700 5.20731 9.74468e-05 7 5.08648 0.00197247 1.00042 9.4194 5.08648 4.08648 1.40768 6.79805 
11 53800 5.21697 9.74468e-05 7 -3.85698 0.00199066 1.00043 -7.14255 -3.85698 -4.85698 1.58042 6.79805 
11 53900 5.22672 9.74468e-05 7 -3.85618 0.00193017 1.00043 -7.14107 -3.85618 -4.85618 1.58025 6.79805 
11 54000 5.23639 9.74468e-05 7 -3.85678 0.00203855 1.00043 -7.14218 -3.85678 -4.85678 1.58037 6.79805 
11 54100 5.24613 9.74468e-05 7 -3.85623 0.00188098 1.00043 -7.14117 -3.85623 -4.85623 1.58026 6.79805 
11 54200 5.2558 9.74468e-05 7 -1.89738 0.0018646 1.00042 -3.51366 -1.89738 -2.89738 1.06381 6.79805 
11 54300 5.26546 9.74468e-05 7 -1.89749 0.00172244 1.00042 -3.51388 -1.89749 -2.89749 1.06385 6.79805 
11 54400 5.27521 9.74468e-05 7 5.0867 0.00177928 1.00042 9.41982 5.0867 4.0867 1.40774 6.79805 
11 54500 5.28487 9.74468e-05 7 5.0852 0.00137117 1.00042 9.41704 5.0852 4.0852 1.40737 6.79805 
11 54600 5.29462 9.74468e-05 7 5.0871 0.00201266 1.00042 9.42055 5.0871 4.0871 1.40783 6.79805 
11 54700 5.30428 9.74468e-05 7 -3.857 0.0019502 1.00043 -7.14259 -3.857 -4.857 1.58042 6.79805 
11 54800 5.31395 9.74468e-05 7 -1.89722 0.0019415 1.00042 -3.51337 -1.89722 -2.89722 1.06375 6.79805 
11 54900 5.32369 9.74468e-05 7 5.08647 0.00198361 1.00042 9.41938 5.08647 4.08647 1.40768 6.79805 
11 55000 5.33336 9.74468e-05 7 -1.87854 0.0016632 1.00042 -3.47878 -1.87854 -2.87854 1.05728 6.79805 
11 55100 5.3431 9.74468e-05 7 5.08669 0.00184105 1.00042 9.4198 5.08669 4.08669 1.40774 6.79805 
11 55200 5.35277 9.74468e-05 7 -3.85674 0.00206927 1.00043 -7.14212 -3.85674 -4.85674 1.58037 6.79805 
11 55300 5.36244 9.74468e-05 7 -1.89742 0.00176603 1.00042 -3.51374 -1.89742 -2.89742 1.06382 6.79805 
11 55400 5.37218 9.74468e-05 7 5.08672 0.00179526 1.00042 9.41985 5.08672 4.08672 1.40774 6.79805 
11 55500 5.38185 9.74468e-05 7 -3.85673 0.00204721 1.00043 -7.1421 -3.85673 -4.85673 1.58037 6.79805 
11 55600 5.39159 9.74468e-05 7 -1.89741 0.00175488 1.00042 -3.51373 -1.89741 -2.89741 1.06382 6.79805 
11 55700 5.40126 9.74468e-05 7 -1.89487 0.00182194 1.00042 -3.50901 -1.89487 -2.89487 1.06294 6.79805 
11 55800 5.41092 9.74468e-05 7 5.08627 0.00187621 1.00042 9.41902 5.08627 4.08627 1.40763 6.79805 
11 55900 5.42067 9.74468e-05 7 5.08647 0.00222748 1.00042 9.4194 5.08647 4.08647 1.40768 6.79805 
11 56000 5.43033 9.74468e-05 7 -3.85695 0.00197892 1.00043 -7.14251 -3.85695 -4.85695 1.58041 6.79805 
11 56100 5.44 9.74468e-05 7 -1.89726 0.00198193 1.00042 -3.51344 -1.89726 -2.89726 1.06377 6.79805 
11 56200 5.44974 9.74468e-05 7 -1.89739 0.00189569 1.00042 -3.51368 -1.89739 -2.89739 1.06381 6.79805 
11 56300 5.45941 9.74468e-05 7 -3.85318 0.00147319 1.00043 -7.13552 -3.85318 -4.85318 1.57963 6.79805 
11 56400 5.46916 9.74468e-05 7 -3.85695 0.0026685 1.00043 -7.1425 -3.85695 -4.85695 1.58041 6.79805 
11 56500 5.47882 9.74468e-05 7 -1.89727 0.00204179 1.00042 -3.51346 -1.89727 -2.89727 1.06377 6.79805 
11 56600 5.48849 9.74468e-05 7 -1.89809 0.00169299 1.00042 -3.51497 -1.89809 -2.89809 1.06405 6.79805 
11 56700 5.49823 9.74468e-05 7 -1.8975 0.00176272 1.00042 -3.51389 -1.8975 -2.8975 1.06385 6.79805 
11 56800 5.5079 9.74468e-05 7 5.0867 0.00179939 1.00042 9.41981 5.0867 4.0867 1.40774 6.79805 
11 56900 5.51764 9.74468e-05 7 -3.85674 0.00205019 1.00043 -7.14211 -3.85674 -4.85674 1.58037 6.79805 
11 57000 5.52731 9.74468e-05 7 -3.85665 0.00127514 1.00043 -7.14195 -3.85665 -4.85665 1.58035 6.79805 
11 57100 5.53697 9.74468e-05 7 -3.85569 0.00162781 1.00043 -7.14016 -3.85569 -4.85569 1.58015 6.79805 
11 57200 5.54672 9.74468e-05 7 -1.89723 0.00194483 1.00042 -3.51339 -1.89723 -2.89723 1.06376 6.79805 
11 57300 5.55639 9.74468e-05 7 5.08646 0.00198439 1.00042 9.41937 5.08646 4.08646 1.40768 6.79805 
11 57400 5.56613 9.74468e-05 7 -3.85698 0.00192748 1.00043 -7.14256 -3.85698 -4.85698 1.58042 6.79805 
11 57500 5.5758 9.74468e-05 7 -3.85645 0.00191343 1.00043 -7.14158 -3.85645 -4.85645 1.58031 6.79805 
11 57600 5.58546 9.74468e-05 7 5.08597 0.00193225 1.00042 9.41847 5.08597 4.08597 1.40756 6.79805 
11 57700 5.59521 9.74468e-05 7 5.08623 0.00112413 1.00042 9.41894 5.08623 4.08623 1.40762 6.79805 
11 57800 5.60487 9.74468e-05 7 -3.85677 0.0020508 1.00043 -7.14216 -3.85677 -4.85677 1.58037 6.79805 
11 57900 5.61462 9.74468e-05 7 5.08653 0.00172885 1.00042 9.4195 5.08653 4.08653 1.4077 6.79805 
11 58000 5.62428 9.74468e-05 7 5.08623 0.00188789 1.00042 9.41895 5.08623 4.08623 1.40762 6.79805 
11 58100 5.63395 9.74468e-05 7 5.08667 0.00181686 1.00042 9.41977 5.08667 4.08667 1.40773 6.79805 
11 58200 5.64369 9.74468e-05 7 -3.85675 0.00205771 1.00043 -7.14213 -3.85675 -4.85675 1.58037 6.79805 
11 58300 5.65336 9.74468e-05 7 -1.89742 0.00176017 1.00042 -3.51374 -1.89742 -2.89742 1.06382 6.79805 
11 58400 5.6631 9.74468e-05 7 5.08672 0.00179209 1.00042 9.41985 5.08672 4.08672 1.40774 6.79805 
11 58500 5.67277 9.74468e-05 7 -3.85673 0.00204541 1.00043 -7.1421 -3.85673 -4.85673 1.58037 6.79805 
11 58600 5.68244 9.74468e-05 7 -1.89741 0.0017539 1.00042 -3.51373 -1.89741 -2.89741 1.06382 6.79805 
11 58700 5.69218 9.74468e-05 7 5.08672 0.00178864 1.00042 9.41985 5.08672 4.08672 1.40774 6.79805 
11 58800 5.70185 9.74468e-05 7 5.086 0.00180015 1.00042 9.41852 5.086 4.086 1.40757 6.79805 
11 58900 5.71159 9.74468e-05 7 -3.85616 0.00190193 1.00043 -7.14104 -3.85616 -4.85616 1.58025 6.79805 
11 59000 5.72126 9.74468e-05 7 5.22957 0.00194646 1.00042 9.6844 5.22957 4.22957 1.4421 6.79805 
11 59100 5.73092 9.74468e-05 7 -3.85594 0.00218169 1.00043 -7.14063 -3.85594 -4.85594 1.5802 6.79805 
11 59200 5.74067 9.74468e-05 7 -1.89757 0.00188119 1.00042 -3.51403 -1.89757 -2.89757 1.06387 6.79805 
11 59300 5.75033 9.74468e-05 7 5.08698 0.00203323 1.00042 9.42033 5.08698 4.08698 1.40781 6.79805 
11 59400 5.76 9.74468e-05 7 -1.89734 0.0016163 1.00042 -3.51358 -1.89734 -2.89734 1.06379 6.79805 
11 59500 5.76974 9.74468e-05 7 5.08676 0.00174331 1.00042 9.41992 5.08676 4.08676 1.40775 6.79805 
11 59600 5.77941 9.74468e-05 7 -3.85672 0.0020237 1.00043 -7.14207 -3.85672 -4.85672 1.58036 6.79805 
11 59700 5.78916 9.74468e-05 7 5.08662 0.0018668 1.00042 9.41967 5.08662 4.08662 1.40772 6.79805 
11 59800 5.79882 9.74468e-05 7 -1.89728 0.00235987 1.00042 -3.51349 -1.89728 -2.89728 1.06377 6.79805 
11 59900 5.80849 9.74468e-05 7 5.08646 0.0019822 1.00042 9.41938 5.08646 4.08646 1.40768 6.79805 
11 60000 5.81823 9.74468e-05 7 -1.89746 0.00183984 1.00042 -3.51381 -1.89746 -2.89746 1.06383 6.79805 
11 60100 5.8279 9.74468e-05 7 5.0867 0.00182327 1.00042 9.41982 5.0867 4.0867 1.40774 6.79805 
11 60200 5.83764 9.74468e-05 7 -1.89733 0.00232368 1.00042 -3.51358 -1.89733 -2.89733 1.06379 6.79805 
11 60300 5.84731 9.74468e-05 7 5.08646 0.0019723 1.00042 9.41937 5.08646 4.08646 1.40768 6.79805 
11 60400 5.85697 9.74468e-05 7 5.08579 0.00183971 1.00042 9.41814 5.08579 4.08579 1.40752 6.79805 
11 60500 5.86672 9.74468e-05 7 5.08672 0.00202088 1.00042 9.41985 5.08672 4.08672 1.40774 6.79805 
11 60600 5.87639 9.74468e-05 7 -3.85699 0.00201999 1.00043 -7.14258 -3.85699 -4.85699 1.58042 6.79805 
11 60700 5.88613 9.74468e-05 7 -1.89722 0.00194599 1.00042 -3.51337 -1.89722 -2.89722 1.06375 6.79805 
11 60800 5.8958 9.74468e-05 7 5.08647 0.00198737 1.00042 9.41938 5.08647 4.08647 1.40768 6.79805 
11 60900 5.90546 9.74468e-05 7 -3.85698 0.00193264 1.00043 -7.14256 -3.85698 -4.85698 1.58042 6.79805 
11 61000 5.91521 9.74468e-05 7 -3.85618 0.00192776 1.00043 -7.14108 -3.85618 -4.85618 1.58025 6.79805 
11 61100 5.92487 9.74468e-05 7 -3.85522 0.00227784 1.00043 -7.1393 -3.85522 -4.85522 1.58005 6.79805 
11 61200 5.93462 9.74468e-05 7 -1.89666 0.00153979 1.00042 -3.51233 -1.89666 -2.89666 1.06356 6.79805 
11 61300 5.94428 9.74468e-05 7 -1.45709 0.00143714 1.00041 -2.69832 -1.45709 -2.45709 0.898979 6.79805 
11 61400 5.95395 9.74468e-05 7 -3.85662 0.00199223 1.00043 -7.1419 -3.85662 -4.85662 1.58034 6.79805 
11 61500 5.96369 9.74468e-05 7 -1.89736 0.00173064 1.00042 -3.51362 -1.89736 -2.89736 1.0638 6.79805 
11 61600 5.97336 9.74468e-05 7 5.08674 0.00177924 1.00042 9.41989 5.08674 4.08674 1.40775 6.79805 
11 61700 5.9831 9.74468e-05 7 -3.85672 0.00204006 1.00043 -7.14208 -3.85672 -4.85672 1.58036 6.79805 
11 61800 5.99277 9.74468e-05 7 -3.85645 0.00181591 1.00043 -7.14158 -3.85645 -4.85645 1.58031 6.79805 
11 61900 6.00244 9.74468e-05 7 -1.89737 0.00186167 1.00042 -3.51366 -1.89737 -2.89737 1.0638 6.79805 
11 62000 6.01218 9.74468e-05 7 5.08607 0.00182316 1.00042 9.41864 5.08607 4.08607 1.40758 6.79805 
11 62100 6.02185 9.74468e-05 7 -3.85621 0.00163484 1.00043 -7.14113 -3.85621 -4.85621 1.58026 6.79805 
11 62200 6.03159 9.74468e-05 7 -3.85696 0.00198761 1.00043 -7.14252 -3.85696 -4.85696 1.58041 6.79805 
11 62300 6.04126 9.74468e-05 7 -1.89725 0.0019663 1.00042 -3.51343 -1.89725 -2.89725 1.06376 6.79805 
11 62400 6.05092 9.74468e-05 7 -1.89755 0.00189822 1.00042 -3.51398 -1.89755 -2.89755 1.06387 6.79805 
11 62500 6.06067 9.74468e-05 7 -1.89727 0.00204544 1.00042 -3.51346 -1.89727 -2.89727 1.06377 6.79805 
11 62600 6.07033 9.74468e-05 7 5.08648 0.00199067 1.00042 9.41941 5.08648 4.08648 1.40768 6.79805 
11 62700 6.08 9.74468e-05 7 -3.85698 0.00194422 1.00043 -7.14256 -3.85698 -4.85698 1.58042 6.79805 
11 62800 6.08974 9.74468e-05 7 -3.85593 0.00227385 1.00043 -7.14061 -3.85593 -4.85593 1.5802 6.79805 
11 62900 6.09941 9.74468e-05 7 5.08598 0.00145101 1.00042 9.41849 5.08598 4.08598 1.40756 6.79805 
11 63000 6.10916 9.74468e-05 7 -3.85594 0.00221135 1.00043 -7.14064 -3.85594 -4.85594 1.5802 6.79805 
11 63100 6.11882 9.74468e-05 7 -3.85677 0.00208393 1.00043 -7.14217 -3.85677 -4.85677 1.58037 6.79805 
11 63200 6.12849 9.74468e-05 7 -3.85599 0.00225024 1.00043 -7.14072 -3.85599 -4.85599 1.58021 6.79805 
11 63300 6.13823 9.74468e-05 7 -3.85547 0.00242421 1.00043 -7.13976 -3.85547 -4.85547 1.58011 6.79805 
11 63400 6.1479 9.74468e-05 7 -3.8567 0.00212283 1.00043 -7.14205 -3.8567 -4.8567 1.58036 6.79805 
11 63500 6.15764 9.74468e-05 7 -3.85612 0.00195939 1.00043 -7.14096 -3.85612 -4.85612 1.58024 6.79805 
11 63600 6.16731 9.74468e-05 7 -1.89734 0.00189867 1.00042 -3.51359 -1.89734 -2.89734 1.06379 6.79805 
11 63700 6.17697 9.74468e-05 7 -1.89746 0.00174717 1.00042 -3.51382 -1.89746 -2.89746 1.06384 6.79805 
11 63800 6.18672 9.74468e-05 7 5.08671 0.00179092 1.00042 9.41983 5.08671 4.08671 1.40774 6.79805 
11 63900 6.19639 9.74468e-05 7 -3.85674 0.00204587 1.00043 -7.14211 -3.85674 -4.85674 1.58037 6.79805 
11 64000 6.20613 9.74468e-05 7 -1.89742 0.0017546 1.00042 -3.51373 -1.89742 -2.89742 1.06382 6.79805 
11 64100 6.2158 9.74468e-05 7 -1.8974 0.00185414 1.00042 -3.5137 -1.8974 -2.8974 1.06381 6.79805 
11 64200 6.22546 9.74468e-05 7 5.08606 0.0018214 1.00042 9.41863 5.08606 4.08606 1.40758 6.79805 
11 64300 6.23521 9.74468e-05 7 -3.85615 0.00190683 1.00043 -7.14102 -3.85615 -4.85615 1.58025 6.79805 
11 64400 6.24487 9.74468e-05 7 -1.89736 0.00187007 1.00042 -3.51362 -1.89736 -2.89736 1.0638 6.79805 
11 64500 6.25462 9.74468e-05 7 5.08666 0.00209296 1.00042 9.41973 5.08666 4.08666 1.40773 6.79805 
11 64600 6.26428 9.74468e-05 7 5.08552 0.00175869 1.00042 9.41763 5.08552 4.08552 1.40745 6.79805 
11 64700 6.27395 9.74468e-05 7 -3.85619 0.00192065 1.00043 -7.14109 -3.85619 -4.85619 1.58025 6.79805 
11 64800 6.28369 9.74468e-05 7 -1.89737 0.0018765 1.00042 -3.51365 -1.89737 -2.89737 1.0638 6.79805 
11 64900 6.29336 9.74468e-05 7 -3.85601 0.00222487 1.00043 -7.14075 -3.85601 -4.85601 1.58022 6.79805 
11 65000 6.3031 9.74468e-05 7 5.08573 0.00177236 1.00042 9.41802 5.08573 4.08573 1.4075 6.79805 
11 65100 6.31277 9.74468e-05 7 -3.85619 0.00190936 1.00043 -7.14109 -3.85619 -4.85619 1.58025 6.79805 
11 65200 6.32244 9.74468e-05 7 -1.89737 0.00187201 1.00042 -3.51365 -1.89737 -2.89737 1.0638 6.79805 
11 65300 6.33218 9.74468e-05 7 -1.89749 0.00172572 1.00042 -3.51388 -1.89749 -2.89749 1.06385 6.79805 
11 65400 6.34185 9.74468e-05 7 5.0865 0.00163734 1.00042 9.41945 5.0865 4.0865 1.40769 6.79805 
11 65500 6.35159 9.74468e-05 7 -3.85517 0.00154894 1.00043 -7.1392 -3.85517 -4.85517 1.58004 6.79805 
11 65600 6.36126 9.74468e-05 7 5.08599 0.00175069 1.00042 9.4185 5.08599 4.08599 1.40756 6.79805 
11 65700 6.37092 9.74468e-05 7 -3.85611 0.00188349 1.00043 -7.14094 -3.85611 -4.85611 1.58024 6.79805 
11 65800 6.38067 9.74468e-05 7 5.08599 0.00177555 1.00042 9.4185 5.08599 4.08599 1.40756 6.79805 
11 65900 6.39033 9.74468e-05 7 -3.85616 0.00189191 1.00043 -7.14105 -3.85616 -4.85616 1.58025 6.79805 
11 66000 6.4 9.74468e-05 7 -1.89736 0.00186384 1.00042 -3.51363 -1.89736 -2.89736 1.0638 6.79805 
11 66100 6.40974 9.74468e-05 7 5.08607 0.00182337 1.00042 9.41865 5.08607 4.08607 1.40758 6.79805 
11 66200 6.41941 9.74468e-05 7 -3.85615 0.00190775 1.00043 -7.14102 -3.85615 -4.85615 1.58025 6.79805 
11 66300 6.42916 9.74468e-05 7 5.08589 0.00190854 1.00042 9.41831 5.08589 4.08589 1.40754 6.79805 
11 66400 6.43882 9.74468e-05 7 -1.89752 0.00184013 1.00042 -3.51392 -1.89752 -2.89752 1.06385 6.79805 
