11 0 0 3.44526e-05 7.00442 1.36501 0 1.00003 2.5278 1.36501 0.365012 -1.00783 8.26188e-07 
11 100 0.00683885 6.89053e-05 7.00442 1.39553 -3.53253e-07 1.00045 2.58431 1.39553 0.395529 -0.927531 0.00944976 
11 200 0.0137294 6.89053e-05 7.00442 1.41478 -2.64855e-06 1.00046 2.61997 1.41478 0.414783 -0.879999 0.0191371 
11 300 0.0206167 6.89053e-05 7.00442 1.4267 -1.8564e-06 1.00047 2.64203 1.4267 0.426697 -0.851681 0.0289225 
11 400 0.0275072 6.89053e-05 7.00442 1.43389 -1.5491e-05 1.00048 2.65536 1.43389 0.433894 -0.834955 0.0387857 
11 500 0.0343428 6.89053e-05 7.00442 1.43721 -2.34033e-05 1.00049 2.6615 1.43721 0.437209 -0.827344 0.0486768 
11 600 0.0412333 6.89053e-05 7.00442 1.43935 -1.75095e-05 1.00049 2.66547 1.43935 0.439352 -0.822455 0.0585837 
11 700 0.0480689 6.89053e-05 7.00442 1.43994 4.9913e-05 1.0005 2.66656 1.43994 0.439945 -0.821107 0.0685076 
11 800 0.0549594 6.89053e-05 7.00442 1.43937 -1.53449e-05 1.00051 2.66549 1.43937 0.439366 -0.822423 0.0784252 
11 900 0.06185 6.89053e-05 7.00442 1.43892 -4.96458e-05 1.00052 2.66467 1.43892 0.438924 -0.82343 0.0883405 
11 1000 0.0686856 6.89053e-05 7.00442 1.43807 -1.39992e-05 1.00053 2.6631 1.43807 0.438072 -0.825373 0.0982506 
11 1100 0.0755761 6.89053e-05 7.00442 1.43768 -3.27021e-06 1.00055 2.66237 1.43768 0.437681 -0.826265 0.108152 
11 1200 0.0824117 6.89053e-05 7.00442 1.43701 -6.43007e-06 1.00056 2.66112 1.43701 0.437007 -0.827805 0.118061 
11 1300 0.0893022 6.89053e-05 7.00442 1.4357 2.79553e-05 1.00057 2.65871 1.4357 0.435705 -0.83079 0.127957 
11 1400 0.0961378 6.89053e-05 7.00442 1.43493 -4.70458e-05 1.00058 2.65728 1.43493 0.434931 -0.832568 0.137841 
11 1500 0.103028 6.89053e-05 7.00442 1.43395 -4.76391e-05 1.00058 2.65547 1.43395 0.433953 -0.834818 0.147729 
11 1600 0.109919 6.89053e-05 7.00442 1.43371 0.000154336 1.0006 2.65502 1.43371 0.433712 -0.835375 0.157608 
11 1700 0.116754 6.89053e-05 7.00442 1.43326 0.000101205 1.0006 2.65419 1.43326 0.433263 -0.83641 0.167479 
11 1800 0.123645 6.89053e-05 7.00442 1.43274 0.000105083 1.00061 2.65322 1.43274 0.432736 -0.837626 0.177355 
11 1900 0.130481 6.89053e-05 7.00442 1.43298 0.000258405 1.00064 2.65367 1.43298 0.43298 -0.837064 0.187224 
11 2000 0.137371 6.89053e-05 7.00442 1.43212 0.000157632 1.00065 2.65208 1.43212 0.432125 -0.839041 0.1971 
11 2100 0.144207 6.89053e-05 7.00442 1.43118 2.23365e-05 1.00065 2.65034 1.43118 0.431182 -0.841225 0.20696 
11 2200 0.151097 6.89053e-05 7.00442 1.43105 0.000112171 1.00066 2.65009 1.43105 0.431048 -0.841537 0.216817 
11 2300 0.157988 6.89053e-05 7.00442 1.43136 0.000122978 1.00066 2.65067 1.43136 0.431362 -0.840808 0.226684 
11 2400 0.164823 6.89053e-05 7.00442 1.43092 0.000145937 1.00067 2.64984 1.43092 0.430916 -0.841843 0.236535 
11 2500 0.171714 6.89053e-05 7.00442 1.43039 0.000128887 1.00068 2.64886 1.43039 0.430386 -0.843073 0.246396 
11 2600 0.178549 6.89053e-05 7.00442 1.43012 0.000202646 1.00068 2.64838 1.43012 0.430123 -0.843684 0.256252 
11 2700 0.18544 6.89053e-05 7.00442 1.42982 0.000101765 1.00068 2.64782 1.42982 0.42982 -0.844388 0.2661 
11 2800 0.192276 6.89053e-05 7.00442 1.42967 5.3643e-05 1.00069 2.64754 1.42967 0.429669 -0.844739 0.275954 
11 2900 0.199166 6.89053e-05 7.00442 1.42993 0.000180553 1.00068 2.64802 1.42993 0.42993 -0.844132 0.285802 
11 3000 0.206057 6.89053e-05 7.00442 1.42992 0.000102888 1.00068 2.648 1.42992 0.429922 -0.844151 0.295653 
11 3100 0.212892 6.89053e-05 7.00442 1.42975 0.000126102 1.00068 2.64768 1.42975 0.429747 -0.844559 0.305508 
11 3200 0.219783 6.89053e-05 7.00442 1.43061 7.95696e-05 1.0007 2.64928 1.43061 0.430609 -0.842554 0.315355 
11 3300 0.226618 6.89053e-05 7.00442 1.43092 0.000132391 1.0007 2.64985 1.43092 0.430917 -0.841841 0.325217 
11 3400 0.233509 6.89053e-05 7.00442 1.43016 0.000154227 1.00071 2.64844 1.43016 0.430158 -0.843603 0.335075 
11 3500 0.240345 6.89053e-05 7.00442 1.43039 5.04928e-05 1.00071 2.64887 1.43039 0.43039 -0.843064 0.344925 
11 3600 0.247235 6.89053e-05 7.00442 1.43076 7.37699e-05 1.00071 2.64955 1.43076 0.430758 -0.842208 0.354786 
11 3700 0.254126 6.89053e-05 7.00442 1.43058 0.000158346 1.00071 2.64922 1.43058 0.43058 -0.842623 0.364642 
11 3800 0.260961 6.89053e-05 7.00442 1.4308 9.92953e-05 1.00071 2.64964 1.4308 0.430804 -0.842102 0.374496 
11 3900 0.267852 6.89053e-05 7.00442 1.43094 0.00014281 1.00072 2.64989 1.43094 0.430942 -0.841783 0.38436 
11 4000 0.274687 6.89053e-05 7.00442 1.43073 0.000172765 1.00072 2.64951 1.43073 0.430734 -0.842266 0.394215 
11 4100 0.281578 6.89053e-05 7.00442 1.43069 0.000166591 1.0007 2.64942 1.43069 0.430686 -0.842376 0.40407 
11 4200 0.288413 6.89053e-05 7.00442 1.431 0.000103584 1.00071 2.65 1.431 0.430999 -0.84165 0.413932 
11 4300 0.295304 6.89053e-05 7.00442 1.43111 9.81238e-05 1.00071 2.6502 1.43111 0.431109 -0.841395 0.423793 
11 4400 0.302194 6.89053e-05 7.00442 1.4315 9.39741e-05 1.00071 2.65093 1.4315 0.431502 -0.840484 0.433653 
11 4500 0.30903 6.89053e-05 7.00442 1.432 0.00012062 1.00071 2.65186 1.432 0.432004 -0.83932 0.443512 
11 4600 0.315921 6.89053e-05 7.00442 1.43229 -1.85037e-05 1.00073 2.65239 1.43229 0.432291 -0.838656 0.45338 
11 4700 0.322756 6.89053e-05 7.00442 1.43188 2.62819e-05 1.00072 2.65164 1.43188 0.431883 -0.8396 0.463253 
11 4800 0.329647 6.89053e-05 7.00442 1.43226 -8.16102e-06 1.00072 2.65233 1.43226 0.432257 -0.838735 0.473113 
11 4900 0.336482 6.89053e-05 7.00442 1.43238 -1.91793e-05 1.00072 2.65256 1.43238 0.432383 -0.838444 0.482979 
11 5000 0.343373 6.89053e-05 7.00442 1.43235 1.51059e-05 1.00072 2.65251 1.43235 0.432354 -0.838511 0.492854 
11 5100 0.350263 6.89053e-05 7.00442 1.43266 -5.58819e-05 1.00073 2.65307 1.43266 0.432658 -0.837808 0.502724 
11 5200 0.357099 6.89053e-05 7.00442 1.4328 -9.24127e-05 1.00072 2.65334 1.4328 0.432803 -0.837473 0.512591 
11 5300 0.36399 6.89053e-05 7.00442 1.43274 -2.38361e-05 1.00072 2.65322 1.43274 0.432741 -0.837615 0.522462 
11 5400 0.370825 6.89053e-05 7.00442 1.43269 -1.34006e-05 1.00072 2.65313 1.43269 0.432693 -0.837727 0.532332 
11 5500 0.377716 6.89053e-05 7.00442 1.433 8.24769e-06 1.00072 2.6537 1.433 0.433001 -0.837016 0.542211 
11 5600 0.384551 6.89053e-05 7.00442 1.43311 -4.77916e-05 1.00072 2.6539 1.43311 0.433107 -0.836771 0.552077 
11 5700 0.391442 6.89053e-05 7.00442 1.4332 -1.53323e-05 1.00072 2.65407 1.4332 0.4332 -0.836556 0.561953 
11 5800 0.398332 6.89053e-05 7.00442 1.43362 -8.7081e-05 1.00072 2.65486 1.43362 0.433625 -0.835575 0.571833 
11 5900 0.405168 6.89053e-05 7.00442 1.4335 -5.46887e-05 1.00072 2.65463 1.4335 0.433503 -0.835857 0.581714 
11 6000 0.412058 6.89053e-05 7.00442 1.43366 0.000101791 1.00072 2.65493 1.43366 0.433661 -0.835492 0.591584 
11 6100 0.418894 6.89053e-05 7.00442 1.43398 0.000125552 1.00073 2.65552 1.43398 0.433983 -0.834751 0.601462 
11 6200 0.425785 6.89053e-05 7.00442 1.43414 9.1537e-05 1.00073 2.65581 1.43414 0.434138 -0.834392 0.611342 
11 6300 0.43262 6.89053e-05 7.00442 1.43415 2.81102e-05 1.00073 2.65584 1.43415 0.434154 -0.834356 0.621227 
11 6400 0.439511 6.89053e-05 7.00442 1.43426 -5.38225e-05 1.00073 2.65604 1.43426 0.434262 -0.834108 0.631103 
11 6500 0.446401 6.89053e-05 7.00442 1.43432 -2.96663e-05 1.00073 2.65615 1.43432 0.434323 -0.833966 0.640987 
11 6600 0.453237 6.89053e-05 7.00442 1.43415 -7.1138e-05 1.00073 2.65583 1.43415 0.434151 -0.834364 0.650873 
11 6700 0.460127 6.89053e-05 7.00442 1.43435 -0.000160494 1.00073 2.65621 1.43435 0.434352 -0.833901 0.660752 
11 6800 0.466963 6.89053e-05 7.00442 1.43448 -0.000151074 1.00073 2.65644 1.43448 0.434479 -0.833608 0.670632 
11 6900 0.473853 6.89053e-05 7.00442 1.43443 -0.000186321 1.00073 2.65634 1.43443 0.434425 -0.833731 0.680519 
11 7000 0.480689 6.89053e-05 7.00442 1.43464 -0.000258855 1.00073 2.65675 1.43464 0.434644 -0.833228 0.6904 
11 7100 0.48758 6.89053e-05 7.00442 1.4352 -0.000236379 1.00073 2.65777 1.4352 0.435196 -0.831959 0.700288 
11 7200 0.49447 6.89053e-05 7.00442 1.43475 -0.00028584 1.00073 2.65695 1.43475 0.434754 -0.832975 0.710177 
11 7300 0.501306 6.89053e-05 7.00442 1.43492 3.78272e-05 1.00073 2.65727 1.43492 0.434924 -0.832584 0.720061 
11 7400 0.508196 6.89053e-05 7.00442 1.43496 -7.73294e-05 1.00073 2.65733 1.43496 0.434956 -0.83251 0.729953 
11 7500 0.515032 6.89053e-05 7.00442 1.43485 -6.6644e-05 1.00073 2.65714 1.43485 0.434854 -0.832745 0.739836 
11 7600 0.521922 6.89053e-05 7.00442 1.43517 -9.46982e-05 1.00073 2.65771 1.43517 0.435166 -0.832029 0.749724 
11 7700 0.528758 6.89053e-05 7.00442 1.43533 -7.40519e-05 1.00073 2.65802 1.43533 0.435333 -0.831644 0.759614 
11 7800 0.535648 6.89053e-05 7.00442 1.43524 -0.000101835 1.00073 2.65785 1.43524 0.435239 -0.83186 0.769508 
11 7900 0.542539 6.89053e-05 7.00442 1.43525 -0.000148942 1.00073 2.65787 1.43525 0.43525 -0.831834 0.779391 
11 8000 0.549375 6.89053e-05 7.00442 1.43518 -0.00013169 1.00073 2.65775 1.43518 0.435183 -0.831989 0.789278 
11 8100 0.556265 6.89053e-05 7.00442 1.435 -0.000173986 1.00073 2.65741 1.435 0.434999 -0.832412 0.799168 
11 8200 0.563101 6.89053e-05 7.00442 1.43514 -0.000196782 1.00073 2.65767 1.43514 0.435139 -0.832089 0.809057 
11 8300 0.569991 6.89053e-05 7.00442 1.43519 -0.000206964 1.00073 2.65776 1.43519 0.435192 -0.831968 0.818941 
11 8400 0.576827 6.89053e-05 7.00442 1.43536 7.67814e-06 1.00073 2.65808 1.43536 0.435364 -0.831573 0.828831 
11 8500 0.583717 6.89053e-05 7.00442 1.43535 2.31921e-05 1.00073 2.65805 1.43535 0.435347 -0.831612 0.838725 
11 8600 0.590608 6.89053e-05 7.00442 1.43559 4.12095e-05 1.00073 2.65851 1.43559 0.435593 -0.831046 0.848614 
11 8700 0.597444 6.89053e-05 7.00442 1.43569 2.21784e-06 1.00074 2.65868 1.43569 0.435687 -0.830832 0.858506 
11 8800 0.604334 6.89053e-05 7.00442 1.43536 1.28721e-05 1.00074 2.65808 1.43536 0.435361 -0.831581 0.868397 
11 8900 0.61117 6.89053e-05 7.00442 1.43544 1.7763e-05 1.00073 2.65822 1.43544 0.43544 -0.831397 0.878287 
11 9000 0.61806 6.89053e-05 7.00442 1.43577 0.000134647 1.00073 2.65883 1.43577 0.435771 -0.830639 0.888178 
11 9100 0.624896 6.89053e-05 7.00442 1.43547 0.000147649 1.00073 2.65828 1.43547 0.435469 -0.831331 0.898068 
11 9200 0.631786 6.89053e-05 7.00442 1.43553 5.90437e-05 1.00073 2.6584 1.43553 0.435533 -0.831184 0.907958 
11 9300 0.638677 6.89053e-05 7.00442 1.43566 0.000142155 1.00073 2.65863 1.43566 0.435659 -0.830895 0.917854 
11 9400 0.645512 6.89053e-05 7.00442 1.43541 8.25728e-05 1.00074 2.65816 1.43541 0.435406 -0.831477 0.92774 
11 9500 0.652403 6.89053e-05 7.00442 1.43572 -1.95426e-05 1.00073 2.65874 1.43572 0.435722 -0.83075 0.937634 
11 9600 0.659239 6.89053e-05 7.00442 1.43589 4.99389e-05 1.00073 2.65905 1.43589 0.435886 -0.830374 0.947529 
11 9700 0.666129 6.89053e-05 7.00442 1.43569 0.000145754 1.00073 2.65868 1.43569 0.435686 -0.830834 0.95742 
11 9800 0.672965 6.89053e-05 7.00442 1.43607 8.28496e-05 1.00073 2.65939 1.43607 0.436068 -0.829957 0.967315 
11 9900 0.679855 6.89053e-05 7.00442 1.43615 7.27604e-05 1.00074 2.65953 1.43615 0.436148 -0.829774 0.97721 
11 10000 0.686746 6.89053e-05 7.00442 1.43587 0.000123339 1.00074 2.65902 1.43587 0.435868 -0.830416 0.987102 
11 10100 0.693581 6.89053e-05 7.00442 1.43586 9.13963e-05 1.00074 2.659 1.43586 0.435862 -0.830428 0.996999 
11 10200 0.700472 6.89053e-05 7.00442 1.43572 0.000106916 1.00074 2.65875 1.43572 0.435724 -0.830747 1.00689 
11 10300 0.707307 6.89053e-05 7.00442 1.43595 1.9449e-05 1.00074 2.65917 1.43595 0.435954 -0.830219 1.01678 
11 10400 0.714198 6.89053e-05 7.00442 1.43574 7.79822e-05 1.00074 2.65878 1.43574 0.435743 -0.830702 1.02668 
11 10500 0.721034 6.89053e-05 7.00442 1.43579 3.76368e-06 1.00074 2.65887 1.43579 0.435791 -0.830593 1.03657 
11 10600 0.727924 6.89053e-05 7.00442 1.43586 0.00012502 1.00074 2.659 1.43586 0.435859 -0.830438 1.04646 
11 10700 0.734815 6.89053e-05 7.00442 1.43563 0.000173759 1.00074 2.65857 1.43563 0.435625 -0.830972 1.05636 
11 10800 0.74165 6.89053e-05 7.00442 1.4359 9.27276e-05 1.00073 2.65907 1.4359 0.435898 -0.830347 1.06625 
11 10900 0.748541 6.89053e-05 7.00442 1.43625 0.000146837 1.00074 2.65972 1.43625 0.436247 -0.829546 1.07615 
11 11000 0.755376 6.89053e-05 7.00442 1.43583 0.000153023 1.00074 2.65895 1.43583 0.435832 -0.830499 1.08604 
11 11100 0.762267 6.89053e-05 7.00442 1.43616 0.000267281 1.00074 2.65955 1.43616 0.436157 -0.829753 1.09594 
11 11200 0.769102 6.89053e-05 7.00442 1.43626 0.000179402 1.00074 2.65974 1.43626 0.436258 -0.829521 1.10583 
11 11300 0.775993 6.89053e-05 7.00442 1.43571 9.78736e-05 1.00074 2.65873 1.43571 0.435712 -0.830774 1.11572 
11 11400 0.782884 6.89053e-05 7.00442 1.43594 7.23303e-05 1.00074 2.65914 1.43594 0.435935 -0.830261 1.12562 
11 11500 0.789719 6.89053e-05 7.00442 1.43597 3.36642e-06 1.00074 2.6592 1.43597 0.43597 -0.830183 1.13551 
11 11600 0.79661 6.89053e-05 7.00442 1.4361 -1.57267e-05 1.00074 2.65945 1.4361 0.436102 -0.82988 1.14541 
11 11700 0.803445 6.89053e-05 7.00442 1.43615 -0.000174904 1.00074 2.65953 1.43615 0.436148 -0.829774 1.1553 
11 11800 0.810336 6.89053e-05 7.00442 1.43612 4.30489e-05 1.00074 2.65949 1.43612 0.436122 -0.829833 1.1652 
11 11900 0.817171 6.89053e-05 7.00442 1.43579 0.000122333 1.00074 2.65886 1.43579 0.435787 -0.830602 1.17509 
11 12000 0.824062 6.89053e-05 7.00442 1.43625 0.000110349 1.00074 2.65973 1.43625 0.436252 -0.829535 1.18499 
11 12100 0.830952 6.89053e-05 7.00442 1.43623 6.37438e-05 1.00074 2.65968 1.43623 0.436225 -0.829597 1.19488 
11 12200 0.837788 6.89053e-05 7.00442 1.43618 7.88759e-05 1.00074 2.65959 1.43618 0.436179 -0.829703 1.20478 
11 12300 0.844679 6.89053e-05 7.00442 1.43631 7.31696e-07 1.00074 2.65983 1.43631 0.436307 -0.829408 1.21468 
11 12400 0.851514 6.89053e-05 7.00442 1.43646 1.37276e-05 1.00074 2.66011 1.43646 0.436458 -0.829064 1.22457 
11 12500 0.858405 6.89053e-05 7.00442 1.43644 3.3768e-05 1.00074 2.66007 1.43644 0.436439 -0.829106 1.23447 
11 12600 0.86524 6.89053e-05 7.00442 1.43619 6.88432e-05 1.00074 2.65962 1.43619 0.436193 -0.82967 1.24437 
11 12700 0.872131 6.89053e-05 7.00442 1.43612 2.70056e-05 1.00074 2.65948 1.43612 0.43612 -0.829838 1.25426 
11 12800 0.879021 6.89053e-05 7.00442 1.43633 2.06848e-05 1.00074 2.65987 1.43633 0.436331 -0.829354 1.26416 
11 12900 0.885857 6.89053e-05 7.00442 1.436 -6.33597e-05 1.00074 2.65926 1.436 0.435999 -0.830115 1.27405 
11 13000 0.892747 6.89053e-05 7.00442 1.43601 -7.72649e-05 1.00074 2.65929 1.43601 0.436014 -0.830081 1.28395 
11 13100 0.899583 6.89053e-05 7.00442 1.43614 -4.86901e-05 1.00074 2.65952 1.43614 0.436143 -0.829785 1.29385 
11 13200 0.906474 6.89053e-05 7.00442 1.43569 -3.715e-05 1.00074 2.65869 1.43569 0.435691 -0.830821 1.30374 
11 13300 0.913309 6.89053e-05 7.00442 1.43612 -2.71951e-05 1.00074 2.65949 1.43612 0.436123 -0.829831 1.31363 
11 13400 0.9202 6.89053e-05 7.00442 1.43645 -0.00014233 1.00074 2.66009 1.43645 0.436448 -0.829087 1.32353 
11 13500 0.92709 6.89053e-05 7.00442 1.43634 -0.000173582 1.00074 2.65989 1.43634 0.436343 -0.829326 1.33343 
11 13600 0.933926 6.89053e-05 7.00442 1.43668 -0.000223072 1.00074 2.66052 1.43668 0.436683 -0.828547 1.34332 
11 13700 0.940816 6.89053e-05 7.00442 1.43672 -0.00036365 1.00074 2.66059 1.43672 0.436721 -0.82846 1.35322 
11 13800 0.947652 6.89053e-05 7.00442 1.43632 -0.000322447 1.00074 2.65984 1.43632 0.436315 -0.82939 1.36312 
11 13900 0.954543 6.89053e-05 7.00442 1.43636 -0.000178725 1.00074 2.65993 1.43636 0.436363 -0.829281 1.37302 
11 14000 0.961378 6.89053e-05 7.00442 1.43618 -0.000255231 1.00074 2.65958 1.43618 0.436175 -0.829711 1.38291 
11 14100 0.968269 6.89053e-05 7.00442 1.43636 -0.00017477 1.00074 2.65992 1.43636 0.436357 -0.829294 1.39281 
11 14200 0.975159 6.89053e-05 7.00442 1.43636 -0.000169611 1.00074 2.65992 1.43636 0.436357 -0.829294 1.40271 
11 14300 0.981995 6.89053e-05 7.00442 1.43631 -4.15156e-05 1.00074 2.65984 1.43631 0.436311 -0.829399 1.4126 
11 14400 0.988885 6.89053e-05 7.00442 1.43606 -0.00011232 1.00074 2.65936 1.43606 0.436057 -0.829983 1.4225 
11 14500 0.995721 6.89053e-05 7.00442 1.43611 6.43648e-06 1.00074 2.65946 1.43611 0.436109 -0.829864 1.4324 
11 14600 1.00261 6.89053e-05 7.00442 1.43631 -8.13237e-05 1.00074 2.65983 1.43631 0.436307 -0.82941 1.44229 
11 14700 1.00945 6.89053e-05 7.00442 1.43672 2.82611e-06 1.00074 2.66059 1.43672 0.436717 -0.82847 1.45219 
11 14800 1.01634 6.89053e-05 7.00442 1.4365 -7.46153e-05 1.00074 2.66018 1.4365 0.436496 -0.828975 1.46209 
11 14900 1.02323 6.89053e-05 7.00442 1.43667 -6.97426e-05 1.00074 2.6605 1.43667 0.436668 -0.828581 1.47198 
11 15000 1.03006 6.89053e-05 7.00442 1.43664 5.58159e-06 1.00074 2.66045 1.43664 0.436643 -0.82864 1.48189 
11 15100 1.03695 6.89053e-05 7.00442 1.43612 -0.000107792 1.00074 2.65949 1.43612 0.436123 -0.82983 1.49178 
11 15200 1.04379 6.89053e-05 7.00442 1.43626 8.91774e-05 1.00074 2.65974 1.43626 0.436261 -0.829514 1.50168 
11 15300 1.05068 6.89053e-05 7.00442 1.43639 -2.59484e-06 1.00074 2.65998 1.43639 0.436389 -0.829222 1.51158 
11 15400 1.05752 6.89053e-05 7.00442 1.43621 -4.04501e-05 1.00074 2.65965 1.43621 0.436211 -0.829629 1.52147 
11 15500 1.06441 6.89053e-05 7.00442 1.43638 7.22565e-06 1.00074 2.65997 1.43638 0.436382 -0.829237 1.53137 
11 15600 1.0713 6.89053e-05 7.00442 1.43617 3.54462e-05 1.00074 2.65957 1.43617 0.436169 -0.829726 1.54127 
11 15700 1.07813 6.89053e-05 7.00442 1.43588 1.47445e-05 1.00074 2.65904 1.43588 0.435879 -0.83039 1.55117 
11 15800 1.08502 6.89053e-05 7.00442 1.43638 7.50594e-05 1.00074 2.65995 1.43638 0.436375 -0.829253 1.56106 
11 15900 1.09186 6.89053e-05 7.00442 1.43651 5.8629e-05 1.00074 2.6602 1.43651 0.436507 -0.828952 1.57095 
11 16000 1.09875 6.89053e-05 7.00442 1.43635 5.14535e-05 1.00074 2.6599 1.43635 0.436347 -0.829317 1.58085 
11 16100 1.10558 6.89053e-05 7.00442 1.43667 6.40856e-05 1.00074 2.66051 1.43667 0.436674 -0.828569 1.59075 
11 16200 1.11248 6.89053e-05 7.00442 1.43673 0.000208279 1.00074 2.66061 1.43673 0.436727 -0.828447 1.60065 
11 16300 1.11937 6.89053e-05 7.00442 1.43655 1.38906e-05 1.00074 2.66028 1.43655 0.436553 -0.828846 1.61055 
11 16400 1.1262 6.89053e-05 7.00442 1.43654 0.000100991 1.00074 2.66027 1.43654 0.436543 -0.828868 1.62045 
11 16500 1.13309 6.89053e-05 7.00442 1.43633 0.00010927 1.00074 2.65987 1.43633 0.436331 -0.829353 1.63035 
11 16600 1.13993 6.89053e-05 7.00442 1.43662 8.64936e-06 1.00075 2.6604 1.43662 0.436617 -0.8287 1.64024 
11 16700 1.14682 6.89053e-05 7.00442 1.43633 5.54593e-05 1.00074 2.65987 1.43633 0.436328 -0.829361 1.65014 
11 16800 1.15365 6.89053e-05 7.00442 1.43634 0.000165231 1.00074 2.65988 1.43634 0.436335 -0.829345 1.66003 
11 16900 1.16054 6.89053e-05 7.00442 1.43626 0.000142432 1.00074 2.65974 1.43626 0.436258 -0.829522 1.66994 
11 17000 1.16743 6.89053e-05 7.00442 1.43587 0.000167536 1.00074 2.65901 1.43587 0.435866 -0.83042 1.67983 
11 17100 1.17427 6.89053e-05 7.00442 1.43617 0.000235096 1.00074 2.65957 1.43617 0.436169 -0.829725 1.68972 
11 17200 1.18116 6.89053e-05 7.00442 1.43654 0.000239023 1.00074 2.66025 1.43654 0.436537 -0.828881 1.69962 
11 17300 1.188 6.89053e-05 7.00442 1.43629 0.00015546 1.00074 2.6598 1.43629 0.436293 -0.829442 1.70951 
11 17400 1.19489 6.89053e-05 7.00442 1.43663 7.55011e-05 1.00074 2.66043 1.43663 0.436635 -0.828659 1.71942 
11 17500 1.20172 6.89053e-05 7.00442 1.43653 -5.8217e-05 1.00074 2.66024 1.43653 0.436527 -0.828905 1.72932 
11 17600 1.20861 6.89053e-05 7.00442 1.43613 1.55768e-05 1.00074 2.6595 1.43613 0.436132 -0.829811 1.73922 
11 17700 1.2155 6.89053e-05 7.00442 1.43635 -5.21757e-05 1.00074 2.65992 1.43635 0.436354 -0.829301 1.74911 
11 17800 1.22234 6.89053e-05 7.00442 1.43623 -2.65834e-05 1.00075 2.65969 1.43623 0.436233 -0.829578 1.75901 
11 17900 1.22923 6.89053e-05 7.00442 1.4362 -4.4636e-05 1.00074 2.65963 1.4362 0.436198 -0.829659 1.7689 
11 18000 1.23607 6.89053e-05 7.00442 1.43633 -9.89429e-05 1.00074 2.65986 1.43633 0.436325 -0.829367 1.7788 
11 18100 1.24296 6.89053e-05 7.00442 1.43626 -0.000173526 1.00074 2.65973 1.43626 0.436256 -0.829525 1.78869 
11 18200 1.24979 6.89053e-05 7.00442 1.43612 -0.000153367 1.00075 2.65948 1.43612 0.436119 -0.82984 1.79859 
11 18300 1.25668 6.89053e-05 7.00442 1.43605 -8.06502e-05 1.00074 2.65936 1.43605 0.436054 -0.82999 1.80849 
11 18400 1.26357 6.89053e-05 7.00442 1.4363 -2.17872e-05 1.00074 2.65981 1.4363 0.436298 -0.82943 1.81838 
11 18500 1.27041 6.89053e-05 7.00442 1.43666 -3.13341e-05 1.00074 2.66049 1.43666 0.436662 -0.828595 1.82828 
11 18600 1.2773 6.89053e-05 7.00442 1.4365 -8.78385e-05 1.00074 2.66018 1.4365 0.436495 -0.828978 1.83818 
11 18700 1.28413 6.89053e-05 7.00442 1.43672 3.06279e-05 1.00075 2.66059 1.43672 0.436716 -0.828472 1.84808 
11 18800 1.29102 6.89053e-05 7.00442 1.43669 6.28513e-05 1.00075 2.66054 1.43669 0.436689 -0.828534 1.85798 
11 18900 1.29786 6.89053e-05 7.00442 1.43627 3.87058e-05 1.00075 2.65976 1.43627 0.436272 -0.82949 1.86787 
11 19000 1.30475 6.89053e-05 7.00442 1.43637 2.35522e-05 1.00075 2.65994 1.43637 0.436367 -0.829271 1.87777 
11 19100 1.31164 6.89053e-05 7.00442 1.43655 5.21466e-05 1.00074 2.66027 1.43655 0.436546 -0.828861 1.88767 
11 19200 1.31848 6.89053e-05 7.00442 1.43619 0.000107163 1.00074 2.65961 1.43619 0.436188 -0.829683 1.89756 
11 19300 1.32537 6.89053e-05 7.00442 1.43639 -2.39849e-05 1.00074 2.65998 1.43639 0.436387 -0.829225 1.90746 
11 19400 1.3322 6.89053e-05 7.00442 1.4363 -9.28289e-05 1.00074 2.65982 1.4363 0.436305 -0.829414 1.91736 
11 19500 1.33909 6.89053e-05 7.00442 1.43591 -6.42568e-05 1.00074 2.6591 1.43591 0.435914 -0.83031 1.92725 
11 19600 1.34593 6.89053e-05 7.00442 1.43611 -0.000102629 1.00074 2.65947 1.43611 0.436112 -0.829856 1.93715 
11 19700 1.35282 6.89053e-05 7.00442 1.43648 -0.000149677 1.00074 2.66014 1.43648 0.436477 -0.829019 1.94705 
11 19800 1.35971 6.89053e-05 7.00442 1.43627 -0.000141351 1.00075 2.65976 1.43627 0.436272 -0.829489 1.95694 
11 19900 1.36655 6.89053e-05 7.00442 1.43663 -0.000139315 1.00075 2.66042 1.43663 0.436628 -0.828674 1.96684 
11 20000 1.37344 6.89053e-05 7.00442 1.43665 -0.000151542 1.00075 2.66046 1.43665 0.436647 -0.828629 1.97674 
11 20100 1.38027 6.89053e-05 7.00442 1.43633 -0.000150385 1.00075 2.65987 1.43633 0.436331 -0.829354 1.98664 
11 20200 1.38716 6.89053e-05 7.00442 1.43636 -0.000190461 1.00075 2.65993 1.43636 0.436363 -0.82928 1.99654 
11 20300 1.394 6.89053e-05 7.00442 1.43634 -7.47398e-05 1.00075 2.65989 1.43634 0.436338 -0.829338 2.00643 
11 20400 1.40089 6.89053e-05 7.00442 1.43651 6.71831e-05 1.00075 2.66021 1.43651 0.436512 -0.828938 2.01633 
11 20500 1.40778 6.89053e-05 7.00442 1.43629 8.45818e-06 1.00075 2.6598 1.43629 0.436291 -0.829445 2.02623 
11 20600 1.41461 6.89053e-05 7.00442 1.43628 5.41824e-05 1.00074 2.65977 1.43628 0.436275 -0.829481 2.03613 
11 20700 1.42151 6.89053e-05 7.00442 1.43635 5.92508e-05 1.00075 2.6599 1.43635 0.436348 -0.829315 2.04602 
11 20800 1.42834 6.89053e-05 7.00442 1.43596 5.26669e-05 1.00075 2.65919 1.43596 0.435964 -0.830195 2.05592 
11 20900 1.43523 6.89053e-05 7.00442 1.43641 -4.82583e-05 1.00074 2.66002 1.43641 0.436408 -0.829177 2.06581 
11 21000 1.44207 6.89053e-05 7.00442 1.43674 -9.95054e-06 1.00074 2.66063 1.43674 0.436738 -0.828422 2.07571 
11 21100 1.44896 6.89053e-05 7.00442 1.43639 2.72966e-05 1.00074 2.65999 1.43639 0.436393 -0.829212 2.08561 
11 21200 1.45585 6.89053e-05 7.00442 1.43677 2.24257e-06 1.00075 2.66069 1.43677 0.436773 -0.828342 2.09551 
11 21300 1.46268 6.89053e-05 7.00442 1.43673 0.000206062 1.00075 2.66061 1.43673 0.436731 -0.828437 2.10541 
11 21400 1.46957 6.89053e-05 7.00442 1.43624 0.000188076 1.00075 2.65971 1.43624 0.436243 -0.829556 2.1153 
11 21500 1.47641 6.89053e-05 7.00442 1.43642 0.000133514 1.00075 2.66003 1.43642 0.436417 -0.829158 2.1252 
11 21600 1.4833 6.89053e-05 7.00442 1.43637 7.21899e-06 1.00075 2.65994 1.43637 0.436366 -0.829274 2.1351 
11 21700 1.49014 6.89053e-05 7.00442 1.43635 7.29475e-05 1.00075 2.65991 1.43635 0.43635 -0.829311 2.145 
11 21800 1.49703 6.89053e-05 7.00442 1.43648 2.05066e-05 1.00074 2.66016 1.43648 0.436484 -0.829003 2.1549 
11 21900 1.50392 6.89053e-05 7.00442 1.43642 5.05809e-05 1.00075 2.66005 1.43642 0.436425 -0.82914 2.16479 
11 22000 1.51075 6.89053e-05 7.00442 1.43612 -9.10518e-05 1.00074 2.65948 1.43612 0.436121 -0.829836 2.17469 
11 22100 1.51764 6.89053e-05 7.00442 1.43631 -7.15135e-05 1.00074 2.65983 1.43631 0.436307 -0.82941 2.18459 
11 22200 1.52448 6.89053e-05 7.00442 1.43645 -8.43684e-05 1.00074 2.66009 1.43645 0.436449 -0.829085 2.19448 
11 22300 1.53137 6.89053e-05 7.00442 1.43645 -3.47383e-05 1.00074 2.6601 1.43645 0.436454 -0.829072 2.20438 
11 22400 1.5382 6.89053e-05 7.00442 1.43654 -3.7165e-05 1.00075 2.66025 1.43654 0.436535 -0.828887 2.21428 
11 22500 1.5451 6.89053e-05 7.00442 1.4366 3.37077e-05 1.00075 2.66036 1.4366 0.436596 -0.828748 2.22417 
11 22600 1.55199 6.89053e-05 7.00442 1.43647 3.81047e-05 1.00075 2.66013 1.43647 0.436469 -0.829039 2.23407 
11 22700 1.55882 6.89053e-05 7.00442 1.4363 6.31156e-05 1.00075 2.65981 1.4363 0.436296 -0.829434 2.24397 
11 22800 1.56571 6.89053e-05 7.00442 1.43634 -2.29188e-05 1.00075 2.6599 1.43634 0.436345 -0.829323 2.25387 
11 22900 1.57255 6.89053e-05 7.00442 1.43651 -4.16112e-05 1.00074 2.66021 1.43651 0.436513 -0.828937 2.26377 
11 23000 1.57944 6.89053e-05 7.00442 1.43627 4.03533e-05 1.00074 2.65975 1.43627 0.436266 -0.829502 2.27366 
11 23100 1.58627 6.89053e-05 7.00442 1.43655 -8.11361e-05 1.00075 2.66028 1.43655 0.43655 -0.828853 2.28356 
11 23200 1.59316 6.89053e-05 7.00442 1.43649 -2.98242e-05 1.00075 2.66017 1.43649 0.43649 -0.82899 2.29346 
11 23300 1.6 6.89053e-05 7.00442 1.43593 -0.000100206 1.00075 2.65913 1.43593 0.435931 -0.830271 2.30336 
11 23400 1.60689 6.89053e-05 7.00442 1.43641 6.95526e-05 1.00074 2.66002 1.43641 0.436413 -0.829166 2.31325 
11 23500 1.61378 6.89053e-05 7.00442 1.43658 3.95886e-05 1.00075 2.66034 1.43658 0.436584 -0.828775 2.32315 
11 23600 1.62062 6.89053e-05 7.00442 1.43623 7.67929e-05 1.00075 2.65968 1.43623 0.436228 -0.829591 2.33305 
11 23700 1.62751 6.89053e-05 7.00442 1.43665 5.24105e-05 1.00075 2.66047 1.43665 0.436655 -0.828612 2.34295 
11 23800 1.63434 6.89053e-05 7.00442 1.43675 -5.86364e-05 1.00075 2.66065 1.43675 0.43675 -0.828395 2.35284 
11 23900 1.64123 6.89053e-05 7.00442 1.43633 -0.000133034 1.00075 2.65988 1.43633 0.436334 -0.829347 2.36274 
11 24000 1.64807 6.89053e-05 7.00442 1.43653 -0.000134885 1.00075 2.66023 1.43653 0.436526 -0.828906 2.37264 
11 24100 1.65496 6.89053e-05 7.00442 1.43637 -0.000157303 1.00075 2.65994 1.43637 0.436366 -0.829275 2.38254 
11 24200 1.66185 6.89053e-05 7.00442 1.43644 -0.000123674 1.00075 2.66007 1.43644 0.436437 -0.82911 2.39244 
11 24300 1.66869 6.89053e-05 7.00442 1.43639 -3.62131e-05 1.00075 2.65999 1.43639 0.436393 -0.829213 2.40234 
11 24400 1.67558 6.89053e-05 7.00442 1.43641 -0.000101947 1.00075 2.66001 1.43641 0.436407 -0.82918 2.41223 
11 24500 1.68241 6.89053e-05 7.00442 1.43622 -9.39712e-05 1.00074 2.65966 1.43622 0.436216 -0.829619 2.42213 
11 24600 1.6893 6.89053e-05 7.00442 1.43607 -5.568e-05 1.00075 2.65938 1.43607 0.436067 -0.82996 2.43202 
11 24700 1.69614 6.89053e-05 7.00442 1.43641 9.41489e-07 1.00074 2.66003 1.43641 0.436414 -0.829164 2.44192 
11 24800 1.70303 6.89053e-05 7.00442 1.43671 -8.57831e-05 1.00075 2.66057 1.43671 0.43671 -0.828487 2.45182 
11 24900 1.70992 6.89053e-05 7.00442 1.43645 -0.000143322 1.00075 2.66009 1.43645 0.436451 -0.829079 2.46172 
11 25000 1.71675 6.89053e-05 7.00442 1.43673 -0.000135801 1.00075 2.66061 1.43673 0.436732 -0.828436 2.47162 
11 25100 1.72364 6.89053e-05 7.00442 1.43672 8.17811e-05 1.00075 2.6606 1.43672 0.436724 -0.828454 2.48152 
11 25200 1.73048 6.89053e-05 7.00442 1.43627 4.39774e-05 1.00075 2.65976 1.43627 0.436269 -0.829495 2.49141 
11 25300 1.73737 6.89053e-05 7.00442 1.43644 -4.58552e-06 1.00075 2.66008 1.43644 0.436442 -0.8291 2.50131 
11 25400 1.74421 6.89053e-05 7.00442 1.43649 4.8302e-05 1.00075 2.66017 1.43649 0.436491 -0.828987 2.51121 
11 25500 1.7511 6.89053e-05 7.00442 1.43629 6.96629e-05 1.00074 2.6598 1.43629 0.43629 -0.829449 2.5211 
11 25600 1.75799 6.89053e-05 7.00442 1.43645 -5.06367e-06 1.00075 2.6601 1.43645 0.436455 -0.829071 2.531 
11 25700 1.76482 6.89053e-05 7.00442 1.43653 1.08643e-05 1.00075 2.66024 1.43653 0.43653 -0.828898 2.5409 
11 25800 1.77171 6.89053e-05 7.00442 1.43615 4.84292e-05 1.00075 2.65954 1.43615 0.436154 -0.829759 2.5508 
11 25900 1.77855 6.89053e-05 7.00442 1.43653 -4.13757e-06 1.00075 2.66024 1.43653 0.436529 -0.828901 2.5607 
11 26000 1.78544 6.89053e-05 7.00442 1.43657 7.45486e-05 1.00074 2.66031 1.43657 0.436566 -0.828815 2.57059 
11 26100 1.79228 6.89053e-05 7.00442 1.43662 2.0865e-05 1.00075 2.66041 1.43662 0.436622 -0.828687 2.58049 
11 26200 1.79917 6.89053e-05 7.00442 1.43674 4.99466e-05 1.00075 2.66064 1.43674 0.436744 -0.828407 2.59039 
11 26300 1.80606 6.89053e-05 7.00442 1.43687 -4.07569e-05 1.00075 2.66086 1.43687 0.436866 -0.828129 2.60029 
11 26400 1.81289 6.89053e-05 7.00442 1.43663 9.9576e-05 1.00075 2.66043 1.43663 0.43663 -0.828669 2.61019 
11 26500 1.81978 6.89053e-05 7.00442 1.43654 1.22063e-05 1.00075 2.66026 1.43654 0.436539 -0.828877 2.62009 
11 26600 1.82662 6.89053e-05 7.00442 1.43638 -8.54175e-05 1.00074 2.65996 1.43638 0.436379 -0.829243 2.62999 
11 26700 1.83351 6.89053e-05 7.00442 1.43669 -1.01656e-05 1.00074 2.66053 1.43669 0.436687 -0.828539 2.63989 
11 26800 1.84034 6.89053e-05 7.00442 1.43643 -0.000134167 1.00075 2.66006 1.43643 0.436434 -0.829117 2.64979 
11 26900 1.84724 6.89053e-05 7.00442 1.4366 -7.39495e-05 1.00075 2.66037 1.4366 0.436598 -0.828742 2.65968 
11 27000 1.85413 6.89053e-05 7.00442 1.4367 -5.93353e-05 1.00074 2.66055 1.4367 0.436697 -0.828515 2.66959 
11 27100 1.86096 6.89053e-05 7.00442 1.43625 -5.41613e-05 1.00075 2.65973 1.43625 0.436254 -0.82953 2.67948 
11 27200 1.86785 6.89053e-05 7.00442 1.43643 -0.000142854 1.00075 2.66005 1.43643 0.436426 -0.829136 2.68938 
11 27300 1.87469 6.89053e-05 7.00442 1.43678 -0.000148972 1.00075 2.6607 1.43678 0.436777 -0.828332 2.69928 
11 27400 1.88158 6.89053e-05 7.00442 1.43653 -9.23648e-05 1.00075 2.66025 1.43653 0.436533 -0.828891 2.70918 
11 27500 1.88841 6.89053e-05 7.00442 1.43684 -3.16753e-05 1.00075 2.66082 1.43684 0.436841 -0.828185 2.71908 
11 27600 1.8953 6.89053e-05 7.00442 1.43676 -2.39471e-05 1.00075 2.66067 1.43676 0.436764 -0.828362 2.72898 
11 27700 1.90219 6.89053e-05 7.00442 1.43637 1.85901e-05 1.00075 2.65995 1.43637 0.436371 -0.829262 2.73888 
11 27800 1.90903 6.89053e-05 7.00442 1.43658 7.935e-05 1.00075 2.66033 1.43658 0.436579 -0.828786 2.74878 
11 27900 1.91592 6.89053e-05 7.00442 1.43663 3.76776e-05 1.00075 2.66043 1.43663 0.436631 -0.828668 2.75867 
11 28000 1.92276 6.89053e-05 7.00442 1.43664 3.25747e-06 1.00075 2.66045 1.43664 0.436643 -0.82864 2.76857 
11 28100 1.92965 6.89053e-05 7.00442 1.43674 -0.000159862 1.00075 2.66062 1.43674 0.436736 -0.828426 2.77847 
11 28200 1.93648 6.89053e-05 7.00442 1.43677 -0.000147945 1.00075 2.66069 1.43677 0.43677 -0.828349 2.78837 
11 28300 1.94337 6.89053e-05 7.00442 1.43651 -0.000219024 1.00075 2.6602 1.43651 0.436506 -0.828952 2.79827 
11 28400 1.95026 6.89053e-05 7.00442 1.43642 -0.000172203 1.00075 2.66005 1.43642 0.436425 -0.829139 2.80817 
11 28500 1.9571 6.89053e-05 7.00442 1.43661 -0.000154376 1.00074 2.66039 1.43661 0.436613 -0.828708 2.81806 
11 28600 1.96399 6.89053e-05 7.00442 1.43692 -0.000228541 1.00075 2.66097 1.43692 0.436924 -0.827997 2.82797 
11 28700 1.97083 6.89053e-05 7.00442 1.4367 -0.000240507 1.00075 2.66055 1.4367 0.436696 -0.828517 2.83787 
11 28800 1.97772 6.89053e-05 7.00442 1.43693 -0.000276655 1.00075 2.66097 1.43693 0.436926 -0.827991 2.84777 
11 28900 1.98455 6.89053e-05 7.00442 1.43694 -0.000255917 1.00075 2.661 1.43694 0.436941 -0.827957 2.85767 
11 29000 1.99144 6.89053e-05 7.00442 1.43647 -0.000219536 1.00075 2.66014 1.43647 0.436475 -0.829025 2.86757 
11 29100 1.99833 6.89053e-05 7.00442 1.43659 -0.000127329 1.00074 2.66034 1.43659 0.436586 -0.82877 2.87747 
11 29200 2.00517 6.89053e-05 7.00442 1.43664 -0.000141306 1.00075 2.66045 1.43664 0.436643 -0.82864 2.88737 
11 29300 2.01206 6.89053e-05 7.00442 1.43638 -0.000202545 1.00074 2.65996 1.43638 0.43638 -0.829242 2.89726 
11 29400 2.01889 6.89053e-05 7.00442 1.43663 -0.000219824 1.00074 2.66042 1.43663 0.436626 -0.828678 2.90716 
11 29500 2.02578 6.89053e-05 7.00442 1.43666 -0.000226189 1.00075 2.66048 1.43666 0.436662 -0.828596 2.91706 
11 29600 2.03262 6.89053e-05 7.00442 1.43627 -5.08554e-05 1.00075 2.65976 1.43627 0.436272 -0.829489 2.92696 
11 29700 2.03951 6.89053e-05 7.00442 1.43655 -0.000123299 1.00075 2.66028 1.43655 0.436549 -0.828855 2.93686 
11 29800 2.0464 6.89053e-05 7.00442 1.43666 -0.000137899 1.00075 2.66049 1.43666 0.436663 -0.828592 2.94676 
11 29900 2.05324 6.89053e-05 7.00442 1.43661 -0.000136984 1.00075 2.66038 1.43661 0.436607 -0.828721 2.95665 
11 30000 2.06013 6.89053e-05 7.00442 1.43681 -0.000189503 1.00075 2.66076 1.43681 0.436813 -0.82825 2.96656 
11 30100 2.06696 6.89053e-05 7.00442 1.4368 -0.000180087 1.00075 2.66075 1.4368 0.436804 -0.828272 2.97645 
11 30200 2.07385 6.89053e-05 7.00442 1.43656 -0.000230777 1.00075 2.6603 1.43656 0.43656 -0.828829 2.98635 
11 30300 2.08069 6.89053e-05 7.00442 1.43661 -0.000241963 1.00075 2.66039 1.43661 0.436609 -0.828716 2.99625 
11 30400 2.08758 6.89053e-05 7.00442 1.43659 -0.000138859 1.00075 2.66035 1.43659 0.436586 -0.828769 3.00615 
11 30500 2.09447 6.89053e-05 7.00442 1.43671 -0.000267499 1.00075 2.66058 1.43671 0.436715 -0.828475 3.01605 
11 30600 2.10131 6.89053e-05 7.00442 1.43653 -0.000339245 1.00075 2.66023 1.43653 0.436525 -0.828909 3.02595 
11 30700 2.1082 6.89053e-05 7.00442 1.43671 -0.000201869 1.00075 2.66058 1.43671 0.436711 -0.828484 3.03585 
11 30800 2.11503 6.89053e-05 7.00442 1.43664 -0.000378507 1.00075 2.66045 1.43664 0.436644 -0.828637 3.04575 
11 30900 2.12192 6.89053e-05 7.00442 1.43633 -0.000370731 1.00075 2.65988 1.43633 0.436333 -0.82935 3.05565 
11 31000 2.12876 6.89053e-05 7.00442 1.4366 -0.000465552 1.00075 2.66038 1.4366 0.436604 -0.828729 3.06554 
11 31100 2.13565 6.89053e-05 7.00442 1.43691 -0.000318725 1.00075 2.66094 1.43691 0.43691 -0.828028 3.07545 
11 31200 2.14254 6.89053e-05 7.00442 1.43655 -0.000288695 1.00074 2.66027 1.43655 0.436546 -0.828862 3.08534 
11 31300 2.14937 6.89053e-05 7.00442 1.43691 -0.000403304 1.00075 2.66095 1.43691 0.436911 -0.828025 3.09524 
11 31400 2.15627 6.89053e-05 7.00442 1.43688 -0.000469231 1.00075 2.66088 1.43688 0.436876 -0.828106 3.10515 
11 31500 2.1631 6.89053e-05 7.00442 1.43643 -0.000395097 1.00075 2.66005 1.43643 0.436428 -0.829133 3.11504 
11 31600 2.16999 6.89053e-05 7.00442 1.43675 -0.000369338 1.00075 2.66065 1.43675 0.436752 -0.82839 3.12494 
11 31700 2.17683 6.89053e-05 7.00442 1.43665 -0.000236226 1.00075 2.66046 1.43665 0.436647 -0.828631 3.13484 
11 31800 2.18372 6.89053e-05 7.00442 1.43655 -8.30257e-05 1.00075 2.66027 1.43655 0.436548 -0.828858 3.14474 
11 31900 2.19061 6.89053e-05 7.00442 1.43679 -0.000142061 1.00075 2.66072 1.43679 0.436791 -0.828301 3.15464 
11 32000 2.19744 6.89053e-05 7.00442 1.43658 -9.26593e-05 1.00075 2.66034 1.43658 0.436584 -0.828775 3.16454 
11 32100 2.20433 6.89053e-05 7.00442 1.43621 -0.00013244 1.00074 2.65964 1.43621 0.436205 -0.829642 3.17444 
11 32200 2.21117 6.89053e-05 7.00442 1.43628 -5.41706e-05 1.00074 2.65977 1.43628 0.436275 -0.829482 3.18433 
11 32300 2.21806 6.89053e-05 7.00442 1.43636 -6.51173e-06 1.00074 2.65993 1.43636 0.436364 -0.829278 3.19423 
11 32400 2.2249 6.89053e-05 7.00442 1.43669 3.64873e-05 1.00075 2.66054 1.43669 0.43669 -0.828532 3.20413 
11 32500 2.23179 6.89053e-05 7.00442 1.43666 7.07287e-05 1.00075 2.66048 1.43666 0.43666 -0.8286 3.21403 
11 32600 2.23868 6.89053e-05 7.00442 1.43675 -2.17474e-05 1.00075 2.66065 1.43675 0.436751 -0.828393 3.22393 
11 32700 2.24551 6.89053e-05 7.00442 1.4365 -7.88459e-05 1.00075 2.66019 1.4365 0.4365 -0.828967 3.23383 
11 32800 2.2524 6.89053e-05 7.00442 1.43618 -0.000105824 1.00075 2.6596 1.43618 0.436182 -0.829696 3.24372 
11 32900 2.25924 6.89053e-05 7.00442 1.4362 3.27343e-05 1.00075 2.65964 1.4362 0.436205 -0.829644 3.25362 
11 33000 2.26613 6.89053e-05 7.00442 1.43631 0.000146343 1.00074 2.65984 1.43631 0.436314 -0.829394 3.26352 
11 33100 2.27296 6.89053e-05 7.00442 1.43608 0.000161476 1.00075 2.65941 1.43608 0.436083 -0.829923 3.27341 
11 33200 2.27986 6.89053e-05 7.00442 1.43631 0.000108464 1.00075 2.65982 1.43631 0.436305 -0.829413 3.28331 
11 33300 2.28675 6.89053e-05 7.00442 1.43632 0.000128543 1.00075 2.65986 1.43632 0.436323 -0.829372 3.29321 
11 33400 2.29358 6.89053e-05 7.00442 1.43589 0.000116468 1.00075 2.65906 1.43589 0.435893 -0.830359 3.3031 
11 33500 2.30047 6.89053e-05 7.00442 1.43627 0.000329921 1.00074 2.65977 1.43627 0.436274 -0.829485 3.313 
11 33600 2.30731 6.89053e-05 7.00442 1.43659 0.000259612 1.00074 2.66036 1.43659 0.436593 -0.828753 3.32289 
11 33700 2.3142 6.89053e-05 7.00442 1.43656 0.000289838 1.00075 2.66029 1.43656 0.436558 -0.828835 3.33279 
11 33800 2.32103 6.89053e-05 7.00442 1.43692 0.000215758 1.00075 2.66097 1.43692 0.436924 -0.827995 3.34269 
11 33900 2.32792 6.89053e-05 7.00442 1.43675 0.000161667 1.00075 2.66066 1.43675 0.436754 -0.828385 3.35259 
11 34000 2.33481 6.89053e-05 7.00442 1.4364 6.8516e-05 1.00075 2.66 1.4364 0.436399 -0.829198 3.36249 
11 34100 2.34165 6.89053e-05 7.00442 1.43642 -4.68055e-05 1.00075 2.66004 1.43642 0.436423 -0.829143 3.37239 
11 34200 2.34854 6.89053e-05 7.00442 1.43635 -8.47553e-05 1.00075 2.65991 1.43635 0.436351 -0.829307 3.38229 
11 34300 2.35538 6.89053e-05 7.00442 1.43649 0.000120167 1.00074 2.66017 1.43649 0.436491 -0.828988 3.39218 
11 34400 2.36227 6.89053e-05 7.00442 1.4364 6.54697e-05 1.00075 2.66001 1.4364 0.436403 -0.829189 3.40208 
11 34500 2.3691 6.89053e-05 7.00442 1.43639 1.63634e-05 1.00075 2.65998 1.43639 0.436388 -0.829223 3.41198 
11 34600 2.37599 6.89053e-05 7.00442 1.43624 1.34051e-07 1.00075 2.6597 1.43624 0.436235 -0.829573 3.42187 
11 34700 2.38288 6.89053e-05 7.00442 1.43614 6.86258e-05 1.00075 2.65953 1.43614 0.436145 -0.829781 3.43177 
11 34800 2.38972 6.89053e-05 7.00442 1.43642 -8.80075e-05 1.00075 2.66004 1.43642 0.436423 -0.829143 3.44167 
11 34900 2.39661 6.89053e-05 7.00442 1.43687 -4.21176e-05 1.00075 2.66087 1.43687 0.436869 -0.828123 3.45157 
11 35000 2.40345 6.89053e-05 7.00442 1.43648 -6.02855e-05 1.00074 2.66015 1.43648 0.43648 -0.829013 3.46147 
11 35100 2.41034 6.89053e-05 7.00442 1.43674 1.32915e-05 1.00075 2.66064 1.43674 0.436744 -0.828408 3.47137 
11 35200 2.41717 6.89053e-05 7.00442 1.43666 0.000263624 1.00075 2.66048 1.43666 0.436661 -0.828598 3.48127 
11 35300 2.42406 6.89053e-05 7.00442 1.43625 0.000239371 1.00075 2.65973 1.43625 0.436252 -0.829535 3.49116 
11 35400 2.43095 6.89053e-05 7.00442 1.43643 0.00017321 1.00075 2.66005 1.43643 0.436426 -0.829137 3.50106 
11 35500 2.43779 6.89053e-05 7.00442 1.43637 6.46933e-05 1.00075 2.65994 1.43637 0.436369 -0.829268 3.51096 
11 35600 2.44468 6.89053e-05 7.00442 1.43622 0.000112793 1.00075 2.65967 1.43622 0.43622 -0.829608 3.52085 
11 35700 2.45151 6.89053e-05 7.00442 1.43645 -6.25334e-05 1.00075 2.66009 1.43645 0.436451 -0.82908 3.53075 
11 35800 2.4584 6.89053e-05 7.00442 1.4365 1.93009e-05 1.00075 2.66018 1.4365 0.436496 -0.828976 3.54065 
11 35900 2.46524 6.89053e-05 7.00442 1.43603 -7.72702e-06 1.00075 2.65931 1.43603 0.436027 -0.83005 3.55054 
11 36000 2.47213 6.89053e-05 7.00442 1.43639 -0.000106201 1.00074 2.65999 1.43639 0.436394 -0.829209 3.56044 
11 36100 2.47902 6.89053e-05 7.00442 1.43644 7.93334e-06 1.00074 2.66008 1.43644 0.436441 -0.829103 3.57034 
11 36200 2.48586 6.89053e-05 7.00442 1.43641 0.000110718 1.00075 2.66001 1.43641 0.436407 -0.829179 3.58024 
11 36300 2.49275 6.89053e-05 7.00442 1.43654 6.94315e-05 1.00075 2.66025 1.43654 0.436536 -0.828884 3.59014 
11 36400 2.49958 6.89053e-05 7.00442 1.43659 -6.24544e-05 1.00075 2.66036 1.43659 0.436595 -0.82875 3.60003 
11 36500 2.50647 6.89053e-05 7.00442 1.43648 -0.00010243 1.00075 2.66015 1.43648 0.436481 -0.82901 3.60993 
11 36600 2.51331 6.89053e-05 7.00442 1.43641 -0.00016538 1.00075 2.66001 1.43641 0.436407 -0.829179 3.61983 
11 36700 2.5202 6.89053e-05 7.00442 1.43636 -0.00017053 1.00075 2.65993 1.43636 0.436364 -0.829278 3.62973 
11 36800 2.52709 6.89053e-05 7.00442 1.43651 -7.39318e-05 1.00074 2.6602 1.43651 0.436507 -0.82895 3.63962 
11 36900 2.53393 6.89053e-05 7.00442 1.43627 -5.86085e-05 1.00075 2.65976 1.43627 0.43627 -0.829494 3.64952 
11 37000 2.54082 6.89053e-05 7.00442 1.43652 1.49002e-05 1.00075 2.66022 1.43652 0.436516 -0.828929 3.65942 
11 37100 2.54765 6.89053e-05 7.00442 1.43649 -7.39034e-05 1.00074 2.66017 1.43649 0.43649 -0.82899 3.66932 
11 37200 2.55454 6.89053e-05 7.00442 1.436 -8.98369e-05 1.00075 2.65926 1.436 0.435999 -0.830114 3.67921 
11 37300 2.56138 6.89053e-05 7.00442 1.43644 -0.000116279 1.00075 2.66007 1.43644 0.43644 -0.829104 3.68911 
11 37400 2.56827 6.89053e-05 7.00442 1.43675 -5.6746e-05 1.00075 2.66064 1.43675 0.436746 -0.828405 3.69901 
11 37500 2.57516 6.89053e-05 7.00442 1.43655 4.3892e-06 1.00075 2.66027 1.43655 0.436547 -0.82886 3.70891 
11 37600 2.58199 6.89053e-05 7.00442 1.43689 -3.73926e-06 1.00075 2.66091 1.43689 0.436891 -0.828072 3.71881 
11 37700 2.58889 6.89053e-05 7.00442 1.43672 4.65831e-08 1.00075 2.66059 1.43672 0.43672 -0.828463 3.72871 
11 37800 2.59572 6.89053e-05 7.00442 1.43627 6.05752e-05 1.00075 2.65976 1.43627 0.436268 -0.829499 3.73861 
11 37900 2.60261 6.89053e-05 7.00442 1.43652 -5.21486e-05 1.00075 2.66023 1.43652 0.436525 -0.82891 3.7485 
11 38000 2.60945 6.89053e-05 7.00442 1.4364 -5.18385e-05 1.00075 2.66 1.4364 0.436398 -0.829202 3.7584 
11 38100 2.61634 6.89053e-05 7.00442 1.43641 -7.41925e-05 1.00075 2.66002 1.43641 0.436411 -0.82917 3.7683 
11 38200 2.62323 6.89053e-05 7.00442 1.43641 -7.24248e-05 1.00075 2.66001 1.43641 0.436406 -0.829182 3.7782 
11 38300 2.63006 6.89053e-05 7.00442 1.43644 2.02686e-05 1.00075 2.66008 1.43644 0.436445 -0.829094 3.78809 
11 38400 2.63695 6.89053e-05 7.00442 1.43616 -8.37788e-05 1.00075 2.65955 1.43616 0.436156 -0.829754 3.79799 
11 38500 2.64379 6.89053e-05 7.00442 1.43617 -7.02984e-05 1.00075 2.65958 1.43617 0.436174 -0.829715 3.80789 
11 38600 2.65068 6.89053e-05 7.00442 1.43627 -6.32691e-06 1.00074 2.65975 1.43627 0.436265 -0.829505 3.81778 
11 38700 2.65752 6.89053e-05 7.00442 1.43653 -5.78333e-05 1.00075 2.66023 1.43653 0.436526 -0.828907 3.82768 
11 38800 2.66441 6.89053e-05 7.00442 1.4363 -0.000175683 1.00075 2.65982 1.4363 0.436304 -0.829416 3.83758 
11 38900 2.6713 6.89053e-05 7.00442 1.4366 -8.31143e-05 1.00075 2.66037 1.4366 0.436602 -0.828733 3.84747 
11 39000 2.67813 6.89053e-05 7.00442 1.43659 2.80076e-05 1.00075 2.66036 1.43659 0.436592 -0.828755 3.85737 
11 39100 2.68502 6.89053e-05 7.00442 1.4362 8.90668e-05 1.00075 2.65962 1.4362 0.436197 -0.829661 3.86727 
11 39200 2.69186 6.89053e-05 7.00442 1.43645 0.000171545 1.00075 2.66009 1.43645 0.436448 -0.829086 3.87717 
11 39300 2.69875 6.89053e-05 7.00442 1.43642 3.41619e-05 1.00075 2.66003 1.43642 0.436418 -0.829154 3.88707 
11 39400 2.70558 6.89053e-05 7.00442 1.43617 4.15404e-05 1.00075 2.65957 1.43617 0.436167 -0.82973 3.89696 
11 39500 2.71248 6.89053e-05 7.00442 1.43648 4.22236e-05 1.00075 2.66014 1.43648 0.436477 -0.82902 3.90686 
11 39600 2.71937 6.89053e-05 7.00442 1.43633 -3.49462e-05 1.00075 2.65987 1.43633 0.436331 -0.829353 3.91676 
11 39700 2.7262 6.89053e-05 7.00442 1.436 -5.13877e-05 1.00075 2.65925 1.436 0.435996 -0.830123 3.92666 
11 39800 2.73309 6.89053e-05 7.00442 1.43636 -5.27535e-05 1.00075 2.65993 1.43636 0.43636 -0.829287 3.93655 
11 39900 2.73993 6.89053e-05 7.00442 1.43648 8.11192e-05 1.00074 2.66014 1.43648 0.436476 -0.829021 3.94645 
11 40000 2.74682 6.89053e-05 7.00442 1.43644 -2.61083e-05 1.00075 2.66007 1.43644 0.43644 -0.829105 3.95634 
11 40100 2.75365 6.89053e-05 7.00442 1.43673 -3.19518e-06 1.00075 2.66062 1.43673 0.436733 -0.828434 3.96624 
11 40200 2.76054 6.89053e-05 7.00442 1.43665 3.55394e-05 1.00075 2.66047 1.43665 0.436653 -0.828617 3.97614 
11 40300 2.76743 6.89053e-05 7.00442 1.43634 9.32703e-05 1.00075 2.65989 1.43634 0.436342 -0.82933 3.98604 
11 40400 2.77427 6.89053e-05 7.00442 1.43627 0.000144369 1.00075 2.65977 1.43627 0.436274 -0.829486 3.99594 
11 40500 2.78116 6.89053e-05 7.00442 1.43623 0.000100539 1.00075 2.65969 1.43623 0.43623 -0.829586 4.00583 
11 40600 2.788 6.89053e-05 7.00442 1.43645 -7.86855e-05 1.00074 2.66009 1.43645 0.43645 -0.829082 4.01573 
11 40700 2.79489 6.89053e-05 7.00442 1.43632 -4.69333e-05 1.00075 2.65986 1.43632 0.436323 -0.829373 4.02563 
11 40800 2.80172 6.89053e-05 7.00442 1.4365 2.27302e-05 1.00075 2.66019 1.4365 0.436504 -0.828957 4.03553 
11 40900 2.80861 6.89053e-05 7.00442 1.43646 -3.24088e-05 1.00075 2.6601 1.43646 0.436455 -0.829069 4.04542 
11 41000 2.8155 6.89053e-05 7.00442 1.43594 4.05533e-06 1.00075 2.65915 1.43594 0.435943 -0.830244 4.05532 
11 41100 2.82234 6.89053e-05 7.00442 1.43639 -9.54019e-05 1.00074 2.65997 1.43639 0.436386 -0.829228 4.06522 
11 41200 2.82923 6.89053e-05 7.00442 1.43671 -0.000268499 1.00075 2.66058 1.43671 0.436713 -0.828479 4.07512 
11 41300 2.83607 6.89053e-05 7.00442 1.4364 -0.000188952 1.00074 2.65999 1.4364 0.436397 -0.829202 4.08501 
11 41400 2.84296 6.89053e-05 7.00442 1.43674 -0.000248818 1.00075 2.66063 1.43674 0.436742 -0.828412 4.09491 
11 41500 2.84979 6.89053e-05 7.00442 1.43675 -9.62734e-05 1.00075 2.66064 1.43675 0.436747 -0.828401 4.10481 
11 41600 2.85668 6.89053e-05 7.00442 1.43638 -2.08776e-05 1.00075 2.65996 1.43638 0.436376 -0.829251 4.11471 
11 41700 2.86357 6.89053e-05 7.00442 1.43655 -7.03195e-05 1.00075 2.66028 1.43655 0.436552 -0.828847 4.12461 
11 41800 2.87041 6.89053e-05 7.00442 1.43637 -0.000117111 1.00075 2.65994 1.43637 0.436365 -0.829276 4.13451 
11 41900 2.8773 6.89053e-05 7.00442 1.43628 -0.000103492 1.00075 2.65978 1.43628 0.43628 -0.829472 4.1444 
11 42000 2.88413 6.89053e-05 7.00442 1.43643 -0.000146935 1.00075 2.66005 1.43643 0.436427 -0.829135 4.1543 
11 42100 2.89102 6.89053e-05 7.00442 1.43643 -1.88894e-05 1.00075 2.66005 1.43643 0.436429 -0.82913 4.1642 
11 42200 2.89786 6.89053e-05 7.00442 1.43622 -5.80888e-05 1.00075 2.65968 1.43622 0.436225 -0.829598 4.17409 
11 42300 2.90475 6.89053e-05 7.00442 1.43629 -9.25903e-05 1.00074 2.65979 1.43629 0.436289 -0.829451 4.18399 
11 42400 2.91164 6.89053e-05 7.00442 1.43653 -0.000154906 1.00074 2.66024 1.43653 0.436531 -0.828897 4.19388 
11 42500 2.91848 6.89053e-05 7.00442 1.43687 -5.00709e-05 1.00075 2.66087 1.43687 0.43687 -0.828121 4.20379 
11 42600 2.92537 6.89053e-05 7.00442 1.43666 -0.000110592 1.00075 2.66048 1.43666 0.43666 -0.828601 4.21369 
11 42700 2.9322 6.89053e-05 7.00442 1.43671 -0.000117015 1.00075 2.66057 1.43671 0.436707 -0.828492 4.22358 
11 42800 2.93909 6.89053e-05 7.00442 1.43669 -0.000174601 1.00075 2.66053 1.43669 0.436688 -0.828537 4.23349 
11 42900 2.94593 6.89053e-05 7.00442 1.4364 -0.000117686 1.00075 2.66001 1.4364 0.436404 -0.829186 4.24339 
11 43000 2.95282 6.89053e-05 7.00442 1.43635 -9.5056e-05 1.00075 2.65991 1.43635 0.436352 -0.829306 4.25328 
11 43100 2.95971 6.89053e-05 7.00442 1.43659 -5.73126e-05 1.00074 2.66034 1.43659 0.436586 -0.828769 4.26318 
11 43200 2.96655 6.89053e-05 7.00442 1.43638 -2.29386e-06 1.00074 2.65996 1.43638 0.436376 -0.829251 4.27308 
11 43300 2.97344 6.89053e-05 7.00442 1.43652 8.90806e-05 1.00075 2.66022 1.43652 0.43652 -0.82892 4.28298 
11 43400 2.98027 6.89053e-05 7.00442 1.43651 0.000177859 1.00075 2.6602 1.43651 0.436509 -0.828946 4.29288 
11 43500 2.98716 6.89053e-05 7.00442 1.43617 0.000268606 1.00075 2.65958 1.43617 0.436171 -0.82972 4.30277 
11 43600 2.994 6.89053e-05 7.00442 1.43649 0.000226643 1.00075 2.66016 1.43649 0.436488 -0.828994 4.31267 
11 43700 3.00089 6.89053e-05 7.00442 1.43668 0.000245974 1.00075 2.66053 1.43668 0.436685 -0.828543 4.32257 
11 43800 3.00778 6.89053e-05 7.00442 1.43641 0.00016933 1.00075 2.66002 1.43641 0.436412 -0.829168 4.33247 
11 43900 3.01461 6.89053e-05 7.00442 1.43671 7.56056e-05 1.00075 2.66058 1.43671 0.436711 -0.828483 4.34237 
11 44000 3.02151 6.89053e-05 7.00442 1.43679 -9.16046e-05 1.00075 2.66072 1.43679 0.436788 -0.828306 4.35226 
11 44100 3.02834 6.89053e-05 7.00442 1.43647 5.91577e-05 1.00075 2.66013 1.43647 0.436472 -0.829032 4.36216 
11 44200 3.03523 6.89053e-05 7.00442 1.43657 3.14928e-05 1.00075 2.66032 1.43657 0.436573 -0.828801 4.37206 
11 44300 3.04207 6.89053e-05 7.00442 1.43657 -1.54564e-05 1.00075 2.66031 1.43657 0.436568 -0.828811 4.38196 
11 44400 3.04896 6.89053e-05 7.00442 1.43671 9.13325e-05 1.00075 2.66057 1.43671 0.436708 -0.82849 4.39186 
11 44500 3.05585 6.89053e-05 7.00442 1.43671 0.00010151 1.00075 2.66058 1.43671 0.436712 -0.828482 4.40176 
11 44600 3.06268 6.89053e-05 7.00442 1.43665 0.000169365 1.00074 2.66046 1.43665 0.436649 -0.828625 4.41166 
11 44700 3.06957 6.89053e-05 7.00442 1.43651 0.000119899 1.00075 2.66021 1.43651 0.436513 -0.828937 4.42155 
11 44800 3.07641 6.89053e-05 7.00442 1.43637 0.000196969 1.00075 2.65994 1.43637 0.436367 -0.829271 4.43145 
11 44900 3.0833 6.89053e-05 7.00442 1.43644 0.000209216 1.00074 2.66008 1.43644 0.436442 -0.8291 4.44135 
11 45000 3.09014 6.89053e-05 7.00442 1.43664 0.000241121 1.00074 2.66044 1.43664 0.436638 -0.828651 4.45125 
11 45100 3.09703 6.89053e-05 7.00442 1.43632 0.000141133 1.00075 2.65986 1.43632 0.436323 -0.829372 4.46115 
11 45200 3.10392 6.89053e-05 7.00442 1.43669 0.000307073 1.00075 2.66055 1.43669 0.436695 -0.828521 4.47105 
11 45300 3.11075 6.89053e-05 7.00442 1.43672 0.000251675 1.00075 2.66059 1.43672 0.43672 -0.828464 4.48095 
11 45400 3.11764 6.89053e-05 7.00442 1.43621 0.000110434 1.00075 2.65965 1.43621 0.436213 -0.829624 4.49084 
11 45500 3.12448 6.89053e-05 7.00442 1.43642 -0.000106128 1.00075 2.66004 1.43642 0.436422 -0.829145 4.50074 
11 45600 3.13137 6.89053e-05 7.00442 1.43633 -0.000243254 1.00075 2.65987 1.43633 0.43633 -0.829357 4.51064 
11 45700 3.1382 6.89053e-05 7.00442 1.43629 -0.000334062 1.00075 2.6598 1.43629 0.436295 -0.829438 4.52054 
11 45800 3.1451 6.89053e-05 7.00442 1.43644 -0.000368284 1.00075 2.66007 1.43644 0.43644 -0.829105 4.53043 
11 45900 3.15199 6.89053e-05 7.00442 1.43648 -0.000366978 1.00075 2.66014 1.43648 0.436476 -0.829021 4.54033 
11 46000 3.15882 6.89053e-05 7.00442 1.43604 -0.000302884 1.00075 2.65934 1.43604 0.436045 -0.83001 4.55023 
11 46100 3.16571 6.89053e-05 7.00442 1.43641 -0.000285166 1.00074 2.66003 1.43641 0.436414 -0.829164 4.56013 
11 46200 3.17255 6.89053e-05 7.00442 1.43627 -0.000197699 1.00074 2.65976 1.43627 0.436272 -0.82949 4.57002 
11 46300 3.17944 6.89053e-05 7.00442 1.43636 -0.000242295 1.00075 2.65993 1.43636 0.436365 -0.829277 4.57991 
11 46400 3.18627 6.89053e-05 7.00442 1.43653 -0.0001649 1.00075 2.66025 1.43653 0.436534 -0.828889 4.58982 
11 46500 3.19316 6.89053e-05 7.00442 1.43663 -9.07634e-05 1.00075 2.66042 1.43663 0.436627 -0.828676 4.59971 
11 46600 3.2 6.89053e-05 7.00442 1.4366 5.834e-05 1.00075 2.66037 1.4366 0.436598 -0.828741 4.60961 
11 46700 3.20689 6.89053e-05 7.00442 1.43636 4.92016e-05 1.00075 2.65993 1.43636 0.436362 -0.829284 4.61951 
11 46800 3.21378 6.89053e-05 7.00442 1.43629 4.61197e-05 1.00075 2.6598 1.43629 0.436291 -0.829446 4.62941 
11 46900 3.22062 6.89053e-05 7.00442 1.43651 -2.34206e-05 1.00075 2.6602 1.43651 0.436507 -0.82895 4.63931 
11 47000 3.22751 6.89053e-05 7.00442 1.4363 1.60763e-05 1.00075 2.65982 1.4363 0.436303 -0.829418 4.6492 
11 47100 3.23434 6.89053e-05 7.00442 1.43654 8.69581e-06 1.00075 2.66027 1.43654 0.436544 -0.828865 4.6591 
11 47200 3.24123 6.89053e-05 7.00442 1.43656 -1.26063e-05 1.00075 2.66029 1.43656 0.436556 -0.828838 4.669 
11 47300 3.24807 6.89053e-05 7.00442 1.43603 -5.94914e-05 1.00075 2.65932 1.43603 0.436034 -0.830036 4.67889 
11 47400 3.25496 6.89053e-05 7.00442 1.43641 -6.77985e-05 1.00075 2.66001 1.43641 0.436406 -0.829183 4.68879 
11 47500 3.26185 6.89053e-05 7.00442 1.43668 6.65132e-05 1.00075 2.66052 1.43668 0.436683 -0.828547 4.69869 
11 47600 3.26869 6.89053e-05 7.00442 1.4364 4.05493e-05 1.00074 2.66 1.4364 0.4364 -0.829196 4.70859 
11 47700 3.27558 6.89053e-05 7.00442 1.43671 0.000248052 1.00074 2.66057 1.43671 0.436709 -0.828489 4.71849 
11 47800 3.28241 6.89053e-05 7.00442 1.43663 0.000291126 1.00075 2.66042 1.43663 0.436629 -0.828672 4.72839 
11 47900 3.2893 6.89053e-05 7.00442 1.43637 0.00010054 1.00075 2.65995 1.43637 0.436371 -0.829263 4.73829 
11 48000 3.29614 6.89053e-05 7.00442 1.43659 0.00013434 1.00075 2.66035 1.43659 0.43659 -0.828761 4.74818 
11 48100 3.30303 6.89053e-05 7.00442 1.43642 0.000126361 1.00075 2.66004 1.43642 0.43642 -0.82915 4.75808 
11 48200 3.30992 6.89053e-05 7.00442 1.43647 4.98751e-05 1.00075 2.66013 1.43647 0.436469 -0.829038 4.76798 
11 48300 3.31675 6.89053e-05 7.00442 1.43639 5.02002e-05 1.00075 2.65999 1.43639 0.436393 -0.829213 4.77788 
11 48400 3.32364 6.89053e-05 7.00442 1.43646 0.000114104 1.00075 2.6601 1.43646 0.436455 -0.82907 4.78777 
11 48500 3.33048 6.89053e-05 7.00442 1.43626 0.000139007 1.00075 2.65974 1.43626 0.43626 -0.829516 4.79767 
11 48600 3.33737 6.89053e-05 7.00442 1.43623 0.000128108 1.00075 2.65968 1.43623 0.436228 -0.82959 4.80757 
11 48700 3.34421 6.89053e-05 7.00442 1.43637 0.000257781 1.00074 2.65995 1.43637 0.436371 -0.829262 4.81747 
11 48800 3.3511 6.89053e-05 7.00442 1.43666 0.000307649 1.00075 2.66048 1.43666 0.436659 -0.828603 4.82736 
11 48900 3.35799 6.89053e-05 7.00442 1.43638 0.000316516 1.00074 2.65996 1.43638 0.43638 -0.829241 4.83726 
11 49000 3.36482 6.89053e-05 7.00442 1.43674 0.000319728 1.00075 2.66063 1.43674 0.436738 -0.828422 4.84716 
11 49100 3.37171 6.89053e-05 7.00442 1.43676 0.000363394 1.00075 2.66066 1.43676 0.436756 -0.828381 4.85706 
11 49200 3.37855 6.89053e-05 7.00442 1.43626 0.000290675 1.00075 2.65975 1.43626 0.436265 -0.829506 4.86696 
11 49300 3.38544 6.89053e-05 7.00442 1.43642 0.00018168 1.00075 2.66004 1.43642 0.436421 -0.829148 4.87686 
11 49400 3.39228 6.89053e-05 7.00442 1.43645 0.000250052 1.00075 2.66009 1.43645 0.436449 -0.829083 4.88675 
11 49500 3.39917 6.89053e-05 7.00442 1.43622 0.000262713 1.00075 2.65966 1.43622 0.436218 -0.829614 4.89665 
11 49600 3.40606 6.89053e-05 7.00442 1.4365 0.000247965 1.00075 2.66019 1.4365 0.436502 -0.828962 4.90655 
11 49700 3.41289 6.89053e-05 7.00442 1.43632 0.000179713 1.00075 2.65986 1.43632 0.436324 -0.829371 4.91645 
11 49800 3.41978 6.89053e-05 7.00442 1.43598 0.000141329 1.00075 2.65922 1.43598 0.43598 -0.830158 4.92634 
11 49900 3.42662 6.89053e-05 7.00442 1.4363 0.000102203 1.00074 2.65981 1.4363 0.436296 -0.829435 4.93624 
11 50000 3.43351 6.89053e-05 7.00442 1.4364 8.80368e-05 1.00074 2.66 1.4364 0.4364 -0.829197 4.94613 
11 50100 3.44034 6.89053e-05 7.00442 1.4364 0.000154065 1.00075 2.66001 1.4364 0.436404 -0.829187 4.95603 
11 50200 3.44724 6.89053e-05 7.00442 1.43668 2.25137e-05 1.00075 2.66051 1.43668 0.436677 -0.828561 4.96593 
11 50300 3.45413 6.89053e-05 7.00442 1.43662 0.000133339 1.00075 2.6604 1.43662 0.436616 -0.8287 4.97583 
11 50400 3.46096 6.89053e-05 7.00442 1.4364 9.27396e-05 1.00075 2.66 1.4364 0.436398 -0.829201 4.98572 
11 50500 3.46785 6.89053e-05 7.00442 1.43637 -3.44147e-05 1.00075 2.65995 1.43637 0.436373 -0.829258 4.99562 
11 50600 3.47469 6.89053e-05 7.00442 1.43632 -3.49853e-05 1.00075 2.65985 1.43632 0.436317 -0.829387 5.00552 
11 50700 3.48158 6.89053e-05 7.00442 1.43643 -3.16171e-06 1.00074 2.66005 1.43643 0.436428 -0.829131 5.01542 
11 50800 3.48841 6.89053e-05 7.00442 1.43619 -1.75946e-05 1.00075 2.65961 1.43619 0.436189 -0.829679 5.02531 
11 50900 3.4953 6.89053e-05 7.00442 1.43624 -3.35838e-06 1.00075 2.6597 1.43624 0.436239 -0.829565 5.03521 
11 51000 3.50219 6.89053e-05 7.00442 1.43629 -0.00012309 1.00075 2.65979 1.43629 0.436286 -0.829456 5.04511 
11 51100 3.50903 6.89053e-05 7.00442 1.43588 -0.000102018 1.00075 2.65904 1.43588 0.435883 -0.830381 5.055 
11 51200 3.51592 6.89053e-05 7.00442 1.43623 -7.2549e-06 1.00074 2.65969 1.43623 0.436231 -0.829584 5.0649 
11 51300 3.52276 6.89053e-05 7.00442 1.43655 6.16534e-06 1.00075 2.66028 1.43655 0.436551 -0.82885 5.0748 
11 51400 3.52965 6.89053e-05 7.00442 1.43624 -2.60637e-05 1.00075 2.65969 1.43624 0.436235 -0.829574 5.08469 
11 51500 3.53648 6.89053e-05 7.00442 1.4367 -3.47421e-05 1.00075 2.66056 1.4367 0.436704 -0.8285 5.09459 
11 51600 3.54337 6.89053e-05 7.00442 1.43655 4.39234e-06 1.00075 2.66028 1.43655 0.436553 -0.828844 5.10449 
11 51700 3.55026 6.89053e-05 7.00442 1.4362 5.73055e-05 1.00075 2.65964 1.4362 0.436204 -0.829645 5.11439 
11 51800 3.5571 6.89053e-05 7.00442 1.43639 0.000127684 1.00075 2.65999 1.43639 0.436394 -0.829211 5.12429 
11 51900 3.56399 6.89053e-05 7.00442 1.43632 3.88983e-05 1.00075 2.65985 1.43632 0.436321 -0.829377 5.13418 
11 52000 3.57083 6.89053e-05 7.00442 1.43633 3.31591e-06 1.00075 2.65987 1.43633 0.436331 -0.829355 5.14408 
11 52100 3.57772 6.89053e-05 7.00442 1.43638 -3.05092e-05 1.00075 2.65997 1.43638 0.436383 -0.829236 5.15398 
11 52200 3.58455 6.89053e-05 7.00442 1.43621 -2.60421e-05 1.00074 2.65965 1.43621 0.436209 -0.829633 5.16387 
11 52300 3.59144 6.89053e-05 7.00442 1.43599 -0.000130593 1.00074 2.65925 1.43599 0.435993 -0.83013 5.17376 
11 52400 3.59833 6.89053e-05 7.00442 1.43605 -0.00018141 1.00074 2.65936 1.43605 0.436052 -0.829994 5.18366 
11 52500 3.60517 6.89053e-05 7.00442 1.4363 -0.00018773 1.00075 2.65981 1.4363 0.436299 -0.829428 5.19356 
11 52600 3.61206 6.89053e-05 7.00442 1.43673 -0.000209695 1.00075 2.66061 1.43673 0.436731 -0.828438 5.20346 
11 52700 3.61889 6.89053e-05 7.00442 1.43658 -0.000131126 1.00074 2.66034 1.43658 0.436583 -0.828776 5.21336 
11 52800 3.62578 6.89053e-05 7.00442 1.43662 -0.000124804 1.00075 2.66041 1.43662 0.436619 -0.828695 5.22326 
11 52900 3.63262 6.89053e-05 7.00442 1.43667 -5.11038e-05 1.00075 2.66051 1.43667 0.436674 -0.828568 5.23316 
11 53000 3.63951 6.89053e-05 7.00442 1.43637 -4.91007e-05 1.00075 2.65995 1.43637 0.436374 -0.829255 5.24305 
11 53100 3.6464 6.89053e-05 7.00442 1.43634 1.68263e-05 1.00075 2.6599 1.43634 0.436344 -0.829324 5.25295 
11 53200 3.65324 6.89053e-05 7.00442 1.43648 -0.000104112 1.00075 2.66014 1.43648 0.436478 -0.829018 5.26285 
11 53300 3.66013 6.89053e-05 7.00442 1.43627 1.11758e-05 1.00074 2.65975 1.43627 0.436266 -0.829503 5.27274 
11 53400 3.66696 6.89053e-05 7.00442 1.43654 -7.30831e-05 1.00074 2.66026 1.43654 0.43654 -0.828875 5.28264 
11 53500 3.67385 6.89053e-05 7.00442 1.43646 4.3068e-05 1.00075 2.66012 1.43646 0.436463 -0.829051 5.29254 
11 53600 3.68069 6.89053e-05 7.00442 1.43622 0.000100703 1.00075 2.65967 1.43622 0.436221 -0.829606 5.30244 
11 53700 3.68758 6.89053e-05 7.00442 1.43653 -1.52184e-05 1.00074 2.66023 1.43653 0.436527 -0.828906 5.31234 
11 53800 3.69447 6.89053e-05 7.00442 1.43669 -3.63848e-05 1.00074 2.66053 1.43669 0.436687 -0.828539 5.32223 
11 53900 3.70131 6.89053e-05 7.00442 1.43651 -0.000118439 1.00075 2.66021 1.43651 0.436511 -0.828942 5.33213 
11 54000 3.7082 6.89053e-05 7.00442 1.43689 -0.000132678 1.00075 2.6609 1.43689 0.436885 -0.828085 5.34203 
11 54100 3.71503 6.89053e-05 7.00442 1.43675 -0.00026387 1.00075 2.66065 1.43675 0.436753 -0.828388 5.35193 
11 54200 3.72192 6.89053e-05 7.00442 1.43663 -0.00014813 1.00075 2.66042 1.43663 0.436629 -0.828672 5.36183 
11 54300 3.72876 6.89053e-05 7.00442 1.43677 -8.71959e-05 1.00075 2.66068 1.43677 0.436768 -0.828352 5.37173 
11 54400 3.73565 6.89053e-05 7.00442 1.43653 -7.11633e-05 1.00075 2.66024 1.43653 0.436532 -0.828893 5.38163 
11 54500 3.74254 6.89053e-05 7.00442 1.43675 -0.000213893 1.00075 2.66064 1.43675 0.436748 -0.8284 5.39153 
11 54600 3.74937 6.89053e-05 7.00442 1.43648 -0.000294085 1.00075 2.66015 1.43648 0.436482 -0.829008 5.40143 
11 54700 3.75627 6.89053e-05 7.00442 1.43654 -0.000381227 1.00075 2.66026 1.43654 0.436538 -0.82888 5.41133 
11 54800 3.7631 6.89053e-05 7.00442 1.4365 -0.000394682 1.00075 2.66019 1.4365 0.436503 -0.828961 5.42122 
11 54900 3.76999 6.89053e-05 7.00442 1.43625 -0.000362735 1.00075 2.65972 1.43625 0.436248 -0.829544 5.43112 
11 55000 3.77683 6.89053e-05 7.00442 1.43638 -0.000447148 1.00075 2.65996 1.43638 0.436376 -0.829252 5.44102 
11 55100 3.78372 6.89053e-05 7.00442 1.43688 -0.000439157 1.00074 2.66089 1.43688 0.436883 -0.82809 5.45092 
11 55200 3.79061 6.89053e-05 7.00442 1.43659 -0.000396674 1.00074 2.66036 1.43659 0.436595 -0.82875 5.46082 
11 55300 3.79744 6.89053e-05 7.00442 1.43693 -0.000415418 1.00075 2.66098 1.43693 0.436928 -0.827987 5.47072 
11 55400 3.80433 6.89053e-05 7.00442 1.4369 -0.000416651 1.00075 2.66093 1.4369 0.436903 -0.828044 5.48062 
11 55500 3.81117 6.89053e-05 7.00442 1.4364 -0.000381815 1.00075 2.66 1.4364 0.436397 -0.829202 5.49052 
11 55600 3.81806 6.89053e-05 7.00442 1.43665 -0.000358077 1.00075 2.66047 1.43665 0.436654 -0.828614 5.50042 
11 55700 3.8249 6.89053e-05 7.00442 1.43662 -0.000267358 1.00075 2.66041 1.43662 0.436622 -0.828687 5.51032 
11 55800 3.83179 6.89053e-05 7.00442 1.43647 -0.000281635 1.00075 2.66012 1.43647 0.436465 -0.829047 5.52022 
11 55900 3.83868 6.89053e-05 7.00442 1.43662 -0.000178489 1.00075 2.66041 1.43662 0.436621 -0.82869 5.53011 
11 56000 3.84551 6.89053e-05 7.00442 1.43668 -1.48341e-05 1.00075 2.66052 1.43668 0.436683 -0.828548 5.54001 
11 56100 3.8524 6.89053e-05 7.00442 1.43629 -0.00015239 1.00075 2.6598 1.43629 0.436292 -0.829444 5.54991 
11 56200 3.85924 6.89053e-05 7.00442 1.43647 -0.00025612 1.00075 2.66012 1.43647 0.436467 -0.829042 5.55981 
11 56300 3.86613 6.89053e-05 7.00442 1.4366 -0.000208099 1.00074 2.66036 1.4366 0.436597 -0.828745 5.5697 
11 56400 3.87296 6.89053e-05 7.00442 1.4369 -5.95071e-05 1.00074 2.66093 1.4369 0.436901 -0.828048 5.5796 
11 56500 3.87986 6.89053e-05 7.00442 1.43681 -5.10591e-05 1.00075 2.66075 1.43681 0.436806 -0.828265 5.58951 
11 56600 3.88675 6.89053e-05 7.00442 1.43687 -6.49315e-05 1.00075 2.66087 1.43687 0.436871 -0.828116 5.5994 
11 56700 3.89358 6.89053e-05 7.00442 1.4367 3.49377e-05 1.00075 2.66056 1.4367 0.436703 -0.828501 5.60931 
11 56800 3.90047 6.89053e-05 7.00442 1.43656 -4.64034e-05 1.00075 2.66029 1.43656 0.436557 -0.828837 5.61921 
11 56900 3.90731 6.89053e-05 7.00442 1.43642 -0.000140802 1.00075 2.66004 1.43642 0.436424 -0.82914 5.62911 
11 57000 3.9142 6.89053e-05 7.00442 1.43663 2.36267e-05 1.00074 2.66043 1.43663 0.436631 -0.828667 5.639 
11 57100 3.92103 6.89053e-05 7.00442 1.43635 -7.05653e-07 1.00074 2.6599 1.43635 0.436346 -0.829321 5.6489 
11 57200 3.92792 6.89053e-05 7.00442 1.4365 2.78451e-05 1.00074 2.66018 1.4365 0.436497 -0.828973 5.6588 
11 57300 3.93481 6.89053e-05 7.00442 1.43643 -6.39549e-05 1.00075 2.66005 1.43643 0.436427 -0.829133 5.6687 
11 57400 3.94165 6.89053e-05 7.00442 1.43597 -0.000154785 1.00075 2.65921 1.43597 0.435974 -0.830174 5.67859 
11 57500 3.94854 6.89053e-05 7.00442 1.43635 -0.000115161 1.00074 2.6599 1.43635 0.436348 -0.829315 5.68849 
11 57600 3.95538 6.89053e-05 7.00442 1.43658 -0.000131476 1.00075 2.66033 1.43658 0.436579 -0.828785 5.69839 
11 57700 3.96227 6.89053e-05 7.00442 1.43639 -8.99439e-05 1.00074 2.65997 1.43639 0.436386 -0.829229 5.70829 
11 57800 3.9691 6.89053e-05 7.00442 1.43669 -5.23887e-05 1.00075 2.66055 1.43669 0.436695 -0.828521 5.71818 
11 57900 3.97599 6.89053e-05 7.00442 1.43666 -1.38841e-05 1.00075 2.66049 1.43666 0.436664 -0.828591 5.72808 
11 58000 3.98288 6.89053e-05 7.00442 1.43626 3.24784e-05 1.00075 2.65974 1.43626 0.436261 -0.829516 5.73798 
11 58100 3.98972 6.89053e-05 7.00442 1.43645 0.000209948 1.00075 2.66008 1.43645 0.436445 -0.829092 5.74788 
11 58200 3.99661 6.89053e-05 7.00442 1.43632 0.000295038 1.00075 2.65986 1.43632 0.436325 -0.829368 5.75777 
11 58300 4.00345 6.89053e-05 7.00442 1.43642 0.000223794 1.00075 2.66003 1.43642 0.436416 -0.829159 5.76767 
11 58400 4.01034 6.89053e-05 7.00442 1.43626 0.000111588 1.00074 2.65974 1.43626 0.436262 -0.829512 5.77757 
11 58500 4.01717 6.89053e-05 7.00442 1.43639 -1.33447e-05 1.00075 2.65999 1.43639 0.436392 -0.829214 5.78746 
11 58600 4.02406 6.89053e-05 7.00442 1.43631 6.29569e-05 1.00075 2.65982 1.43631 0.436305 -0.829413 5.79736 
11 58700 4.03095 6.89053e-05 7.00442 1.43627 0.000153348 1.00075 2.65975 1.43627 0.436267 -0.829501 5.80726 
11 58800 4.03779 6.89053e-05 7.00442 1.43641 0.000172028 1.00075 2.66002 1.43641 0.436409 -0.829175 5.81716 
11 58900 4.04468 6.89053e-05 7.00442 1.43677 0.000138986 1.00074 2.66068 1.43677 0.436766 -0.828359 5.82706 
11 59000 4.05151 6.89053e-05 7.00442 1.43644 9.31146e-05 1.00075 2.66007 1.43644 0.43644 -0.829105 5.83695 
11 59100 4.0584 6.89053e-05 7.00442 1.43664 4.79907e-05 1.00075 2.66044 1.43664 0.436638 -0.828651 5.84685 
11 59200 4.06524 6.89053e-05 7.00442 1.43672 -1.75562e-05 1.00075 2.66059 1.43672 0.436718 -0.828468 5.85675 
11 59300 4.07213 6.89053e-05 7.00442 1.43609 6.43776e-06 1.00075 2.65942 1.43609 0.436087 -0.829914 5.86665 
11 59400 4.07902 6.89053e-05 7.00442 1.43639 8.14149e-05 1.00075 2.65999 1.43639 0.436392 -0.829214 5.87655 
11 59500 4.08586 6.89053e-05 7.00442 1.43646 0.000232538 1.00075 2.6601 1.43646 0.436456 -0.829068 5.88644 
11 59600 4.09275 6.89053e-05 7.00442 1.43633 0.000151811 1.00075 2.65987 1.43633 0.436327 -0.829363 5.89634 
11 59700 4.09958 6.89053e-05 7.00442 1.43647 0.000169716 1.00075 2.66014 1.43647 0.436475 -0.829025 5.90624 
11 59800 4.10647 6.89053e-05 7.00442 1.43629 0.00023091 1.00074 2.65979 1.43629 0.436286 -0.829457 5.91614 
11 59900 4.11331 6.89053e-05 7.00442 1.43599 0.000154483 1.00075 2.65924 1.43599 0.435991 -0.830133 5.92603 
11 60000 4.1202 6.89053e-05 7.00442 1.43628 8.4682e-05 1.00074 2.65978 1.43628 0.436283 -0.829464 5.93593 
11 60100 4.12709 6.89053e-05 7.00442 1.43652 4.21737e-05 1.00075 2.66022 1.43652 0.436518 -0.828925 5.94582 
11 60200 4.13393 6.89053e-05 7.00442 1.43662 1.70502e-05 1.00075 2.6604 1.43662 0.436616 -0.828701 5.95572 
11 60300 4.14082 6.89053e-05 7.00442 1.43665 -6.45209e-05 1.00075 2.66046 1.43665 0.436648 -0.828628 5.96562 
11 60400 4.14765 6.89053e-05 7.00442 1.43683 0.000183905 1.00075 2.6608 1.43683 0.436833 -0.828205 5.97552 
11 60500 4.15454 6.89053e-05 7.00442 1.43661 6.30804e-05 1.00075 2.6604 1.43661 0.436614 -0.828707 5.98542 
11 60600 4.16138 6.89053e-05 7.00442 1.43655 1.81404e-05 1.00075 2.66029 1.43655 0.436555 -0.828841 5.99532 
11 60700 4.16827 6.89053e-05 7.00442 1.43643 9.86074e-05 1.00075 2.66005 1.43643 0.436429 -0.829129 6.00522 
11 60800 4.17516 6.89053e-05 7.00442 1.43661 0.000180607 1.00075 2.6604 1.43661 0.436614 -0.828705 6.01512 
11 60900 4.18199 6.89053e-05 7.00442 1.43639 0.000226952 1.00075 2.65999 1.43639 0.436394 -0.82921 6.02501 
11 61000 4.18889 6.89053e-05 7.00442 1.43656 0.000237934 1.00075 2.6603 1.43656 0.436564 -0.828819 6.03491 
11 61100 4.19572 6.89053e-05 7.00442 1.43662 0.000264858 1.00074 2.66041 1.43662 0.436621 -0.828689 6.04481 
11 61200 4.20261 6.89053e-05 7.00442 1.43608 0.00013584 1.00075 2.65941 1.43608 0.43608 -0.829929 6.05471 
11 61300 4.20945 6.89053e-05 7.00442 1.43644 0.000163619 1.00075 2.66008 1.43644 0.436443 -0.829097 6.06461 
11 61400 4.21634 6.89053e-05 7.00442 1.43679 0.000168106 1.00075 2.66073 1.43679 0.436792 -0.828297 6.07451 
11 61500 4.22323 6.89053e-05 7.00442 1.43645 0.000168388 1.00075 2.66008 1.43645 0.436446 -0.829092 6.0844 
11 61600 4.23006 6.89053e-05 7.00442 1.43694 1.82069e-05 1.00075 2.66099 1.43694 0.436936 -0.827969 6.0943 
11 61700 4.23695 6.89053e-05 7.00442 1.43671 8.56964e-05 1.00075 2.66057 1.43671 0.436707 -0.828493 6.10421 
11 61800 4.24379 6.89053e-05 7.00442 1.43632 0.000130642 1.00075 2.65985 1.43632 0.436319 -0.829382 6.11411 
11 61900 4.25068 6.89053e-05 7.00442 1.43659 0.000211384 1.00075 2.66035 1.43659 0.436587 -0.828768 6.124 
11 62000 4.25752 6.89053e-05 7.00442 1.43658 0.000196585 1.00075 2.66032 1.43658 0.436575 -0.828794 6.1339 
11 62100 4.26441 6.89053e-05 7.00442 1.43656 0.000112135 1.00075 2.66029 1.43656 0.436558 -0.828833 6.14379 
11 62200 4.2713 6.89053e-05 7.00442 1.43669 3.88341e-05 1.00075 2.66053 1.43669 0.436686 -0.82854 6.1537 
11 62300 4.27813 6.89053e-05 7.00442 1.43661 -3.12135e-05 1.00075 2.66039 1.43661 0.436612 -0.82871 6.16359 
11 62400 4.28502 6.89053e-05 7.00442 1.43625 7.48473e-05 1.00075 2.65973 1.43625 0.436254 -0.82953 6.17349 
11 62500 4.29186 6.89053e-05 7.00442 1.43622 0.000103932 1.00075 2.65967 1.43622 0.436221 -0.829607 6.18339 
11 62600 4.29875 6.89053e-05 7.00442 1.4364 7.91471e-05 1.00075 2.65999 1.4364 0.436395 -0.829206 6.19328 
11 62700 4.30558 6.89053e-05 7.00442 1.43655 0.000211887 1.00075 2.66028 1.43655 0.436549 -0.828854 6.20318 
11 62800 4.31248 6.89053e-05 7.00442 1.43648 0.00022587 1.00075 2.66015 1.43648 0.436483 -0.829007 6.21308 
11 62900 4.31937 6.89053e-05 7.00442 1.43663 0.00024998 1.00075 2.66043 1.43663 0.436631 -0.828667 6.22298 
11 63000 4.3262 6.89053e-05 7.00442 1.4366 0.00021887 1.00075 2.66037 1.4366 0.436599 -0.828741 6.23288 
11 63100 4.33309 6.89053e-05 7.00442 1.43629 0.000150617 1.00075 2.6598 1.43629 0.436294 -0.82944 6.24278 
11 63200 4.33993 6.89053e-05 7.00442 1.43635 5.18579e-05 1.00075 2.65991 1.43635 0.436349 -0.829313 6.25267 
11 63300 4.34682 6.89053e-05 7.00442 1.43633 6.69074e-06 1.00075 2.65986 1.43633 0.436325 -0.829367 6.26257 
11 63400 4.35365 6.89053e-05 7.00442 1.43593 -9.67795e-05 1.00075 2.65913 1.43593 0.435932 -0.83027 6.27246 
11 63500 4.36054 6.89053e-05 7.00442 1.43613 -8.29709e-05 1.00074 2.65949 1.43613 0.436127 -0.829822 6.28236 
11 63600 4.36743 6.89053e-05 7.00442 1.43601 9.96332e-06 1.00075 2.65928 1.43601 0.436011 -0.830087 6.29226 
11 63700 4.37427 6.89053e-05 7.00442 1.43562 -9.00357e-06 1.00075 2.65856 1.43562 0.435622 -0.83098 6.30215 
11 63800 4.38116 6.89053e-05 7.00442 1.436 -6.96154e-05 1.00075 2.65926 1.436 0.436 -0.830113 6.31204 
11 63900 4.388 6.89053e-05 7.00442 1.4362 -0.000232899 1.00075 2.65962 1.4362 0.436197 -0.829662 6.32194 
11 64000 4.39489 6.89053e-05 7.00442 1.43604 -0.000170772 1.00075 2.65934 1.43604 0.436041 -0.830018 6.33184 
11 64100 4.40172 6.89053e-05 7.00442 1.43632 -3.38059e-05 1.00075 2.65986 1.43632 0.436323 -0.829372 6.34173 
11 64200 4.40861 6.89053e-05 7.00442 1.43617 1.86393e-05 1.00075 2.65958 1.43617 0.436172 -0.829719 6.35163 
11 64300 4.4155 6.89053e-05 7.00442 1.43572 0.000110203 1.00075 2.65873 1.43572 0.435717 -0.830763 6.36152 
11 64400 4.42234 6.89053e-05 7.00442 1.43568 6.96289e-05 1.00075 2.65866 1.43568 0.435678 -0.830852 6.37142 
11 64500 4.42923 6.89053e-05 7.00442 1.43557 0.00010024 1.00075 2.65846 1.43557 0.435568 -0.831104 6.3813 
11 64600 4.43607 6.89053e-05 7.00442 1.43561 0.000103987 1.00075 2.65853 1.43561 0.435607 -0.831015 6.3912 
11 64700 4.44296 6.89053e-05 7.00442 1.43534 7.74343e-05 1.00075 2.65803 1.43534 0.435338 -0.831632 6.40109 
11 64800 4.44979 6.89053e-05 7.00442 1.43511 -1.88497e-05 1.00075 2.6576 1.43511 0.435105 -0.832168 6.41098 
11 64900 4.45668 6.89053e-05 7.00442 1.4347 -7.46632e-05 1.00075 2.65685 1.4347 0.434701 -0.833097 6.42087 
11 65000 4.46357 6.89053e-05 7.00442 1.4343 -0.000122295 1.00075 2.6561 1.4343 0.434295 -0.834031 6.43075 
11 65100 4.47041 6.89053e-05 7.00442 1.4341 -0.000147181 1.00075 2.65574 1.4341 0.434101 -0.834478 6.44063 
11 65200 4.4773 6.89053e-05 7.00442 1.43439 -9.50831e-06 1.00075 2.65628 1.43439 0.434389 -0.833815 6.45052 
11 65300 4.48413 6.89053e-05 7.00442 1.43446 4.09653e-05 1.00075 2.65642 1.43446 0.434464 -0.833642 6.4604 
11 65400 4.49102 6.89053e-05 7.00442 1.4346 -0.000242947 1.00075 2.65667 1.4346 0.434602 -0.833326 6.47028 
11 65500 4.49786 6.89053e-05 7.00442 1.43449 -0.000427146 1.00077 2.65647 1.43449 0.434493 -0.833576 6.48017 
11 65600 4.50475 6.89053e-05 7.0044 1.43607 -0.00034095 1.00109 2.6594 1.43607 0.436074 -0.829944 6.48902 
11 65700 4.51164 6.89053e-05 7.00437 1.44971 -0.000273862 1.00161 2.68465 1.44971 0.449714 -0.799144 6.49699 
11 65800 4.51848 6.89053e-05 7.00434 1.46754 -0.000267231 1.00197 2.71766 1.46754 0.467539 -0.760273 6.50446 
11 65900 4.52537 6.89053e-05 7.00429 1.48258 -0.000262516 1.00213 2.74551 1.48258 0.482578 -0.728613 6.51155 
11 66000 4.5322 6.89053e-05 7.00424 1.49435 -0.000232132 1.0022 2.76731 1.49435 0.494346 -0.70452 6.51831 
11 66100 4.53909 6.89053e-05 7.00418 1.50361 -0.00014718 1.00227 2.78446 1.50361 0.503611 -0.685951 6.52476 
11 66200 4.54593 6.89053e-05 7.00412 1.51195 -3.63359e-05 1.00233 2.79991 1.51195 0.511951 -0.669526 6.53095 
11 66300 4.55282 6.89053e-05 7.00405 1.51881 -3.24253e-05 1.0024 2.81262 1.51881 0.518814 -0.656211 6.53694 
11 66400 4.55971 6.89053e-05 7.00398 1.52551 -2.93463e-05 1.00248 2.82502 1.52551 0.525513 -0.64338 6.54273 
11 66500 4.56655 6.89053e-05 7.0039 1.5324 -0.000115333 1.00256 2.83778 1.5324 0.532402 -0.630357 6.54837 
11 66600 4.57344 6.89053e-05 7.00382 1.53747 0.000118056 1.00264 2.84716 1.53747 0.537467 -0.620888 6.5539 
11 66700 4.58027 6.89053e-05 7.00374 1.5426 -1.66159e-05 1.00274 2.85667 1.5426 0.542602 -0.61138 6.55932 
11 66800 4.58716 6.89053e-05 7.00366 1.54726 -6.9927e-05 1.00285 2.8653 1.54726 0.547262 -0.602827 6.56465 
11 66900 4.594 6.89053e-05 7.00357 1.55132 -6.13098e-05 1.00297 2.87281 1.55132 0.55132 -0.59544 6.5699 
11 67000 4.60089 6.89053e-05 7.00349 1.55617 -0.000161368 1.00309 2.8818 1.55617 0.556174 -0.586674 6.57506 
11 67100 4.60778 6.89053e-05 7.0034 1.56095 -0.000342757 1.00321 2.89064 1.56095 0.560945 -0.578132 6.58018 
11 67200 4.61461 6.89053e-05 7.00331 1.56504 -0.0004147 1.00335 2.89823 1.56504 0.565044 -0.570851 6.58524 
11 67300 4.62151 6.89053e-05 7.00322 1.56968 -0.000168516 1.0035 2.90682 1.56968 0.569685 -0.562672 6.59025 
11 67400 4.62834 6.89053e-05 7.00313 1.57468 -0.000362091 1.00366 2.91607 1.57468 0.574676 -0.553949 6.59519 
11 67500 4.63523 6.89053e-05 7.00304 1.57892 -0.000313559 1.00382 2.92393 1.57892 0.578923 -0.546585 6.60008 
11 67600 4.64207 6.89053e-05 7.00295 1.58366 -0.000443147 1.00396 2.9327 1.58366 0.583656 -0.538443 6.60493 
11 67700 4.64896 6.89053e-05 7.00286 1.58846 -0.000531376 1.00411 2.9416 1.58846 0.588463 -0.530241 6.60975 
11 67800 4.65585 6.89053e-05 7.00277 1.59349 -0.000663005 1.00426 2.9509 1.59349 0.593488 -0.521738 6.61453 
11 67900 4.66268 6.89053e-05 7.00267 1.5986 -0.000290199 1.00441 2.96038 1.5986 0.598603 -0.513157 6.61928 
11 68000 4.66957 6.89053e-05 7.00258 1.60345 -0.000288628 1.00456 2.96935 1.60345 0.603449 -0.505094 6.62399 
11 68100 4.67641 6.89053e-05 7.00249 1.60892 -0.000265864 1.00474 2.97949 1.60892 0.608925 -0.496061 6.62866 
11 68200 4.6833 6.89053e-05 7.00239 1.61476 -0.00040462 1.00493 2.9903 1.61476 0.614765 -0.486516 6.63331 
11 68300 4.69014 6.89053e-05 7.0023 1.62156 -0.000456027 1.0051 3.00289 1.62156 0.621562 -0.47552 6.63789 
11 68400 4.69703 6.89053e-05 7.00221 1.6287 -0.000294726 1.00528 3.01611 1.6287 0.628699 -0.464103 6.64246 
11 68500 4.70392 6.89053e-05 7.00211 1.63484 -0.000257694 1.00546 3.02749 1.63484 0.634843 -0.454377 6.64699 
11 68600 4.71075 6.89053e-05 7.00202 1.64176 -0.000240067 1.00561 3.0403 1.64176 0.641764 -0.443535 6.65146 
11 68700 4.71764 6.89053e-05 7.00193 1.64919 -0.000251481 1.00573 3.05406 1.64919 0.64919 -0.43203 6.65591 
11 68800 4.72448 6.89053e-05 7.00183 1.65633 -0.000187772 1.00585 3.06728 1.65633 0.65633 -0.421092 6.66031 
11 68900 4.73137 6.89053e-05 7.00174 1.66289 -0.000109816 1.00594 3.07943 1.66289 0.66289 -0.411146 6.66469 
11 69000 4.7382 6.89053e-05 7.00165 1.67048 -3.99095e-05 1.00603 3.09349 1.67048 0.670483 -0.399757 6.66901 
11 69100 4.7451 6.89053e-05 7.00156 1.67819 -1.28827e-06 1.0061 3.10775 1.67819 0.678185 -0.388335 6.67331 
11 69200 4.75199 6.89053e-05 7.00147 1.68481 -6.43406e-05 1.00615 3.12002 1.68481 0.684813 -0.378609 6.67756 
11 69300 4.75882 6.89053e-05 7.00138 1.6923 -1.26211e-05 1.00618 3.13389 1.6923 0.692302 -0.367733 6.68175 
11 69400 4.76571 6.89053e-05 7.0013 1.70069 1.50181e-05 1.00618 3.14942 1.70069 0.700687 -0.355694 6.68591 
11 69500 4.77255 6.89053e-05 7.00121 1.70799 7.50355e-05 1.00615 3.16295 1.70799 0.707991 -0.345324 6.69001 
11 69600 4.77944 6.89053e-05 7.00113 1.71412 0.000123195 1.00607 3.17429 1.71412 0.714115 -0.336711 6.69406 
11 69700 4.78627 6.89053e-05 7.00104 1.7211 0.000219699 1.00598 3.18721 1.7211 0.721095 -0.326984 6.69804 
11 69800 4.79316 6.89053e-05 7.00096 1.7269 -8.9109e-06 1.00583 3.19796 1.7269 0.726898 -0.31897 6.70197 
11 69900 4.8 6.89053e-05 7.00089 1.73271 0.00019891 1.00567 3.20872 1.73271 0.73271 -0.311006 6.70584 
11 70000 4.80689 6.89053e-05 7.00081 1.73733 0.000231579 1.00545 3.21728 1.73733 0.737329 -0.304722 6.70963 
11 70100 4.81378 6.89053e-05 7.00074 1.74229 0.000155854 1.00522 3.22647 1.74229 0.742291 -0.298013 6.71337 
11 70200 4.82062 6.89053e-05 7.00067 1.74456 -0.000251807 1.00493 3.23067 1.74456 0.744561 -0.29496 6.71704 
11 70300 4.82751 6.89053e-05 7.0006 1.74759 -0.000187138 1.00464 3.23627 1.74759 0.747587 -0.290905 6.72063 
11 70400 4.83434 6.89053e-05 7.00054 1.74708 -0.000258001 1.00429 3.23534 1.74708 0.747083 -0.291579 6.72416 
11 70500 4.84123 6.89053e-05 7.00048 1.74829 0.000161094 1.00394 3.23758 1.74829 0.748294 -0.289959 6.72762 
11 70600 4.84807 6.89053e-05 7.00043 1.7486 -0.000381099 1.00355 3.23814 1.7486 0.748595 -0.289557 6.73103 
11 70700 4.85496 6.89053e-05 7.00038 1.74979 0.000249252 1.00317 3.24035 1.74979 0.749791 -0.287961 6.7344 
11 70800 4.86185 6.89053e-05 7.00033 1.75181 1.27628e-05 1.0028 3.24409 1.75181 0.751811 -0.285271 6.73775 
11 70900 4.86869 6.89053e-05 7.00028 1.7546 7.70545e-05 1.00245 3.24927 1.7546 0.754603 -0.281563 6.74107 
11 71000 4.87558 6.89053e-05 7.00024 1.75776 0.000707063 1.0021 3.2551 1.75776 0.757756 -0.277394 6.7444 
11 71100 4.88241 6.89053e-05 7.00021 1.76018 -4.1354e-05 1.00178 3.25958 1.76018 0.760175 -0.274206 6.74775 
11 71200 4.8893 6.89053e-05 7.00017 1.77165 -0.00083513 1.00153 3.28084 1.77165 0.771651 -0.259222 6.75115 
11 71300 4.89614 6.89053e-05 7.00014 1.78491 -0.000282529 1.0013 3.30539 1.78491 0.784913 -0.242183 6.75458 
11 71400 4.90303 6.89053e-05 7.00012 1.79491 0.000319072 1.0011 3.32391 1.79491 0.79491 -0.229527 6.75808 
11 71500 4.90992 6.89053e-05 7.00009 1.82812 0.000253425 1.00096 3.38541 1.82812 0.828122 -0.188595 6.76163 
11 71600 4.91675 6.89053e-05 7.00007 1.84083 0.00158551 1.00084 3.40895 1.84083 0.840832 -0.173363 6.76521 
11 71700 4.92364 6.89053e-05 7.00006 1.90436 -0.00392705 1.00074 3.5266 1.90436 0.904363 -0.100525 6.76892 
11 71800 4.93048 6.89053e-05 7.00004 1.93829 0.0349032 1.00067 3.58942 1.93829 0.938288 -0.0636987 6.7726 
11 71900 4.93737 6.89053e-05 7.00003 2.53719 -0.0055131 1.00065 4.6985 2.53719 1.53719 0.429957 6.7769 
11 72000 4.94421 6.89053e-05 7.00001 4.00583 0.492187 1.00067 7.41821 4.00583 3.00583 1.10056 6.78378 
11 72100 4.9511 6.89053e-05 7 -0.593053 -0.855086 1.00066 -1.09825 -0.593053 -1.59305 0.465652 6.7975 
11 72200 4.95799 6.89053e-05 7 -0.118054 0.0115082 1.00052 -0.218619 -0.118054 -1.11805 0.11159 6.79792 
11 72300 4.96482 6.89053e-05 7 -2.54808 0.279141 1.00056 -4.71867 -2.54808 -3.54808 1.26641 6.79741 
11 72400 4.97171 6.89053e-05 7 -0.766792 -0.557405 1.00048 -1.41999 -0.766792 -1.76679 0.569166 6.79791 
11 72500 4.97855 6.89053e-05 7 -2.54316 1.49594 1.0006 -4.70955 -2.54316 -3.54316 1.26502 6.79743 
11 72600 4.98544 6.89053e-05 7 -2.5536 -0.863682 1.00054 -4.72889 -2.5536 -3.5536 1.26796 6.79802 
11 72700 4.99228 6.89053e-05 7 -5.39074 -0.293284 1.00053 -9.98285 -5.39074 -6.39074 1.85485 6.79803 
11 72800 4.99917 6.89053e-05 7 -3.52567 -0.0822411 1.00052 -6.52903 -3.52567 -4.52567 1.50977 6.79804 
11 72900 5.00606 6.89053e-05 7 -0.27263 0.0762947 1.00046 -0.504871 -0.27263 -1.27263 0.241086 6.79805 
11 73000 5.01289 6.89053e-05 7 -2.28651 -0.0582149 1.00045 -4.23428 -2.28651 -3.28651 1.18983 6.79803 
11 73100 5.01978 6.89053e-05 7 -1.93979 -0.0410393 1.00043 -3.5922 -1.93979 -2.93979 1.07834 6.79805 
11 73200 5.02662 6.89053e-05 7 1.45414 -0.0499546 1.00044 2.69286 1.45414 0.454144 -0.78934 6.79805 
