0	0	92.1605
5	0.00639685	91.963
10	0.0210327	91.8829
15	0.0405911	91.7772
20	0.0626572	91.6552
25	0.0859965	91.5268
30	0.110526	91.3924
35	0.136842	91.2519
40	0.163158	91.1088
45	0.189474	90.9639
50	0.216667	90.8189
55	0.244444	90.6731
60	0.272222	90.5236
65	0.3	90.3762
70	0.327778	90.2306
75	0.355556	90.0819
80	0.383333	89.9353
85	0.411111	89.7903
90	0.438889	89.6461
95	0.466667	89.4948
100	0.494444	89.3505
105	0.522222	89.2098
110	0.55	89.0686
115	0.577778	88.9239
120	0.605556	88.7792
125	0.633333	88.6418
130	0.661111	88.4988
135	0.688889	88.3575
140	0.716667	88.2182
145	0.744444	88.0827
150	0.772222	87.9399
155	0.8	87.7984
160	0.827778	87.6615
165	0.855556	87.5219
170	0.883333	87.3816
175	0.911111	87.245
180	0.938889	87.1099
185	0.966667	86.9719
190	0.994444	86.8337
195	1.02222	86.7018
200	1.05	86.5706
205	1.07778	86.4338
210	1.10556	86.2991
215	1.13333	86.1702
220	1.16111	86.0362
225	1.18889	85.902
230	1.21667	85.7717
235	1.24444	85.6423
240	1.27222	85.5084
245	1.3	85.3776
250	1.32778	85.2514
255	1.35556	85.1218
260	1.38333	84.9926
265	1.41111	84.8612
270	1.43889	84.739
275	1.46667	84.6133
280	1.49444	84.4834
285	1.52353	84.3558
290	1.55294	84.2236
295	1.58235	84.0921
300	1.61176	83.961
305	1.64118	83.8369
310	1.67059	83.7053
315	1.7	83.5779
320	1.72941	83.452
325	1.75882	83.3294
330	1.78824	83.2037
335	1.81765	83.0792
340	1.84706	82.96
345	1.87647	82.8392
350	1.90588	82.7218
355	1.93529	82.6036
360	1.96471	82.4886
365	1.99412	82.3704
370	2.02353	82.2532
375	2.05294	82.1397
380	2.08235	82.0273
385	2.11176	81.9149
390	2.14118	81.8078
395	2.17059	81.701
400	2.2	81.5924
405	2.22941	81.4894
410	2.25882	81.3854
415	2.28824	81.2879
420	2.31765	81.1883
425	2.34706	81.0927
430	2.37647	81.0035
435	2.40588	80.9109
440	2.43529	80.8184
445	2.46471	80.7349
450	2.49412	80.648
455	2.52353	80.567
460	2.55294	80.4821
465	2.58235	80.4081
470	2.61176	80.3357
475	2.64118	80.2663
480	2.67059	80.2002
485	2.7	80.1388
490	2.72941	80.0801
495	2.75882	80.0215
500	2.78824	79.9711
505	2.81765	79.9227
510	2.84706	79.8792
515	2.87647	79.8401
520	2.90588	79.8049
525	2.93529	79.7748
530	2.96471	79.7495
535	2.99412	79.7323
540	3.025	79.7157
545	3.05625	79.7038
550	3.0875	79.713
555	3.11875	79.722
560	3.15	79.7445
565	3.18125	79.7723
570	3.2125	79.8119
575	3.24375	79.8608
580	3.275	79.9222
585	3.30625	79.997
590	3.3375	80.0829
595	3.36875	80.1837
600	3.4	80.293
605	3.43125	80.4247
610	3.4625	80.5687
615	3.49375	80.7205
620	3.525	80.9015
625	3.55625	81.1028
630	3.5875	81.33
635	3.61875	81.581
640	3.65	81.8476
645	3.68125	82.1497
650	3.7125	82.4776
655	3.74375	82.8215
660	3.775	83.201
665	3.80625	83.6372
670	3.8375	84.0964
675	3.86875	84.6062
680	3.9	85.1504
685	3.93125	85.7268
690	3.9625	86.3763
695	3.99375	87.0612
700	4.02667	87.8323
705	4.06	88.6717
710	4.09333	89.6261
715	4.12667	90.6344
720	4.16	91.737
725	4.19333	92.9096
730	4.22667	94.1759
735	4.26	95.5267
740	4.29333	96.9856
745	4.32667	98.5281
750	4.36	100.207
755	4.39333	101.993
760	4.42667	103.882
765	4.46	105.888
770	4.49333	108.015
775	4.52857	110.392
780	4.56429	112.946
785	4.6	115.626
790	4.63571	118.424
795	4.67143	121.36
800	4.70714	124.422
805	4.74286	127.587
810	4.77857	130.843
815	4.81538	134.275
820	4.85385	137.951
825	4.89231	141.67
830	4.93077	145.428
835	4.96923	149.201
840	5.00769	152.969
845	5.04615	156.705
850	5.08462	160.397
855	5.125	164.174
860	5.16667	167.951
865	5.20833	171.611
870	5.25	175.103
875	5.29167	178.403
880	5.33636	181.715
885	5.37955	184.656
890	5.41667	187
895	5.45833	189.371
900	5.5	191.496
905	5.54167	193.334
910	5.58333	194.883
915	5.625	196.165
920	5.66667	197.128
925	5.70833	197.828
930	5.75	198.237
935	5.79167	198.356
940	5.83333	198.209
945	5.875	197.808
950	5.91667	197.133
955	5.95833	196.225
960	6	195.092
965	6.04167	193.735
970	6.08333	192.182
975	6.125	190.445
980	6.16667	188.54
985	6.20909	186.461
990	6.25455	184.073
995	6.3	181.556
1000	6.34545	178.892
1005	6.39091	176.148
1010	6.43636	173.346
1015	6.48182	170.469
1020	6.52727	167.559
1025	6.57273	164.599
1030	6.61818	161.628
1035	6.66364	158.672
1040	6.70909	155.709
1045	6.75455	152.792
1050	6.8	149.891
1055	6.84545	147.019
1060	6.89091	144.211
1065	6.93388	141.614
1070	6.97521	139.177
1075	7.01667	136.778
1080	7.05833	134.437
1085	7.1	132.133
1090	7.14167	129.914
1095	7.18333	127.749
1100	7.225	125.658
1105	7.26667	123.623
1110	7.30833	121.639
1115	7.35	119.746
1120	7.39167	117.916
1125	7.43333	116.162
1130	7.475	114.466
1135	7.51667	112.831
1140	7.55833	111.268
1145	7.6	109.76
1150	7.64167	108.299
1155	7.68333	106.878
1160	7.725	105.525
1165	7.76667	104.244
1170	7.80909	102.982
1175	7.85455	101.669
1180	7.9	100.419
1185	7.94545	99.2488
1190	7.99091	98.1152
1195	8.03636	97.0262
1200	8.08182	95.9794
1205	8.12727	94.9614
1210	8.17273	94.0103
1215	8.22	93.064
1220	8.27	92.1038
1225	8.32	91.1883
1230	8.37	90.3056
1235	8.42	89.459
1240	8.47	88.6422
1245	8.52222	87.8458
1250	8.57778	87.0268
1255	8.63333	86.2404
1260	8.68889	85.4858
1265	8.75	84.6846
1270	8.8125	83.9017
1275	8.875	83.1695
1280	8.92222	82.6438
1285	8.97778	82.0426
1290	9.03333	81.4561
1295	9.08889	80.8939
1300	9.14444	80.3533
1305	9.2	79.8211
1310	9.25062	79.3848
1315	9.3	78.9517
1320	9.35	78.5269
1325	9.4	78.1111
1330	9.45	77.7162
1335	9.5	77.3355
1340	9.55	76.9726
1345	9.6	76.6104
1350	9.65	76.2612
1355	9.7	75.9287
1360	9.75	75.6028
1365	9.8	75.2704
1370	9.85	74.9676
1375	9.9	74.678
1380	9.95	74.3963
1385	10	74.1197
