4 1e-1 1 0.0351562 0.0404251 0.0543079 0.315175 256
4 1e-1 2 0.140625 0.0628384 0.0440082 0.315175 256
4 1e-1 3 0.316406 0.0834655 0.0437571 0.315175 256
4 1e-1 4 0.5625 0.0970662 0.0440664 0.315175 256
5 1e-1 1 0.00878906 0.0243729 0.0784179 0.309028 988
5 1e-1 2 0.0351562 0.0368215 0.0267419 0.309028 1012
5 1e-1 3 0.0791016 0.0522808 0.0242586 0.309028 1012
5 1e-1 4 0.140625 0.067381 0.0521997 0.309028 1000
6 1e-1 1 0.00219727 0.0178998 0.0726378 0.30468 1408
6 1e-1 2 0.00878906 0.020247 0.061622 0.30468 1408
6 1e-1 3 0.0197754 0.0269996 0.051916 0.30468 1408
6 1e-1 4 0.0351562 0.0318667 0.0506818 0.30468 1420
7 1e-1 1 0.000549316 0.0243034 0.0668992 0.302344 1540
7 1e-1 2 0.00219727 0.025936 0.0712468 0.302344 1516
7 1e-1 3 0.00494385 0.0331053 0.0541013 0.302344 1540
7 1e-1 4 0.00878906 0.033691 0.0530308 0.302344 1540
8 1e-1 1 0.000137329 0.0195804 0.0642427 0.301172 1552
8 1e-1 2 0.000549316 0.0196649 0.0623647 0.301172 1552
8 1e-1 3 0.00123596 0.0196601 0.0620728 0.301172 1552
8 1e-1 4 0.00219727 0.0195916 0.0613635 0.301172 1552
9 1e-1 1 3.43323e-05 0.0226304 0.0865578 0.300586 1552
9 1e-1 2 0.000137329 0.0226161 0.0861232 0.300586 1552
9 1e-1 3 0.00030899 0.0228653 0.0909102 0.300586 1552
9 1e-1 4 0.000549316 0.0228545 0.0900888 0.300586 1552
10 1e-1 1 8.58307e-06 0.0274876 0.117887 0.300293 1588
10 1e-1 2 3.43323e-05 0.0274392 0.117611 0.300293 1588
10 1e-1 3 7.72476e-05 0.0275643 0.116807 0.300293 1588
10 1e-1 4 0.000137329 0.0275364 0.116217 0.300293 1588
11 1e-1 1 2.14577e-06 0.0292192 0.155348 0.300146 1588
11 1e-1 2 8.58307e-06 0.029215 0.155133 0.300146 1588
11 1e-1 3 1.93119e-05 0.0294036 0.154508 0.300146 1588
11 1e-1 4 3.43323e-05 0.0301709 0.12933 0.300146 1600
4 1e-2 1 0.0351562 0.0404251 0.0543079 0.315175 256
4 1e-2 2 0.140625 0.0628384 0.0440082 0.315175 256
4 1e-2 3 0.316406 0.0834655 0.0437571 0.315175 256
4 1e-2 4 0.5625 0.0970662 0.0440664 0.315175 256
5 1e-2 1 0.00878906 0.0240095 0.0273421 0.309028 1024
5 1e-2 2 0.0351562 0.0355027 0.0270983 0.309028 1024
5 1e-2 3 0.0791016 0.0491121 0.0248126 0.309028 1024
5 1e-2 4 0.140625 0.0637925 0.0250778 0.309028 1024
6 1e-2 1 0.00219727 0.0131159 0.0646371 0.30468 4072
6 1e-2 2 0.00878906 0.0161638 0.0485937 0.30468 4072
6 1e-2 3 0.0197754 0.0231412 0.0289109 0.30468 4072
6 1e-2 4 0.0351562 0.0313872 0.0190857 0.30468 4084
7 1e-2 1 0.000549316 0.0234257 0.054842 0.302344 14044
7 1e-2 2 0.00219727 0.0235259 0.0568537 0.302344 14164
7 1e-2 3 0.00494385 0.022663 0.055196 0.302344 14026
7 1e-2 4 0.00878906 0.0215809 0.0378332 0.302344 14020
8 1e-2 1 0.000137329 0.0420754 0.0404313 0.301172 20344
8 1e-2 2 0.000549316 0.0389582 0.0865569 0.301172 20092
8 1e-2 3 0.00123596 0.0414908 0.083344 0.301172 20224
8 1e-2 4 0.00219727 0.0398689 0.0803252 0.301172 19477
9 1e-2 1 3.43323e-05 0.0549547 0.111895 0.300586 26140
9 1e-2 2 0.000137329 0.0549714 0.161615 0.300586 25684
9 1e-2 3 0.00030899 0.0528731 0.153687 0.300586 25486
9 1e-2 4 0.000549316 0.0516871 0.118845 0.300586 25612
10 1e-2 1 8.58307e-06 0.0614272 0.168327 0.300293 40012
10 1e-2 2 3.43323e-05 0.0644972 0.158361 0.300293 40102
10 1e-2 3 7.72476e-05 0.0637599 0.171319 0.300293 40336
11 1e-2 1 2.14577e-06 0.070205 0.213289 0.300146 56056
11 1e-2 2 8.58307e-06 0.07423 0.290942 0.300146 55807
11 1e-2 3 1.93119e-05 0.07415 0.258746 0.300146 54988
11 1e-2 4 3.43323e-05 0.070726 0.280196 0.300146 55108
4 1e-3 1 0.0351562 0.0404251 0.0543079 0.315175 256
4 1e-3 2 0.140625 0.0628384 0.0440082 0.315175 256
4 1e-3 3 0.316406 0.0834655 0.0437571 0.315175 256
4 1e-3 4 0.5625 0.0970662 0.0440664 0.315175 256
5 1e-3 1 0.00878906 0.0240095 0.0273421 0.309028 1024
5 1e-3 2 0.0351562 0.0355027 0.0270983 0.309028 1024
5 1e-3 3 0.0791016 0.0491121 0.0248126 0.309028 1024
5 1e-3 4 0.140625 0.0637925 0.0250778 0.309028 1024
6 1e-3 1 0.00219727 0.0108024 0.0109328 0.30468 4096
6 1e-3 2 0.00878906 0.0162126 0.0116801 0.30468 4096
6 1e-3 3 0.0197754 0.0232067 0.0133005 0.30468 4096
6 1e-3 4 0.0351562 0.0313991 0.0158573 0.30468 4096
7 1e-3 1 0.000549316 0.00449114 0.00410356 0.302344 16360
7 1e-3 2 0.00219727 0.00637215 0.00651619 0.302344 16372
7 1e-3 3 0.00494385 0.00887899 0.00940342 0.302344 16384
7 1e-3 4 0.00878906 0.0120671 0.0121584 0.302344 16384
8 1e-3 1 0.000137329 0.00328598 0.00533038 0.301172 65164
8 1e-3 2 0.000549316 0.0032803 0.0082473 0.301172 65188
8 1e-3 3 0.00123596 0.00338521 0.00844604 0.301172 65164
8 1e-3 4 0.00219727 0.00450269 0.0105645 0.301172 65140
9 1e-3 1 3.43323e-05 0.0147899 0.0263263 0.300586 220846
9 1e-3 2 0.000137329 0.0147228 0.0274961 0.300586 221254
9 1e-3 3 0.00030899 0.0147495 0.0273386 0.300586 220810
9 1e-3 4 0.000549316 0.0148288 0.0275777 0.300586 220279
10 1e-3 1 8.58307e-06 0.0168994 0.0335873 0.300293 449848
10 1e-3 2 3.43323e-05 0.0168471 0.0309756 0.300293 464128
10 1e-3 3 7.72476e-05 0.0168817 0.0304597 0.300293 473968
10 1e-3 4 0.000137329 0.0168832 0.0303889 0.300293 469576
11 1e-3 1 2.14577e-06 0.0265106 0.0493967 0.300146 1044322
11 1e-3 2 8.58307e-06 0.0265265 0.0461489 0.300146 1023916
11 1e-3 3 1.93119e-05 0.0265275 0.0489588 0.300146 998080
