4 1e-1 1 0.0351562 0.0245368 0.0692038 0.315175 256
4 1e-1 2 0.140625 0.0252845 0.0573107 0.315175 256
4 1e-1 3 0.316406 0.0258704 0.0513691 0.315175 256
4 1e-1 4 0.5625 0.0261603 0.0482761 0.315175 256
5 1e-1 1 0.00878906 0.00539583 0.0255205 0.309028 1000
5 1e-1 2 0.0351562 0.00735798 0.0238763 0.309028 1000
5 1e-1 3 0.0791016 0.0108035 0.0219378 0.309028 1000
5 1e-1 4 0.140625 0.0148965 0.0219428 0.309028 1000
6 1e-1 1 0.00219727 0.0200465 0.0368317 0.30468 1408
6 1e-1 2 0.00878906 0.0167535 0.0331416 0.30468 1408
6 1e-1 3 0.0197754 0.0160444 0.0313283 0.30468 1408
6 1e-1 4 0.0351562 0.0161062 0.0311051 0.30468 1408
7 1e-1 1 0.000549316 0.019729 0.0509198 0.302344 1552
7 1e-1 2 0.00219727 0.0185674 0.0485376 0.302344 1552
7 1e-1 3 0.00494385 0.0173683 0.045997 0.302344 1552
7 1e-1 4 0.00878906 0.0173438 0.0457707 0.302344 1552
8 1e-1 1 0.000137329 0.0207222 0.0626672 0.301172 1564
8 1e-1 2 0.000549316 0.0211505 0.0692608 0.301172 1552
8 1e-1 3 0.00123596 0.0205494 0.0675158 0.301172 1552
8 1e-1 4 0.00219727 0.0201224 0.0660333 0.301172 1552
9 1e-1 1 3.43323e-05 0.0304739 0.164019 0.300586 1612
9 1e-1 2 0.000137329 0.0224707 0.0811153 0.300586 1576
9 1e-1 3 0.00030899 0.0229687 0.0912381 0.300586 1552
9 1e-1 4 0.000549316 0.0235857 0.089113 0.300586 1576
10 1e-1 1 8.58307e-06 0.0455938 0.604957 0.300293 30688
10 1e-1 2 3.43323e-05 0.0235475 0.0994157 0.300293 1612
10 1e-1 3 7.72476e-05 0.0242005 0.106649 0.300293 1588
10 1e-1 4 0.000137329 0.025375 0.118246 0.300293 1588
11 1e-1 2 8.58307e-06 0.0447882 0.749228 0.300146 25486
11 1e-1 3 1.93119e-05 0.0290944 0.154534 0.300146 1600
11 1e-1 4 3.43323e-05 0.0289294 0.123823 0.300146 1588
4 1e-2 1 0.0351562 0.0245368 0.0692038 0.315175 256
4 1e-2 2 0.140625 0.0252845 0.0573107 0.315175 256
4 1e-2 3 0.316406 0.0258704 0.0513691 0.315175 256
4 1e-2 4 0.5625 0.0261603 0.0482761 0.315175 256
5 1e-2 1 0.00878906 0.00576283 0.0263139 0.309028 1024
5 1e-2 2 0.0351562 0.00408222 0.0246314 0.309028 1024
5 1e-2 3 0.0791016 0.00412228 0.0235987 0.309028 1024
5 1e-2 4 0.140625 0.00414781 0.0228272 0.309028 1024
6 1e-2 1 0.00219727 0.0125701 0.0271143 0.30468 4072
6 1e-2 2 0.00878906 0.0124943 0.0252014 0.30468 4072
6 1e-2 3 0.0197754 0.0124728 0.0238743 0.30468 4072
6 1e-2 4 0.0351562 0.014088 0.0298857 0.30468 4078
7 1e-2 1 0.000549316 0.0246198 0.0417786 0.302344 14242
7 1e-2 2 0.00219727 0.0217029 0.0429052 0.302344 14134
7 1e-2 3 0.00494385 0.0206269 0.0621497 0.302344 14119
7 1e-2 4 0.00878906 0.0210317 0.0563059 0.302344 14011
8 1e-2 1 0.000137329 0.0421196 0.112985 0.301172 20089
8 1e-2 2 0.000549316 0.0426584 0.121201 0.301172 19873
8 1e-2 3 0.00123596 0.042318 0.0949989 0.301172 19600
8 1e-2 4 0.00219727 0.041921 0.0852028 0.301172 19552
9 1e-2 1 3.43323e-05 0.055003 0.123741 0.300586 26680
9 1e-2 2 0.000137329 0.0563757 0.168488 0.300586 26488
9 1e-2 3 0.00030899 0.0542024 0.134144 0.300586 25930
9 1e-2 4 0.000549316 0.0539631 0.177842 0.300586 25648
10 1e-2 1 8.58307e-06 0.0660505 0.164396 0.300293 48604
10 1e-2 2 3.43323e-05 0.0620722 0.295612 0.300293 40960
10 1e-2 3 7.72476e-05 0.0649908 0.298203 0.300293 40609
10 1e-2 4 0.000137329 0.0667666 0.232205 0.300293 40126
11 1e-2 1 2.14577e-06 0.0755396 0.316742 0.300146 100027
11 1e-2 2 8.58307e-06 0.0726301 0.227495 0.300146 65008
11 1e-2 3 1.93119e-05 0.0744708 0.382296 0.300146 57163
11 1e-2 4 3.43323e-05 0.0716799 0.321398 0.300146 54700
4 1e-3 1 0.0351562 0.0245368 0.0692038 0.315175 256
4 1e-3 2 0.140625 0.0252845 0.0573107 0.315175 256
4 1e-3 3 0.316406 0.0258704 0.0513691 0.315175 256
4 1e-3 4 0.5625 0.0261603 0.0482761 0.315175 256
5 1e-3 1 0.00878906 0.00576283 0.0263139 0.309028 1024
5 1e-3 2 0.0351562 0.00408222 0.0246314 0.309028 1024
5 1e-3 3 0.0791016 0.00412228 0.0235987 0.309028 1024
5 1e-3 4 0.140625 0.00414781 0.0228272 0.309028 1024
6 1e-3 1 0.00219727 0.00224071 0.00916579 0.30468 4096
6 1e-3 2 0.00878906 0.0022962 0.00927367 0.30468 4096
6 1e-3 3 0.0197754 0.0023309 0.00915603 0.30468 4096
6 1e-3 4 0.0351562 0.00235304 0.00902334 0.30468 4096
7 1e-3 1 0.000549316 0.00143929 0.00294957 0.302344 16384
7 1e-3 2 0.00219727 0.00145316 0.00326575 0.302344 16360
7 1e-3 3 0.00494385 0.00146497 0.00352937 0.302344 16384
7 1e-3 4 0.00878906 0.00147315 0.00383466 0.302344 16372
8 1e-3 1 0.000137329 0.00314225 0.00836169 0.301172 65170
8 1e-3 2 0.000549316 0.00303706 0.00693875 0.301172 65182
8 1e-3 3 0.00123596 0.00316487 0.00405417 0.301172 65233
8 1e-3 4 0.00219727 0.00287224 0.00566242 0.301172 65194
9 1e-3 1 3.43323e-05 0.0148223 0.026835 0.300586 221119
9 1e-3 2 0.000137329 0.0147747 0.0277775 0.300586 221116
9 1e-3 3 0.00030899 0.0148413 0.0276842 0.300586 220162
9 1e-3 4 0.000549316 0.0147843 0.0266933 0.300586 219712
10 1e-3 1 8.58307e-06 0.0168922 0.0341404 0.300293 449239
10 1e-3 3 7.72476e-05 0.0168801 0.0325187 0.300293 466609
10 1e-3 4 0.000137329 0.0169038 0.0329411 0.300293 465877
11 1e-3 1 2.14577e-06 0.0265498 0.0483809 0.300146 1043752
11 1e-3 2 8.58307e-06 0.0265654 0.0476918 0.300146 1028302
11 1e-3 3 1.93119e-05 0.0265581 0.0493946 0.300146 995854
11 1e-3 4 3.43323e-05 0.0265494 0.0498041 0.300146 957070
