4 1e-1 1 0.0351562 0.0289078 0.0712474 0.315175 256
4 1e-1 2 0.140625 0.0339 0.0601321 0.315175 256
4 1e-1 3 0.316406 0.0445076 0.0566309 0.315175 256
4 1e-1 4 0.5625 0.0569683 0.054841 0.315175 256
5 1e-1 1 0.00878906 0.00914409 0.0276158 0.309028 1000
5 1e-1 2 0.0351562 0.0191201 0.0261772 0.309028 1000
5 1e-1 3 0.0791016 0.0338355 0.0243998 0.309028 1012
5 1e-1 4 0.140625 0.0491802 0.0224312 0.309028 1012
6 1e-1 1 0.00219727 0.0195131 0.0356732 0.30468 1408
6 1e-1 2 0.00878906 0.0219006 0.0621576 0.30468 1396
6 1e-1 3 0.0197754 0.0205487 0.0550804 0.30468 1408
6 1e-1 4 0.0351562 0.0258231 0.0513196 0.30468 1420
7 1e-1 1 0.000549316 0.0197368 0.0523003 0.302344 1552
7 1e-1 2 0.00219727 0.0188001 0.048716 0.302344 1552
7 1e-1 3 0.00494385 0.0181089 0.0465274 0.302344 1540
7 1e-1 4 0.00878906 0.0197673 0.0953383 0.302344 1528
8 1e-1 1 0.000137329 0.0216453 0.0710216 0.301172 1576
8 1e-1 2 0.000549316 0.020972 0.0678939 0.301172 1576
8 1e-1 3 0.00123596 0.0208184 0.0675463 0.301172 1552
8 1e-1 4 0.00219727 0.0203034 0.0622418 0.301172 1552
9 1e-1 1 3.43323e-05 0.0243083 0.0972367 0.300586 1576
9 1e-1 2 0.000137329 0.0237739 0.0952114 0.300586 1576
9 1e-1 3 0.00030899 0.0239096 0.0937169 0.300586 1576
9 1e-1 4 0.000549316 0.0255638 0.0910596 0.300586 1576
10 1e-1 1 8.58307e-06 0.0265827 0.129187 0.300293 1588
10 1e-1 2 3.43323e-05 0.0287722 0.111603 0.300293 1600
10 1e-1 3 7.72476e-05 0.0272513 0.126167 0.300293 1588
10 1e-1 4 0.000137329 0.0292269 0.11073 0.300293 1600
11 1e-1 1 2.14577e-06 0.0288137 0.157147 0.300146 1588
11 1e-1 2 8.58307e-06 0.0286438 0.158578 0.300146 1588
11 1e-1 3 1.93119e-05 0.0288057 0.158731 0.300146 1588
11 1e-1 4 3.43323e-05 0.0287241 0.159264 0.300146 1588
4 1e-2 1 0.0351562 0.0289078 0.0712474 0.315175 256
4 1e-2 2 0.140625 0.0339 0.0601321 0.315175 256
4 1e-2 3 0.316406 0.0445076 0.0566309 0.315175 256
4 1e-2 4 0.5625 0.0569683 0.054841 0.315175 256
5 1e-2 1 0.00878906 0.00948925 0.0275915 0.309028 1024
5 1e-2 2 0.0351562 0.0179111 0.0265119 0.309028 1024
5 1e-2 3 0.0791016 0.0305368 0.0245258 0.309028 1024
5 1e-2 4 0.140625 0.0445265 0.0224103 0.309028 1024
6 1e-2 1 0.00219727 0.0126404 0.0492648 0.30468 4072
6 1e-2 2 0.00878906 0.0123797 0.0491621 0.30468 4072
6 1e-2 3 0.0197754 0.0156046 0.0269821 0.30468 4072
6 1e-2 4 0.0351562 0.0210563 0.0306352 0.30468 4084
7 1e-2 1 0.000549316 0.0213049 0.0303989 0.302344 14128
7 1e-2 2 0.00219727 0.0214552 0.0511143 0.302344 14080
7 1e-2 3 0.00494385 0.0220193 0.0414197 0.302344 13996
7 1e-2 4 0.00878906 0.0208614 0.0451396 0.302344 14116
8 1e-2 1 0.000137329 0.0424149 0.0808443 0.301172 20212
8 1e-2 2 0.000549316 0.0421955 0.0979747 0.301172 19900
8 1e-2 3 0.00123596 0.0377852 0.0595505 0.301172 19408
8 1e-2 4 0.00219727 0.0411378 0.0795884 0.301172 19312
9 1e-2 1 3.43323e-05 0.0532101 0.114399 0.300586 26152
9 1e-2 2 0.000137329 0.0556206 0.142835 0.300586 26344
9 1e-2 3 0.00030899 0.0548634 0.174457 0.300586 25540
9 1e-2 4 0.000549316 0.0541538 0.118747 0.300586 25720
10 1e-2 1 8.58307e-06 0.0623817 0.146856 0.300293 40384
10 1e-2 2 3.43323e-05 0.0603996 0.17973 0.300293 40276
10 1e-2 3 7.72476e-05 0.0612866 0.158246 0.300293 40720
10 1e-2 4 0.000137329 0.0152948 0.121961 0.0407296 33652
11 1e-2 1 2.14577e-06 0.0712589 0.0802946 0.300146 57436
11 1e-2 2 8.58307e-06 0.0744842 0.278919 0.300146 56188
11 1e-2 3 1.93119e-05 0.0733609 0.282823 0.300146 54664
11 1e-2 4 3.43323e-05 0.070899 0.198837 0.300146 53788
4 1e-3 1 0.0351562 0.0289078 0.0712474 0.315175 256
4 1e-3 2 0.140625 0.0339 0.0601321 0.315175 256
4 1e-3 3 0.316406 0.0445076 0.0566309 0.315175 256
4 1e-3 4 0.5625 0.0569683 0.054841 0.315175 256
5 1e-3 1 0.00878906 0.00948925 0.0275915 0.309028 1024
5 1e-3 2 0.0351562 0.0179111 0.0265119 0.309028 1024
5 1e-3 3 0.0791016 0.0305368 0.0245258 0.309028 1024
5 1e-3 4 0.140625 0.0445265 0.0224103 0.309028 1024
6 1e-3 1 0.00219727 0.00347531 0.0100401 0.30468 4096
6 1e-3 2 0.00878906 0.00690747 0.0103204 0.30468 4096
6 1e-3 3 0.0197754 0.013231 0.0113943 0.30468 4096
6 1e-3 4 0.0351562 0.0209348 0.0131627 0.30468 4096
7 1e-3 1 0.000549316 0.00145449 0.00477883 0.302344 16384
7 1e-3 2 0.00219727 0.00253441 0.00419537 0.302344 16384
7 1e-3 3 0.00494385 0.00460638 0.00440437 0.302344 16384
7 1e-3 4 0.00878906 0.00719158 0.00490328 0.302344 16384
8 1e-3 1 0.000137329 0.00303956 0.00355411 0.301172 65200
8 1e-3 2 0.000549316 0.00291491 0.00561749 0.301172 65200
8 1e-3 3 0.00123596 0.0031466 0.00685463 0.301172 65200
8 1e-3 4 0.00219727 0.00320242 0.00545083 0.301172 65140
9 1e-3 1 3.43323e-05 0.0146434 0.0232781 0.300586 219856
9 1e-3 2 0.000137329 0.0147155 0.0259439 0.300586 220324
9 1e-3 3 0.00030899 0.0147561 0.0257242 0.300586 221308
9 1e-3 4 0.000549316 0.014811 0.0269448 0.300586 220360
10 1e-3 1 8.58307e-06 0.0168819 0.0326395 0.300293 450604
10 1e-3 2 3.43323e-05 0.016855 0.03293 0.300293 465004
10 1e-3 3 7.72476e-05 0.0168621 0.0319325 0.300293 469216
10 1e-3 4 0.000137329 0.016868 0.0306717 0.300293 467776
