8.19672e-05 8.19672e-05 0 0 0 0 670293 2.51257 266775 20
0.000207512 0.000125545 7 5 0 0 1253463 16.6316 115669 20
0.000345434 0.000137922 7 4 0 0 1629818 31.6426 112304 20
0.000496287 0.000150853 8 4 0 0 1958678 49.0099 112472 20
0.000660144 0.000163857 7 3 0 0 2143807 66.08 115860 20
0.000836368 0.000176224 6 3 0 0 2247302 82.468 120087 20
0.00102338 0.000187013 7 2 0 0 2324729 99.1086 123381 20
0.00121437 0.000190992 6 2 0 0 2374303 115.243 126710 20
0.00141405 0.000199673 10 2 0 0 2412796 134.922 126111 20
0.00161372 0.000199673 8 3 0 0 2447243 153.068 127154 20
0.00181826 0.000204543 8 2 0 0 2477483 170.761 128483 20
0.00202281 0.000204543 9 2 0 0 2502410 189.432 129029 20
0.00223273 0.000209926 8 2 0 0 2522094 206.885 130335 20
0.00244266 0.000209926 6 2 0 0 2539349 222.573 132558 20
0.00265258 0.000209926 7 2 0 0 2561455 239.419 133929 20
0.00286251 0.000209926 7 2 0 0 2579158 256.345 135147 20
0.00307244 0.000209926 6 2 0 0 2592388 272.165 136817 20
0.00328236 0.000209926 6 2 0 0 2605303 288.544 138080 20
0.00349229 0.000209926 6 2 0 0 2616755 304.492 139442 20
0.00370222 0.000209926 6 2 0 0 2625855 320.268 140776 20
0.00391214 0.000209926 5 2 0 0 2635858 335.803 142109 20
0.00412207 0.000209926 5 2 0 0 2645462 350.746 143597 20
0.00433199 0.000209926 5 2 0 0 2654065 367.328 144340 20
0.00454192 0.000209926 5 2 0 0 2662311 382.973 145395 20
0.00475185 0.000209926 6 2 0 0 2668989 399.869 145926 20
0.00496177 0.000209926 5 2 0 0 2675828 416.351 146576 20
0.0051717 0.000209926 5 2 0 0 2683276 431.835 147534 20
0.00538162 0.000209926 7 2 0 0 2690409 449.701 147655 20
0.00559155 0.000209926 6 2 0 0 2698088 466.126 148241 20
0.00580148 0.000209926 6 2 0 0 2704199 482.93 148685 20
0.0060114 0.000209926 6 2 0 0 2711479 500.944 148749 20
0.00622133 0.000209926 5 2 0 0 2718101 517.571 149222 20
0.00643126 0.000209926 5 2 0 0 2725017 533.74 149807 20
0.00664118 0.000209926 6 2 0 0 2731219 551.035 150061 20
0.00685111 0.000209926 5 2 0 0 2738688 566.552 150785 20
0.00706103 0.000209926 5 2 0 0 2745037 581.971 151507 20
0.00727096 0.000209926 5 2 0 0 2752156 597.958 152059 20
0.00748089 0.000209926 7 2 0 0 2758708 616.159 152044 20
0.00769081 0.000209926 5 2 0 0 2764791 632.689 152442 20
0.00790074 0.000209926 5 2 0 0 2770734 648.349 153036 20
0.00811066 0.000209926 5 2 0 0 2776803 664.142 153576 20
0.00832059 0.000209926 5 2 0 0 2783271 679.986 154090 20
0.00853052 0.000209926 5 2 0 0 2789844 696.4 154464 20
0.00874044 0.000209926 5 2 0 0 2797313 712.664 154865 20
0.00895037 0.000209926 5 2 0 0 2803592 728.886 155264 20
0.0091603 0.000209926 5 2 0 0 2809591 745.628 155546 20
0.00937022 0.000209926 5 2 0 0 2814575 762.41 155814 20
0.00958015 0.000209926 5 2 0 0 2818803 778.727 156169 20
0.00979007 0.000209926 4 2 0 0 2823731 794.174 156687 20
0.01 0.000209926 6 2 0 0 2829317 811.178 156890 20
0.0102222 0.000222222 5 2 0 0 2835232 834.088 155980 20
0.0104444 0.000222222 5 2 0 0 2840930 850.393 156330 20
0.0106667 0.000222222 6 2 0 0 2846369 868.032 156433 20
0.0108889 0.000222222 5 2 0 0 2851983 884.34 156773 20
0.0111111 0.000222222 5 2 0 0 2857695 900.73 157093 20
0.0113333 0.000222222 4 2 0 0 2863946 916.213 157564 20
0.0115556 0.000222222 5 2 0 0 2868748 932.875 157825 20
0.0117778 0.000222222 6 2 0 0 2874236 949.82 158035 20
0.012 0.000222222 5 2 0 0 2879164 966.518 158284 20
0.0122222 0.000222222 5 2 0 0 2883854 984.869 158267 20
0.0124444 0.000222222 5 2 0 0 2888936 1001.72 158485 20
0.0126667 0.000222222 5 2 0 0 2894123 1018.85 158661 20
0.0128889 0.000222222 7 2 0 0 2898547 1036.74 158719 20
0.0131111 0.000222222 6 2 0 0 2903384 1054.17 158849 20
0.0133333 0.000222222 5 2 0 0 2908438 1070.72 159109 20
0.0135556 0.000222222 6 2 0 0 2913163 1088.05 159253 20
0.0137778 0.000222222 6 2 0 0 2918063 1105.23 159418 20
0.014 0.000222222 5 2 0 0 2922956 1121.93 159649 20
0.0142222 0.000222222 5 2 0 0 2927800 1139.32 159783 20
0.0144444 0.000222222 5 2 0 0 2931468 1156.19 159986 20
0.0146667 0.000222222 5 2 0 0 2936319 1173.15 160177 20
0.0148889 0.000222222 5 2 0 0 2941338 1189.6 160434 20
0.0151111 0.000222222 6 2 0 0 2946959 1207.43 160505 20
0.0153333 0.000222222 5 2 0 0 2952041 1224.08 160734 20
0.0155556 0.000222222 5 2 0 0 2956507 1240.8 160951 20
0.0157778 0.000222222 6 2 0 0 2961596 1258.48 161043 20
0.016 0.000222222 7 2 0 0 2966622 1277.11 161017 20
0.0162222 0.000222222 5 2 0 0 2971018 1293.81 161235 20
0.0164444 0.000222222 5 2 0 0 2975617 1310.66 161433 20
0.0166667 0.000222222 5 2 0 0 2980188 1327.54 161626 20
0.0168889 0.000222222 5 2 0 0 2984017 1344.16 161846 20
0.0171111 0.000222222 5 2 0 0 2988973 1361.01 162039 20
0.0173333 0.000222222 7 2 0 0 2993509 1380.91 161872 20
0.0175556 0.000222222 6 2 0 0 2997898 1399.9 161817 20
0.0177778 0.000222222 5 2 0 0 3002077 1416.87 161998 20
0.018 0.000222222 5 2 0 0 3005787 1433.63 162201 20
0.0182222 0.000222222 5 2 0 0 3009483 1451.76 162248 20
0.0184444 0.000222222 5 2 0 0 3012633 1468.82 162414 20
0.0186667 0.000222222 6 2 0 0 3016399 1486.67 162494 20
0.0188889 0.000222222 5 2 0 0 3020641 1504.73 162551 20
0.0191111 0.000222222 6 2 0 0 3024778 1523.04 162582 20
0.0193333 0.000222222 5 2 0 0 3028110 1539.79 162780 20
0.0195556 0.000222222 5 2 0 0 3031540 1557.05 162923 20
0.0197778 0.000222222 7 2 0 0 3034697 1576.47 162841 20
0.02 0.000222222 5 2 0 0 3038274 1597.73 162576 20
0.0202273 0.000227273 9 3 0 0 3041396 1642.4 160006 20
0.0204545 0.000227273 6 2 0 0 3044784 1672.57 158940 20
0.0206818 0.000227273 5 2 0 0 3048473 1700.12 158158 20
0.0209091 0.000227273 7 2 0 0 3052631 1730.62 157134 20
0.0211364 0.000227273 5 2 0 0 3055851 1757.37 156481 20
0.0213696 0.000233254 7 2 0 0 3059869 1796.49 154777 20
0.0216029 0.000233254 5 2 0 0 3063418 1823.42 154171 20
0.0218361 0.000233254 6 2 0 0 3067289 1852.6 153398 20
0.0220694 0.000233254 5 2 0 0 3070068 1879.59 152829 20
0.0223026 0.000233254 7 2 0 0 3073022 1910.05 152000 20
0.0225359 0.000233254 6 2 0 0 3076452 1939.25 151298 20
0.0227691 0.000233254 7 2 0 0 3079728 1969.44 150543 20
0.0230024 0.000233254 6 2 0 0 3083179 1998.2 149919 20
0.0232356 0.000233254 9 2 0 0 3086399 2032.48 148909 20
0.0234689 0.000233254 6 2 0 0 3090172 2061.27 148329 20
0.0237022 0.000233254 7 2 0 0 3093882 2091.68 147651 20
0.0239354 0.000233254 8 2 0 0 3098068 2124.02 146862 20
0.0241687 0.000233254 6 2 0 0 3102121 2153.4 146298 20
0.0244019 0.000233254 7 2 0 0 3105852 2184.53 145635 20
0.0246352 0.000233254 7 2 0 0 3109877 2215.52 145002 20
0.0248684 0.000233254 6 2 0 0 3113769 2244.56 144513 20
0.0251017 0.000233254 8 2 0 0 3117416 2277.05 143820 20
0.0253349 0.000233254 5 2 0 0 3121077 2304.68 143450 20
0.0255682 0.000233254 5 2 0 0 3124647 2332.43 143083 20
0.0258014 0.000233254 8 2 0 0 3127804 2365.24 142421 20
0.0260347 0.000233254 5 2 0 0 3131052 2392.58 142102 20
0.0262679 0.000233254 11 2 0 0 3134825 2418.55 141872 20
0.0265012 0.000233254 5 2 0 0 3138703 2439.09 141964 20
0.0267344 0.000233254 6 2 0 0 3141181 2461.16 141968 20
0.0269677 0.000233254 5 2 0 0 3144177 2482.23 142029 20
0.027201 0.000233254 7 2 0 0 3146172 2505.29 141978 20
0.0274342 0.000233254 6 2 0 0 3148013 2526.79 142016 20
0.0276675 0.000233254 5 2 0 0 3150232 2547.91 142075 20
0.0279007 0.000233254 6 2 0 0 3152647 2570.06 142077 20
0.028134 0.000233254 7 2 0 0 3155426 2592.56 142061 20
0.0283672 0.000233254 6 2 0 0 3158478 2614.53 142076 20
0.0286005 0.000233254 7 2 0 0 3160403 2638.4 141988 20
0.0288337 0.000233254 6 2 0 0 3162881 2660.24 142011 20
0.029067 0.000233254 10 2 0 0 3165576 2687.19 141765 20
0.0293002 0.000233254 8 2 0 0 3168117 2711.42 141667 20
0.0295335 0.000233254 5 2 0 0 3171246 2732.44 141737 20
0.0297667 0.000233254 9 2 0 0 3174368 2758.15 141567 20
0.03 0.000233254 9 2 0 0 3176853 2784.61 141363 20
0.0302381 0.000238095 8 2 0 0 3179387 2815.98 140917 20
0.0304762 0.000238095 8 3 0 0 3182103 2841.56 140768 20
0.0307143 0.000238095 6 2 0 0 3184350 2864.17 140769 20
0.0309524 0.000238095 7 2 0 0 3187507 2887.74 140723 20
0.0311905 0.000238095 8 2 0 0 3190216 2912.55 140620 20
0.0314286 0.000238095 7 2 0 0 3193009 2936.46 140563 20
0.0316667 0.000238095 8 2 0 0 3196012 2957.97 140621 20
0.0319048 0.000238095 5 2 0 0 3198693 2976.54 140818 20
0.0321429 0.000238095 6 2 0 0 3201745 2995.99 140973 20
0.032381 0.000238095 10 2 0 0 3204055 3019.45 140939 20
0.032619 0.000238095 6 2 0 0 3207163 3039.25 141075 20
0.0328571 0.000238095 6 2 0 0 3209683 3059.11 141210 20
0.0330952 0.000238095 5 2 0 0 3211538 3078.01 141385 20
0.0333333 0.000238095 5 2 0 0 3213834 3097.15 141549 20
0.0335714 0.000238095 5 2 0 0 3216375 3116.18 141717 20
0.0338095 0.000238095 5 2 0 0 3218706 3135.02 141892 20
0.0340476 0.000238095 9 2 0 0 3221324 3158.74 141846 20
0.0342857 0.000238095 7 2 0 0 3223620 3179.76 141922 20
0.0345238 0.000238095 6 2 0 0 3226728 3199.96 142035 20
0.0347619 0.000238095 8 2 0 0 3229766 3221.99 142066 20
0.035 0.000238095 6 2 0 0 3232006 3242.64 142158 20
0.0352381 0.000238095 6 2 0 0 3234652 3262.64 142279 20
0.0354762 0.000238095 9 2 0 0 3238124 3285.99 142253 20
0.0357143 0.000238095 5 2 0 0 3240714 3304.95 142417 20
0.0359524 0.000238095 5 2 0 0 3243703 3323.79 142586 20
0.0361905 0.000238095 7 2 0 0 3246223 3345.53 142629 20
0.0364286 0.000238095 6 2 0 0 3248561 3366.03 142726 20
0.0366667 0.000238095 6 2 0 0 3251221 3386.15 142838 20
0.0369048 0.000238095 10 2 0 0 3253440 3411.08 142748 20
0.0371429 0.000238095 9 2 0 0 3256793 3434.29 142731 20
0.037381 0.000238095 7 2 0 0 3259082 3455.44 142801 20
0.037619 0.000238095 6 2 0 0 3261966 3475.64 142910 20
0.0378571 0.000238095 5 2 0 0 3265102 3494.36 143078 20
0.0380952 0.000238095 8 2 0 0 3268238 3517.41 143070 20
0.0383333 0.000238095 6 2 0 0 3270989 3537.29 143191 20
0.0385714 0.000238095 6 2 0 0 3273411 3557.67 143290 20
0.0388095 0.000238095 6 2 0 0 3276302 3577.96 143393 20
0.0390476 0.000238095 5 2 0 0 3279256 3597.02 143545 20
0.0392857 0.000238095 6 2 0 0 3282126 3617 143660 20
0.0395238 0.000238095 8 2 0 0 3284555 3639.89 143659 20
0.0397619 0.000238095 6 2 0 0 3287334 3660.29 143756 20
0.04 0.000238095 9 2 0 0 3289490 3684.51 143705 20
0.04025 0.00025 9 2 0 0 3292584 3714.13 143444 20
0.0405 0.00025 6 2 0 0 3294971 3733.6 143579 20
0.04075 0.00025 7 2 0 0 3297456 3753.69 143689 20
0.041 0.00025 10 2 0 0 3300480 3777.36 143662 20
0.04125 0.00025 11 2 0 0 3303560 3802.25 143591 20
0.0415 0.00025 6 2 0 0 3306115 3822.15 143708 20
0.04175 0.00025 8 2 0 0 3308418 3843.57 143768 20
0.042 0.00025 7 2 0 0 3310560 3863.81 143872 20
0.04225 0.00025 6 2 0 0 3313808 3883.3 144003 20
0.0425 0.00025 6 2 0 0 3316629 3902.71 144137 20
0.04275 0.00025 6 2 0 0 3319100 3922.29 144263 20
0.043 0.00025 6 2 0 0 3321823 3941.96 144386 20
0.04325 0.00025 6 2 0 0 3324791 3961.61 144509 20
0.0435 0.00025 6 2 0 0 3328228 3981.05 144640 20
0.04375 0.00025 6 2 0 0 3331245 4000.72 144761 20
0.044 0.00025 8 2 0 0 3334479 4022.54 144805 20
0.04425 0.00025 7 2 0 0 3336915 4043.1 144894 20
0.0445 0.00025 7 2 0 0 3339365 4064.01 144970 20
0.04475 0.00025 8 2 0 0 3341948 4085.88 145012 20
0.045 0.00025 6 2 0 0 3344370 4105.45 145136 20
0.04525 0.00025 6 2 0 0 3346323 4133.32 144966 20
0.0455 0.00025 7 2 0 0 3348199 4154.1 145047 20
0.04575 0.00025 6 2 0 0 3350719 4173.93 145161 20
0.046 0.00025 7 2 0 0 3353589 4194.41 145252 20
0.04625 0.00025 7 2 0 0 3356522 4215.34 145326 20
0.0465 0.00025 6 2 0 0 3358650 4235.07 145443 20
0.04675 0.00025 7 2 0 0 3360652 4255.5 145534 20
0.047 0.00025 6 2 0 0 3363228 4275.09 145654 20
0.04725 0.00025 6 2 0 0 3366070 4294.84 145768 20
0.0475 0.00025 11 2 0 0 3368723 4319.82 145705 20
0.04775 0.00025 7 2 0 0 3371768 4340.4 145791 20
0.048 0.00025 6 2 0 0 3374484 4360.08 145907 20
0.04825 0.00025 7 2 0 0 3377361 4381.11 145977 20
0.0485 0.00025 10 2 0 0 3379517 4405.99 145920 20
0.04875 0.00025 7 2 0 0 3382149 4426.95 145993 20
0.049 0.00025 9 2 0 0 3384998 4450.03 145996 20
0.04925 0.00025 8 2 0 0 3387868 4472.33 146026 20
0.0495 0.00025 8 2 0 0 3391340 4494.03 146076 20
0.04975 0.00025 7 2 0 0 3393552 4515.05 146147 20
0.05 0.00025 8 2 0 0 3395484 4537.18 146183 20
0.05025 0.00025 7 2 0 0 3398095 4562.96 146101 20
0.0505 0.00025 7 2 0 0 3400510 4583.78 146180 20
0.05075 0.00025 6 2 0 0 3403450 4603.67 146287 20
0.051 0.00025 6 2 0 0 3406509 4623.42 146399 20
0.05125 0.00025 8 2 0 0 3408693 4645.64 146433 20
0.0515 0.00025 10 2 0 0 3411311 4670.33 146389 20
0.05175 0.00025 6 2 0 0 3414048 4690.2 146497 20
0.052 0.00025 6 2 0 0 3416687 4710.49 146591 20
0.05225 0.00025 8 2 0 0 3419823 4732.33 146637 20
0.0525 0.00025 6 2 0 0 3422224 4752.44 146737 20
0.05275 0.00025 9 2 0 0 3424947 4776.07 146728 20
0.053 0.00025 9 2 0 0 3427264 4799.38 146729 20
0.05325 0.00025 6 2 0 0 3429987 4819.54 146827 20
0.0535 0.00025 9 2 0 0 3432395 4842.75 146832 20
0.05375 0.00025 7 2 0 0 3434817 4864.02 146896 20
0.054 0.00025 12 2 0 0 3438128 4891.36 146778 20
0.05425 0.00025 8 2 0 0 3441138 4913.73 146810 20
0.0545 0.00025 6 2 0 0 3444274 4934.03 146904 20
0.05475 0.00025 7 2 0 0 3446465 4955.81 146954 20
0.055 0.00025 9 2 0 0 3448467 4979.21 146957 20
0.05525 0.00025 6 2 0 0 3452100 4999.3 147056 20
0.0555 0.00025 11 2 0 0 3454634 5025.88 146966 20
0.05575 0.00025 8 2 0 0 3458022 5048.16 147002 20
0.056 0.00025 10 2 0 0 3460479 5072.77 146971 20
0.05625 0.00025 7 2 0 0 3462621 5094.36 147028 20
0.0565 0.00025 7 2 0 0 3464868 5116.41 147072 20
0.05675 0.00025 6 2 0 0 3467745 5136.34 147176 20
0.057 0.00025 8 2 0 0 3470083 5159.13 147199 20
0.05725 0.00025 8 2 0 0 3473177 5182.02 147219 20
0.0575 0.00025 8 2 0 0 3475298 5204.42 147253 20
0.05775 0.00025 11 2 0 0 3477909 5230.68 147178 20
0.058 0.00025 7 2 0 0 3480310 5251.85 147248 20
0.05825 0.00025 6 2 0 0 3483033 5272.68 147327 20
0.0585 0.00025 7 2 0 0 3486127 5294.24 147385 20
0.05875 0.00025 8 2 0 0 3488591 5317.37 147400 20
0.059 0.00025 9 2 0 0 3491629 5341.13 147398 20
0.05925 0.00025 6 2 0 0 3494576 5361.92 147478 20
0.0595 0.00025 7 2 0 0 3496550 5383.31 147542 20
0.05975 0.00025 7 2 0 0 3498979 5404.56 147609 20
0.06 0.00025 8 2 0 0 3501961 5427.73 147624 20
0.0602632 0.000263158 10 2 0 0 3505076 5458.12 147444 20
0.0605263 0.000263158 7 2 0 0 3508016 5479.58 147507 20
0.0607895 0.000263158 7 2 0 0 3510928 5501.5 147558 20
0.0610526 0.000263158 8 2 0 0 3513616 5524.67 147575 20
0.0613158 0.000263158 8 2 0 0 3516164 5547.29 147607 20
0.0615789 0.000263158 9 2 0 0 3519531 5571.37 147601 20
0.0618421 0.000263158 10 2 0 0 3522667 5596.68 147563 20
0.0621053 0.000263158 8 2 0 0 3525131 5619.62 147587 20
0.0623684 0.000263158 8 2 0 0 3528421 5643.02 147601 20
0.0626316 0.000263158 6 2 0 0 3531438 5663.53 147690 20
0.0628947 0.000263158 10 2 0 0 3534966 5688.9 147653 20
0.0631579 0.000263158 8 2 0 0 3538669 5711.6 147685 20
0.0634211 0.000263158 11 2 0 0 3541903 5738.14 147620 20
0.0636842 0.000263158 10 2 0 0 3544591 5763.37 147588 20
0.0639474 0.000263158 9 2 0 0 3547867 5787.66 147582 20
0.0642105 0.000263158 7 2 0 0 3551346 5809.53 147638 20
0.0644737 0.000263158 7 2 0 0 3554860 5831.81 147683 20
0.0647368 0.000263158 9 2 0 0 3557828 5855.95 147682 20
0.065 0.000263158 8 2 0 0 3560509 5879.24 147702 20
0.0652632 0.000263158 7 2 0 0 3562294 5901.17 147758 20
0.0655263 0.000263158 7 2 0 0 3565157 5923.25 147808 20
0.0657895 0.000263158 7 2 0 0 3568300 5945.7 147850 20
0.0660526 0.000263158 8 2 0 0 3571688 5968.52 147883 20
0.0663158 0.000263158 7 2 0 0 3576182 5990.36 147941 20
0.0665789 0.000263158 7 2 0 0 3579913 6012.53 147991 20
0.0668421 0.000263158 7 2 0 0 3583133 6034.7 148041 20
0.0671053 0.000263158 8 2 0 0 3585961 6058.14 148061 20
0.0673684 0.000263158 8 2 0 0 3589538 6081.7 148077 20
0.0676316 0.000263158 18 3 0 0 3592002 6120.58 147723 20
0.0678947 0.000263158 9 2 0 0 3595726 6145.86 147701 20
0.0681579 0.000263158 10 2 0 0 3599625 6171.44 147672 20
0.0684211 0.000263158 10 2 0 0 3603363 6198.09 147618 20
0.0686842 0.000263158 9 2 0 0 3606562 6222.69 147614 20
0.0689474 0.000263158 9 2 0 0 3610027 6247.71 147601 20
0.0692105 0.000263158 10 2 0 0 3613408 6274.01 147558 20
0.0694737 0.000263158 7 2 0 0 3616642 6295.84 147621 20
0.0697368 0.000263158 9 2 0 0 3619407 6320.33 147622 20
0.07 0.000263158 7 2 0 0 3621808 6343.07 147663 20
0.0702632 0.000263158 10 2 0 0 3625266 6374.31 147508 20
0.0705263 0.000263158 7 2 0 0 3628318 6396.8 147557 20
0.0707824 0.000256046 7 2 0 0 3632483 6427.18 147425 20
0.0710384 0.000256046 6 2 0 0 3635220 6448.14 147509 20
0.0712945 0.000256046 9 2 0 0 3638580 6472.66 147513 20
0.0715505 0.000256046 8 2 0 0 3641891 6496.24 147538 20
0.0718065 0.000256046 7 2 0 0 3645160 6518.67 147589 20
0.0720626 0.000256046 8 2 0 0 3649241 6542.43 147611 20
0.0723186 0.000256046 6 2 0 0 3652566 6563.54 147693 20
0.0725747 0.000256046 6 2 0 0 3655065 6584.43 147779 20
0.0728307 0.000256046 7 2 0 0 3658992 6607.02 147828 20
0.0730868 0.000256046 7 2 0 0 3662016 6629.03 147890 20
0.0733337 0.000246901 7 2 0 0 3665985 6651.23 147947 20
0.0735806 0.000246901 7 2 0 0 3669625 6673.6 148001 20
0.0738275 0.000246901 8 2 0 0 3672866 6696.98 148033 20
0.0740744 0.000246901 10 2 0 0 3676233 6722.92 148008 20
0.0743213 0.000246901 7 2 0 0 3680797 6745.26 148064 20
0.0745682 0.000246901 8 2 0 0 3683751 6768.54 148099 20
0.0748151 0.000246901 6 2 0 0 3687790 6789.46 148186 20
0.075062 0.000246901 7 2 0 0 3691640 6812.15 148234 20
0.0753089 0.000246901 7 2 0 0 3694447 6834.51 148290 20
0.0755558 0.000246901 7 2 0 0 3697653 6857.25 148338 20
0.0758027 0.000246901 8 2 0 0 3700635 6881.24 148358 20
0.0760496 0.000246901 8 2 0 0 3703932 6905.33 148376 20
0.0762965 0.000246901 6 2 0 0 3706305 6926.85 148451 20
0.0765434 0.000246901 10 2 0 0 3710288 6953.19 148422 20
0.0767903 0.000246901 6 2 0 0 3714152 6974.65 148498 20
0.0770372 0.000246901 9 2 0 0 3716959 6999.72 148497 20
0.0772841 0.000246901 7 2 0 0 3720676 7022.38 148548 20
0.077531 0.000246901 7 2 0 0 3722909 7044.97 148600 20
0.0777779 0.000246901 8 2 0 0 3726290 7069 148622 20
0.0780248 0.000246901 12 2 0 0 3729909 7097.43 148552 20
0.0782717 0.000246901 10 2 0 0 3732800 7124.02 148521 20
0.0785186 0.000246901 6 2 0 0 3736440 7145.29 148602 20
0.0787655 0.000246901 9 2 0 0 3739716 7170.5 148601 20
0.0790124 0.000246901 7 2 0 0 3743503 7193.51 148646 20
0.0792593 0.000246901 7 2 0 0 3746149 7216.14 148699 20
0.0795062 0.000246901 7 2 0 0 3748641 7239.08 148746 20
0.0797531 0.000246901 9 2 0 0 3751707 7264.75 148737 20
0.08 0.000246901 9 2 0 0 3754290 7289.56 148746 20
0.0802632 0.000263158 11 3 0 0 3757391 7323.49 148570 20
0.0805263 0.000263158 9 2 0 0 3759764 7349.56 148554 20
0.0807895 0.000263158 8 2 0 0 3763768 7374.21 148568 20
0.0810526 0.000263158 10 2 0 0 3767730 7400.31 148553 20
0.0813158 0.000263158 10 3 0 0 3771769 7428.42 148499 20
0.0815789 0.000263158 8 2 0 0 3775689 7452.77 148520 20
0.0818421 0.000263158 10 2 0 0 3778237 7479.19 148501 20
0.0821053 0.000263158 10 2 0 0 3781912 7506.24 148469 20
0.0823684 0.000263158 6 2 0 0 3785216 7528.04 148542 20
0.0826316 0.000263158 10 2 0 0 3788303 7554.58 148522 20
0.0828947 0.000263158 8 2 0 0 3791684 7578.99 148544 20
0.0831579 0.000263158 7 2 0 0 3795443 7602.65 148581 20
0.0834211 0.000263158 8 2 0 0 3798124 7627.1 148602 20
0.0836741 0.000253036 8 2 0 0 3801701 7651.53 148625 20
0.0839084 0.000234293 7 2 0 0 3804851 7674.33 148679 20
0.0841427 0.000234293 7 2 0 0 3807679 7697.68 148723 20
0.084377 0.000234293 10 2 0 0 3810122 7724.79 148694 20
0.0846113 0.000234293 11 2 0 0 3813748 7752.85 148648 20
0.0848456 0.000234293 11 2 0 0 3817010 7780.5 148610 20
0.0850798 0.000234293 8 2 0 0 3821070 7805.17 148630 20
0.0853259 0.000246008 11 2 0 0 3824346 7833.42 148582 20
0.0855719 0.000246008 10 2 0 0 3827426 7860.34 148560 20
0.0858179 0.000246008 11 2 0 0 3830107 7888.5 148515 20
0.0860639 0.000246008 7 2 0 0 3833803 7911.62 148566 20
0.0863099 0.000246008 7 2 0 0 3837065 7934.85 148615 20
0.0865559 0.000246008 7 2 0 0 3839606 7958.09 148663 20
0.0868019 0.000246008 8 2 0 0 3842567 7982.42 148691 20
0.0870479 0.000246008 7 2 0 0 3845731 8006.18 148730 20
0.0872939 0.000246008 10 2 0 0 3848923 8033.08 148711 20
0.0875399 0.000246008 7 2 0 0 3852311 8056.7 148754 20
0.0877859 0.000246008 9 2 0 0 3855566 8082.48 148756 20
0.0880319 0.000246008 7 2 0 0 3858541 8106.34 148794 20
0.0882779 0.000246008 6 2 0 0 3861936 8128.28 148868 20
0.088524 0.000246008 8 2 0 0 3865688 8152.63 148897 20
0.08877 0.000246008 7 2 0 0 3869069 8175.68 148951 20
0.089016 0.000246008 7 2 0 0 3872394 8199.3 148994 20
0.089262 0.000246008 7 2 0 0 3875831 8222.57 149044 20
0.089508 0.000246008 10 2 0 0 3879275 8249.08 149035 20
0.089754 0.000246008 7 2 0 0 3882530 8272.87 149076 20
0.09 0.000246008 13 2 0 0 3886184 8304.15 148982 20
0.0902703 0.00027027 8 2 0 0 3890496 8333.8 148919 20
0.0905405 0.00027027 7 2 0 0 3893933 8357.71 148959 20
0.0908108 0.00027027 13 2 0 0 3898147 8389.62 148857 20
0.0910811 0.00027027 10 2 0 0 3902067 8416.88 148838 20
0.0913598 0.000278716 8 2 0 0 3906015 8441.98 148858 20
0.0916385 0.000278716 11 2 0 0 3909760 8470.81 148813 20
0.0919172 0.000278716 9 2 0 0 3913722 8497.34 148809 20
0.0921959 0.000278716 8 2 0 0 3917936 8522.39 148832 20
0.0924747 0.000278716 9 2 0 0 3921653 8549.27 148823 20
0.0927534 0.000278716 8 2 0 0 3925342 8574.49 148843 20
0.0930321 0.000278716 11 2 0 0 3928191 8604.05 148788 20
0.0933108 0.000278716 10 2 0 0 3931712 8631.32 148773 20
0.0935895 0.000278716 9 2 0 0 3935401 8658.01 148769 20
0.0938682 0.000278716 15 2 0 0 3940238 8691.71 148646 20
0.094147 0.000278716 8 2 0 0 3944214 8716.92 148668 20
0.0944257 0.000278716 10 2 0 0 3948918 8745.11 148641 20
0.0947044 0.000278716 10 2 0 0 3952614 8772.38 148629 20
0.0949831 0.000278716 10 2 0 0 3956009 8800.04 148611 20
0.0952618 0.000278716 9 2 0 0 3959817 8826.65 148612 20
0.0955405 0.000278716 13 2 0 0 3964129 8857.95 148534 20
0.0958193 0.000278716 14 3 0 0 3969407 8893.04 148395 20
0.096098 0.000278716 14 2 0 0 3972830 8926.46 148284 20
0.0963767 0.000278716 8 2 0 0 3977611 8960.08 148172 20
0.0966554 0.000278716 7 2 0 0 3981671 8984 148220 20
0.0969341 0.000278716 7 2 0 0 3984891 9007.9 148270 20
0.0972128 0.000278716 8 2 0 0 3988937 9033.08 148298 20
0.0974916 0.000278716 9 2 0 0 3993403 9060.13 148296 20
0.0977703 0.000278716 10 2 0 0 3997806 9087.7 148286 20
0.098049 0.000278716 13 2 0 0 4000984 9119.22 148212 20
0.0983277 0.000278716 10 2 0 0 4005450 9147.46 148192 20
0.0986064 0.000278716 8 2 0 0 4008915 9172.14 148231 20
0.0988851 0.000278716 8 2 0 0 4013122 9197.75 148254 20
0.0991639 0.000278716 9 2 0 0 4017077 9224.56 148259 20
0.0994426 0.000278716 11 2 0 0 4021816 9254.35 148216 20
0.0997213 0.000278716 11 2 0 0 4025092 9283.63 148182 20
0.1 0.000278716 9 2 0 0 4029327 9309.88 148197 20
0.100278 0.000277778 10 2 0 0 4034059 9343.16 148101 20
0.100556 0.000277778 7 2 0 0 4038812 9367.37 148150 20
0.100833 0.000277778 15 2 0 0 4044594 9402.78 148022 20
0.101111 0.000277778 9 2 0 0 4048913 9430.25 148020 20
0.101389 0.000277778 11 2 0 0 4053050 9459.94 147984 20
0.101667 0.000277778 9 2 0 0 4058013 9487.85 147977 20
0.101944 0.000277778 9 2 0 0 4062934 9515.63 147971 20
0.102222 0.000277778 11 2 0 0 4066210 9545.55 147933 20
0.1025 0.000277778 12 2 0 0 4070515 9576.13 147886 20
0.102778 0.000277778 11 2 0 0 4074337 9605.77 147854 20
0.103056 0.000277778 11 2 0 0 4078250 9635.7 147818 20
0.103333 0.000277778 10 2 0 0 4082758 9664.09 147806 20
0.103611 0.000277778 11 2 0 0 4087105 9693.56 147778 20
0.103889 0.000277778 10 2 0 0 4090927 9722.12 147765 20
0.104155 0.0002657 12 2 0 0 4094504 9753.18 147714 20
0.104409 0.000254148 9 2 0 0 4097528 9780.36 147723 20
0.104652 0.000243098 8 2 0 0 4100475 9806.65 147745 20
0.104884 0.000232529 6 2 0 0 4104276 9830.21 147808 20
0.105117 0.000232529 7 2 0 0 4107958 9855.05 147853 20
0.105349 0.000232529 12 3 0 0 4111136 9888.17 147773 20
0.105571 0.000221456 7 2 0 0 4114251 9913.35 147813 20
0.105792 0.000221456 6 2 0 0 4117422 9936.06 147889 20
0.105993 0.000200365 7 2 0 0 4120355 9960.84 147935 20
0.106193 0.000200365 7 2 0 0 4123841 9985.22 147987 20
0.106393 0.000200365 8 2 0 0 4127691 10011.6 148010 20
0.106594 0.000200365 9 2 0 0 4130813 10038.9 148018 20
0.106794 0.000200365 7 2 0 0 4133970 10063.4 148069 20
0.107008 0.000213723 7 2 0 0 4136217 10087.9 148119 20
0.107222 0.000213723 9 2 0 0 4139325 10115.5 148125 20
0.107435 0.000213723 10 2 0 0 4141733 10144.3 148112 20
0.107649 0.000213723 9 2 0 0 4145100 10171.8 148119 20
0.107863 0.000213723 9 2 0 0 4149013 10198.8 148133 20
0.108076 0.000213723 12 2 0 0 4152009 10230.3 148084 20
0.10829 0.000213723 11 2 0 0 4155348 10260.6 148051 20
0.108504 0.000213723 6 2 0 0 4158610 10284.5 148111 20
0.108718 0.000213723 8 2 0 0 4162047 10310.9 148136 20
0.108931 0.000213723 10 2 0 0 4165890 10339.8 148125 20
0.109145 0.000213723 8 2 0 0 4168942 10365.9 148154 20
0.109359 0.000213723 7 2 0 0 4172498 10391 148197 20
0.109573 0.000213723 6 2 0 0 4174843 10414.3 148267 20
0.109786 0.000213723 7 2 0 0 4178322 10438.9 148318 20
0.11 0.000213723 6 2 0 0 4180555 10463.1 148374 20
0.110244 0.000243902 16 2 0 0 4184300 10505.2 148178 20
0.110488 0.000243902 8 2 0 0 4188080 10531.2 148210 20
0.110732 0.000243902 10 2 0 0 4191237 10560.6 148193 20
0.110976 0.000243902 11 2 0 0 4194254 10591.7 148155 20
0.11122 0.000243902 7 2 0 0 4197257 10616.6 148202 20
0.111463 0.000243902 12 2 0 0 4201023 10648.5 148153 20
0.111707 0.000243902 11 2 0 0 4204887 10679.4 148119 20
0.111951 0.000243902 7 2 0 0 4209080 10704.3 148167 20
0.112195 0.000243902 11 2 0 0 4213112 10735.1 148135 20
0.112439 0.000243902 11 2 0 0 4217151 10765.4 148109 20
0.112683 0.000243902 13 2 0 0 4220294 10798.4 148048 20
0.112927 0.000243902 7 2 0 0 4224753 10824.2 148085 20
0.113171 0.000243902 10 3 0 0 4228799 10853.6 148074 20
0.113415 0.000243902 10 3 0 0 4232978 10884.4 148044 20
0.113659 0.000243902 8 2 0 0 4236079 10911.8 148059 20
0.113902 0.000243902 11 2 0 0 4240559 10942.2 148036 20
0.114146 0.000243902 8 2 0 0 4243814 10968.9 148062 20
0.11439 0.000243902 16 2 0 0 4248007 11006.3 147945 20
0.114634 0.000243902 7 2 0 0 4251346 11032.2 147984 20
0.114878 0.000243902 9 2 0 0 4254496 11060.1 147995 20
0.115122 0.000243902 11 2 0 0 4258003 11090.9 147968 20
0.115366 0.000243902 11 2 0 0 4261748 11122.1 147936 20
0.11561 0.000243902 11 2 0 0 4264849 11153.1 147907 20
0.115854 0.000243902 15 4 0 0 4268727 11194.5 147742 20
0.116098 0.000243902 10 4 0 0 4271926 11228.7 147671 20
0.116341 0.000243902 10 3 0 0 4275965 11260.8 147630 20
0.116585 0.000243902 9 2 0 0 4279808 11289.7 147631 20
0.116829 0.000243902 12 4 0 0 4284239 11324.4 147557 20
0.117073 0.000243902 6 3 0 0 4288509 11351.4 147584 20
0.117317 0.000243902 9 2 0 0 4292464 11380.3 147587 20
0.117561 0.000243902 8 2 0 0 4296209 11406.4 147626 20
0.117805 0.000243902 7 2 0 0 4299947 11432.3 147667 20
0.118049 0.000243902 12 2 0 0 4304266 11464.9 147623 20
0.118293 0.000243902 8 2 0 0 4307983 11492.2 147647 20
0.118537 0.000243902 14 4 0 0 4312127 11531.9 147513 20
0.11878 0.000243902 6 3 0 0 4316026 11558.8 147543 20
0.119024 0.000243902 11 2 0 0 4319883 11590.3 147514 20
0.119268 0.000243902 10 2 0 0 4323915 11620 147509 20
0.119512 0.000243902 9 2 0 0 4328766 11648.4 147522 20
0.119756 0.000243902 10 2 0 0 4332385 11678.1 147518 20
0.12 0.000243902 10 2 0 0 4335815 11708.3 147507 20
0.120238 0.000238095 9 2 0 0 4340015 11742.1 147453 20
0.120471 0.000232426 9 2 0 0 4343732 11770.9 147460 20
0.120703 0.000232426 10 2 0 0 4348030 11800.9 147454 20
0.120935 0.000232426 11 2 0 0 4351859 11842 147309 20
0.121162 0.000226616 11 2 0 0 4356003 11873.2 147289 20
0.121389 0.000226616 7 2 0 0 4359349 11899 147337 20
0.121615 0.000226616 8 2 0 0 4363003 11925.8 147372 20
0.121842 0.000226616 12 4 0 0 4366608 11961.5 147297 20
0.122062 0.000220491 10 3 0 0 4370493 11995.6 147243 20
0.122283 0.000220491 12 4 0 0 4374063 12032.6 147153 20
0.122503 0.000220491 5 3 0 0 4377017 12057.8 147208 20
0.122724 0.000220491 5 3 0 0 4380650 12083.1 147263 20
0.122944 0.000220491 13 2 0 0 4384766 12117.8 147203 20
0.123165 0.000220491 12 2 0 0 4387314 12151.1 147160 20
0.123385 0.000220491 11 2 0 0 4390114 12183 147136 20
0.123606 0.000220491 8 2 0 0 4393831 12211.5 147152 20
0.123826 0.000220491 8 3 0 0 4398255 12239.2 147178 20
0.124047 0.000220491 7 2 0 0 4401720 12265.3 147223 20
0.124267 0.000220491 7 2 0 0 4405962 12291.9 147263 20
0.12448 0.000212325 10 3 0 0 4409392 12323.9 147239 20
0.124692 0.000212325 10 2 0 0 4412332 12354.5 147232 20
0.124904 0.000212325 7 2 0 0 4415888 12381 147273 20
0.125117 0.000212325 6 2 0 0 4419528 12405.6 147338 20
0.125329 0.000212325 8 2 0 0 4423063 12433.6 147361 20
0.125541 0.000212325 8 2 0 0 4427326 12461.1 147392 20
0.125754 0.000212325 8 2 0 0 4430987 12488.8 147419 20
0.125966 0.000212325 6 2 0 0 4433570 12514 147477 20
0.126178 0.000212325 7 2 0 0 4437553 12540.4 147521 20
0.12639 0.000212325 8 2 0 0 4440052 12568.1 147548 20
0.126603 0.000212325 13 2 0 0 4443279 12603 147492 20
0.126815 0.000212325 8 2 0 0 4447255 12631 147517 20
0.127027 0.000212325 8 2 0 0 4450265 12658.5 147548 20
0.12724 0.000212325 9 2 0 0 4453583 12688.1 147556 20
0.127452 0.000212325 9 2 0 0 4457580 12717.1 147570 20
0.127664 0.000212325 11 2 0 0 4460527 12748.7 147553 20
0.127877 0.000212325 10 2 0 0 4463712 12778.9 147554 20
0.128089 0.000212325 10 3 0 0 4468045 12809.9 147546 20
0.128301 0.000212325 6 2 0 0 4471440 12834.7 147609 20
0.128514 0.000212325 7 2 0 0 4475822 12861.1 147653 20
0.128726 0.000212325 15 2 0 0 4480239 12898 147579 20
0.128938 0.000212325 12 2 0 0 4483662 12932.1 147536 20
0.129151 0.000212325 10 3 0 0 4487673 12963.8 147522 20
0.129363 0.000212325 7 2 0 0 4491327 12991 147559 20
0.129575 0.000212325 7 2 0 0 4494582 13017.7 147602 20
0.129788 0.000212325 10 2 0 0 4498649 13048.2 147601 20
0.13 0.000212325 7 2 0 0 4502359 13075.5 147638 20
0.130217 0.000217391 11 2 0 0 4505299 13113.5 147553 20
0.130435 0.000217391 7 2 0 0 4508372 13140 147598 20
0.130652 0.000217391 7 2 0 0 4511669 13167 147638 20
0.13087 0.000217391 8 2 0 0 4515764 13195.4 147663 20
0.131087 0.000217391 9 2 0 0 4519922 13225.5 147668 20
0.131304 0.000217391 8 2 0 0 4523317 13254 147693 20
0.131522 0.000217391 12 2 0 0 4527671 13288 147655 20
0.131739 0.000217391 6 2 0 0 4531360 13313.6 147711 20
0.131957 0.000217391 7 2 0 0 4535952 13340.4 147755 20
0.132174 0.000217391 9 2 0 0 4539641 13370.1 147767 20
0.132391 0.000217391 6 2 0 0 4543071 13396 147819 20
0.132609 0.000217391 7 2 0 0 4547551 13422.8 147863 20
0.132826 0.000217391 9 2 0 0 4550183 13452.4 147876 20
0.133043 0.000217391 8 2 0 0 4554516 13480.2 147909 20
0.133261 0.000217391 9 2 0 0 4558289 13510.2 147919 20
0.133478 0.000217391 7 2 0 0 4563168 13537.1 147961 20
0.133696 0.000217391 9 2 0 0 4566577 13567.1 147971 20
0.133913 0.000217391 7 2 0 0 4570133 13594 148014 20
0.13413 0.000217391 9 2 0 0 4572891 13623.8 148026 20
0.134348 0.000217391 8 2 0 0 4575887 13652.5 148050 20
0.134565 0.000217391 9 2 0 0 4579737 13682.5 148060 20
0.134783 0.000217391 9 2 0 0 4582215 13712.4 148071 20
0.135 0.000217391 7 2 0 0 4585785 13739.5 148113 20
0.135217 0.000217391 12 2 0 0 4590188 13773.7 148079 20
0.135435 0.000217391 6 2 0 0 4593289 13798.8 148142 20
0.135652 0.000217391 7 2 0 0 4596586 13825.9 148185 20
0.13587 0.000217391 8 2 0 0 4600513 13854.4 148211 20
0.136087 0.000217391 7 2 0 0 4603838 13881.9 148249 20
0.136304 0.000217391 7 2 0 0 4607562 13909.7 148284 20
0.136522 0.000217391 9 2 0 0 4610950 13939.9 148294 20
0.136739 0.000217391 8 2 0 0 4613575 13968.9 148316 20
0.136957 0.000217391 7 2 0 0 4616942 13996.2 148357 20
0.137174 0.000217391 8 2 0 0 4622332 14025.1 148381 20
0.137391 0.000217391 9 2 0 0 4626588 14055.1 148393 20
0.137609 0.000217391 8 2 0 0 4630200 14084.7 148410 20
0.137826 0.000217391 11 2 0 0 4633658 14118 148388 20
0.138043 0.000217391 7 2 0 0 4637606 14144.8 148435 20
0.138261 0.000217391 6 2 0 0 4641743 14170.5 148493 20
0.138478 0.000217391 9 2 0 0 4645796 14200.3 148509 20
0.138696 0.000217391 10 2 0 0 4649478 14232 148504 20
0.138913 0.000217391 9 2 0 0 4652215 14262.5 148514 20
0.13913 0.000217391 6 2 0 0 4656681 14289 148564 20
0.139348 0.000217391 7 2 0 0 4660895 14316.1 148608 20
0.139565 0.000217391 9 2 0 0 4665620 14346 148623 20
0.139783 0.000217391 7 2 0 0 4669197 14373.6 148663 20
0.14 0.000217391 7 2 0 0 4673180 14401.4 148701 20
0.140222 0.000222222 9 2 0 0 4677366 14437.1 148657 20
0.140444 0.000222222 9 2 0 0 4681874 14467.9 148664 20
0.140667 0.000222222 8 2 0 0 4684331 14497 148688 20
0.140889 0.000222222 7 2 0 0 4687446 14524.5 148730 20
0.141117 0.000227778 7 2 0 0 4692304 14552.5 148766 20
0.141344 0.000227778 8 2 0 0 4696322 14582 148787 20
0.141572 0.000227778 8 2 0 0 4701040 14610.9 148815 20
0.1418 0.000227778 9 2 0 0 4705534 14641.4 148827 20
0.142028 0.000227778 9 2 0 0 4711176 14672.2 148835 20
0.142256 0.000227778 9 2 0 0 4716447 14702.8 148846 20
0.142483 0.000227778 8 2 0 0 4721396 14732 148871 20
0.142711 0.000227778 7 2 0 0 4726758 14771 148798 20
0.142939 0.000227778 6 2 0 0 4731133 14796.9 148858 20
0.143167 0.000227778 7 2 0 0 4735690 14824.7 148898 20
0.143394 0.000227778 6 2 0 0 4739862 14850.9 148955 20
0.143622 0.000227778 8 2 0 0 4743194 14880 148982 20
0.14385 0.000227778 9 2 0 0 4746645 14911.5 148985 20
0.144078 0.000227778 9 2 0 0 4750033 14942.6 148993 20
0.144306 0.000227778 9 2 0 0 4754212 14974.1 148997 20
0.144533 0.000227778 8 2 0 0 4758888 15003.5 149023 20
0.144761 0.000227778 7 2 0 0 4762122 15031.7 149060 20
0.144989 0.000227778 8 2 0 0 4765426 15061.2 149084 20
0.145217 0.000227778 9 2 0 0 4769185 15092.2 149094 20
0.145444 0.000227778 8 2 0 0 4773875 15121.4 149122 20
0.145672 0.000227778 9 2 0 0 4778509 15152.6 149130 20
0.1459 0.000227778 7 2 0 0 4782233 15180.7 149169 20
0.146128 0.000227778 9 2 0 0 4786573 15212 149177 20
0.146356 0.000227778 7 2 0 0 4790500 15239.9 149218 20
0.146583 0.000227778 9 2 0 0 4794588 15271.6 149222 20
0.146811 0.000227778 8 2 0 0 4799159 15301.1 149248 20
0.147039 0.000227778 8 2 0 0 4804213 15330.3 149277 20
0.147267 0.000227778 7 2 0 0 4808147 15358.4 149317 20
0.147494 0.000227778 8 2 0 0 4812228 15388.4 149339 20
0.147722 0.000227778 6 2 0 0 4815924 15415.6 149388 20
0.14795 0.000227778 6 2 0 0 4819368 15442.9 149436 20
0.148155 0.000205 7 2 0 0 4823946 15471.6 149470 20
0.14836 0.000205 12 2 0 0 4827411 15507.3 149438 20
0.148565 0.000205 8 2 0 0 4831212 15536.6 149467 20
0.14877 0.000205 8 2 0 0 4834201 15566.4 149491 20
0.148975 0.000205 7 2 0 0 4837463 15595 149527 20
0.14918 0.000205 7 2 0 0 4840424 15623.4 149565 20
0.149385 0.000205 6 2 0 0 4843490 15650.1 149620 20
0.14959 0.000205 8 2 0 0 4847039 15680.3 149640 20
0.149795 0.000205 6 2 0 0 4850840 15707.6 149689 20
0.15 0.000205 7 2 0 0 4854382 15735.7 149730 20
0.150217 0.000217391 9 2 0 0 4857763 15772.7 149688 20
0.150435 0.000217391 8 2 0 0 4862292 15802.8 149710 20
0.150652 0.000217391 6 2 0 0 4866506 15829.5 149765 20
0.15087 0.000217391 8 2 0 0 4871021 15859.4 149789 20
0.151087 0.000217391 8 2 0 0 4875921 15889.2 149815 20
0.151304 0.000217391 8 2 0 0 4879876 15919.3 149839 20
0.151522 0.000217391 6 2 0 0 4883754 15946.3 149891 20
0.151739 0.000217391 7 2 0 0 4887674 15975 149928 20
0.151957 0.000217391 8 2 0 0 4891349 16005.1 149951 20
0.152174 0.000217391 7 2 0 0 4894954 16033.5 149991 20
0.152385 0.000211516 9 2 0 0 4898790 16065 150002 20
0.152597 0.000211516 6 2 0 0 4902038 16092.5 150051 20
0.152808 0.000211516 9 2 0 0 4906693 16124 150061 20
0.15302 0.000211516 7 2 0 0 4910851 16153.3 150094 20
0.153225 0.000205295 9 2 0 0 4915247 16184.5 150107 20
0.153431 0.000205295 9 2 0 0 4919006 16216.2 150118 20
0.153636 0.000205295 9 2 0 0 4923549 16248.5 150122 20
0.153841 0.000205295 8 2 0 0 4928666 16278 150153 20
0.154046 0.000205295 10 2 0 0 4932201 16311.9 150144 20
0.154252 0.000205295 6 2 0 0 4936737 16339.1 150196 20
0.154457 0.000205295 7 2 0 0 4940426 16367.5 150237 20
0.154662 0.000205295 6 2 0 0 4943408 16395 150286 20
0.154868 0.000205295 7 2 0 0 4947013 16423.7 150324 20
0.155073 0.000205295 9 2 0 0 4949589 16455.6 150334 20
0.155278 0.000205295 10 2 0 0 4953488 16489.2 150328 20
0.155484 0.000205295 7 2 0 0 4957695 16518.5 150362 20
0.155689 0.000205295 7 2 0 0 4961545 16547.9 150394 20
0.155894 0.000205295 8 2 0 0 4965570 16578 150421 20
0.156099 0.000205295 7 2 0 0 4969826 16607.4 150453 20
0.156305 0.000205295 9 2 0 0 4973655 16639.9 150459 20
0.15651 0.000205295 7 2 0 0 4977883 16668.9 150496 20
0.156715 0.000205295 8 2 0 0 4981362 16699.4 150519 20
0.156921 0.000205295 9 2 0 0 4985331 16731.5 150528 20
0.157126 0.000205295 6 2 0 0 4988691 16759.3 150576 20
0.157331 0.000205295 8 2 0 0 4992289 16789.6 150602 20
0.157536 0.000205295 8 2 0 0 4995467 16820 150626 20
0.157742 0.000205295 6 2 0 0 4998414 16848.1 150672 20
0.157947 0.000205295 6 2 0 0 5002124 16875.3 150726 20
0.158152 0.000205295 7 2 0 0 5004602 16904.4 150762 20
0.158358 0.000205295 8 2 0 0 5008053 16935.5 150782 20
0.158563 0.000205295 7 2 0 0 5011637 16965.1 150814 20
0.158768 0.000205295 7 2 0 0 5015571 16994.2 150850 20
0.158974 0.000205295 7 2 0 0 5018427 17023.4 150886 20
0.159179 0.000205295 6 2 0 0 5022207 17051.2 150935 20
0.159384 0.000205295 7 2 0 0 5026015 17080.3 150972 20
0.159589 0.000205295 5 2 0 0 5029473 17106.2 151038 20
0.159795 0.000205295 6 2 0 0 5034233 17134.3 151084 20
0.16 0.000205295 6 2 0 0 5038335 17162.4 151130 20
0.160213 0.000212766 6 2 0 0 5041821 17195.9 151129 20
0.160426 0.000212766 9 3 0 0 5046098 17229.2 151130 20
0.160638 0.000212766 9 2 0 0 5049633 17262.3 151133 20
0.160851 0.000212766 8 2 0 0 5053686 17293.3 151153 20
0.161064 0.000212766 10 2 0 0 5056850 17327.4 151148 20
0.161277 0.000212766 7 2 0 0 5060980 17356.7 151184 20
0.161495 0.000218085 8 2 0 0 5065586 17387.7 151206 20
0.161713 0.000218085 7 2 0 0 5068946 17417.6 151237 20
0.161931 0.000218085 9 2 0 0 5072831 17450.3 151245 20
0.162149 0.000218085 10 2 0 0 5077794 17484 151244 20
0.162367 0.000218085 9 2 0 0 5081924 17516.4 151254 20
0.162585 0.000218085 8 2 0 0 5086831 17547.6 151275 20
0.162803 0.000218085 7 2 0 0 5090933 17577.3 151309 20
0.163021 0.000218085 6 2 0 0 5094566 17604.8 151362 20
0.163239 0.000218085 8 2 0 0 5099123 17635.4 151388 20
0.163457 0.000218085 7 2 0 0 5103582 17665.8 151417 20
0.163683 0.000225605 7 2 0 0 5107040 17695.7 151450 20
0.163909 0.000225605 7 2 0 0 5111513 17725.8 151481 20
0.164134 0.000225605 10 2 0 0 5114775 17772 151375 20
0.16436 0.000225605 15 2 0 0 5117652 17814.2 151304 20
0.164585 0.000225605 8 2 0 0 5121166 17845.9 151322 20
0.164811 0.000225605 9 2 0 0 5125541 17879.2 151327 20
0.165037 0.000225605 11 2 0 0 5129265 17915.6 151306 20
0.165262 0.000225605 9 2 0 0 5133682 17949 151310 20
0.165488 0.000225605 8 2 0 0 5136923 17980.7 151329 20
0.165713 0.000225605 7 2 0 0 5141704 18010.6 151363 20
0.165939 0.000225605 8 2 0 0 5145148 18042.2 151383 20
0.166165 0.000225605 9 2 0 0 5148130 18075.4 151390 20
0.16639 0.000225605 6 2 0 0 5151854 18103.2 151442 20
0.166616 0.000225605 10 2 0 0 5154752 18138.8 151429 20
0.166842 0.000225605 9 2 0 0 5158539 18172 151437 20
0.167067 0.000225605 7 2 0 0 5163131 18202.3 151468 20
0.167293 0.000225605 7 2 0 0 5166197 18231.9 151506 20
0.167518 0.000225605 9 2 0 0 5170453 18265.6 151509 20
0.167744 0.000225605 10 2 0 0 5173372 18300.6 151502 20
0.167949 0.000205096 7 2 0 0 5178608 18331.1 151532 20
0.168154 0.000205096 8 2 0 0 5182507 18363.1 151551 20
0.168359 0.000205096 6 2 0 0 5186749 18391.1 151601 20
0.168564 0.000205096 9 2 0 0 5191068 18424.8 151606 20
0.168769 0.000205096 6 2 0 0 5195107 18453.2 151654 20
0.168975 0.000205096 7 2 0 0 5199706 18484.1 151682 20
0.16918 0.000205096 7 2 0 0 5204214 18514 151718 20
0.169385 0.000205096 9 2 0 0 5207441 18547.5 151725 20
0.16959 0.000205096 9 2 0 0 5210689 18581.3 151730 20
0.169795 0.000205096 8 2 0 0 5215274 18613.4 151748 20
0.17 0.000205096 8 2 0 0 5218900 18646 151763 20
0.170222 0.000222222 8 2 0 0 5223212 18683.4 151738 20
0.170444 0.000222222 9 2 0 0 5226838 18716.6 151749 20
0.170667 0.000222222 7 2 0 0 5231241 18746.8 151783 20
0.170889 0.000222222 9 2 0 0 5235903 18780 151794 20
0.171111 0.000222222 6 2 0 0 5239942 18808.2 151844 20
0.171333 0.000222222 6 2 0 0 5243645 18836.6 151894 20
0.171556 0.000222222 9 3 0 0 5248048 18871 151895 20
0.171778 0.000222222 6 2 0 0 5252619 18900.9 151932 20
0.172 0.000222222 12 2 0 0 5255685 18939.4 151901 20
0.172222 0.000222222 6 2 0 0 5260123 18968.3 151947 20
0.172444 0.000222222 9 2 0 0 5264456 19001.8 151956 20
0.172667 0.000222222 6 2 0 0 5268194 19031 152000 20
0.172889 0.000222222 9 2 0 0 5270651 19064.7 152008 20
0.173111 0.000222222 7 2 0 0 5274235 19095.5 152039 20
0.173333 0.000222222 12 2 0 0 5278155 19134.6 152004 20
0.173556 0.000222222 7 2 0 0 5283895 19165.7 152033 20
0.173786 0.000230159 8 2 0 0 5288011 19197.6 152056 20
0.174016 0.000230159 7 2 0 0 5292183 19228.4 152087 20
0.174246 0.000230159 8 2 0 0 5296278 19260.8 152107 20
0.174476 0.000230159 7 2 0 0 5300394 19291.9 152136 20
0.174706 0.000230159 7 2 0 0 5306806 19322.6 152169 20
0.174937 0.000230159 8 2 0 0 5312301 19355 152189 20
0.175167 0.000230159 7 2 0 0 5316907 19386 152220 20
0.175397 0.000230159 8 2 0 0 5321548 19419.5 152231 20
0.175627 0.000230159 9 2 0 0 5326203 19454.1 152234 20
0.175857 0.000230159 9 2 0 0 5330074 19488.4 152240 20
0.176087 0.000230159 9 2 0 0 5334204 19522.8 152245 20
0.176317 0.000230159 12 2 0 0 5338915 19561.6 152215 20
0.176548 0.000230159 8 2 0 0 5342562 19594.6 152232 20
0.176778 0.000230159 9 2 0 0 5346790 19628.5 152241 20
0.177008 0.000230159 7 2 0 0 5352180 19659.6 152273 20
0.177222 0.000213719 7 2 0 0 5356485 19691.4 152299 20
0.177435 0.000213719 9 2 0 0 5360419 19725 152312 20
0.177649 0.000213719 10 2 0 0 5364129 19760.9 152306 20
0.177863 0.000213719 14 2 0 0 5368721 19803.3 152251 20
0.178077 0.000213719 9 2 0 0 5372466 19838.1 152255 20
0.17829 0.000213719 9 2 0 0 5375161 19872.5 152262 20
0.178504 0.000213719 8 2 0 0 5378423 19905.4 152281 20
0.178718 0.000213719 9 2 0 0 5382847 19939 152294 20
0.178931 0.000213719 10 3 0 0 5387117 19976.1 152280 20
0.179145 0.000213719 8 2 0 0 5390533 20009.5 152296 20
0.179359 0.000213719 9 2 0 0 5394516 20044.5 152299 20
0.179573 0.000213719 10 2 0 0 5398975 20080.9 152291 20
0.179786 0.000213719 13 2 0 0 5402804 20121.6 152252 20
0.18 0.000213719 13 3 0 0 5408040 20164.7 152195 20
0.180227 0.000227273 13 2 0 0 5412555 20211.4 152111 20
0.180455 0.000227273 7 2 0 0 5417994 20242.7 152143 20
0.180682 0.000227273 12 2 0 0 5422768 20282.7 152111 20
0.180909 0.000227273 9 2 0 0 5426884 20317.8 152115 20
0.181136 0.000227273 10 2 0 0 5430965 20354.1 152111 20
0.181364 0.000227273 8 2 0 0 5435249 20386.8 152133 20
0.181591 0.000227273 9 2 0 0 5439085 20421.6 152140 20
0.181818 0.000227273 9 2 0 0 5442144 20455.5 152154 20
0.182045 0.000227273 9 2 0 0 5446141 20490.1 152163 20
0.182273 0.000227273 12 3 0 0 5450726 20531.1 152125 20
0.182494 0.000220779 8 2 0 0 5454800 20565 152139 20
0.182714 0.000220779 9 2 0 0 5458146 20599.8 152147 20
0.182935 0.000220779 11 3 0 0 5463585 20638.9 152124 20
0.183156 0.000220779 8 2 0 0 5468352 20673 152137 20
0.183377 0.000220779 9 2 0 0 5473266 20707.6 152148 20
0.183597 0.000220779 12 2 0 0 5477564 20747.8 152116 20
0.183818 0.000220779 10 2 0 0 5481512 20784 152116 20
0.184039 0.000220779 10 2 0 0 5485334 20820.5 152113 20
0.18426 0.000220779 9 2 0 0 5489989 20855 152124 20
0.184481 0.000220779 10 2 0 0 5494161 20890.9 152125 20
0.184701 0.000220779 7 2 0 0 5497857 20922.4 152159 20
0.184922 0.000220779 8 2 0 0 5502253 20956 152178 20
0.185143 0.000220779 10 2 0 0 5507160 20991.9 152180 20
0.185364 0.000220779 9 2 0 0 5511318 21026.2 152194 20
0.185584 0.000220779 9 2 0 0 5515280 21061.2 152202 20
0.185805 0.000220779 11 2 0 0 5519123 21099.8 152186 20
0.186026 0.000220779 8 2 0 0 5523036 21133.9 152202 20
0.186247 0.000220779 11 2 0 0 5527537 21185.5 152092 20
0.186468 0.000220779 8 2 0 0 5531681 21218.7 152114 20
0.186688 0.000220779 7 2 0 0 5535265 21250.7 152146 20
0.186909 0.000220779 10 2 0 0 5539003 21287.7 152142 20
0.18713 0.000220779 7 2 0 0 5542790 21319.4 152176 20
0.187351 0.000220779 9 2 0 0 5547172 21354.8 152183 20
0.187571 0.000220779 8 2 0 0 5550910 21388.2 152205 20
0.187792 0.000220779 8 2 0 0 5556230 21422.2 152223 20
0.188013 0.000220779 11 2 0 0 5560661 21460.4 152211 20
0.188234 0.000220779 10 2 0 0 5565064 21496.6 152213 20
0.188455 0.000220779 11 2 0 0 5569278 21535.1 152200 20
0.188675 0.000220779 9 2 0 0 5573492 21570.5 152209 20
0.188896 0.000220779 8 2 0 0 5576985 21604.6 152226 20
0.18908 0.000183983 7 2 0 0 5581283 21636.9 152257 20
0.189264 0.000183983 7 2 0 0 5585042 21669.1 152289 20
0.189448 0.000183983 5 2 0 0 5589718 21697.4 152347 20
0.189632 0.000183983 9 2 0 0 5594303 21733.2 152354 20
0.189816 0.000183983 7 2 0 0 5596620 21765.8 152383 20
0.19 0.000183983 6 2 0 0 5600645 21796.4 152426 20
0.190217 0.000217391 10 2 0 0 5604173 21839.6 152381 20
0.190435 0.000217391 9 2 0 0 5609164 21875 152391 20
0.190652 0.000217391 7 2 0 0 5612650 21907.2 152423 20
0.19087 0.000217391 8 2 0 0 5615576 21941.6 152440 20
0.191087 0.000217391 7 2 0 0 5620021 21973.8 152473 20
0.191304 0.000217391 7 2 0 0 5625411 22005.7 152507 20
0.191522 0.000217391 10 2 0 0 5629947 22043.5 152501 20
0.191739 0.000217391 9 2 0 0 5634217 22078.9 152512 20
0.191962 0.000223267 8 2 0 0 5637836 22113 152531 20
0.192186 0.000223267 8 2 0 0 5641588 22147.4 152549 20
0.192409 0.000223267 7 2 0 0 5645501 22180.4 152577 20
0.192632 0.000223267 7 2 0 0 5648952 22212.9 152608 20
0.192849 0.0002167 8 2 0 0 5653761 22247.3 152626 20
0.193066 0.0002167 7 2 0 0 5658178 22279.5 152659 20
0.193282 0.0002167 6 2 0 0 5662798 22310.1 152703 20
0.193492 0.000209928 8 2 0 0 5667383 22344.6 152722 20
0.193702 0.000209928 7 2 0 0 5671751 22377.8 152749 20
0.193912 0.000209928 8 2 0 0 5676210 22412 152769 20
0.194122 0.000209928 9 2 0 0 5679738 22448.7 152772 20
0.194325 0.000202689 7 2 0 0 5683805 22480.7 152808 20
0.194527 0.000202689 8 2 0 0 5687109 22514.4 152831 20
0.19473 0.000202689 8 2 0 0 5689881 22548.3 152854 20
0.194933 0.000202689 9 2 0 0 5693556 22584.2 152863 20
0.195135 0.000202689 10 2 0 0 5698225 22621.7 152861 20
0.195338 0.000202689 7 2 0 0 5702565 22654.8 152890 20
0.195541 0.000202689 7 2 0 0 5707241 22687.3 152922 20
0.195744 0.000202689 7 2 0 0 5712204 22720.2 152953 20
0.195946 0.000202689 7 2 0 0 5716978 22752.9 152984 20
0.196149 0.000202689 8 2 0 0 5721556 22788 152999 20
0.196352 0.000202689 8 2 0 0 5725910 22822.6 153018 20
0.196554 0.000202689 6 2 0 0 5729690 22853.6 153062 20
0.196757 0.000202689 8 2 0 0 5732406 22888.1 153081 20
0.19696 0.000202689 5 2 0 0 5736284 22916.5 153141 20
0.197162 0.000202689 6 2 0 0 5740645 22947.2 153187 20
0.197365 0.000202689 7 2 0 0 5743620 22980.5 153215 20
0.197568 0.000202689 7 2 0 0 5747477 23013.7 153244 20
0.19777 0.000202689 7 2 0 0 5751432 23047.1 153271 20
0.197973 0.000202689 9 2 0 0 5754589 23083.7 153277 20
0.198176 0.000202689 10 5 0 0 5757837 23124.5 153256 20
0.198378 0.000202689 5 4 0 0 5761414 23158.2 153281 20
0.198581 0.000202689 5 3 0 0 5766055 23189.8 153321 20
0.198784 0.000202689 6 2 0 0 5770591 23221.2 153363 20
0.198987 0.000202689 7 2 0 0 5775071 23254.6 153391 20
0.199189 0.000202689 8 2 0 0 5777850 23289 153412 20
0.199392 0.000202689 6 2 0 0 5780097 23320.3 153454 20
0.199595 0.000202689 7 2 0 0 5784122 23353.2 153486 20
0.199797 0.000202689 13 2 0 0 5786215 23396.5 153449 20
0.2 0.000202689 10 2 0 0 5789652 23434 153451 20
0.200222 0.000222222 7 2 0 0 5795084 23472.5 153445 20
0.200444 0.000222222 9 2 0 0 5798689 23509.2 153453 20
0.200667 0.000222222 7 2 0 0 5803603 23542.4 153483 20
0.200889 0.000222222 9 2 0 0 5808104 23579.2 153489 20
0.201111 0.000222222 10 2 0 0 5812843 23617.6 153486 20
0.201333 0.000222222 6 2 0 0 5816630 23649.2 153527 20
0.201556 0.000222222 6 2 0 0 5821257 23680.8 153568 20
0.201778 0.000222222 13 2 0 0 5824589 23724.2 153533 20
0.202 0.000222222 10 2 0 0 5828551 23762.7 153529 20
0.202222 0.000222222 7 2 0 0 5831750 23795.3 153564 20
0.202444 0.000222222 8 2 0 0 5835110 23830.5 153582 20
0.202667 0.000222222 9 2 0 0 5839695 23867.6 153588 20
0.202889 0.000222222 7 2 0 0 5843853 23900.7 153620 20
0.203111 0.000222222 9 2 0 0 5847780 23937.3 153629 20
0.203333 0.000222222 9 2 0 0 5851175 23974.1 153637 20
0.203548 0.000215054 6 2 0 0 5855221 24005.2 153682 20
0.203763 0.000215054 12 2 0 0 5859155 24047.1 153658 20
0.203978 0.000215054 8 2 0 0 5865000 24082.6 153675 20
0.204194 0.000215054 7 2 0 0 5871069 24116.2 153705 20
0.204409 0.000215054 7 2 0 0 5875892 24149.5 153736 20
0.204624 0.000215054 8 2 0 0 5880757 24184.5 153756 20
0.204839 0.000215054 10 2 0 0 5885272 24223.2 153754 20
0.205054 0.000215054 8 2 0 0 5889507 24258.2 153774 20
0.205269 0.000215054 12 2 0 0 5894008 24300.7 153748 20
0.205484 0.000215054 7 2 0 0 5898481 24334 153780 20
0.205699 0.000215054 8 3 0 0 5902730 24370.6 153792 20
0.205914 0.000215054 6 2 0 0 5907357 24403.3 153827 20
0.206129 0.000215054 6 2 0 0 5911291 24435.2 153868 20
0.206344 0.000215054 8 2 0 0 5915428 24470.2 153890 20
0.206559 0.000215054 8 2 0 0 5919950 24505.2 153912 20
0.206774 0.000215054 12 2 0 0 5923121 24547.2 153890 20
0.206989 0.000215054 10 2 0 0 5927720 24585.7 153890 20
0.207204 0.000215054 11 2 0 0 5930814 24626.4 153876 20
0.207419 0.000215054 13 2 0 0 5934762 24684.5 153755 20
0.207634 0.000215054 10 2 0 0 5939445 24723.9 153750 20
0.207849 0.000215054 10 2 0 0 5942875 24762.8 153748 20
0.208065 0.000215054 11 2 0 0 5947285 24803.8 153734 20
0.20828 0.000215054 8 2 0 0 5951485 24839 153756 20
0.208495 0.000215054 8 2 0 0 5956028 24875.1 153772 20
0.20871 0.000215054 7 2 0 0 5960025 24908.5 153805 20
0.208925 0.000215054 8 2 0 0 5963462 24944.2 153824 20
0.20914 0.000215054 7 2 0 0 5968026 24978.5 153852 20
0.209355 0.000215054 9 2 0 0 5972254 25015.8 153861 20
0.20957 0.000215054 8 3 0 0 5976328 25052.5 153875 20
0.209785 0.000215054 9 2 0 0 5980969 25090.2 153881 20
0.21 0.000215054 11 2 0 0 5984966 25130.8 153871 20
0.210227 0.000227273 9 2 0 0 5988704 25173.8 153846 20
0.210455 0.000227273 7 2 0 0 5993254 25207.5 153878 20
0.210682 0.000227273 10 2 0 0 5997342 25247.3 153873 20
0.210909 0.000227273 13 2 0 0 6002151 25292.4 153836 20
0.211136 0.000227273 11 2 0 0 6006015 25333.1 153826 20
0.211364 0.000227273 6 2 0 0 6011027 25365 153870 20
0.211585 0.000221445 11 2 0 0 6014933 25406.1 153858 20
0.211807 0.000221445 9 2 0 0 6020190 25442.9 153871 20
0.212028 0.000221445 10 2 0 0 6023151 25482.3 153870 20
0.212249 0.000221445 9 2 0 0 6027099 25519.8 153880 20
0.212471 0.000221445 8 2 0 0 6031243 25555.5 153901 20
0.212686 0.000215118 7 2 0 0 6035016 25590.2 153928 20
0.212901 0.000215118 8 2 0 0 6038747 25626 153949 20
0.213116 0.000215118 10 2 0 0 6041792 25665.6 153947 20
0.213331 0.000215118 7 2 0 0 6047119 25700.5 153973 20
0.213546 0.000215118 9 2 0 0 6050094 25738.3 153982 20
0.213762 0.000215118 11 2 0 0 6053328 25779.6 153970 20
0.213977 0.000215118 8 2 0 0 6058620 25815.6 153990 20
0.214192 0.000215118 11 2 0 0 6063702 25857.4 153976 20
0.214407 0.000215118 10 2 0 0 6066992 25897.1 153974 20
0.214622 0.000215118 10 2 0 0 6071409 25936.5 153974 20
0.214829 0.000206844 8 2 0 0 6074433 25972.7 153993 20
0.215036 0.000206844 7 2 0 0 6078794 26007.6 154020 20
0.215243 0.000206844 7 2 0 0 6083400 26041.9 154051 20
0.215449 0.000206844 8 2 0 0 6086032 26078.2 154070 20
0.215656 0.000206844 11 2 0 0 6090050 26120.2 154055 20
0.215863 0.000206844 8 2 0 0 6093977 26156.5 154075 20
0.21607 0.000206844 7 2 0 0 6097932 26191.3 154103 20
0.216277 0.000206844 8 2 0 0 6100662 26227.7 154121 20
0.216484 0.000206844 13 2 0 0 6104001 26273.1 154087 20
0.21669 0.000206844 6 2 0 0 6106444 26306.2 154126 20
0.216897 0.000206844 9 2 0 0 6109440 26344.7 154133 20
0.217104 0.000206844 8 2 0 0 6113535 26380.6 154155 20
0.217311 0.000206844 8 2 0 0 6116846 26417.3 154172 20
0.217518 0.000206844 7 2 0 0 6119289 26452 154201 20
0.217725 0.000206844 8 2 0 0 6122110 26489 154217 20
0.217932 0.000206844 7 2 0 0 6124819 26523.4 154247 20
0.218138 0.000206844 8 2 0 0 6129117 26560.3 154264 20
0.218345 0.000206844 7 2 0 0 6134248 26595.4 154291 20
0.218552 0.000206844 8 2 0 0 6139309 26633 154304 20
0.218759 0.000206844 10 2 0 0 6142970 26673.6 154299 20
0.218966 0.000206844 7 2 0 0 6145595 26708.4 154328 20
0.219173 0.000206844 8 2 0 0 6149221 26745.4 154345 20
0.219379 0.000206844 7 2 0 0 6152308 26780.2 154374 20
0.219586 0.000206844 8 2 0 0 6156816 26817.3 154390 20
0.219793 0.000206844 7 3 0 0 6160918 26853 154414 20
0.22 0.000206844 9 2 0 0 6163585 26892.1 154419 20
0.220213 0.000212766 7 2 0 0 6168380 26933.4 154411 20
0.220426 0.000212766 8 2 0 0 6171761 26970 154430 20
0.220638 0.000212766 12 3 0 0 6175667 27016.2 154395 20
0.220851 0.000212766 9 2 0 0 6181036 27055.7 154398 20
0.221069 0.000217832 11 6 0 0 6184914 27102.7 154358 20
0.221287 0.000217832 5 5 0 0 6188337 27141.1 154368 20
0.221505 0.000217832 9 7 0 0 6192229 27189.7 154319 20
0.221722 0.000217832 11 8 0 0 6196709 27255.5 154174 20
0.22194 0.000217832 5 7 0 0 6199943 27297.9 154162 20
0.222158 0.000217832 6 6 0 0 6205711 27341.3 154144 20
0.222376 0.000217832 5 5 0 0 6210702 27379.8 154155 20
0.222594 0.000217832 7 5 0 0 6215203 27422.1 154144 20
0.222812 0.000217832 6 5 0 0 6219515 27460.9 154152 20
0.223029 0.000217832 8 4 0 0 6224471 27505.5 154129 20
0.223241 0.000211231 8 3 0 0 6227579 27546.4 154125 20
0.223452 0.000211231 8 2 0 0 6230967 27584.9 154136 20
0.223663 0.000211231 8 2 0 0 6234936 27621.9 154156 20
0.223874 0.000211231 9 2 0 0 6238373 27660.1 154168 20
0.224086 0.000211231 8 2 0 0 6242083 27696.6 154190 20
0.224297 0.000211231 9 4 0 0 6245884 27737.5 154189 20
0.224508 0.000211231 5 3 0 0 6249244 27772 154222 20
0.224719 0.000211231 7 2 0 0 6252821 27807.8 154248 20
0.22493 0.000211231 12 3 0 0 6255222 27853.2 154221 20
0.225142 0.000211231 7 2 0 0 6259359 27888.9 154248 20
0.225353 0.000211231 8 2 0 0 6263328 27926 154268 20
0.225564 0.000211231 7 2 0 0 6268389 27961.9 154294 20
0.225775 0.000211231 7 2 0 0 6272246 27998.1 154318 20
0.225987 0.000211231 8 2 0 0 6276425 28036.2 154332 20
0.22621 0.000222966 8 2 0 0 6279512 28073 154354 20
0.226433 0.000222966 11 2 0 0 6284524 28115.9 154342 20
0.226642 0.00020985 5 2 0 0 6288444 28147.9 154390 20
0.226852 0.00020985 9 2 0 0 6293197 28187 154399 20
0.227062 0.00020985 9 2 0 0 6296641 28225.5 154411 20
0.227272 0.00020985 10 2 0 0 6300722 28266.4 154411 20
0.227482 0.00020985 7 2 0 0 6304600 28302.5 154436 20
0.227692 0.00020985 7 2 0 0 6309080 28337.3 154470 20
0.227901 0.00020985 8 2 0 0 6314442 28374.6 154489 20
0.228111 0.00020985 9 2 0 0 6319111 28414.3 154496 20
0.2283 0.000188865 8 2 0 0 6322772 28452.2 154512 20
0.228489 0.000188865 10 2 0 0 6326671 28492.7 154514 20
0.228678 0.000188865 9 2 0 0 6330990 28547.1 154442 20
0.228867 0.000188865 8 2 0 0 6334098 28585.5 154456 20
0.229056 0.000188865 5 2 0 0 6337577 28617.7 154503 20
0.229245 0.000188865 6 2 0 0 6341329 28652.4 154538 20
0.229433 0.000188865 10 2 0 0 6343940 28694 154535 20
0.229622 0.000188865 7 2 0 0 6347622 28729.9 154563 20
0.229811 0.000188865 6 2 0 0 6351192 28763.7 154602 20
0.23 0.000188865 7 2 0 0 6354881 28800.2 154627 20
0.2302 0.0002 7 2 0 0 6358920 28842.3 154621 20
0.2304 0.0002 6 2 0 0 6362679 28876.6 154658 20
0.2306 0.0002 11 2 0 0 6365794 28919.4 154649 20
0.2308 0.0002 7 2 0 0 6370946 28955.3 154677 20
0.230996 0.000195745 9 2 0 0 6374194 28996.1 154680 20
0.231187 0.00019158 11 2 0 0 6377232 29039.6 154668 20
0.231379 0.00019158 8 2 0 0 6382111 29077.8 154684 20
0.23157 0.00019158 5 2 0 0 6385968 29109.9 154733 20
0.231762 0.00019158 7 2 0 0 6390476 29146.1 154760 20
0.231954 0.00019158 10 2 0 0 6393927 29186.8 154763 20
0.232145 0.00019158 8 2 0 0 6397406 29224.4 154783 20
0.232337 0.00019158 8 2 0 0 6401074 29261.9 154803 20
0.232528 0.00019158 8 2 0 0 6404693 29299.7 154822 20
0.23272 0.00019158 7 2 0 0 6407808 29335.7 154850 20
0.232912 0.00019158 9 2 0 0 6412442 29376.7 154853 20
0.233103 0.00019158 9 2 0 0 6415690 29416.3 154862 20
0.233295 0.00019158 7 2 0 0 6419337 29452.2 154891 20
0.233486 0.00019158 9 2 0 0 6422886 29492 154900 20
0.233678 0.00019158 11 2 0 0 6426617 29535.4 154890 20
0.233869 0.00019158 9 2 0 0 6430194 29576.4 154893 20
0.234061 0.00019158 8 2 0 0 6434058 29614.3 154912 20
0.234247 0.000185593 5 2 0 0 6437110 29646.6 154960 20
0.234432 0.000185593 6 2 0 0 6441037 29680.8 154999 20
0.234618 0.000185593 8 2 0 0 6446028 29718.1 155021 20
0.234803 0.000185593 12 2 0 0 6449983 29764 154999 20
0.234989 0.000185593 5 2 0 0 6452293 29797.3 155042 20
0.235175 0.000185593 6 2 0 0 6455849 29831.2 155082 20
0.23536 0.000185593 12 2 0 0 6459580 29876.7 155062 20
0.235546 0.000185593 7 2 0 0 6462331 29913.5 155088 20
0.235731 0.000185593 7 2 0 0 6464718 29949.6 155116 20
0.235917 0.000185593 7 2 0 0 6467301 29986.5 155141 20
0.236103 0.000185593 6 2 0 0 6470269 30021.3 155177 20
0.236288 0.000185593 7 2 0 0 6472992 30057.9 155204 20
0.236474 0.000185593 8 2 0 0 6476107 30095.8 155223 20
0.236659 0.000185593 6 2 0 0 6478375 30130.4 155260 20
0.236845 0.000185593 8 2 0 0 6480839 30169.3 155275 20
0.237031 0.000185593 6 2 0 0 6483877 30204.7 155307 20
0.237216 0.000185593 7 2 0 0 6487293 30241.2 155334 20
0.237402 0.000185593 5 2 0 0 6491451 30274.4 155378 20
0.237587 0.000185593 6 2 0 0 6492956 30308.9 155416 20
0.237773 0.000185593 5 2 0 0 6494496 30341.8 155461 20
0.237958 0.000185593 8 2 0 0 6498136 30380.1 155480 20
0.238144 0.000185593 5 2 0 0 6501832 30412.8 155526 20
0.23833 0.000185593 5 2 0 0 6505297 30445.4 155573 20
0.238515 0.000185593 5 2 0 0 6509385 30478.3 155619 20
0.238701 0.000185593 10 2 0 0 6512962 30521 155614 20
0.238886 0.000185593 5 2 0 0 6516546 30553.8 155661 20
0.239072 0.000185593 6 2 0 0 6518723 30588.3 155698 20
0.239258 0.000185593 10 2 0 0 6521341 30631.4 155692 20
0.239443 0.000185593 9 2 0 0 6523371 30672 155698 20
0.239629 0.000185593 6 2 0 0 6526094 30706.8 155735 20
0.239814 0.000185593 7 2 0 0 6528145 30743.4 155761 20
0.24 0.000185593 7 2 0 0 6531239 30781.3 155782 20
0.240204 0.000204082 11 2 0 0 6534900 30832 155738 20
0.240396 0.000192077 6 2 0 0 6538148 30867 155773 20
0.240588 0.000192077 9 2 0 0 6540647 30907.1 155783 20
0.240776 0.000188235 8 2 0 0 6543454 30945.8 155799 20
0.240954 0.000177376 7 2 0 0 6546639 30983.1 155823 20
0.241125 0.000170682 9 3 0 0 6549516 31025.6 155821 20
0.241292 0.000167462 6 2 0 0 6551658 31060.6 155856 20
0.241456 0.000164302 6 2 0 0 6554934 31095.9 155890 20
0.241621 0.000164302 7 2 0 0 6557454 31132.8 155916 20
0.241785 0.000164302 8 2 0 0 6559568 31171.6 155932 20
0.241937 0.000152132 10 2 0 0 6562627 31214.3 155929 20
0.242084 0.000146599 8 2 0 0 6564888 31253.6 155943 20
0.24223 0.000146599 6 2 0 0 6567863 31288.2 155980 20
0.242371 0.000141269 6 2 0 0 6569844 31323.2 156015 20
0.242513 0.000141269 7 2 0 0 6572546 31360.8 156038 20
0.242654 0.000141269 5 2 0 0 6575339 31394.3 156081 20
0.242795 0.000141269 5 2 0 0 6577649 31427.5 156126 20
0.242937 0.000141269 8 2 0 0 6579532 31466.4 156142 20
0.243078 0.000141269 7 2 0 0 6582801 31503.9 156165 20
0.243222 0.000144212 6 2 0 0 6584712 31539.6 156197 20
0.243369 0.000147347 7 2 0 0 6587512 31576.9 156221 20
0.24352 0.000150696 6 2 0 0 6589262 31612 156256 20
0.243674 0.000154284 8 2 0 0 6592496 31651.3 156270 20
0.243829 0.000154284 8 2 0 0 6594813 31690.4 156285 20
0.243987 0.00015824 10 3 0 0 6595940 31734.2 156277 20
0.244145 0.00015824 7 3 0 0 6598992 31771.8 156300 20
0.244308 0.000162635 8 3 0 0 6602345 31812.5 156308 20
0.244475 0.000167418 9 3 0 0 6605684 31854.9 156307 20
0.244643 0.000167418 7 2 0 0 6607798 31892.7 156329 20
0.244815 0.000172819 10 3 0 0 6610276 31936.2 156323 20
0.244994 0.000178778 16 6 0 0 6611739 31997.1 156232 20
0.245173 0.000178778 4 5 0 0 6615337 32034.5 156256 20
0.245359 0.000185654 5 3 0 0 6617003 32071.5 156282 20
0.245544 0.000185654 6 2 0 0 6619208 32107.3 156315 20
0.24573 0.000185654 8 2 0 0 6622617 32146.3 156331 20
0.245924 0.000194093 13 2 0 0 6625669 32194.6 156302 20
0.246118 0.000194093 10 2 0 0 6628546 32237.5 156300 20
0.246312 0.000194093 9 2 0 0 6631171 32278.3 156307 20
0.246506 0.000194093 6 2 0 0 6635259 32313.9 156341 20
0.2467 0.000194093 11 2 0 0 6638556 32375.1 156250 20
0.246907 0.000206224 9 2 0 0 6642728 32417.2 156252 20
0.247113 0.000206224 11 2 0 0 6646704 32462.7 156238 20
0.247319 0.000206224 7 2 0 0 6650652 32500.7 156260 20
0.247525 0.000206224 11 2 0 0 6655419 32545.9 156247 20
0.247732 0.000206224 9 2 0 0 6658800 32587.5 156252 20
0.247938 0.000206224 7 2 0 0 6661068 32624.8 156278 20
0.248144 0.000206224 8 2 0 0 6664764 32664 156294 20
0.24835 0.000206224 5 2 0 0 6668558 32698.9 156331 20
0.248556 0.000206224 9 2 0 0 6673024 32740 156339 20
0.248763 0.000206224 7 2 0 0 6677441 32777.6 156363 20
0.248969 0.000206224 8 2 0 0 6680703 32816.9 156379 20
0.249141 0.000171853 6 2 0 0 6683258 32852.2 156415 20
0.249313 0.000171853 8 2 0 0 6687171 32891.4 156432 20
0.249484 0.000171853 7 2 0 0 6689649 32929.3 156455 20
0.249656 0.000171853 9 2 0 0 6692554 32971 156460 20
0.249828 0.000171853 7 2 0 0 6696292 33009.4 156481 20
0.25 0.000171853 9 2 0 0 6698105 33050.6 156488 20
0.250175 0.000175439 8 2 0 0 6700618 33096.6 156474 20
0.250354 0.000178628 9 4 0 0 6703488 33140 156471 20
0.250536 0.000181999 7 3 0 0 6705273 33181.5 156477 20
0.250718 0.000181999 5 2 0 0 6708983 33216.3 156515 20
0.250904 0.000185639 11 2 0 0 6713379 33262.2 156501 20
0.251093 0.000189506 10 3 0 0 6716011 33307 156492 20
0.251283 0.000189506 8 4 0 0 6719609 33348.7 156498 20
0.251476 0.000193717 7 3 0 0 6723298 33390.3 156504 20
0.25167 0.000193717 8 3 0 0 6725923 33431.3 156514 20
0.251864 0.000193717 6 3 0 0 6727974 33468 156543 20
0.252058 0.000193717 9 2 0 0 6732895 33510.2 156547 20
0.252251 0.000193717 10 2 0 0 6736549 33553.6 156545 20
0.25245 0.000198685 8 2 0 0 6740315 33593.5 156560 20
0.252649 0.000198685 10 2 0 0 6743934 33637.9 156554 20
0.252847 0.000198685 8 2 0 0 6747567 33677.6 156570 20
0.253046 0.000198685 6 2 0 0 6750297 33713.5 156603 20
0.253239 0.000193166 7 3 0 0 6752950 33752.2 156623 20
0.253432 0.000193166 9 2 0 0 6757822 33795 156625 20
0.253626 0.000193166 11 3 0 0 6759215 33844.6 156595 20
0.253819 0.000193166 8 2 0 0 6764220 33884.6 156610 20
0.254012 0.000193166 9 2 0 0 6766789 33927 156614 20
0.254205 0.000193166 11 2 0 0 6770366 33973.2 156600 20
0.254392 0.000186934 8 2 0 0 6774237 34013.7 156613 20
0.254579 0.000186934 6 2 0 0 6776442 34049.2 156648 20
0.254766 0.000186934 8 2 0 0 6780131 34089.6 156662 20
0.254953 0.000186934 7 2 0 0 6783428 34128.3 156683 20
0.25514 0.000186934 6 2 0 0 6787593 34164.8 156714 20
0.255327 0.000186934 6 2 0 0 6792577 34201.3 156745 20
0.255514 0.000186934 12 2 0 0 6795734 34249.3 156724 20
0.255701 0.000186934 12 2 0 0 6799129 34298.4 156698 20
0.255887 0.000186934 14 2 0 0 6802636 34349.9 156661 20
0.256074 0.000186934 7 2 0 0 6806507 34388.3 156684 20
0.256261 0.000186934 9 2 0 0 6810203 34429.8 156693 20
0.256448 0.000186934 9 2 0 0 6813899 34471.8 156700 20
0.256626 0.000177588 8 2 0 0 6816545 34512.4 156713 20
0.256795 0.000168708 8 2 0 0 6818540 34553.1 156726 20
0.256963 0.000168708 7 2 0 0 6821655 34590.9 156752 20
0.257132 0.000168708 6 2 0 0 6824700 34627.7 156782 20
0.257301 0.000168708 7 2 0 0 6827850 34666.1 156806 20
0.257469 0.000168708 8 2 0 0 6829768 34706.4 156820 20
0.257638 0.000168708 14 2 0 0 6832190 34758.3 156783 20
0.257807 0.000168708 12 2 0 0 6835039 34806.4 156762 20
0.257976 0.000168708 6 2 0 0 6836285 34842.8 156795 20
0.258144 0.000168708 7 2 0 0 6838728 34880.9 156819 20
0.258313 0.000168708 6 2 0 0 6841227 34917.6 156851 20
0.258482 0.000168708 9 2 0 0 6842823 34960 156856 20
0.25865 0.000168708 8 2 0 0 6843936 35000.4 156871 20
0.258819 0.000168708 10 2 0 0 6847415 35044.5 156869 20
0.258988 0.000168708 8 2 0 0 6850607 35084.7 156884 20
0.259156 0.000168708 8 2 0 0 6854072 35125.1 156899 20
0.259325 0.000168708 12 2 0 0 6856795 35173.9 156876 20
0.259494 0.000168708 8 2 0 0 6859721 35214.6 156890 20
0.259663 0.000168708 7 2 0 0 6862038 35253.3 156912 20
0.259831 0.000168708 11 2 0 0 6864089 35300.3 156898 20
0.26 0.000168708 6 2 0 0 6867533 35337.3 156928 20
0.260179 0.000178571 8 2 0 0 6870235 35385 156910 20
0.260357 0.000178571 9 2 0 0 6872482 35427.9 156914 20
0.260539 0.000181941 9 2 0 0 6873959 35471.1 156917 20
0.260721 0.000181941 7 2 0 0 6878460 35509.5 156941 20
0.260907 0.00018558 7 2 0 0 6880098 35548.1 156964 20
0.261092 0.00018558 7 2 0 0 6883577 35587.8 156982 20
0.261282 0.000189528 14 2 0 0 6885551 35640.8 156942 20
0.261471 0.000189528 8 2 0 0 6888715 35681.2 156958 20
0.261661 0.000189528 9 2 0 0 6891018 35724 156963 20
0.261855 0.000193936 8 2 0 0 6893622 35765 156975 20
0.262049 0.000193936 7 3 0 0 6897157 35805.1 156992 20
0.262243 0.000193936 8 2 0 0 6900678 35846.6 157003 20
0.262437 0.000193936 7 2 0 0 6903247 35886 157023 20
0.26263 0.000193936 9 2 0 0 6906061 35929.3 157026 20
0.26283 0.000199177 8 2 0 0 6909295 35970.2 157039 20
0.263029 0.000199177 8 2 0 0 6911276 36011.3 157052 20
