12 0 0 0 0 0 0 0 0 0 0 0 0
12 1 5 4 1 5 4 0 1.05 0 0 0.0001 0
12 2 5 5 1 55 10 0 0.849 2.72e-05 8.51e-09 0.000189 0.136
12 3 5 5 1 46 10 0 0.627 1.58e-05 9.01e-09 0.000274 0.203
12 4 5 5 1 45 10 0 0.459 6.76e-06 9.64e-09 0.000358 0.22
12 5 5 5 1 45 10 0 0.35 1.47e-06 7.79e-09 0.000443 0.213
12 6 5 5 1 44 10 0 0.276 1.12e-06 9.45e-09 0.000529 0.204
12 7 5 5 1 44 10 0 0.23 8.22e-07 9.73e-09 0.000615 0.2
12 8 5 5 1 45 10 0 0.198 7.56e-07 7.94e-09 0.000701 0.201
12 9 5 5 1 45 10 0 0.175 1.35e-06 8.62e-09 0.000787 0.207
12 10 5 5 1 45 10 0 0.157 1.55e-06 9.19e-09 0.000872 0.213
12 11 5 5 1 45 10 0 0.142 1.48e-06 9.65e-09 0.000957 0.219
12 12 5 5 1 46 10 0 0.13 1.3e-06 7.54e-09 0.00104 0.224
12 13 5 5 1 46 10 0 0.119 1.12e-06 7.8e-09 0.00113 0.228
12 14 5 5 1 46 10 0 0.11 1e-06 8.06e-09 0.00121 0.232
12 15 5 5 1 46 10 0 0.103 9.31e-07 8.32e-09 0.00129 0.236
12 16 5 5 1 46 10 0 0.0962 8.9e-07 8.59e-09 0.00138 0.24
12 17 5 5 1 46 10 0 0.0903 8.61e-07 8.86e-09 0.00146 0.243
12 18 5 5 1 46 10 0 0.085 8.35e-07 9.12e-09 0.00154 0.247
12 19 5 5 1 46 10 0 0.0802 8.09e-07 9.38e-09 0.00163 0.25
12 20 5 5 1 46 10 0 0.0759 7.83e-07 9.63e-09 0.00171 0.254
12 21 5 5 1 46 10 0 0.072 7.58e-07 9.88e-09 0.00179 0.257
12 22 5 5 1 47 10 0 0.0684 7.36e-07 7.61e-09 0.00187 0.26
12 23 5 5 1 47 10 0 0.0651 7.16e-07 7.79e-09 0.00195 0.263
12 24 5 5 1 47 10 0 0.0621 6.98e-07 7.97e-09 0.00204 0.266
12 25 5 5 1 47 10 0 0.0594 6.82e-07 8.14e-09 0.00212 0.269
12 26 5 5 1 47 10 0 0.0572 6.68e-07 8.31e-09 0.0022 0.272
12 27 5 5 1 47 10 0 0.0551 6.55e-07 8.48e-09 0.00228 0.275
12 28 5 5 1 47 10 0 0.0531 6.43e-07 8.65e-09 0.00236 0.278
12 29 5 5 1 47 10 0 0.0513 6.32e-07 8.82e-09 0.00244 0.281
12 30 5 5 1 47 10 0 0.0496 6.22e-07 8.98e-09 0.00252 0.284
12 31 5 5 1 47 10 0 0.048 6.13e-07 9.14e-09 0.0026 0.287
12 32 5 5 1 47 10 0 0.0465 6.04e-07 9.3e-09 0.00268 0.289
12 33 5 5 1 47 10 0 0.045 5.95e-07 9.46e-09 0.00276 0.292
12 34 5 5 1 47 10 0 0.0437 5.88e-07 9.61e-09 0.00284 0.295
12 35 5 5 1 47 10 0 0.0424 5.8e-07 9.77e-09 0.00292 0.297
12 36 5 5 1 47 10 0 0.0412 5.73e-07 9.92e-09 0.003 0.3
12 37 5 5 1 48 10 0 0.0401 5.67e-07 7.57e-09 0.00308 0.302
12 38 5 5 1 48 10 0 0.039 5.6e-07 7.68e-09 0.00316 0.305
12 39 5 5 1 48 10 0 0.0379 5.55e-07 7.79e-09 0.00324 0.307
12 40 5 5 1 48 10 0 0.037 5.49e-07 7.9e-09 0.00332 0.31
12 41 5 5 1 48 10 0 0.036 5.43e-07 8.01e-09 0.0034 0.312
12 42 5 5 1 48 10 0 0.0351 5.38e-07 8.11e-09 0.00348 0.314
12 43 5 5 1 48 10 0 0.0343 5.33e-07 8.22e-09 0.00355 0.317
12 44 5 5 1 48 10 0 0.0334 5.28e-07 8.33e-09 0.00363 0.319
12 45 5 5 1 48 10 0 0.0327 5.24e-07 8.43e-09 0.00371 0.321
12 46 5 5 1 48 10 0 0.0319 5.19e-07 8.53e-09 0.00379 0.324
12 47 5 5 1 48 10 0 0.0312 5.15e-07 8.63e-09 0.00387 0.326
12 48 5 5 1 48 10 0 0.0305 5.11e-07 8.74e-09 0.00394 0.328
12 49 5 5 1 48 10 0 0.0299 5.07e-07 8.84e-09 0.00402 0.33
12 50 5 5 1 48 10 0 0.0293 5.03e-07 8.94e-09 0.0041 0.332
12 51 5 5 1 48 10 0 0.0288 4.99e-07 9.03e-09 0.00417 0.335
12 52 5 5 1 48 10 0 0.0282 4.95e-07 9.13e-09 0.00425 0.337
12 53 5 5 1 48 10 0 0.0277 4.91e-07 9.23e-09 0.00433 0.339
12 54 5 5 1 48 10 0 0.0272 4.88e-07 9.33e-09 0.00441 0.341
12 55 5 5 1 48 10 0 0.0267 4.84e-07 9.42e-09 0.00448 0.343
12 56 5 5 1 48 10 0 0.0263 4.81e-07 9.52e-09 0.00456 0.345
12 57 5 5 1 48 10 0 0.0258 4.77e-07 9.61e-09 0.00463 0.347
12 58 5 5 1 48 10 0 0.0254 4.74e-07 9.7e-09 0.00471 0.349
12 59 5 5 1 48 10 0 0.025 4.71e-07 9.8e-09 0.00479 0.351
12 60 5 5 1 48 10 0 0.0246 4.68e-07 9.89e-09 0.00486 0.353
12 61 5 5 1 48 10 0 0.0242 4.65e-07 9.98e-09 0.00494 0.355
12 62 5 5 1 49 10 0 0.0238 4.62e-07 7.57e-09 0.00501 0.357
12 63 5 5 1 49 10 0 0.0234 4.59e-07 7.64e-09 0.00509 0.359
12 64 5 5 1 49 10 0 0.0231 4.56e-07 7.7e-09 0.00516 0.361
12 65 5 5 1 49 10 0 0.0227 4.53e-07 7.77e-09 0.00524 0.363
12 66 5 5 1 49 10 0 0.0224 4.5e-07 7.84e-09 0.00531 0.365
12 67 5 5 1 49 10 0 0.022 4.47e-07 7.9e-09 0.00539 0.367
12 68 5 5 1 49 10 0 0.0217 4.45e-07 7.97e-09 0.00546 0.369
12 69 5 5 1 49 10 0 0.0214 4.42e-07 8.03e-09 0.00554 0.371
12 70 5 5 1 49 10 0 0.0211 4.39e-07 8.1e-09 0.00561 0.373
12 71 5 5 1 49 10 0 0.0208 4.37e-07 8.16e-09 0.00569 0.375
12 72 5 5 1 49 10 0 0.0205 4.34e-07 8.23e-09 0.00576 0.377
12 73 5 5 1 49 10 0 0.0202 4.32e-07 8.29e-09 0.00584 0.378
12 74 5 5 1 49 10 0 0.0199 4.29e-07 8.35e-09 0.00591 0.38
12 75 5 5 1 49 10 0 0.0197 4.27e-07 8.42e-09 0.00598 0.382
12 76 5 5 1 49 10 0 0.0194 4.24e-07 8.48e-09 0.00606 0.384
12 77 5 5 1 49 10 0 0.0192 4.22e-07 8.54e-09 0.00613 0.386
12 78 5 5 1 49 10 0 0.0189 4.2e-07 8.6e-09 0.0062 0.387
12 79 5 5 1 49 10 0 0.0187 4.17e-07 8.67e-09 0.00628 0.389
12 80 5 5 1 49 10 0 0.0184 4.15e-07 8.73e-09 0.00635 0.391
12 81 5 5 1 49 10 0 0.0182 4.13e-07 8.79e-09 0.00642 0.393
12 82 5 5 1 49 10 0 0.018 4.1e-07 8.85e-09 0.0065 0.395
12 83 5 5 1 49 10 0 0.0178 4.08e-07 8.91e-09 0.00657 0.396
12 84 5 5 1 49 10 0 0.0176 4.06e-07 8.97e-09 0.00664 0.398
12 85 5 5 1 49 10 0 0.0174 4.04e-07 9.03e-09 0.00672 0.4
12 86 5 5 1 49 10 0 0.0172 4.02e-07 9.09e-09 0.00679 0.401
12 87 5 5 1 49 10 0 0.017 4e-07 9.15e-09 0.00686 0.403
12 88 5 5 1 49 10 0 0.0168 3.98e-07 9.21e-09 0.00693 0.405
12 89 5 5 1 49 10 0 0.0167 3.96e-07 9.26e-09 0.00701 0.407
12 90 5 5 1 49 10 0 0.0165 3.94e-07 9.32e-09 0.00708 0.408
12 91 5 5 1 49 10 0 0.0163 3.92e-07 9.38e-09 0.00715 0.41
12 92 5 5 1 49 10 0 0.0161 3.9e-07 9.44e-09 0.00722 0.412
12 93 5 5 1 49 10 0 0.016 3.88e-07 9.5e-09 0.00729 0.413
12 94 5 5 1 49 10 0 0.0158 3.86e-07 9.55e-09 0.00736 0.415
12 95 5 5 1 49 10 0 0.0157 3.84e-07 9.61e-09 0.00744 0.417
12 96 5 5 1 49 10 0 0.0155 3.82e-07 9.67e-09 0.00751 0.418
12 97 5 5 1 49 10 0 0.0153 3.8e-07 9.72e-09 0.00758 0.42
12 98 5 5 1 49 10 0 0.0152 3.78e-07 9.78e-09 0.00765 0.421
12 99 5 5 1 49 10 0 0.0151 3.77e-07 9.84e-09 0.00772 0.423
12 100 5 5 1 49 10 0 0.0149 3.75e-07 9.89e-09 0.00779 0.425
12 101 5 5 1 49 10 0 0.0148 3.73e-07 9.95e-09 0.00786 0.426
12 102 5 5 1 50 10 0 0.0146 3.71e-07 7.52e-09 0.00793 0.428
12 103 5 5 1 50 10 0 0.0145 3.7e-07 7.56e-09 0.008 0.429
12 104 5 5 1 50 10 0 0.0144 3.68e-07 7.6e-09 0.00807 0.431
12 105 5 5 1 50 10 0 0.0143 3.66e-07 7.64e-09 0.00814 0.433
12 106 5 5 1 50 10 0 0.0141 3.65e-07 7.68e-09 0.00821 0.434
12 107 5 5 1 50 10 0 0.014 3.63e-07 7.73e-09 0.00829 0.436
12 108 5 5 1 50 10 0 0.0139 3.61e-07 7.77e-09 0.00836 0.437
12 109 5 5 1 50 10 0 0.0138 3.6e-07 7.81e-09 0.00843 0.439
12 110 5 5 1 50 10 0 0.0137 3.58e-07 7.85e-09 0.00849 0.44
12 111 5 5 1 50 10 0 0.0135 3.56e-07 7.89e-09 0.00856 0.442
12 112 5 5 1 50 10 0 0.0134 3.55e-07 7.93e-09 0.00863 0.443
12 113 5 5 1 50 10 0 0.0133 3.53e-07 7.97e-09 0.0087 0.445
12 114 5 5 1 50 10 0 0.0132 3.52e-07 8.01e-09 0.00877 0.446
12 115 5 5 1 50 10 0 0.0131 3.5e-07 8.05e-09 0.00884 0.448
12 116 5 5 1 50 10 0 0.013 3.49e-07 8.09e-09 0.00891 0.449
12 117 5 5 1 50 10 0 0.0129 3.47e-07 8.13e-09 0.00898 0.451
12 118 5 5 1 50 10 0 0.0128 3.46e-07 8.17e-09 0.00905 0.452
12 119 5 5 1 50 10 0 0.0127 3.44e-07 8.21e-09 0.00912 0.454
12 120 5 5 1 50 10 0 0.0126 3.43e-07 8.24e-09 0.00919 0.455
12 121 5 5 1 50 10 0 0.0125 3.41e-07 8.28e-09 0.00926 0.457
12 122 5 5 1 50 10 0 0.0124 3.4e-07 8.32e-09 0.00933 0.458
12 123 5 5 1 50 10 0 0.0123 3.39e-07 8.36e-09 0.00939 0.46
12 124 5 5 1 50 10 0 0.0122 3.37e-07 8.4e-09 0.00946 0.461
12 125 5 5 1 50 10 0 0.0121 3.36e-07 8.44e-09 0.00953 0.463
12 126 5 5 1 50 10 0 0.012 3.34e-07 8.48e-09 0.0096 0.464
12 127 5 5 1 50 10 0 0.0119 3.33e-07 8.51e-09 0.00967 0.466
12 128 5 5 1 50 10 0 0.0118 3.32e-07 8.55e-09 0.00973 0.467
12 129 5 5 1 50 10 0 0.0118 3.3e-07 8.59e-09 0.0098 0.469
12 130 5 5 1 50 10 0 0.0117 3.29e-07 8.63e-09 0.00987 0.47
12 131 5 5 1 50 10 0 0.0116 3.28e-07 8.67e-09 0.00994 0.471
12 132 5 5 1 50 10 0 0.0115 3.27e-07 8.7e-09 0.01 0.473
12 133 5 5 1 50 10 0 0.0114 3.25e-07 8.74e-09 0.0101 0.474
12 134 5 5 1 50 10 0 0.0113 3.24e-07 8.78e-09 0.0101 0.476
12 135 5 5 1 50 10 0 0.0113 3.23e-07 8.82e-09 0.0102 0.477
12 136 5 5 1 50 10 0 0.0112 3.22e-07 8.85e-09 0.0103 0.478
12 137 5 5 1 50 10 0 0.0111 3.2e-07 8.89e-09 0.0103 0.48
12 138 5 5 1 50 10 0 0.011 3.19e-07 8.93e-09 0.0104 0.481
12 139 5 5 1 50 10 0 0.0109 3.18e-07 8.96e-09 0.0105 0.483
12 140 5 5 1 50 10 0 0.0109 3.17e-07 9e-09 0.0105 0.484
12 141 5 5 1 50 10 0 0.0108 3.15e-07 9.04e-09 0.0106 0.485
12 142 5 5 1 50 10 0 0.0107 3.14e-07 9.07e-09 0.0107 0.487
12 143 5 5 1 50 10 0 0.0107 3.13e-07 9.11e-09 0.0107 0.488
12 144 5 5 1 50 10 0 0.0106 3.12e-07 9.15e-09 0.0108 0.49
12 145 5 5 1 50 10 0 0.0105 3.11e-07 9.18e-09 0.0109 0.491
12 146 5 5 1 50 10 0 0.0104 3.1e-07 9.22e-09 0.0109 0.492
12 147 5 5 1 50 10 0 0.0104 3.08e-07 9.26e-09 0.011 0.494
12 148 5 5 1 50 10 0 0.0103 3.07e-07 9.29e-09 0.0111 0.495
12 149 5 5 1 50 10 0 0.0102 3.06e-07 9.33e-09 0.0111 0.496
12 150 5 5 1 50 10 0 0.0102 3.05e-07 9.36e-09 0.0112 0.498
12 151 5 5 1 50 10 0 0.0101 3.04e-07 9.4e-09 0.0113 0.499
12 152 5 5 1 50 10 0 0.01 3.03e-07 9.44e-09 0.0113 0.5
12 153 5 5 1 50 10 0 0.00997 3.02e-07 9.47e-09 0.0114 0.502
12 154 5 5 1 50 10 0 0.00991 3.01e-07 9.51e-09 0.0115 0.503
12 155 5 5 1 50 10 0 0.00985 3e-07 9.54e-09 0.0115 0.504
12 156 5 5 1 50 10 0 0.00979 2.99e-07 9.58e-09 0.0116 0.506
12 157 5 5 1 50 10 0 0.00973 2.98e-07 9.61e-09 0.0117 0.507
12 158 5 5 1 50 10 0 0.00967 2.97e-07 9.65e-09 0.0117 0.508
12 159 5 5 1 50 10 0 0.00961 2.96e-07 9.68e-09 0.0118 0.51
12 160 5 5 1 50 10 0 0.00955 2.94e-07 9.72e-09 0.0119 0.511
12 161 5 5 1 50 10 0 0.00949 2.93e-07 9.75e-09 0.0119 0.512
12 162 5 5 1 50 10 0 0.00943 2.92e-07 9.79e-09 0.012 0.513
12 163 5 5 1 50 10 0 0.00937 2.91e-07 9.82e-09 0.0121 0.515
12 164 5 5 1 50 10 0 0.00932 2.9e-07 9.86e-09 0.0121 0.516
12 165 5 5 1 50 10 0 0.00926 2.89e-07 9.89e-09 0.0122 0.517
12 166 5 5 1 50 10 0 0.0092 2.89e-07 9.93e-09 0.0122 0.519
12 167 5 5 1 50 10 0 0.00915 2.88e-07 9.96e-09 0.0123 0.52
12 168 5 5 1 50 10 0 0.0091 2.87e-07 9.99e-09 0.0124 0.521
12 169 5 5 1 51 10 0 0.00904 2.86e-07 7.54e-09 0.0124 0.522
12 170 5 5 1 51 10 0 0.00899 2.85e-07 7.56e-09 0.0125 0.524
12 171 5 5 1 51 10 0 0.00894 2.84e-07 7.59e-09 0.0126 0.525
12 172 5 5 1 51 10 0 0.00888 2.83e-07 7.61e-09 0.0126 0.526
12 173 5 5 1 51 10 0 0.00883 2.82e-07 7.64e-09 0.0127 0.527
12 174 5 5 1 51 10 0 0.00878 2.81e-07 7.66e-09 0.0128 0.529
12 175 5 5 1 51 10 0 0.00873 2.8e-07 7.69e-09 0.0128 0.53
12 176 5 5 1 51 10 0 0.00868 2.79e-07 7.72e-09 0.0129 0.531
12 177 5 5 1 51 10 0 0.00863 2.78e-07 7.74e-09 0.013 0.532
12 178 5 5 1 51 10 0 0.00858 2.77e-07 7.77e-09 0.013 0.534
12 179 5 5 1 51 10 0 0.00853 2.76e-07 7.79e-09 0.0131 0.535
12 180 5 5 1 51 10 0 0.00849 2.75e-07 7.82e-09 0.0131 0.536
12 181 5 5 1 51 10 0 0.00844 2.75e-07 7.84e-09 0.0132 0.537
12 182 5 5 1 51 10 0 0.00839 2.74e-07 7.87e-09 0.0133 0.539
12 183 5 5 1 51 10 0 0.00835 2.73e-07 7.89e-09 0.0133 0.54
12 184 5 5 1 51 10 0 0.0083 2.72e-07 7.92e-09 0.0134 0.541
12 185 5 5 1 51 10 0 0.00825 2.71e-07 7.94e-09 0.0135 0.542
12 186 5 5 1 51 10 0 0.00821 2.7e-07 7.97e-09 0.0135 0.544
12 187 5 5 1 51 10 0 0.00816 2.69e-07 7.99e-09 0.0136 0.545
12 188 5 5 1 51 10 0 0.00812 2.69e-07 8.01e-09 0.0136 0.546
12 189 5 5 1 51 10 0 0.00808 2.68e-07 8.04e-09 0.0137 0.547
12 190 5 5 1 51 10 0 0.00803 2.67e-07 8.06e-09 0.0138 0.548
12 191 5 5 1 51 10 0 0.00799 2.66e-07 8.09e-09 0.0138 0.55
12 192 5 5 1 51 10 0 0.00795 2.65e-07 8.11e-09 0.0139 0.551
12 193 5 5 1 51 10 0 0.00791 2.64e-07 8.14e-09 0.014 0.552
12 194 5 5 1 51 10 0 0.00786 2.64e-07 8.16e-09 0.014 0.553
12 195 5 5 1 51 10 0 0.00782 2.63e-07 8.19e-09 0.0141 0.554
12 196 5 5 1 51 10 0 0.00778 2.62e-07 8.21e-09 0.0141 0.556
12 197 5 5 1 51 10 0 0.00774 2.61e-07 8.23e-09 0.0142 0.557
12 198 5 5 1 51 10 0 0.0077 2.6e-07 8.26e-09 0.0143 0.558
12 199 5 5 1 51 10 0 0.00766 2.6e-07 8.28e-09 0.0143 0.559
12 200 5 5 1 51 10 0 0.00762 2.59e-07 8.31e-09 0.0144 0.56
12 201 5 5 1 51 10 0 0.00758 2.58e-07 8.33e-09 0.0144 0.561
12 202 5 5 1 51 10 0 0.00754 2.57e-07 8.35e-09 0.0145 0.563
12 203 5 5 1 51 10 0 0.0075 2.57e-07 8.38e-09 0.0146 0.564
12 204 5 5 1 51 10 0 0.00747 2.56e-07 8.4e-09 0.0146 0.565
12 205 5 5 1 51 10 0 0.00743 2.55e-07 8.43e-09 0.0147 0.566
12 206 5 5 1 51 10 0 0.00739 2.54e-07 8.45e-09 0.0148 0.567
12 207 5 5 1 51 10 0 0.00735 2.54e-07 8.47e-09 0.0148 0.568
12 208 5 5 1 51 10 0 0.00732 2.53e-07 8.5e-09 0.0149 0.57
12 209 5 5 1 51 10 0 0.00728 2.52e-07 8.52e-09 0.0149 0.571
12 210 5 5 1 51 10 0 0.00724 2.51e-07 8.55e-09 0.015 0.572
12 211 5 5 1 51 10 0 0.00721 2.51e-07 8.57e-09 0.0151 0.573
12 212 5 5 1 51 10 0 0.00717 2.5e-07 8.59e-09 0.0151 0.574
12 213 5 5 1 51 10 0 0.00714 2.49e-07 8.62e-09 0.0152 0.575
12 214 5 5 1 51 10 0 0.0071 2.48e-07 8.64e-09 0.0152 0.576
12 215 5 5 1 51 10 0 0.00707 2.48e-07 8.66e-09 0.0153 0.578
12 216 5 5 1 51 10 0 0.00703 2.47e-07 8.69e-09 0.0154 0.579
12 217 5 5 1 51 10 0 0.007 2.46e-07 8.71e-09 0.0154 0.58
12 218 5 5 1 51 10 0 0.00696 2.46e-07 8.73e-09 0.0155 0.581
12 219 5 5 1 51 10 0 0.00693 2.45e-07 8.76e-09 0.0155 0.582
12 220 5 5 1 51 10 0 0.0069 2.44e-07 8.78e-09 0.0156 0.583
12 221 5 5 1 51 10 0 0.00686 2.44e-07 8.8e-09 0.0157 0.584
12 222 5 5 1 51 10 0 0.00683 2.43e-07 8.83e-09 0.0157 0.585
12 223 5 5 1 51 10 0 0.0068 2.42e-07 8.85e-09 0.0158 0.587
12 224 5 5 1 51 10 0 0.00677 2.42e-07 8.87e-09 0.0158 0.588
12 225 5 5 1 51 10 0 0.00673 2.41e-07 8.89e-09 0.0159 0.589
12 226 5 5 1 51 10 0 0.0067 2.4e-07 8.92e-09 0.016 0.59
12 227 5 5 1 51 10 0 0.00667 2.4e-07 8.94e-09 0.016 0.591
12 228 5 5 1 51 10 0 0.00664 2.39e-07 8.96e-09 0.0161 0.592
12 229 5 5 1 51 10 0 0.00661 2.38e-07 8.99e-09 0.0161 0.593
12 230 5 5 1 51 10 0 0.00658 2.38e-07 9.01e-09 0.0162 0.594
12 231 5 5 1 51 10 0 0.00655 2.37e-07 9.03e-09 0.0163 0.595
12 232 5 5 1 51 10 0 0.00652 2.36e-07 9.05e-09 0.0163 0.596
12 233 5 5 1 51 10 0 0.00649 2.36e-07 9.08e-09 0.0164 0.598
12 234 5 5 1 51 10 0 0.00646 2.35e-07 9.1e-09 0.0164 0.599
12 235 5 5 1 51 10 0 0.00643 2.34e-07 9.12e-09 0.0165 0.6
12 236 5 5 1 51 10 0 0.0064 2.34e-07 9.14e-09 0.0165 0.601
12 237 5 5 1 51 10 0 0.00637 2.33e-07 9.17e-09 0.0166 0.602
12 238 5 5 1 51 10 0 0.00634 2.32e-07 9.19e-09 0.0167 0.603
12 239 5 5 1 51 10 0 0.00631 2.32e-07 9.21e-09 0.0167 0.604
12 240 5 5 1 51 10 0 0.00629 2.31e-07 9.23e-09 0.0168 0.605
12 241 5 5 1 51 10 0 0.00626 2.31e-07 9.26e-09 0.0168 0.606
12 242 5 5 1 51 10 0 0.00623 2.3e-07 9.28e-09 0.0169 0.607
12 243 5 5 1 51 10 0 0.0062 2.29e-07 9.3e-09 0.017 0.608
12 244 5 5 1 51 10 0 0.00617 2.29e-07 9.32e-09 0.017 0.609
12 245 5 5 1 51 10 0 0.00615 2.28e-07 9.35e-09 0.0171 0.61
12 246 5 5 1 51 10 0 0.00612 2.28e-07 9.37e-09 0.0171 0.612
12 247 5 5 1 51 10 0 0.00609 2.27e-07 9.39e-09 0.0172 0.613
12 248 5 5 1 51 10 0 0.00607 2.26e-07 9.41e-09 0.0172 0.614
12 249 5 5 1 51 10 0 0.00604 2.26e-07 9.43e-09 0.0173 0.615
12 250 5 5 1 51 10 0 0.00601 2.25e-07 9.46e-09 0.0174 0.616
12 251 5 5 1 51 10 0 0.00599 2.25e-07 9.48e-09 0.0174 0.617
12 252 5 5 1 51 10 0 0.00596 2.24e-07 9.5e-09 0.0175 0.618
12 253 5 5 1 51 10 0 0.00594 2.23e-07 9.52e-09 0.0175 0.619
12 254 5 5 1 51 10 0 0.00591 2.23e-07 9.54e-09 0.0176 0.62
12 255 5 5 1 51 10 0 0.00588 2.22e-07 9.57e-09 0.0176 0.621
12 256 5 5 1 51 10 0 0.00586 2.22e-07 9.59e-09 0.0177 0.622
12 257 5 5 1 51 10 0 0.00583 2.21e-07 9.61e-09 0.0178 0.623
12 258 5 5 1 51 10 0 0.00581 2.21e-07 9.63e-09 0.0178 0.624
12 259 5 5 1 51 10 0 0.00578 2.2e-07 9.65e-09 0.0179 0.625
12 260 5 5 1 51 10 0 0.00576 2.19e-07 9.67e-09 0.0179 0.626
12 261 5 5 1 51 10 0 0.00574 2.19e-07 9.7e-09 0.018 0.627
12 262 5 5 1 51 10 0 0.00571 2.18e-07 9.72e-09 0.018 0.628
12 263 5 5 1 51 10 0 0.00569 2.18e-07 9.74e-09 0.0181 0.629
12 264 5 5 1 51 10 0 0.00566 2.17e-07 9.76e-09 0.0182 0.63
12 265 5 5 1 51 10 0 0.00564 2.17e-07 9.78e-09 0.0182 0.631
12 266 5 5 1 51 10 0 0.00562 2.16e-07 9.8e-09 0.0183 0.632
12 267 5 5 1 51 10 0 0.00559 2.16e-07 9.82e-09 0.0183 0.633
12 268 5 5 1 51 10 0 0.00557 2.15e-07 9.85e-09 0.0184 0.634
12 269 5 5 1 51 10 0 0.00555 2.15e-07 9.87e-09 0.0184 0.635
12 270 5 5 1 51 10 0 0.00552 2.14e-07 9.89e-09 0.0185 0.636
12 271 5 5 1 51 10 0 0.0055 2.13e-07 9.91e-09 0.0186 0.637
12 272 5 5 1 51 10 0 0.00548 2.13e-07 9.93e-09 0.0186 0.638
12 273 5 5 1 51 10 0 0.00546 2.12e-07 9.95e-09 0.0187 0.639
12 274 5 5 1 51 10 0 0.00544 2.12e-07 9.97e-09 0.0187 0.641
12 275 5 5 1 51 10 0 0.00541 2.11e-07 9.99e-09 0.0188 0.642
12 276 5 5 1 52 10 0 0.00539 2.11e-07 7.53e-09 0.0188 0.643
12 277 5 5 1 52 10 0 0.00537 2.1e-07 7.54e-09 0.0189 0.644
12 278 5 5 1 52 10 0 0.00535 2.1e-07 7.56e-09 0.0189 0.645
12 279 5 5 1 52 10 0 0.00533 2.09e-07 7.58e-09 0.019 0.646
12 280 5 5 1 52 10 0 0.00531 2.09e-07 7.59e-09 0.0191 0.647
12 281 5 5 1 52 10 0 0.00528 2.08e-07 7.61e-09 0.0191 0.648
12 282 5 5 1 52 10 0 0.00526 2.08e-07 7.62e-09 0.0192 0.648
12 283 5 5 1 52 10 0 0.00524 2.07e-07 7.64e-09 0.0192 0.649
12 284 5 5 1 52 10 0 0.00522 2.07e-07 7.65e-09 0.0193 0.65
12 285 5 5 1 52 10 0 0.0052 2.06e-07 7.67e-09 0.0193 0.651
12 286 5 5 1 52 10 0 0.00518 2.06e-07 7.69e-09 0.0194 0.652
12 287 5 5 1 52 10 0 0.00516 2.05e-07 7.7e-09 0.0194 0.653
12 288 5 5 1 52 10 0 0.00514 2.05e-07 7.72e-09 0.0195 0.654
12 289 5 5 1 52 10 0 0.00512 2.04e-07 7.73e-09 0.0195 0.655
12 290 5 5 1 52 10 0 0.0051 2.04e-07 7.75e-09 0.0196 0.656
12 291 5 5 1 52 10 0 0.00508 2.03e-07 7.76e-09 0.0197 0.657
12 292 5 5 1 52 10 0 0.00506 2.03e-07 7.78e-09 0.0197 0.658
12 293 5 5 1 52 10 0 0.00504 2.02e-07 7.79e-09 0.0198 0.659
12 294 5 5 1 52 10 0 0.00502 2.02e-07 7.81e-09 0.0198 0.66
12 295 5 5 1 52 10 0 0.005 2.01e-07 7.82e-09 0.0199 0.661
12 296 5 5 1 52 10 0 0.00498 2.01e-07 7.84e-09 0.0199 0.662
12 297 5 5 1 52 10 0 0.00496 2e-07 7.86e-09 0.02 0.663
12 298 5 5 1 52 10 0 0.00495 2e-07 7.87e-09 0.02 0.664
12 299 5 5 1 52 10 0 0.00493 2e-07 7.89e-09 0.0201 0.665
12 300 5 5 1 52 10 0 0.00491 1.99e-07 7.9e-09 0.0201 0.666
12 301 5 5 1 52 10 0 0.00489 1.99e-07 7.92e-09 0.0202 0.667
12 302 5 5 1 52 10 0 0.00487 1.98e-07 7.93e-09 0.0203 0.668
12 303 5 5 1 52 10 0 0.00485 1.98e-07 7.95e-09 0.0203 0.669
12 304 5 5 1 52 10 0 0.00483 1.97e-07 7.96e-09 0.0204 0.67
12 305 5 5 1 52 10 0 0.00482 1.97e-07 7.98e-09 0.0204 0.671
12 306 5 5 1 52 10 0 0.0048 1.96e-07 7.99e-09 0.0205 0.672
12 307 5 5 1 52 10 0 0.00478 1.96e-07 8.01e-09 0.0205 0.673
12 308 5 5 1 52 10 0 0.00476 1.95e-07 8.02e-09 0.0206 0.674
12 309 5 5 1 52 10 0 0.00474 1.95e-07 8.04e-09 0.0206 0.675
12 310 5 5 1 52 10 0 0.00473 1.95e-07 8.05e-09 0.0207 0.676
12 311 5 5 1 52 10 0 0.00471 1.94e-07 8.07e-09 0.0207 0.677
12 312 5 5 1 52 10 0 0.00469 1.94e-07 8.08e-09 0.0208 0.677
12 313 5 5 1 52 10 0 0.00467 1.93e-07 8.1e-09 0.0208 0.678
12 314 5 5 1 52 10 0 0.00466 1.93e-07 8.11e-09 0.0209 0.679
12 315 5 5 1 52 10 0 0.00464 1.92e-07 8.13e-09 0.0209 0.68
12 316 5 5 1 52 10 0 0.00462 1.92e-07 8.14e-09 0.021 0.681
12 317 5 5 1 52 10 0 0.00461 1.91e-07 8.16e-09 0.0211 0.682
12 318 5 5 1 52 10 0 0.00459 1.91e-07 8.17e-09 0.0211 0.683
12 319 5 5 1 52 10 0 0.00457 1.91e-07 8.19e-09 0.0212 0.684
12 320 5 5 1 52 10 0 0.00456 1.9e-07 8.2e-09 0.0212 0.685
12 321 5 5 1 52 10 0 0.00454 1.9e-07 8.22e-09 0.0213 0.686
12 322 5 5 1 52 10 0 0.00452 1.89e-07 8.23e-09 0.0213 0.687
12 323 5 5 1 52 10 0 0.00451 1.89e-07 8.25e-09 0.0214 0.688
12 324 5 5 1 52 10 0 0.00449 1.89e-07 8.26e-09 0.0214 0.689
12 325 5 5 1 52 10 0 0.00448 1.88e-07 8.28e-09 0.0215 0.69
12 326 5 5 1 52 10 0 0.00446 1.88e-07 8.29e-09 0.0215 0.69
12 327 5 5 1 52 10 0 0.00444 1.87e-07 8.31e-09 0.0216 0.691
12 328 5 5 1 52 10 0 0.00443 1.87e-07 8.32e-09 0.0216 0.692
12 329 5 5 1 52 10 0 0.00441 1.86e-07 8.34e-09 0.0217 0.693
12 330 5 5 1 52 10 0 0.0044 1.86e-07 8.35e-09 0.0217 0.694
12 331 5 5 1 52 10 0 0.00438 1.86e-07 8.37e-09 0.0218 0.695
12 332 5 5 1 52 10 0 0.00437 1.85e-07 8.38e-09 0.0218 0.696
12 333 5 5 1 52 10 0 0.00435 1.85e-07 8.39e-09 0.0219 0.697
12 334 5 5 1 52 10 0 0.00434 1.84e-07 8.41e-09 0.0219 0.698
12 335 5 5 1 52 10 0 0.00432 1.84e-07 8.42e-09 0.022 0.699
12 336 5 5 1 52 10 0 0.00431 1.84e-07 8.44e-09 0.022 0.7
12 337 5 5 1 52 10 0 0.00429 1.83e-07 8.45e-09 0.0221 0.7
12 338 5 5 1 52 10 0 0.00428 1.83e-07 8.47e-09 0.0222 0.701
12 339 5 5 1 52 10 0 0.00426 1.82e-07 8.48e-09 0.0222 0.702
12 340 5 5 1 52 10 0 0.00425 1.82e-07 8.5e-09 0.0223 0.703
12 341 5 5 1 52 10 0 0.00423 1.82e-07 8.51e-09 0.0223 0.704
12 342 5 5 1 52 10 0 0.00422 1.81e-07 8.53e-09 0.0224 0.705
12 343 5 5 1 52 10 0 0.0042 1.81e-07 8.54e-09 0.0224 0.706
12 344 5 5 1 52 10 0 0.00419 1.81e-07 8.55e-09 0.0225 0.707
12 345 5 5 1 52 10 0 0.00417 1.8e-07 8.57e-09 0.0225 0.708
12 346 5 5 1 52 10 0 0.00416 1.8e-07 8.58e-09 0.0226 0.709
12 347 5 5 1 52 10 0 0.00415 1.79e-07 8.6e-09 0.0226 0.709
12 348 5 5 1 52 10 0 0.00413 1.79e-07 8.61e-09 0.0227 0.71
12 349 5 5 1 52 10 0 0.00412 1.79e-07 8.63e-09 0.0227 0.711
12 350 5 5 1 52 10 0 0.0041 1.78e-07 8.64e-09 0.0228 0.712
12 351 5 5 1 52 10 0 0.00409 1.78e-07 8.65e-09 0.0228 0.713
12 352 5 5 1 52 10 0 0.00408 1.77e-07 8.67e-09 0.0229 0.714
12 353 5 5 1 52 10 0 0.00406 1.77e-07 8.68e-09 0.0229 0.715
12 354 5 5 1 52 10 0 0.00405 1.77e-07 8.7e-09 0.023 0.716
12 355 5 5 1 52 10 0 0.00403 1.76e-07 8.71e-09 0.023 0.716
12 356 5 5 1 52 10 0 0.00402 1.76e-07 8.73e-09 0.0231 0.717
12 357 5 5 1 52 10 0 0.00401 1.76e-07 8.74e-09 0.0231 0.718
12 358 5 5 1 52 10 0 0.00399 1.75e-07 8.75e-09 0.0232 0.719
12 359 5 5 1 52 10 0 0.00398 1.75e-07 8.77e-09 0.0232 0.72
12 360 5 5 1 52 10 0 0.00397 1.75e-07 8.78e-09 0.0233 0.721
12 361 5 5 1 52 10 0 0.00395 1.74e-07 8.8e-09 0.0233 0.722
12 362 5 5 1 52 10 0 0.00394 1.74e-07 8.81e-09 0.0234 0.723
12 363 5 5 1 52 10 0 0.00393 1.73e-07 8.82e-09 0.0234 0.723
12 364 5 5 1 52 10 0 0.00392 1.73e-07 8.84e-09 0.0235 0.724
12 365 5 5 1 52 10 0 0.0039 1.73e-07 8.85e-09 0.0235 0.725
12 366 5 5 1 52 10 0 0.00389 1.72e-07 8.87e-09 0.0236 0.726
12 367 5 5 1 52 10 0 0.00388 1.72e-07 8.88e-09 0.0236 0.727
12 368 5 5 1 52 10 0 0.00387 1.72e-07 8.89e-09 0.0237 0.728
12 369 5 5 1 52 10 0 0.00385 1.71e-07 8.91e-09 0.0237 0.729
12 370 5 5 1 52 10 0 0.00384 1.71e-07 8.92e-09 0.0238 0.729
12 371 5 5 1 52 10 0 0.00383 1.71e-07 8.94e-09 0.0238 0.73
12 372 5 5 1 52 10 0 0.00382 1.7e-07 8.95e-09 0.0239 0.731
12 373 5 5 1 52 10 0 0.0038 1.7e-07 8.96e-09 0.0239 0.732
12 374 5 5 1 52 10 0 0.00379 1.7e-07 8.98e-09 0.024 0.733
12 375 5 5 1 52 10 0 0.00378 1.69e-07 8.99e-09 0.024 0.734
12 376 5 5 1 52 10 0 0.00377 1.69e-07 9e-09 0.0241 0.735
12 377 5 5 1 52 10 0 0.00375 1.69e-07 9.02e-09 0.0241 0.735
12 378 5 5 1 52 10 0 0.00374 1.68e-07 9.03e-09 0.0242 0.736
12 379 5 5 1 52 10 0 0.00373 1.68e-07 9.05e-09 0.0242 0.737
12 380 5 5 1 52 10 0 0.00372 1.68e-07 9.06e-09 0.0243 0.738
12 381 5 5 1 52 10 0 0.00371 1.67e-07 9.07e-09 0.0243 0.739
12 382 5 5 1 52 10 0 0.00369 1.67e-07 9.09e-09 0.0244 0.74
12 383 5 5 1 52 10 0 0.00368 1.67e-07 9.1e-09 0.0244 0.74
12 384 5 5 1 52 10 0 0.00367 1.66e-07 9.11e-09 0.0245 0.741
12 385 5 5 1 52 10 0 0.00366 1.66e-07 9.13e-09 0.0245 0.742
12 386 5 5 1 52 10 0 0.00365 1.66e-07 9.14e-09 0.0245 0.743
12 387 5 5 1 52 10 0 0.00364 1.65e-07 9.16e-09 0.0246 0.744
12 388 5 5 1 52 10 0 0.00363 1.65e-07 9.17e-09 0.0246 0.745
12 389 5 5 1 52 10 0 0.00361 1.65e-07 9.18e-09 0.0247 0.745
12 390 5 5 1 52 10 0 0.0036 1.64e-07 9.2e-09 0.0247 0.746
12 391 5 5 1 52 10 0 0.00359 1.64e-07 9.21e-09 0.0248 0.747
12 392 5 5 1 52 10 0 0.00358 1.64e-07 9.22e-09 0.0248 0.748
12 393 5 5 1 52 10 0 0.00357 1.63e-07 9.24e-09 0.0249 0.749
12 394 5 5 1 52 10 0 0.00356 1.63e-07 9.25e-09 0.0249 0.75
12 395 5 5 1 52 10 0 0.00355 1.63e-07 9.26e-09 0.025 0.75
12 396 5 5 1 52 10 0 0.00354 1.62e-07 9.28e-09 0.025 0.751
12 397 5 5 1 52 10 0 0.00353 1.62e-07 9.29e-09 0.0251 0.752
12 398 5 5 1 52 10 0 0.00351 1.62e-07 9.3e-09 0.0251 0.753
12 399 5 5 1 52 10 0 0.0035 1.61e-07 9.32e-09 0.0252 0.754
12 400 5 5 1 52 10 0 0.00349 1.61e-07 9.33e-09 0.0252 0.755
12 401 5 5 1 52 10 0 0.00348 1.61e-07 9.34e-09 0.0253 0.755
12 402 5 5 1 52 10 0 0.00347 1.61e-07 9.36e-09 0.0253 0.756
12 403 5 5 1 52 10 0 0.00346 1.6e-07 9.37e-09 0.0254 0.757
12 404 5 5 1 52 10 0 0.00345 1.6e-07 9.38e-09 0.0254 0.758
12 405 5 5 1 52 10 0 0.00344 1.6e-07 9.4e-09 0.0255 0.759
12 406 5 5 1 52 10 0 0.00343 1.59e-07 9.41e-09 0.0255 0.759
12 407 5 5 1 52 10 0 0.00342 1.59e-07 9.42e-09 0.0256 0.76
12 408 5 5 1 52 10 0 0.00341 1.59e-07 9.44e-09 0.0256 0.761
12 409 5 5 1 52 10 0 0.0034 1.58e-07 9.45e-09 0.0256 0.762
12 410 5 5 1 52 10 0 0.00339 1.58e-07 9.46e-09 0.0257 0.763
12 411 5 5 1 52 10 0 0.00338 1.58e-07 9.48e-09 0.0257 0.763
12 412 5 5 1 52 10 0 0.00337 1.58e-07 9.49e-09 0.0258 0.764
12 413 5 5 1 52 10 0 0.00336 1.57e-07 9.5e-09 0.0258 0.765
12 414 5 5 1 52 10 0 0.00335 1.57e-07 9.52e-09 0.0259 0.766
12 415 5 5 1 52 10 0 0.00334 1.57e-07 9.53e-09 0.0259 0.767
12 416 5 5 1 52 10 0 0.00333 1.56e-07 9.54e-09 0.026 0.767
12 417 5 5 1 52 10 0 0.00332 1.56e-07 9.55e-09 0.026 0.768
12 418 5 5 1 52 10 0 0.00331 1.56e-07 9.57e-09 0.0261 0.769
12 419 5 5 1 52 10 0 0.0033 1.55e-07 9.58e-09 0.0261 0.77
12 420 5 5 1 52 10 0 0.00329 1.55e-07 9.59e-09 0.0262 0.771
12 421 5 5 1 52 10 0 0.00328 1.55e-07 9.61e-09 0.0262 0.771
12 422 5 5 1 52 10 0 0.00327 1.55e-07 9.62e-09 0.0263 0.772
12 423 5 5 1 52 10 0 0.00326 1.54e-07 9.63e-09 0.0263 0.773
12 424 5 5 1 52 10 0 0.00325 1.54e-07 9.65e-09 0.0263 0.774
12 425 5 5 1 52 10 0 0.00324 1.54e-07 9.66e-09 0.0264 0.775
12 426 5 5 1 52 10 0 0.00323 1.53e-07 9.67e-09 0.0264 0.775
12 427 5 5 1 52 10 0 0.00322 1.53e-07 9.68e-09 0.0265 0.776
12 428 5 5 1 52 10 0 0.00321 1.53e-07 9.7e-09 0.0265 0.777
12 429 5 5 1 52 10 0 0.0032 1.53e-07 9.71e-09 0.0266 0.778
12 430 5 5 1 52 10 0 0.00319 1.52e-07 9.72e-09 0.0266 0.778
12 431 5 5 1 52 10 0 0.00318 1.52e-07 9.74e-09 0.0267 0.779
12 432 5 5 1 52 10 0 0.00318 1.52e-07 9.75e-09 0.0267 0.78
12 433 5 5 1 52 10 0 0.00317 1.52e-07 9.76e-09 0.0268 0.781
12 434 5 5 1 52 10 0 0.00316 1.51e-07 9.77e-09 0.0268 0.782
12 435 5 5 1 52 10 0 0.00315 1.51e-07 9.79e-09 0.0269 0.782
12 436 5 5 1 52 10 0 0.00314 1.51e-07 9.8e-09 0.0269 0.783
12 437 5 5 1 52 10 0 0.00313 1.5e-07 9.81e-09 0.0269 0.784
12 438 5 5 1 52 10 0 0.00312 1.5e-07 9.83e-09 0.027 0.785
12 439 5 5 1 52 10 0 0.00311 1.5e-07 9.84e-09 0.027 0.785
12 440 5 5 1 52 10 0 0.0031 1.5e-07 9.85e-09 0.0271 0.786
12 441 5 5 1 52 10 0 0.00309 1.49e-07 9.86e-09 0.0271 0.787
12 442 5 5 1 52 10 0 0.00309 1.49e-07 9.88e-09 0.0272 0.788
12 443 5 5 1 52 10 0 0.00308 1.49e-07 9.89e-09 0.0272 0.789
12 444 5 5 1 52 10 0 0.00307 1.49e-07 9.9e-09 0.0273 0.789
12 445 5 5 1 52 10 0 0.00306 1.48e-07 9.91e-09 0.0273 0.79
12 446 5 5 1 52 10 0 0.00305 1.48e-07 9.93e-09 0.0274 0.791
12 447 5 5 1 52 10 0 0.00304 1.48e-07 9.94e-09 0.0274 0.792
12 448 5 5 1 52 10 0 0.00303 1.47e-07 9.95e-09 0.0274 0.792
12 449 5 5 1 52 10 0 0.00303 1.47e-07 9.96e-09 0.0275 0.793
12 450 5 5 1 52 10 0 0.00302 1.47e-07 9.98e-09 0.0275 0.794
12 451 5 5 1 52 10 0 0.00301 1.47e-07 9.99e-09 0.0276 0.795
12 452 5 5 1 53 10 0 0.003 1.46e-07 7.52e-09 0.0276 0.795
12 453 5 5 1 53 10 0 0.00299 1.46e-07 7.53e-09 0.0277 0.796
12 454 5 5 1 53 10 0 0.00298 1.46e-07 7.54e-09 0.0277 0.797
12 455 5 5 1 53 10 0 0.00297 1.46e-07 7.54e-09 0.0278 0.798
12 456 5 5 1 53 10 0 0.00297 1.45e-07 7.55e-09 0.0278 0.798
