11 0 0 2.17789e-05 7.00028 0.149156 0 0.100001 0.491563 1.08609e-08 
11 231 0.01 4.34292e-05 7.00028 0.150051 -1.35545e-06 0.100011 0.500506 0.00150248 
11 461 0.02 4.34783e-05 7.00028 0.150715 -9.35965e-07 0.10003 0.507149 0.00300495 
11 691 0.03 4.34783e-05 7.00028 0.150083 -6.53487e-07 0.100032 0.500829 0.00450888 
11 921 0.04 4.34783e-05 7.00028 0.150241 -3.67448e-06 0.100034 0.502408 0.00601164 
11 1151 0.05 4.34783e-05 7.00028 0.150644 -1.10045e-05 0.100032 0.506441 0.00751725 
11 1381 0.06 4.34783e-05 7.00028 0.150491 -3.57602e-05 0.100031 0.504913 0.00902248 
11 1611 0.07 4.34783e-05 7.00028 0.150925 -4.52342e-05 0.10003 0.509252 0.0105269 
11 1841 0.08 4.34783e-05 7.00028 0.150564 -6.05867e-05 0.100031 0.505638 0.0120353 
11 2071 0.09 4.34783e-05 7.00028 0.15066 -0.000139041 0.100032 0.5066 0.0135436 
11 2301 0.1 4.34783e-05 7.00028 0.151351 -0.000208946 0.100025 0.513509 0.0150537 
11 2531 0.11 4.34783e-05 7.00028 0.151054 -0.000230016 0.100032 0.510536 0.0165645 
11 2761 0.12 4.34783e-05 7.00028 0.151211 -0.000251566 0.100018 0.512112 0.0180739 
11 2991 0.13 4.34783e-05 7.00028 0.15121 -0.000269544 0.100022 0.512101 0.0195877 
11 3221 0.14 4.34783e-05 7.00028 0.150999 -0.000320203 0.100024 0.50999 0.0211009 
11 3451 0.15 4.34783e-05 7.00028 0.151635 -0.000318248 0.100026 0.516353 0.0226129 
11 3681 0.16 4.34783e-05 7.00028 0.151202 -0.000367454 0.100028 0.512018 0.0241267 
11 3911 0.17 4.34783e-05 7.00028 0.151118 -0.000391819 0.100032 0.511185 0.0256384 
11 4141 0.18 4.34783e-05 7.00028 0.151473 -0.000395053 0.100024 0.514731 0.0271528 
11 4371 0.19 4.34783e-05 7.00028 0.15117 -0.000391641 0.100023 0.5117 0.0286665 
11 4601 0.2 4.34783e-05 7.00028 0.151582 -0.000475885 0.100028 0.515821 0.0301779 
11 4831 0.21 4.34783e-05 7.00028 0.151132 -0.000442283 0.100015 0.511323 0.031692 
11 5061 0.22 4.34783e-05 7.00028 0.151056 -0.000539103 0.100029 0.510561 0.0332045 
11 5291 0.23 4.34783e-05 7.00028 0.151612 -0.000572917 0.100029 0.51612 0.0347185 
11 5521 0.24 4.34783e-05 7.00028 0.15124 -0.000597268 0.10003 0.512397 0.0362321 
11 5751 0.25 4.34783e-05 7.00028 0.151365 -0.000675208 0.100028 0.513651 0.0377427 
11 5981 0.26 4.34783e-05 7.00028 0.151041 -0.000631414 0.100025 0.510411 0.0392564 
11 6211 0.27 4.34783e-05 7.00028 0.150929 -0.000695393 0.10003 0.509288 0.0407691 
11 6441 0.28 4.34783e-05 7.00028 0.151543 -0.000709904 0.100027 0.515433 0.0422808 
11 6671 0.29 4.34783e-05 7.00028 0.151219 -0.000783805 0.100032 0.512194 0.0437936 
11 6901 0.3 4.34783e-05 7.00028 0.151136 -0.000852774 0.100026 0.511357 0.0453043 
11 7131 0.31 4.34783e-05 7.00028 0.151166 -0.000756457 0.100029 0.511657 0.0468176 
11 7361 0.32 4.34783e-05 7.00028 0.150997 -0.000801702 0.10003 0.509965 0.0483306 
11 7591 0.33 4.34783e-05 7.00028 0.151459 -0.000886055 0.100027 0.514585 0.049841 
11 7821 0.34 4.34783e-05 7.00028 0.151168 -0.000857123 0.100031 0.511683 0.0513536 
11 8051 0.35 4.34783e-05 7.00028 0.150924 -0.000988442 0.100033 0.509235 0.0528652 
11 8281 0.36 4.34783e-05 7.00028 0.151242 -0.000867948 0.100029 0.512421 0.0543774 
11 8511 0.37 4.34783e-05 7.00028 0.151068 -0.000865563 0.100028 0.510684 0.0558894 
11 8741 0.38 4.34783e-05 7.00028 0.151269 -0.00105439 0.100032 0.512691 0.0573985 
11 8971 0.39 4.34783e-05 7.00028 0.150939 -0.000949044 0.100024 0.509386 0.0589099 
11 9201 0.4 4.34783e-05 7.00028 0.150813 -0.00109275 0.100034 0.508133 0.0604215 
11 9431 0.41 4.34783e-05 7.00028 0.151213 -0.000933173 0.100034 0.512126 0.0619317 
11 9661 0.42 4.34783e-05 7.00028 0.151078 -0.000995399 0.100032 0.510781 0.063442 
11 9891 0.43 4.34783e-05 7.00028 0.150999 -0.0011285 0.100033 0.509987 0.0649506 
11 10121 0.44 4.34783e-05 7.00028 0.150837 -0.000857079 0.100024 0.508372 0.0664608 
11 10351 0.45 4.34783e-05 7.00028 0.150806 -0.000974492 0.100033 0.508063 0.0679718 
11 10581 0.46 4.34783e-05 7.00028 0.151181 -0.001036 0.100034 0.511809 0.0694804 
11 10811 0.47 4.34783e-05 7.00028 0.15099 -0.00116263 0.100032 0.509898 0.0709901 
11 11041 0.48 4.34783e-05 7.00028 0.15074 -0.00115103 0.10003 0.507401 0.072499 
11 11271 0.49 4.34783e-05 7.00028 0.150947 -0.000718843 0.100031 0.50947 0.0740086 
11 11501 0.5 4.34783e-05 7.00028 0.150816 -0.000720159 0.10003 0.508165 0.075519 
11 11731 0.51 4.34783e-05 7.00028 0.150973 -0.000960846 0.100034 0.509733 0.077026 
11 11961 0.52 4.34783e-05 7.00028 0.150733 -0.000981503 0.100035 0.507332 0.078534 
11 12191 0.53 4.34783e-05 7.00028 0.150568 -0.000946923 0.100032 0.505682 0.0800428 
11 12421 0.54 4.34783e-05 7.00028 0.150913 -0.000677088 0.100031 0.50913 0.0815507 
11 12651 0.55 4.34783e-05 7.00028 0.150762 -0.000844455 0.100033 0.50762 0.0830592 
11 12881 0.56 4.34783e-05 7.00028 0.150737 -0.000989194 0.100033 0.507374 0.084565 
11 13111 0.57 4.34783e-05 7.00028 0.150557 -0.000702427 0.100025 0.505567 0.0860722 
11 13341 0.58 4.34783e-05 7.00028 0.150545 -0.00073426 0.100032 0.505454 0.0875803 
11 13571 0.59 4.34783e-05 7.00028 0.150928 -0.000764601 0.100031 0.509279 0.0890865 
11 13801 0.6 4.34783e-05 7.00028 0.1508 -0.00102146 0.100034 0.508004 0.0905947 
11 14031 0.61 4.34783e-05 7.00028 0.150597 -0.00105069 0.100031 0.50597 0.0921013 
11 14261 0.62 4.34783e-05 7.00028 0.150735 -0.000471561 0.100019 0.507353 0.0936085 
11 14491 0.63 4.34783e-05 7.00028 0.150591 -0.000602696 0.100032 0.505908 0.0951167 
11 14721 0.64 4.34783e-05 7.00028 0.150817 -0.000778508 0.100033 0.50817 0.0966221 
11 14951 0.65 4.34783e-05 7.00028 0.150649 -0.000905891 0.100033 0.506491 0.0981289 
11 15181 0.66 4.34783e-05 7.00028 0.150505 -0.000885576 0.100033 0.505051 0.099636 
11 15411 0.67 4.34783e-05 7.00028 0.150774 -0.000448616 0.100025 0.50774 0.101142 
11 15641 0.68 4.34783e-05 7.00028 0.150618 -0.000741378 0.100033 0.506176 0.10265 
11 15871 0.69 4.34783e-05 7.00028 0.150647 -0.000953187 0.10003 0.506474 0.104155 
11 16101 0.7 4.34783e-05 7.00028 0.150533 -0.0008386 0.100033 0.505332 0.105661 
11 16331 0.71 4.34783e-05 7.00028 0.150523 -0.000677097 0.10003 0.505232 0.107169 
11 16561 0.72 4.34783e-05 7.00028 0.150725 -0.000530556 0.100032 0.507246 0.108675 
11 16791 0.73 4.34783e-05 7.00028 0.150608 -0.000940343 0.100033 0.506076 0.110181 
11 17021 0.74 4.34783e-05 7.00028 0.150555 -0.00104295 0.100035 0.505546 0.111687 
11 17251 0.75 4.34783e-05 7.00028 0.150603 -0.000497893 0.100033 0.506028 0.113193 
11 17481 0.76 4.34783e-05 7.00028 0.150568 -0.000710017 0.100033 0.505679 0.1147 
11 17711 0.77 4.34783e-05 7.00028 0.150685 -0.000755711 0.100034 0.506851 0.116205 
11 17941 0.78 4.34783e-05 7.00028 0.150564 -0.00100563 0.100033 0.505637 0.117711 
11 18171 0.79 4.34783e-05 7.00028 0.150508 -0.000961114 0.100031 0.505082 0.119218 
11 18401 0.8 4.34783e-05 7.00028 0.150727 -0.000381917 0.100036 0.507268 0.120724 
11 18631 0.81 4.34783e-05 7.00028 0.150583 -0.000790682 0.100031 0.505827 0.122231 
11 18861 0.82 4.34783e-05 7.00028 0.15055 -0.000889002 0.100035 0.5055 0.123736 
11 19091 0.83 4.34783e-05 7.00028 0.150493 -0.000883708 0.100034 0.504928 0.125241 
11 19321 0.84 4.34783e-05 7.00028 0.15054 -0.000732322 0.100022 0.505397 0.126748 
11 19551 0.85 4.34783e-05 7.00028 0.150625 -0.000420284 0.10003 0.506251 0.128253 
11 19781 0.86 4.34783e-05 7.00028 0.150505 -0.000886344 0.100031 0.505048 0.129759 
11 20011 0.87 4.34783e-05 7.00028 0.150493 -0.000917308 0.100032 0.504932 0.131264 
11 20241 0.88 4.34783e-05 7.00028 0.150433 -0.000544119 0.100029 0.504329 0.132769 
11 20471 0.89 4.34783e-05 7.00028 0.150417 -0.000609711 0.100034 0.504171 0.134275 
11 20701 0.9 4.34783e-05 7.00028 0.150529 -0.000651418 0.100033 0.505289 0.135779 
11 20931 0.91 4.34783e-05 7.00028 0.150393 -0.00101549 0.100035 0.503928 0.137283 
11 21161 0.92 4.34783e-05 7.00028 0.15042 -0.000947427 0.100033 0.504202 0.138788 
11 21391 0.93 4.34783e-05 7.00028 0.150563 -0.000237094 0.100033 0.505629 0.140293 
11 21621 0.94 4.34783e-05 7.00028 0.150421 -0.000792589 0.100033 0.50421 0.141798 
11 21851 0.95 4.34783e-05 7.00028 0.150429 -0.000818071 0.100033 0.504288 0.143302 
11 22081 0.96 4.34783e-05 7.00028 0.150398 -0.000959163 0.100035 0.503981 0.144806 
11 22311 0.97 4.34783e-05 7.00028 0.150475 -0.000790629 0.100032 0.504748 0.146311 
11 22541 0.98 4.34783e-05 7.00028 0.150493 -0.000329375 0.100037 0.504933 0.147815 
11 22771 0.99 4.34783e-05 7.00028 0.150291 -0.00086823 0.100035 0.502906 0.149319 
11 23001 1 4.34783e-05 7.00028 0.150333 -0.000947814 0.100033 0.503333 0.150823 
11 23231 1.01 4.34783e-05 7.00028 0.1503 -0.000688505 0.100036 0.502998 0.152326 
11 23461 1.02 4.34783e-05 7.00028 0.150398 -0.000758461 0.100029 0.503983 0.153831 
11 23691 1.03 4.34783e-05 7.00028 0.150451 -0.000601163 0.100035 0.50451 0.155334 
11 23921 1.04 4.34783e-05 7.00028 0.150273 -0.000976876 0.100034 0.502727 0.156839 
11 24151 1.05 4.34783e-05 7.00028 0.15044 -0.000875085 0.100035 0.504401 0.158343 
11 24381 1.06 4.34783e-05 7.00028 0.150619 -0.000211424 0.100035 0.506189 0.159847 
11 24611 1.07 4.34783e-05 7.00028 0.150359 -0.000803132 0.100035 0.503595 0.161351 
11 24841 1.08 4.34783e-05 7.00028 0.150396 -0.000767267 0.100034 0.503958 0.162855 
11 25071 1.09 4.34783e-05 7.00028 0.150328 -0.00100375 0.100034 0.503278 0.164359 
11 25301 1.1 4.34783e-05 7.00028 0.150442 -0.000729458 0.100028 0.504416 0.165864 
11 25531 1.11 4.34783e-05 7.00028 0.150522 -0.000229355 0.100035 0.505221 0.167367 
11 25761 1.12 4.34783e-05 7.00028 0.150306 -0.000865012 0.100036 0.503065 0.168872 
11 25991 1.13 4.34783e-05 7.00028 0.150449 -0.000838617 0.100035 0.504492 0.170377 
11 26221 1.14 4.34783e-05 7.00028 0.150302 -0.000744835 0.100032 0.503021 0.17188 
11 26451 1.15 4.34783e-05 7.00028 0.15031 -0.000663187 0.100031 0.503097 0.173384 
11 26681 1.16 4.34783e-05 7.00028 0.150355 -0.000459967 0.100035 0.503551 0.174886 
11 26911 1.17 4.34783e-05 7.00028 0.150184 -0.000887296 0.100035 0.501838 0.17639 
11 27141 1.18 4.34783e-05 7.00028 0.150366 -0.000751214 0.100036 0.503662 0.177893 
11 27371 1.19 4.34783e-05 7.00028 0.150396 -0.000246674 0.100035 0.503957 0.179396 
11 27601 1.2 4.34783e-05 7.00028 0.150181 -0.000699376 0.100035 0.501808 0.180899 
11 27831 1.21 4.34783e-05 7.00028 0.150252 -0.000645449 0.100036 0.502517 0.182401 
11 28061 1.22 4.34783e-05 7.00028 0.150137 -0.000913524 0.100033 0.501372 0.183904 
11 28291 1.23 4.34783e-05 7.00028 0.150293 -0.000712852 0.100032 0.502933 0.185407 
11 28521 1.24 4.34783e-05 7.00028 0.15026 -0.000168021 0.100034 0.502596 0.186908 
11 28751 1.25 4.34783e-05 7.00028 0.150016 -0.000774312 0.100034 0.500164 0.18841 
11 28981 1.26 4.34783e-05 7.00028 0.150203 -0.000663176 0.100033 0.502026 0.189912 
11 29211 1.27 4.34783e-05 7.00028 0.150246 -0.000829845 0.100033 0.502458 0.191414 
11 29441 1.28 4.34783e-05 7.00028 0.150244 -0.000736025 0.100033 0.502444 0.192917 
11 29671 1.29 4.34783e-05 7.00028 0.150222 -0.000507984 0.100035 0.50222 0.194419 
11 29901 1.3 4.34783e-05 7.00028 0.149959 -0.00090244 0.100036 0.499592 0.195921 
11 30131 1.31 4.34783e-05 7.00028 0.15018 -0.000643304 0.100033 0.501802 0.197422 
11 30361 1.32 4.34783e-05 7.00028 0.150264 -0.000363833 0.100032 0.502638 0.198924 
11 30591 1.33 4.34783e-05 7.00028 0.150022 -0.000763307 0.100021 0.500223 0.200425 
11 30821 1.34 4.34783e-05 7.00028 0.150013 -0.000577106 0.100034 0.500132 0.201926 
11 31051 1.35 4.34783e-05 7.00028 0.150029 -0.000971538 0.100035 0.500288 0.203426 
11 31281 1.36 4.34783e-05 7.00028 0.150102 -0.000609833 0.100032 0.501019 0.204928 
11 31511 1.37 4.34783e-05 7.00028 0.150128 -0.000156853 0.100034 0.501276 0.206428 
11 31741 1.38 4.34783e-05 7.00028 0.149818 -0.000764954 0.100035 0.498183 0.207928 
11 31971 1.39 4.34783e-05 7.00028 0.149856 -0.000593612 0.100033 0.498559 0.209427 
11 32201 1.4 4.34783e-05 7.00028 0.14992 -0.000793174 0.100034 0.499197 0.210926 
11 32431 1.41 4.34783e-05 7.00028 0.149845 -0.000627733 0.100035 0.498455 0.212425 
11 32661 1.42 4.34783e-05 7.00028 0.149794 -0.000312584 0.100035 0.497942 0.213923 
11 32891 1.43 4.34783e-05 7.00028 0.149701 -0.000811202 0.100034 0.497006 0.215421 
11 33121 1.44 4.34783e-05 7.00028 0.149865 -0.000540877 0.100033 0.498645 0.21692 
11 33351 1.45 4.34783e-05 7.00028 0.149997 -0.000293865 0.100032 0.499966 0.218418 
11 33581 1.46 4.34783e-05 7.00028 0.149736 -0.00066224 0.10003 0.497359 0.219917 
11 33811 1.47 4.34783e-05 7.00028 0.149799 -0.000461332 0.100031 0.497986 0.221415 
11 34041 1.48 4.34783e-05 7.00028 0.149849 -0.000861092 0.100033 0.49849 0.222914 
11 34271 1.49 4.34783e-05 7.00028 0.149901 -0.000550458 0.100033 0.499011 0.224413 
11 34501 1.5 4.34783e-05 7.00028 0.149914 -0.000165029 0.100033 0.499139 0.225911 
11 34731 1.51 4.34783e-05 7.00028 0.149635 -0.000739819 0.100036 0.496354 0.227409 
11 34961 1.52 4.34783e-05 7.00028 0.149751 -0.000420706 0.100034 0.497509 0.228907 
11 35191 1.53 4.34783e-05 7.00028 0.149822 -0.000737515 0.100033 0.498221 0.230404 
11 35421 1.54 4.34783e-05 7.00028 0.149704 -0.00068119 0.100034 0.497043 0.231903 
11 35651 1.55 4.34783e-05 7.00028 0.149632 -0.000367022 0.100034 0.496318 0.233399 
11 35881 1.56 4.34783e-05 7.00028 0.149562 -0.000841553 0.100035 0.495622 0.234896 
11 36111 1.57 4.34783e-05 7.00028 0.149706 -0.000483945 0.10003 0.497058 0.236393 
11 36341 1.58 4.34783e-05 7.00028 0.149878 -0.00027603 0.100032 0.498778 0.237889 
11 36571 1.59 4.34783e-05 7.00028 0.149551 -0.000719079 0.100028 0.495508 0.239387 
11 36801 1.6 4.34783e-05 7.00028 0.149579 -0.000476439 0.100033 0.495794 0.240883 
11 37031 1.61 4.34783e-05 7.00028 0.149588 -0.000883574 0.100032 0.495876 0.242379 
11 37261 1.62 4.34783e-05 7.00028 0.149606 -0.000555991 0.100031 0.496062 0.243876 
11 37491 1.63 4.34783e-05 7.00028 0.149641 -0.000212851 0.100031 0.496409 0.245371 
11 37721 1.64 4.34783e-05 7.00028 0.149357 -0.000809226 0.100033 0.493573 0.246867 
11 37951 1.65 4.34783e-05 7.00028 0.149548 -0.000511516 0.100033 0.495478 0.248362 
11 38181 1.66 4.34783e-05 7.00028 0.149689 -0.000825982 0.100034 0.496895 0.249858 
11 38411 1.67 4.34783e-05 7.00028 0.149441 -0.000738314 0.10003 0.494407 0.251354 
11 38641 1.68 4.34783e-05 7.00028 0.149482 -0.000449388 0.100033 0.494816 0.252848 
11 38871 1.69 4.34783e-05 7.00028 0.149417 -0.000977689 0.100034 0.494171 0.254344 
11 39101 1.7 4.34783e-05 7.00028 0.149583 -0.000661582 0.100031 0.495827 0.255839 
11 39331 1.71 4.34783e-05 7.00028 0.14984 -0.000535314 0.100036 0.498398 0.257335 
11 39561 1.72 4.34783e-05 7.00028 0.149399 -0.000917793 0.100029 0.49399 0.258831 
11 39791 1.73 4.34783e-05 7.00028 0.149523 -0.000599551 0.100027 0.49523 0.260326 
11 40021 1.74 4.34783e-05 7.00028 0.149594 -0.001088 0.100036 0.495936 0.261822 
11 40251 1.75 4.34783e-05 7.00028 0.149522 -0.000761088 0.100035 0.495216 0.263318 
11 40481 1.76 4.34783e-05 7.00028 0.149638 -0.000482604 0.100031 0.496378 0.264813 
11 40711 1.77 4.34783e-05 7.00028 0.149352 -0.000928936 0.100029 0.493524 0.266309 
11 40941 1.78 4.34783e-05 7.00028 0.149525 -0.000520942 0.100031 0.495255 0.267804 
11 41171 1.79 4.34783e-05 7.00028 0.149649 -0.000818505 0.10003 0.496488 0.269299 
11 41401 1.8 4.34783e-05 7.00028 0.149268 -0.000707578 0.100027 0.49268 0.270794 
11 41631 1.81 4.34783e-05 7.00028 0.149423 -0.00044776 0.100031 0.494234 0.272288 
11 41861 1.82 4.34783e-05 7.00028 0.14937 -0.000908802 0.100032 0.493696 0.273783 
11 42091 1.83 4.34783e-05 7.00028 0.149478 -0.000570596 0.100031 0.494785 0.275278 
11 42321 1.84 4.34783e-05 7.00028 0.149801 -0.000433119 0.100033 0.498013 0.276772 
11 42551 1.85 4.34783e-05 7.00028 0.149233 -0.00080351 0.100023 0.492327 0.278267 
11 42781 1.86 4.34783e-05 7.00028 0.149447 -0.000434608 0.100029 0.494466 0.279761 
11 43011 1.87 4.34783e-05 7.00028 0.149521 -0.000906105 0.100032 0.495207 0.281256 
11 43241 1.88 4.34783e-05 7.00028 0.149339 -0.000693649 0.100031 0.493393 0.282751 
11 43471 1.89 4.34783e-05 7.00028 0.14952 -0.000418382 0.100031 0.495204 0.284245 
11 43701 1.9 4.34783e-05 7.00028 0.149277 -0.000919326 0.10003 0.492772 0.28574 
11 43931 1.91 4.34783e-05 7.00028 0.149487 -0.000649283 0.100032 0.494868 0.287234 
11 44161 1.92 4.34783e-05 7.00028 0.149707 -0.000987554 0.10003 0.497073 0.288729 
11 44391 1.93 4.34783e-05 7.00028 0.149236 -0.000899471 0.10003 0.492355 0.290225 
11 44621 1.94 4.34783e-05 7.00028 0.149446 -0.000627568 0.100032 0.49446 0.291718 
11 44851 1.95 4.34783e-05 7.00028 0.149402 -0.00110225 0.100034 0.494017 0.293214 
11 45081 1.96 4.34783e-05 7.00028 0.149379 -0.000760799 0.100033 0.493786 0.294708 
11 45311 1.97 4.34783e-05 7.00028 0.149791 -0.000620239 0.100035 0.497907 0.296202 
11 45541 1.98 4.34783e-05 7.00028 0.149188 -0.000939373 0.100028 0.491877 0.297697 
11 45771 1.99 4.34783e-05 7.00028 0.149439 -0.000604522 0.10003 0.494388 0.29919 
11 46001 2 4.34783e-05 7.00028 0.149545 -0.00112349 0.100033 0.495453 0.300685 
11 46231 2.01 4.34783e-05 7.00028 0.149213 -0.000853207 0.100034 0.49213 0.30218 
11 46461 2.02 4.34783e-05 7.00028 0.149462 -0.000579897 0.100033 0.494623 0.303672 
11 46691 2.03 4.34783e-05 7.00028 0.149195 -0.000993885 0.100028 0.491954 0.305167 
11 46921 2.04 4.34783e-05 7.00028 0.149326 -0.000646235 0.100032 0.493257 0.30666 
11 47151 2.05 4.34783e-05 7.00028 0.14962 -0.000974548 0.100032 0.496202 0.308154 
11 47381 2.06 4.34783e-05 7.00028 0.149108 -0.000950089 0.100029 0.491083 0.309648 
11 47611 2.07 4.34783e-05 7.00028 0.149369 -0.000596713 0.100033 0.493688 0.31114 
11 47841 2.08 4.34783e-05 7.00028 0.149345 -0.00109963 0.100029 0.49345 0.312635 
11 48071 2.09 4.34783e-05 7.00028 0.149175 -0.000797329 0.100027 0.491746 0.314128 
11 48301 2.1 4.34783e-05 7.00028 0.149627 -0.000740151 0.100026 0.496269 0.31562 
11 48531 2.11 4.34783e-05 7.00028 0.149051 -0.000973557 0.100025 0.490507 0.317114 
11 48761 2.12 4.34783e-05 7.00028 0.149263 -0.000564583 0.10003 0.492631 0.318606 
11 48991 2.13 4.34783e-05 7.00028 0.149443 -0.00109282 0.100028 0.494428 0.3201 
11 49221 2.14 4.34783e-05 7.00028 0.149009 -0.000873795 0.100029 0.490093 0.321592 
11 49451 2.15 4.34783e-05 7.00028 0.149347 -0.000672205 0.100033 0.493468 0.323084 
11 49681 2.16 4.34783e-05 7.00028 0.149099 -0.00109248 0.100027 0.490994 0.324577 
11 49911 2.17 4.34783e-05 7.00028 0.149149 -0.000798564 0.100035 0.491491 0.326069 
11 50141 2.18 4.34783e-05 7.00028 0.149593 -0.00103606 0.100033 0.495931 0.327562 
11 50371 2.19 4.34783e-05 7.00028 0.14896 -0.000987339 0.10003 0.4896 0.329055 
11 50601 2.2 4.34783e-05 7.00028 0.149222 -0.000643724 0.100027 0.492222 0.330545 
11 50831 2.21 4.34783e-05 7.00028 0.14925 -0.00115083 0.100029 0.492497 0.332039 
11 51061 2.22 4.34783e-05 7.00028 0.149057 -0.000948031 0.100028 0.490567 0.333531 
11 51291 2.23 4.34783e-05 7.00028 0.149554 -0.000903473 0.100028 0.495544 0.335023 
11 51521 2.24 4.34783e-05 7.00028 0.149063 -0.00108586 0.100029 0.490626 0.336517 
11 51751 2.25 4.34783e-05 7.00028 0.149218 -0.000727223 0.100031 0.492178 0.338008 
11 51981 2.26 4.34783e-05 7.00028 0.149527 -0.00113491 0.100028 0.49527 0.339502 
11 52211 2.27 4.34783e-05 7.00028 0.148956 -0.000875538 0.100027 0.489559 0.340995 
11 52441 2.28 4.34783e-05 7.00028 0.149302 -0.000634696 0.100032 0.493017 0.342485 
11 52671 2.29 4.34783e-05 7.00028 0.149099 -0.00105417 0.100025 0.490988 0.343979 
11 52901 2.3 4.34783e-05 7.00028 0.14906 -0.000790512 0.10003 0.490604 0.34547 
11 53131 2.31 4.34783e-05 7.00028 0.149626 -0.00100089 0.10003 0.496257 0.346963 
11 53361 2.32 4.34783e-05 7.00028 0.148948 -0.000939093 0.10003 0.489476 0.348456 
11 53591 2.33 4.34783e-05 7.00028 0.149188 -0.000570007 0.100028 0.491883 0.349946 
11 53821 2.34 4.34783e-05 7.00028 0.149279 -0.000963483 0.10003 0.492791 0.35144 
11 54051 2.35 4.34783e-05 7.00028 0.148893 -0.000772396 0.100029 0.48893 0.352931 
11 54281 2.36 4.34783e-05 7.00028 0.1494 -0.000661053 0.100031 0.494002 0.354421 
11 54511 2.37 4.34783e-05 7.00028 0.148937 -0.000862188 0.100029 0.489365 0.355913 
11 54741 2.38 4.34783e-05 7.00028 0.148956 -0.000611175 0.100027 0.489563 0.357403 
11 54971 2.39 4.34783e-05 7.00028 0.14943 -0.000893395 0.100031 0.494305 0.358895 
11 55201 2.4 4.34783e-05 7.00028 0.148826 -0.000709289 0.100029 0.488265 0.360386 
11 55431 2.41 4.34783e-05 7.00028 0.149098 -0.000428394 0.100028 0.490981 0.361875 
11 55661 2.42 4.34783e-05 7.00028 0.149018 -0.000865147 0.100026 0.490176 0.363368 
11 55891 2.43 4.34783e-05 7.00028 0.148854 -0.000694063 0.10003 0.488539 0.364858 
11 56121 2.44 4.34783e-05 7.00028 0.149426 -0.000741575 0.100029 0.494262 0.366348 
11 56351 2.45 4.34783e-05 7.00028 0.148797 -0.000675258 0.100029 0.487968 0.36784 
11 56581 2.46 4.34783e-05 7.00028 0.148924 -0.000430367 0.100032 0.489237 0.369328 
11 56811 2.47 4.34783e-05 7.00028 0.14921 -0.000777858 0.10003 0.4921 0.37082 
11 57041 2.48 4.34783e-05 7.00028 0.148725 -0.000608053 0.10003 0.487252 0.37231 
11 57271 2.49 4.34783e-05 7.00028 0.149137 -0.000511718 0.100029 0.49137 0.373798 
11 57501 2.5 4.34783e-05 7.00028 0.148776 -0.000743401 0.100028 0.487756 0.375288 
11 57731 2.51 4.34783e-05 7.00028 0.148719 -0.000572375 0.100027 0.487195 0.376777 
11 57961 2.52 4.34783e-05 7.00028 0.149318 -0.000776 0.10003 0.49318 0.378266 
11 58191 2.53 4.34783e-05 7.00028 0.148674 -0.000650375 0.100028 0.486739 0.379756 
11 58421 2.54 4.34783e-05 7.00028 0.148972 -0.000400561 0.100031 0.489721 0.381244 
11 58651 2.55 4.34783e-05 7.00028 0.14907 -0.000721809 0.100027 0.490699 0.382736 
11 58881 2.56 4.34783e-05 7.00028 0.148754 -0.000559265 0.100029 0.487538 0.384225 
11 59111 2.57 4.34783e-05 7.00028 0.149291 -0.000558875 0.100032 0.492906 0.385714 
11 59341 2.58 4.34783e-05 7.00028 0.148743 -0.000626632 0.100028 0.487429 0.387205 
11 59571 2.59 4.34783e-05 7.00028 0.148764 -0.00046047 0.100009 0.487638 0.388693 
11 59801 2.6 4.34783e-05 7.00028 0.149273 -0.000665012 0.100032 0.49273 0.390183 
11 60031 2.61 4.34783e-05 7.00028 0.148714 -0.000578334 0.100028 0.487145 0.391673 
11 60261 2.62 4.34783e-05 7.00028 0.149071 -0.000397449 0.100031 0.49071 0.393161 
11 60491 2.63 4.34783e-05 7.00028 0.148941 -0.000654426 0.10003 0.48941 0.394653 
11 60721 2.64 4.34783e-05 7.00028 0.148781 -0.000507223 0.100028 0.487808 0.396142 
11 60951 2.65 4.34783e-05 7.00028 0.149397 -0.000552813 0.100032 0.49397 0.397632 
11 61181 2.66 4.34783e-05 7.00028 0.148724 -0.000513643 0.100027 0.487244 0.399122 
11 61411 2.67 4.34783e-05 7.00028 0.148873 -0.000353443 0.100035 0.488734 0.40061 
11 61641 2.68 4.34783e-05 7.00028 0.149152 -0.000531334 0.100022 0.491523 0.402102 
11 61871 2.69 4.34783e-05 7.00028 0.148685 -0.000426194 0.100026 0.486846 0.403591 
11 62101 2.7 4.34783e-05 7.00028 0.149151 -0.000365102 0.100033 0.491514 0.405079 
11 62331 2.71 4.34783e-05 7.00028 0.148776 -0.000448337 0.100028 0.487758 0.40657 
11 62561 2.72 4.34783e-05 7.00028 0.148691 -0.000361102 0.100017 0.486908 0.408058 
11 62791 2.73 4.34783e-05 7.00028 0.14932 -0.000447094 0.100032 0.493197 0.409548 
11 63021 2.74 4.34783e-05 7.00028 0.148622 -0.000417738 0.100029 0.486218 0.411037 
11 63251 2.75 4.34783e-05 7.00028 0.148907 -0.00027622 0.100032 0.489072 0.412524 
11 63481 2.76 4.34783e-05 7.00028 0.148968 -0.000407913 0.100026 0.489681 0.414015 
11 63711 2.77 4.34783e-05 7.00028 0.14869 -0.000317447 0.100026 0.486899 0.415504 
11 63941 2.78 4.34783e-05 7.00028 0.149232 -0.000343887 0.100026 0.492321 0.416992 
11 64171 2.79 4.34783e-05 7.00028 0.148723 -0.000339315 0.10003 0.487225 0.418482 
11 64401 2.8 4.34783e-05 7.00028 0.148782 -0.000261167 0.100009 0.487822 0.41997 
11 64631 2.81 4.34783e-05 7.00028 0.149257 -0.000341314 0.10003 0.492567 0.421461 
11 64861 2.82 4.34783e-05 7.00028 0.148721 -0.000292782 0.100028 0.487205 0.422951 
11 65091 2.83 4.34783e-05 7.00028 0.149113 -0.000197964 0.100031 0.491129 0.424439 
11 65321 2.84 4.34783e-05 7.00028 0.148948 -0.000291494 0.100027 0.489479 0.425931 
11 65551 2.85 4.34783e-05 7.00028 0.148809 -0.000235828 0.100026 0.488093 0.42742 
11 65781 2.86 4.34783e-05 7.00028 0.14944 -0.000166717 0.100028 0.4944 0.42891 
11 66011 2.87 4.34783e-05 7.00028 0.148804 -0.000113842 0.100023 0.488038 0.430402 
11 66241 2.88 4.34783e-05 7.00028 0.148984 -4.8032e-05 0.100022 0.489838 0.431891 
11 66471 2.89 4.34783e-05 7.00028 0.149245 -9.73535e-05 0.100023 0.492452 0.433383 
11 66701 2.9 4.34783e-05 7.00028 0.148859 -4.81658e-05 0.100026 0.488593 0.434874 
11 66931 2.91 4.34783e-05 7.00028 0.149298 -4.3041e-05 0.100029 0.492978 0.436363 
11 67161 2.92 4.34783e-05 7.00028 0.148925 -5.89242e-05 0.100026 0.489245 0.437856 
11 67391 2.93 4.34783e-05 7.00028 0.148888 -3.0602e-05 0.100009 0.488877 0.439345 
11 67621 2.94 4.34783e-05 7.00028 0.149454 -7.97198e-05 0.100026 0.494541 0.440837 
11 67851 2.95 4.34783e-05 7.00028 0.148837 -5.24343e-05 0.100026 0.488375 0.442328 
11 68081 2.96 4.34783e-05 7.00028 0.149127 6.8799e-06 0.100031 0.491273 0.443817 
11 68311 2.97 4.34783e-05 7.00028 0.14912 -6.09955e-05 0.100026 0.491196 0.44531 
11 68541 2.98 4.34783e-05 7.00028 0.148863 -4.49342e-05 0.100025 0.48863 0.446801 
11 68771 2.99 4.34783e-05 7.00028 0.149453 -5.43628e-05 0.100028 0.494533 0.448291 
11 69001 3 4.34783e-05 7.00028 0.148865 -5.09608e-05 0.100025 0.48865 0.449783 
11 69231 3.01 4.34783e-05 7.00028 0.148933 -7.12625e-06 0.100009 0.489331 0.451272 
11 69461 3.02 4.34783e-05 7.00028 0.149352 -5.08838e-05 0.100026 0.493521 0.452765 
11 69691 3.03 4.34783e-05 7.00028 0.148842 -3.15591e-05 0.100028 0.488421 0.454256 
11 69921 3.04 4.34783e-05 7.00028 0.149237 -5.5498e-06 0.100031 0.492367 0.455745 
11 70151 3.05 4.34783e-05 7.00028 0.149001 -5.28852e-05 0.100024 0.490011 0.457237 
11 70381 3.06 4.34783e-05 7.00028 0.148892 -3.55913e-05 0.100024 0.488916 0.458727 
11 70611 3.07 4.34783e-05 7.00028 0.149495 -4.77666e-05 0.100027 0.494948 0.460218 
11 70841 3.08 4.34783e-05 7.00028 0.148826 -4.10337e-05 0.100023 0.488255 0.46171 
11 71071 3.09 4.34783e-05 7.00028 0.149023 -2.69692e-06 0.100034 0.490227 0.463199 
11 71301 3.1 4.34783e-05 7.00028 0.149214 -5.04566e-05 0.100023 0.492138 0.464692 
11 71531 3.11 4.34783e-05 7.00028 0.148861 -1.94643e-05 0.100024 0.488609 0.466182 
11 71761 3.12 4.34783e-05 7.00028 0.149336 -2.17028e-05 0.100028 0.493363 0.467672 
11 71991 3.13 4.34783e-05 7.00028 0.148899 -3.8777e-05 0.100027 0.488986 0.469164 
11 72221 3.14 4.34783e-05 7.00028 0.148893 -2.0593e-05 0.100009 0.488928 0.470654 
11 72451 3.15 4.34783e-05 7.00028 0.14943 -5.24303e-05 0.100026 0.4943 0.472146 
11 72681 3.16 4.34783e-05 7.00028 0.148841 -4.20221e-05 0.100027 0.488411 0.473637 
11 72911 3.17 4.34783e-05 7.00028 0.149167 8.21992e-06 0.100032 0.491669 0.475126 
11 73141 3.18 4.34783e-05 7.00028 0.149076 -4.15511e-05 0.100025 0.49076 0.476619 
11 73371 3.19 4.34783e-05 7.00028 0.148867 -3.60932e-05 0.10003 0.488668 0.478109 
11 73601 3.2 4.34783e-05 7.00028 0.149476 -5.15574e-05 0.100028 0.49476 0.479599 
11 73831 3.21 4.34783e-05 7.00028 0.14884 -3.55329e-05 0.100021 0.488403 0.481091 
11 74061 3.22 4.34783e-05 7.00028 0.148946 -3.24321e-06 0.100008 0.489461 0.48258 
11 74291 3.23 4.34783e-05 7.00028 0.149317 -3.75486e-05 0.100025 0.493168 0.484073 
11 74521 3.24 4.34783e-05 7.00028 0.148844 -2.29566e-05 0.10003 0.488437 0.485564 
11 74751 3.25 4.34783e-05 7.00028 0.14924 -6.54115e-06 0.100024 0.492397 0.487053 
11 74981 3.26 4.34783e-05 7.00028 0.148974 -4.35476e-05 0.100027 0.489743 0.488545 
11 75211 3.27 4.34783e-05 7.00028 0.148882 -2.83481e-05 0.100004 0.48882 0.490035 
11 75441 3.28 4.34783e-05 7.00028 0.149487 -3.90525e-05 0.100029 0.494867 0.491526 
11 75671 3.29 4.34783e-05 7.00028 0.148829 -3.37512e-05 0.100028 0.488294 0.493018 
11 75901 3.3 4.34783e-05 7.00028 0.149058 -2.80852e-06 0.10003 0.490579 0.494507 
11 76131 3.31 4.34783e-05 7.00028 0.149179 -3.7623e-05 0.100027 0.491792 0.496 
11 76361 3.32 4.34783e-05 7.00028 0.148869 -6.4553e-06 0.100031 0.488688 0.49749 
11 76591 3.33 4.34783e-05 7.00028 0.149382 -1.00787e-05 0.100032 0.493823 0.49898 
11 76821 3.34 4.34783e-05 7.00028 0.148883 -2.40886e-05 0.100026 0.48883 0.500472 
11 77051 3.35 4.34783e-05 7.00028 0.14891 -9.78847e-06 0.10001 0.489095 0.501962 
11 77281 3.36 4.34783e-05 7.00028 0.149398 -3.96624e-05 0.100031 0.493979 0.503454 
11 77511 3.37 4.34783e-05 7.00028 0.148848 -3.44501e-05 0.100027 0.488479 0.504945 
11 77741 3.38 4.34783e-05 7.00028 0.149202 4.99131e-06 0.100027 0.492019 0.506434 
11 77971 3.39 4.34783e-05 7.00028 0.149038 -3.13936e-05 0.100024 0.490383 0.507927 
11 78201 3.4 4.34783e-05 7.00028 0.148867 -3.12193e-05 0.100027 0.488674 0.509417 
11 78431 3.41 4.34783e-05 7.00028 0.149498 -4.39945e-05 0.100028 0.494982 0.510907 
11 78661 3.42 4.34783e-05 7.00028 0.148834 -2.48254e-05 0.10002 0.488344 0.512399 
11 78891 3.43 4.34783e-05 7.00028 0.148965 -1.57051e-06 0.100008 0.489655 0.513889 
11 79121 3.44 4.34783e-05 7.00028 0.149275 -2.74472e-05 0.100023 0.492754 0.515381 
11 79351 3.45 4.34783e-05 7.00028 0.148845 -1.87188e-05 0.100031 0.488447 0.516872 
11 79581 3.46 4.34783e-05 7.00028 0.149259 -3.05853e-05 0.100027 0.49259 0.518361 
11 79811 3.47 4.34783e-05 7.00028 0.148942 -4.02773e-05 0.100026 0.489419 0.519853 
11 80041 3.48 4.34783e-05 7.00028 0.14889 -2.52695e-05 0.10001 0.488895 0.521343 
11 80271 3.49 4.34783e-05 7.00028 0.149463 -3.07383e-05 0.100027 0.494627 0.522835 
11 80501 3.5 4.34783e-05 7.00028 0.148822 -2.88973e-05 0.100026 0.48822 0.524326 
11 80731 3.51 4.34783e-05 7.00028 0.149086 -7.26484e-06 0.100032 0.49086 0.525815 
11 80961 3.52 4.34783e-05 7.00028 0.149137 -3.21513e-05 0.100025 0.491369 0.527308 
11 81191 3.53 4.34783e-05 7.00028 0.148863 -9.6446e-06 0.100027 0.488634 0.528798 
11 81421 3.54 4.34783e-05 7.00028 0.149419 -9.55447e-06 0.10003 0.494187 0.530288 
11 81651 3.55 4.34783e-05 7.00028 0.148858 -2.41628e-05 0.100024 0.488584 0.53178 
11 81881 3.56 4.34783e-05 7.00028 0.148915 -1.39424e-05 0.100008 0.489153 0.533269 
11 82111 3.57 4.34783e-05 7.00028 0.149368 -3.14128e-05 0.100027 0.493685 0.534762 
11 82341 3.58 4.34783e-05 7.00028 0.148852 -3.32961e-05 0.100028 0.488516 0.536253 
11 82571 3.59 4.34783e-05 7.00028 0.149231 -2.06118e-06 0.100026 0.49231 0.537742 
11 82801 3.6 4.34783e-05 7.00028 0.149004 -2.68088e-05 0.100024 0.490039 0.539234 
11 83031 3.61 4.34783e-05 7.00028 0.148869 -2.8031e-05 0.100024 0.488689 0.540725 
11 83261 3.62 4.34783e-05 7.00028 0.149506 -3.77032e-05 0.100027 0.495058 0.542215 
11 83491 3.63 4.34783e-05 7.00028 0.148829 -1.91334e-05 0.100024 0.488287 0.543707 
11 83721 3.64 4.34783e-05 7.00028 0.148999 4.35544e-06 0.100018 0.489989 0.545196 
11 83951 3.65 4.34783e-05 7.00028 0.149239 -1.70513e-05 0.100025 0.492387 0.546689 
11 84181 3.66 4.34783e-05 7.00028 0.148841 -1.26024e-05 0.100028 0.488415 0.548179 
11 84411 3.67 4.34783e-05 7.00028 0.149307 -2.27927e-05 0.10003 0.49307 0.549669 
11 84641 3.68 4.34783e-05 7.00028 0.148916 -3.07164e-05 0.100028 0.489161 0.551161 
11 84871 3.69 4.34783e-05 7.00028 0.148901 -2.0407e-05 0.10001 0.489012 0.552651 
11 85101 3.7 4.34783e-05 7.00028 0.149433 -2.20642e-05 0.100028 0.494331 0.554142 
11 85331 3.71 4.34783e-05 7.00028 0.148827 -2.76615e-05 0.100027 0.488265 0.555634 
11 85561 3.72 4.34783e-05 7.00028 0.149122 -5.23173e-06 0.100029 0.491221 0.557122 
11 85791 3.73 4.34783e-05 7.00028 0.149099 -2.79793e-05 0.100029 0.490986 0.558615 
11 86021 3.74 4.34783e-05 7.00028 0.148868 -4.43992e-06 0.100029 0.488684 0.560106 
11 86251 3.75 4.34783e-05 7.00028 0.149456 -9.60424e-06 0.100028 0.494561 0.561595 
11 86481 3.76 4.34783e-05 7.00028 0.148846 -1.8342e-05 0.100024 0.488458 0.563088 
11 86711 3.77 4.34783e-05 7.00028 0.148932 -9.37789e-06 0.100009 0.489321 0.564577 
11 86941 3.78 4.34783e-05 7.00028 0.149331 -2.5549e-05 0.100025 0.493309 0.566069 
11 87171 3.79 4.34783e-05 7.00028 0.148855 -2.95473e-05 0.100027 0.488554 0.56756 
