10 0 0 1.94796e-05 7.00442 0.136497 0 0.100003 0.364973 -1.90826e-06 
10 258 0.01 3.88717e-05 7.00442 0.139708 5.26975e-06 0.100045 0.397076 0.00138381 
10 515 0.02 3.89105e-05 7.00442 0.140516 -9.68539e-07 0.100061 0.405165 0.00278651 
10 772 0.03 3.89105e-05 7.00442 0.140515 1.06919e-06 0.100052 0.405148 0.00419256 
10 1029 0.04 3.89105e-05 7.00442 0.140516 -4.65642e-07 0.100052 0.405157 0.00559816 
10 1286 0.05 3.89105e-05 7.00442 0.140568 -2.74479e-06 0.100057 0.40568 0.00700221 
10 1543 0.06 3.89105e-05 7.00442 0.14108 1.09269e-07 0.100058 0.410797 0.00840899 
10 1800 0.07 3.89105e-05 7.00442 0.141643 -2.69284e-06 0.100057 0.416434 0.0098232 
10 2057 0.08 3.89105e-05 7.00442 0.141669 -4.91844e-06 0.100056 0.416686 0.0112417 
10 2314 0.09 3.89105e-05 7.00442 0.141102 -7.57153e-06 0.100056 0.411018 0.0126562 
10 2571 0.1 3.89105e-05 7.00442 0.140771 -1.62266e-06 0.100059 0.407707 0.014065 
10 2828 0.11 3.89105e-05 7.00442 0.140966 4.82642e-06 0.10006 0.409662 0.0154716 
10 3085 0.12 3.89105e-05 7.00442 0.141559 1.84862e-07 0.10006 0.415588 0.016884 
10 3342 0.13 3.89105e-05 7.00442 0.141917 -1.39469e-06 0.100059 0.41917 0.0183022 
10 3599 0.14 3.89105e-05 7.00442 0.141459 -2.81673e-06 0.100057 0.414591 0.0197206 
10 3856 0.15 3.89105e-05 7.00442 0.140995 -2.94713e-06 0.10006 0.409947 0.0211331 
10 4113 0.16 3.89105e-05 7.00442 0.140856 -2.66065e-06 0.100062 0.408557 0.0225409 
10 4370 0.17 3.89105e-05 7.00442 0.141314 -3.77597e-06 0.100062 0.413139 0.0239501 
10 4627 0.18 3.89105e-05 7.00442 0.141818 -3.83223e-06 0.100061 0.418182 0.0253664 
10 4884 0.19 3.89105e-05 7.00442 0.141843 -2.67314e-06 0.100063 0.418433 0.0267865 
10 5141 0.2 3.89105e-05 7.00442 0.141249 -2.75099e-06 0.100061 0.412487 0.0282026 
10 5398 0.21 3.89105e-05 7.00442 0.14089 -2.01202e-06 0.100065 0.408901 0.0296128 
10 5655 0.22 3.89105e-05 7.00442 0.141039 -4.33663e-06 0.100065 0.410385 0.0310204 
10 5912 0.23 3.89105e-05 7.00442 0.14161 -4.23907e-06 0.100065 0.4161 0.0324332 
10 6169 0.24 3.89105e-05 7.00442 0.141981 -3.58604e-06 0.100064 0.419807 0.033852 
10 6426 0.25 3.89105e-05 7.00442 0.141546 -1.70625e-06 0.100062 0.415457 0.0352714 
10 6683 0.26 3.89105e-05 7.00442 0.141022 -2.35611e-06 0.100064 0.410225 0.0366845 
10 6940 0.27 3.89105e-05 7.00442 0.140851 -1.23526e-06 0.100066 0.408515 0.0380924 
10 7197 0.28 3.89105e-05 7.00442 0.141294 9.22112e-07 0.100066 0.412938 0.0395014 
10 7454 0.29 3.89105e-05 7.00442 0.141841 3.54452e-07 0.100066 0.418411 0.0409176 
10 7711 0.3 3.89105e-05 7.00442 0.141937 1.26813e-07 0.100065 0.419374 0.0423382 
10 7968 0.31 3.89105e-05 7.00442 0.14132 -1.52958e-06 0.100063 0.4132 0.0437551 
10 8225 0.32 3.89105e-05 7.00442 0.140935 4.41619e-06 0.100067 0.409352 0.0451661 
10 8482 0.33 3.89105e-05 7.00442 0.141059 8.24054e-06 0.100067 0.410593 0.046574 
10 8739 0.34 3.89105e-05 7.00442 0.141648 7.83709e-06 0.100067 0.416479 0.0479869 
10 8996 0.35 3.89105e-05 7.00442 0.142031 5.82892e-06 0.100066 0.420314 0.0494061 
10 9253 0.36 3.89105e-05 7.00442 0.141659 2.49896e-06 0.100063 0.416589 0.0508264 
10 9510 0.37 3.89105e-05 7.00442 0.14116 5.31838e-07 0.100066 0.411604 0.0522408 
10 9767 0.38 3.89105e-05 7.00442 0.141006 -1.98536e-06 0.100068 0.410062 0.0536503 
10 10024 0.39 3.89105e-05 7.00442 0.141433 -9.81129e-06 0.100068 0.414331 0.0550608 
10 10281 0.4 3.89105e-05 7.00442 0.141974 -1.01057e-05 0.100067 0.419738 0.0564783 
10 10538 0.41 3.89105e-05 7.00442 0.142102 -9.64012e-06 0.100067 0.421017 0.0579003 
10 10795 0.42 3.89105e-05 7.00442 0.141454 -6.01433e-06 0.100064 0.414543 0.0593187 
10 11052 0.43 3.89105e-05 7.00442 0.141035 -3.84981e-06 0.100068 0.410355 0.0607309 
10 11309 0.44 3.89105e-05 7.00442 0.141097 -3.85774e-06 0.100069 0.410966 0.0621396 
10 11566 0.45 3.89105e-05 7.00442 0.141656 -3.47947e-06 0.100068 0.416565 0.0635526 
10 11823 0.46 3.89105e-05 7.00442 0.142029 -1.7593e-06 0.100067 0.420287 0.0649719 
10 12080 0.47 3.89105e-05 7.00442 0.141657 -2.05361e-06 0.100065 0.416565 0.0663922 
10 12337 0.48 3.89105e-05 7.00442 0.141109 -8.90444e-07 0.100066 0.411089 0.0678064 
10 12594 0.49 3.89105e-05 7.00442 0.140885 -2.03626e-06 0.100069 0.408849 0.0692152 
10 12851 0.5 3.89105e-05 7.00442 0.141282 -1.08445e-06 0.100069 0.412817 0.0706242 
10 13108 0.51 3.89105e-05 7.00442 0.141844 -2.64106e-06 0.100068 0.418436 0.0720403 
10 13365 0.52 3.89105e-05 7.00442 0.142048 -5.07358e-06 0.100067 0.420484 0.0734612 
10 13622 0.53 3.89105e-05 7.00442 0.14139 -4.77124e-06 0.100065 0.413896 0.0748776 
10 13879 0.54 3.89105e-05 7.00442 0.140981 -4.82596e-06 0.100068 0.409812 0.0762907 
10 14136 0.55 3.89105e-05 7.00442 0.14104 -3.63879e-06 0.100069 0.410401 0.0776989 
10 14393 0.56 3.89105e-05 7.00442 0.141614 -4.05819e-06 0.100069 0.416139 0.0791113 
10 14650 0.57 3.89105e-05 7.00442 0.142005 4.12307e-06 0.100068 0.420045 0.0805302 
10 14907 0.58 3.89105e-05 7.00442 0.141692 2.59294e-06 0.100065 0.416921 0.0819507 
10 15164 0.59 3.89105e-05 7.00442 0.141178 -5.19698e-08 0.100067 0.411779 0.0833655 
10 15421 0.6 3.89105e-05 7.00442 0.140949 5.31948e-06 0.100069 0.409495 0.084775 
10 15678 0.61 3.89105e-05 7.00442 0.141302 1.05762e-05 0.100069 0.413018 0.0861844 
10 15935 0.62 3.89105e-05 7.00442 0.14184 1.31571e-05 0.100069 0.418397 0.0876005 
10 16192 0.63 3.89105e-05 7.00442 0.142066 1.33653e-05 0.100068 0.420658 0.0890213 
10 16449 0.64 3.89105e-05 7.00442 0.141417 6.36182e-06 0.100065 0.414172 0.0904394 
10 16706 0.65 3.89105e-05 7.00442 0.141005 5.67578e-06 0.100069 0.410055 0.0918515 
10 16963 0.66 3.89105e-05 7.00442 0.141029 9.12648e-06 0.10007 0.410293 0.0932598 
10 17220 0.67 3.89105e-05 7.00442 0.141579 4.34227e-06 0.10007 0.415794 0.094672 
10 17477 0.68 3.89105e-05 7.00442 0.141986 3.44156e-06 0.100068 0.419864 0.0960906 
10 17734 0.69 3.89105e-05 7.00442 0.141739 1.42292e-06 0.100066 0.417389 0.0975113 
10 17991 0.7 3.89105e-05 7.00442 0.141157 2.69976e-06 0.100067 0.411571 0.0989263 
10 18248 0.71 3.89105e-05 7.00442 0.140893 1.49863e-06 0.10007 0.408933 0.100336 
10 18505 0.72 3.89105e-05 7.00442 0.141232 1.23297e-06 0.10007 0.412317 0.101744 
10 18762 0.73 3.89105e-05 7.00442 0.141811 -1.4402e-06 0.100069 0.418107 0.10316 
10 19019 0.74 3.89105e-05 7.00442 0.142096 -5.13541e-06 0.100068 0.42096 0.104581 
10 19276 0.75 3.89105e-05 7.00442 0.141469 -5.24285e-06 0.100066 0.414687 0.105999 
10 19533 0.76 3.89105e-05 7.00442 0.141025 -3.94284e-06 0.100069 0.410255 0.107412 
10 19790 0.77 3.89105e-05 7.00442 0.14103 -4.94333e-06 0.10007 0.410302 0.10882 
10 20047 0.78 3.89105e-05 7.00442 0.141591 -4.07753e-06 0.10007 0.415909 0.110232 
10 20304 0.79 3.89105e-05 7.00442 0.142018 -4.20361e-06 0.100069 0.420178 0.111651 
10 20561 0.8 3.89105e-05 7.00442 0.141808 -4.29508e-06 0.100067 0.418081 0.113072 
10 20818 0.81 3.89105e-05 7.00442 0.141264 1.12733e-06 0.100067 0.412645 0.114488 
10 21075 0.82 3.89105e-05 7.00442 0.141037 -5.8016e-06 0.10007 0.410371 0.115899 
10 21332 0.83 3.89105e-05 7.00442 0.141362 -1.00944e-05 0.10007 0.413624 0.117309 
10 21589 0.84 3.89105e-05 7.00442 0.141932 -1.22074e-05 0.10007 0.419317 0.118725 
10 21846 0.85 3.89105e-05 7.00442 0.142203 -5.11685e-06 0.100069 0.422035 0.120147 
10 22103 0.86 3.89105e-05 7.00442 0.141568 -7.82239e-07 0.100066 0.415683 0.121567 
10 22360 0.87 3.89105e-05 7.00442 0.141104 6.0892e-06 0.10007 0.411045 0.122981 
10 22617 0.88 3.89105e-05 7.00442 0.14106 6.79921e-06 0.100071 0.410604 0.12439 
10 22874 0.89 3.89105e-05 7.00442 0.141582 4.94839e-06 0.100071 0.415823 0.125802 
10 23131 0.9 3.89105e-05 7.00442 0.142 2.85967e-06 0.100069 0.420002 0.12722 
10 23388 0.91 3.89105e-05 7.00442 0.141799 -2.44988e-06 0.100067 0.417986 0.128642 
10 23645 0.92 3.89105e-05 7.00442 0.141212 -1.3939e-06 0.100067 0.412121 0.130057 
10 23902 0.93 3.89105e-05 7.00442 0.140917 -3.83274e-06 0.10007 0.409166 0.131467 
10 24159 0.94 3.89105e-05 7.00442 0.141206 -4.81944e-06 0.100071 0.412056 0.132876 
10 24416 0.95 3.89105e-05 7.00442 0.141801 -4.33113e-06 0.10007 0.418007 0.134291 
10 24673 0.96 3.89105e-05 7.00442 0.142119 -2.0898e-06 0.100069 0.421191 0.135711 
10 24930 0.97 3.89105e-05 7.00442 0.141516 7.2677e-07 0.100066 0.415163 0.137131 
10 25187 0.98 3.89105e-05 7.00442 0.141073 -3.10285e-06 0.100069 0.410729 0.138544 
10 25444 0.99 3.89105e-05 7.00442 0.14101 -4.09674e-06 0.100071 0.410103 0.139952 
10 25701 1 3.89105e-05 7.00442 0.141536 -4.20501e-06 0.100071 0.415361 0.141364 
10 25958 1.01 3.89105e-05 7.00442 0.141975 -3.23846e-06 0.100069 0.419746 0.142782 
10 26215 1.02 3.89105e-05 7.00442 0.141819 -2.53197e-06 0.100067 0.418192 0.144203 
10 26472 1.03 3.89105e-05 7.00442 0.14127 -2.05885e-06 0.100067 0.412698 0.145619 
10 26729 1.04 3.89105e-05 7.00442 0.140984 -7.30236e-06 0.10007 0.409841 0.14703 
10 26986 1.05 3.89105e-05 7.00442 0.141237 -1.6025e-05 0.100071 0.412371 0.148439 
10 27243 1.06 3.89105e-05 7.00442 0.141801 -1.48404e-05 0.10007 0.41801 0.149854 
10 27500 1.07 3.89105e-05 7.00442 0.142104 1.95251e-06 0.100069 0.421038 0.151275 
10 27757 1.08 3.89105e-05 7.00442 0.141526 4.49904e-07 0.100066 0.415259 0.152694 
10 28014 1.09 3.89105e-05 7.00442 0.141066 -3.4653e-07 0.100069 0.410656 0.154107 
10 28271 1.1 3.89105e-05 7.00442 0.140989 -5.34484e-06 0.100071 0.409887 0.155516 
10 28528 1.11 3.89105e-05 7.00442 0.141479 -9.00052e-06 0.100071 0.414791 0.156927 
10 28785 1.12 3.89105e-05 7.00442 0.141943 -1.05462e-05 0.100069 0.419428 0.158345 
10 29042 1.13 3.89105e-05 7.00442 0.141843 -8.76794e-06 0.100068 0.418427 0.159766 
10 29299 1.14 3.89105e-05 7.00442 0.14124 -1.12393e-05 0.100067 0.412398 0.161182 
10 29556 1.15 3.89105e-05 7.00442 0.140904 -8.88762e-06 0.10007 0.409043 0.162592 
10 29813 1.16 3.89105e-05 7.00442 0.141138 -2.64988e-05 0.100071 0.41138 0.164 
10 30070 1.17 3.89105e-05 7.00442 0.141742 -2.95405e-05 0.10007 0.417417 0.165415 
10 30327 1.18 3.89105e-05 7.00442 0.142104 -1.68219e-05 0.100069 0.421039 0.166835 
10 30584 1.19 3.89105e-05 7.00442 0.141574 -8.47473e-06 0.100066 0.415737 0.168255 
10 30841 1.2 3.89105e-05 7.00442 0.14108 -5.28247e-06 0.100069 0.410799 0.169668 
10 31098 1.21 3.89105e-05 7.00442 0.140985 -4.2943e-07 0.100071 0.409847 0.171077 
10 31355 1.22 3.89105e-05 7.00442 0.141479 -9.61601e-06 0.100071 0.414786 0.172488 
10 31612 1.23 3.89105e-05 7.00442 0.141954 -1.28881e-05 0.10007 0.419537 0.173906 
10 31869 1.24 3.89105e-05 7.00442 0.141918 -8.4456e-06 0.100068 0.419183 0.175327 
10 32126 1.25 3.89105e-05 7.00442 0.141337 -2.62005e-06 0.100067 0.413375 0.176744 
10 32383 1.26 3.89105e-05 7.00442 0.141042 2.98882e-06 0.100071 0.410418 0.178155 
10 32640 1.27 3.89105e-05 7.00442 0.141267 -7.75428e-06 0.100071 0.412672 0.179565 
10 32897 1.28 3.89105e-05 7.00442 0.141856 -1.53331e-05 0.100071 0.418556 0.18098 
10 33154 1.29 3.89105e-05 7.00442 0.142206 -5.9112e-06 0.10007 0.422059 0.182402 
10 33411 1.3 3.89105e-05 7.00442 0.141672 -2.3619e-06 0.100067 0.416721 0.183822 
10 33668 1.31 3.89105e-05 7.00442 0.141165 1.5095e-06 0.100069 0.411654 0.185237 
10 33925 1.32 3.89105e-05 7.00442 0.141033 -3.39161e-07 0.100071 0.410329 0.186646 
10 34182 1.33 3.89105e-05 7.00442 0.14149 -5.95728e-06 0.100071 0.414901 0.188058 
10 34439 1.34 3.89105e-05 7.00442 0.141963 -5.72281e-06 0.10007 0.419631 0.189476 
10 34696 1.35 3.89105e-05 7.00442 0.141927 -5.52023e-06 0.100069 0.419268 0.190897 
10 34953 1.36 3.89105e-05 7.00442 0.141313 -1.38565e-06 0.100067 0.413126 0.192314 
10 35210 1.37 3.89105e-05 7.00442 0.140945 -1.22639e-06 0.100071 0.409446 0.193725 
10 35467 1.38 3.89105e-05 7.00442 0.141119 -1.65627e-06 0.100071 0.411192 0.195133 
10 35724 1.39 3.89105e-05 7.00442 0.141727 -3.89379e-06 0.100071 0.41727 0.196547 
10 35981 1.4 3.89105e-05 7.00442 0.142087 -2.08098e-06 0.10007 0.420868 0.197967 
10 36238 1.41 3.89105e-05 7.00442 0.141615 -2.79314e-06 0.100067 0.416155 0.199387 
10 36495 1.42 3.89105e-05 7.00442 0.141129 -1.0487e-06 0.100069 0.411288 0.200801 
10 36752 1.43 3.89105e-05 7.00442 0.140971 -5.53967e-06 0.100071 0.409714 0.20221 
10 37009 1.44 3.89105e-05 7.00442 0.141426 -7.44026e-06 0.100071 0.414256 0.203621 
10 37266 1.45 3.89105e-05 7.00442 0.141916 -4.3289e-06 0.10007 0.419159 0.205038 
10 37523 1.46 3.89105e-05 7.00442 0.141938 -1.09689e-06 0.100069 0.419378 0.206459 
10 37780 1.47 3.89105e-05 7.00442 0.141346 5.00605e-06 0.100067 0.413458 0.207876 
10 38037 1.48 3.89105e-05 7.00442 0.141006 7.78789e-06 0.10007 0.410055 0.209288 
10 38294 1.49 3.89105e-05 7.00442 0.141155 1.4015e-05 0.100071 0.411554 0.210696 
10 38551 1.5 3.89105e-05 7.00442 0.141734 1.57525e-05 0.100071 0.417338 0.21211 
10 38808 1.51 3.89105e-05 7.00442 0.142077 2.09986e-05 0.10007 0.420765 0.21353 
10 39065 1.52 3.89105e-05 7.00442 0.141636 3.36779e-06 0.100067 0.416361 0.214951 
10 39322 1.53 3.89105e-05 7.00442 0.141129 -1.06096e-05 0.100069 0.41129 0.216365 
10 39579 1.54 3.89105e-05 7.00442 0.140962 -1.53492e-05 0.100071 0.409617 0.217774 
10 39836 1.55 3.89105e-05 7.00442 0.141374 -1.47262e-05 0.100071 0.413738 0.219184 
10 40093 1.56 3.89105e-05 7.00442 0.141889 -1.00234e-05 0.10007 0.418886 0.220601 
10 40350 1.57 3.89105e-05 7.00442 0.141977 -7.69243e-06 0.100069 0.419774 0.222022 
10 40607 1.58 3.89105e-05 7.00442 0.141338 3.74926e-07 0.100067 0.413383 0.223439 
10 40864 1.59 3.89105e-05 7.00442 0.140935 -2.90418e-06 0.10007 0.409348 0.22485 
10 41121 1.6 3.89105e-05 7.00442 0.141053 -4.05802e-06 0.100071 0.410526 0.226258 
10 41378 1.61 3.89105e-05 7.00442 0.141657 -1.5923e-06 0.100071 0.416568 0.227671 
10 41635 1.62 3.89105e-05 7.00442 0.142068 -6.14311e-06 0.10007 0.420676 0.229091 
10 41892 1.63 3.89105e-05 7.00442 0.141681 -6.2758e-06 0.100067 0.416806 0.230511 
10 42149 1.64 3.89105e-05 7.00442 0.141159 -5.51097e-06 0.100069 0.411586 0.231926 
10 42406 1.65 3.89105e-05 7.00442 0.140963 -8.19111e-06 0.100071 0.409631 0.233335 
10 42663 1.66 3.89105e-05 7.00442 0.141373 -3.73608e-06 0.100071 0.413735 0.234745 
10 42920 1.67 3.89105e-05 7.00442 0.141884 9.51334e-07 0.10007 0.418845 0.236162 
10 43177 1.68 3.89105e-05 7.00442 0.142038 -1.27425e-06 0.100069 0.420383 0.237583 
10 43434 1.69 3.89105e-05 7.00442 0.141429 -6.71902e-06 0.100067 0.414286 0.239001 
10 43691 1.7 3.89105e-05 7.00442 0.141063 -9.26142e-06 0.10007 0.410626 0.240414 
10 43948 1.71 3.89105e-05 7.00442 0.141182 -1.68195e-05 0.100071 0.411821 0.241823 
10 44205 1.72 3.89105e-05 7.00442 0.141774 -1.39579e-05 0.100071 0.417738 0.243237 
10 44462 1.73 3.89105e-05 7.00442 0.14217 -2.04627e-05 0.10007 0.421704 0.244658 
10 44719 1.74 3.89105e-05 7.00442 0.141785 -1.98709e-05 0.100067 0.417852 0.246079 
10 44976 1.75 3.89105e-05 7.00442 0.141239 -1.13545e-05 0.100069 0.412385 0.247495 
10 45233 1.76 3.89105e-05 7.00442 0.141014 -1.26745e-05 0.100071 0.410143 0.248905 
10 45490 1.77 3.89105e-05 7.00442 0.141383 -1.52801e-05 0.100071 0.413829 0.250315 
10 45747 1.78 3.89105e-05 7.00442 0.1419 -1.06984e-05 0.100071 0.418998 0.251732 
10 46004 1.79 3.89105e-05 7.00442 0.142061 -1.09321e-05 0.10007 0.420614 0.253153 
10 46261 1.8 3.89105e-05 7.00442 0.141413 -6.59269e-06 0.100067 0.414127 0.254571 
10 46518 1.81 3.89105e-05 7.00442 0.140979 -6.43488e-06 0.10007 0.409794 0.255983 
10 46775 1.82 3.89105e-05 7.00442 0.141044 -9.07006e-06 0.100071 0.410435 0.257391 
10 47032 1.83 3.89105e-05 7.00442 0.141638 -6.80863e-06 0.100071 0.41638 0.258804 
10 47289 1.84 3.89105e-05 7.00442 0.142047 -8.26358e-07 0.10007 0.420466 0.260223 
10 47546 1.85 3.89105e-05 7.00442 0.141721 -3.77289e-07 0.100067 0.41721 0.261644 
10 47803 1.86 3.89105e-05 7.00442 0.141201 7.47773e-07 0.100068 0.412009 0.263059 
10 48060 1.87 3.89105e-05 7.00442 0.140955 5.54253e-06 0.100071 0.409548 0.264469 
10 48317 1.88 3.89105e-05 7.00442 0.14132 1.69602e-06 0.100071 0.413196 0.265879 
10 48574 1.89 3.89105e-05 7.00442 0.141851 -2.70299e-07 0.10007 0.418515 0.267295 
10 48831 1.9 3.89105e-05 7.00442 0.142073 -6.57176e-06 0.100069 0.420734 0.268716 
10 49088 1.91 3.89105e-05 7.00442 0.141432 -3.5214e-06 0.100067 0.414322 0.270134 
10 49345 1.92 3.89105e-05 7.00442 0.141039 -7.05158e-06 0.10007 0.410391 0.271546 
10 49602 1.93 3.89105e-05 7.00442 0.141087 -1.64513e-05 0.100071 0.410869 0.272955 
10 49859 1.94 3.89105e-05 7.00442 0.141646 -2.08664e-05 0.100071 0.416459 0.274368 
10 50116 1.95 3.89105e-05 7.00442 0.142046 -2.45027e-05 0.10007 0.420455 0.275787 
10 50373 1.96 3.89105e-05 7.00442 0.141756 -1.82143e-05 0.100067 0.41756 0.277208 
10 50630 1.97 3.89105e-05 7.00442 0.141212 -1.27274e-05 0.100068 0.412121 0.278623 
10 50887 1.98 3.89105e-05 7.00442 0.140964 1.01768e-07 0.100071 0.409636 0.280033 
10 51144 1.99 3.89105e-05 7.00442 0.141285 1.44429e-05 0.100071 0.412854 0.281443 
10 51401 2 3.89105e-05 7.00442 0.141828 2.19412e-05 0.10007 0.418276 0.282859 
10 51658 2.01 3.89105e-05 7.00442 0.142078 1.35207e-05 0.10007 0.420779 0.284279 
10 51915 2.02 3.89105e-05 7.00442 0.141439 1.51495e-07 0.100066 0.414387 0.285698 
10 52172 2.03 3.89105e-05 7.00442 0.140989 -3.39217e-06 0.10007 0.409889 0.28711 
10 52429 2.04 3.89105e-05 7.00442 0.141011 -5.83945e-06 0.100071 0.410113 0.288518 
10 52686 2.05 3.89105e-05 7.00442 0.141588 -4.22331e-06 0.100071 0.415879 0.28993 
10 52943 2.06 3.89105e-05 7.00442 0.142029 -4.54517e-06 0.10007 0.420289 0.291349 
10 53200 2.07 3.89105e-05 7.00442 0.141799 -6.78361e-06 0.100067 0.417995 0.29277 
10 53457 2.08 3.89105e-05 7.00442 0.141234 -1.58294e-05 0.100068 0.412342 0.294186 
10 53714 2.09 3.89105e-05 7.00442 0.140967 -1.78508e-05 0.100071 0.409669 0.295596 
10 53971 2.1 3.89105e-05 7.00442 0.141285 -1.08647e-05 0.100071 0.412845 0.297005 
10 54228 2.11 3.89105e-05 7.00442 0.141835 -1.31384e-06 0.10007 0.41835 0.298421 
10 54485 2.12 3.89105e-05 7.00442 0.142134 6.02201e-06 0.10007 0.421335 0.299842 
10 54742 2.13 3.89105e-05 7.00442 0.141535 2.52863e-06 0.100067 0.415346 0.301261 
10 54999 2.14 3.89105e-05 7.00442 0.141113 2.60548e-06 0.10007 0.411128 0.302675 
10 55256 2.15 3.89105e-05 7.00442 0.141131 -9.2189e-06 0.100071 0.411311 0.304084 
10 55513 2.16 3.89105e-05 7.00442 0.141691 -8.82927e-06 0.100071 0.416912 0.305497 
10 55770 2.17 3.89105e-05 7.00442 0.14213 -1.84113e-05 0.10007 0.421303 0.306917 
10 56027 2.18 3.89105e-05 7.00442 0.141904 -2.15684e-05 0.100068 0.419036 0.308339 
10 56284 2.19 3.89105e-05 7.00442 0.141322 -1.72315e-05 0.100068 0.413221 0.309756 
10 56541 2.2 3.89105e-05 7.00442 0.14102 -1.12027e-05 0.100071 0.410203 0.311167 
10 56798 2.21 3.89105e-05 7.00442 0.141298 -6.16721e-06 0.100072 0.412976 0.312576 
10 57055 2.22 3.89105e-05 7.00442 0.141845 2.43236e-07 0.100071 0.418453 0.313992 
10 57312 2.23 3.89105e-05 7.00442 0.142121 -2.02971e-06 0.10007 0.421209 0.315413 
10 57569 2.24 3.89105e-05 7.00442 0.141506 2.6797e-07 0.100067 0.415056 0.316832 
10 57826 2.25 3.89105e-05 7.00442 0.141026 2.98959e-06 0.10007 0.410258 0.318245 
10 58083 2.26 3.89105e-05 7.00442 0.140985 -2.01781e-06 0.100071 0.409849 0.319653 
10 58340 2.27 3.89105e-05 7.00442 0.141532 -4.74246e-06 0.100072 0.41532 0.321065 
10 58597 2.28 3.89105e-05 7.00442 0.141998 -2.97456e-06 0.10007 0.41998 0.322483 
10 58854 2.29 3.89105e-05 7.00442 0.141836 -4.1476e-06 0.100068 0.418361 0.323905 
10 59111 2.3 3.89105e-05 7.00442 0.14127 -1.67718e-06 0.100068 0.412696 0.325321 
10 59368 2.31 3.89105e-05 7.00442 0.14096 -3.90959e-06 0.100071 0.409603 0.326731 
10 59625 2.32 3.89105e-05 7.00442 0.141219 -9.80144e-06 0.100071 0.412194 0.32814 
10 59882 2.33 3.89105e-05 7.00442 0.141785 -6.42824e-06 0.100071 0.417845 0.329555 
10 60139 2.34 3.89105e-05 7.00442 0.142094 -1.93846e-07 0.10007 0.420942 0.330975 
10 60396 2.35 3.89105e-05 7.00442 0.141522 -1.23767e-06 0.100066 0.415222 0.332395 
10 60653 2.36 3.89105e-05 7.00442 0.141085 3.27911e-06 0.10007 0.410853 0.333808 
10 60910 2.37 3.89105e-05 7.00442 0.141035 -3.33203e-06 0.100071 0.410355 0.335217 
10 61167 2.38 3.89105e-05 7.00442 0.141542 -8.972e-06 0.100071 0.415416 0.336628 
10 61424 2.39 3.89105e-05 7.00442 0.142001 -7.62429e-06 0.10007 0.420015 0.338047 
10 61681 2.4 3.89105e-05 7.00442 0.141874 -9.09088e-06 0.100068 0.418743 0.339468 
10 61938 2.41 3.89105e-05 7.00442 0.141291 -7.13659e-06 0.100068 0.412911 0.340885 
10 62195 2.42 3.89105e-05 7.00442 0.140972 -9.70479e-07 0.100071 0.409719 0.342295 
10 62452 2.43 3.89105e-05 7.00442 0.14119 -4.66302e-06 0.100071 0.4119 0.343704 
10 62709 2.44 3.89105e-05 7.00442 0.141754 6.20453e-06 0.100071 0.417539 0.345119 
10 62966 2.45 3.89105e-05 7.00442 0.142084 3.86375e-06 0.10007 0.42084 0.346539 
10 63223 2.46 3.89105e-05 7.00442 0.14155 -1.38697e-06 0.100066 0.415503 0.347959 
10 63480 2.47 3.89105e-05 7.00442 0.141039 -1.28707e-06 0.100069 0.410389 0.349372 
10 63737 2.48 3.89105e-05 7.00442 0.140958 -2.75113e-06 0.100071 0.409576 0.35078 
10 63994 2.49 3.89105e-05 7.00442 0.141469 -1.21375e-05 0.100071 0.414695 0.352191 
10 64251 2.5 3.89105e-05 7.00442 0.141973 -1.40078e-05 0.10007 0.419732 0.353609 
10 64508 2.51 3.89105e-05 7.00442 0.141872 -1.31514e-05 0.100069 0.418718 0.35503 
10 64765 2.52 3.89105e-05 7.00442 0.141298 -8.12319e-06 0.100067 0.412981 0.356447 
10 65022 2.53 3.89105e-05 7.00442 0.140966 -8.40443e-06 0.100071 0.409658 0.357858 
10 65279 2.54 3.89105e-05 7.00442 0.141189 -1.83853e-05 0.100071 0.411887 0.359266 
10 65536 2.55 3.89105e-05 7.00442 0.141762 -2.22393e-05 0.100071 0.417625 0.360681 
10 65793 2.56 3.89105e-05 7.00442 0.142114 -2.0536e-05 0.10007 0.421141 0.362101 
10 66050 2.57 3.89105e-05 7.00442 0.14163 -2.33401e-05 0.100067 0.416304 0.363522 
10 66307 2.58 3.89105e-05 7.00442 0.141148 -2.32638e-05 0.10007 0.411478 0.364936 
10 66564 2.59 3.89105e-05 7.00442 0.141075 -2.9404e-05 0.100071 0.410747 0.366345 
10 66821 2.6 3.89105e-05 7.00442 0.141571 -3.43438e-05 0.100071 0.41571 0.367757 
10 67078 2.61 3.89105e-05 7.00442 0.142074 -3.37026e-05 0.10007 0.420735 0.369176 
10 67335 2.62 3.89105e-05 7.00442 0.142022 -3.25893e-05 0.100069 0.420216 0.370598 
10 67592 2.63 3.89105e-05 7.00442 0.141402 -1.9725e-05 0.100067 0.414019 0.372016 
10 67849 2.64 3.89105e-05 7.00442 0.14103 -1.64728e-05 0.100071 0.410302 0.373428 
10 68106 2.65 3.89105e-05 7.00442 0.141202 -2.13278e-05 0.100072 0.412018 0.374837 
10 68363 2.66 3.89105e-05 7.00442 0.14177 -1.71329e-05 0.100071 0.417704 0.376252 
10 68620 2.67 3.89105e-05 7.00442 0.142091 -1.24124e-05 0.10007 0.420908 0.377672 
10 68877 2.68 3.89105e-05 7.00442 0.141603 -1.33115e-05 0.100067 0.41603 0.379092 
10 69134 2.69 3.89105e-05 7.00442 0.141086 -4.43393e-06 0.100069 0.410861 0.380506 
10 69391 2.7 3.89105e-05 7.00442 0.140957 -7.97947e-06 0.100071 0.40957 0.381915 
10 69648 2.71 3.89105e-05 7.00442 0.141424 -1.24411e-05 0.100072 0.414244 0.383325 
10 69905 2.72 3.89105e-05 7.00442 0.141943 -9.0222e-06 0.10007 0.419432 0.384742 
10 70162 2.73 3.89105e-05 7.00442 0.141959 -1.09358e-05 0.100069 0.419586 0.386164 
10 70419 2.74 3.89105e-05 7.00442 0.141358 -7.41537e-06 0.100067 0.413582 0.387581 
10 70676 2.75 3.89105e-05 7.00442 0.140993 -7.95884e-06 0.100071 0.409926 0.388992 
10 70933 2.76 3.89105e-05 7.00442 0.141137 -1.83348e-05 0.100071 0.411372 0.390401 
10 71190 2.77 3.89105e-05 7.00442 0.141716 -1.52312e-05 0.100071 0.417161 0.391815 
10 71447 2.78 3.89105e-05 7.00442 0.142061 -6.04633e-06 0.10007 0.420612 0.393235 
10 71704 2.79 3.89105e-05 7.00442 0.141617 -1.48326e-05 0.100066 0.416166 0.394655 
10 71961 2.8 3.89105e-05 7.00442 0.141144 -1.78682e-05 0.100069 0.411441 0.396069 
10 72218 2.81 3.89105e-05 7.00442 0.141003 -2.29323e-05 0.100071 0.410031 0.397478 
10 72475 2.82 3.89105e-05 7.00442 0.141437 -2.61236e-05 0.100071 0.414373 0.398889 
10 72732 2.83 3.89105e-05 7.00442 0.14194 -2.1248e-05 0.10007 0.419397 0.400306 
10 72989 2.84 3.89105e-05 7.00442 0.141987 -2.33733e-05 0.100069 0.419873 0.401728 
10 73246 2.85 3.89105e-05 7.00442 0.141368 -1.09349e-05 0.100067 0.413684 0.403145 
10 73503 2.86 3.89105e-05 7.00442 0.140997 -1.29754e-05 0.100071 0.409973 0.404557 
10 73760 2.87 3.89105e-05 7.00442 0.141111 -2.606e-05 0.100071 0.411108 0.405965 
10 74017 2.88 3.89105e-05 7.00442 0.141679 -2.26573e-05 0.100071 0.416787 0.407379 
10 74274 2.89 3.89105e-05 7.00442 0.142045 -1.30337e-05 0.10007 0.420451 0.408798 
10 74531 2.9 3.89105e-05 7.00442 0.141654 -1.38416e-05 0.100067 0.416543 0.410219 
10 74788 2.91 3.89105e-05 7.00442 0.141097 -1.53757e-05 0.100069 0.410973 0.411633 
10 75045 2.92 3.89105e-05 7.00442 0.140929 -2.01783e-05 0.100071 0.409292 0.413042 
10 75302 2.93 3.89105e-05 7.00442 0.141367 -3.70348e-05 0.100071 0.413671 0.414451 
10 75559 2.94 3.89105e-05 7.00442 0.141906 -2.94236e-05 0.10007 0.41906 0.415868 
10 75816 2.95 3.89105e-05 7.00442 0.142038 -2.5656e-05 0.100069 0.420379 0.41729 
10 76073 2.96 3.89105e-05 7.00442 0.141404 -1.93408e-05 0.100067 0.414039 0.418708 
10 76330 2.97 3.89105e-05 7.00442 0.141006 -1.94265e-05 0.10007 0.410059 0.42012 
10 76587 2.98 3.89105e-05 7.00442 0.141115 -2.77369e-05 0.100071 0.411155 0.421528 
10 76844 2.99 3.89105e-05 7.00442 0.14169 -2.69543e-05 0.100071 0.416905 0.422942 
10 77101 3 3.89105e-05 7.00442 0.142076 -2.13613e-05 0.10007 0.420762 0.424361 
10 77358 3.01 3.89105e-05 7.00442 0.141728 -2.22648e-05 0.100067 0.417276 0.425782 
10 77615 3.02 3.89105e-05 7.00442 0.141205 -1.48926e-05 0.100069 0.412053 0.427197 
10 77872 3.03 3.89105e-05 7.00442 0.141046 -1.72766e-05 0.100071 0.410464 0.428607 
10 78129 3.04 3.89105e-05 7.00442 0.141462 -2.67065e-05 0.100071 0.414618 0.430018 
10 78386 3.05 3.89105e-05 7.00442 0.142007 -2.05199e-05 0.100071 0.420071 0.431436 
10 78643 3.06 3.89105e-05 7.00442 0.142164 -2.74638e-05 0.10007 0.421643 0.432858 
10 78900 3.07 3.89105e-05 7.00442 0.141499 -9.61507e-06 0.100067 0.414987 0.434277 
10 79157 3.08 3.89105e-05 7.00442 0.141073 -1.05187e-05 0.100071 0.410733 0.43569 
10 79414 3.09 3.89105e-05 7.00442 0.141131 -1.87828e-05 0.100071 0.411313 0.437099 
10 79671 3.1 3.89105e-05 7.00442 0.141688 -1.78893e-05 0.100072 0.416881 0.438513 
10 79928 3.11 3.89105e-05 7.00442 0.142053 -6.82971e-06 0.10007 0.420534 0.439932 
10 80185 3.12 3.89105e-05 7.00442 0.141708 -9.71255e-06 0.100067 0.417075 0.441353 
10 80442 3.13 3.89105e-05 7.00442 0.141157 -1.05296e-06 0.100069 0.411566 0.442768 
10 80699 3.14 3.89105e-05 7.00442 0.140939 -6.35929e-06 0.100071 0.409394 0.444177 
10 80956 3.15 3.89105e-05 7.00442 0.141321 -1.65952e-05 0.100072 0.413206 0.445587 
10 81213 3.16 3.89105e-05 7.00442 0.141887 -1.11922e-05 0.100071 0.418866 0.447003 
10 81470 3.17 3.89105e-05 7.00442 0.142094 -1.52165e-05 0.10007 0.420943 0.448424 
10 81727 3.18 3.89105e-05 7.00442 0.141446 -9.24116e-06 0.100067 0.414456 0.449843 
10 81984 3.19 3.89105e-05 7.00442 0.141032 -1.3458e-05 0.10007 0.410322 0.451255 
10 82241 3.2 3.89105e-05 7.00442 0.141064 -2.50484e-05 0.100071 0.410642 0.452664 
10 82498 3.21 3.89105e-05 7.00442 0.141629 -2.56991e-05 0.100071 0.416288 0.454076 
10 82755 3.22 3.89105e-05 7.00442 0.142024 -1.20602e-05 0.10007 0.420239 0.455495 
10 83012 3.23 3.89105e-05 7.00442 0.14172 -1.66236e-05 0.100067 0.417203 0.456916 
10 83269 3.24 3.89105e-05 7.00442 0.141203 -7.02981e-06 0.100068 0.412031 0.458331 
10 83526 3.25 3.89105e-05 7.00442 0.140986 -1.14241e-05 0.100071 0.409864 0.459741 
10 83783 3.26 3.89105e-05 7.00442 0.141337 -2.24258e-05 0.100071 0.413367 0.461151 
10 84040 3.27 3.89105e-05 7.00442 0.141875 -2.23863e-05 0.10007 0.418754 0.462567 
10 84297 3.28 3.89105e-05 7.00442 0.142107 -2.09881e-05 0.10007 0.421068 0.463988 
10 84554 3.29 3.89105e-05 7.00442 0.14146 -1.26526e-05 0.100067 0.414596 0.465407 
10 84811 3.3 3.89105e-05 7.00442 0.141041 -1.52266e-05 0.10007 0.410408 0.466819 
10 85068 3.31 3.89105e-05 7.00442 0.141053 -2.88883e-05 0.100071 0.410529 0.468228 
10 85325 3.32 3.89105e-05 7.00442 0.141593 -2.79606e-05 0.100071 0.415928 0.46964 
10 85582 3.33 3.89105e-05 7.00442 0.142002 -1.82622e-05 0.100069 0.42002 0.471059 
10 85839 3.34 3.89105e-05 7.00442 0.141761 -2.21558e-05 0.100067 0.417613 0.47248 
10 86096 3.35 3.89105e-05 7.00442 0.141181 -2.26819e-05 0.100068 0.411811 0.473895 
10 86353 3.36 3.89105e-05 7.00442 0.140924 -1.7625e-05 0.100071 0.409242 0.475305 
10 86610 3.37 3.89105e-05 7.00442 0.141256 -2.37043e-05 0.100071 0.41256 0.476714 
10 86867 3.38 3.89105e-05 7.00442 0.141833 -1.22472e-05 0.10007 0.41833 0.47813 
10 87124 3.39 3.89105e-05 7.00442 0.142125 -4.00986e-06 0.10007 0.42125 0.47955 
10 87381 3.4 3.89105e-05 7.00442 0.141497 -1.87372e-06 0.100067 0.414969 0.480969 
10 87638 3.41 3.89105e-05 7.00442 0.141044 -7.10464e-06 0.10007 0.410444 0.482382 
10 87895 3.42 3.89105e-05 7.00442 0.141045 -2.41283e-05 0.100071 0.410451 0.483791 
10 88152 3.43 3.89105e-05 7.00442 0.141596 -3.3084e-05 0.100071 0.415962 0.485203 
10 88409 3.44 3.89105e-05 7.00442 0.142024 -2.32869e-05 0.10007 0.420244 0.486622 
10 88666 3.45 3.89105e-05 7.00442 0.141832 -2.34158e-05 0.100068 0.41832 0.488043 
10 88923 3.46 3.89105e-05 7.00442 0.141274 -1.15244e-05 0.100068 0.412735 0.489459 
10 89180 3.47 3.89105e-05 7.00442 0.141041 -1.3626e-05 0.100071 0.410412 0.49087 
10 89437 3.48 3.89105e-05 7.00442 0.141361 -1.45746e-05 0.100071 0.413609 0.49228 
10 89694 3.49 3.89105e-05 7.00442 0.141939 -6.8134e-06 0.100071 0.419386 0.493697 
10 89951 3.5 3.89105e-05 7.00442 0.142236 -1.33105e-05 0.10007 0.422364 0.495119 
10 90208 3.51 3.89105e-05 7.00442 0.141591 -1.64688e-05 0.100067 0.415914 0.496539 
10 90465 3.52 3.89105e-05 7.00442 0.141122 -1.60518e-05 0.100071 0.41122 0.497953 
10 90722 3.53 3.89105e-05 7.00442 0.141073 -1.7988e-05 0.100071 0.410729 0.499362 
10 90979 3.54 3.89105e-05 7.00442 0.141587 -2.52706e-05 0.100072 0.415872 0.500774 
10 91236 3.55 3.89105e-05 7.00442 0.142005 -2.39236e-05 0.10007 0.420051 0.502193 
10 91493 3.56 3.89105e-05 7.00442 0.141821 -2.88341e-05 0.100068 0.418211 0.503614 
10 91750 3.57 3.89105e-05 7.00442 0.141235 -1.21264e-05 0.100068 0.41235 0.50503 
10 92007 3.58 3.89105e-05 7.00442 0.140937 -9.28095e-06 0.100071 0.409374 0.50644 
10 92264 3.59 3.89105e-05 7.00442 0.141217 -2.57885e-05 0.100072 0.412166 0.507849 
10 92521 3.6 3.89105e-05 7.00442 0.141807 -1.87687e-05 0.100071 0.418071 0.509264 
10 92778 3.61 3.89105e-05 7.00442 0.142116 -5.22258e-06 0.10007 0.421155 0.510684 
10 93035 3.62 3.89105e-05 7.00442 0.141533 -8.64245e-06 0.100067 0.415328 0.512103 
10 93292 3.63 3.89105e-05 7.00442 0.141078 -7.60891e-06 0.10007 0.410782 0.513517 
10 93549 3.64 3.89105e-05 7.00442 0.141008 -2.30434e-05 0.100071 0.410082 0.514926 
10 93806 3.65 3.89105e-05 7.00442 0.141529 -3.38665e-05 0.100071 0.415288 0.516337 
10 94063 3.66 3.89105e-05 7.00442 0.141973 -2.10002e-05 0.10007 0.419733 0.517756 
10 94320 3.67 3.89105e-05 7.00442 0.141836 -2.52259e-05 0.100068 0.418359 0.519177 
10 94577 3.68 3.89105e-05 7.00442 0.14128 -3.30507e-05 0.100068 0.412805 0.520593 
10 94834 3.69 3.89105e-05 7.00442 0.140995 -3.10516e-05 0.100071 0.40995 0.522003 
10 95091 3.7 3.89105e-05 7.00442 0.141248 -4.21595e-05 0.100071 0.412482 0.523413 
10 95348 3.71 3.89105e-05 7.00442 0.141812 -2.7842e-05 0.100071 0.418119 0.524828 
10 95605 3.72 3.89105e-05 7.00442 0.142109 -1.38205e-05 0.10007 0.421089 0.526249 
10 95862 3.73 3.89105e-05 7.00442 0.141544 -2.30956e-05 0.100066 0.415442 0.527668 
10 96119 3.74 3.89105e-05 7.00442 0.141078 -1.844e-05 0.100069 0.410781 0.529081 
10 96376 3.75 3.89105e-05 7.00442 0.140996 -2.80395e-05 0.100071 0.40996 0.53049 
10 96633 3.76 3.89105e-05 7.00442 0.14148 -3.80446e-05 0.100071 0.414796 0.531901 
10 96890 3.77 3.89105e-05 7.00442 0.141948 -2.59725e-05 0.10007 0.41948 0.533319 
10 97147 3.78 3.89105e-05 7.00442 0.141862 -3.12289e-05 0.100068 0.418624 0.53474 
10 97404 3.79 3.89105e-05 7.00442 0.141261 -2.49783e-05 0.100067 0.412606 0.536157 
10 97661 3.8 3.89105e-05 7.00442 0.140934 -2.40837e-05 0.100071 0.40934 0.537567 
10 97918 3.81 3.89105e-05 7.00442 0.141162 -4.17129e-05 0.100071 0.411619 0.538975 
10 98175 3.82 3.89105e-05 7.00442 0.141763 -3.40766e-05 0.100071 0.417625 0.54039 
10 98432 3.83 3.89105e-05 7.00442 0.142118 -1.0799e-05 0.10007 0.421177 0.54181 
10 98689 3.84 3.89105e-05 7.00442 0.141597 -1.00591e-05 0.100066 0.41597 0.54323 
10 98946 3.85 3.89105e-05 7.00442 0.141097 -7.19548e-06 0.100069 0.410975 0.544644 
10 99203 3.86 3.89105e-05 7.00442 0.140995 -1.89578e-05 0.100071 0.409951 0.546053 
10 99460 3.87 3.89105e-05 7.00442 0.14148 -4.533e-05 0.100071 0.414795 0.547464 
10 99717 3.88 3.89105e-05 7.00442 0.141969 -4.25975e-05 0.10007 0.419691 0.548882 
10 99974 3.89 3.89105e-05 7.00442 0.141944 -4.41608e-05 0.100069 0.419435 0.550303 
10 100231 3.9 3.89105e-05 7.00442 0.141356 -2.22066e-05 0.100067 0.413558 0.551721 
10 100488 3.91 3.89105e-05 7.00442 0.141047 -1.97959e-05 0.100071 0.410468 0.553132 
10 100745 3.92 3.89105e-05 7.00442 0.141258 -2.65558e-05 0.100071 0.412577 0.554542 
10 101002 3.93 3.89105e-05 7.00442 0.141849 -1.26014e-05 0.100071 0.418495 0.555957 
10 101259 3.94 3.89105e-05 7.00442 0.142204 -7.23607e-06 0.10007 0.42204 0.557378 
10 101516 3.95 3.89105e-05 7.00442 0.141699 -2.51807e-05 0.100067 0.416985 0.558799 
10 101773 3.96 3.89105e-05 7.00442 0.141186 -3.33686e-05 0.100069 0.411858 0.560214 
10 102030 3.97 3.89105e-05 7.00442 0.141055 -5.04364e-05 0.100071 0.410552 0.561624 
10 102287 3.98 3.89105e-05 7.00442 0.14151 -7.31877e-05 0.100071 0.415104 0.563035 
10 102544 3.99 3.89105e-05 7.00442 0.141979 -5.39608e-05 0.10007 0.419787 0.564453 
10 102801 4 3.89105e-05 7.00442 0.14195 -5.50097e-05 0.100069 0.419502 0.565875 
10 103058 4.01 3.89105e-05 7.00442 0.141327 -2.52994e-05 0.100067 0.413273 0.567292 
10 103315 4.02 3.89105e-05 7.00442 0.14096 -2.18523e-05 0.100071 0.4096 0.568703 
10 103572 4.03 3.89105e-05 7.00442 0.14113 -4.40945e-05 0.100071 0.411298 0.570111 
10 103829 4.04 3.89105e-05 7.00442 0.141729 -4.1541e-05 0.100071 0.417289 0.571525 
10 104086 4.05 3.89105e-05 7.00442 0.142084 -2.20619e-05 0.10007 0.420841 0.572945 
10 104343 4.06 3.89105e-05 7.00442 0.141632 -2.09184e-05 0.100067 0.416315 0.574365 
10 104600 4.07 3.89105e-05 7.00442 0.141134 -1.187e-05 0.100069 0.411339 0.57578 
10 104857 4.08 3.89105e-05 7.00442 0.140972 -2.8287e-05 0.100071 0.409725 0.577189 
10 105114 4.09 3.89105e-05 7.00442 0.141415 -4.53156e-05 0.100072 0.414154 0.578599 
10 105371 4.1 3.89105e-05 7.00442 0.141915 -2.84597e-05 0.10007 0.419146 0.580016 
10 105628 4.11 3.89105e-05 7.00442 0.141954 -3.52577e-05 0.100069 0.419541 0.581438 
10 105885 4.12 3.89105e-05 7.00442 0.141347 -2.79492e-05 0.100067 0.41347 0.582855 
10 106142 4.13 3.89105e-05 7.00442 0.141007 -2.35697e-05 0.100071 0.410073 0.584266 
10 106399 4.14 3.89105e-05 7.00442 0.141161 -4.66439e-05 0.100071 0.411607 0.585675 
10 106656 4.15 3.89105e-05 7.00442 0.141744 -4.38351e-05 0.100071 0.417439 0.587089 
10 106913 4.16 3.89105e-05 7.00442 0.142108 -2.8176e-05 0.10007 0.421076 0.588509 
10 107170 4.17 3.89105e-05 7.00442 0.141682 -3.06764e-05 0.100067 0.416817 0.58993 
10 107427 4.18 3.89105e-05 7.00442 0.141178 -2.30343e-05 0.100069 0.411777 0.591345 
10 107684 4.19 3.89105e-05 7.00442 0.141013 -2.21373e-05 0.100071 0.410131 0.592754 
10 107941 4.2 3.89105e-05 7.00442 0.141422 -2.84896e-05 0.100072 0.414217 0.594165 
10 108198 4.21 3.89105e-05 7.00442 0.141926 -1.51943e-05 0.10007 0.419262 0.595582 
10 108455 4.22 3.89105e-05 7.00442 0.142014 -2.9884e-05 0.100069 0.420139 0.597004 
10 108712 4.23 3.89105e-05 7.00442 0.141368 -4.57821e-06 0.100067 0.413681 0.598421 
10 108969 4.24 3.89105e-05 7.00442 0.140964 -4.39046e-06 0.10007 0.409637 0.599833 
10 109226 4.25 3.89105e-05 7.00442 0.14109 -2.77626e-05 0.100071 0.410898 0.601241 
10 109483 4.26 3.89105e-05 7.00442 0.141691 -3.04399e-05 0.100071 0.416905 0.602654 
10 109740 4.27 3.89105e-05 7.00442 0.142087 3.24713e-06 0.10007 0.420868 0.604074 
10 109997 4.28 3.89105e-05 7.00442 0.141705 6.15908e-06 0.100067 0.417051 0.605495 
10 110254 4.29 3.89105e-05 7.00442 0.141173 1.77942e-05 0.100069 0.411733 0.60691 
10 110511 4.3 3.89105e-05 7.00442 0.140975 8.96701e-07 0.100071 0.409754 0.608319 
10 110768 4.31 3.89105e-05 7.00442 0.141378 -2.43815e-05 0.100071 0.413778 0.609729 
10 111025 4.32 3.89105e-05 7.00442 0.141904 -2.01302e-05 0.10007 0.419044 0.611146 
10 111282 4.33 3.89105e-05 7.00442 0.142059 -3.71501e-05 0.100069 0.420594 0.612567 
10 111539 4.34 3.89105e-05 7.00442 0.141434 -1.07418e-05 0.100067 0.414344 0.613986 
10 111796 4.35 3.89105e-05 7.00442 0.141061 -6.39386e-06 0.100071 0.410612 0.615398 
10 112053 4.36 3.89105e-05 7.00442 0.141161 -3.33749e-05 0.100071 0.41161 0.616807 
10 112310 4.37 3.89105e-05 7.00442 0.141744 -4.63192e-05 0.100071 0.417437 0.618221 
10 112567 4.38 3.89105e-05 7.00442 0.142144 -3.26906e-05 0.10007 0.42144 0.619641 
10 112824 4.39 3.89105e-05 7.00442 0.141785 -4.87515e-05 0.100067 0.417852 0.621063 
10 113081 4.4 3.89105e-05 7.00442 0.141245 -3.5814e-05 0.100069 0.412453 0.622478 
10 113338 4.41 3.89105e-05 7.00442 0.141019 -4.9575e-05 0.100071 0.410194 0.623888 
10 113595 4.42 3.89105e-05 7.00442 0.141378 -7.62022e-05 0.100071 0.413778 0.625299 
10 113852 4.43 3.89105e-05 7.00442 0.141878 -6.08174e-05 0.100071 0.418781 0.626716 
10 114109 4.44 3.89105e-05 7.00442 0.142046 -7.06833e-05 0.10007 0.420464 0.628137 
10 114366 4.45 3.89105e-05 7.00442 0.141398 -3.88231e-05 0.100067 0.413978 0.629554 
10 114623 4.46 3.89105e-05 7.00442 0.140969 -1.93169e-05 0.10007 0.409685 0.630966 
10 114880 4.47 3.89105e-05 7.00442 0.141032 -3.38144e-05 0.100071 0.410325 0.632374 
10 115137 4.48 3.89105e-05 7.00442 0.141621 -3.5818e-05 0.100071 0.416208 0.633787 
10 115394 4.49 3.89105e-05 7.00442 0.142041 -1.32243e-05 0.10007 0.420414 0.635206 
10 115651 4.5 3.89105e-05 7.00442 0.141735 -2.76175e-05 0.100067 0.41735 0.636627 
10 115908 4.51 3.89105e-05 7.00442 0.141196 -1.39592e-05 0.100068 0.411964 0.638042 
10 116165 4.52 3.89105e-05 7.00442 0.140952 -3.36248e-05 0.100071 0.40952 0.639452 
10 116422 4.53 3.89105e-05 7.00442 0.141314 -7.40923e-05 0.100071 0.413144 0.640861 
10 116679 4.54 3.89105e-05 7.00442 0.141848 -6.12811e-05 0.10007 0.418484 0.642277 
10 116936 4.55 3.89105e-05 7.00442 0.142072 -5.41458e-05 0.10007 0.420723 0.643698 
10 117193 4.56 3.89105e-05 7.00442 0.141435 -4.23493e-05 0.100067 0.414353 0.645116 
10 117450 4.57 3.89105e-05 7.00442 0.141044 -3.58369e-05 0.10007 0.410439 0.646529 
10 117707 4.58 3.89105e-05 7.00442 0.141086 -5.36116e-05 0.100071 0.410864 0.647938 
10 117964 4.59 3.89105e-05 7.00442 0.141644 -5.93779e-05 0.100071 0.416443 0.64935 
10 118221 4.6 3.89105e-05 7.00442 0.142043 -2.83615e-05 0.10007 0.420433 0.65077 
10 118478 4.61 3.89105e-05 7.00442 0.141763 -2.732e-05 0.100067 0.417632 0.652191 
10 118735 4.62 3.89105e-05 7.00442 0.141219 -1.50333e-05 0.100068 0.412193 0.653606 
10 118992 4.63 3.89105e-05 7.00442 0.140967 -3.00304e-05 0.100071 0.409668 0.655016 
10 119249 4.64 3.89105e-05 7.00442 0.141275 -4.03964e-05 0.100071 0.412752 0.656425 
10 119506 4.65 3.89105e-05 7.00442 0.141817 -1.98249e-05 0.10007 0.418168 0.657841 
10 119763 4.66 3.89105e-05 7.00442 0.142081 -2.82723e-05 0.100069 0.420811 0.659262 
10 120020 4.67 3.89105e-05 7.00442 0.141443 -2.42278e-05 0.100066 0.414427 0.66068 
10 120277 4.68 3.89105e-05 7.00442 0.140995 -1.98834e-05 0.10007 0.409948 0.662092 
10 120534 4.69 3.89105e-05 7.00442 0.141022 -4.10122e-05 0.100071 0.410222 0.663501 
10 120791 4.7 3.89105e-05 7.00442 0.141599 -5.08252e-05 0.100071 0.41599 0.664913 
10 121048 4.71 3.89105e-05 7.00442 0.142036 -1.71397e-05 0.10007 0.420361 0.666332 
10 121305 4.72 3.89105e-05 7.00442 0.14181 -2.50801e-05 0.100068 0.418102 0.667753 
10 121562 4.73 3.89105e-05 7.00442 0.141252 -1.29565e-05 0.100068 0.412525 0.669169 
10 121819 4.74 3.89105e-05 7.00442 0.140985 -2.37693e-05 0.100071 0.409847 0.670579 
10 122076 4.75 3.89105e-05 7.00442 0.141302 -5.06209e-05 0.100071 0.41302 0.671989 
10 122333 4.76 3.89105e-05 7.00442 0.141859 -3.84706e-05 0.100071 0.418587 0.673405 
10 122590 4.77 3.89105e-05 7.00442 0.142148 -3.80652e-05 0.10007 0.421478 0.674826 
10 122847 4.78 3.89105e-05 7.00442 0.141543 -3.02653e-05 0.100067 0.415432 0.676245 
10 123104 4.79 3.89105e-05 7.00442 0.141108 -2.24394e-05 0.10007 0.411083 0.677659 
10 123361 4.8 3.89105e-05 7.00442 0.141112 -4.86811e-05 0.100071 0.41112 0.679068 
10 123618 4.81 3.89105e-05 7.00442 0.141661 -5.9972e-05 0.100071 0.416608 0.680481 
10 123875 4.82 3.89105e-05 7.00442 0.142099 -3.0286e-05 0.10007 0.420989 0.6819 
10 124132 4.83 3.89105e-05 7.00442 0.141895 -4.39605e-05 0.100068 0.418953 0.683322 
10 124389 4.84 3.89105e-05 7.00442 0.141306 -2.53609e-05 0.100068 0.413064 0.684739 
10 124646 4.85 3.89105e-05 7.00442 0.140995 -2.65779e-05 0.100072 0.409948 0.68615 
10 124903 4.86 3.89105e-05 7.00442 0.141256 -6.75473e-05 0.100071 0.412556 0.687559 
10 125160 4.87 3.89105e-05 7.00442 0.141808 -5.56248e-05 0.100071 0.418079 0.688974 
10 125417 4.88 3.89105e-05 7.00442 0.142102 -2.99626e-05 0.10007 0.421022 0.690395 
10 125674 4.89 3.89105e-05 7.00442 0.141498 -3.12103e-05 0.100067 0.414976 0.691814 
10 125931 4.9 3.89105e-05 7.00442 0.141018 -2.32996e-05 0.10007 0.410176 0.693227 
10 126188 4.91 3.89105e-05 7.00442 0.140978 -5.21304e-05 0.100071 0.40978 0.694635 
10 126445 4.92 3.89105e-05 7.00442 0.141519 -8.19958e-05 0.100072 0.41519 0.696046 
10 126702 4.93 3.89105e-05 7.00442 0.141988 -4.60839e-05 0.10007 0.419875 0.697465 
10 126959 4.94 3.89105e-05 7.00442 0.141851 -6.005e-05 0.100068 0.418509 0.698886 
10 127216 4.95 3.89105e-05 7.00442 0.141274 -2.83795e-05 0.100068 0.412744 0.700302 
10 127473 4.96 3.89105e-05 7.00442 0.140957 -4.14891e-05 0.100071 0.409567 0.701712 
10 127730 4.97 3.89105e-05 7.00442 0.141213 -9.09839e-05 0.100071 0.412127 0.703121 
10 127987 4.98 3.89105e-05 7.00442 0.141778 -8.12663e-05 0.100071 0.417781 0.704536 
10 128244 4.99 3.89105e-05 7.00442 0.142088 -4.78657e-05 0.10007 0.420884 0.705957 
10 128501 5 3.89105e-05 7.00442 0.141522 -5.53205e-05 0.100066 0.415219 0.707376 
10 128758 5.01 3.89105e-05 7.00442 0.141091 -4.15505e-05 0.10007 0.410909 0.708789 
10 129015 5.02 3.89105e-05 7.00442 0.14104 -5.54143e-05 0.100071 0.410395 0.710198 
10 129272 5.03 3.89105e-05 7.00442 0.141545 -8.16955e-05 0.100071 0.415451 0.71161 
10 129529 5.04 3.89105e-05 7.00442 0.141994 -4.08178e-05 0.10007 0.41994 0.713028 
10 129786 5.05 3.89105e-05 7.00442 0.141876 -5.13192e-05 0.100068 0.418761 0.71445 
10 130043 5.06 3.89105e-05 7.00442 0.141284 -1.95052e-05 0.100067 0.412845 0.715866 
10 130300 5.07 3.89105e-05 7.00442 0.140968 -3.7323e-05 0.100071 0.409676 0.717277 
10 130557 5.08 3.89105e-05 7.00442 0.141172 -6.19579e-05 0.100071 0.411718 0.718685 
10 130814 5.09 3.89105e-05 7.00442 0.141732 -3.23131e-05 0.100071 0.41732 0.7201 
10 131071 5.1 3.89105e-05 7.00442 0.142062 -1.02256e-05 0.10007 0.420619 0.72152 
10 131328 5.11 3.89105e-05 7.00442 0.141547 -1.71005e-05 0.100066 0.415472 0.722939 
10 131585 5.12 3.89105e-05 7.00442 0.141048 -7.59837e-06 0.100069 0.410479 0.724352 
10 131842 5.13 3.89105e-05 7.00442 0.140959 -3.32243e-05 0.100071 0.409586 0.725761 
10 132099 5.14 3.89105e-05 7.00442 0.141468 -6.0891e-05 0.100071 0.414684 0.727172 
10 132356 5.15 3.89105e-05 7.00442 0.141972 -3.02358e-05 0.10007 0.419716 0.72859 
10 132613 5.16 3.89105e-05 7.00442 0.141925 -4.10042e-05 0.100069 0.419246 0.730011 
10 132870 5.17 3.89105e-05 7.00442 0.141328 -1.19563e-05 0.100067 0.413284 0.731428 
10 133127 5.18 3.89105e-05 7.00442 0.14099 -2.20184e-05 0.100071 0.409897 0.732839 
10 133384 5.19 3.89105e-05 7.00442 0.141196 -5.85425e-05 0.100071 0.411961 0.734248 
10 133641 5.2 3.89105e-05 7.00442 0.141775 -5.47105e-05 0.100071 0.417754 0.735663 
10 133898 5.21 3.89105e-05 7.00442 0.142121 -3.41582e-05 0.10007 0.421209 0.737083 
10 134155 5.22 3.89105e-05 7.00442 0.141636 -5.55045e-05 0.100067 0.41636 0.738503 
10 134412 5.23 3.89105e-05 7.00442 0.14115 -5.66011e-05 0.10007 0.411504 0.739917 
10 134669 5.24 3.89105e-05 7.00442 0.141064 -9.09713e-05 0.100071 0.410641 0.741327 
10 134926 5.25 3.89105e-05 7.00442 0.141547 -0.000128767 0.100071 0.415475 0.742739 
10 135183 5.26 3.89105e-05 7.00442 0.142044 -9.44834e-05 0.10007 0.420436 0.744157 
10 135440 5.27 3.89105e-05 7.00442 0.142022 -9.88745e-05 0.100069 0.420222 0.74558 
10 135697 5.28 3.89105e-05 7.00442 0.141404 -6.31459e-05 0.100067 0.414036 0.746997 
10 135954 5.29 3.89105e-05 7.00442 0.141034 -6.71269e-05 0.100071 0.410337 0.748409 
10 136211 5.3 3.89105e-05 7.00442 0.141193 -0.000103807 0.100071 0.411929 0.749818 
10 136468 5.31 3.89105e-05 7.00442 0.141747 -8.58426e-05 0.100071 0.417467 0.751233 
10 136725 5.32 3.89105e-05 7.00442 0.142081 -5.39835e-05 0.10007 0.420809 0.752653 
10 136982 5.33 3.89105e-05 7.00442 0.141598 -6.87747e-05 0.100067 0.415977 0.754073 
10 137239 5.34 3.89105e-05 7.00442 0.141073 -2.68258e-05 0.100069 0.410731 0.755486 
10 137496 5.35 3.89105e-05 7.00442 0.140929 -4.84123e-05 0.100071 0.409291 0.756895 
10 137753 5.36 3.89105e-05 7.00442 0.141389 -9.93767e-05 0.100072 0.413893 0.758305 
10 138010 5.37 3.89105e-05 7.00442 0.141915 -6.99771e-05 0.10007 0.419146 0.759722 
10 138267 5.38 3.89105e-05 7.00442 0.141967 -9.91296e-05 0.100069 0.41967 0.761143 
10 138524 5.39 3.89105e-05 7.00442 0.141353 -3.95048e-05 0.100067 0.413528 0.762561 
10 138781 5.4 3.89105e-05 7.00442 0.140981 -4.11074e-05 0.100071 0.409806 0.763972 
10 139038 5.41 3.89105e-05 7.00442 0.141126 -9.5824e-05 0.100071 0.411261 0.765381 
10 139295 5.42 3.89105e-05 7.00442 0.141704 -9.93387e-05 0.100071 0.41704 0.766794 
10 139552 5.43 3.89105e-05 7.00442 0.142056 -5.84969e-05 0.10007 0.420562 0.768214 
10 139809 5.44 3.89105e-05 7.00442 0.141622 -6.86613e-05 0.100067 0.416218 0.769634 
10 140066 5.45 3.89105e-05 7.00442 0.141143 -3.40012e-05 0.100069 0.411428 0.771048 
10 140323 5.46 3.89105e-05 7.00442 0.140996 -4.51822e-05 0.100071 0.40996 0.772458 
10 140580 5.47 3.89105e-05 7.00442 0.141429 -9.03015e-05 0.100072 0.414293 0.773868 
10 140837 5.48 3.89105e-05 7.00442 0.141935 -5.23804e-05 0.10007 0.419353 0.775286 
10 141094 5.49 3.89105e-05 7.00442 0.142004 -7.49418e-05 0.100069 0.420042 0.776707 
10 141351 5.5 3.89105e-05 7.00442 0.141374 -1.08146e-05 0.100067 0.41374 0.778125 
10 141608 5.51 3.89105e-05 7.00442 0.140995 -2.59838e-05 0.10007 0.409948 0.779536 
10 141865 5.52 3.89105e-05 7.00442 0.141093 -7.90969e-05 0.100071 0.41093 0.780945 
10 142122 5.53 3.89105e-05 7.00442 0.141653 -7.2628e-05 0.100071 0.416533 0.782358 
10 142379 5.54 3.89105e-05 7.00442 0.142023 -4.06688e-05 0.100069 0.420227 0.783777 
10 142636 5.55 3.89105e-05 7.00442 0.141636 -6.59881e-05 0.100067 0.416361 0.785197 
10 142893 5.56 3.89105e-05 7.00442 0.141103 -5.5526e-05 0.100069 0.411027 0.786611 
10 143150 5.57 3.89105e-05 7.00442 0.140932 -8.45402e-05 0.100071 0.409319 0.78802 
10 143407 5.58 3.89105e-05 7.00442 0.141359 -0.000134704 0.100071 0.413591 0.78943 
10 143664 5.59 3.89105e-05 7.00442 0.141892 -9.34528e-05 0.10007 0.418922 0.790847 
10 143921 5.6 3.89105e-05 7.00442 0.142043 -0.000116836 0.100069 0.420433 0.792268 
10 144178 5.61 3.89105e-05 7.00442 0.141408 -4.42723e-05 0.100067 0.414076 0.793686 
10 144435 5.62 3.89105e-05 7.00442 0.141008 -4.2524e-05 0.100071 0.410078 0.795098 
10 144692 5.63 3.89105e-05 7.00442 0.141116 -8.4047e-05 0.100071 0.411157 0.796507 
10 144949 5.64 3.89105e-05 7.00442 0.141696 -8.91976e-05 0.100071 0.416957 0.79792 
10 145206 5.65 3.89105e-05 7.00442 0.142087 -5.12238e-05 0.10007 0.420871 0.79934 
10 145463 5.66 3.89105e-05 7.00442 0.141739 -7.74963e-05 0.100067 0.417392 0.800761 
10 145720 5.67 3.89105e-05 7.00442 0.141211 -5.69945e-05 0.100069 0.412108 0.802176 
10 145977 5.68 3.89105e-05 7.00442 0.14104 -8.94186e-05 0.100071 0.410395 0.803586 
10 146234 5.69 3.89105e-05 7.00442 0.14144 -0.000148063 0.100071 0.414398 0.804997 
10 146491 5.7 3.89105e-05 7.00442 0.141981 -0.000113215 0.100071 0.419813 0.806414 
10 146748 5.71 3.89105e-05 7.00442 0.142154 -0.000116303 0.10007 0.421535 0.807836 
10 147005 5.72 3.89105e-05 7.00442 0.141499 -6.70692e-05 0.100067 0.414988 0.809255 
10 147262 5.73 3.89105e-05 7.00442 0.141078 -6.05372e-05 0.100071 0.410778 0.810668 
10 147519 5.74 3.89105e-05 7.00442 0.141129 -0.000118743 0.100071 0.41129 0.812077 
10 147776 5.75 3.89105e-05 7.00442 0.141673 -0.000141859 0.100071 0.416728 0.813491 
10 148033 5.76 3.89105e-05 7.00442 0.142047 -8.0739e-05 0.10007 0.420475 0.81491 
10 148290 5.77 3.89105e-05 7.00442 0.14171 -8.93811e-05 0.100067 0.417097 0.816331 
10 148547 5.78 3.89105e-05 7.00442 0.141146 -5.09335e-05 0.100068 0.411463 0.817746 
10 148804 5.79 3.89105e-05 7.00442 0.14092 -7.4005e-05 0.100071 0.409197 0.819155 
10 149061 5.8 3.89105e-05 7.00442 0.141292 -0.00013771 0.100071 0.412918 0.820564 
10 149318 5.81 3.89105e-05 7.00442 0.141851 -0.000102319 0.10007 0.418509 0.82198 
10 149575 5.82 3.89105e-05 7.00442 0.142077 -0.000111764 0.100069 0.420772 0.823401 
10 149832 5.83 3.89105e-05 7.00442 0.141446 -5.06126e-05 0.100067 0.414457 0.824819 
10 150089 5.84 3.89105e-05 7.00442 0.14102 -4.70751e-05 0.10007 0.410197 0.826232 
10 150346 5.85 3.89105e-05 7.00442 0.141056 -0.000108909 0.100071 0.410558 0.82764 
10 150603 5.86 3.89105e-05 7.00442 0.141618 -0.000134994 0.100071 0.416175 0.829053 
10 150860 5.87 3.89105e-05 7.00442 0.142011 -8.10415e-05 0.10007 0.420112 0.830472 
10 151117 5.88 3.89105e-05 7.00442 0.141727 -0.000100257 0.100067 0.417273 0.831892 
10 151374 5.89 3.89105e-05 7.00442 0.141193 -4.23132e-05 0.100068 0.411929 0.833307 
10 151631 5.9 3.89105e-05 7.00442 0.140967 -3.94864e-05 0.100071 0.409671 0.834717 
10 151888 5.91 3.89105e-05 7.00442 0.141315 -9.48994e-05 0.100071 0.413148 0.836127 
10 152145 5.92 3.89105e-05 7.00442 0.141858 -5.78207e-05 0.100071 0.418583 0.837543 
10 152402 5.93 3.89105e-05 7.00442 0.1421 -5.13811e-05 0.10007 0.420996 0.838964 
10 152659 5.94 3.89105e-05 7.00442 0.14146 -1.57176e-05 0.100067 0.414602 0.840383 
10 152916 5.95 3.89105e-05 7.00442 0.141027 -8.81072e-06 0.10007 0.410267 0.841795 
10 153173 5.96 3.89105e-05 7.00442 0.141036 -6.90868e-05 0.100071 0.410363 0.843204 
10 153430 5.97 3.89105e-05 7.00442 0.141571 -9.29435e-05 0.100071 0.415708 0.844616 
10 153687 5.98 3.89105e-05 7.00442 0.141993 -4.1094e-05 0.10007 0.419927 0.846034 
10 153944 5.99 3.89105e-05 7.00442 0.141753 -7.54581e-05 0.100067 0.417526 0.847455 
10 154201 6 3.89105e-05 7.00442 0.141173 -3.67609e-05 0.100068 0.411725 0.84887 
10 154458 6.01 3.89105e-05 7.00442 0.140903 -5.93683e-05 0.100071 0.409028 0.85028 
10 154715 6.02 3.89105e-05 7.00442 0.141222 -0.000114433 0.100071 0.412219 0.851688 
10 154972 6.03 3.89105e-05 7.00442 0.141801 -8.00027e-05 0.10007 0.418007 0.853104 
10 155229 6.04 3.89105e-05 7.00442 0.142103 -6.40025e-05 0.10007 0.421026 0.854524 
10 155486 6.05 3.89105e-05 7.00442 0.141499 -4.66514e-05 0.100067 0.414995 0.855943 
10 155743 6.06 3.89105e-05 7.00442 0.141051 -4.3067e-05 0.10007 0.410514 0.857356 
10 156000 6.07 3.89105e-05 7.00442 0.141054 -8.85908e-05 0.100071 0.410535 0.858765 
10 156257 6.08 3.89105e-05 7.00442 0.141594 -0.000134812 0.100071 0.415943 0.860177 
10 156514 6.09 3.89105e-05 7.00442 0.142036 -7.64284e-05 0.10007 0.420361 0.861596 
10 156771 6.1 3.89105e-05 7.00442 0.141858 -0.000116077 0.100068 0.418577 0.863017 
10 157028 6.11 3.89105e-05 7.00442 0.141296 -5.45879e-05 0.100068 0.412963 0.864434 
10 157285 6.12 3.89105e-05 7.00442 0.14105 -6.43597e-05 0.100071 0.410495 0.865845 
10 157542 6.13 3.89105e-05 7.00442 0.141355 -0.000138986 0.100072 0.413553 0.867255 
10 157799 6.14 3.89105e-05 7.00442 0.141913 -0.000113744 0.100071 0.41913 0.868671 
10 158056 6.15 3.89105e-05 7.00442 0.142201 -7.04345e-05 0.10007 0.422006 0.870093 
10 158313 6.16 3.89105e-05 7.00442 0.141599 -6.9858e-05 0.100067 0.415991 0.871513 
10 158570 6.17 3.89105e-05 7.00442 0.14113 -5.28725e-05 0.10007 0.411303 0.872927 
10 158827 6.18 3.89105e-05 7.00442 0.141076 -0.000119334 0.100071 0.410759 0.874336 
10 159084 6.19 3.89105e-05 7.00442 0.141573 -0.000182703 0.100072 0.415726 0.875748 
10 159341 6.2 3.89105e-05 7.00442 0.141997 -0.000101552 0.10007 0.419971 0.877167 
10 159598 6.21 3.89105e-05 7.00442 0.141833 -0.000127954 0.100068 0.418331 0.878588 
10 159855 6.22 3.89105e-05 7.00442 0.141236 -6.42295e-05 0.100068 0.412359 0.880004 
10 160112 6.23 3.89105e-05 7.00442 0.140931 -7.85004e-05 0.100071 0.409307 0.881414 
10 160369 6.24 3.89105e-05 7.00442 0.141194 -0.000164659 0.100071 0.411941 0.882823 
10 160626 6.25 3.89105e-05 7.00442 0.141774 -0.000133831 0.100071 0.417738 0.884238 
10 160883 6.26 3.89105e-05 7.00442 0.142104 -7.8864e-05 0.10007 0.421044 0.885658 
10 161140 6.27 3.89105e-05 7.00442 0.14154 -6.8369e-05 0.100066 0.415404 0.887077 
10 161397 6.28 3.89105e-05 7.00442 0.141071 -4.77976e-05 0.10007 0.410708 0.888491 
10 161654 6.29 3.89105e-05 7.00442 0.141001 -0.000112572 0.100071 0.410013 0.889899 
10 161911 6.3 3.89105e-05 7.00442 0.141509 -0.000177281 0.100071 0.415093 0.891311 
10 162168 6.31 3.89105e-05 7.00442 0.141959 -0.000105087 0.10007 0.419593 0.892729 
10 162425 6.32 3.89105e-05 7.00442 0.141853 -0.00013926 0.100068 0.41853 0.89415 
10 162682 6.33 3.89105e-05 7.00442 0.141263 -5.37728e-05 0.100067 0.412634 0.895566 
10 162939 6.34 3.89105e-05 7.00442 0.140977 -6.10443e-05 0.100071 0.409773 0.896977 
10 163196 6.35 3.89105e-05 7.00442 0.141223 -0.000144649 0.100071 0.412235 0.898386 
10 163453 6.36 3.89105e-05 7.00442 0.141787 -0.000117247 0.100071 0.417869 0.899801 
10 163710 6.37 3.89105e-05 7.00442 0.142115 -5.87001e-05 0.10007 0.421145 0.901221 
10 163967 6.38 3.89105e-05 7.00442 0.141547 -6.31093e-05 0.100067 0.415472 0.902639 
10 164224 6.39 3.89105e-05 7.00442 0.141078 -3.74678e-05 0.100069 0.410783 0.904054 
10 164481 6.4 3.89105e-05 7.00442 0.14099 -0.000109066 0.100071 0.409901 0.905463 
10 164738 6.41 3.89105e-05 7.00442 0.141459 -0.000180093 0.100071 0.41459 0.906874 
10 164995 6.42 3.89105e-05 7.00442 0.141925 -0.000105889 0.10007 0.419247 0.908291 
10 165252 6.43 3.89105e-05 7.00442 0.141864 -0.000151721 0.100068 0.418638 0.909712 
10 165509 6.44 3.89105e-05 7.00442 0.141257 -7.06893e-05 0.100067 0.412566 0.911128 
10 165766 6.45 3.89105e-05 7.00442 0.140915 -9.17236e-05 0.100071 0.409147 0.912539 
10 166023 6.46 3.89105e-05 7.00442 0.141125 -0.000195777 0.100071 0.411255 0.913947 
10 166280 6.47 3.89105e-05 7.00442 0.141722 -0.000172831 0.100071 0.417219 0.915361 
10 166537 6.48 3.89105e-05 7.00442 0.142087 -8.68716e-05 0.10007 0.420871 0.916781 
10 166794 6.49 3.89105e-05 7.00442 0.141602 -8.48348e-05 0.100067 0.416024 0.918201 
10 167051 6.5 3.89105e-05 7.00442 0.141109 -5.52599e-05 0.100069 0.411086 0.919615 
10 167308 6.51 3.89105e-05 7.00442 0.141012 -0.000106393 0.100071 0.410122 0.921024 
10 167565 6.52 3.89105e-05 7.00442 0.141481 -0.000185816 0.100071 0.414811 0.922435 
10 167822 6.53 3.89105e-05 7.00442 0.141977 -0.00011299 0.10007 0.419765 0.923853 
10 168079 6.54 3.89105e-05 7.00442 0.141977 -0.000160025 0.100069 0.419774 0.925274 
10 168336 6.55 3.89105e-05 7.00442 0.141367 -6.69928e-05 0.100067 0.413672 0.926692 
10 168593 6.56 3.89105e-05 7.00442 0.141036 -9.72833e-05 0.100071 0.410361 0.928103 
10 168850 6.57 3.89105e-05 7.00442 0.141224 -0.000226604 0.100071 0.41224 0.929513 
10 169107 6.58 3.89105e-05 7.00442 0.141805 -0.000229519 0.100071 0.41805 0.930927 
10 169364 6.59 3.89105e-05 7.00442 0.142159 -0.000144921 0.10007 0.421593 0.932348 
10 169621 6.6 3.89105e-05 7.00442 0.141699 -0.000150023 0.100067 0.416985 0.933769 
10 169878 6.61 3.89105e-05 7.00442 0.141188 -8.75463e-05 0.10007 0.41188 0.935184 
10 170135 6.62 3.89105e-05 7.00442 0.14104 -0.000132291 0.100071 0.410398 0.936594 
10 170392 6.63 3.89105e-05 7.00442 0.141468 -0.000217292 0.100071 0.414682 0.938005 
10 170649 6.64 3.89105e-05 7.00442 0.141932 -0.00013771 0.10007 0.419318 0.939422 
10 170906 6.65 3.89105e-05 7.00442 0.141962 -0.000201805 0.100069 0.419621 0.940843 
10 171163 6.66 3.89105e-05 7.00442 0.141332 -8.44829e-05 0.100067 0.413318 0.942261 
10 171420 6.67 3.89105e-05 7.00442 0.14096 -8.27497e-05 0.100071 0.409602 0.943672 
10 171677 6.68 3.89105e-05 7.00442 0.141114 -0.000190113 0.100071 0.411138 0.94508 
10 171934 6.69 3.89105e-05 7.00442 0.141695 -0.000186396 0.100071 0.416952 0.946494 
10 172191 6.7 3.89105e-05 7.00442 0.142066 -0.000101922 0.10007 0.420662 0.947913 
10 172448 6.71 3.89105e-05 7.00442 0.141644 -0.000108516 0.100067 0.416435 0.949334 
10 172705 6.72 3.89105e-05 7.00442 0.141132 -5.14551e-05 0.100069 0.411317 0.950748 
10 172962 6.73 3.89105e-05 7.00442 0.140972 -0.000115889 0.100071 0.409721 0.952157 
10 173219 6.74 3.89105e-05 7.00442 0.141402 -0.000219256 0.100071 0.414024 0.953567 
10 173476 6.75 3.89105e-05 7.00442 0.141904 -0.000149728 0.10007 0.419044 0.954984 
10 173733 6.76 3.89105e-05 7.00442 0.141986 -0.000208058 0.100069 0.419858 0.956406 
10 173990 6.77 3.89105e-05 7.00442 0.141358 -8.45858e-05 0.100067 0.413576 0.957823 
10 174247 6.78 3.89105e-05 7.00442 0.140993 -8.87372e-05 0.10007 0.409933 0.959234 
10 174504 6.79 3.89105e-05 7.00442 0.141114 -0.000188937 0.100071 0.411142 0.960643 
10 174761 6.8 3.89105e-05 7.00442 0.141681 -0.000173087 0.100071 0.416813 0.962056 
10 175018 6.81 3.89105e-05 7.00442 0.142067 -6.76635e-05 0.10007 0.420669 0.963476 
10 175275 6.82 3.89105e-05 7.00442 0.141678 -9.36958e-05 0.100067 0.41678 0.964897 
10 175532 6.83 3.89105e-05 7.00442 0.141197 -2.59908e-05 0.100069 0.411972 0.966311 
10 175789 6.84 3.89105e-05 7.00442 0.140988 -9.57272e-05 0.100071 0.409883 0.967721 
10 176046 6.85 3.89105e-05 7.00442 0.141368 -0.000214482 0.100071 0.41368 0.969131 
10 176303 6.86 3.89105e-05 7.00442 0.141876 -0.000141991 0.10007 0.418764 0.970548 
10 176560 6.87 3.89105e-05 7.00442 0.141997 -0.000206968 0.100069 0.41997 0.971969 
10 176817 6.88 3.89105e-05 7.00442 0.141361 -9.63535e-05 0.100067 0.413607 0.973386 
10 177074 6.89 3.89105e-05 7.00442 0.140972 -0.000107311 0.10007 0.409716 0.974798 
10 177331 6.9 3.89105e-05 7.00442 0.141091 -0.000232446 0.100071 0.410908 0.976206 
10 177588 6.91 3.89105e-05 7.00442 0.141663 -0.000253993 0.100071 0.416634 0.977619 
10 177845 6.92 3.89105e-05 7.00442 0.142048 -0.000144892 0.10007 0.420476 0.979039 
10 178102 6.93 3.89105e-05 7.00442 0.141712 -0.000159489 0.100067 0.417116 0.980459 
10 178359 6.94 3.89105e-05 7.00442 0.141186 -7.88429e-05 0.100069 0.411858 0.981874 
10 178616 6.95 3.89105e-05 7.00442 0.140981 -0.000127498 0.100071 0.409812 0.983284 
10 178873 6.96 3.89105e-05 7.00442 0.141368 -0.000244807 0.100071 0.41368 0.984694 
10 179130 6.97 3.89105e-05 7.00442 0.141895 -0.000174253 0.10007 0.418947 0.986111 
10 179387 6.98 3.89105e-05 7.00442 0.142072 -0.000220167 0.10007 0.420722 0.987532 
10 179644 6.99 3.89105e-05 7.00442 0.14147 -0.000101772 0.100067 0.414696 0.98895 
10 179901 7 3.89105e-05 7.00442 0.141078 -0.000115483 0.10007 0.41078 0.990363 
10 180158 7.01 3.89105e-05 7.00442 0.141161 -0.000242584 0.100071 0.411609 0.991772 
10 180415 7.02 3.89105e-05 7.00442 0.141719 -0.000279982 0.100071 0.417194 0.993186 
10 180672 7.03 3.89105e-05 7.00442 0.142112 -0.000165951 0.10007 0.42112 0.994606 
10 180929 7.04 3.89105e-05 7.00442 0.14182 -0.000195057 0.100068 0.418196 0.996027 
10 181186 7.05 3.89105e-05 7.00442 0.141268 -9.80169e-05 0.100069 0.412677 0.997443 
10 181443 7.06 3.89105e-05 7.00442 0.141037 -0.000161059 0.100071 0.41037 0.998854 
10 181700 7.07 3.89105e-05 7.00442 0.14137 -0.000310553 0.100071 0.4137 1.00026 
10 181957 7.08 3.89105e-05 7.00442 0.141868 -0.000229977 0.10007 0.418683 1.00168 
10 182214 7.09 3.89105e-05 7.00442 0.142052 -0.000246912 0.10007 0.420521 1.0031 
10 182471 7.1 3.89105e-05 7.00442 0.141422 -0.000131494 0.100067 0.414219 1.00452 
10 182728 7.11 3.89105e-05 7.00442 0.140993 -0.000134605 0.10007 0.409926 1.00593 
10 182985 7.12 3.89105e-05 7.00442 0.141037 -0.000267526 0.100071 0.410369 1.00734 
10 183242 7.13 3.89105e-05 7.00442 0.141587 -0.000318027 0.100071 0.415874 1.00875 
10 183499 7.14 3.89105e-05 7.00442 0.141991 -0.000181424 0.10007 0.41991 1.01017 
10 183756 7.15 3.89105e-05 7.00442 0.141752 -0.000202205 0.100068 0.417519 1.01159 
10 184013 7.16 3.89105e-05 7.00442 0.141202 -7.79441e-05 0.100068 0.412017 1.01301 
10 184270 7.17 3.89105e-05 7.00442 0.140961 -0.000122362 0.100071 0.40961 1.01442 
10 184527 7.18 3.89105e-05 7.00442 0.141306 -0.000263227 0.100071 0.413059 1.01583 
10 184784 7.19 3.89105e-05 7.00442 0.141842 -0.000192458 0.100071 0.418423 1.01724 
10 185041 7.2 3.89105e-05 7.00442 0.142041 -0.000197165 0.100069 0.420408 1.01866 
10 185298 7.21 3.89105e-05 7.00442 0.141455 -0.000122098 0.100067 0.41455 1.02008 
10 185555 7.22 3.89105e-05 7.00442 0.141048 -0.000112994 0.10007 0.410483 1.02149 
10 185812 7.23 3.89105e-05 7.00442 0.141076 -0.000220361 0.100071 0.410757 1.0229 
10 186069 7.24 3.89105e-05 7.00442 0.141596 -0.000277359 0.100071 0.415963 1.02432 
10 186326 7.25 3.89105e-05 7.00442 0.142017 -0.000134914 0.10007 0.420166 1.02573 
10 186583 7.26 3.89105e-05 7.00442 0.141767 -0.000174584 0.100068 0.417669 1.02715 
10 186840 7.27 3.89105e-05 7.00442 0.14123 -5.37098e-05 0.100068 0.412298 1.02857 
10 187097 7.28 3.89105e-05 7.00442 0.140984 -0.000122759 0.100071 0.409843 1.02998 
10 187354 7.29 3.89105e-05 7.00442 0.141274 -0.000279373 0.100071 0.412735 1.03139 
10 187611 7.3 3.89105e-05 7.00442 0.141805 -0.000207012 0.10007 0.41805 1.03281 
10 187868 7.31 3.89105e-05 7.00442 0.142032 -0.000193555 0.10007 0.420316 1.03423 
10 188125 7.32 3.89105e-05 7.00442 0.141451 -0.000133635 0.100066 0.41451 1.03564 
10 188382 7.33 3.89105e-05 7.00442 0.141007 -0.00010656 0.10007 0.410067 1.03706 
10 188639 7.34 3.89105e-05 7.00442 0.141013 -0.000238835 0.100071 0.410127 1.03847 
10 188896 7.35 3.89105e-05 7.00442 0.141559 -0.000323679 0.100071 0.415594 1.03988 
10 189153 7.36 3.89105e-05 7.00442 0.141992 -0.000184831 0.10007 0.419915 1.0413 
10 189410 7.37 3.89105e-05 7.00442 0.141831 -0.000234378 0.100068 0.418311 1.04272 
10 189667 7.38 3.89105e-05 7.00442 0.14126 -8.16226e-05 0.100068 0.4126 1.04413 
10 189924 7.39 3.89105e-05 7.00442 0.140985 -0.00012219 0.100071 0.409849 1.04554 
10 190181 7.4 3.89105e-05 7.00442 0.141271 -0.000288812 0.100071 0.412712 1.04695 
10 190438 7.41 3.89105e-05 7.00442 0.14183 -0.000229265 0.100071 0.418301 1.04837 
10 190695 7.42 3.89105e-05 7.00442 0.142103 -0.000186437 0.10007 0.421035 1.04979 
10 190952 7.43 3.89105e-05 7.00442 0.141573 -0.000135452 0.100067 0.415725 1.05121 
10 191209 7.44 3.89105e-05 7.00442 0.141123 -0.000102839 0.10007 0.411234 1.05262 
10 191466 7.45 3.89105e-05 7.00442 0.141108 -0.000244905 0.100071 0.411085 1.05403 
10 191723 7.46 3.89105e-05 7.00442 0.141614 -0.000371509 0.100071 0.416141 1.05544 
10 191980 7.47 3.89105e-05 7.00442 0.142065 -0.000232754 0.10007 0.420653 1.05686 
10 192237 7.48 3.89105e-05 7.00442 0.141939 -0.000287856 0.100069 0.419391 1.05829 
10 192494 7.49 3.89105e-05 7.00442 0.141354 -0.000121701 0.100068 0.413542 1.0597 
10 192751 7.5 3.89105e-05 7.00442 0.141047 -0.000171201 0.100071 0.410468 1.06111 
10 193008 7.51 3.89105e-05 7.00442 0.141293 -0.000361168 0.100072 0.412929 1.06252 
10 193265 7.52 3.89105e-05 7.00442 0.141815 -0.000297957 0.100071 0.418146 1.06394 
10 193522 7.53 3.89105e-05 7.00442 0.142076 -0.000213972 0.10007 0.420763 1.06536 
10 193779 7.54 3.89105e-05 7.00442 0.14153 -0.000196172 0.100067 0.415297 1.06678 
10 194036 7.55 3.89105e-05 7.00442 0.141056 -0.000133224 0.10007 0.410562 1.06819 
10 194293 7.56 3.89105e-05 7.00442 0.141005 -0.00026699 0.100071 0.410052 1.0696 
10 194550 7.57 3.89105e-05 7.00442 0.141496 -0.000376327 0.100071 0.414955 1.07101 
10 194807 7.58 3.89105e-05 7.00442 0.141959 -0.000222993 0.10007 0.419589 1.07243 
10 195064 7.59 3.89105e-05 7.00442 0.14189 -0.000288753 0.100069 0.418898 1.07385 
10 195321 7.6 3.89105e-05 7.00442 0.141286 -8.59133e-05 0.100068 0.412863 1.07527 
10 195578 7.61 3.89105e-05 7.00442 0.140979 -0.000109966 0.100071 0.40979 1.07668 
10 195835 7.62 3.89105e-05 7.00442 0.141217 -0.000297037 0.100071 0.412165 1.07809 
10 196092 7.63 3.89105e-05 7.00442 0.141758 -0.000267628 0.100071 0.417576 1.0795 
10 196349 7.64 3.89105e-05 7.00442 0.14206 -0.000173056 0.10007 0.420596 1.08092 
10 196606 7.65 3.89105e-05 7.00442 0.141565 -0.000178784 0.100067 0.415653 1.08234 
10 196863 7.66 3.89105e-05 7.00442 0.141104 -0.000114076 0.100069 0.411042 1.08375 
10 197120 7.67 3.89105e-05 7.00442 0.141038 -0.000232162 0.100071 0.410379 1.08516 
10 197377 7.68 3.89105e-05 7.00442 0.141504 -0.000368977 0.100071 0.41504 1.08658 
10 197634 7.69 3.89105e-05 7.00442 0.14198 -0.000227574 0.10007 0.4198 1.08799 
10 197891 7.7 3.89105e-05 7.00442 0.141961 -0.000309173 0.100069 0.419613 1.08941 
10 198148 7.71 3.89105e-05 7.00442 0.14136 -0.000106614 0.100068 0.4136 1.09083 
10 198405 7.72 3.89105e-05 7.00442 0.141039 -0.00014421 0.100071 0.410386 1.09224 
10 198662 7.73 3.89105e-05 7.00442 0.141224 -0.000341105 0.100072 0.412245 1.09365 
10 198919 7.74 3.89105e-05 7.00442 0.141755 -0.000304165 0.100071 0.417548 1.09507 
10 199176 7.75 3.89105e-05 7.00442 0.142065 -0.000189413 0.100069 0.420652 1.09649 
10 199433 7.76 3.89105e-05 7.00442 0.141584 -0.000216671 0.100067 0.415844 1.09791 
10 199690 7.77 3.89105e-05 7.00442 0.141095 -0.000136703 0.100069 0.410951 1.09932 
10 199947 7.78 3.89105e-05 7.00442 0.141008 -0.000275337 0.100071 0.410081 1.10073 
10 200204 7.79 3.89105e-05 7.00442 0.14147 -0.000434701 0.100071 0.414698 1.10214 
10 200461 7.8 3.89105e-05 7.00442 0.141957 -0.000274551 0.10007 0.419571 1.10356 
10 200718 7.81 3.89105e-05 7.00442 0.141974 -0.000351659 0.100069 0.41974 1.10498 
10 200975 7.82 3.89105e-05 7.00442 0.14136 -0.000117032 0.100067 0.413597 1.1064 
10 201232 7.83 3.89105e-05 7.00442 0.141021 -0.000126432 0.100071 0.410205 1.10781 
10 201489 7.84 3.89105e-05 7.00442 0.1412 -0.000335516 0.100071 0.411997 1.10922 
10 201746 7.85 3.89105e-05 7.00442 0.141747 -0.000324911 0.100071 0.417467 1.11063 
10 202003 7.86 3.89105e-05 7.00442 0.142098 -0.000199325 0.10007 0.420978 1.11205 
10 202260 7.87 3.89105e-05 7.00442 0.141685 -0.000229505 0.100067 0.416852 1.11347 
10 202517 7.88 3.89105e-05 7.00442 0.141205 -0.000125716 0.100069 0.412051 1.11489 
10 202774 7.89 3.89105e-05 7.00442 0.141117 -0.000258213 0.100071 0.411174 1.1163 
10 203031 7.9 3.89105e-05 7.00442 0.141553 -0.000441033 0.100072 0.415535 1.11771 
10 203288 7.91 3.89105e-05 7.00442 0.142021 -0.000282811 0.100071 0.42021 1.11913 
10 203545 7.92 3.89105e-05 7.00442 0.142064 -0.000373612 0.100069 0.420645 1.12055 
10 203802 7.93 3.89105e-05 7.00442 0.14145 -0.000151434 0.100068 0.4145 1.12197 
10 204059 7.94 3.89105e-05 7.00442 0.141079 -0.000168778 0.100071 0.410786 1.12338 
10 204316 7.95 3.89105e-05 7.00442 0.141222 -0.000404122 0.100072 0.412216 1.12479 
10 204573 7.96 3.89105e-05 7.00442 0.14173 -0.000421048 0.100071 0.4173 1.1262 
10 204830 7.97 3.89105e-05 7.00442 0.142051 -0.000263987 0.10007 0.420505 1.12762 
10 205087 7.98 3.89105e-05 7.00442 0.141654 -0.000288 0.100067 0.416542 1.12904 
10 205344 7.99 3.89105e-05 7.00442 0.141145 -0.000171656 0.100069 0.411448 1.13046 
