t dt mgp.i mgp.nrelax mgpf.i mgpf.nrelax mgu.i mgu.nrelax grid->tn perf.t perf.speed npe
0 0.000319602 0 0 0 0 0 0 13786 0 0 1
0.000319602 0.000319602 7 2 15 2 2 4 5824 0.711026 8190.98 1
0.00103445 0.00071485 8 2 16 2 2 4 5155 0.881988 12448 1
0.00184578 0.000811326 7 2 8 2 2 4 5140 1.0059 16024.4 1
0.00274497 0.000899195 6 2 8 2 2 4 5152 1.13607 18723.3 1
0.00372382 0.000978848 6 2 8 2 2 3 5167 1.23281 21445.3 1
0.00477526 0.00105143 6 2 7 2 2 2 5224 1.31711 24039.1 1
0.00589063 0.00111537 6 2 7 2 2 2 5266 1.3898 26570.8 1
0.00706708 0.00117645 6 2 7 2 2 2 5317 1.47778 28586.9 1
0.00829634 0.00122926 6 2 7 2 2 2 5359 1.57032 30314.8 1
0.00957681 0.00128048 6 2 7 2 2 2 5407 1.66505 31837.6 1
0.0108987 0.0013219 6 2 7 2 2 2 5431 1.76827 33050.4 1
0.0122611 0.0013624 6 2 7 2 2 2 5494 1.84227 34705 1
0.0136627 0.00140155 6 2 7 2 2 2 5599 1.91493 36312.1 1
0.0150973 0.00143462 6 2 7 2 2 2 5638 1.99022 37771.2 1
0.0165622 0.00146496 6 2 7 2 2 2 5671 2.06459 39157.4 1
0.0180543 0.00149209 5 2 7 2 2 2 5704 2.13853 40470.7 1
0.0195747 0.00152033 6 2 7 2 2 2 5755 2.22206 41539.3 1
0.0211194 0.00154478 5 2 7 2 2 2 5797 2.29949 42661.6 1
0.0226844 0.00156497 5 2 7 2 2 2 5824 2.37077 43835.6 1
0.0242702 0.00158577 5 2 7 2 2 2 5851 2.4381 45024.8 1
0.0258774 0.0016072 5 2 7 2 2 2 5896 2.5083 46115.4 1
0.0275011 0.00162371 5 2 7 2 2 2 5929 2.58323 47072.9 1
0.0291417 0.00164062 5 2 7 2 2 2 5986 2.68596 47501 1
0.0307938 0.00165213 5 2 7 2 2 2 6019 2.76932 48244.6 1
0.0324636 0.00166977 5 2 7 2 2 2 6067 2.8465 49068 1
0.0341454 0.00168179 5 2 6 2 2 2 6082 2.92247 49873.5 1
0.0358394 0.00169402 5 2 6 2 2 2 6112 2.99564 50695.7 1
0.0375396 0.00170022 5 2 6 2 2 2 6178 3.07265 51435.7 1
0.0392525 0.00171282 5 2 6 2 2 2 6211 3.18455 51578.7 1
0.0409717 0.00171921 5 2 6 2 2 2 6229 3.257 52343.9 1
0.0427038 0.00173218 5 2 6 2 2 2 6259 3.3325 53036.1 1
0.0444426 0.00173877 5 2 6 2 2 2 6298 3.40874 53697.5 1
0.046188 0.00174543 5 2 5 2 2 2 6346 3.47488 54501.8 1
0.0479402 0.00175217 5 2 5 2 2 2 6370 3.53867 55319.4 1
0.0496992 0.00175899 5 2 5 2 2 2 6409 3.6082 56029.6 1
0.0514651 0.00176589 5 2 6 2 2 2 6442 3.70003 56380.1 1
0.0532379 0.00177287 5 2 6 2 2 2 6484 3.78197 56873 1
0.0550108 0.00177287 4 2 5 2 2 2 6493 3.84375 57648.1 1
0.0567908 0.00177996 4 2 5 2 2 2 6511 3.90865 58356.8 1
0.0585779 0.00178713 5 2 6 2 2 2 6550 3.98178 58930 1
0.060365 0.00178713 5 2 6 2 2 2 6568 4.07371 59212.4 1
0.0621595 0.00179443 4 2 6 2 2 2 6625 4.13776 59897 1
0.0639539 0.00179443 5 2 6 2 2 2 6679 4.21995 60313.1 1
0.0657557 0.00180184 4 2 6 2 2 2 6703 4.28556 60953.7 1
0.0675576 0.00180184 5 2 6 2 2 2 6733 4.35723 61496.4 1
0.0693594 0.00180184 5 2 6 2 2 2 6760 4.43027 62008.4 1
0.0711688 0.00180941 4 2 5 2 2 2 6781 4.4933 62647.7 1
0.0729783 0.00180941 5 2 6 2 2 2 6793 4.56268 63183.9 1
0.0747877 0.00180941 4 2 6 2 2 2 6841 4.65597 63387.3 1
0.0766048 0.00181715 4 2 5 2 2 2 6856 4.76275 63405.6 1
0.078422 0.00181715 4 2 5 2 2 2 6904 4.87393 63375.8 1
0.0802391 0.00181715 5 2 6 2 2 2 6925 4.96454 63614 1
0.0820563 0.00181715 4 2 6 2 2 2 6967 5.03032 64167.1 1
0.0838813 0.00182508 4 2 5 2 2 2 6988 5.09005 64787 1
0.0857064 0.00182508 4 2 5 2 2 2 7027 5.16977 65147.2 1
0.0875315 0.00182508 4 2 5 2 2 2 7060 5.23664 65663.4 1
0.0893566 0.00182508 4 2 5 2 2 2 7087 5.29885 66230 1
0.0911817 0.00182508 4 2 5 2 2 2 7093 5.39034 66421.8 1
0.0930149 0.00183327 4 2 5 2 2 2 7126 5.49378 66468.2 1
0.0948482 0.00183327 4 2 5 2 2 2 7150 5.59203 66579 1
0.0966815 0.00183327 5 2 6 2 2 2 7171 5.68089 66799.9 1
0.0985147 0.00183327 5 2 6 2 2 2 7210 5.75443 67199.2 1
0.100348 0.00183327 4 2 4 2 2 2 7222 5.82707 67600.8 1
0.102181 0.00183327 4 2 4 2 2 2 7252 5.90914 67889.3 1
0.104023 0.00184175 3 2 5 2 2 2 7282 5.97222 68391.5 1
0.105865 0.00184175 5 2 6 2 2 2 7309 6.05028 68717.2 1
0.107707 0.00184175 5 2 6 2 2 2 7336 6.12555 69070.4 1
0.109548 0.00184175 4 2 5 2 2 2 7357 6.22774 69118.4 1
0.11139 0.00184175 4 2 5 2 2 2 7366 6.31114 69372.1 1
0.113232 0.00184175 5 2 6 2 2 2 7405 6.43742 69161.5 1
0.115074 0.00184175 5 2 6 2 2 2 7429 6.56591 68939.6 1
0.116915 0.00184175 4 2 4 2 2 2 7477 6.65133 69178.3 1
0.118757 0.00184175 4 2 4 2 2 2 7516 6.78143 68959.5 1
0.120608 0.00185069 5 2 6 2 2 2 7543 6.92083 68660.4 1
0.122458 0.00185069 5 2 6 2 2 2 7567 6.99929 68971.8 1
0.124309 0.00185069 3 2 4 2 2 2 7594 7.07086 69347.7 1
0.12616 0.00185069 3 2 5 2 2 2 7618 7.19575 69202.8 1
0.128011 0.00185069 5 2 6 2 2 2 7630 7.38354 68476.1 1
0.129861 0.00185069 5 2 6 2 2 2 7651 7.50232 68411.8 1
0.131712 0.00185069 4 2 4 2 2 2 7663 7.60918 68458.1 1
0.133563 0.00185069 3 2 5 2 2 2 7696 7.72316 68444.2 1
0.135413 0.00185069 5 2 6 2 2 2 7717 7.8292 68502.9 1
0.137264 0.00185069 5 2 6 2 2 2 7756 7.97316 68238.8 1
0.139115 0.00185069 4 2 4 2 2 2 7774 8.11646 67991.8 1
0.140975 0.00186023 5 2 6 2 2 2 7783 8.23862 67928.4 1
0.142835 0.00186023 5 2 6 2 2 2 7810 8.32476 68163.7 1
0.144695 0.00186023 3 2 5 2 2 2 7816 8.4111 68393.2 1
0.146556 0.00186023 3 2 4 2 2 2 7849 8.48011 68762.2 1
0.148416 0.00186023 5 2 6 2 2 2 7864 8.5567 69065.8 1
0.150276 0.00186023 5 2 6 2 2 2 7903 8.63462 69357.8 1
0.152136 0.00186023 4 2 5 2 2 2 7921 8.7582 69283.5 1
0.153997 0.00186023 5 2 6 2 2 2 7936 8.87343 69278.2 1
0.155857 0.00186023 5 2 6 2 2 2 7951 8.97784 69358.1 1
0.157717 0.00186023 4 2 6 2 2 2 7975 9.07628 69484.5 1
0.159577 0.00186023 5 2 6 2 2 2 8008 9.19415 69464.7 1
0.161437 0.00186023 4 2 6 2 2 2 8017 9.29223 69594.3 1
0.163298 0.00186023 3 2 5 2 2 2 8047 9.39155 69715.1 1
0.165158 0.00186023 5 2 6 2 2 2 8059 9.47668 69939.2 1
0.167018 0.00186023 5 2 6 2 2 2 8074 9.55045 70244.4 1
0.168878 0.00186023 3 2 5 2 2 2 8095 9.61446 70618.7 1
0.170749 0.00187074 5 2 6 2 2 2 8119 9.70613 70788.2 1
0.17262 0.00187074 5 2 6 2 2 2 8140 9.78402 71056.7 1
0.174491 0.00187074 4 2 6 2 2 2 8149 9.85802 71349.9 1
0.176361 0.00187074 4 2 6 2 2 2 8155 9.94117 71573.4 1
0.178232 0.00187074 5 2 6 2 2 2 8176 10.0221 71811.1 1
0.180103 0.00187074 4 2 6 2 2 2 8179 10.1 72067.5 1
0.181974 0.00187074 3 2 5 2 2 2 8218 10.21 72095.4 1
0.183844 0.00187074 4 2 6 2 2 2 8233 10.3487 71924.9 1
0.185715 0.00187074 4 2 6 2 2 2 8242 10.4498 72018 1
0.187586 0.00187074 4 2 5 2 2 2 8290 10.5411 72180.6 1
0.189457 0.00187074 4 2 6 2 2 2 8317 10.6811 72013 1
0.191327 0.00187074 5 2 6 2 2 2 8329 10.8506 71656.1 1
0.193198 0.00187074 4 2 5 2 2 2 8335 11.0023 71425 1
0.195069 0.00187074 4 2 6 2 2 2 8347 11.1098 71485.6 1
0.19694 0.00187074 5 2 6 2 2 2 8365 11.2255 71493.8 1
0.19881 0.00187074 4 2 6 2 2 2 8383 11.3328 71556.6 1
0.200681 0.00187074 5 2 6 2 2 2 8392 11.4266 71704 1
0.202552 0.00187074 5 2 6 2 2 2 8404 11.5191 71857.4 1
0.204423 0.00187074 4 2 6 2 2 2 8422 11.6009 72076.9 1
0.206293 0.00187074 4 2 6 2 2 2 8446 11.6799 72312.5 1
0.208164 0.00187074 5 2 6 2 2 2 8455 11.7693 72481.4 1
0.210047 0.00188281 4 2 6 2 2 2 8473 11.8766 72540.3 1
0.21193 0.00188281 4 2 6 2 2 2 8488 11.9841 72597.7 1
0.213812 0.00188281 4 2 6 2 2 2 8512 12.088 72678 1
0.215695 0.00188281 4 2 6 2 2 2 8524 12.2023 72695.6 1
0.217578 0.00188281 5 2 6 2 2 2 8548 12.299 72819.1 1
0.219461 0.00188281 5 2 6 2 2 2 8560 12.3949 72946.3 1
0.221344 0.00188281 4 2 6 2 2 2 8578 12.4875 73092.3 1
0.223227 0.00188281 4 2 6 2 2 2 8593 12.5698 73297.4 1
0.225109 0.00188281 4 2 6 2 2 2 8611 12.6574 73470.5 1
0.226992 0.00188281 4 2 6 2 2 2 8635 12.7561 73578.6 1
0.228875 0.00188281 4 2 6 2 2 2 8656 12.8505 73712.1 1
0.230758 0.00188281 4 2 6 2 2 2 8680 12.9418 73862.9 1
0.232641 0.00188281 4 2 6 2 2 2 8692 13.034 74007.3 1
0.234523 0.00188281 4 2 6 2 2 2 8710 13.1148 74215 1
0.236406 0.00188281 4 2 6 2 2 2 8728 13.2077 74353.8 1
0.238289 0.00188281 4 2 6 2 2 2 8746 13.288 74562.7 1
0.240172 0.00188281 5 2 6 2 2 2 8749 13.3731 74742.7 1
0.242055 0.00188281 5 2 6 2 2 2 8758 13.4586 74918.5 1
0.243937 0.00188281 4 2 6 2 2 2 8782 13.5372 75132 1
0.24582 0.00188281 4 2 6 2 2 2 8800 13.6188 75328 1
0.247703 0.00188281 4 2 6 2 2 2 8833 13.7038 75505.7 1
0.249586 0.00188281 4 2 6 2 2 2 8848 13.789 75680.9 1
0.251469 0.00188281 4 2 6 2 2 2 8854 13.8792 75827 1
0.253352 0.00188281 4 2 6 2 2 2 8872 13.9726 75955.1 1
0.255234 0.00188281 4 2 6 2 2 2 8890 14.1903 75416 1
0.257117 0.00188281 5 2 6 2 2 2 8926 14.4681 74584.9 1
0.259 0.00188281 4 2 6 2 2 2 8938 14.5977 74535.1 1
0.260883 0.00188281 4 2 6 2 2 2 8947 14.7325 74460.4 1
0.262781 0.00189776 4 2 6 2 2 2 8971 14.8467 74491.9 1
0.264678 0.00189776 4 2 6 2 2 2 8977 14.9491 74582.2 1
0.266576 0.00189776 4 2 6 2 2 2 9010 15.0505 74678.4 1
0.268474 0.00189776 4 2 6 2 2 2 9031 15.1541 74763.5 1
0.270372 0.00189776 4 2 6 2 2 2 9040 15.2805 74736.9 1
0.272269 0.00189776 4 2 6 2 2 2 9049 15.3855 74815 1
0.274167 0.00189776 4 2 6 2 2 2 9064 15.4886 74902.3 1
0.276065 0.00189776 4 2 6 2 2 2 9097 15.5941 74979 1
0.277963 0.00189776 4 2 6 2 2 2 9115 15.6929 75087.7 1
0.27986 0.00189776 4 2 6 2 2 2 9121 15.779 75255.7 1
0.281758 0.00189776 4 2 6 2 2 2 9145 15.8624 75436.6 1
0.283656 0.00189776 4 2 6 2 2 2 9151 15.9458 75615.9 1
0.285554 0.00189776 4 2 6 2 2 2 9154 16.034 75770.9 1
0.287451 0.00189776 4 2 6 2 2 2 9175 16.1181 75945.1 1
0.289349 0.00189776 4 2 6 2 2 2 9184 16.2029 76114.1 1
0.291247 0.00189776 4 2 6 2 2 2 9190 16.3553 75967.2 1
0.293145 0.00189776 4 2 6 2 2 2 9211 16.4962 75876.6 1
0.295042 0.00189776 4 2 6 2 2 2 9232 16.6341 75802.6 1
0.29694 0.00189776 4 2 6 2 2 2 9250 16.7827 75682.3 1
0.298838 0.00189776 4 2 6 2 2 2 9265 16.9964 75275.8 1
0.300736 0.00189776 4 2 6 2 2 2 9274 17.1076 75328.7 1
0.302633 0.00189776 4 2 6 2 2 2 9301 17.2197 75378.5 1
0.304531 0.00189776 4 2 6 2 2 2 9310 17.3388 75397.6 1
0.306429 0.00189776 4 2 6 2 2 2 9316 17.5678 74945.2 1
0.308327 0.00189776 4 2 6 2 2 2 9325 17.7772 74586.7 1
0.310224 0.00189776 4 2 6 2 2 2 9340 17.9513 74383.7 1
0.312122 0.00189776 4 2 6 2 2 2 9352 18.1226 74196.7 1
0.31402 0.00189776 4 2 6 2 2 2 9367 18.2305 74271.3 1
0.315918 0.00189776 4 2 6 2 2 2 9379 18.3383 74346.4 1
0.317815 0.00189776 4 2 6 2 2 2 9391 18.5044 74186.4 1
0.319713 0.00189776 4 2 6 2 2 2 9412 18.6674 74042.9 1
0.321611 0.00189776 4 2 6 2 2 2 9427 18.7896 74063.1 1
0.323509 0.00189776 4 2 6 2 2 2 9430 18.9143 74073.3 1
0.325406 0.00189776 4 2 6 2 2 2 9442 19.0132 74184.7 1
0.327304 0.00189776 4 2 6 2 2 2 9448 19.1143 74286.6 1
0.329202 0.00189776 4 2 6 2 2 2 9466 19.2368 74305.4 1
0.3311 0.00189776 4 2 6 2 2 2 9490 19.4301 74054.8 1
0.332997 0.00189776 4 2 6 2 2 2 9502 19.5837 73958.9 1
0.334895 0.00189776 4 2 6 2 2 2 9529 19.747 73830.1 1
0.336793 0.00189776 4 2 6 2 2 2 9562 19.8774 73826.8 1
0.338691 0.00189776 4 2 6 2 2 2 9571 20.0339 73727.9 1
0.340589 0.00189776 4 2 6 2 2 2 9586 20.3425 73080.4 1
0.342486 0.00189776 4 2 6 2 2 2 9604 20.4827 73049.1 1
0.344384 0.00189776 4 2 6 2 2 2 9616 20.6382 72964.7 1
0.346282 0.00189776 4 2 6 2 2 2 9628 20.7979 72867.3 1
0.34818 0.00189776 5 2 6 2 2 2 9646 21.0757 72364.5 1
0.350077 0.00189776 4 2 6 2 2 2 9664 22.0359 69649.8 1
0.351975 0.00189776 4 2 6 2 2 2 9685 22.4323 68851 1
0.353873 0.00189776 4 2 6 2 2 2 9703 22.7881 68201.8 1
0.355771 0.00189776 4 2 6 2 2 2 9703 23.3047 67106.2 1
0.357668 0.00189776 4 2 6 2 2 2 9709 23.7297 66313.3 1
0.359566 0.00189776 4 2 6 2 2 2 9718 24.091 65722.3 1
0.361464 0.00189776 4 2 6 2 2 2 9730 24.6496 64627.7 1
0.363362 0.00189776 4 2 6 2 2 2 9736 25.1776 63659.2 1
0.365259 0.00189776 4 2 6 2 2 2 9751 25.452 63355.8 1
0.367157 0.00189776 4 2 6 2 2 2 9766 26.0956 62167.6 1
0.369055 0.00189776 4 2 6 2 2 2 9775 26.5673 61431.8 1
0.370953 0.00189776 4 2 6 2 2 2 9781 26.8373 61178.1 1
0.37285 0.00189776 4 2 6 2 2 2 9799 27.0447 61071.3 1
0.374748 0.00189776 4 2 6 2 2 2 9811 27.3621 60721.5 1
0.376646 0.00189776 4 2 6 2 2 2 9829 27.6777 60384.2 1
0.378544 0.00189776 4 2 6 2 2 2 9841 27.9114 60231.2 1
0.380441 0.00189776 4 2 6 2 2 2 9856 28.0682 60245.9 1
0.382339 0.00189776 4 2 6 2 2 2 9877 28.2184 60275.1 1
0.384237 0.00189776 4 2 6 2 2 2 9883 28.4067 60223.5 1
0.386135 0.00189776 4 2 6 2 2 2 9904 28.5863 60191.5 1
0.388032 0.00189776 4 2 6 2 2 2 9907 28.7416 60211 1
0.38993 0.00189776 4 2 6 2 2 2 9907 28.8858 60253.5 1
0.391828 0.00189776 4 2 6 2 2 2 9922 29.0352 60285.1 1
0.393726 0.00189776 4 2 6 2 2 2 9928 29.1873 60311.1 1
0.395623 0.00189776 4 2 6 2 2 2 9955 29.378 60258.5 1
0.397521 0.00189776 5 2 6 2 2 2 9970 29.545 60255.3 1
0.399419 0.00189776 4 2 6 2 2 2 9976 29.7202 60235.9 1
0.401317 0.00189776 4 2 6 2 2 2 9979 29.8558 60296.5 1
0.403214 0.00189776 4 2 6 2 2 2 9985 29.9776 60384.6 1
0.405112 0.00189776 4 2 6 2 2 2 10018 30.0819 60508.2 1
0.40701 0.00189776 4 2 6 2 2 2 10036 30.1869 60630.1 1
0.408908 0.00189776 4 2 6 2 2 2 10054 30.2893 60757.2 1
0.410805 0.00189776 4 2 6 2 2 2 10063 30.4094 60848.1 1
0.412703 0.00189776 4 2 6 2 2 2 10069 30.5642 60869.3 1
0.414601 0.00189776 4 2 6 2 2 2 10075 30.6888 60950.6 1
0.416499 0.00189776 4 2 6 2 2 2 10087 30.8164 61025.5 1
0.418397 0.00189776 4 2 6 2 2 2 10105 30.9307 61126.8 1
0.420294 0.00189776 4 2 6 2 2 2 10114 31.036 61245.2 1
0.422192 0.00189776 4 2 6 2 2 2 10132 31.1462 61353.7 1
0.42409 0.00189776 4 2 6 2 2 2 10138 31.2755 61424.3 1
0.425988 0.00189776 4 2 6 2 2 2 10144 31.4034 61497.1 1
0.427885 0.00189776 4 2 6 2 2 2 10162 31.5102 61611.2 1
0.429783 0.00189776 4 2 6 2 2 2 10174 31.6212 61716.8 1
0.431681 0.00189776 4 2 6 2 2 2 10183 31.7382 61809.9 1
0.433579 0.00189776 4 2 6 2 2 2 10195 31.8441 61924.6 1
0.435476 0.00189776 4 2 6 2 2 2 10201 31.9489 62040.9 1
0.437374 0.00189776 4 2 6 2 2 2 10213 32.0528 62158.2 1
0.439272 0.00189776 4 2 6 2 2 2 10231 32.1596 62270 1
0.44117 0.00189776 4 2 6 2 2 2 10255 32.2674 62379.8 1
0.443067 0.00189776 4 2 6 2 2 2 10261 32.3719 62495.4 1
0.444965 0.00189776 4 2 6 2 2 2 10273 32.4678 62627.1 1
0.446863 0.00189776 4 2 6 2 2 2 10294 32.5672 62752.1 1
0.448761 0.00189776 4 2 6 2 2 2 10309 32.6685 62873.1 1
0.450658 0.00189776 4 2 6 2 2 2 10318 32.7733 62986.9 1
0.452556 0.00189776 4 2 6 2 2 2 10330 32.8656 63124.2 1
0.454454 0.00189776 4 2 6 2 2 2 10342 32.963 63251.5 1
0.456352 0.00189776 4 2 6 2 2 2 10363 33.0614 63376.7 1
0.458249 0.00189776 4 2 6 2 2 2 10375 33.1602 63500.7 1
0.460147 0.00189776 4 2 6 2 2 2 10372 33.2573 63627.2 1
0.462045 0.00189776 4 2 6 2 2 2 10387 33.3534 63755.3 1
0.463943 0.00189776 4 2 6 2 2 2 10393 33.4616 63859.8 1
0.46584 0.00189776 4 2 6 2 2 2 10411 33.5621 63978.7 1
0.467738 0.00189776 4 2 6 2 2 2 10435 33.6617 64099.5 1
0.469636 0.00189776 4 2 6 2 2 2 10441 33.7784 64187.1 1
0.471534 0.00189776 4 2 6 2 2 2 10447 33.8814 64300.3 1
0.473431 0.00189776 4 2 6 2 2 2 10462 33.9802 64421.2 1
0.475329 0.00189776 4 2 6 2 2 2 10477 34.0801 64539.8 1
0.477227 0.00189776 4 2 6 2 2 2 10480 34.1754 64666.5 1
0.479125 0.00189776 4 2 6 2 2 2 10498 34.2727 64789.3 1
0.481022 0.00189776 4 2 6 2 2 2 10510 34.3665 64918.2 1
0.48292 0.00189776 4 2 6 2 2 2 10525 34.4726 65023.7 1
0.484818 0.00189776 4 2 6 2 2 2 10537 34.5765 65133.1 1
0.486716 0.00189776 4 2 6 2 2 2 10549 34.6851 65233.2 1
0.488613 0.00189776 4 2 6 2 2 2 10552 34.797 65326.7 1
0.490511 0.00189776 4 2 6 2 2 2 10582 34.9082 65421.7 1
0.492409 0.00189776 4 2 6 2 2 2 10600 35.0266 65503.2 1
0.494307 0.00189776 4 2 6 2 2 2 10603 35.1392 65595 1
0.496204 0.00189776 4 2 6 2 2 2 10612 35.321 65558 1
0.498102 0.00189776 4 2 6 2 2 2 10630 35.4891 65546.8 1
0.5 0.00189776 4 2 6 2 2 2 10642 35.5963 65648.5 1
0.501951 0.00195122 4 2 6 2 2 2 10633 35.7136 65730.6 1
0.503902 0.00195122 4 2 6 2 2 2 10654 35.8256 65822.5 1
0.505854 0.00195122 4 2 6 2 2 2 10675 35.9381 65913.5 1
0.507805 0.00195122 4 2 6 2 2 2 10681 36.0563 65993.6 1
0.509756 0.00195122 4 2 6 2 2 2 10702 36.1702 66081.8 1
0.511707 0.00195122 4 2 6 2 2 2 10702 36.3205 66102.9 1
0.513659 0.00195122 4 2 6 2 2 2 10711 36.4644 66135.8 1
0.51561 0.00195122 4 2 6 2 2 2 10726 36.5933 66195.9 1
0.517561 0.00195122 4 2 6 2 2 2 10723 36.6959 66303 1
0.519512 0.00195122 4 2 6 2 2 2 10735 36.811 66387.4 1
0.521463 0.00195122 4 2 6 2 2 2 10753 36.9353 66455.1 1
0.523415 0.00195122 4 2 6 2 2 2 10780 37.0774 66491.1 1
0.525366 0.00195122 4 2 6 2 2 2 10786 37.1953 66570.4 1
0.527317 0.00195122 4 2 6 2 2 2 10807 37.3198 66637.8 1
0.529268 0.00195122 4 2 6 2 2 2 10810 37.431 66728.8 1
0.53122 0.00195122 4 2 6 2 2 2 10819 37.5446 66814.9 1
0.533171 0.00195122 4 2 6 2 2 2 10846 37.6591 66899.8 1
0.535122 0.00195122 4 2 6 2 2 2 10858 37.7675 66995.2 1
0.537073 0.00195122 4 2 6 2 2 2 10873 37.8745 67093.1 1
0.539024 0.00195122 4 2 6 2 2 2 10888 37.9788 67195.4 1
0.540976 0.00195122 4 2 6 2 2 2 10897 38.079 67304.9 1
0.542927 0.00195122 4 2 6 2 2 2 10900 38.1802 67412 1
0.544878 0.00195122 4 2 6 2 2 2 10906 38.2801 67520.9 1
0.546829 0.00195122 4 2 6 2 2 2 10909 38.3844 67621.7 1
0.54878 0.00195122 4 2 6 2 2 2 10918 38.4934 67713.8 1
0.550732 0.00195122 4 2 6 2 2 2 10933 38.6497 67722.9 1
0.552683 0.00195122 4 2 6 2 2 2 10933 38.7632 67806.6 1
0.554634 0.00195122 4 2 6 2 2 2 10942 38.8747 67893.6 1
0.556585 0.00195122 4 2 6 2 2 2 10951 38.982 67987.7 1
0.558548 0.00196237 4 2 6 2 2 2 10969 39.1116 68042.8 1
0.56051 0.00196237 4 2 6 2 2 2 10984 39.2338 68110.9 1
0.562472 0.00196237 4 2 6 2 2 2 10984 39.3923 68115.6 1
0.564435 0.00196237 4 2 6 2 2 2 11002 39.5239 68167.2 1
0.566397 0.00196237 4 2 6 2 2 2 11008 39.6495 68228.8 1
0.56836 0.00196237 4 2 6 2 2 2 11008 39.7632 68310.7 1
0.570322 0.00196237 4 2 6 2 2 2 11026 39.8791 68388.6 1
0.572284 0.00196237 4 2 6 2 2 2 11041 39.9925 68470.8 1
0.574247 0.00196237 4 2 6 2 2 2 11059 40.1038 68556.5 1
0.576209 0.00196237 4 2 6 2 2 2 11062 40.2325 68612 1
0.578171 0.00196237 4 2 6 2 2 2 11077 40.3452 68695.1 1
0.580134 0.00196237 4 2 6 2 2 2 11080 40.454 68784.1 1
0.582096 0.00196237 4 2 6 2 2 2 11083 40.5724 68856.6 1
0.584059 0.00196237 4 2 6 2 2 2 11116 40.6851 68939.1 1
0.586021 0.00196237 4 2 6 2 2 2 11122 40.7923 69030.5 1
0.587983 0.00196237 4 2 6 2 2 2 11134 40.907 69109.1 1
0.589946 0.00196237 4 2 6 2 2 2 11143 41.0087 69209.5 1
0.591908 0.00196237 4 2 6 2 2 2 11146 41.1086 69312.5 1
0.59387 0.00196237 4 2 6 2 2 2 11158 41.216 69402.6 1
0.595833 0.00196237 4 2 6 2 2 2 11164 41.322 69494.6 1
0.597795 0.00196237 4 2 6 2 2 2 11167 41.4233 69594.3 1
0.599757 0.00196237 4 2 6 2 2 2 11191 41.5248 69693.8 1
0.60172 0.00196237 4 2 6 2 2 2 11203 41.6546 69745.5 1
0.603682 0.00196237 4 2 6 2 2 2 11221 41.7652 69829.5 1
0.605645 0.00196237 4 2 6 2 2 2 11230 41.8773 69910.7 1
0.607607 0.00196237 4 2 6 2 2 2 11242 41.9948 69982.9 1
0.609569 0.00196237 4 2 6 2 2 2 11272 42.1407 70008 1
0.611532 0.00196237 4 2 6 2 2 2 11290 42.2695 70061.7 1
0.613494 0.00196237 4 2 6 2 2 2 11293 42.3828 70141 1
0.615456 0.00196237 4 2 6 2 2 2 11296 42.4978 70217 1
0.617419 0.00196237 4 2 6 2 2 2 11305 42.6138 70291.2 1
0.619381 0.00196237 4 2 6 2 2 2 11320 42.7267 70370.2 1
0.621344 0.00196237 4 2 6 2 2 2 11332 42.8371 70453.5 1
0.623306 0.00196237 4 2 6 2 2 2 11347 42.9475 70536.6 1
0.625268 0.00196237 4 2 6 2 2 2 11350 43.0552 70623.7 1
0.627231 0.00196237 4 2 6 2 2 2 11335 43.1628 70710.2 1
0.629193 0.00196237 4 2 6 2 2 2 11341 43.2867 70769.9 1
0.631155 0.00196237 4 2 6 2 2 2 11362 43.4268 70803.3 1
0.633132 0.0019768 4 2 6 2 2 2 11377 43.538 70883.6 1
0.635109 0.0019768 4 2 6 2 2 2 11401 43.6478 70966.6 1
0.637086 0.0019768 4 2 6 2 2 2 11413 43.7707 71028.1 1
0.639063 0.0019768 4 2 6 2 2 2 11416 43.89 71095.1 1
0.641039 0.0019768 4 2 6 2 2 2 11434 44.0142 71154.2 1
0.643016 0.0019768 4 2 6 2 2 2 11446 44.1365 71216.4 1
0.644993 0.0019768 4 2 6 2 2 2 11473 44.2557 71283.8 1
0.64697 0.0019768 4 2 6 2 2 2 11476 44.3737 71353 1
0.648947 0.0019768 4 2 6 2 2 2 11500 44.4893 71426 1
0.650923 0.0019768 4 2 6 2 2 2 11506 44.6097 71491.2 1
0.6529 0.0019768 4 2 6 2 2 2 11506 44.723 71567.4 1
0.654877 0.0019768 4 2 6 2 2 2 11527 44.8323 71649.9 1
0.656854 0.0019768 4 2 6 2 2 2 11551 44.9394 71736.2 1
0.658831 0.0019768 4 2 6 2 2 2 11554 45.046 71823 1
0.660807 0.0019768 4 2 6 2 2 2 11554 45.1518 71910.5 1
0.662784 0.0019768 4 2 6 2 2 2 11557 45.2588 71995.9 1
0.664761 0.0019768 4 2 6 2 2 2 11551 45.3666 72079.5 1
0.666738 0.0019768 4 2 6 2 2 2 11557 45.4755 72161 1
0.668715 0.0019768 4 2 6 2 2 2 11557 45.5852 72240.8 1
0.670691 0.0019768 4 2 6 2 2 2 11572 45.698 72315.8 1
0.672668 0.0019768 4 2 6 2 2 2 11587 45.809 72393.4 1
0.674645 0.0019768 4 2 6 2 2 2 11593 45.9188 72472.8 1
0.676622 0.0019768 4 2 6 2 2 2 11605 46.0287 72552 1
0.678599 0.0019768 4 2 6 2 2 2 11605 46.1418 72625.6 1
0.680575 0.0019768 4 2 6 2 2 2 11623 46.2527 72702.8 1
0.682552 0.0019768 4 2 6 2 2 2 11647 46.3623 72782.1 1
0.684529 0.0019768 4 2 6 2 2 2 11674 46.4826 72844.9 1
0.686506 0.0019768 4 2 6 2 2 2 11683 46.6345 72858.2 1
0.688483 0.0019768 4 2 6 2 2 2 11683 46.7678 72900.3 1
0.690459 0.0019768 4 2 6 2 2 2 11677 46.8785 72977.3 1
0.692436 0.0019768 4 2 6 2 2 2 11689 46.9952 73044.7 1
0.694413 0.0019768 4 2 6 2 2 2 11689 47.1134 73109.5 1
0.69639 0.0019768 4 2 6 2 2 2 11686 47.2419 73158 1
0.698367 0.0019768 4 2 6 2 2 2 11701 47.3754 73198.9 1
0.700343 0.0019768 4 2 6 2 2 2 11698 47.5469 73180.9 1
0.70232 0.0019768 4 2 6 2 2 2 11707 47.7295 73146.3 1
0.704297 0.0019768 4 2 6 2 2 2 11701 47.8697 73176.4 1
0.706274 0.0019768 4 2 6 2 2 2 11719 48.0148 73199.3 1
0.708251 0.0019768 4 2 6 2 2 2 11725 48.1333 73262.8 1
0.710227 0.0019768 4 2 6 2 2 2 11728 48.2793 73284.1 1
0.712204 0.0019768 4 2 6 2 2 2 11746 48.4183 73316.3 1
0.714181 0.0019768 4 2 6 2 2 2 11770 48.5566 73349.9 1
0.716158 0.0019768 4 2 6 2 2 2 11785 48.7628 73281.4 1
0.718135 0.0019768 4 2 6 2 2 2 11806 48.8911 73330.6 1
0.720111 0.0019768 4 2 6 2 2 2 11815 49.0468 73338.7 1
0.722088 0.0019768 4 2 6 2 2 2 11830 49.1854 73372.5 1
0.724065 0.0019768 4 2 6 2 2 2 11824 49.3425 73378.5 1
0.726042 0.0019768 4 2 6 2 2 2 11845 49.5046 73377.6 1
0.728019 0.0019768 4 2 6 2 2 2 11848 49.6437 73410.5 1
0.729995 0.0019768 4 2 6 2 2 2 11854 49.7783 73450.2 1
0.731972 0.0019768 4 2 6 2 2 2 11863 49.9035 73503.6 1
0.733949 0.0019768 4 2 6 2 2 2 11869 50.0385 73542.5 1
0.735926 0.0019768 4 2 6 2 2 2 11890 50.1687 73588.8 1
0.737903 0.0019768 4 2 6 2 2 2 11905 50.3152 73611 1
0.739879 0.0019768 4 2 6 2 2 2 11917 50.4967 73582.4 1
0.741856 0.0019768 4 2 6 2 2 2 11929 50.6741 73560.3 1
0.743833 0.0019768 4 2 6 2 2 2 11944 50.8186 73586.1 1
0.74581 0.0019768 4 2 6 2 2 2 11956 51.0032 73554.2 1
0.747787 0.0019768 4 2 6 2 2 2 11962 51.1883 73522 1
0.749763 0.0019768 4 2 6 2 2 2 11980 51.3687 73497 1
0.75174 0.0019768 4 2 6 2 2 2 11989 51.503 73538.1 1
0.753717 0.0019768 4 2 6 2 2 2 11998 51.6348 73582.8 1
0.755694 0.0019768 4 2 6 2 2 2 12013 51.78 73608.4 1
0.757671 0.0019768 4 2 6 2 2 2 12022 51.9192 73642.5 1
0.759647 0.0019768 4 2 6 2 2 2 12031 52.0516 73686.4 1
0.761624 0.0019768 4 2 6 2 2 2 12037 52.1866 73726.5 1
0.76363 0.00200545 4 2 6 2 2 2 12043 52.3292 73755.7 1
0.765635 0.00200545 4 2 6 2 2 2 12061 52.4661 73793.1 1
0.76764 0.00200545 4 2 6 2 2 2 12085 52.6073 73824.8 1
0.769646 0.00200545 4 2 6 2 2 2 12088 52.7439 73862.8 1
0.771651 0.00200545 4 2 6 2 2 2 12097 52.8853 73894 1
0.773657 0.00200545 4 2 6 2 2 2 12103 53.0631 73874.5 1
0.775662 0.00200545 4 2 6 2 2 2 12112 53.2039 73906.6 1
0.777668 0.00200545 4 2 6 2 2 2 12115 53.3257 73965.1 1
0.779673 0.00200545 4 2 6 2 2 2 12142 53.496 73956.5 1
0.781679 0.00200545 4 2 6 2 2 2 12148 53.7121 73885.1 1
0.783684 0.00200545 4 2 6 2 2 2 12160 53.9524 73781.4 1
0.785689 0.00200545 4 2 6 2 2 2 12160 54.1607 73722.2 1
0.787695 0.00200545 4 2 6 2 2 2 12184 54.2901 73770.9 1
0.7897 0.00200545 4 2 6 2 2 2 12199 54.416 73824.4 1
0.791706 0.00200545 4 2 6 2 2 2 12202 54.5406 73879.5 1
0.793711 0.00200545 4 2 6 2 2 2 12208 54.6715 73926 1
0.795717 0.00200545 4 2 6 2 2 2 12214 54.7908 73987.8 1
0.797722 0.00200545 4 2 6 2 2 2 12235 54.9177 74039.7 1
0.799728 0.00200545 4 2 6 2 2 2 12238 55.0653 74063.5 1
0.801733 0.00200545 4 2 6 2 2 2 12265 55.1982 74107.3 1
0.803739 0.00200545 4 2 6 2 2 2 12274 55.3185 74168 1
0.805744 0.00200545 4 2 6 2 2 2 12286 55.4441 74221.6 1
0.807749 0.00200545 4 2 6 2 2 2 12289 55.5732 74270.4 1
0.809755 0.00200545 4 2 6 2 2 2 12307 55.7001 74322 1
0.81176 0.00200545 4 2 6 2 2 2 12310 55.8262 74374.8 1
0.813766 0.00200545 4 2 6 2 2 2 12325 55.9511 74429 1
0.815771 0.00200545 4 2 6 2 2 2 12325 56.0823 74474.6 1
0.817777 0.00200545 4 2 6 2 2 2 12343 56.2189 74513.2 1
0.819782 0.00200545 4 2 6 2 2 2 12346 56.3606 74544.9 1
0.821788 0.00200545 4 2 6 2 2 2 12340 56.4983 74581.7 1
0.823793 0.00200545 4 2 6 2 2 2 12352 56.6524 74596.8 1
0.825798 0.00200545 4 2 6 2 2 2 12376 56.7979 74623.6 1
0.827804 0.00200545 4 2 6 2 2 2 12385 56.9437 74650 1
0.829809 0.00200545 4 2 6 2 2 2 12406 57.0869 74680.1 1
0.831815 0.00200545 4 2 6 2 2 2 12418 57.2688 74659.7 1
0.83382 0.00200545 4 2 6 2 2 2 12415 57.4261 74671.4 1
0.835826 0.00200545 4 2 6 2 2 2 12415 57.5885 74676.4 1
0.837831 0.00200545 4 2 6 2 2 2 12442 57.7296 74709.4 1
0.839837 0.00200545 4 2 6 2 2 2 12463 57.8777 74733.6 1
0.841842 0.00200545 4 2 6 2 2 2 12478 58.0289 74753.9 1
0.843847 0.00200545 4 2 6 2 2 2 12496 58.1935 74757.2 1
0.845853 0.00200545 4 2 6 2 2 2 12499 58.3464 74775.5 1
0.847858 0.00200545 4 2 6 2 2 2 12502 58.4979 74795.6 1
0.849864 0.00200545 4 2 6 2 2 2 12505 58.6374 74830.8 1
0.851869 0.00200545 4 2 6 2 2 2 12529 58.8175 74814.7 1
0.853875 0.00200545 4 2 6 2 2 2 12538 58.9893 74809.4 1
0.85588 0.00200545 4 2 6 2 2 2 12541 59.1936 74763.1 1
0.857886 0.00200545 4 2 6 2 2 2 12553 59.4111 74700.7 1
0.859891 0.00200545 4 2 6 2 2 2 12559 59.5805 74699 1
0.861896 0.00200545 4 2 6 2 2 2 12580 59.7201 74735.1 1
0.863902 0.00200545 4 2 6 2 2 2 12622 59.8608 74770.3 1
0.865907 0.00200545 4 2 6 2 2 2 12625 60.0035 74802.9 1
0.867913 0.00200545 4 2 6 2 2 2 12628 60.1402 74842.8 1
0.869918 0.00200545 4 2 6 2 2 2 12649 60.2838 74874.4 1
0.871924 0.00200545 4 2 6 2 2 2 12667 60.4241 74910.2 1
0.873929 0.00200545 4 2 6 2 2 2 12673 60.5669 74942.8 1
0.875935 0.00200545 4 2 6 2 2 2 12676 60.7421 74935.4 1
0.87794 0.00200545 4 2 6 2 2 2 12685 60.8967 74953.4 1
0.879946 0.00200545 4 2 6 2 2 2 12700 61.0694 74949.4 1
0.881951 0.00200545 4 2 6 2 2 2 12712 61.224 74967.8 1
0.883956 0.00200545 4 2 6 2 2 2 12736 61.3734 74992.8 1
0.885962 0.00200545 4 2 6 2 2 2 12748 61.5387 74998.6 1
0.887967 0.00200545 4 2 6 2 2 2 12763 61.6905 75020.8 1
0.889973 0.00200545 4 2 6 2 2 2 12772 61.8593 75022.6 1
0.891978 0.00200545 4 2 6 2 2 2 12781 62.0123 75043.6 1
0.893984 0.00200545 4 2 6 2 2 2 12799 62.1536 75078.9 1
0.895989 0.00200545 4 2 6 2 2 2 12817 62.3216 75082.2 1
0.897995 0.00200545 4 2 6 2 2 2 12826 62.4793 75097.9 1
0.9 0.00200545 4 2 6 2 2 2 12832 62.6427 75106.9 1
0.902 0.002 4 2 6 2 2 2 12838 62.8161 75103.9 1
0.904 0.002 5 2 6 2 2 2 12850 62.9674 75127.5 1
0.906 0.002 5 2 6 2 2 2 12850 63.1168 75153.3 1
0.908 0.002 4 2 6 2 2 2 12865 63.2839 75158.2 1
0.91 0.002 4 2 6 2 2 2 12874 63.4342 75183.1 1
0.912 0.002 4 2 6 2 2 2 12883 63.5815 75211.5 1
0.914 0.002 4 2 6 2 2 2 12901 63.7334 75234.6 1
0.916 0.002 4 2 6 2 2 2 12913 63.8781 75266.4 1
0.918 0.002 4 2 6 2 2 2 12928 64.0176 75304.4 1
0.92 0.002 4 2 6 2 2 2 12952 64.1517 75348.8 1
0.922 0.002 4 2 6 2 2 2 12961 64.2829 75396.7 1
0.924 0.002 4 2 6 2 2 2 12988 64.41 75449.5 1
0.926 0.002 4 2 6 2 2 2 13006 64.5425 75496.1 1
0.928 0.002 4 2 6 2 2 2 13021 64.6703 75548.3 1
0.93 0.002 4 2 6 2 2 2 13015 64.7973 75601 1
0.932 0.002 4 2 6 2 2 2 13015 64.9195 75659.3 1
0.934 0.002 4 2 6 2 2 2 13042 65.0511 75706.6 1
0.936 0.002 4 2 6 2 2 2 13042 65.1814 75755.4 1
0.938 0.002 4 2 6 2 2 2 13045 65.3075 75808.9 1
0.94 0.002 4 2 6 2 2 2 13066 65.4368 75858.8 1
0.942 0.002 4 2 6 2 2 2 13072 65.5727 75900.9 1
0.944 0.002 4 2 6 2 2 2 13099 65.7031 75949.6 1
0.946 0.002 4 2 6 2 2 2 13114 65.8269 76006 1
0.948 0.002 4 2 6 2 2 2 13135 65.9546 76058 1
0.95 0.002 4 2 6 2 2 2 13150 66.0898 76101.4 1
0.952 0.002 4 2 6 2 2 2 13153 66.2243 76145.5 1
0.954 0.002 4 2 6 2 2 2 13177 66.3502 76199.5 1
0.956 0.002 4 2 6 2 2 2 13174 66.4941 76232.7 1
0.958 0.002 4 2 6 2 2 2 13192 66.6469 76255.9 1
0.96 0.002 5 2 6 2 2 2 13210 66.7821 76299.3 1
0.962 0.002 5 2 6 2 2 2 13219 66.9195 76340.3 1
0.964 0.002 4 2 6 2 2 2 13240 67.0534 76385.2 1
0.966 0.002 4 2 6 2 2 2 13252 67.1869 76430.8 1
0.968 0.002 5 2 6 2 2 2 13264 67.3382 76455.9 1
0.97 0.002 5 2 6 2 2 2 13285 67.5079 76460.5 1
0.972 0.002 4 2 6 2 2 2 13306 67.678 76465 1
0.974 0.002 4 2 6 2 2 2 13312 67.8186 76502.7 1
0.976 0.002 4 2 6 2 2 2 13321 67.9692 76529.3 1
0.978 0.002 4 2 6 2 2 2 13339 68.1185 76557.3 1
0.98 0.002 4 2 6 2 2 2 13363 68.2889 76562 1
0.982 0.002 4 2 6 2 2 2 13372 68.4348 76594.1 1
0.984 0.002 4 2 6 2 2 2 13378 68.5799 76627.1 1
0.986 0.002 4 2 6 2 2 2 13378 68.7352 76648.6 1
0.988 0.002 4 2 6 2 2 2 13378 68.8866 76674.4 1
0.99 0.002 4 2 6 2 2 2 13378 69.0616 76673.9 1
0.992 0.002 4 2 6 2 2 2 13384 69.1999 76714 1
0.994 0.002 4 2 6 2 2 2 13396 69.3333 76759.6 1
0.996 0.002 4 2 6 2 2 2 13423 69.4755 76795.7 1
0.998 0.002 4 2 6 2 2 2 13459 69.6134 76836.9 1
1 0.002 4 2 6 2 2 2 13471 69.7499 76879.7 1
1.00206 0.00205761 4 2 6 2 2 2 13471 69.9267 76878 1
1.00412 0.00206615 4 2 6 2 2 2 13489 70.0734 76909.5 1
1.00619 0.00206615 4 2 6 2 2 2 13498 70.2212 76939.8 1
1.00826 0.00206615 4 2 6 2 2 2 13519 70.367 76972.5 1
1.01032 0.00206615 4 2 6 2 2 2 13552 70.5193 76998.4 1
1.01239 0.00206615 4 2 6 2 2 2 13561 70.6634 77033.3 1
1.01445 0.00206615 4 2 6 2 2 2 13561 70.8145 77060.5 1
1.01652 0.00206615 4 2 6 2 2 2 13591 70.9634 77090.3 1
1.01859 0.00206615 4 2 6 2 2 2 13597 71.1225 77109.1 1
1.02065 0.00206615 4 2 6 2 2 2 13606 71.2645 77146.3 1
1.02272 0.00206615 4 2 6 2 2 2 13609 71.4041 77186.1 1
1.02479 0.00206615 4 2 6 2 2 2 13642 71.553 77216.1 1
1.02685 0.00206615 4 2 6 2 2 2 13657 71.7001 77248.1 1
1.02892 0.00206615 4 2 6 2 2 2 13672 71.8407 77287.3 1
1.03098 0.00206615 4 2 6 2 2 2 13696 71.9837 77324.1 1
1.03305 0.00206615 4 2 6 2 2 2 13705 72.1283 77359 1
1.03512 0.00206615 4 2 6 2 2 2 13720 72.282 77384.4 1
1.03719 0.00207537 4 2 6 2 2 2 13720 72.4297 77415.9 1
1.03927 0.00207537 4 2 6 2 2 2 13735 72.5786 77446.4 1
1.04134 0.00207537 4 2 6 2 2 2 13729 72.726 77478.2 1
1.04342 0.00207537 4 2 6 2 2 2 13729 72.8797 77503.2 1
1.04549 0.00207537 4 2 6 2 2 2 13738 73.0266 77535.4 1
1.04757 0.00207537 4 2 6 2 2 2 13750 73.1726 77568.6 1
1.04964 0.00207537 4 2 6 2 2 2 13759 73.3128 77607.9 1
1.05172 0.00207537 4 2 6 2 2 2 13786 73.4485 77652.2 1
1.05379 0.00207537 4 2 6 2 2 2 13810 73.5856 77695.3 1
1.05587 0.00207537 4 2 6 2 2 2 13816 73.8455 77608.9 1
1.05795 0.00207537 4 2 6 2 2 2 13840 74.0654 77565.3 1
1.06002 0.00207537 4 2 6 2 2 2 13855 74.2894 77518 1
1.0621 0.00207537 4 2 6 2 2 2 13858 74.5035 77481.2 1
1.06417 0.00207537 4 2 6 2 2 2 13879 74.6958 77467.6 1
1.06625 0.00207537 4 2 6 2 2 2 13900 74.9293 77411.6 1
1.06832 0.00207537 4 2 6 2 2 2 13918 75.1034 77417.5 1
1.0704 0.00207537 4 2 6 2 2 2 13924 75.2887 77411.9 1
1.07248 0.00208545 4 2 6 2 2 2 13924 75.4656 77414.9 1
1.07457 0.00208545 4 2 6 2 2 2 13963 75.6452 77415.7 1
1.07665 0.00208545 4 2 6 2 2 2 13990 75.8016 77440.6 1
1.07874 0.00208545 4 2 6 2 2 2 13996 76.0035 77419 1
1.08082 0.00208545 4 2 6 2 2 2 14005 76.1597 77444.1 1
1.08291 0.00208545 4 2 6 2 2 2 14020 76.3102 77475 1
1.085 0.00208545 4 2 6 2 2 2 14023 76.4581 77508.6 1
1.08708 0.00208545 4 2 6 2 2 2 14032 76.6246 77523.3 1
1.08917 0.00208545 4 2 6 2 2 2 14056 76.7844 77545 1
1.09125 0.00208545 4 2 6 2 2 2 14068 76.971 77539.9 1
1.09334 0.00208545 4 2 6 2 2 2 14071 77.1352 77557.2 1
1.09542 0.00208545 4 2 6 2 2 2 14086 77.3098 77564.2 1
1.09751 0.00208545 4 2 6 2 2 2 14095 77.46 77595.8 1
1.09959 0.00208545 4 2 6 2 2 2 14098 77.6028 77634.7 1
1.10168 0.00208545 4 2 6 2 2 2 14089 77.7531 77665.8 1
1.10376 0.00208545 4 2 6 2 2 2 14107 77.8961 77704.3 1
1.10585 0.00208545 4 2 6 2 2 2 14128 78.0411 77741 1
1.10794 0.00208545 4 2 6 2 2 2 14125 78.1967 77766.9 1
1.11002 0.00208545 4 2 6 2 2 2 14152 78.3459 77799.5 1
1.11211 0.00208545 4 2 6 2 2 2 14158 78.5076 77819.5 1
1.1142 0.00209672 4 2 6 2 2 2 14158 78.6662 77842.7 1
1.1163 0.00209672 4 2 6 2 2 2 14170 78.8459 77844.9 1
1.1184 0.00209672 4 2 6 2 2 2 14194 79.0181 77855 1
1.12049 0.00209672 4 2 6 2 2 2 14209 79.169 77886 1
1.12259 0.00209672 4 2 6 2 2 2 14224 79.3189 77918.2 1
1.12469 0.00209672 4 2 6 2 2 2 14245 79.4645 77954.6 1
1.12678 0.00209672 4 2 6 2 2 2 14284 79.6145 77987.2 1
1.12888 0.00209672 4 2 6 2 2 2 14290 79.7708 78013.5 1
1.13098 0.00209672 4 2 6 2 2 2 14311 79.9266 78040.5 1
1.13307 0.00209672 4 2 6 2 2 2 14314 80.0817 78068.1 1
1.13517 0.00209672 4 2 6 2 2 2 14323 80.2384 78094.1 1
1.13727 0.00209672 4 2 6 2 2 2 14329 80.3977 78117.7 1
1.13936 0.00209672 4 2 6 2 2 2 14347 80.5448 78153.1 1
1.14146 0.00209672 4 2 6 2 2 2 14362 80.6935 78187 1
1.14356 0.00209672 4 2 6 2 2 2 14365 80.8566 78207 1
1.14565 0.00209672 4 2 6 2 2 2 14410 81.0471 78201 1
1.14775 0.00209672 4 2 6 2 2 2 14419 81.2038 78227.6 1
1.14985 0.00209672 4 2 6 2 2 2 14428 81.3502 78264.2 1
1.15194 0.00209672 4 2 6 2 2 2 14437 81.5009 78296.7 1
1.15404 0.00209672 4 2 6 2 2 2 14455 81.6524 78328.4 1
1.15614 0.00209672 4 2 6 2 2 2 14461 81.8043 78359.7 1
1.15825 0.00210959 4 2 6 2 2 2 14467 81.9521 78394.9 1
1.16036 0.00210959 4 2 6 2 2 2 14473 82.1089 78421.5 1
1.16247 0.00210959 4 2 6 2 2 2 14485 82.2617 78451.9 1
1.16458 0.00210959 4 2 6 2 2 2 14509 82.4152 78481.8 1
1.16669 0.00210959 4 2 6 2 2 2 14527 82.5656 78514.8 1
1.1688 0.00210959 4 2 6 2 2 2 14539 82.7221 78542.1 1
1.1709 0.00210959 4 2 6 2 2 2 14545 82.8747 78572.9 1
1.17301 0.00210959 4 2 6 2 2 2 14566 83.0262 78605 1
1.17512 0.00210959 4 2 6 2 2 2 14575 83.1856 78629.6 1
1.17723 0.00210959 4 2 6 2 2 2 14590 83.3426 78656.5 1
1.17934 0.00210959 4 2 6 2 2 2 14593 83.4984 78684.5 1
1.18145 0.00210959 4 2 6 2 2 2 14605 83.6619 78705.3 1
1.18356 0.00210959 4 2 6 2 2 2 14626 83.8184 78732.8 1
1.18567 0.00210959 4 2 6 2 2 2 14638 83.9671 78767.8 1
1.18778 0.00210959 4 2 6 2 2 2 14656 84.1229 78796.1 1
1.18989 0.00210959 4 2 6 2 2 2 14671 84.2853 78818.4 1
1.192 0.00210959 4 2 6 2 2 2 14695 84.4408 78847.2 1
1.19411 0.00210959 4 2 6 2 2 2 14707 84.599 78873.6 1
1.19622 0.00210959 4 2 6 2 2 2 14716 84.789 78870.4 1
1.19833 0.00210959 4 2 6 2 2 2 14731 84.9719 78874 1
1.20044 0.00210959 4 2 6 2 2 2 14743 85.1817 78852.9 1
1.20255 0.00210959 4 2 6 2 2 2 14782 85.3443 78875.8 1
1.20466 0.00210959 4 2 6 2 2 2 14788 85.5152 78891.1 1
1.20677 0.00210959 4 2 6 2 2 2 14800 85.6772 78914.7 1
1.20888 0.00210959 4 2 6 2 2 2 14827 85.8202 78955.9 1
1.211 0.00212498 4 2 6 2 2 2 14839 85.9632 78997.2 1
1.21313 0.00212498 4 2 6 2 2 2 14854 86.1063 79038.5 1
1.21525 0.00212498 4 2 6 2 2 2 14872 86.2613 79068.8 1
1.21738 0.00212498 4 2 6 2 2 2 14896 86.4301 79086.8 1
1.2195 0.00212498 4 2 6 2 2 2 14914 86.6028 79101.2 1
1.22163 0.00212498 4 2 6 2 2 2 14926 86.7803 79111.4 1
1.22375 0.00212498 4 2 6 2 2 2 14950 86.9688 79111.9 1
1.22588 0.00212498 4 2 6 2 2 2 14971 87.1479 79121.1 1
1.228 0.00212498 4 2 6 2 2 2 14983 87.3499 79109.6 1
1.23013 0.00212498 4 2 6 2 2 2 15007 87.5144 79132.5 1
1.23225 0.00212498 4 2 6 2 2 2 15004 87.6753 79158.3 1
1.23438 0.00212498 4 2 6 2 2 2 15025 87.8363 79184.3 1
1.2365 0.00212498 4 2 6 2 2 2 15037 87.9967 79210.8 1
1.23863 0.00212498 4 2 6 2 2 2 15052 88.161 79234 1
1.24075 0.00212498 4 2 6 2 2 2 15064 88.3174 79264.2 1
1.24288 0.00212498 4 2 6 2 2 2 15085 88.4774 79291.4 1
1.245 0.00212498 4 2 6 2 2 2 15103 88.6352 79320.6 1
1.24713 0.00212498 4 2 6 2 2 2 15103 88.8025 79341.2 1
1.24925 0.00212498 4 2 6 2 2 2 15121 89.0068 79329 1
1.25138 0.00212498 4 2 6 2 2 2 15127 89.1955 79330.8 1
1.2535 0.00212498 4 2 6 2 2 2 15127 89.3601 79354 1
1.25563 0.00212498 4 2 6 2 2 2 15145 89.5385 79365 1
1.25775 0.00212498 4 2 6 2 2 2 15154 89.7253 79368.6 1
1.25988 0.00212498 4 2 6 2 2 2 15160 89.9285 79357.9 1
1.262 0.00212498 4 2 6 2 2 2 15193 90.0971 79378 1
1.26413 0.00212498 4 2 6 2 2 2 15217 90.2708 79393.9 1
1.26625 0.00212498 4 2 6 2 2 2 15223 90.458 79397.8 1
1.26838 0.00212498 4 2 6 2 2 2 15262 90.6697 79380.7 1
1.2705 0.00212498 4 2 6 2 2 2 15274 90.8666 79376.8 1
1.27263 0.00212498 4 2 6 2 2 2 15298 91.0969 79344.1 1
1.27475 0.00212498 4 2 6 2 2 2 15313 91.3335 79306.2 1
1.27688 0.00212498 4 2 6 2 2 2 15307 91.5108 79319.8 1
1.279 0.00212498 4 2 6 2 2 2 15337 91.6882 79333.7 1
1.28113 0.00212498 4 2 6 2 2 2 15358 91.8753 79339.2 1
1.28327 0.00214582 4 2 6 2 2 2 15373 92.0731 79335.8 1
1.28542 0.00214582 4 2 6 2 2 2 15400 92.2457 79354.3 1
1.28756 0.00214582 4 2 6 2 2 2 15406 92.4107 79379.3 1
1.28971 0.00214582 4 2 6 2 2 2 15436 92.5746 79405.5 1
1.29186 0.00214582 4 2 6 2 2 2 15442 92.7287 79440.1 1
1.294 0.00214582 4 2 6 2 2 2 15460 92.8885 79469.8 1
1.29615 0.00214582 4 2 6 2 2 2 15466 93.0502 79497.9 1
1.29829 0.00214582 4 2 6 2 2 2 15496 93.2253 79514.8 1
1.30044 0.00214582 4 2 6 2 2 2 15502 93.3874 79542.8 1
1.30258 0.00214582 4 2 6 2 2 2 15526 93.5436 79576 1
1.30473 0.00214582 4 2 6 2 2 2 15529 93.707 79603 1
1.30688 0.00214582 4 2 6 2 2 2 15562 93.8702 79630.4 1
1.30902 0.00214582 4 2 6 2 2 2 15583 94.0321 79658.9 1
1.31117 0.00214582 4 2 6 2 2 2 15613 94.1898 79691.3 1
1.31331 0.00214582 4 2 6 2 2 2 15634 94.3519 79720.1 1
1.31546 0.00214582 4 2 6 2 2 2 15646 94.523 79741.3 1
1.31761 0.00214582 4 2 6 2 2 2 15661 94.6903 79765.8 1
1.31975 0.00214582 4 2 6 2 2 2 15673 94.856 79791.7 1
1.3219 0.00214582 4 2 6 2 2 2 15697 95.0245 79815.5 1
1.32404 0.00214582 4 2 6 2 2 2 15706 95.1871 79844.1 1
1.32619 0.00214582 4 2 6 2 2 2 15721 95.3593 79864.8 1
1.32833 0.00214582 4 2 6 2 2 2 15718 95.5418 79876.7 1
1.33048 0.00214582 4 2 6 2 2 2 15742 95.7086 79902 1
1.33263 0.00214582 4 2 6 2 2 2 15769 95.8902 79915.1 1
1.33477 0.00214582 4 2 6 2 2 2 15772 96.0648 79934.1 1
1.33692 0.00214582 4 2 6 2 2 2 15799 96.2426 79950.6 1
1.33906 0.00214582 4 2 6 2 2 2 15805 96.4158 79970.8 1
1.34121 0.00214582 4 2 6 2 2 2 15832 96.6147 79970.1 1
1.34336 0.00214582 4 2 6 2 2 2 15841 96.7791 79997.9 1
1.3455 0.00214582 4 2 6 2 2 2 15847 96.9544 80016.8 1
1.34765 0.00214582 4 2 6 2 2 2 15880 97.1265 80038.5 1
1.34979 0.00214582 4 2 6 2 2 2 15916 97.3014 80058.1 1
1.35194 0.00214582 4 2 6 2 2 2 15934 97.4787 80076 1
1.35408 0.00214582 4 2 6 2 2 2 15949 97.6606 80090.2 1
1.35623 0.00214582 4 2 6 2 2 2 15940 97.8209 80121.9 1
1.35838 0.00214582 4 2 6 2 2 2 15979 97.9893 80147.3 1
1.36052 0.00214582 4 2 6 2 2 2 15982 98.1572 80172.9 1
1.36267 0.00214582 4 2 6 2 2 2 16015 98.3274 80197.1 1
1.36481 0.00214582 4 2 6 2 2 2 16051 98.4968 80222.1 1
1.36696 0.00214582 4 2 6 2 2 2 16075 98.6718 80242.7 1
1.36911 0.00214582 4 2 6 2 2 2 16093 98.8423 80267.1 1
1.37125 0.00214582 4 2 6 2 2 2 16096 99.0129 80291.4 1
1.3734 0.00214582 4 2 6 2 2 2 16117 99.1776 80320.6 1
1.37554 0.00214582 4 2 6 2 2 2 16132 99.3392 80352.3 1
1.37769 0.00214582 4 2 6 2 2 2 16138 99.5136 80373.6 1
1.37983 0.00214582 5 2 6 2 2 2 16162 99.6904 80393.3 1
1.38198 0.00214582 4 2 6 2 2 2 16177 99.8586 80419.8 1
1.38413 0.00214582 4 2 7 2 2 2 16198 100.046 80431.4 1
1.38627 0.00214582 4 2 6 2 2 2 16201 100.217 80455.2 1
1.38842 0.00214582 4 2 6 2 2 2 16210 100.39 80478.3 1
1.39056 0.00214582 4 2 6 2 2 2 16225 100.556 80506.9 1
1.39271 0.00214582 4 2 6 2 2 2 16258 100.72 80537.5 1
1.39485 0.00214582 4 2 6 2 2 2 16273 100.905 80550.8 1
1.397 0.00214582 4 2 6 2 2 2 16282 101.095 80560.2 1
1.39915 0.00214582 4 2 6 2 2 2 16312 101.319 80543.6 1
1.40129 0.00214582 4 2 6 2 2 2 16351 101.53 80537.2 1
1.40344 0.00214582 4 2 6 2 2 2 16378 101.735 80535.7 1
1.40558 0.00214582 4 2 6 2 2 2 16378 101.934 80539 1
1.40773 0.00214582 4 2 6 2 2 2 16402 102.113 80558.5 1
1.40988 0.00214582 4 2 6 2 2 2 16408 102.296 80574.9 1
1.41202 0.00214582 4 2 6 2 2 2 16432 102.468 80599.6 1
1.41417 0.00214582 4 2 6 2 2 2 16483 102.644 80622.2 1
1.41631 0.00214582 4 2 6 2 2 2 16498 102.826 80639.9 1
1.41846 0.00214582 4 2 6 2 2 2 16507 103.002 80662.3 1
1.4206 0.00214582 4 2 6 2 2 2 16519 103.19 80675.4 1
1.42275 0.00214582 4 2 6 2 2 2 16525 103.373 80693.1 1
1.4249 0.00214582 4 2 6 2 2 2 16552 103.558 80708.6 1
1.42704 0.00214582 4 2 6 2 2 2 16573 103.739 80727.7 1
1.42919 0.00214582 4 2 6 2 2 2 16591 103.917 80748.9 1
1.43133 0.00214582 4 2 6 2 2 2 16603 104.097 80768.7 1
1.43348 0.00214582 4 2 6 2 2 2 16639 104.29 80778.5 1
1.43563 0.00214582 4 2 6 2 2 2 16639 104.475 80795.1 1
1.43777 0.00214582 4 2 6 2 2 2 16651 104.655 80815 1
1.43992 0.00214582 4 2 6 2 2 2 16687 104.84 80831.3 1
1.44206 0.00214582 4 2 6 2 2 2 16711 105.026 80847.2 1
1.44421 0.00214582 4 2 6 2 2 2 16741 105.209 80866.3 1
1.44635 0.00214582 4 2 6 2 2 2 16759 105.393 80883.6 1
1.4485 0.00214582 4 2 6 2 2 2 16771 105.573 80905.1 1
1.45065 0.00214582 4 2 6 2 2 2 16783 105.753 80925.7 1
1.45279 0.00214582 4 2 6 2 2 2 16801 105.952 80932.8 1
1.45494 0.00214582 4 2 6 2 2 2 16825 106.128 80956.5 1
1.45708 0.00214582 4 2 6 2 2 2 16825 106.312 80975.2 1
1.45923 0.00214582 4 2 6 2 2 2 16849 106.488 80999.2 1
1.46138 0.00214582 4 2 6 2 2 2 16876 106.667 81021.9 1
1.46352 0.00214582 4 2 6 2 2 2 16888 106.846 81043.6 1
1.46567 0.00214582 4 2 6 2 2 2 16912 107.043 81053 1
1.46781 0.00214582 4 2 6 2 2 2 16933 107.232 81067.9 1
1.46996 0.00214582 4 2 6 2 2 2 16927 107.421 81083 1
1.4721 0.00214582 4 2 6 2 2 2 16957 107.609 81099 1
1.47425 0.00214582 4 2 6 2 2 2 16960 107.796 81115.5 1
1.4764 0.00214582 4 2 6 2 2 2 16984 107.972 81140.6 1
1.47854 0.00214582 4 2 6 2 2 2 17008 108.145 81167.6 1
1.48069 0.00214582 4 2 6 2 2 2 17014 108.317 81196.3 1
1.48283 0.00214582 4 2 6 2 2 2 17029 108.487 81225.7 1
1.48498 0.00214582 4 2 6 2 2 2 17032 108.662 81251.4 1
1.48713 0.00214582 4 2 6 2 2 2 17035 108.84 81275.2 1
1.48927 0.00214582 4 2 6 2 2 2 17062 109.052 81273.8 1
1.49142 0.00214582 4 2 6 2 2 2 17077 109.226 81300.4 1
1.49356 0.00214582 4 2 6 2 2 2 17110 109.401 81327 1
1.49571 0.00214582 4 2 6 2 2 2 17158 109.579 81351.2 1
1.49785 0.00214582 4 2 6 2 2 2 17167 109.763 81371.2 1
1.5 0.00214582 4 2 6 2 2 2 17185 109.946 81392.7 1
1.5022 0.00220264 4 2 6 2 2 2 17191 110.137 81407 1
1.50441 0.00220264 4 2 6 2 2 2 17203 110.329 81421.9 1
1.50661 0.00220264 4 2 6 2 2 2 17233 110.522 81435.6 1
1.50881 0.00220264 4 2 6 2 2 2 17254 110.713 81450.5 1
1.51101 0.00220264 4 2 6 2 2 2 17260 110.901 81468.4 1
1.51322 0.00220264 4 2 6 2 2 2 17275 111.089 81486.2 1
1.51542 0.00220264 4 2 6 2 2 2 17287 111.303 81484.6 1
1.51762 0.00220264 4 2 6 2 2 2 17287 111.504 81492.5 1
1.51982 0.00220264 4 2 6 2 2 2 17305 111.719 81490.6 1
1.52203 0.00220264 4 2 6 2 2 2 17332 111.944 81481.8 1
1.52423 0.00220264 4 2 6 2 2 2 17347 112.169 81472.9 1
1.52643 0.00220264 4 2 6 2 2 2 17338 112.37 81481.5 1
1.52863 0.00220264 4 2 6 2 2 2 17356 112.555 81501.7 1
1.53084 0.00220264 4 2 6 2 2 2 17377 112.733 81527.2 1
1.53304 0.00220264 4 2 6 2 2 2 17416 112.919 81547.2 1
1.53525 0.00221308 4 2 6 2 2 2 17410 113.101 81570.2 1
1.53747 0.00221308 4 2 6 2 2 2 17422 113.295 81583.9 1
1.53968 0.00221308 4 2 6 2 2 2 17452 113.494 81594.4 1
1.54189 0.00221308 4 2 6 2 2 2 17464 113.68 81614.6 1
1.54411 0.00221308 4 2 6 2 2 2 17482 113.867 81634.5 1
1.54632 0.00221308 4 2 6 2 2 2 17491 114.052 81655 1
1.54853 0.00221308 4 2 6 2 2 2 17503 114.238 81675.8 1
1.55074 0.00221308 4 2 6 2 2 2 17554 114.435 81688 1
1.55296 0.00221308 4 2 6 2 2 2 17551 114.626 81705.5 1
1.55517 0.00221308 4 2 6 2 2 2 17572 114.816 81723.3 1
1.55738 0.00221308 4 2 6 2 2 2 17593 115.216 81592 1
1.5596 0.00221308 4 2 6 2 2 2 17623 115.519 81530.8 1
1.56181 0.00221308 4 2 6 2 2 2 17638 115.821 81470.6 1
1.56402 0.00221308 4 2 6 2 2 2 17671 116.119 81413.5 1
1.56624 0.00221308 4 2 6 2 2 2 17698 116.375 81386.8 1
1.56845 0.00221308 4 2 6 2 2 2 17710 116.618 81368.4 1
1.57066 0.00221308 4 2 6 2 2 2 17722 116.81 81386.9 1
1.57288 0.00221308 4 2 6 2 2 2 17734 117.019 81392.9 1
1.57509 0.00221308 4 2 6 2 2 2 17752 117.343 81319.6 1
1.5773 0.00221308 4 2 6 2 2 2 17770 117.588 81301.2 1
1.57951 0.00221308 4 2 6 2 2 2 17794 117.866 81260.7 1
1.58173 0.00221308 4 2 6 2 2 2 17830 118.139 81223.3 1
1.58394 0.00221308 4 2 6 2 2 2 17878 118.419 81182.7 1
1.58617 0.00222492 4 2 6 2 2 2 17905 118.683 81153 1
1.58839 0.00222492 4 2 6 2 2 2 17920 118.921 81140.7 1
1.59062 0.00222492 4 2 6 2 2 2 17953 119.371 80985.5 1
1.59284 0.00222492 4 2 6 2 2 2 17983 119.904 80775.2 1
1.59507 0.00222492 4 2 6 2 2 2 17983 120.177 80741.6 1
1.59729 0.00222492 4 2 6 2 2 2 18025 120.422 80726.8 1
1.59951 0.00222492 4 2 6 2 2 2 18058 120.624 80741.3 1
1.60174 0.00222492 4 2 6 2 2 2 18088 120.823 80758.3 1
1.60396 0.00222492 4 2 6 2 2 2 18112 121.012 80781.5 1
1.60619 0.00222492 4 2 6 2 2 2 18133 121.214 80796.6 1
1.60841 0.00222492 4 2 6 2 2 2 18133 121.422 80807.8 1
1.61064 0.00222492 4 2 6 2 2 2 18124 121.665 80795.2 1
1.61286 0.00222492 4 2 6 2 2 2 18136 121.887 80797 1
1.61509 0.00222492 4 2 6 2 2 2 18157 122.083 80816.2 1
1.61731 0.00222492 4 2 6 2 2 2 18172 122.286 80830.6 1
1.61954 0.00222492 4 2 6 2 2 2 18193 122.484 80848.5 1
1.62176 0.00222492 4 2 6 2 2 2 18217 122.674 80871.3 1
1.62399 0.00222492 4 2 6 2 2 2 18235 122.893 80875.9 1
1.62621 0.00222492 4 2 6 2 2 2 18235 123.083 80898.7 1
1.62844 0.00222492 4 2 6 2 2 2 18238 123.287 80912.8 1
1.63066 0.00222492 4 2 6 2 2 2 18268 123.482 80933.5 1
1.63289 0.00222492 4 2 6 2 2 2 18262 123.679 80952.3 1
1.63511 0.00222492 4 2 6 2 2 2 18256 123.871 80974.2 1
1.63734 0.00222492 4 2 6 2 2 2 18298 124.064 80995.7 1
1.63956 0.00222492 4 2 6 2 2 2 18328 124.261 81014.3 1
1.64179 0.00222492 4 2 6 2 2 2 18358 124.46 81032.2 1
1.64401 0.00222492 4 2 6 2 2 2 18373 124.653 81054.7 1
1.64625 0.00223891 4 2 6 2 2 2 18367 124.85 81073.5 1
1.64849 0.00223891 4 2 6 2 2 2 18376 125.047 81093.1 1
1.65073 0.00223891 4 2 6 2 2 2 18382 125.246 81110.9 1
1.65297 0.00223891 4 2 6 2 2 2 18403 125.437 81133.9 1
1.65521 0.00223891 4 2 6 2 2 2 18439 125.624 81160 1
1.65745 0.00223891 4 2 6 2 2 2 18445 125.808 81188.1 1
1.65969 0.00223891 4 2 6 2 2 2 18451 126.008 81205.6 1
1.66192 0.00223891 4 2 6 2 2 2 18469 126.216 81218.2 1
1.66416 0.00223891 4 2 6 2 2 2 18484 126.41 81239.3 1
1.6664 0.00223891 4 2 6 2 2 2 18487 126.636 81240.8 1
1.66864 0.00223891 4 2 6 2 2 2 18520 126.837 81257.9 1
1.67088 0.00223891 4 2 6 2 2 2 18541 127.045 81270.7 1
1.67312 0.00223891 4 2 6 2 2 2 18547 127.258 81280.5 1
1.67536 0.00223891 4 2 6 2 2 2 18565 127.499 81272.7 1
1.6776 0.00223891 4 2 6 2 2 2 18598 127.714 81281.3 1
1.67984 0.00223891 4 2 6 2 2 2 18589 127.927 81291.4 1
1.68207 0.00223891 4 2 6 2 2 2 18631 128.143 81299.8 1
1.68431 0.00223891 4 2 6 2 2 2 18649 128.37 81301.2 1
1.68655 0.00223891 4 2 6 2 2 2 18673 128.568 81321.1 1
1.68879 0.00223891 4 2 6 2 2 2 18685 128.8 81319.5 1
1.69103 0.00223891 4 2 6 2 2 2 18688 129.042 81312.1 1
1.69327 0.00223891 4 2 6 2 2 2 18697 129.269 81313.6 1
1.69551 0.00223891 4 2 6 2 2 2 18733 129.491 81319.3 1
1.69775 0.00223891 4 2 6 2 2 2 18721 129.695 81335.5 1
1.69999 0.00223891 4 2 6 2 2 2 18724 129.905 81348.4 1
1.70222 0.00223891 4 2 6 2 2 2 18733 130.12 81357.7 1
1.70446 0.00223891 4 2 6 2 2 2 18754 130.32 81377 1
1.7067 0.00223891 4 2 6 2 2 2 18772 130.534 81387 1
1.70894 0.00223891 4 2 6 2 2 2 18775 130.746 81399 1
1.71118 0.00223891 4 2 6 2 2 2 18802 130.955 81412.9 1
1.71342 0.00223891 4 2 6 2 2 2 18826 131.16 81428.9 1
1.71566 0.00223891 4 2 6 2 2 2 18859 131.382 81435 1
1.7179 0.00223891 4 2 6 2 2 2 18877 131.599 81444.1 1
1.72014 0.00223891 4 2 6 2 2 2 18904 131.817 81452.5 1
1.72238 0.00223891 4 2 6 2 2 2 18904 132.042 81456.9 1
1.72461 0.00223891 4 2 6 2 2 2 18913 132.267 81461.4 1
1.72685 0.00223891 4 2 6 2 2 2 18928 132.512 81453.8 1
1.72909 0.00223891 4 2 6 2 2 2 18952 132.731 81461.9 1
1.73133 0.00223891 4 2 6 2 2 2 18958 132.958 81465.5 1
1.73357 0.00223891 4 2 6 2 2 2 18967 133.208 81454.9 1
1.73583 0.00225788 4 2 6 2 2 2 18976 133.435 81458.6 1
1.73809 0.00225788 4 2 6 2 2 2 19012 133.647 81471.8 1
1.74034 0.00225788 4 2 6 2 2 2 19012 133.861 81483.6 1
1.7426 0.00225788 4 2 6 2 2 2 19015 134.077 81494.1 1
1.74486 0.00225788 4 2 6 2 2 2 19063 134.287 81508.4 1
1.74712 0.00225788 4 2 6 2 2 2 19060 134.499 81521.6 1
1.74937 0.00225788 4 2 6 2 2 2 19102 134.705 81538.7 1
1.75163 0.00225788 4 2 6 2 2 2 19108 134.917 81552.8 1
1.75389 0.00225788 4 2 6 2 2 2 19111 135.127 81567.1 1
1.75615 0.00225788 4 2 6 2 2 2 19144 135.347 81576.1 1
1.75841 0.00225788 4 2 6 2 2 2 19171 135.552 81594 1
1.76066 0.00225788 4 2 6 2 2 2 19213 135.76 81610.4 1
1.76292 0.00225788 4 2 6 2 2 2 19231 135.966 81628.3 1
1.76518 0.00225788 4 2 6 2 2 2 19255 136.177 81643.5 1
1.76744 0.00225788 4 2 6 2 2 2 19282 136.384 81660.7 1
1.7697 0.00225788 4 2 6 2 2 2 19279 136.598 81673.7 1
1.77195 0.00225788 4 2 6 2 2 2 19270 136.828 81677.4 1
1.77421 0.00225788 4 2 6 2 2 2 19309 137.07 81674 1
1.77647 0.00225788 4 2 6 2 2 2 19345 137.305 81675.3 1
1.77873 0.00225788 4 2 6 2 2 2 19366 137.538 81678 1
1.78099 0.00225788 4 2 6 2 2 2 19381 137.776 81677.5 1
1.78324 0.00225788 4 2 6 2 2 2 19390 138.002 81683.8 1
1.7855 0.00225788 4 2 6 2 2 2 19393 138.229 81690.1 1
1.78776 0.00225788 4 2 6 2 2 2 19423 138.445 81703.1 1
1.79002 0.00225788 4 2 6 2 2 2 19453 138.679 81705.3 1
1.79227 0.00225788 4 2 6 2 2 2 19468 138.899 81716.1 1
1.79453 0.00225788 4 2 6 2 2 2 19498 139.17 81697.2 1
1.79679 0.00225788 4 2 6 2 2 2 19507 139.433 81682.7 1
1.79905 0.00225788 4 2 6 2 2 2 19525 139.662 81688.9 1
1.80131 0.00225788 4 2 6 2 2 2 19537 139.879 81702.1 1
1.80356 0.00225788 4 2 6 2 2 2 19558 140.115 81703.9 1
1.80582 0.00225788 4 2 6 2 2 2 19588 140.338 81713.7 1
1.80808 0.00225788 4 2 6 2 2 2 19585 140.564 81721.3 1
1.81034 0.00225788 4 2 6 2 2 2 19621 140.793 81727.8 1
1.8126 0.00225788 4 2 6 2 2 2 19615 141.03 81729.7 1
1.81485 0.00225788 4 2 6 2 2 2 19624 141.253 81739.4 1
1.81711 0.00225788 4 2 6 2 2 2 19651 141.504 81733.3 1
1.81937 0.00225788 4 2 6 2 2 2 19666 141.749 81730.7 1
1.82163 0.00225788 4 2 6 2 2 2 19690 141.994 81728.5 1
1.82389 0.00225788 4 2 6 2 2 2 19717 142.23 81731.5 1
1.82614 0.00225788 4 2 6 2 2 2 19717 142.458 81739.4 1
1.8284 0.00225788 4 2 6 2 2 2 19747 142.686 81746.8 1
1.83066 0.00225788 4 2 6 2 2 2 19768 142.905 81759.8 1
1.83292 0.00225788 4 2 6 2 2 2 19807 143.174 81744.6 1
1.83517 0.00225788 4 2 6 2 2 2 19807 143.421 81742.3 1
1.83743 0.00225788 4 2 6 2 2 2 19831 143.67 81738.4 1
1.83969 0.00225788 4 2 6 2 2 2 19858 143.898 81746.8 1
1.84195 0.00225788 4 2 6 2 2 2 19858 144.132 81751.8 1
1.84421 0.00225788 4 2 6 2 2 2 19870 144.364 81758.2 1
1.84646 0.00225788 4 2 6 2 2 2 19885 144.616 81753.5 1
1.84872 0.00225788 4 2 6 2 2 2 19894 144.865 81749.8 1
1.85098 0.00225788 4 2 6 2 2 2 19918 145.24 81676.3 1
1.85324 0.00225788 4 2 6 2 2 2 19933 145.607 81607 1
1.8555 0.00225788 4 2 6 2 2 2 19951 145.958 81547.6 1
1.85775 0.00225788 4 2 6 2 2 2 19975 146.269 81510.6 1
1.86001 0.00225788 4 2 6 2 2 2 19984 146.673 81422.8 1
1.86227 0.00225788 4 2 6 2 2 2 19993 147.13 81305.7 1
1.86453 0.00225788 4 2 6 2 2 2 20020 147.567 81200.6 1
1.86678 0.00225788 4 2 6 2 2 2 20041 147.946 81127.8 1
1.86904 0.00225788 4 2 6 2 2 2 20062 148.71 80846 1
1.8713 0.00225788 4 2 6 2 2 2 20071 149.801 80391.1 1
1.87356 0.00225788 4 2 6 2 2 2 20068 151.52 79611.7 1
1.87582 0.00225788 4 2 6 2 2 2 20092 152.069 79456.4 1
1.87807 0.00225788 4 2 6 2 2 2 20101 152.516 79355.3 1
1.88033 0.00225788 4 2 6 2 2 2 20137 153.692 78879.2 1
1.88259 0.00225788 4 2 6 2 2 2 20182 154.034 78835 1
1.88485 0.00225788 4 2 6 2 2 2 20194 154.357 78800.9 1
1.88711 0.00225788 4 2 6 2 2 2 20248 154.662 78776.1 1
1.88936 0.00225788 4 2 6 2 2 2 20218 154.917 78777.3 1
1.89162 0.00225788 4 2 6 2 2 2 20224 155.143 78793 1
1.89388 0.00225788 4 2 6 2 2 2 20242 155.378 78803.7 1
1.89614 0.00225788 4 2 6 2 2 2 20269 155.601 78820.9 1
1.8984 0.00225788 4 2 6 2 2 2 20269 155.832 78834.4 1
1.90065 0.00225788 4 2 6 2 2 2 20305 156.064 78847.5 1
1.90291 0.00225788 4 2 6 2 2 2 20308 156.315 78850.6 1
1.90517 0.00225788 4 2 6 2 2 2 20284 156.562 78855.8 1
1.90743 0.00225788 4 2 6 2 2 2 20311 156.811 78860 1
1.90968 0.00225788 4 2 6 2 2 2 20329 157.056 78866.5 1
1.91194 0.00225788 4 2 6 2 2 2 20326 157.3 78873.6 1
1.9142 0.00225788 4 2 6 2 2 2 20335 157.53 78887.3 1
1.91646 0.00225788 4 2 6 2 2 2 20350 157.777 78892.7 1
1.91872 0.00225788 4 2 6 2 2 2 20359 158.003 78908.9 1
1.92097 0.00225788 4 2 6 2 2 2 20362 158.238 78920.5 1
1.92323 0.00225788 4 2 6 2 2 2 20395 158.465 78935.7 1
1.92549 0.00225788 4 2 6 2 2 2 20419 158.712 78941.5 1
1.92775 0.00225788 4 2 6 2 2 2 20440 158.97 78942 1
1.93001 0.00225788 4 2 6 2 2 2 20443 159.215 78949.2 1
1.93226 0.00225788 4 2 6 2 2 2 20473 159.449 78961.9 1
1.93452 0.00225788 4 2 6 2 2 2 20503 159.684 78973.7 1
1.93678 0.00225788 4 2 6 2 2 2 20524 159.96 78965.8 1
1.93904 0.00225788 4 2 6 2 2 2 20509 160.203 78974.1 1
1.9413 0.00225788 4 2 6 2 2 2 20521 160.472 78969.9 1
1.94355 0.00225788 4 2 6 2 2 2 20533 160.709 78980.7 1
1.94581 0.00225788 4 2 6 2 2 2 20560 160.966 78982.4 1
1.94807 0.00225788 4 2 6 2 2 2 20584 161.218 78986.5 1
1.95033 0.00225788 4 2 6 2 2 2 20620 161.6 78927.5 1
1.95258 0.00225788 4 2 6 2 2 2 20662 161.893 78912.5 1
1.95484 0.00225788 4 2 6 2 2 2 20662 162.134 78922.5 1
1.9571 0.00225788 4 2 6 2 2 2 20686 162.389 78926.1 1
1.95936 0.00225788 4 2 6 2 2 2 20707 162.666 78918.8 1
1.96162 0.00225788 4 2 6 2 2 2 20722 162.944 78911.3 1
1.96387 0.00225788 4 2 6 2 2 2 20731 163.209 78910.2 1
1.96613 0.00225788 4 2 6 2 2 2 20737 163.466 78913.3 1
1.96839 0.00225788 4 2 6 2 2 2 20740 163.723 78916.1 1
1.97065 0.00225788 4 2 6 2 2 2 20770 163.96 78928.8 1
1.97291 0.00225788 4 2 6 2 2 2 20767 164.209 78935.3 1
1.97516 0.00225788 4 2 6 2 2 2 20791 164.459 78942 1
1.97742 0.00225788 4 2 6 2 2 2 20794 164.71 78947.8 1
1.97968 0.00225788 4 2 6 2 2 2 20806 164.974 78947.4 1
1.98194 0.00225788 4 2 6 2 2 2 20824 165.238 78947.4 1
1.98419 0.00225788 4 2 6 2 2 2 20824 165.494 78951.3 1
1.98645 0.00225788 4 2 6 2 2 2 20839 165.757 78951.3 1
1.98871 0.00225788 4 2 6 2 2 2 20839 166.008 78957.6 1
1.99097 0.00225788 4 2 6 2 2 2 20848 166.284 78952.2 1
1.99323 0.00225788 4 2 6 2 2 2 20884 166.537 78957.6 1
1.99548 0.00225788 4 2 6 2 2 2 20932 166.779 78968.4 1
1.99774 0.00225788 4 2 6 2 2 2 20977 167.033 78974 1
2 0.00225788 4 2 6 2 2 2 20989 167.298 78974.5 1
2.00228 0.00228311 4 2 6 2 2 2 20995 167.592 78960.9 1
2.00457 0.00228311 4 2 6 2 2 2 21034 167.846 78966.8 1
2.00685 0.00228311 4 2 6 2 2 2 21058 168.098 78973.8 1
2.00913 0.00228311 4 2 6 2 2 2 21052 168.355 78978 1
2.01142 0.00228311 4 2 6 2 2 2 21088 168.628 78975.5 1
2.0137 0.00228311 4 2 6 2 2 2 21085 168.923 78962.6 1
2.01598 0.00228311 4 2 6 2 2 2 21130 169.176 78969.3 1
2.01826 0.00228311 4 2 6 2 2 2 21154 169.478 78953 1
2.02055 0.00228311 4 2 6 2 2 2 21175 169.741 78955.9 1
2.02283 0.00228311 4 2 6 2 2 2 21178 170.001 78959.6 1
2.02511 0.00228311 4 2 6 2 2 2 21193 170.291 78949.6 1
2.0274 0.00228311 4 2 6 2 2 2 21181 170.547 78955.1 1
2.02968 0.00228311 4 2 6 2 2 2 21172 170.815 78955 1
2.03196 0.00228311 4 2 6 2 2 2 21181 171.075 78958.9 1
2.03425 0.00228311 4 2 6 2 2 2 21199 171.349 78956.5 1
2.03653 0.00228311 4 2 6 2 2 2 21247 171.614 78958.5 1
2.03881 0.00228311 4 2 6 2 2 2 21259 171.864 78967.3 1
2.0411 0.00228311 4 2 6 2 2 2 21265 172.114 78975.9 1
2.04338 0.00228311 4 2 6 2 2 2 21292 172.384 78975.7 1
2.04566 0.00228311 4 2 6 2 2 2 21310 172.644 78980.5 1
2.04795 0.00228311 4 2 6 2 2 2 21313 172.903 78985.2 1
2.05023 0.00228311 4 2 6 2 2 2 21313 173.157 78992.5 1
2.05251 0.00228311 4 2 6 2 2 2 21325 173.43 78991 1
2.05479 0.00228311 4 2 6 2 2 2 21337 173.694 78993.9 1
2.05708 0.00228311 4 2 6 2 2 2 21352 173.946 79002.4 1
2.05936 0.00228311 4 2 6 2 2 2 21382 174.193 79013.1 1
2.06164 0.00228311 4 2 6 2 2 2 21385 174.461 79014.2 1
2.06393 0.00228311 4 2 6 2 2 2 21400 174.718 79020.3 1
2.06621 0.00228311 4 2 6 2 2 2 21433 175.015 79008.9 1
2.06849 0.00228311 4 2 6 2 2 2 21433 175.296 79004.3 1
2.07078 0.00228311 4 2 6 2 2 2 21457 175.547 79013.6 1
2.07306 0.00228311 4 2 6 2 2 2 21466 175.802 79021.4 1
2.07534 0.00228311 4 2 6 2 2 2 21472 176.047 79033.2 1
2.07763 0.00228311 4 2 6 2 2 2 21487 176.359 79015.3 1
2.07991 0.00228311 4 2 6 2 2 2 21478 176.661 79001.5 1
2.08219 0.00228311 4 2 6 2 2 2 21469 177.016 78964.8 1
2.08447 0.00228311 4 2 6 2 2 2 21457 177.344 78939.4 1
2.08676 0.00228311 4 2 6 2 2 2 21454 177.652 78923.5 1
2.08904 0.00228311 4 2 6 2 2 2 21466 177.92 78925.4 1
2.09132 0.00228311 4 2 6 2 2 2 21484 178.188 78926.9 1
2.09361 0.00228311 4 2 6 2 2 2 21514 178.476 78920.2 1
2.09589 0.00228311 4 2 6 2 2 2 21535 178.776 78908.3 1
2.09817 0.00228311 4 2 6 2 2 2 21571 179.064 78901.9 1
2.10046 0.00228311 4 2 6 2 2 2 21580 179.361 78891.3 1
2.10274 0.00228311 4 2 6 2 2 2 21577 179.706 78860.3 1
2.10502 0.00228311 4 2 6 2 2 2 21613 180.012 78845.9 1
2.10731 0.00228311 4 2 6 2 2 2 21592 180.312 78834.7 1
2.10959 0.00228311 4 2 6 2 2 2 21598 180.583 78835.9 1
2.11187 0.00228311 4 2 6 2 2 2 21601 180.876 78827.7 1
2.11416 0.00228311 4 2 6 2 2 2 21661 181.145 78830 1
2.11644 0.00228311 4 2 6 2 2 2 21688 181.47 78808.6 1
2.11872 0.00228311 4 2 6 2 2 2 21721 181.754 78805 1
2.121 0.00228311 4 2 6 2 2 2 21745 182.035 78802.7 1
2.12329 0.00228311 4 2 6 2 2 2 21754 182.319 78799.5 1
2.12557 0.00228311 4 2 6 2 2 2 21784 182.607 78794.4 1
2.12785 0.00228311 4 2 6 2 2 2 21811 182.922 78777.6 1
2.13014 0.00228311 4 2 6 2 2 2 21829 183.218 78769.9 1
2.13242 0.00228311 4 2 6 2 2 2 21841 183.496 78769.5 1
2.1347 0.00228311 4 2 6 2 2 2 21859 183.772 78770.2 1
2.13699 0.00228311 4 2 6 2 2 2 21898 184.043 78772.9 1
2.13927 0.00228311 4 2 6 2 2 2 21913 184.338 78765.7 1
2.14155 0.00228311 4 2 6 2 2 2 21910 184.629 78760.4 1
2.14384 0.00228311 4 2 6 2 2 2 21910 184.93 78750.9 1
2.14612 0.00228311 4 2 6 2 2 2 21919 185.216 78747.3 1
2.1484 0.00228311 4 2 6 2 2 2 21919 185.495 78747.2 1
2.15068 0.00228311 4 2 6 2 2 2 21934 185.782 78743.4 1
2.15297 0.00228311 4 2 6 2 2 2 21940 186.03 78756.6 1
2.15525 0.00228311 4 2 6 2 2 2 21955 186.286 78766.1 1
2.15753 0.00228311 4 2 6 2 2 2 21973 186.545 78774.5 1
2.15982 0.00228311 4 2 6 2 2 2 21997 186.825 78774.4 1
2.1621 0.00228311 4 2 6 2 2 2 21997 187.086 78782.1 1
2.16438 0.00228311 4 2 6 2 2 2 22003 187.342 78791.7 1
2.16667 0.00228311 4 2 6 2 2 2 21979 187.606 78798 1
2.16895 0.00228311 4 2 6 2 2 2 21982 187.854 78811 1
2.17123 0.00228311 4 2 6 2 2 2 21985 188.126 78813.8 1
2.17352 0.00228311 4 2 6 2 2 2 22003 188.397 78817.5 1
2.1758 0.00228311 4 2 6 2 2 2 22006 188.683 78814.4 1
2.17808 0.00228311 4 2 6 2 2 2 22030 188.989 78803.5 1
2.18037 0.00228311 4 2 6 2 2 2 22048 189.275 78800.8 1
2.18265 0.00228311 4 2 6 2 2 2 22090 189.545 78805 1
2.18493 0.00228311 4 2 6 2 2 2 22099 189.826 78805.1 1
2.18721 0.00228311 4 2 6 2 2 2 22126 190.093 78810.7 1
2.1895 0.00228311 4 2 6 2 2 2 22105 190.372 78811.4 1
2.19178 0.00228311 4 2 6 2 2 2 22141 190.659 78808.5 1
2.19406 0.00228311 4 2 6 2 2 2 22138 190.943 78807.2 1
2.19635 0.00228311 4 2 6 2 2 2 22159 191.23 78805 1
2.19863 0.00228311 4 2 6 2 2 2 22174 191.504 78808 1
2.20091 0.00228311 4 2 6 2 2 2 22183 191.782 78809.6 1
2.2032 0.00228311 4 2 6 2 2 2 22183 192.041 78818.7 1
2.20548 0.00228311 4 2 6 2 2 2 22216 192.328 78816.6 1
2.20776 0.00228311 4 2 6 2 2 2 22243 192.601 78820.3 1
2.21005 0.00228311 4 2 6 2 2 2 22243 192.884 78820.2 1
2.21233 0.00228311 4 2 6 2 2 2 22267 193.146 78828.3 1
2.21461 0.00228311 4 2 6 2 2 2 22270 193.407 78837 1
2.21689 0.00228311 4 2 6 2 2 2 22285 193.676 78842.9 1
2.21918 0.00228311 4 2 6 2 2 2 22303 193.93 78854.5 1
2.22146 0.00228311 4 2 6 2 2 2 22333 194.188 78864.8 1
2.22374 0.00228311 4 2 6 2 2 2 22354 194.448 78874.3 1
2.22603 0.00228311 4 2 6 2 2 2 22375 194.721 78878.7 1
2.22831 0.00228311 4 2 6 2 2 2 22375 194.988 78885.3 1
2.23059 0.00228311 4 2 6 2 2 2 22384 195.248 78895 1
2.23288 0.00228311 4 2 6 2 2 2 22375 195.499 78908.2 1
2.23516 0.00228311 4 2 6 2 2 2 22408 195.762 78916.7 1
2.23744 0.00228311 4 2 6 2 2 2 22408 196.016 78928.5 1
2.23973 0.00228311 4 2 6 2 2 2 22429 196.295 78930.8 1
2.24201 0.00228311 4 2 6 2 2 2 22477 196.56 78938.7 1
2.24429 0.00228311 4 2 6 2 2 2 22513 196.829 78945.3 1
2.24658 0.00228311 4 2 6 2 2 2 22513 197.089 78955.2 1
2.24886 0.00228311 4 2 6 2 2 2 22528 197.366 78958.4 1
2.25114 0.00228311 4 2 6 2 2 2 22555 197.646 78960.6 1
2.25342 0.00228311 4 2 6 2 2 2 22585 197.905 78971.5 1
2.25571 0.00228311 4 2 6 2 2 2 22609 198.162 78983.4 1
2.25799 0.00228311 4 2 6 2 2 2 22648 198.447 78984 1
2.26027 0.00228311 4 2 6 2 2 2 22654 198.734 78983.9 1
2.26256 0.00228311 4 2 6 2 2 2 22648 199.009 78988.4 1
2.26484 0.00228311 4 2 6 2 2 2 22654 199.284 78993.4 1
2.26712 0.00228311 4 2 6 2 2 2 22675 199.588 78986.3 1
2.26941 0.00228311 4 2 6 2 2 2 22678 199.848 78997.2 1
2.27169 0.00228311 4 2 6 2 2 2 22678 200.103 79009.9 1
2.27397 0.00228311 4 2 6 2 2 2 22687 200.37 79017.9 1
2.27626 0.00228311 4 2 6 2 2 2 22696 200.632 79027.7 1
2.27854 0.00228311 4 2 6 2 2 2 22708 200.912 79030.5 1
2.28082 0.00228311 4 2 6 2 2 2 22735 201.171 79041.8 1
2.28311 0.00228311 4 2 6 2 2 2 22753 201.453 79044 1
2.28539 0.00228311 4 2 6 2 2 2 22771 201.732 79047.7 1
2.28767 0.00228311 4 2 6 2 2 2 22762 201.996 79057.3 1
2.28995 0.00228311 4 2 6 2 2 2 22771 202.273 79061.6 1
2.29224 0.00228311 4 2 6 2 2 2 22777 202.543 79068.5 1
2.29452 0.00228311 4 2 6 2 2 2 22822 202.818 79073.9 1
2.2968 0.00228311 4 2 6 2 2 2 22837 203.088 79081.2 1
2.29909 0.00228311 4 2 6 2 2 2 22870 203.357 79089 1
2.30137 0.00228311 4 2 6 2 2 2 22855 203.636 79092.7 1
2.30365 0.00228311 4 2 6 2 2 2 22882 203.909 79099.2 1
2.30594 0.00228311 4 2 6 2 2 2 22879 204.179 79106.7 1
2.30822 0.00228311 4 2 6 2 2 2 22888 204.445 79115.9 1
2.3105 0.00228311 4 2 6 2 2 2 22894 204.707 79126.2 1
2.31279 0.00228311 4 2 6 2 2 2 22894 205.014 79119.3 1
2.31507 0.00228311 4 2 6 2 2 2 22897 205.296 79122.2 1
2.31735 0.00228311 4 2 6 2 2 2 22927 205.567 79129.6 1
2.31963 0.00228311 4 2 6 2 2 2 22945 205.842 79135.1 1
2.32192 0.00228311 4 2 6 2 2 2 22924 206.111 79143.2 1
2.3242 0.00228311 4 2 6 2 2 2 22939 206.387 79148.6 1
2.32648 0.00228311 4 2 6 2 2 2 22921 206.658 79155.6 1
2.32877 0.00228311 4 2 6 2 2 2 22930 206.952 79154 1
2.33105 0.00228311 4 2 6 2 2 2 22948 207.285 79137.4 1
2.33333 0.00228311 4 2 6 2 2 2 22966 207.581 79135.5 1
2.33562 0.00228311 4 2 6 2 2 2 22969 207.843 79146.1 1
2.3379 0.00228311 4 2 6 2 2 2 22975 208.109 79155.5 1
2.34018 0.00228311 4 2 6 2 2 2 22987 208.379 79162.9 1
2.34247 0.00228311 4 2 6 2 2 2 22990 208.672 79162.3 1
2.34475 0.00228311 4 2 6 2 2 2 22999 208.974 79157.7 1
2.34703 0.00228311 4 2 6 2 2 2 23023 209.277 79153.3 1
2.34932 0.00228311 4 2 6 2 2 2 23032 209.601 79140.5 1
2.3516 0.00228311 4 2 6 2 2 2 23059 209.898 79138.6 1
2.35388 0.00228311 4 2 6 2 2 2 23056 210.184 79140.6 1
2.35616 0.00228311 4 2 6 2 2 2 23071 210.548 79113.4 1
2.35845 0.00228311 4 2 6 2 2 2 23104 210.826 79118.6 1
2.36073 0.00228311 4 2 6 2 2 2 23116 211.109 79122.2 1
2.36301 0.00228311 4 2 6 2 2 2 23125 211.393 79125.2 1
2.3653 0.00228311 4 2 6 2 2 2 23122 211.729 79108.6 1
2.36758 0.00228311 4 2 6 2 2 2 23119 212.021 79108.8 1
2.36986 0.00228311 4 2 6 2 2 2 23125 212.307 79111.3 1
2.37215 0.00228311 4 2 6 2 2 2 23134 212.598 79111.9 1
2.37443 0.00228311 4 2 6 2 2 2 23149 212.937 79094.6 1
2.37671 0.00228311 4 2 6 2 2 2 23164 213.249 79087.4 1
2.379 0.00228311 4 2 6 2 2 2 23182 213.547 79085.5 1
2.38128 0.00228311 4 2 6 2 2 2 23200 213.823 79092 1
2.38356 0.00228311 4 2 6 2 2 2 23200 214.102 79097.1 1
2.38584 0.00228311 4 2 6 2 2 2 23197 214.403 79094.6 1
2.38813 0.00228311 4 2 6 2 2 2 23245 214.725 79084.2 1
2.39041 0.00228311 4 2 6 2 2 2 23278 215.05 79072.9 1
2.39269 0.00228311 4 2 6 2 2 2 23281 215.361 79066.6 1
2.39498 0.00228311 4 2 6 2 2 2 23287 215.668 79062.2 1
2.39726 0.00228311 4 2 6 2 2 2 23308 215.972 79058.9 1
2.39954 0.00228311 4 2 6 2 2 2 23323 216.407 79007.5 1
2.40183 0.00228311 4 2 6 2 2 2 23341 216.763 78985.4 1
2.40411 0.00228311 4 2 6 2 2 2 23353 217.058 78985.9 1
2.40639 0.00228311 4 2 6 2 2 2 23395 217.377 78977.7 1
2.40868 0.00228311 4 2 6 2 2 2 23422 217.71 78964.2 1
2.41096 0.00228311 4 2 6 2 2 2 23458 218.003 78965.7 1
2.41324 0.00228311 4 2 6 2 2 2 23455 218.321 78958.4 1
2.41553 0.00228311 4 2 6 2 2 2 23458 218.622 78956.7 1
2.41781 0.00228311 4 2 6 2 2 2 23455 218.952 78944.7 1
2.42009 0.00228311 4 2 6 2 2 2 23485 219.341 78912 1
2.42237 0.00228311 4 2 6 2 2 2 23494 219.674 78899.3 1
2.42466 0.00228311 4 2 6 2 2 2 23500 220.043 78873.7 1
2.42694 0.00228311 4 2 6 2 2 2 23512 220.352 78869.8 1
2.42922 0.00228311 4 2 6 2 2 2 23548 220.658 78867.3 1
2.43151 0.00228311 4 2 6 2 2 2 23551 220.985 78857.2 1
2.43379 0.00228311 4 2 6 2 2 2 23551 221.288 78855.7 1
2.43607 0.00228311 4 2 6 2 2 2 23557 221.581 78857.7 1
2.43836 0.00228311 4 2 6 2 2 2 23584 221.87 78861.3 1
2.44064 0.00228311 4 2 6 2 2 2 23608 222.158 78865.1 1
2.44292 0.00228311 4 2 6 2 2 2 23626 222.463 78863.3 1
2.44521 0.00228311 4 2 6 2 2 2 23623 222.776 78858.4 1
2.44749 0.00228311 4 2 6 2 2 2 23635 223.079 78857.4 1
2.44977 0.00228311 4 2 6 2 2 2 23644 223.374 78859.2 1
2.45205 0.00228311 4 2 6 2 2 2 23656 223.665 78862 1
2.45434 0.00228311 4 2 6 2 2 2 23704 223.957 78865.2 1
2.45662 0.00228311 4 2 6 2 2 2 23731 224.253 78866.8 1
2.4589 0.00228311 4 2 6 2 2 2 23752 224.539 78872.1 1
2.46119 0.00228311 4 2 6 2 2 2 23734 224.873 78860.8 1
2.46347 0.00228311 4 2 6 2 2 2 23746 225.174 78860.9 1
2.46575 0.00228311 4 2 6 2 2 2 23761 225.467 78863.7 1
2.46804 0.00228311 4 2 6 2 2 2 23785 225.764 78865.2 1
2.47032 0.00228311 4 2 6 2 2 2 23791 226.052 78870 1
2.4726 0.00228311 4 2 6 2 2 2 23797 226.346 78872.8 1
2.47489 0.00228311 4 2 6 2 2 2 23803 226.628 78879.5 1
2.47717 0.00228311 4 2 6 2 2 2 23806 226.938 78876.6 1
2.47945 0.00228311 4 2 6 2 2 2 23830 227.232 78879.4 1
2.48174 0.00228311 4 2 6 2 2 2 23845 227.536 78878.9 1
2.48402 0.00228311 4 2 6 2 2 2 23854 227.942 78843.2 1
2.4863 0.00228311 4 2 6 2 2 2 23848 228.448 78773 1
2.48858 0.00228311 4 2 6 2 2 2 23842 228.875 78730.2 1
2.49087 0.00228311 4 2 6 2 2 2 23842 229.401 78653.3 1
2.49315 0.00228311 4 2 6 2 2 2 23848 230.109 78515 1
2.49543 0.00228311 4 2 6 2 2 2 23848 230.415 78514.5 1
2.49772 0.00228311 4 2 6 2 2 2 23884 230.821 78479.8 1
2.5 0.00228311 4 2 6 2 2 2 23914 231.421 78379.5 1
