0.246539 3.29592e-05 0 0 0 0 6635259 15.4252 430157 20
0.246589 5.01554e-05 4 5 0 0 6638612 62.6205 211973 20
0.246655 6.55878e-05 3 4 0 0 6639970 93.6924 212545 20
0.246735 7.96423e-05 4 3 0 0 6641468 126.401 210087 20
0.246828 9.32953e-05 4 2 0 0 6643253 157.245 211127 20
0.246934 0.000105735 5 2 0 0 6645234 189.926 209786 20
0.247052 0.000117935 7 2 0 0 6647187 225.708 205978 20
0.247174 0.000122849 5 2 0 0 6649014 257.459 206402 20
0.247309 0.000134549 5 2 0 0 6650533 290.572 205769 20
0.247451 0.00014163 9 2 0 0 6654019 331.644 200353 20
0.247601 0.000149961 5 2 0 0 6656917 365.483 200013 20
0.247751 0.000149961 6 2 0 0 6659143 401.09 198860 20
0.247911 0.000160673 6 2 0 0 6660669 436.213 198117 20
0.248072 0.000160673 5 2 0 0 6662433 469.441 198286 20
0.248233 0.000160673 5 2 0 0 6665646 502.294 198588 20
0.248409 0.00017674 13 2 0 0 6669363 550.784 193213 20
0.248586 0.00017674 12 2 0 0 6672884 597.689 189215 20
0.248763 0.00017674 7 2 0 0 6675131 635.212 188546 20
0.24894 0.00017674 8 2 0 0 6677910 674.571 187444 20
0.249091 0.000151491 5 2 0 0 6680423 708.133 187996 20
0.249243 0.000151491 6 2 0 0 6682985 743.869 187947 20
0.249394 0.000151491 5 2 0 0 6685386 777.338 188455 20
0.249546 0.000151491 6 2 0 0 6687668 813.157 188378 20
0.249697 0.000151491 7 2 0 0 6689775 851.426 187768 20
0.249849 0.000151491 7 2 0 0 6693611 888.662 187433 20
0.25 0.000151491 8 2 0 0 6694318 927.676 186766 20
0.250172 0.000172414 8 2 0 0 6696530 974.882 184592 20
0.250348 0.000175493 6 2 0 0 6699001 1009.95 184816 20
0.250527 0.000178742 9 4 0 0 6701766 1053.38 183558 20
0.250709 0.00018218 5 3 0 0 6704650 1089.78 183579 20
0.250895 0.000185823 10 2 0 0 6708857 1133.48 182420 20
0.25108 0.000185823 7 2 0 0 6711783 1171.68 182202 20
0.25127 0.000189777 10 3 0 0 6714814 1217.31 180887 20
0.251464 0.000193994 8 2 0 0 6718118 1256.69 180566 20
0.251658 0.000193994 10 2 0 0 6720624 1300.21 179691 20
0.251852 0.000193994 10 2 0 0 6722367 1343.89 178851 20
0.252051 0.000198726 8 2 0 0 6727134 1383.49 178595 20
0.25225 0.000198726 10 2 0 0 6731243 1427.33 177826 20
0.252448 0.000198726 7 2 0 0 6734498 1463.48 178034 20
0.252647 0.000198726 11 2 0 0 6737942 1506.78 177391 20
0.252846 0.000198726 8 3 0 0 6742506 1545.36 177325 20
0.253045 0.000198726 7 2 0 0 6745740 1581.31 177560 20
0.253243 0.000198726 7 3 0 0 6748155 1617.35 177775 20
0.253442 0.000198726 9 2 0 0 6752593 1657.03 177593 20
0.253641 0.000198726 12 2 0 0 6754700 1701.23 176949 20
0.253839 0.000198726 8 2 0 0 6759250 1739.73 176919 20
0.254038 0.000198726 9 2 0 0 6762533 1780.01 176715 20
0.254231 0.000192315 11 2 0 0 6765102 1823.34 176225 20
0.254423 0.000192315 5 2 0 0 6769491 1856.76 176699 20
0.254615 0.000192315 6 2 0 0 6772830 1892.01 176989 20
0.254807 0.000192315 8 2 0 0 6775966 1931.92 176838 20
0.255 0.000192315 8 3 0 0 6779340 1970.84 176786 20
0.255192 0.000192315 6 2 0 0 6783925 2006.26 177046 20
0.255384 0.000192315 7 2 0 0 6788517 2042.71 177210 20
0.255577 0.000192315 9 2 0 0 6791933 2082.48 177087 20
0.255761 0.000184302 12 2 0 0 6795832 2128.67 176438 20
0.255945 0.000184302 11 2 0 0 6798709 2172.3 176024 20
0.25613 0.000184302 8 2 0 0 6803224 2210.43 176065 20
0.256314 0.000184302 9 2 0 0 6806745 2250.67 175941 20
0.256489 0.000175526 9 2 0 0 6810161 2290.18 175880 20
0.256665 0.000175526 8 2 0 0 6812317 2328.22 175932 20
0.256832 0.00016675 7 2 0 0 6814291 2365.17 176064 20
0.256999 0.00016675 7 2 0 0 6817833 2402.07 176198 20
0.257165 0.00016675 6 2 0 0 6821116 2436.59 176501 20
0.257332 0.00016675 6 2 0 0 6823468 2471.17 176793 20
0.257499 0.00016675 8 2 0 0 6825533 2509.04 176845 20
0.257666 0.00016675 10 3 0 0 6827948 2553.58 176434 20
0.257832 0.00016675 11 2 0 0 6830699 2599.92 175916 20
0.257999 0.00016675 6 2 0 0 6832260 2634.87 176176 20
0.258166 0.00016675 5 2 0 0 6834591 2667.64 176575 20
0.258333 0.00016675 6 2 0 0 6836719 2702.68 176814 20
0.258499 0.00016675 9 2 0 0 6838350 2742.84 176718 20
0.258666 0.00016675 8 2 0 0 6840912 2782.38 176666 20
0.258833 0.00016675 10 2 0 0 6844433 2824.09 176480 20
0.259 0.00016675 6 2 0 0 6847079 2859.08 176715 20
0.259166 0.00016675 8 2 0 0 6850467 2897.18 176756 20
0.259333 0.00016675 12 2 0 0 6852875 2943.41 176308 20
0.2595 0.00016675 6 2 0 0 6855969 2978.08 176558 20
0.259667 0.00016675 7 2 0 0 6857761 3015.67 176631 20
0.259833 0.00016675 11 2 0 0 6860477 3059.55 176342 20
0.26 0.00016675 6 2 0 0 6862990 3094.25 176580 20
0.260182 0.000181818 8 2 0 0 6865860 3137.97 176308 20
0.260364 0.000181818 10 2 0 0 6868240 3180.8 176093 20
0.260549 0.000185315 10 2 0 0 6870648 3223.23 175907 20
0.260734 0.000185315 9 2 0 0 6873392 3264.16 175807 20
0.260923 0.000189097 8 2 0 0 6876444 3302.86 175829 20
0.261112 0.000189097 8 2 0 0 6879160 3341.48 175855 20
0.261302 0.000189097 12 4 0 0 6882002 3392.51 175239 20
0.261495 0.000193299 11 2 0 0 6885117 3438.6 174892 20
0.261688 0.000193299 9 2 0 0 6887714 3479.28 174827 20
0.261881 0.000193299 8 2 0 0 6890514 3518.09 174857 20
0.262075 0.000193299 6 2 0 0 6893650 3554.13 175024 20
0.262268 0.000193299 9 2 0 0 6896779 3595.11 174947 20
0.262466 0.000198255 10 2 0 0 6899495 3637.94 174784 20
0.262665 0.000198255 9 2 0 0 6902071 3678.59 174729 20
0.262863 0.000198255 7 2 0 0 6905074 3716.69 174795 20
0.263061 0.000198255 8 2 0 0 6907804 3755.19 174843 20
0.263259 0.000198255 10 2 0 0 6912459 3798.33 174677 20
0.263458 0.000198255 12 2 0 0 6915910 3844.88 174361 20
0.263656 0.000198255 9 2 0 0 6920670 3885.76 174307 20
0.263848 0.000192247 9 2 0 0 6924100 3942.12 173572 20
0.264035 0.000186422 6 2 0 0 6927803 3977.88 173753 20
0.264215 0.000180773 6 2 0 0 6931254 4013.22 173950 20
0.264385 0.000170139 10 2 0 0 6934215 4056.34 173811 20
0.264546 0.000160417 8 3 0 0 6937995 4096.15 173815 20
0.264689 0.000143531 11 2 0 0 6941936 4142.06 173564 20
0.264833 0.000143531 11 3 0 0 6945548 4187.88 173324 20
0.264981 0.000147632 5 2 0 0 6948530 4221.93 173572 20
0.265133 0.000152105 7 2 0 0 6951183 4259.7 173665 20
0.26529 0.000157012 11 5 0 0 6953997 4310.05 173250 20
0.265452 0.000162426 6 4 0 0 6957098 4351.21 173209 20
0.265614 0.000162426 6 3 0 0 6959870 4387.97 173344 20
0.265783 0.000168673 7 3 0 0 6962852 4428.7 173322 20
0.265952 0.000168673 5 2 0 0 6965918 4462.41 173574 20
0.266121 0.000168673 8 2 0 0 6968711 4501.55 173613 20
0.266289 0.000168673 10 2 0 0 6971378 4544.97 173488 20
0.266458 0.000168673 7 2 0 0 6974332 4582.42 173592 20
0.266635 0.000177107 7 2 0 0 6977006 4620.01 173690 20
0.266812 0.000177107 8 2 0 0 6979099 4658.89 173739 20
0.26698 0.000167786 7 2 0 0 6981234 4695.85 173859 20
0.267148 0.000167786 11 2 0 0 6984055 4742.6 173617 20
0.267315 0.000167786 17 2 0 0 6987058 4799.34 173020 20
0.267483 0.000167786 18 3 0 0 6987401 4864.35 172144 20
0.267651 0.000167786 10 4 0 0 6989480 4910.56 171947 20
0.267819 0.000167786 12 4 0 0 6991993 4967.12 171397 20
0.267987 0.000167786 8 4 0 0 6993967 5011.8 171265 20
0.268154 0.000167786 11 4 0 0 6996872 5062.54 170930 20
0.268322 0.000167786 10 4 0 0 6999336 5112.72 170622 20
0.26849 0.000167786 5 3 0 0 7002703 5149.54 170762 20
0.268641 0.000151007 7 2 0 0 7005734 5187.78 170854 20
0.268792 0.000151007 8 4 0 0 7007806 5228.54 170862 20
0.268943 0.000151007 4 3 0 0 7009752 5263.13 171071 20
0.269094 0.000151007 9 3 0 0 7012153 5306.83 170983 20
0.269245 0.000151007 7 2 0 0 7014239 5345.49 171059 20
0.269396 0.000151007 11 2 0 0 7015961 5390.88 170920 20
0.269547 0.000151007 9 2 0 0 7018229 5432.75 170895 20
0.269698 0.000151007 7 2 0 0 7021456 5470.36 171003 20
0.269849 0.000151007 10 2 0 0 7022989 5514.33 170913 20
0.27 0.000151007 9 2 0 0 7025579 5556.1 170893 20
0.270172 0.000172414 9 2 0 0 7027882 5603.51 170701 20
0.270339 0.000166569 8 2 0 0 7031886 5643.23 170746 20
0.270506 0.000166569 7 2 0 0 7036296 5680.78 170856 20
0.270672 0.000166569 11 2 0 0 7039642 5726.67 170716 20
0.270839 0.000166569 8 2 0 0 7042288 5766.65 170753 20
0.271008 0.000169654 9 2 0 0 7046677 5808.63 170732 20
0.271178 0.000169654 10 2 0 0 7049911 5852.88 170646 20
0.271351 0.00017298 12 2 0 0 7052277 5900.38 170468 20
0.271524 0.00017298 8 2 0 0 7055427 5940.54 170503 20
0.271697 0.00017298 10 2 0 0 7059781 5983.89 170448 20
0.271866 0.00016945 9 2 0 0 7062504 6025.78 170435 20
0.272036 0.00016945 9 2 0 0 7065024 6067.35 170432 20
0.272198 0.000162534 8 2 0 0 7067887 6107.35 170472 20
0.272361 0.000162534 9 2 0 0 7068762 6148.96 170469 20
0.272523 0.000162534 10 2 0 0 7070540 6193.06 170396 20
0.272683 0.000159076 9 2 0 0 7073515 6235.55 170370 20
0.272838 0.000155691 8 2 0 0 7075608 6275.81 170404 20
0.272994 0.000155691 10 2 0 0 7077841 6320.86 170309 20
0.273146 0.000152307 6 2 0 0 7080361 6357.39 170444 20
0.273299 0.000152307 6 2 0 0 7082307 6393.97 170577 20
0.273451 0.000152307 8 4 0 0 7083574 6435.1 170588 20
0.273603 0.000152307 5 2 0 0 7085506 6470.86 170740 20
0.273759 0.000156021 9 2 0 0 7088572 6513.05 170722 20
0.273915 0.000156021 11 4 0 0 7090434 6559.9 170584 20
0.274071 0.000156021 4 3 0 0 7091239 6594.81 170756 20
0.274231 0.000160238 9 2 0 0 7094431 6637.25 170733 20
0.274392 0.000160238 12 2 0 0 7096944 6685.35 170566 20
0.274557 0.000164951 5 2 0 0 7099254 6719.74 170750 20
0.274722 0.000164951 5 2 0 0 7101914 6753.79 170940 20
0.274887 0.000164951 10 7 0 0 7103573 6804.24 170717 20
0.275057 0.000170449 6 7 0 0 7105099 6852.42 170554 20
0.275227 0.000170449 4 6 0 0 7107619 6892.98 170581 20
0.275398 0.000170449 4 5 0 0 7109971 6931.51 170659 20
0.275568 0.000170449 5 3 0 0 7110762 6969.79 170742 20
0.275739 0.000170449 10 2 0 0 7113905 7014.71 170662 20
0.275909 0.000170449 9 2 0 0 7116075 7056.63 170657 20
0.27608 0.000170449 9 2 0 0 7119547 7098.85 170645 20
0.276258 0.000178197 12 2 0 0 7122508 7147.53 170479 20
0.276436 0.000178197 7 2 0 0 7125168 7186.53 170545 20
0.276614 0.000178197 9 2 0 0 7127296 7228.36 170544 20
0.276792 0.000178197 8 2 0 0 7131006 7269.85 170553 20
0.276971 0.000178197 7 2 0 0 7133253 7308.22 170633 20
0.277149 0.000178197 7 2 0 0 7135941 7346.15 170723 20
0.277327 0.000178197 7 2 0 0 7137124 7384.9 170794 20
0.277505 0.000178197 7 2 0 0 7138510 7423.95 170857 20
0.277683 0.000178197 7 2 0 0 7141100 7462.02 170942 20
0.277862 0.000178197 6 2 0 0 7145342 7498.81 171056 20
0.27804 0.000178197 5 2 0 0 7149815 7533.11 171227 20
0.278218 0.000178197 8 2 0 0 7152587 7573.51 171258 20
0.278396 0.000178197 6 2 0 0 7154897 7610.06 171375 20
0.278574 0.000178197 11 2 0 0 7157522 7656.88 171263 20
0.278733 0.000158397 7 2 0 0 7159699 7695.09 171342 20
0.278891 0.000158397 6 2 0 0 7162597 7731.64 171459 20
0.27905 0.000158397 7 2 0 0 7164501 7770.61 171521 20
0.279208 0.000158397 6 2 0 0 7166986 7806.96 171640 20
0.279366 0.000158397 7 2 0 0 7168680 7846.15 171697 20
0.279525 0.000158397 10 2 0 0 7171207 7891.38 171621 20
0.279683 0.000158397 11 2 0 0 7172712 7938.31 171510 20
0.279842 0.000158397 7 2 0 0 7176058 7976.9 171580 20
0.28 0.000158397 8 2 0 0 7178256 8017.8 171600 20
0.280154 0.000153846 8 3 0 0 7181301 8064.97 171487 20
0.28031 0.000156288 11 5 0 0 7183604 8129.63 171007 20
0.280466 0.000156288 7 5 0 0 7185718 8176.35 170908 20
0.280618 0.000151327 5 4 0 0 7189120 8216.68 170944 20
0.280767 0.000148925 4 3 0 0 7190912 8251.75 171089 20
0.280909 0.000142051 8 3 0 0 7193397 8293.64 171093 20
0.281046 0.000137747 5 2 0 0 7195378 8329.02 171230 20
0.281184 0.000137747 8 4 0 0 7197177 8372.11 171208 20
0.281324 0.000139933 6 3 0 0 7198542 8412.3 171246 20
0.281464 0.000139933 5 2 0 0 7201188 8447.96 171375 20
0.281604 0.000139933 5 2 0 0 7202602 8483.59 171505 20
0.281744 0.000139933 6 2 0 0 7203806 8520.98 171597 20
0.281884 0.000139933 5 2 0 0 7204814 8556.13 171735 20
0.282024 0.000139933 5 2 0 0 7207418 8590.98 171877 20
0.282164 0.000139933 6 2 0 0 7208391 8627.93 171976 20
0.282304 0.000139933 5 2 0 0 7210036 8662.8 172116 20
0.282441 0.000137434 6 2 0 0 7211121 8699.75 172214 20
0.282579 0.000137434 6 2 0 0 7214089 8736.25 172320 20
0.282716 0.000137434 5 2 0 0 7216756 8771.53 172450 20
0.282853 0.000137434 6 2 0 0 7218611 8808.43 172547 20
0.282991 0.000137434 5 2 0 0 7220956 8843.78 172674 20
0.283128 0.000137434 5 2 0 0 7223049 8878.29 172816 20
0.283266 0.000137434 4 2 0 0 7225079 8911.49 172983 20
0.283403 0.000137434 5 2 0 0 7226465 8946.99 173105 20
0.283538 0.000134629 5 2 0 0 7228726 8982.95 173216 20
0.28367 0.000131882 5 2 0 0 7230896 9018.01 173345 20
0.283796 0.000126607 6 2 0 0 7232975 9054.71 173441 20
0.28392 0.000124075 5 2 0 0 7235152 9089.05 173582 20
0.284042 0.000121593 6 2 0 0 7237434 9126.77 173657 20
0.284161 0.000119161 5 2 0 0 7239247 9161.53 173789 20
0.28428 0.000119161 5 2 0 0 7239779 9196.59 173913 20
0.284399 0.000119161 5 2 0 0 7241893 9232.14 174028 20
0.284519 0.000119161 4 2 0 0 7243181 9265.6 174181 20
0.284638 0.000119161 4 2 0 0 7245491 9298.63 174342 20
0.284757 0.000119161 4 2 0 0 7247360 9332.1 174493 20
0.284876 0.000119161 5 2 0 0 7248522 9369.33 174573 20
0.284995 0.000119161 5 2 0 0 7249698 9406.56 174653 20
0.285117 0.000122068 6 2 0 0 7250083 9445.19 174706 20
0.285239 0.000122068 7 3 0 0 7250475 9485.74 174724 20
0.285361 0.000122068 8 4 0 0 7252484 9529.39 174685 20
0.285487 0.000125367 4 2 0 0 7254332 9564.16 174808 20
0.285612 0.000125367 7 2 0 0 7255963 9603.43 174849 20
0.285738 0.000125367 5 2 0 0 7257279 9638.72 174961 20
0.285863 0.000125367 6 2 0 0 7258609 9675.42 175048 20
0.285992 0.000129284 8 4 0 0 7259512 9719.21 175006 20
0.286121 0.000129284 4 3 0 0 7261507 9754.85 175111 20
0.286251 0.000129284 7 2 0 0 7263838 9794.66 175141 20
0.28638 0.000129284 6 2 0 0 7266169 9831.55 175223 20
0.286505 0.000124826 6 2 0 0 7267702 9868.65 175301 20
0.28663 0.000124826 7 2 0 0 7268843 9908.51 175329 20
0.286755 0.000124826 12 2 0 0 7270313 9957.98 175189 20
0.286875 0.000120203 12 2 0 0 7270803 10008.6 175029 20
0.286995 0.000120203 8 2 0 0 7271391 10050.2 175028 20
0.287111 0.00011558 6 2 0 0 7273442 10088.7 175082 20
0.287226 0.00011558 6 2 0 0 7273050 10127.1 175135 20
0.287342 0.00011558 5 2 0 0 7275143 10163 175233 20
0.287452 0.000110764 5 2 0 0 7277075 10198.7 175333 20
0.287563 0.000110764 10 3 0 0 7278489 10245.9 175236 20
0.287674 0.000110764 6 2 0 0 7279623 10284.2 175291 20
0.28778 0.000105729 4 2 0 0 7281660 10317.5 175430 20
0.287885 0.000105729 5 2 0 0 7283858 10353.4 175525 20
0.287991 0.000105729 5 2 0 0 7284985 10389.2 175622 20
0.288103 0.000111603 8 2 0 0 7285545 10431.2 175613 20
0.288214 0.000111603 4 2 0 0 7288303 10464.4 175753 20
0.288326 0.000111603 4 2 0 0 7289444 10498.4 175878 20
0.288438 0.000111603 7 2 0 0 7291124 10537.8 175911 20
0.288549 0.000111603 5 2 0 0 7291964 10573.7 176004 20
0.288661 0.000111603 8 2 0 0 7293861 10615.7 175995 20
0.288772 0.000111603 6 2 0 0 7295023 10653.8 176050 20
0.288884 0.000111603 6 2 0 0 7297137 10691.3 176116 20
0.288996 0.000111603 6 2 0 0 7296864 10728.8 176181 20
0.289096 0.000100443 10 2 0 0 7298096 10774.6 176108 20
0.289196 0.000100443 7 2 0 0 7298663 10814.2 176139 20
0.289297 0.000100443 10 3 0 0 7299769 10862.5 176027 20
0.289397 0.000100443 13 4 0 0 7300924 10921.6 175743 20
0.289498 0.000100443 10 5 0 0 7302016 10975.1 175553 20
0.289598 0.000100443 8 5 0 0 7302765 11025.9 175405 20
0.289699 0.000100443 8 5 0 0 7303892 11078.6 175230 20
0.289799 0.000100443 7 5 0 0 7305082 11126.3 175135 20
0.2899 0.000100443 6 4 0 0 7306790 11170.6 175095 20
0.29 0.000100443 5 3 0 0 7307301 11209.9 175134 20
0.290128 0.000128205 6 2 0 0 7309429 11255 175081 20
0.29026 0.000131624 8 2 0 0 7310780 11297.2 175074 20
0.290393 0.000133427 8 3 0 0 7313335 11340.8 175046 20
0.29053 0.000137239 12 2 0 0 7315239 11391.4 174910 20
0.290672 0.000141336 12 2 0 0 7316884 11440.8 174795 20
0.290815 0.00014351 9 2 0 0 7319187 11484.9 174761 20
0.290963 0.00014814 8 2 0 0 7320888 11528.1 174741 20
0.291114 0.000150609 8 2 0 0 7323114 11573.3 174691 20
0.291267 0.000153205 6 2 0 0 7326040 11614.1 174709 20
0.291423 0.000155941 9 3 0 0 7327202 11658.2 174676 20
0.291582 0.000158829 10 2 0 0 7329106 11705.1 174602 20
0.291744 0.000161883 13 4 0 0 7330009 11765.3 174331 20
0.291906 0.000161883 11 5 0 0 7332914 11825.4 174065 20
0.292071 0.000165187 9 5 0 0 7335266 11879.3 173893 20
0.292236 0.000165187 5 3 0 0 7336057 11918.5 173937 20
0.292405 0.000168778 10 2 0 0 7336344 11965.8 173862 20
0.292574 0.000168778 14 3 0 0 7335672 12025.4 173612 20
0.292743 0.000168778 9 3 0 0 7337002 12074 173520 20
0.292915 0.000172797 10 4 0 0 7338640 12124.1 173409 20
0.293088 0.000172797 7 3 0 0 7341531 12169.2 173368 20
0.293265 0.000177227 10 2 0 0 7343883 12232.8 173068 20
0.293443 0.000177227 8 3 0 0 7345311 12279.1 173014 20
0.29362 0.000177227 8 2 0 0 7346830 12322.6 172998 20
0.293797 0.000177227 17 2 0 0 7348860 12386.4 172702 20
0.293974 0.000177227 7 2 0 0 7351877 12428.1 172714 20
0.294151 0.000177227 12 2 0 0 7353333 12480.7 172575 20
0.294324 0.000172015 12 3 0 0 7353599 12532.8 172444 20
0.29449 0.000166956 9 2 0 0 7355447 12578.7 172399 20
0.294663 0.000172173 7 2 0 0 7357001 12618.8 172434 20
0.294835 0.000172173 8 2 0 0 7360256 12662.3 172424 20
0.295007 0.000172173 7 2 0 0 7363812 12703.5 172444 20
0.295179 0.000172173 8 2 0 0 7367669 12746.9 172435 20
0.295351 0.000172173 7 2 0 0 7371309 12787 172470 20
0.295517 0.000166024 7 2 0 0 7375579 12828.3 172491 20
0.295677 0.000160094 8 2 0 0 7377826 12871.6 172483 20
0.295832 0.000154377 7 2 0 0 7379352 12913.1 172501 20
0.295981 0.000148863 7 3 0 0 7382376 12955.1 172511 20
0.296119 0.000138597 7 3 0 0 7385155 12998.2 172507 20
0.296249 0.000129357 6 3 0 0 7386716 13039 172534 20
0.29637 0.000121011 5 3 0 0 7387591 13078.8 172574 20
0.296491 0.000121011 4 2 0 0 7390139 13114.9 172662 20
0.296608 0.000116978 5 2 0 0 7392764 13153.2 172722 20
0.296725 0.000116978 4 2 0 0 7394626 13189.9 172801 20
0.296838 0.000112944 6 2 0 0 7395788 13228.8 172852 20
0.296951 0.000112944 8 2 0 0 7394892 13272.4 172841 20
0.297063 0.000112944 7 2 0 0 7396943 13313.2 172868 20
0.297176 0.000112944 11 2 0 0 7397720 13362.2 172787 20
0.297294 0.00011765 10 5 0 0 7398945 13412.2 172694 20
0.297412 0.00011765 4 4 0 0 7400289 13451.2 172745 20
0.297535 0.000123252 5 3 0 0 7401290 13491.9 172772 20
0.297665 0.000129739 7 2 0 0 7403271 13533.8 172783 20
0.297794 0.000129739 9 2 0 0 7404503 13582 172716 20
0.297932 0.000137848 14 2 0 0 7404755 13640 172525 20
0.29807 0.000137848 13 2 0 0 7406596 13695.9 172361 20
0.298219 0.000148452 13 2 0 0 7407667 13750.8 172211 20
0.298367 0.000148452 8 2 0 0 7409543 13793.9 172211 20
0.298515 0.000148452 14 2 0 0 7410873 13850 172048 20
0.298664 0.000148452 11 2 0 0 7410523 13900.5 171956 20
0.298798 0.000133607 10 2 0 0 7412056 13949.1 171888 20
0.298931 0.000133607 9 4 0 0 7413995 13996.7 171834 20
0.29905 0.000118761 13 3 0 0 7416648 14055.8 171639 20
0.299169 0.000118761 14 4 0 0 7418328 14120.1 171382 20
0.299287 0.000118761 4 3 0 0 7419728 14157.6 171452 20
0.299406 0.000118761 13 3 0 0 7421254 14216.3 171266 20
0.299525 0.000118761 10 3 0 0 7422073 14268.7 171157 20
0.29962 9.50091e-05 8 2 0 0 7423431 14313.1 171145 20
0.299715 9.50091e-05 8 2 0 0 7424236 14357.5 171133 20
0.29981 9.50091e-05 4 2 0 0 7425258 14395.9 171193 20
0.299905 9.50091e-05 5 2 0 0 7427183 14433.2 171265 20
0.3 9.50091e-05 4 2 0 0 7428240 14468 171366 20
0.300105 0.000105263 8 2 0 0 7427988 14517.8 171290 20
0.300211 0.000105263 7 2 0 0 7426945 14559.4 171311 20
0.300314 0.000103047 8 2 0 0 7426588 14604.9 171286 20
0.300417 0.000103047 9 3 0 0 7428254 14654.6 171212 20
0.300514 9.77896e-05 6 2 0 0 7428758 14696.3 171231 20
0.300612 9.77896e-05 13 2 0 0 7429773 14750.8 171102 20
0.300708 9.57939e-05 9 2 0 0 7429997 14798.9 171049 20
0.300796 8.84953e-05 8 2 0 0 7431040 14845.6 171011 20
0.300883 8.68256e-05 7 2 0 0 7432062 14887.6 171027 20
0.30097 8.68256e-05 7 2 0 0 7432692 14929.1 171050 20
0.301057 8.68256e-05 6 2 0 0 7433105 14968.8 171092 20
0.301143 8.59907e-05 7 2 0 0 7433392 15010.9 171108 20
0.301229 8.59907e-05 4 2 0 0 7434281 15047.1 171190 20
0.301315 8.59907e-05 5 2 0 0 7434526 15084.3 171261 20
0.301401 8.59907e-05 4 2 0 0 7435646 15118.6 171364 20
0.301487 8.59907e-05 5 2 0 0 7435450 15155.6 171437 20
0.30157 8.34616e-05 5 2 0 0 7436010 15192.9 171505 20
0.301652 8.1841e-05 4 2 0 0 7435982 15227.4 171605 20
0.301731 7.87526e-05 6 2 0 0 7436927 15266.8 171650 20
0.301807 7.58626e-05 11 2 0 0 7438033 15318.4 171557 20
0.301882 7.51666e-05 6 3 0 0 7438166 15360.8 171567 20
0.301957 7.51666e-05 6 2 0 0 7439475 15400.4 171609 20
0.302032 7.44706e-05 4 2 0 0 7440973 15436.7 171688 20
0.302102 7.05165e-05 4 2 0 0 7441834 15470.9 171789 20
0.302171 6.92793e-05 4 2 0 0 7442569 15505.9 171882 20
0.302241 6.92793e-05 4 2 0 0 7443850 15541.4 171968 20
0.30231 6.92793e-05 4 2 0 0 7444928 15576.8 172055 20
0.302377 6.68696e-05 4 2 0 0 7445054 15611.7 172147 20
0.302443 6.62881e-05 8 2 0 0 7445411 15655.1 172146 20
0.302509 6.62881e-05 6 2 0 0 7446503 15694.6 172187 20
0.302577 6.74825e-05 5 2 0 0 7447560 15733.6 172234 20
0.302646 6.87322e-05 4 2 0 0 7447784 15769.1 172318 20
0.302716 7.00414e-05 5 2 0 0 7447924 15805.7 172391 20
0.302786 7.07214e-05 7 3 0 0 7448463 15848.7 172393 20
0.302859 7.21358e-05 4 2 0 0 7449548 15884.5 172473 20
0.302932 7.36232e-05 6 2 0 0 7450248 15923.3 172521 20
0.303007 7.51896e-05 8 4 0 0 7451214 15969.4 172489 20
0.303084 7.68421e-05 3 3 0 0 7451529 16003.9 172583 20
0.303163 7.85885e-05 5 2 0 0 7452096 16041.8 172640 20
0.303244 8.13953e-05 6 3 0 0 7453111 16081.5 172677 20
0.303328 8.3405e-05 4 2 0 0 7453265 16117.3 172755 20
0.303413 8.55436e-05 6 3 0 0 7453384 16157.1 172792 20
0.303501 8.78248e-05 9 5 0 0 7454238 16208.7 172701 20
0.303591 9.02644e-05 3 4 0 0 7455001 16244.8 172777 20
0.303684 9.28807e-05 7 4 0 0 7456317 16289.3 172762 20
0.30378 9.56953e-05 3 3 0 0 7457633 16323.7 172855 20
0.303877 9.71905e-05 5 2 0 0 7457871 16360.7 172920 20
0.303976 9.87581e-05 6 2 0 0 7458809 16399.5 172965 20
0.304078 0.000102106 4 2 0 0 7458886 16434.2 173054 20
0.304184 0.000105752 6 3 0 0 7460027 16473.1 173099 20
0.304291 0.000107711 8 4 0 0 7460678 16536.4 172887 20
0.304401 0.000109782 6 3 0 0 7461119 16578.8 172895 20
0.304513 0.000111978 11 3 0 0 7461910 16629.2 172820 20
0.304627 0.000114311 9 3 0 0 7462953 16677.2 172769 20
0.304747 0.000119391 4 2 0 0 7463877 16713.5 172841 20
0.304869 0.000122168 7 3 0 0 7464122 16755.8 172850 20
0.304994 0.000125147 6 2 0 0 7464941 16795.3 172888 20
0.305122 0.000128356 6 2 0 0 7465151 16834.8 172926 20
0.305254 0.000131825 7 2 0 0 7464934 16876.2 172944 20
0.305386 0.000131825 8 2 0 0 7464794 16919.7 172940 20
0.305522 0.000135703 7 2 0 0 7464136 16961.1 172959 20
0.305658 0.000135703 11 6 0 0 7463814 17017.5 172824 20
0.305798 0.00014008 4 5 0 0 7464367 17059 172841 20
0.305938 0.00014008 8 3 0 0 7464913 17108 172783 20
0.306078 0.00014008 7 3 0 0 7465781 17150.5 172789 20
0.306223 0.000145268 6 2 0 0 7466061 17190.2 172825 20
0.306368 0.000145268 9 3 0 0 7468112 17235.5 172803 20
0.30652 0.000151321 7 2 0 0 7470065 17276.8 172823 20
0.306671 0.000151321 7 4 0 0 7470401 17319.2 172831 20
0.306829 0.000158527 7 3 0 0 7471192 17364.6 172810 20
0.306988 0.000158527 8 3 0 0 7472893 17409.6 172793 20
0.307155 0.000167334 8 2 0 0 7473516 17454.1 172780 20
0.307323 0.000167334 6 2 0 0 7473873 17493 172823 20
0.30749 0.000167334 12 3 0 0 7474706 17547.4 172713 20
0.307669 0.000179286 12 5 0 0 7475581 17604 172583 20
0.307849 0.000179286 5 4 0 0 7476029 17646.6 172590 20
0.308028 0.000179286 7 3 0 0 7477709 17691.6 172573 20
0.308207 0.000179286 8 4 0 0 7478626 17740 172524 20
0.308386 0.000179286 8 4 0 0 7480439 17789.4 172466 20
0.308566 0.000179286 9 3 0 0 7483204 17836.6 172428 20
0.308745 0.000179286 7 2 0 0 7485423 17878.7 172441 20
0.308924 0.000179286 5 2 0 0 7484478 17916.5 172495 20
0.309104 0.000179286 9 3 0 0 7485850 17963.4 172462 20
0.309283 0.000179286 11 7 0 0 7488608 18021.6 172320 20
0.309462 0.000179286 4 5 0 0 7491716 18065 172321 20
0.309641 0.000179286 5 4 0 0 7494768 18108.7 172319 20
0.309821 0.000179286 7 2 0 0 7496910 18151.3 172327 20
0.31 0.000179286 9 4 0 0 7497876 18199.2 172286 20
0.310204 0.000204082 11 2 0 0 7498660 18258 172142 20
0.310408 0.000204082 10 2 0 0 7501383 18305.8 172102 20
0.310608 0.00019983 13 2 0 0 7503203 18360.1 172001 20
0.310804 0.000195667 10 3 0 0 7505947 18411.2 171932 20
0.310991 0.00018768 11 3 0 0 7507207 18464.2 171845 20
0.311172 0.000180173 8 5 0 0 7508355 18512.8 171800 20
0.311345 0.000173108 7 4 0 0 7509685 18563.5 171735 20
0.311518 0.000173108 8 3 0 0 7511085 18611.9 171692 20
0.311678 0.000160043 8 4 0 0 7513311 18658.7 171664 20
0.311838 0.000160043 8 3 0 0 7514739 18706.5 171627 20
0.311998 0.000160043 8 3 0 0 7517245 18751.9 171612 20
0.312158 0.000160043 7 2 0 0 7516986 18793.7 171631 20
0.312315 0.000156842 12 4 0 0 7519191 18851.8 171500 20
0.312472 0.000156842 7 4 0 0 7521060 18899.8 171463 20
0.312628 0.000156842 5 3 0 0 7521053 18941.4 171483 20
0.312789 0.000160252 11 4 0 0 7521956 18997.1 171377 20
0.312949 0.000160252 10 5 0 0 7524364 19052.4 171274 20
0.313113 0.000163978 9 3 0 0 7523216 19104 171205 20
0.313277 0.000163978 10 4 0 0 7524693 19157.9 171117 20
0.313445 0.000168078 10 5 0 0 7526240 19216.2 170989 20
0.313617 0.000172501 5 4 0 0 7527024 19261.5 170977 20
0.31379 0.000172501 8 3 0 0 7528459 19312.4 170917 20
0.313967 0.00017743 11 4 0 0 7530188 19369 170806 20
0.314145 0.00017743 8 2 0 0 7531133 19416.2 170778 20
0.314317 0.000172211 9 3 0 0 7530944 19465.5 170733 20
0.314475 0.00015786 10 5 0 0 7531434 19522.9 170617 20
0.314624 0.000149327 4 4 0 0 7533282 19564.7 170637 20
0.314762 0.00013784 7 5 0 0 7534668 19614.6 170588 20
0.314893 0.000130948 4 4 0 0 7536523 19657.1 170602 20
0.315021 0.000127675 5 3 0 0 7538483 19698.3 170628 20
0.315145 0.000124483 9 5 0 0 7538966 19748.9 170572 20
0.31527 0.000124483 3 3 0 0 7540254 19786.4 170630 20
0.315394 0.000124483 8 2 0 0 7540940 19832.6 170613 20
0.315522 0.000127941 6 2 0 0 7542277 19875 170628 20
