t dt mgp.i mgp.nrelax mgu.i mgu.nrelax grid->tn perf.t perf.speed npe
0 0.000710227 0 0 0 0 87347 0 0 1
0.000710227 0.000710227 6 4 0 0 79801 3.18453 25058.9 1
0.00187145 0.00116122 6 3 0 0 81663 4.5334 35616.6 1
0.00322621 0.00135476 7 2 0 0 83119 5.78291 42294.1 1
0.00458097 0.00135476 6 2 0 0 83910 6.92492 47436.3 1
0.00638731 0.00180634 6 2 0 0 84680 8.10885 50953.3 1
0.00819366 0.00180634 6 2 0 0 85401 9.28323 53707 1
0.01 0.00180634 6 2 0 0 86213 10.4529 55945 1
0.012 0.002 6 2 0 0 86990 11.9663 56139.2 1
0.014 0.002 5 2 0 0 87697 13.1434 57783.6 1
0.016 0.002 5 2 0 0 88061 14.2704 59391.1 1
0.018 0.002 5 2 0 0 88565 15.4399 60628.5 1
0.02 0.002 5 2 0 0 88957 16.5601 61899.2 1
0.022 0.002 4 2 0 0 89384 17.969 62020.3 1
0.024 0.002 4 2 0 0 89741 19.0183 63316.9 1
0.026 0.002 4 2 0 0 90273 20.1379 64279.5 1
0.028 0.002 5 2 0 0 90595 21.339 64907.1 1
0.03 0.002 4 2 0 0 90959 22.3859 65934.7 1
0.0325 0.0025 5 2 0 0 91365 24.1312 64952.1 1
0.035 0.0025 5 2 0 0 91778 25.283 65623.3 1
0.0375 0.0025 5 2 0 0 92163 26.4205 66286.1 1
0.04 0.0025 5 2 0 0 92457 27.648 66687.4 1
0.0425 0.0025 5 2 0 0 92926 29.413 65845 1
0.045 0.0025 5 2 0 0 93248 30.6325 66267.6 1
0.0475 0.0025 5 2 0 0 93878 31.7909 66805.9 1
0.05 0.0025 5 2 0 0 94319 32.9843 67248.4 1
0.0525 0.0025 5 2 0 0 94683 34.6118 66821.9 1
0.055 0.0025 5 2 0 0 94907 35.8117 67233.2 1
0.0575 0.0025 5 2 0 0 95355 37.0283 67599.4 1
0.06 0.0025 4 2 0 0 95572 38.138 68138.3 1
0.0625 0.0025 4 2 0 0 95782 39.7531 67779.4 1
0.065 0.0025 4 2 0 0 96027 40.858 68296.7 1
0.0675 0.0025 4 2 0 0 96279 41.9739 68774.8 1
0.07 0.0025 4 2 0 0 96615 43.1175 69191.5 1
0.0725 0.0025 4 2 0 0 96958 44.7921 68769.3 1
0.075 0.0025 4 2 0 0 97168 45.911 69209.7 1
0.0775 0.0025 4 2 0 0 97504 47.0375 69625.2 1
0.08 0.0025 4 2 0 0 97812 48.1781 70007.1 1
0.0825 0.0025 4 2 0 0 97994 49.9255 69519.6 1
0.085 0.0025 4 2 0 0 98078 51.097 69845.2 1
0.0875 0.0025 4 2 0 0 98316 52.3068 70109.3 1
0.09 0.0025 5 2 0 0 98393 53.5599 70306.1 1
0.0925 0.0025 4 2 0 0 98638 55.274 69910.3 1
0.095 0.0025 5 2 0 0 98792 56.5209 70116 1
0.0975 0.0025 4 2 0 0 99037 57.6626 70445.2 1
0.1 0.0025 4 2 0 0 99142 58.8024 70765.7 1
0.1025 0.0025 4 2 0 0 99408 60.5223 70397.2 1
0.105 0.0025 4 2 0 0 99646 61.7066 70661 1
0.1075 0.0025 4 2 0 0 99667 62.8889 70917.4 1
0.11 0.0025 5 2 0 0 99842 64.1638 71064.3 1
0.1125 0.0025 4 2 0 0 99975 65.882 70728.4 1
0.115 0.0025 5 2 0 0 100087 67.167 70865.5 1
0.1175 0.0025 5 2 0 0 100192 68.5274 70920.7 1
0.12 0.0025 5 2 0 0 100311 69.8443 71019.7 1
0.1225 0.0025 5 2 0 0 100451 71.6575 70624.5 1
0.125 0.0025 4 2 0 0 100619 72.8198 70879 1
0.1275 0.0025 5 2 0 0 100640 74.1413 70973.1 1
0.13 0.0025 6 2 0 0 100871 75.5914 70946 1
0.133333 0.00333333 7 2 0 0 101060 77.5635 70445 1
0.136667 0.00333333 6 2 0 0 101368 78.9352 70505.1 1
0.14 0.00333333 5 2 0 0 101501 80.2157 70645 1
0.143333 0.00333333 5 2 0 0 101690 82.0191 70331.5 1
0.146667 0.00333333 6 2 0 0 102019 83.5413 70271.1 1
0.15 0.00333333 5 2 0 0 102299 84.8351 70405.3 1
0.153333 0.00333333 5 2 0 0 102509 86.6657 70101 1
0.156667 0.00333333 5 2 0 0 102670 87.9862 70215.8 1
0.16 0.00333333 5 2 0 0 102817 89.2737 70354.9 1
0.163333 0.00333333 5 2 0 0 103027 91.0104 70144.4 1
0.166667 0.00333333 6 2 0 0 103300 92.4146 70196.3 1
0.17 0.00333333 5 2 0 0 103594 93.7081 70332.9 1
0.173333 0.00333333 6 2 0 0 103664 95.594 70029.8 1
0.176667 0.00333333 5 2 0 0 103965 96.8789 70174.1 1
0.18 0.00333333 5 2 0 0 104189 98.2618 70246.8 1
0.183333 0.00333333 5 2 0 0 104532 100.074 70019.6 1
0.186667 0.00333333 5 2 0 0 104735 101.376 70153.1 1
0.19 0.00333333 4 2 0 0 104952 102.562 70364.9 1
0.193333 0.00333333 5 2 0 0 105197 104.365 70157.8 1
0.196667 0.00333333 5 2 0 0 105428 105.709 70262.9 1
0.2 0.00333333 4 2 0 0 105841 106.911 70462.6 1
0.203333 0.00333333 5 2 0 0 106198 108.726 70263.2 1
0.206667 0.00333333 5 2 0 0 106443 110.054 70382.8 1
0.21 0.00333333 5 2 0 0 106674 111.401 70489.3 1
0.213333 0.00333333 5 2 0 0 106954 113.227 70297.1 1
0.216667 0.00333333 5 2 0 0 107234 114.579 70403.5 1
0.22 0.00333333 6 2 0 0 107332 116.043 70440.5 1
0.223333 0.00333333 8 2 0 0 107535 118.292 70009.8 1
0.226667 0.00333333 8 2 0 0 107829 120.012 69905 1
0.23 0.00333333 6 2 0 0 108151 121.604 69879.6 1
0.233333 0.00333333 6 2 0 0 108431 123.644 69603.2 1
0.236667 0.00333333 6 2 0 0 108676 125.139 69640 1
0.24 0.00333333 6 2 0 0 108753 126.645 69671.1 1
0.2425 0.0025 5 2 0 0 108844 128.618 69448.6 1
0.245 0.0025 4 2 0 0 109005 129.868 69619.3 1
0.2475 0.0025 5 2 0 0 109243 131.266 69710.1 1
0.25 0.0025 5 2 0 0 109502 132.664 69800.7 1
0.2525 0.0025 5 2 0 0 109782 134.525 69651.5 1
0.255 0.0025 5 2 0 0 110013 135.904 69754.1 1
0.2575 0.0025 5 2 0 0 110244 137.329 69832.9 1
0.26 0.0025 4 2 0 0 110475 138.615 69982.1 1
0.2625 0.0025 5 2 0 0 110895 140.526 69819.7 1
0.265 0.0025 4 2 0 0 111021 141.919 69916.6 1
0.2675 0.0025 5 2 0 0 111245 143.364 69988.1 1
0.27 0.0025 5 2 0 0 111357 144.81 70057.8 1
0.2725 0.0025 4 2 0 0 111714 146.643 69944.3 1
0.275 0.0025 5 2 0 0 111994 148.127 69999.4 1
0.2775 0.0025 5 2 0 0 112232 149.562 70078.4 1
0.28 0.0025 5 2 0 0 112547 150.982 70164.4 1
0.2825 0.0025 5 2 0 0 112799 152.937 70005 1
0.285 0.0025 5 2 0 0 113142 154.358 70093.9 1
0.2875 0.0025 5 2 0 0 113317 155.777 70182.7 1
0.29 0.0025 5 2 0 0 113499 157.206 70266.5 1
0.2925 0.0025 4 2 0 0 113793 159.078 70154.9 1
0.295 0.0025 5 2 0 0 114094 160.521 70235.2 1
0.2975 0.0025 10 2 0 0 114297 162.538 70066.7 1
0.3 0.0025 6 2 0 0 114465 164.097 70098.5 1
0.3025 0.0025 5 2 0 0 114773 166.125 69933.7 1
0.305 0.0025 6 2 0 0 114843 167.695 69963.8 1
0.3075 0.0025 5 2 0 0 114850 169.134 70047.8 1
0.31 0.0025 6 2 0 0 115116 170.689 70084.1 1
0.3125 0.0025 5 2 0 0 115263 172.694 69937.8 1
0.315 0.0025 5 2 0 0 115403 174.147 70016.8 1
0.3175 0.0025 5 2 0 0 115606 175.608 70092.9 1
0.32 0.0025 4 2 0 0 115774 176.949 70215.8 1
0.3225 0.0025 4 2 0 0 115956 178.871 70109.4 1
0.325 0.0025 5 2 0 0 116138 180.342 70181.7 1
0.3275 0.0025 6 2 0 0 116250 181.918 70212.6 1
0.33 0.0025 6 2 0 0 116663 183.504 70241.8 1
0.3325 0.0025 6 2 0 0 116859 185.625 70068.8 1
0.335 0.0025 5 2 0 0 117076 187.11 70138.3 1
0.3375 0.0025 4 2 0 0 117300 188.486 70248.7 1
0.34 0.0025 4 2 0 0 117503 189.836 70367.8 1
0.3425 0.0025 5 2 0 0 117692 191.9 70224.5 1
0.345 0.0025 5 2 0 0 117888 193.4 70289.2 1
0.3475 0.0025 6 2 0 0 117958 194.995 70319.2 1
0.35 0.0025 7 2 0 0 118238 196.717 70304.7 1
0.3525 0.0025 4 2 0 0 118413 198.625 70225.4 1
0.355 0.0025 4 2 0 0 118637 199.991 70339.1 1
0.3575 0.0025 4 2 0 0 118707 201.368 70447.6 1
0.36 0.0025 4 2 0 0 118854 202.791 70539.5 1
0.3625 0.0025 4 2 0 0 118959 204.725 70454.2 1
0.365 0.0025 5 2 0 0 119190 206.257 70508.6 1
0.3675 0.0025 7 2 0 0 119484 208.023 70484.6 1
0.37 0.0025 10 2 0 0 119687 210.131 70347 1
0.3725 0.0025 4 2 0 0 119897 212.074 70267.9 1
0.375 0.0025 10 2 0 0 120114 214.204 70129.8 1
0.3775 0.0025 6 2 0 0 120219 215.85 70152.1 1
0.38 0.0025 7 2 0 0 120282 217.62 70134.1 1
0.3825 0.0025 5 2 0 0 120436 219.674 70026.4 1
0.385 0.0025 7 2 0 0 120695 221.443 70012.2 1
0.3875 0.0025 7 2 0 0 120877 223.21 69999.5 1
0.39 0.0025 6 2 0 0 121164 224.871 70021.4 1
0.3925 0.0025 4 2 0 0 121563 226.83 69952.5 1
0.395 0.0025 6 2 0 0 121913 228.497 69975.5 1
0.3975 0.0025 8 2 0 0 122235 230.418 69922.9 1
0.4 0.0025 6 2 0 0 122424 232.084 69948.4 1
0.4025 0.0025 6 2 0 0 122739 234.298 69811.2 1
0.405 0.0025 6 2 0 0 122837 235.993 69830.2 1
0.4075 0.0025 6 2 0 0 123068 237.691 69849.3 1
0.41 0.0025 9 2 0 0 123285 239.764 69759.6 1
0.4125 0.0025 8 2 0 0 123446 242.296 69540.1 1
0.415 0.0025 5 2 0 0 123698 243.867 69599.4 1
0.4175 0.0025 10 2 0 0 123915 246.089 69474.5 1
0.42 0.0025 6 2 0 0 124069 247.81 69492.7 1
0.4225 0.0025 5 2 0 0 124363 249.955 69393.6 1
0.425 0.0025 5 2 0 0 124636 251.546 69450.3 1
0.4275 0.0025 8 2 0 0 124965 253.514 69404 1
0.43 0.0025 7 2 0 0 125147 255.362 69391.8 1
0.4325 0.0025 5 2 0 0 125322 257.529 69294.7 1
0.435 0.0025 5 2 0 0 125532 259.117 69354.3 1
0.4375 0.0025 7 2 0 0 125595 260.966 69344.3 1
0.44 0.0025 5 2 0 0 125721 262.574 69398.3 1
0.4425 0.0025 5 2 0 0 125910 264.748 69304 1
0.445 0.0025 6 2 0 0 126218 266.5 69322.1 1
0.4475 0.0025 7 2 0 0 126386 268.37 69310 1
0.45 0.0025 6 2 0 0 126666 270.104 69334 1
0.4525 0.0025 6 2 0 0 126911 272.412 69212.6 1
0.455 0.0025 5 2 0 0 127135 274.02 69270.2 1
0.4575 0.0025 5 2 0 0 127303 275.653 69321.7 1
0.46 0.0025 5 2 0 0 127443 277.338 69360 1
0.4625 0.0025 5 2 0 0 127520 279.56 69264.9 1
0.465 0.0025 8 2 0 0 127772 281.577 69222.6 1
0.4675 0.0025 11 2 0 0 127926 283.982 69086.7 1
0.47 0.0025 5 2 0 0 128122 285.633 69136.1 1
0.4725 0.0025 5 2 0 0 128381 287.848 69050.1 1
0.475 0.0025 6 2 0 0 128773 289.617 69073 1
0.4775 0.0025 4 2 0 0 129039 291.127 69157.8 1
0.48 0.0025 6 2 0 0 129340 292.93 69173.8 1
0.4825 0.0025 5 2 0 0 129361 295.167 69087.7 1
0.485 0.0025 7 2 0 0 129641 297.116 69070.9 1
0.4875 0.0025 5 2 0 0 130012 298.782 69120.9 1
0.49 0.0025 7 2 0 0 130404 300.717 69109.7 1
0.4925 0.0025 6 2 0 0 130607 303.07 69004.1 1
0.495 0.0025 10 2 0 0 130950 305.415 68903 1
0.4975 0.0025 8 2 0 0 131111 307.497 68863 1
0.5 0.0025 5 2 0 0 131398 309.192 68910.3 1
0.5025 0.0025 5 2 0 0 131643 311.528 68816.4 1
0.505 0.0025 7 2 0 0 131916 313.483 68807.8 1
0.5075 0.0025 7 2 0 0 132231 315.458 68796.4 1
0.51 0.0025 8 2 0 0 132616 317.56 68758.6 1
0.5125 0.0025 7 2 0 0 132854 320.109 68626.1 1
0.515 0.0025 10 2 0 0 133141 322.495 68531.2 1
0.5175 0.0025 5 2 0 0 133372 324.2 68582.2 1
0.52 0.0025 6 2 0 0 133624 326.053 68602.2 1
0.5225 0.0025 7 2 0 0 134009 328.618 68474.4 1
0.525 0.0025 6 2 0 0 134128 330.479 68494.8 1
0.5275 0.0025 6 2 0 0 134303 332.359 68511.4 1
0.53 0.0025 5 2 0 0 134555 334.114 68554.3 1
0.5325 0.0025 5 2 0 0 134660 336.429 68482.8 1
0.535 0.0025 6 2 0 0 134835 338.328 68496.9 1
0.5375 0.0025 6 2 0 0 135045 340.202 68516.6 1
0.54 0.0025 6 2 0 0 135290 342.084 68535.1 1
0.5425 0.0025 12 2 0 0 135332 345.416 68265.9 1
0.545 0.0025 6 2 0 0 135577 347.318 68282.4 1
0.5475 0.0025 7 2 0 0 135759 349.35 68273.7 1
0.55 0.0025 7 2 0 0 135892 351.385 68265.2 1
0.5525 0.0025 7 2 0 0 136585 354.015 68143.7 1
0.555 0.0025 7 2 0 0 136914 356.067 68135.6 1
0.5575 0.0025 6 2 0 0 137313 357.974 68156.3 1
0.56 0.0025 5 2 0 0 137495 359.753 68201.4 1
0.5625 0.0025 6 2 0 0 137789 362.222 68116.9 1
0.565 0.0025 5 2 0 0 137964 364.005 68162.2 1
0.5675 0.0025 6 2 0 0 138279 365.937 68180.3 1
0.57 0.0025 7 2 0 0 138580 368.029 68169.2 1
0.5725 0.0025 5 2 0 0 138916 370.415 68105.1 1
0.575 0.0025 6 2 0 0 139182 372.357 68123.8 1
0.5775 0.0025 5 2 0 0 139588 374.154 68169.7 1
0.58 0.0025 6 2 0 0 139707 376.123 68184.1 1
0.5825 0.0025 5 2 0 0 139945 378.548 68117.2 1
0.585 0.0025 6 2 0 0 140316 380.504 68135.8 1
0.5875 0.0025 5 2 0 0 140547 382.326 68178.7 1
0.59 0.0025 10 2 0 0 140883 384.872 68093.6 1
0.5925 0.0025 5 2 0 0 140988 387.359 68020.4 1
0.595 0.0025 12 2 0 0 141331 390.186 67889.7 1
0.5975 0.0025 6 2 0 0 141807 392.198 67903.1 1
0.6 0.0025 8 2 0 0 142059 394.482 67870 1
0.6025 0.0025 9 2 0 0 142367 397.51 67711.2 1
0.605 0.0025 10 2 0 0 142521 400.123 67625.2 1
0.6075 0.0025 10 2 0 0 142857 402.738 67540.9 1
0.61 0.0025 8 2 0 0 143263 405.145 67493.2 1
0.6125 0.0025 7 2 0 0 143564 407.938 67383 1
0.615 0.0025 8 2 0 0 143858 410.249 67354.1 1
0.6175 0.0025 7 2 0 0 144383 412.419 67349.8 1
0.62 0.0025 6 2 0 0 144789 414.459 67367.6 1
0.6225 0.0025 6 2 0 0 145153 417.116 67286.6 1
0.625 0.0025 6 2 0 0 145510 419.158 67305.9 1
0.6275 0.0025 5 2 0 0 145832 421.055 67349 1
0.63 0.0025 5 2 0 0 146161 422.962 67390.8 1
0.6325 0.0025 7 2 0 0 146490 425.864 67275.7 1
0.635 0.0025 5 2 0 0 146896 427.802 67314.2 1
0.6375 0.0025 6 2 0 0 147169 429.89 67329.7 1
0.64 0.0025 10 2 0 0 147519 432.568 67253.8 1
0.6425 0.0025 10 2 0 0 147708 435.933 67073.5 1
0.645 0.0025 7 2 0 0 148065 438.163 67070.1 1
0.6475 0.0025 5 2 0 0 148520 440.099 67112.6 1
0.65 0.0025 5 2 0 0 148835 442.034 67155.4 1
0.6525 0.0025 6 2 0 0 149052 444.723 67084.5 1
0.655 0.0025 5 2 0 0 149395 446.676 67125.8 1
0.6575 0.0025 10 2 0 0 149864 449.395 67053.1 1
0.66 0.0025 7 2 0 0 150081 451.67 67047.6 1
0.6625 0.0025 13 2 0 0 150417 455.545 66807.5 1
0.665 0.0025 6 2 0 0 150704 457.686 66824.2 1
0.6675 0.0025 5 2 0 0 150900 459.689 66861.3 1
0.67 0.0025 7 2 0 0 151208 461.965 66859.1 1
0.6725 0.0025 5 2 0 0 151565 464.592 66807.4 1
0.675 0.0025 6 2 0 0 151971 466.742 66825.2 1
0.6775 0.0025 6 2 0 0 152237 468.877 66845.6 1
0.68 0.0025 5 2 0 0 152482 470.86 66887.9 1
0.6825 0.0025 7 2 0 0 152804 473.935 66776.4 1
0.685 0.0025 5 2 0 0 153154 475.939 66817 1
0.6875 0.0025 5 2 0 0 153343 477.987 66851.5 1
0.69 0.0025 5 2 0 0 153651 480.003 66890.9 1
0.6925 0.0025 6 2 0 0 153952 482.796 66822.7 1
0.695 0.0025 5 2 0 0 154232 484.82 66861.9 1
0.6975 0.0025 5 2 0 0 154645 486.848 66901.1 1
0.7 0.0025 8 2 0 0 155016 489.385 66871 1
0.7025 0.0025 8 2 0 0 155422 492.666 66741.2 1
0.705 0.0025 5 2 0 0 155716 494.714 66779.6 1
0.7075 0.0025 5 2 0 0 156094 496.76 66818.8 1
0.71 0.0025 6 2 0 0 156206 498.974 66835.3 1
0.7125 0.0025 5 2 0 0 156542 501.751 66777.4 1
0.715 0.0025 6 2 0 0 157011 503.982 66793.3 1
0.7175 0.0025 5 2 0 0 157298 506.059 66830 1
0.72 0.0025 6 2 0 0 157648 508.313 66843.8 1
0.7225 0.0025 6 2 0 0 158068 511.237 66770.7 1
0.725 0.0025 7 2 0 0 158187 513.665 66763 1
0.7275 0.0025 9 2 0 0 158537 516.432 66712.3 1
0.73 0.0025 7 2 0 0 158978 518.861 66706.4 1
0.7325 0.0025 5 2 0 0 159342 521.652 66655 1
0.735 0.0025 5 2 0 0 159776 523.767 66690.9 1
0.7375 0.0025 15 2 0 0 160210 527.532 66518.6 1
0.74 0.0025 11 2 0 0 160399 530.657 66429.2 1
0.7425 0.0025 6 2 0 0 160532 533.608 66362.6 1
0.745 0.0025 5 2 0 0 160847 535.739 66398.9 1
0.7475 0.0025 6 2 0 0 160868 538.047 66413.1 1
0.75 0.0025 5 2 0 0 161141 540.197 66447.1 1
0.7525 0.0025 13 2 0 0 161407 544.37 66234.2 1
0.755 0.0025 8 2 0 0 161820 546.988 66213 1
0.7575 0.0025 6 2 0 0 162198 549.312 66228.1 1
0.76 0.0025 6 2 0 0 162443 551.618 66245.8 1
0.7625 0.0025 6 2 0 0 162625 554.623 66180 1
0.765 0.0025 6 2 0 0 163017 556.943 66197.1 1
0.7675 0.0025 5 2 0 0 163689 559.104 66233.9 1
0.77 0.0025 12 2 0 0 163836 562.461 66130 1
0.7725 0.0025 5 2 0 0 164095 565.317 66086.1 1
0.775 0.0025 6 2 0 0 164494 567.66 66103.2 1
0.7775 0.0025 5 2 0 0 164788 569.847 66138.6 1
0.78 0.0025 8 2 0 0 165124 572.543 66115.6 1
0.7825 0.0025 5 2 0 0 165663 575.416 66073.4 1
0.785 0.0025 5 2 0 0 165957 577.623 66108.2 1
0.7875 0.0025 6 2 0 0 166076 580.003 66123.3 1
0.79 0.0025 10 2 0 0 166384 583.057 66062.3 1
0.7925 0.0025 11 2 0 0 166601 587.01 65901.3 1
0.795 0.0025 7 2 0 0 167021 589.566 65898.8 1
0.7975 0.0025 5 2 0 0 167287 591.785 65934.5 1
0.8 0.0025 13 2 0 0 167609 595.358 65820.3 1
0.8025 0.0025 5 2 0 0 167945 598.352 65771.6 1
0.805 0.0025 11 2 0 0 168260 601.622 65693.8 1
0.8075 0.0025 9 3 0 0 168715 604.723 65635.9 1
0.81 0.0025 5 2 0 0 168967 607.03 65664.8 1
0.8125 0.0025 5 2 0 0 169317 610.023 65620.1 1
0.815 0.0025 5 2 0 0 169485 612.3 65652.9 1
0.8175 0.0025 5 2 0 0 169744 614.57 65686.7 1
0.82 0.0025 5 2 0 0 169870 616.837 65720.7 1
0.8225 0.0025 14 2 0 0 170101 621.36 65516 1
0.825 0.0025 6 2 0 0 170255 623.83 65529.5 1
0.8275 0.0025 9 2 0 0 170535 626.806 65490.4 1
0.83 0.0025 6 2 0 0 171046 629.269 65505.9 1
0.8325 0.0025 6 2 0 0 171466 632.499 65442.6 1
0.835 0.0025 9 2 0 0 171816 635.523 65401.5 1
0.8375 0.0025 7 2 0 0 171795 638.225 65393.8 1
0.84 0.0025 5 2 0 0 172313 640.567 65423.7 1
0.8425 0.0025 9 2 0 0 172586 644.325 65310 1
0.845 0.0025 7 2 0 0 172810 647.016 65305.4 1
0.8475 0.0025 6 2 0 0 173083 649.654 65306.7 1
0.85 0.0025 8 2 0 0 173321 652.527 65284.8 1
0.8525 0.0025 7 2 0 0 173587 655.974 65206.2 1
0.855 0.0025 5 2 0 0 173643 658.341 65235.6 1
0.8575 0.0025 5 2 0 0 173811 660.683 65267.5 1
0.86 0.0025 5 2 0 0 174021 663.018 65300 1
0.8625 0.0025 5 2 0 0 174014 666.072 65261.9 1
0.865 0.0025 5 2 0 0 174182 668.448 65290.5 1
0.8675 0.0025 5 2 0 0 174637 670.807 65321.2 1
0.87 0.0025 6 2 0 0 174987 673.34 65335.4 1
0.8725 0.0025 6 2 0 0 175155 676.588 65280.6 1
0.875 0.0025 4 2 0 0 175379 678.783 65327.9 1
0.8775 0.0025 8 2 0 0 175659 681.689 65307.1 1
0.88 0.0025 6 2 0 0 176163 684.246 65320.5 1
0.8825 0.0025 5 2 0 0 176527 687.424 65275.3 1
0.885 0.0025 5 2 0 0 177108 689.809 65306.4 1
0.8875 0.0025 5 2 0 0 177465 692.209 65336.3 1
0.89 0.0025 9 2 0 0 177668 695.334 65298.2 1
0.8925 0.0025 6 2 0 0 177899 698.655 65242.4 1
0.895 0.0025 6 2 0 0 178256 701.241 65256 1
0.8975 0.0025 7 2 0 0 178606 704.013 65252.8 1
0.9 0.0025 7 2 0 0 179005 706.836 65245.4 1
0.9025 0.0025 5 2 0 0 179404 710.046 65203.2 1
0.905 0.0025 7 2 0 0 179586 712.833 65200.1 1
0.9075 0.0025 6 2 0 0 179824 715.449 65213 1
0.91 0.0025 5 2 0 0 180125 717.879 65243.2 1
0.9125 0.0025 7 2 0 0 180244 721.452 65169.9 1
0.915 0.0025 6 2 0 0 180510 724.063 65184.2 1
0.9175 0.0025 5 2 0 0 180629 726.519 65212.5 1
0.92 0.0025 7 2 0 0 180818 729.38 65204.6 1
0.9225 0.0025 5 2 0 0 181063 732.56 65168.7 1
0.925 0.0025 7 2 0 0 181294 735.392 65164.3 1
0.9275 0.0025 6 2 0 0 181511 738.156 65166.2 1
0.93 0.0025 5 2 0 0 181581 740.645 65192.4 1
0.9325 0.0025 4 2 0 0 182001 743.656 65173.2 1
0.935 0.0025 6 2 0 0 182036 746.317 65184.7 1
0.9375 0.0025 6 2 0 0 182225 748.981 65196.1 1
0.94 0.0025 5 2 0 0 182246 751.471 65222.6 1
0.9425 0.0025 6 2 0 0 182288 754.886 65169.1 1
0.945 0.0025 6 2 0 0 182463 757.56 65179.9 1
0.9475 0.0025 6 2 0 0 182855 760.236 65191 1
0.95 0.0025 8 2 0 0 183030 763.3 65169 1
0.9525 0.0025 7 2 0 0 183212 766.884 65103.4 1
0.955 0.0025 9 2 0 0 183380 770.113 65068.6 1
0.9575 0.0025 5 2 0 0 183541 772.605 65096.2 1
0.96 0.0025 10 2 0 0 183681 776.041 65044.7 1
0.9625 0.0025 5 2 0 0 184017 779.304 65008.5 1
0.965 0.0025 13 2 0 0 184136 783.319 64910.4 1
0.9675 0.0025 5 2 0 0 184395 785.851 64935.9 1
0.97 0.0025 6 2 0 0 184612 788.588 64944.6 1
0.9725 0.0025 5 2 0 0 184962 791.905 64906.1 1
0.975 0.0025 7 2 0 0 185242 794.827 64900.6 1
0.9775 0.0025 6 2 0 0 185466 797.556 64911.1 1
0.98 0.0025 5 2 0 0 185837 800.091 64937.7 1
0.9825 0.0025 7 2 0 0 186285 803.765 64872.6 1
0.985 0.0025 6 2 0 0 186558 806.503 64883.7 1
0.9875 0.0025 6 2 0 0 186705 809.264 64893 1
0.99 0.0025 5 2 0 0 186971 811.825 64918.6 1
0.9925 0.0025 6 2 0 0 187041 815.337 64868.4 1
0.995 0.0025 5 2 0 0 187258 817.925 64892.1 1
0.9975 0.0025 5 2 0 0 187629 820.502 64917 1
1 0.0025 6 2 0 0 187895 823.289 64925.4 1
1.0025 0.0025 7 2 0 0 188119 827.066 64856.4 1
1.005 0.0025 5 2 0 0 188588 829.7 64877.7 1
1.0075 0.0025 7 2 0 0 188819 832.69 64871.6 1
1.01 0.0025 6 2 0 0 188819 835.502 64879.2 1
1.0125 0.0025 5 2 0 0 189113 838.871 64844.1 1
1.015 0.0025 5 2 0 0 189232 841.498 64866.5 1
1.0175 0.0025 6 2 0 0 189519 844.312 64874.8 1
1.02 0.0025 14 2 0 0 189799 848.732 64760.6 1
1.0225 0.0025 8 2 0 0 190016 852.71 64681.3 1
1.025 0.0025 9 2 0 0 190079 856.149 64643.5 1
1.0275 0.0025 9 2 0 0 190170 859.572 64607.3 1
1.03 0.0025 5 2 0 0 190359 862.205 64630.8 1
1.0325 0.0025 8 2 0 0 190513 866.206 64552.2 1
1.035 0.0025 7 2 0 0 190702 869.258 64545 1
1.0375 0.0025 5 2 0 0 190891 871.908 64567.7 1
1.04 0.0025 7 2 0 0 191206 874.949 64561.9 1
1.0425 0.0025 6 2 0 0 191465 878.647 64508 1
1.045 0.0025 6 2 0 0 191780 881.532 64514.5 1
1.0475 0.0025 7 2 0 0 192067 884.724 64498.8 1
1.05 0.0025 9 2 0 0 192410 888.219 64461.7 1
1.0525 0.0025 6 2 0 0 192480 891.901 64411.3 1
1.055 0.0025 10 2 0 0 192991 895.564 64363.4 1
1.0575 0.0025 7 2 0 0 193264 898.688 64354.7 1
1.06 0.0025 5 2 0 0 193565 901.393 64376.3 1
1.0625 0.0025 7 2 0 0 193901 905.257 64315.7 1
1.065 0.0025 7 2 0 0 194279 908.404 64306.7 1
1.0675 0.0025 5 2 0 0 194454 911.111 64329.2 1
1.07 0.0025 15 2 0 0 194678 915.866 64207.7 1
1.0725 0.0025 5 2 0 0 195056 919.354 64176.3 1
1.075 0.0025 5 2 0 0 195280 922.075 64198.7 1
1.0775 0.0025 5 2 0 0 195602 924.807 64220.5 1
1.08 0.0025 5 2 0 0 195735 927.541 64242.3 1
1.0825 0.0025 5 2 0 0 196078 931.004 64213.9 1
1.085 0.0025 6 2 0 0 196218 933.981 64219.3 1
1.0875 0.0025 5 2 0 0 196337 936.736 64240 1
1.09 0.0025 6 2 0 0 196582 939.72 64245.3 1
1.0925 0.0025 5 2 0 0 196974 943.244 64214 1
1.095 0.0025 7 2 0 0 197072 946.455 64204.4 1
1.0975 0.0025 5 2 0 0 197268 949.22 64225.2 1
1.1 0.0025 12 2 0 0 197268 953.551 64140.4 1
1.1025 0.0025 5 2 0 0 197541 957.155 64105.3 1
1.105 0.0025 14 2 0 0 197576 962.064 63983.5 1
1.1075 0.0025 5 2 0 0 197625 964.993 63994.1 1
1.11 0.0025 7 2 0 0 197863 968.325 63978.2 1
1.1125 0.0025 8 2 0 0 197856 972.717 63892.8 1
1.115 0.0025 5 2 0 0 197905 975.513 63912.5 1
1.1175 0.0025 5 2 0 0 198038 978.303 63932.7 1
1.12 0.0025 6 2 0 0 197996 981.438 63930.2 1
1.1225 0.0025 6 2 0 0 198164 985.362 63876.7 1
1.125 0.0025 7 2 0 0 198059 988.798 63855.1 1
1.1275 0.0025 7 2 0 0 198325 992.338 63827.1 1
1.13 0.0025 7 2 0 0 198570 995.694 63811.4 1
1.1325 0.0025 7 2 0 0 198710 999.947 63738.7 1
1.135 0.0025 7 2 0 0 198731 1003.33 63721.6 1
1.1375 0.0025 6 2 0 0 198843 1006.44 63722.7 1
1.14 0.0025 6 2 0 0 199067 1009.62 63718.8 1
1.1425 0.0025 9 2 0 0 199081 1014.05 63636.8 1
1.145 0.0025 7 2 0 0 199018 1017.33 63627.2 1
1.1475 0.0025 5 2 0 0 199186 1020.23 63642.1 1
1.15 0.0025 8 2 0 0 199445 1023.75 63617.9 1
1.1525 0.0025 5 2 0 0 199375 1027.44 63583.4 1
1.155 0.0025 5 2 0 0 199676 1030.35 63597.5 1
1.1575 0.0025 7 2 0 0 199795 1033.67 63586.7 1
1.16 0.0025 12 2 0 0 199802 1038.03 63511.7 1
1.1625 0.0025 7 2 0 0 199620 1042.1 63455.2 1
1.165 0.0025 9 2 0 0 199697 1045.79 63422.3 1
1.1675 0.0025 10 2 0 0 199851 1049.68 63378 1
1.17 0.0025 8 2 0 0 200047 1053.16 63358.5 1
1.1725 0.0025 10 2 0 0 200005 1057.86 63266 1
1.175 0.0025 6 2 0 0 200089 1061 63267.2 1
1.1775 0.0025 7 2 0 0 200313 1064.53 63245.8 1
1.18 0.0025 7 2 0 0 200362 1067.88 63235 1
1.1825 0.0025 6 2 0 0 200383 1071.75 63193.4 1
1.185 0.0025 7 2 0 0 200698 1075.04 63187.2 1
1.1875 0.0025 8 2 0 0 201027 1078.55 63167.6 1
1.19 0.0025 5 2 0 0 201223 1081.61 63174.8 1
1.1925 0.0025 12 3 0 0 201300 1087.33 63027.9 1
1.195 0.0025 5 3 0 0 201517 1090.5 63029.5 1
1.1975 0.0025 7 2 0 0 201769 1093.86 63020 1
1.2 0.0025 7 2 0 0 202042 1097.24 63010 1
1.2025 0.0025 11 2 0 0 202287 1102.43 62897.2 1
1.205 0.0025 10 3 0 0 202280 1106.67 62838.8 1
1.2075 0.0025 6 2 0 0 202420 1109.87 62839.9 1
1.21 0.0025 9 2 0 0 202798 1113.76 62802.7 1
1.2125 0.0025 6 2 0 0 202959 1117.82 62756.3 1
1.215 0.0025 6 2 0 0 203120 1121.05 62756.5 1
1.2175 0.0025 6 2 0 0 203351 1124.27 62757.7 1
1.22 0.0025 6 2 0 0 203372 1127.49 62759.1 1
1.2225 0.0025 7 2 0 0 203673 1131.8 62700 1
1.225 0.0025 5 2 0 0 203680 1134.81 62712.9 1
1.2275 0.0025 8 3 0 0 204016 1138.52 62687.5 1
1.23 0.0025 5 2 0 0 204268 1141.64 62695.1 1
1.2325 0.0025 5 2 0 0 204520 1145.43 62666.4 1
1.235 0.0025 10 2 0 0 204604 1149.57 62619 1
1.2375 0.0025 7 2 0 0 204646 1153 62609.7 1
1.24 0.0025 5 2 0 0 204723 1156.02 62623.3 1
1.2425 0.0025 5 2 0 0 204807 1159.92 62589.6 1
1.245 0.0025 5 2 0 0 205059 1162.96 62602.4 1
1.2475 0.0025 8 2 0 0 205234 1166.65 62580.2 1
1.25 0.0025 5 2 0 0 205507 1169.68 62593.8 1
1.2525 0.0025 8 2 0 0 205794 1174.31 62522.2 1
1.255 0.0025 9 2 0 0 206025 1178.27 62487.2 1
1.2575 0.0025 7 2 0 0 206249 1181.8 62474.6 1
1.26 0.0025 5 2 0 0 206711 1184.82 62489.8 1
1.2625 0.0025 12 2 0 0 206802 1190.29 62376.6 1
1.265 0.0025 7 2 0 0 206774 1193.84 62364.5 1
1.2675 0.0025 6 2 0 0 206942 1197.08 62368.6 1
1.27 0.0025 14 2 0 0 207061 1202.17 62276.3 1
1.2725 0.0025 10 2 0 0 207313 1207.28 62184.6 1
1.275 0.0025 5 2 0 0 207502 1210.35 62198.4 1
1.2775 0.0025 13 2 0 0 207880 1215.19 62121.7 1
1.28 0.0025 10 2 0 0 207747 1219.4 62077.5 1
1.2825 0.0025 7 2 0 0 208244 1223.76 62026.7 1
1.285 0.0025 12 2 0 0 208349 1228.4 61961.9 1
1.2875 0.0025 6 2 0 0 208461 1231.69 61965.8 1
1.29 0.0025 6 2 0 0 208608 1234.97 61970 1
1.2925 0.0025 13 2 0 0 208615 1240.74 61850 1
1.295 0.0025 10 3 0 0 208692 1244.99 61806.3 1
1.2975 0.0025 11 2 0 0 208951 1249.46 61752.8 1
1.3 0.0025 9 3 0 0 209147 1253.52 61719.5 1
1.3025 0.0025 12 2 0 0 209378 1259.02 61616.3 1
1.305 0.0025 7 2 0 0 209602 1262.58 61608.5 1
1.3075 0.0025 5 2 0 0 209917 1265.67 61623.8 1
1.31 0.0025 7 2 0 0 209938 1269.19 61618.1 1
1.3125 0.0025 10 2 0 0 210022 1274.19 61541.1 1
1.315 0.0025 6 2 0 0 210372 1277.5 61546.4 1
1.3175 0.0025 9 2 0 0 210540 1281.46 61520.9 1
1.32 0.0025 8 2 0 0 210561 1285.17 61506.9 1
1.3225 0.0025 5 2 0 0 210554 1289.09 61483 1
1.325 0.0025 10 2 0 0 210778 1293.31 61445.6 1
1.3275 0.0025 8 2 0 0 210960 1297.05 61430.8 1
1.33 0.0025 6 2 0 0 211240 1300.37 61436.5 1
1.3325 0.0025 7 2 0 0 211128 1304.73 61393 1
1.335 0.0025 6 2 0 0 211030 1308.04 61399.2 1
1.3375 0.0025 7 2 0 0 211079 1311.58 61394.5 1
1.34 0.0025 11 2 0 0 211408 1316.02 61347.7 1
1.3425 0.0025 10 2 0 0 211597 1321.14 61270.3 1
1.345 0.0025 11 2 0 0 211772 1325.65 61221.7 1
1.3475 0.0025 7 2 0 0 211912 1329.2 61217.6 1
1.35 0.0025 9 2 0 0 211912 1333.23 61191.6 1
1.3525 0.0025 10 2 0 0 212031 1338.28 61119.1 1
1.355 0.0025 9 2 0 0 212185 1342.29 61094.6 1
1.3575 0.0025 7 2 0 0 212395 1345.81 61092.4 1
1.36 0.0025 5 2 0 0 212311 1348.9 61109.9 1
1.3625 0.0025 11 2 0 0 212591 1354.18 61028.8 1
1.365 0.0025 7 2 0 0 212808 1357.73 61025.7 1
1.3675 0.0025 7 2 0 0 212899 1361.29 61022.7 1
1.37 0.0025 7 2 0 0 212976 1364.85 61019.3 1
1.3725 0.0025 5 2 0 0 213165 1368.79 60999.4 1
1.375 0.0025 10 2 0 0 213284 1373.02 60967 1
1.3775 0.0025 6 2 0 0 213263 1376.37 60973.6 1
1.38 0.0025 12 2 0 0 213627 1381.1 60919.4 1
1.3825 0.0025 6 2 0 0 213998 1385.24 60891.7 1
1.385 0.0025 5 2 0 0 214292 1388.34 60910.1 1
1.3875 0.0025 5 2 0 0 214313 1391.47 60927.1 1
1.39 0.0025 11 3 0 0 214376 1396.37 60866.7 1
1.3925 0.0025 6 2 0 0 214516 1400.66 60833.8 1
1.395 0.0025 10 2 0 0 214691 1404.94 60800.9 1
1.3975 0.0025 7 2 0 0 214999 1408.52 60799.1 1
1.4 0.0025 10 2 0 0 215118 1412.92 60762.1 1
1.4025 0.0025 6 2 0 0 215251 1417.24 60728.9 1
1.405 0.0025 8 2 0 0 215251 1421.09 60715.9 1
1.4075 0.0025 5 2 0 0 215293 1424.2 60734.3 1
1.41 0.0025 5 2 0 0 215174 1427.35 60751.3 1
1.4125 0.0025 6 2 0 0 215307 1431.54 60723.8 1
1.415 0.0025 8 2 0 0 215286 1435.36 60711.9 1
1.4175 0.0025 11 2 0 0 215265 1439.94 60668.5 1
1.42 0.0025 5 2 0 0 215482 1443.1 60685 1
1.4225 0.0025 6 2 0 0 215671 1447.37 60654.9 1
1.425 0.0025 5 2 0 0 215734 1450.54 60671.2 1
1.4275 0.0025 13 3 0 0 215923 1456.01 60591.6 1
1.43 0.0025 5 2 0 0 216084 1459.22 60606.3 1
1.4325 0.0025 10 3 0 0 216189 1464.59 60531.7 1
1.435 0.0025 7 2 0 0 216259 1468.29 60526.4 1
1.4375 0.0025 7 2 0 0 216847 1471.93 60523.9 1
1.44 0.0025 5 2 0 0 217106 1475.11 60540.6 1
1.4425 0.0025 8 2 0 0 217127 1479.9 60491.5 1
1.445 0.0025 11 2 0 0 217330 1484.52 60449.6 1
1.4475 0.0025 5 2 0 0 217715 1487.71 60466.2 1
1.45 0.0025 9 2 0 0 217876 1491.87 60443.8 1
1.4525 0.0025 11 2 0 0 217897 1497.4 60365.8 1
1.455 0.0025 12 2 0 0 218030 1502.29 60314.7 1
1.4575 0.0025 9 2 0 0 217792 1506.44 60293.1 1
1.46 0.0025 7 2 0 0 217988 1510.13 60289.9 1
1.4625 0.0025 8 2 0 0 218394 1514.87 60245.5 1
1.465 0.0025 8 2 0 0 218555 1518.8 60233.7 1
1.4675 0.0025 6 2 0 0 218688 1522.27 60240.2 1
1.47 0.0025 6 2 0 0 218807 1525.71 60247.7 1
1.4725 0.0025 13 2 0 0 218772 1531.71 60154.5 1
1.475 0.0025 9 2 0 0 218632 1535.9 60132.8 1
1.4775 0.0025 5 2 0 0 219073 1539.15 60148.1 1
1.48 0.0025 7 2 0 0 219017 1542.88 60144.7 1
1.4825 0.0025 8 2 0 0 219115 1547.7 60098.7 1
1.485 0.0025 12 2 0 0 219416 1552.67 60047.9 1
1.4875 0.0025 10 2 0 0 219500 1557.18 60014.9 1
1.49 0.0025 5 2 0 0 219766 1560.47 60029 1
1.4925 0.0025 15 2 0 0 219787 1567.03 59918.2 1
1.495 0.0025 6 2 0 0 219731 1570.64 59920.2 1
1.4975 0.0025 6 2 0 0 219920 1574.24 59922.9 1
1.5 0.0025 6 2 0 0 219780 1577.81 59926.7 1
1.5025 0.0025 7 2 0 0 219990 1582.59 59884.7 1
1.505 0.0025 6 2 0 0 220186 1586.22 59886.5 1
1.5075 0.0025 7 2 0 0 219941 1590.09 59879.1 1
1.51 0.0025 7 2 0 0 220032 1593.98 59871 1
1.5125 0.0025 6 2 0 0 220004 1598.47 59840.3 1
1.515 0.0025 6 2 0 0 219850 1602.07 59843.3 1
1.5175 0.0025 5 2 0 0 219661 1605.37 59857.1 1
1.52 0.0025 8 2 0 0 219304 1609.42 59842.7 1
1.5225 0.0025 6 2 0 0 219409 1613.81 59815.9 1
1.525 0.0025 11 2 0 0 219626 1618.61 59774 1
1.5275 0.0025 6 2 0 0 219759 1622.16 59778.7 1
1.53 0.0025 7 2 0 0 219836 1626 59772.9 1
1.5325 0.0025 5 2 0 0 219829 1630.17 59754.6 1
1.535 0.0025 7 2 0 0 219745 1633.97 59750.1 1
1.5375 0.0025 5 2 0 0 219969 1637.3 59763.1 1
1.54 0.0025 7 2 0 0 220137 1641.2 59755.3 1
1.5425 0.0025 10 2 0 0 219983 1646.78 59686.3 1
1.545 0.0025 6 2 0 0 219906 1650.38 59689.4 1
1.5475 0.0025 10 2 0 0 220081 1654.98 59656.3 1
1.55 0.0025 9 2 0 0 220081 1659.42 59629.2 1
1.5525 0.0025 10 2 0 0 220375 1664.94 59564.1 1
1.555 0.0025 7 2 0 0 220662 1668.85 59556.8 1
1.5575 0.0025 8 2 0 0 220781 1673.02 59540.2 1
1.56 0.0025 4 2 0 0 220984 1676.2 59559.2 1
1.5625 0.0025 5 2 0 0 221173 1680.41 59541.4 1
1.565 0.0025 8 2 0 0 221376 1684.55 59526.5 1
1.5675 0.0025 11 2 0 0 221649 1689.44 59485.5 1
1.57 0.0025 13 2 0 0 221579 1694.87 59425.6 1
1.5725 0.0025 11 2 0 0 221985 1700.83 59348.1 1
1.575 0.0025 7 2 0 0 221726 1704.68 59344 1
1.5775 0.0025 11 2 0 0 221992 1709.61 59302.8 1
1.58 0.0025 6 2 0 0 221964 1713.25 59306.3 1
1.5825 0.0025 10 2 0 0 221915 1718.78 59244.6 1
1.585 0.0025 20 2 0 0 222307 1726.33 59114.3 1
1.5875 0.0025 13 2 0 0 222244 1731.7 59059.2 1
1.59 0.0025 8 2 0 0 222391 1735.81 59047.5 1
1.5925 0.0025 9 2 0 0 222468 1741.03 58998.4 1
1.595 0.0025 9 2 0 0 222671 1746 58957.9 1
1.5975 0.0025 6 2 0 0 222769 1749.99 58950.7 1
1.6 0.0025 9 3 0 0 223007 1754.71 58919.4 1
1.6025 0.0025 7 2 0 0 223070 1759.71 58878.5 1
1.605 0.0025 7 2 0 0 223049 1763.7 58871.8 1
1.6075 0.0025 5 2 0 0 223084 1767.14 58883.6 1
1.61 0.0025 6 2 0 0 223119 1770.8 58887.7 1
1.6125 0.0025 6 2 0 0 223357 1775.36 58862.3 1
1.615 0.0025 7 2 0 0 223294 1779.36 58855.6 1
1.6175 0.0025 5 2 0 0 223441 1782.79 58867.6 1
1.62 0.0025 5 2 0 0 223357 1786.27 58877.9 1
1.6225 0.0025 6 2 0 0 223238 1790.78 58854.3 1
1.625 0.0025 7 2 0 0 223441 1794.75 58848.6 1
1.6275 0.0025 6 2 0 0 223735 1798.48 58851.1 1
1.63 0.0025 11 2 0 0 223532 1803.65 58806.3 1
1.6325 0.0025 5 2 0 0 223847 1808.27 58779.9 1
1.635 0.0025 6 2 0 0 223966 1812.66 58760.9 1
1.6375 0.0025 11 2 0 0 223875 1818.57 58693.2 1
1.64 0.0025 11 2 0 0 224197 1824.57 58622.9 1
1.6425 0.0025 9 2 0 0 224316 1831.02 58539.2 1
1.645 0.0025 10 2 0 0 224610 1836.58 58484.1 1
1.6475 0.0025 17 2 0 0 224729 1843.09 58399.6 1
1.65 0.0025 6 2 0 0 224988 1846.94 58399.7 1
1.6525 0.0025 5 2 0 0 225128 1851.37 58381.5 1
1.655 0.0025 8 2 0 0 225240 1855.67 58367.4 1
1.6575 0.0025 6 2 0 0 225345 1859.43 58370.7 1
1.66 0.0025 7 2 0 0 225457 1863.65 58359.4 1
1.6625 0.0025 5 2 0 0 225653 1868.08 58341.9 1
1.665 0.0025 6 2 0 0 225569 1871.86 58344.6 1
1.6675 0.0025 5 2 0 0 225786 1875.42 58354.2 1
1.67 0.0025 9 3 0 0 225814 1880.17 58326.8 1
1.6725 0.0025 5 2 0 0 225751 1884.71 58306.1 1
1.675 0.0025 13 2 0 0 225758 1890.24 58255 1
1.6775 0.0025 7 2 0 0 226059 1894.2 58252.7 1
1.68 0.0025 8 2 0 0 226136 1898.44 58241.6 1
1.6825 0.0025 5 2 0 0 225954 1902.81 58226.6 1
1.685 0.0025 8 2 0 0 225954 1907.07 58214.9 1
1.6875 0.0025 6 2 0 0 226318 1910.83 58219 1
1.69 0.0025 5 2 0 0 226500 1914.3 58231.7 1
1.6925 0.0025 6 2 0 0 226514 1918.9 58210 1
1.695 0.0025 6 2 0 0 226745 1922.66 58214.3 1
1.6975 0.0025 6 2 0 0 226885 1926.42 58218.5 1
1.7 0.0025 7 2 0 0 227046 1930.45 58214.5 1
1.7025 0.0025 5 2 0 0 227319 1934.85 58199.6 1
1.705 0.0025 7 2 0 0 227473 1938.87 58196.2 1
1.7075 0.0025 9 2 0 0 227641 1943.46 58175.9 1
1.71 0.0025 7 2 0 0 227690 1947.47 58173 1
1.7125 0.0025 7 2 0 0 227893 1952.35 58144.3 1
1.715 0.0025 6 2 0 0 227732 1956.13 58148.5 1
1.7175 0.0025 7 2 0 0 227788 1960.21 58143.6 1
1.72 0.0025 13 2 0 0 227767 1965.8 58094.2 1
1.7225 0.0025 6 2 0 0 227641 1970.46 58072.3 1
1.725 0.0025 5 2 0 0 227816 1973.96 58084.7 1
1.7275 0.0025 8 2 0 0 227739 1978.25 58073.7 1
1.73 0.0025 5 2 0 0 227711 1981.77 58085.5 1
1.7325 0.0025 6 2 0 0 228040 1986.39 58065.3 1
1.735 0.0025 6 2 0 0 228299 1990.17 58069.8 1
1.7375 0.0025 6 2 0 0 228488 1993.98 58073.4 1
1.74 0.0025 5 2 0 0 228614 1997.51 58085.1 1
1.7425 0.0025 5 2 0 0 228600 2001.95 58070.5 1
1.745 0.0025 6 2 0 0 228971 2005.74 58075 1
1.7475 0.0025 5 2 0 0 229167 2009.31 58085.8 1
1.75 0.0025 5 2 0 0 228880 2012.85 58097.4 1
1.7525 0.0025 10 2 0 0 229139 2018.61 58045.2 1
1.755 0.0025 5 2 0 0 229223 2022.15 58056.7 1
1.7575 0.0025 5 2 0 0 229496 2025.69 58068.8 1
1.76 0.0025 9 2 0 0 229818 2030.31 58049.8 1
1.7625 0.0025 11 2 0 0 230056 2036.37 57990 1
1.765 0.0025 5 2 0 0 229972 2039.95 58000.9 1
1.7675 0.0025 5 2 0 0 229748 2043.51 58012.3 1
1.77 0.0025 9 2 0 0 230168 2048.27 57989.8 1
1.7725 0.0025 7 2 0 0 230343 2053.38 57957.9 1
1.775 0.0025 5 2 0 0 230770 2056.98 57968.4 1
1.7775 0.0025 7 2 0 0 230910 2061.22 57961.2 1
1.78 0.0025 8 2 0 0 231414 2065.78 57945.5 1
1.7825 0.0025 6 2 0 0 231666 2070.57 57923.2 1
1.785 0.0025 7 2 0 0 231715 2074.79 57917.2 1
1.7875 0.0025 5 2 0 0 231883 2078.57 57923.3 1
1.79 0.0025 7 2 0 0 231904 2082.79 57917.4 1
1.7925 0.0025 18 2 0 0 232037 2091.03 57800.1 1
1.795 0.0025 7 2 0 0 232345 2095.28 57793.6 1
1.7975 0.0025 5 2 0 0 232303 2099.04 57800.9 1
1.8 0.0025 7 2 0 0 232534 2103.29 57794.7 1
1.8025 0.0025 7 2 0 0 232639 2108.39 57765.3 1
1.805 0.0025 10 3 0 0 232982 2113.69 57730.5 1
1.8075 0.0025 5 2 0 0 233325 2117.52 57736.2 1
1.81 0.0025 5 2 0 0 233276 2121.24 57745.1 1
1.8125 0.0025 5 2 0 0 232968 2125.9 57728.1 1
1.815 0.0025 5 2 0 0 232996 2129.64 57736.2 1
1.8175 0.0025 5 2 0 0 233101 2133.36 57744.6 1
1.82 0.0025 10 2 0 0 233374 2138.47 57715.8 1
1.8225 0.0025 6 2 0 0 233640 2143.39 57692.3 1
1.825 0.0025 5 2 0 0 233689 2147.13 57700.5 1
1.8275 0.0025 9 2 0 0 233542 2152 57678.7 1
1.83 0.0025 9 3 0 0 233598 2157.03 57652.5 1
1.8325 0.0025 6 2 0 0 233724 2162.08 57625.8 1
1.835 0.0025 7 2 0 0 234060 2166.41 57618.6 1
1.8375 0.0025 7 2 0 0 234228 2170.83 57609.3 1
1.84 0.0025 8 2 0 0 234088 2175.5 57593.3 1
1.8425 0.0025 6 2 0 0 234347 2180.47 57569.3 1
1.845 0.0025 5 2 0 0 234571 2184.2 57578.6 1
1.8475 0.0025 14 2 0 0 234732 2190.45 57521.4 1
1.85 0.0025 5 2 0 0 235089 2194.19 57530.3 1
1.8525 0.0025 6 2 0 0 235264 2199.18 57507 1
1.855 0.0025 6 2 0 0 235397 2203.26 57507.4 1
1.8575 0.0025 10 2 0 0 235299 2208.44 57478.8 1
1.86 0.0025 13 2 0 0 235439 2214.45 57429.3 1
1.8625 0.0025 8 2 0 0 235411 2219.97 57392.4 1
1.865 0.0025 8 2 0 0 235558 2224.55 57380.2 1
1.8675 0.0025 6 2 0 0 235481 2228.57 57382.4 1
1.87 0.0025 6 2 0 0 235474 2232.58 57384.9 1
1.8725 0.0025 10 2 0 0 235502 2238.63 57334.9 1
1.875 0.0025 10 2 0 0 235418 2243.73 57309.6 1
1.8775 0.0025 9 2 0 0 235362 2248.55 57291.2 1
1.88 0.0025 8 2 0 0 235565 2253.12 57279.8 1
1.8825 0.0025 7 2 0 0 235502 2258.4 57250 1
1.885 0.0025 5 2 0 0 235551 2262.22 57257.5 1
1.8875 0.0025 9 2 0 0 235530 2267.12 57237.7 1
1.89 0.0025 10 2 0 0 235831 2272.41 57208.2 1
1.8925 0.0025 10 2 0 0 236118 2278.66 57154.9 1
1.895 0.0025 7 2 0 0 236027 2282.96 57150.5 1
1.8975 0.0025 5 2 0 0 235978 2286.74 57159.3 1
1.9 0.0025 8 2 0 0 236174 2291.33 57147.8 1
1.9025 0.0025 8 2 0 0 236237 2296.77 57115.5 1
1.905 0.0025 11 2 0 0 236517 2302.17 57084.2 1
1.9075 0.0025 10 2 0 0 236776 2307.33 57059 1
1.91 0.0025 9 2 0 0 236762 2312.25 57040 1
1.9125 0.0025 11 2 0 0 236720 2318.64 56985 1
1.915 0.0025 10 2 0 0 236762 2323.86 56958.9 1
1.9175 0.0025 15 2 0 0 236818 2330.5 56898.1 1
1.92 0.0025 10 2 0 0 237210 2335.7 56873 1
1.9225 0.0025 7 2 0 0 237133 2340.93 56847.2 1
1.925 0.0025 12 2 0 0 237084 2346.72 56808 1
1.9275 0.0025 7 2 0 0 237098 2351.13 56802.3 1
1.93 0.0025 12 2 0 0 236909 2356.89 56764.2 1
1.9325 0.0025 5 2 0 0 236916 2361.58 56751.7 1
1.935 0.0025 10 3 0 0 237084 2367.11 56719.1 1
1.9375 0.0025 7 2 0 0 237049 2371.67 56710 1
1.94 0.0025 7 2 0 0 237014 2376.06 56705.1 1
1.9425 0.0025 9 2 0 0 236881 2381.97 56663.9 1
1.945 0.0025 5 2 0 0 237028 2385.8 56672.3 1
1.9475 0.0025 12 2 0 0 236965 2391.61 56633.6 1
1.95 0.0025 14 2 0 0 237245 2398.04 56580.7 1
1.9525 0.0025 8 2 0 0 237091 2403.82 56543.4 1
1.955 0.0025 5 2 0 0 237420 2407.66 56551.8 1
1.9575 0.0025 15 2 0 0 237532 2414.48 56490.3 1
1.96 0.0025 8 2 0 0 237693 2419.32 56475.7 1
1.9625 0.0025 15 2 0 0 237861 2427.09 56392.8 1
1.965 0.0025 6 2 0 0 237861 2431.32 56392.5 1
1.9675 0.0025 7 2 0 0 238169 2435.79 56386.8 1
1.97 0.0025 6 2 0 0 238925 2440.04 56386.6 1
1.9725 0.0025 10 2 0 0 239303 2446.48 56335.9 1
1.975 0.0025 12 2 0 0 239548 2452.48 56295.8 1
1.9775 0.0025 5 2 0 0 239779 2456.48 56301.6 1
1.98 0.0025 8 2 0 0 240129 2461.33 56288.3 1
1.9825 0.0025 8 2 0 0 240332 2467.16 56252.7 1
1.985 0.0025 6 2 0 0 240500 2471.48 56251.7 1
1.9875 0.0025 9 2 0 0 240437 2476.73 56229.6 1
1.99 0.0025 15 2 0 0 240787 2483.71 56168.4 1
1.9925 0.0025 6 2 0 0 240696 2488.95 56146.9 1
1.995 0.0025 6 2 0 0 240780 2493.28 56145.9 1
1.9975 0.0025 6 2 0 0 241067 2497.58 56145.9 1
2 0.0025 6 2 0 0 241137 2501.91 56145.1 1
2.0025 0.0025 12 2 0 0 241767 2508.95 56084 1
2.005 0.0025 9 3 0 0 242005 2514.45 56057.4 1
2.0075 0.0025 7 2 0 0 242005 2519.25 56046.7 1
2.01 0.0025 6 2 0 0 242187 2523.56 56046.9 1
2.0125 0.0025 8 2 0 0 242656 2529.35 56014.6 1
2.015 0.0025 6 2 0 0 243139 2533.64 56015.8 1
2.0175 0.0025 15 2 0 0 243181 2540.59 55958.2 1
2.02 0.0025 6 2 0 0 243363 2544.88 55959.5 1
2.0225 0.0025 13 3 0 0 243531 2552.7 55883.5 1
2.025 0.0025 11 3 0 0 243874 2559.03 55840.4 1
2.0275 0.0025 7 2 0 0 244210 2563.77 55832.7 1
2.03 0.0025 7 2 0 0 244259 2568.42 55826.5 1
2.0325 0.0025 6 2 0 0 244462 2573.66 55807.8 1
2.035 0.0025 6 2 0 0 244539 2577.99 55808.9 1
2.0375 0.0025 10 3 0 0 244679 2583.82 55777.7 1
2.04 0.0025 10 3 0 0 244840 2589.83 55742.9 1
2.0425 0.0025 7 2 0 0 244889 2595.57 55714.1 1
2.045 0.0025 7 2 0 0 245078 2600.28 55707.3 1
2.0475 0.0025 9 2 0 0 245288 2605.6 55687.8 1
2.05 0.0025 7 2 0 0 245421 2610.35 55680.5 1
2.0525 0.0025 6 2 0 0 245449 2615.64 55661.5 1
2.055 0.0025 10 2 0 0 245743 2621.28 55635.7 1
2.0575 0.0025 7 2 0 0 245330 2626.06 55627.8 1
2.06 0.0025 5 2 0 0 245764 2630.24 55632.8 1
2.0625 0.0025 7 2 0 0 245743 2636.1 55602.3 1
2.065 0.0025 7 2 0 0 245925 2640.96 55593.2 1
2.0675 0.0025 6 2 0 0 245855 2645.64 55587.7 1
2.07 0.0025 11 2 0 0 246170 2651.98 55547.7 1
2.0725 0.0025 12 2 0 0 246128 2659.32 55486.9 1
2.075 0.0025 5 2 0 0 246065 2663.54 55491.4 1
2.0775 0.0025 17 2 0 0 246359 2671.51 55417.9 1
2.08 0.0025 5 2 0 0 246331 2675.75 55422.3 1
2.0825 0.0025 9 2 0 0 246821 2682.32 55378.6 1
2.085 0.0025 12 2 0 0 247045 2688.78 55337.4 1
2.0875 0.0025 9 2 0 0 247584 2694.3 55315.9 1
2.09 0.0025 8 2 0 0 247612 2699.5 55301 1
2.0925 0.0025 8 2 0 0 248095 2705.67 55266.7 1
2.095 0.0025 9 2 0 0 248074 2711.23 55244.8 1
2.0975 0.0025 7 2 0 0 248319 2716.14 55236.3 1
2.1 0.0025 14 2 0 0 248704 2723.3 55182.5 1
2.1025 0.0025 14 2 0 0 248921 2731.4 55110 1
2.105 0.0025 6 2 0 0 249096 2736.02 55108 1
2.1075 0.0025 6 2 0 0 249691 2740.68 55105.3 1
2.11 0.0025 8 2 0 0 249796 2745.96 55090.4 1
2.1125 0.0025 5 2 0 0 250272 2751.18 55076.8 1
2.115 0.0025 9 2 0 0 250650 2756.72 55057.1 1
2.1175 0.0025 7 2 0 0 250608 2761.71 55048.3 1
2.12 0.0025 9 2 0 0 250783 2767.33 55027 1
2.1225 0.0025 14 2 0 0 250916 2775.56 54954.3 1
2.125 0.0025 7 2 0 0 251126 2780.51 54946.9 1
2.1275 0.0025 10 2 0 0 251406 2786.41 54920.7 1
2.13 0.0025 13 2 0 0 251637 2793.35 54874.5 1
2.1325 0.0025 10 2 0 0 252050 2800.27 54828.7 1
2.135 0.0025 10 2 0 0 252022 2806.29 54800.9 1
2.1375 0.0025 6 2 0 0 252141 2810.99 54799 1
2.14 0.0025 12 2 0 0 252491 2817.62 54759.7 1
2.1425 0.0025 14 2 0 0 252568 2825.89 54688.9 1
2.145 0.0025 14 2 0 0 252652 2833.19 54637 1
2.1475 0.0025 12 2 0 0 252589 2839.85 54598 1
2.15 0.0025 6 2 0 0 253051 2844.41 54599.3 1
2.1525 0.0025 13 2 0 0 252750 2852.08 54541.1 1
2.155 0.0025 16 2 0 0 252960 2859.77 54482.8 1
2.1575 0.0025 11 3 0 0 252960 2866.1 54450.8 1
2.16 0.0025 11 2 0 0 253387 2872.36 54420.4 1
2.1625 0.0025 13 3 0 0 254003 2880.67 54351.6 1
2.165 0.0025 8 2 0 0 253870 2885.94 54340.2 1
2.1675 0.0025 9 3 0 0 254164 2891.63 54321.2 1
2.17 0.0025 8 2 0 0 254479 2896.92 54309.9 1
2.1725 0.0025 12 2 0 0 254514 2904.36 54258.4 1
2.175 0.0025 10 2 0 0 254689 2910.21 54236.9 1
2.1775 0.0025 7 2 0 0 254920 2915.12 54233 1
2.18 0.0025 6 2 0 0 254689 2919.74 54234.4 1
2.1825 0.0025 7 2 0 0 254850 2925.59 54213 1
2.185 0.0025 14 2 0 0 254892 2932.74 54167.8 1
2.1875 0.0025 10 2 0 0 255277 2938.63 54146 1
2.19 0.0025 10 2 0 0 255137 2944.5 54124.7 1
2.1925 0.0025 8 3 0 0 255263 2950.84 54094.9 1
2.195 0.0025 8 2 0 0 255193 2956.17 54083.8 1
2.1975 0.0025 5 2 0 0 255501 2960.46 54091.8 1
2.2 0.0025 7 2 0 0 255690 2965.38 54088.2 1
2.2025 0.0025 7 2 0 0 255732 2971.27 54067 1
2.205 0.0025 6 2 0 0 255732 2975.86 54069.6 1
2.2075 0.0025 10 2 0 0 256250 2981.77 54048.3 1
2.21 0.0025 10 2 0 0 256257 2987.68 54027.2 1
2.2125 0.0025 5 2 0 0 256614 2992.93 54018.1 1
2.215 0.0025 7 2 0 0 256488 2997.88 54014.5 1
2.2175 0.0025 7 2 0 0 256887 3002.85 54010.6 1
2.22 0.0025 13 2 0 0 257195 3009.79 53971.5 1
2.2225 0.0025 6 2 0 0 256978 3015.41 53956.1 1
2.225 0.0025 7 3 0 0 257349 3020.68 53947.2 1
2.2275 0.0025 6 2 0 0 257937 3025.44 53947.6 1
2.23 0.0025 7 2 0 0 258231 3030.44 53943.8 1
2.2325 0.0025 6 2 0 0 258665 3036.07 53929 1
2.235 0.0025 14 2 0 0 258931 3043.39 53884.5 1
2.2375 0.0025 8 2 0 0 258833 3048.74 53874.8 1
2.24 0.0025 10 2 0 0 258658 3054.75 53853.5 1
2.2425 0.0025 9 2 0 0 259127 3061.37 53821.6 1
2.245 0.0025 5 2 0 0 259106 3065.75 53829.2 1
2.2475 0.0025 9 3 0 0 259232 3071.52 53812.5 1
2.25 0.0025 10 2 0 0 259939 3077.63 53790.2 1
2.2525 0.0025 10 2 0 0 260338 3084.68 53751.7 1
2.255 0.0025 9 2 0 0 260723 3090.41 53736.4 1
2.2575 0.0025 14 2 0 0 260667 3097.78 53692.7 1
2.26 0.0025 9 2 0 0 260527 3103.49 53677.8 1
2.2625 0.0025 13 2 0 0 260611 3111.46 53624 1
2.265 0.0025 5 2 0 0 260415 3115.87 53631.6 1
2.2675 0.0025 14 2 0 0 260751 3123.2 53589.4 1
2.27 0.0025 8 2 0 0 260905 3128.62 53579.8 1
2.2725 0.0025 8 2 0 0 261220 3134.98 53554.6 1
2.275 0.0025 9 2 0 0 261430 3140.96 53535.9 1
2.2775 0.0025 14 2 0 0 261878 3148.51 53490.6 1
2.28 0.0025 7 2 0 0 261612 3153.75 53484.7 1
2.2825 0.0025 9 2 0 0 261668 3160.56 53452.2 1
2.285 0.0025 5 2 0 0 261640 3165.01 53459.7 1
2.2875 0.0025 7 2 0 0 261878 3170.11 53456.3 1
2.29 0.0025 7 2 0 0 261661 3175.23 53452.6 1
2.2925 0.0025 8 2 0 0 261766 3181.63 53427.2 1
2.295 0.0025 13 3 0 0 261549 3189.48 53377.8 1
2.2975 0.0025 7 2 0 0 261661 3194.65 53373.3 1
2.3 0.0025 7 2 0 0 261661 3199.77 53369.6 1
2.3025 0.0025 7 2 0 0 261990 3205.82 53350.7 1
2.305 0.0025 7 2 0 0 262256 3210.97 53346.7 1
2.3075 0.0025 6 2 0 0 262774 3215.81 53348.2 1
2.31 0.0025 7 2 0 0 262956 3220.97 53344.4 1
2.3125 0.0025 9 3 0 0 263159 3227.99 53309.9 1
2.315 0.0025 6 2 0 0 263278 3232.88 53310.8 1
2.3175 0.0025 6 2 0 0 263355 3237.72 53312.3 1
2.32 0.0025 8 2 0 0 263033 3243.19 53303.5 1
2.3225 0.0025 12 2 0 0 263243 3251.04 53255.8 1
2.325 0.0025 12 2 0 0 263348 3257.87 53225 1
2.3275 0.0025 11 3 0 0 263635 3264.57 53196.5 1
2.33 0.0025 5 2 0 0 264083 3269.15 53202.8 1
2.3325 0.0025 7 2 0 0 264146 3275.27 53184 1
2.335 0.0025 7 2 0 0 264083 3280.44 53180.7 1
2.3375 0.0025 14 2 0 0 264216 3288.14 53136.6 1
2.34 0.0025 8 2 0 0 264419 3293.72 53126.7 1
2.3425 0.0025 5 2 0 0 264426 3299.25 53117.9 1
2.345 0.0025 16 2 0 0 264629 3307.45 53066.1 1
2.3475 0.0025 6 2 0 0 264692 3312.32 53068.1 1
2.35 0.0025 5 2 0 0 264818 3316.85 53075.5 1
2.3525 0.0025 6 2 0 0 264699 3322.74 53061.1 1
2.355 0.0025 5 2 0 0 264538 3327.32 53067.5 1
2.3575 0.0025 7 2 0 0 264356 3332.53 53063.9 1
2.36 0.0025 7 2 0 0 264251 3337.77 53059.8 1
2.3625 0.0025 9 2 0 0 264195 3344.71 53028.5 1
2.365 0.0025 7 2 0 0 264545 3349.9 53025.4 1
2.3675 0.0025 6 2 0 0 264629 3355.63 53013.7 1
2.37 0.0025 8 2 0 0 264671 3362.55 52983.3 1
2.3725 0.0025 6 2 0 0 264818 3369.46 52953.4 1
2.375 0.0025 8 2 0 0 264622 3376.42 52922.5 1
2.3775 0.0025 6 2 0 0 264538 3382.55 52904.8 1
2.38 0.0025 8 2 0 0 264930 3389.4 52876.1 1
2.3825 0.0025 8 3 0 0 264678 3397.85 52822.4 1
2.385 0.0025 6 2 0 0 264937 3404.02 52804.5 1
2.3875 0.0025 12 2 0 0 265084 3412.67 52748.4 1
2.39 0.0025 7 2 0 0 265049 3419.15 52726 1
2.3925 0.0025 7 2 0 0 264972 3426.7 52687 1
2.395 0.0025 7 2 0 0 265343 3433.04 52667.1 1
2.3975 0.0025 10 2 0 0 265168 3440.9 52623.9 1
2.4 0.0025 7 2 0 0 265175 3447.27 52603.5 1
2.4025 0.0025 8 2 0 0 265602 3455.33 52557.7 1
2.405 0.0025 6 2 0 0 265679 3461.13 52546.4 1
2.4075 0.0025 5 2 0 0 265763 3466.54 52540.9 1
2.41 0.0025 9 2 0 0 265896 3473.63 52510.4 1
2.4125 0.0025 9 2 0 0 266008 3481.66 52465.7 1
2.415 0.0025 11 2 0 0 265896 3489.63 52422 1
2.4175 0.0025 5 2 0 0 265980 3494.93 52418.6 1
2.42 0.0025 8 2 0 0 265966 3501.53 52395.8 1
2.4225 0.0025 11 2 0 0 266022 3510.37 52339.6 1
2.425 0.0025 6 2 0 0 266225 3516.14 52329.4 1
2.4275 0.0025 9 3 0 0 266183 3523.04 52302.5 1
2.43 0.0025 7 2 0 0 266295 3528.95 52290.4 1
2.4325 0.0025 9 2 0 0 266288 3536.53 52253.6 1
2.435 0.0025 6 2 0 0 266554 3541.72 52252.2 1
2.4375 0.0025 8 2 0 0 266596 3547.57 52241.2 1
2.44 0.0025 7 2 0 0 266673 3553.03 52236 1
2.4425 0.0025 11 2 0 0 266435 3560.92 52195.1 1
2.445 0.0025 7 2 0 0 266512 3566.32 52190.8 1
2.4475 0.0025 7 2 0 0 266925 3571.73 52186.5 1
2.45 0.0025 7 2 0 0 267002 3577.16 52181.8 1
2.4525 0.0025 6 2 0 0 266715 3583.25 52167.7 1
2.455 0.0025 11 2 0 0 266771 3590.09 52142.5 1
2.4575 0.0025 5 2 0 0 266449 3594.86 52147.5 1
2.46 0.0025 5 2 0 0 266638 3599.56 52153.4 1
2.4625 0.0025 8 2 0 0 266750 3606.46 52127.7 1
2.465 0.0025 8 2 0 0 266218 3612.28 52117.4 1
2.4675 0.0025 6 2 0 0 266316 3617.39 52117.3 1
2.47 0.0025 5 2 0 0 266316 3622.08 52123.4 1
2.4725 0.0025 6 2 0 0 266491 3628.15 52109.7 1
2.475 0.0025 12 2 0 0 266995 3635.36 52079.8 1
2.4775 0.0025 6 2 0 0 266981 3640.47 52080 1
2.48 0.0025 5 2 0 0 267100 3645.22 52085.4 1
2.4825 0.0025 7 2 0 0 267016 3651.72 52065.8 1
2.485 0.0025 10 2 0 0 267401 3658.24 52046 1
2.4875 0.0025 6 2 0 0 267457 3663.39 52045.9 1
2.49 0.0025 5 2 0 0 267709 3668.14 52051.5 1
2.4925 0.0025 8 2 0 0 267849 3674.94 52028.1 1
2.495 0.0025 6 2 0 0 268066 3680.07 52028.4 1
2.4975 0.0025 8 3 0 0 267975 3686.06 52016.6 1
2.5 0.0025 8 3 0 0 268304 3692.1 52004.2 1
2.5025 0.0025 5 2 0 0 268535 3697.97 51994.3 1
2.505 0.0025 5 2 0 0 268815 3702.73 51999.9 1
2.5075 0.0025 6 2 0 0 268689 3707.83 52000.9 1
2.51 0.0025 8 2 0 0 268647 3713.81 51989.5 1
2.5125 0.0025 7 2 0 0 268927 3720.35 51970.4 1
2.515 0.0025 6 2 0 0 268647 3725.49 51970.8 1
2.5175 0.0025 7 2 0 0 268843 3731.02 51965.9 1
2.52 0.0025 8 2 0 0 268773 3737 51954.7 1
2.5225 0.0025 14 2 0 0 269095 3746.1 51900.2 1
2.525 0.0025 5 2 0 0 268689 3750.92 51905.2 1
2.5275 0.0025 5 2 0 0 268976 3755.72 51910.4 1
2.53 0.0025 13 2 0 0 268976 3763.64 51872.6 1
2.5325 0.0025 7 2 0 0 269088 3770.39 51851.2 1
2.535 0.0025 11 2 0 0 269291 3777.58 51823.8 1
2.5375 0.0025 6 2 0 0 269725 3782.87 51822.6 1
2.54 0.0025 5 2 0 0 269816 3787.76 51826.9 1
2.5425 0.0025 13 2 0 0 269725 3796.64 51776.8 1
2.545 0.0025 5 2 0 0 269389 3801.65 51779.4 1
2.5475 0.0025 9 2 0 0 269130 3808.08 51762.6 1
2.55 0.0025 12 2 0 0 269284 3815.65 51730.5 1
2.5525 0.0025 11 2 0 0 268787 3823.75 51691.3 1
2.555 0.0025 9 3 0 0 269102 3830.66 51668.3 1
2.5575 0.0025 8 2 0 0 269284 3836.98 51653.3 1
2.56 0.0025 8 2 0 0 269242 3843.2 51639.7 1
2.5625 0.0025 7 2 0 0 269312 3849.97 51618.9 1
2.565 0.0025 6 2 0 0 269123 3855.33 51616.9 1
2.5675 0.0025 8 2 0 0 269221 3861.47 51604.6 1
2.57 0.0025 5 2 0 0 269221 3866.37 51608.9 1
2.5725 0.0025 5 2 0 0 269221 3872.12 51601.7 1
2.575 0.0025 11 2 0 0 269445 3878.89 51581.1 1
2.5775 0.0025 14 2 0 0 269592 3886.71 51546.8 1
2.58 0.0025 11 3 0 0 269865 3894.06 51518.8 1
2.5825 0.0025 5 2 0 0 269599 3899.79 51512.1 1
2.585 0.0025 7 2 0 0 269648 3905.14 51510.6 1
2.5875 0.0025 6 2 0 0 270187 3910.21 51512.9 1
2.59 0.0025 5 2 0 0 270355 3915.07 51518.1 1
2.5925 0.0025 6 2 0 0 270383 3921.52 51502.3 1
2.595 0.0025 17 2 0 0 270474 3930.7 51450.8 1
2.5975 0.0025 9 2 0 0 270635 3936.8 51439.8 1
2.6 0.0025 9 2 0 0 270950 3942.91 51428.8 1
2.6025 0.0025 9 2 0 0 271027 3949.99 51405.2 1
2.605 0.0025 10 2 0 0 270677 3956.46 51389.6 1
2.6075 0.0025 14 2 0 0 270908 3964.28 51356.6 1
2.61 0.0025 11 3 0 0 270677 3971.69 51328.9 1
2.6125 0.0025 8 2 0 0 271006 3978.73 51306.2 1
2.615 0.0025 7 2 0 0 271146 3984.2 51303.9 1
2.6175 0.0025 10 2 0 0 271048 3990.74 51287.6 1
2.62 0.0025 11 2 0 0 271209 3997.63 51267.1 1
2.6225 0.0025 9 2 0 0 271419 4004.83 51242.7 1
2.625 0.0025 6 2 0 0 271678 4009.95 51245 1
2.6275 0.0025 9 2 0 0 272021 4016.15 51233.7 1
2.63 0.0025 6 2 0 0 271818 4021.33 51235.2 1
2.6325 0.0025 14 2 0 0 272126 4030.32 51188.5 1
2.635 0.0025 10 2 0 0 272462 4036.92 51172.3 1
2.6375 0.0025 14 2 0 0 272217 4044.92 51138.4 1
2.64 0.0025 10 2 0 0 272217 4051.5 51122.5 1
2.6425 0.0025 7 2 0 0 272140 4058.06 51106.9 1
2.645 0.0025 16 2 0 0 272301 4066.81 51063.9 1
2.6475 0.0025 16 2 0 0 272434 4075.58 51020.9 1
2.65 0.0025 10 2 0 0 272469 4082.19 51005 1
2.6525 0.0025 17 2 0 0 272665 4092.35 50945 1
2.655 0.0025 6 2 0 0 272616 4097.55 50946.9 1
2.6575 0.0025 10 3 0 0 272679 4104.59 50926 1
2.66 0.0025 9 2 0 0 272476 4110.95 50913.5 1
2.6625 0.0025 9 2 0 0 272406 4118.15 50890.6 1
2.665 0.0025 11 2 0 0 272287 4125.03 50871.8 1
2.6675 0.0025 7 2 0 0 272189 4130.56 50869.5 1
2.67 0.0025 9 2 0 0 271902 4136.73 50859.3 1
2.6725 0.0025 5 2 0 0 271664 4142.52 50853.8 1
2.675 0.0025 9 2 0 0 271307 4148.71 50843.4 1
2.6775 0.0025 6 2 0 0 271349 4153.83 50846.1 1
2.68 0.0025 6 2 0 0 271398 4158.91 50849.2 1
2.6825 0.0025 6 2 0 0 271153 4164.99 50840 1
2.685 0.0025 6 2 0 0 271426 4170.09 50842.9 1
2.6875 0.0025 10 2 0 0 271202 4176.62 50828.4 1
2.69 0.0025 7 2 0 0 271167 4182.09 50826.7 1
2.6925 0.0025 7 2 0 0 270978 4188.57 50812.8 1
2.695 0.0025 11 2 0 0 270978 4195.43 50794.3 1
2.6975 0.0025 5 2 0 0 271055 4200.19 50801.2 1
2.7 0.0025 5 2 0 0 270719 4204.97 50807.9 1
2.7025 0.0025 11 2 0 0 270355 4212.83 50777.3 1
2.705 0.0025 5 2 0 0 270313 4217.56 50784.4 1
2.7075 0.0025 7 2 0 0 270159 4223 50783 1
2.71 0.0025 8 2 0 0 270124 4228.81 50777.1 1
2.7125 0.0025 7 2 0 0 270124 4235.27 50763.5 1
2.715 0.0025 8 2 0 0 269781 4241.09 50757.4 1
2.7175 0.0025 6 2 0 0 270040 4246.18 50760.1 1
2.72 0.0025 18 2 0 0 269907 4255.49 50712.5 1
2.7225 0.0025 12 2 0 0 269767 4263.7 50678.1 1
2.725 0.0025 12 2 0 0 269613 4270.96 50655.2 1
2.7275 0.0025 8 2 0 0 269921 4276.75 50649.6 1
2.73 0.0025 8 3 0 0 269774 4282.85 50640.5 1
2.7325 0.0025 10 2 0 0 269704 4290.4 50614.3 1
2.735 0.0025 13 2 0 0 269403 4297.92 50588.4 1
2.7375 0.0025 16 2 0 0 269473 4306.53 50549.8 1
2.74 0.0025 12 2 0 0 269627 4313.69 50528.4 1
2.7425 0.0025 10 2 0 0 269487 4321.17 50503.3 1
2.745 0.0025 11 2 0 0 269641 4327.99 50486.1 1
2.7475 0.0025 9 2 0 0 269641 4334.15 50476.5 1
2.75 0.0025 9 2 0 0 269564 4340.29 50467.2 1
2.7525 0.0025 10 2 0 0 269662 4347.8 50442.1 1
2.755 0.0025 10 2 0 0 269536 4354.3 50428.6 1
2.7575 0.0025 10 3 0 0 269396 4361.22 50410.4 1
2.76 0.0025 5 2 0 0 269508 4366.02 50416.7 1
2.7625 0.0025 14 3 0 0 269886 4375.68 50367 1
2.765 0.0025 11 2 0 0 269788 4382.59 50349.2 1
2.7675 0.0025 6 2 0 0 269823 4387.65 50352.7 1
2.77 0.0025 9 2 0 0 270103 4393.79 50343.7 1
2.7725 0.0025 13 2 0 0 269956 4402.38 50306.9 1
2.775 0.0025 8 2 0 0 270383 4408.16 50302.2 1
2.7775 0.0025 7 2 0 0 270460 4413.6 50301.5 1
2.78 0.0025 8 2 0 0 270523 4419.42 50296.5 1
2.7825 0.0025 9 2 0 0 270145 4426.61 50275.8 1
2.785 0.0025 5 2 0 0 269970 4431.36 50282.9 1
2.7875 0.0025 6 2 0 0 270278 4436.45 50286 1
2.79 0.0025 9 2 0 0 270327 4442.61 50277.2 1
2.7925 0.0025 8 2 0 0 270369 4449.38 50261.4 1
2.795 0.0025 6 2 0 0 270369 4454.48 50264.6 1
2.7975 0.0025 7 2 0 0 270579 4459.93 50263.9 1
2.8 0.0025 9 2 0 0 270740 4466.08 50255.3 1
2.8025 0.0025 7 2 0 0 270761 4472.48 50243.9 1
2.805 0.0025 9 3 0 0 270866 4478.74 50234.1 1
2.8075 0.0025 5 2 0 0 271223 4483.56 50240.6 1
2.81 0.0025 6 2 0 0 271230 4488.66 50244 1
2.8125 0.0025 6 2 0 0 271125 4494.82 50235.5 1
2.815 0.0025 7 2 0 0 271363 4500.28 50234.8 1
2.8175 0.0025 7 2 0 0 271741 4505.73 50234.4 1
2.82 0.0025 5 2 0 0 271489 4510.5 50241.3 1
2.8225 0.0025 7 2 0 0 271608 4516.99 50229.4 1
2.825 0.0025 6 2 0 0 271587 4522.12 50232.5 1
2.8275 0.0025 13 2 0 0 271699 4529.74 50207.9 1
2.83 0.0025 5 2 0 0 271510 4534.5 50215.1 1
2.8325 0.0025 12 2 0 0 271566 4542.69 50184.4 1
2.835 0.0025 7 2 0 0 271517 4548.17 50183.6 1
2.8375 0.0025 11 2 0 0 271391 4555.06 50167.2 1
2.84 0.0025 8 2 0 0 270964 4560.91 50162.3 1
2.8425 0.0025 5 2 0 0 271013 4566.63 50158.8 1
2.845 0.0025 7 2 0 0 271104 4572.12 50157.9 1
2.8475 0.0025 9 2 0 0 271048 4578.35 50148.8 1
2.85 0.0025 7 2 0 0 270796 4583.94 50146.7 1
2.8525 0.0025 6 2 0 0 270558 4590.1 50138.4 1
2.855 0.0025 6 2 0 0 270607 4595.32 50140.3 1
2.8575 0.0025 7 2 0 0 270740 4600.95 50137.8 1
2.86 0.0025 7 2 0 0 270586 4606.57 50135.4 1
2.8625 0.0025 7 2 0 0 270621 4613.01 50124 1
2.865 0.0025 7 2 0 0 270607 4618.52 50122.8 1
2.8675 0.0025 9 2 0 0 270985 4624.81 50113.3 1
2.87 0.0025 7 2 0 0 270803 4630.56 50109.6 1
2.8725 0.0025 8 2 0 0 270579 4637.43 50093.7 1
2.875 0.0025 7 2 0 0 270670 4642.97 50092.1 1
2.8775 0.0025 5 2 0 0 270705 4647.73 50099.1 1
2.88 0.0025 6 2 0 0 270726 4652.87 50101.9 1
2.8825 0.0025 7 2 0 0 271160 4659.49 50088.9 1
2.885 0.0025 11 2 0 0 271314 4666.51 50071.7 1
2.8875 0.0025 8 2 0 0 271027 4672.49 50065.7 1
2.89 0.0025 9 2 0 0 271146 4678.66 50057.6 1
2.8925 0.0025 5 2 0 0 270999 4684.62 50051.8 1
2.895 0.0025 5 2 0 0 270656 4689.41 50058.4 1
2.8975 0.0025 9 2 0 0 270516 4695.74 50048.5 1
2.9 0.0025 9 2 0 0 270523 4702.02 50039.1 1
2.9025 0.0025 9 2 0 0 270390 4709.32 50019 1
2.905 0.0025 10 2 0 0 270502 4715.93 50006.2 1
2.9075 0.0025 11 2 0 0 270558 4722.96 49989.2 1
2.91 0.0025 6 2 0 0 270803 4728.11 49992 1
2.9125 0.0025 5 2 0 0 270908 4734.06 49986.3 1
2.915 0.0025 8 2 0 0 270950 4740.03 49980.6 1
2.9175 0.0025 7 2 0 0 270824 4745.65 49978.5 1
2.92 0.0025 8 2 0 0 270894 4751.64 49972.4 1
2.9225 0.0025 9 2 0 0 270726 4758.83 49953.8 1
2.925 0.0025 5 2 0 0 270488 4763.63 49960.2 1
2.9275 0.0025 11 2 0 0 270642 4770.54 49944.7 1
2.93 0.0025 8 2 0 0 270803 4776.54 49938.6 1
2.9325 0.0025 8 2 0 0 270845 4783.51 49922.4 1
2.935 0.0025 11 2 0 0 270915 4790.46 49906.6 1
2.9375 0.0025 6 2 0 0 270978 4795.59 49909.7 1
2.94 0.0025 8 2 0 0 270719 4801.46 49905 1
2.9425 0.0025 10 3 0 0 270999 4809.66 49876.3 1
2.945 0.0025 10 3 0 0 271167 4816.98 49856.9 1
2.9475 0.0025 12 2 0 0 270950 4824.59 49834.4 1
2.95 0.0025 7 2 0 0 270922 4830.18 49832.7 1
2.9525 0.0025 6 2 0 0 271069 4836.63 49822.3 1
2.955 0.0025 5 2 0 0 271650 4841.66 49826.7 1
2.9575 0.0025 6 2 0 0 271846 4846.96 49828.3 1
2.96 0.0025 9 2 0 0 272140 4853.23 49819.9 1
2.9625 0.0025 5 2 0 0 272392 4859.06 49816.2 1
2.965 0.0025 5 2 0 0 272777 4863.95 49822.3 1
2.9675 0.0025 7 2 0 0 272714 4869.55 49821 1
2.97 0.0025 6 2 0 0 273029 4874.99 49821.4 1
2.9725 0.0025 7 2 0 0 272987 4881.54 49810.4 1
2.975 0.0025 6 2 0 0 272868 4886.83 49812.4 1
2.9775 0.0025 6 2 0 0 272868 4892.17 49813.8 1
2.98 0.0025 7 2 0 0 273141 4897.86 49811.7 1
2.9825 0.0025 9 3 0 0 273106 4905.28 49792 1
2.985 0.0025 13 2 0 0 273218 4913.43 49765.1 1
2.9875 0.0025 8 2 0 0 273575 4919.73 49756.9 1
2.99 0.0025 11 2 0 0 273463 4927.27 49736.3 1
2.9925 0.0025 10 3 0 0 274093 4935.65 49707.3 1
2.995 0.0025 6 2 0 0 274142 4941.12 49707.8 1
2.9975 0.0025 7 2 0 0 274359 4946.88 49705.4 1
3 0.0025 7 2 0 0 274807 4952.61 49703.4 1
3.0025 0.0025 10 2 0 0 275269 4960.55 49679.3 1
3.005 0.0025 8 2 0 0 275689 4966.67 49673.6 1
3.0075 0.0025 8 2 0 0 275983 4972.85 49667.4 1
3.01 0.0025 9 2 0 0 276487 4979.4 49657.5 1
3.0125 0.0025 9 2 0 0 276585 4987.12 49636.1 1
3.015 0.0025 8 2 0 0 276753 4993.22 49631 1
3.0175 0.0025 19 2 0 0 276970 5003.43 49585 1
3.02 0.0025 7 2 0 0 277320 5009.2 49583.3 1
3.0225 0.0025 6 2 0 0 277761 5015.61 49575.3 1
3.025 0.0025 6 2 0 0 278083 5021.1 49576.5 1
3.0275 0.0025 7 2 0 0 278566 5026.94 49574.2 1
3.03 0.0025 9 2 0 0 278566 5033.56 49564.4 1
3.0325 0.0025 8 2 0 0 278818 5040.96 49546.9 1
3.035 0.0025 9 2 0 0 278867 5047.76 49535.4 1
3.0375 0.0025 6 2 0 0 278944 5053.39 49535.5 1
3.04 0.0025 6 2 0 0 279021 5059.07 49535 1
3.0425 0.0025 6 2 0 0 279133 5065.74 49524.9 1
3.045 0.0025 10 2 0 0 279420 5073.06 49508.5 1
3.0475 0.0025 6 2 0 0 279448 5078.6 49509.5 1
3.05 0.0025 5 2 0 0 279707 5083.83 49513.6 1
3.0525 0.0025 10 2 0 0 279833 5091.8 49491.1 1
3.055 0.0025 9 2 0 0 279910 5098.5 49481 1
3.0575 0.0025 6 2 0 0 280099 5103.99 49482.5 1
3.06 0.0025 9 2 0 0 280617 5110.69 49472.6 1
3.0625 0.0025 8 2 0 0 280372 5117.94 49457.3 1
3.065 0.0025 7 2 0 0 280435 5123.88 49454.8 1
3.0675 0.0025 10 2 0 0 280617 5130.9 49441.7 1
3.07 0.0025 11 3 0 0 280554 5139.04 49418 1
3.0725 0.0025 13 2 0 0 280834 5148.45 49382.2 1
3.075 0.0025 7 2 0 0 280974 5154.44 49379.3 1
3.0775 0.0025 11 2 0 0 281212 5161.97 49361.8 1
3.08 0.0025 12 2 0 0 281324 5169.83 49341.2 1
3.0825 0.0025 7 2 0 0 281471 5176.77 49329.4 1
3.085 0.0025 10 2 0 0 281555 5183.9 49315.9 1
3.0875 0.0025 7 2 0 0 282024 5189.83 49313.9 1
3.09 0.0025 12 2 0 0 282444 5197.75 49293.1 1
3.0925 0.0025 9 2 0 0 282528 5205.49 49274.1 1
3.095 0.0025 11 2 0 0 282668 5213.46 49252.9 1
3.0975 0.0025 7 2 0 0 282962 5219.6 49249.2 1
3.1 0.0025 7 2 0 0 283228 5225.62 49246.7 1
3.1025 0.0025 9 2 0 0 283543 5233.33 49228.3 1
3.105 0.0025 9 2 0 0 283865 5240.14 49218.5 1
3.1075 0.0025 5 2 0 0 283879 5245.35 49223.7 1
3.11 0.0025 7 2 0 0 283718 5251.41 49221 1
3.1125 0.0025 7 2 0 0 283935 5258.42 49209.3 1
3.115 0.0025 6 2 0 0 283963 5264.15 49209.8 1
3.1175 0.0025 8 2 0 0 284089 5270.5 49204.3 1
3.12 0.0025 13 2 0 0 284495 5278.8 49180.8 1
3.1225 0.0025 6 2 0 0 284845 5285.4 49173.3 1
3.125 0.0025 5 2 0 0 285027 5290.61 49178.8 1
3.1275 0.0025 12 2 0 0 285202 5298.59 49158.6 1
3.13 0.0025 11 2 0 0 285307 5306.12 49142.6 1
3.1325 0.0025 6 2 0 0 285076 5312.82 49134.2 1
3.135 0.0025 12 3 0 0 285587 5321.07 49111.8 1
3.1375 0.0025 11 2 0 0 285286 5328.83 49093.7 1
3.14 0.0025 7 2 0 0 284992 5334.89 49091.4 1
3.1425 0.0025 10 2 0 0 285426 5343.13 49069.1 1
3.145 0.0025 14 2 0 0 285587 5351.88 49042.2 1
3.1475 0.0025 6 2 0 0 285755 5357.38 49045.3 1
3.15 0.0025 12 2 0 0 286119 5365.07 49028.3 1
3.1525 0.0025 13 2 0 0 285741 5374.22 48998 1
3.155 0.0025 8 2 0 0 285643 5380.54 48993.5 1
3.1575 0.0025 7 2 0 0 285755 5386.47 48992.6 1
3.16 0.0025 11 2 0 0 285643 5394.05 48976.7 1
3.1625 0.0025 7 2 0 0 285510 5400.95 48967 1
3.165 0.0025 9 2 0 0 285748 5407.65 48959.2 1
3.1675 0.0025 9 2 0 0 285524 5414.29 48951.9 1
3.17 0.0025 8 2 0 0 285286 5420.58 48947.7 1
3.1725 0.0025 5 2 0 0 285496 5426.64 48945.6 1
3.175 0.0025 9 2 0 0 285594 5433.21 48939 1
3.1775 0.0025 6 2 0 0 285237 5438.68 48942.3 1
3.18 0.0025 12 2 0 0 285209 5446.41 48925.2 1
3.1825 0.0025 9 2 0 0 285083 5454.01 48909.2 1
3.185 0.0025 9 2 0 0 285013 5460.58 48902.6 1
3.1875 0.0025 6 2 0 0 285118 5466.39 48902.8 1
3.19 0.0025 6 2 0 0 285076 5471.85 48906.1 1
3.1925 0.0025 5 2 0 0 285370 5478.16 48901.9 1
3.195 0.0025 7 2 0 0 285433 5484.2 48900 1
3.1975 0.0025 8 2 0 0 285545 5490.67 48894.4 1
3.2 0.0025 7 2 0 0 285454 5496.77 48892.1 1
3.2025 0.0025 9 2 0 0 285671 5504.39 48876.3 1
3.205 0.0025 6 2 0 0 285636 5509.87 48879.6 1
3.2075 0.0025 7 2 0 0 285433 5515.71 48879.6 1
3.21 0.0025 6 2 0 0 285419 5521.16 48883 1
3.2125 0.0025 10 2 0 0 285384 5529.18 48863.7 1
3.215 0.0025 7 2 0 0 285559 5535.08 48863.2 1
3.2175 0.0025 11 2 0 0 285048 5542.49 48849.3 1
3.22 0.0025 7 2 0 0 285531 5548.33 48849.3 1
3.2225 0.0025 9 2 0 0 285580 5556.04 48833 1
3.225 0.0025 9 2 0 0 285769 5562.73 48825.6 1
3.2275 0.0025 6 2 0 0 285790 5568.21 48828.9 1
3.23 0.0025 7 2 0 0 285762 5574.11 48828.5 1
3.2325 0.0025 8 2 0 0 285643 5581.42 48815.7 1
3.235 0.0025 6 2 0 0 285734 5586.88 48819.1 1
