8 0 0 4.03237e-06 0.0200899 0 0 0 
8 1241 0.01 8.06289e-06 0.0200899 4.20009 4.41737 8.47453 
8 2481 0.02 8.06452e-06 0.0200899 8.20266 8.67945 16.5822 
8 3721 0.03 8.06452e-06 0.0200899 11.9457 12.7799 24.2322 
8 4961 0.04 8.06452e-06 0.0200899 15.3646 16.6658 30.9662 
8 6201 0.05 8.06452e-06 0.0200899 18.7511 20.6993 42.3588 
8 7441 0.06 8.06452e-06 0.0200899 21.4081 23.9678 44.4054 
8 8681 0.07 8.06452e-06 0.0200899 23.2043 26.3557 43.6873 
8 9921 0.08 8.06452e-06 0.0200899 25.1988 28.9611 46.2475 
8 11161 0.09 8.06452e-06 0.0200899 26.9169 31.3497 57.291 
8 12401 0.1 8.06452e-06 0.0200899 28.5575 33.5619 61.4632 
8 13641 0.11 8.06452e-06 0.0200899 30.7381 36.2759 63.9478 
8 14881 0.12 8.06452e-06 0.0200899 32.3635 38.4564 71.1091 
8 16121 0.13 8.06452e-06 0.0200899 34.1184 40.6948 69.5146 
8 17361 0.14 8.06452e-06 0.0200899 35.8458 42.7498 81.6181 
8 18601 0.15 8.06452e-06 0.0200899 38.3577 45.2457 88.0189 
8 19841 0.16 8.06452e-06 0.0200899 39.9204 46.5906 99.6015 
8 21081 0.17 8.06452e-06 0.0200899 41.4295 48.0844 109.242 
8 22321 0.18 8.06452e-06 0.0200899 43.6226 50.4096 113.073 
8 23561 0.19 8.06452e-06 0.0200899 44.4494 51.3796 127.638 
8 24801 0.2 8.06452e-06 0.0200899 44.3138 51.7319 119.066 
8 26041 0.21 8.06452e-06 0.0200899 44.2548 51.9976 119.099 
8 27281 0.22 8.06452e-06 0.0200899 45.1992 52.3434 113.622 
8 28521 0.23 8.06452e-06 0.0200899 44.1792 52.2491 154.96 
8 29761 0.24 8.06452e-06 0.0200899 44.4568 52.1909 132.009 
8 31001 0.25 8.06452e-06 0.0200899 45.7561 52.5917 126.597 
8 32241 0.26 8.06452e-06 0.0200899 45.2964 52.424 133.931 
8 33481 0.27 8.06452e-06 0.0200899 45.8915 52.4279 124.269 
8 34721 0.28 8.06452e-06 0.0200899 46.0417 52.8667 119.544 
8 35961 0.29 8.06452e-06 0.0200899 44.3889 51.1766 151.789 
8 37201 0.3 8.06452e-06 0.0200899 43.2482 49.5502 110.623 
8 38441 0.31 8.06452e-06 0.0200899 43.5434 49.3018 133.364 
8 39681 0.32 8.06452e-06 0.0200899 42.8244 47.8745 134.692 
8 40921 0.33 8.06452e-06 0.0200899 41.3346 46.094 119.471 
8 42161 0.34 8.06452e-06 0.0200899 42.2167 46.6164 127.076 
8 43401 0.35 8.06452e-06 0.0200899 40.8939 46.4082 154.119 
8 44641 0.36 8.06452e-06 0.0200899 40.7054 45.419 115.026 
8 45881 0.37 8.06452e-06 0.0200899 41.1749 45.4966 93.9804 
8 47121 0.38 8.06452e-06 0.0200899 38.9021 45.3992 127.117 
8 48361 0.39 8.06452e-06 0.0200899 38.7979 45.6038 100.099 
8 49601 0.4 8.06452e-06 0.0200899 40.867 46.4314 112.205 
8 50841 0.41 8.06452e-06 0.0200899 42.0345 46.7346 100.896 
8 52081 0.42 8.06452e-06 0.0200899 41.5494 46.2595 108.063 
8 53327 0.43 8.02571e-06 0.0200899 42.9212 46.5715 183.3 
8 54567 0.44 8.06452e-06 0.0200899 41.1966 45.9627 111.197 
8 55807 0.45 8.06452e-06 0.0200899 42.1988 46.0996 105.697 
8 57047 0.46 8.06452e-06 0.0200899 40.3121 45.8082 143.245 
8 58292 0.47 8.06002e-06 0.0200899 38.1496 45.3114 130.456 
8 59532 0.48 8.06452e-06 0.0200899 38.2023 46.5277 125.693 
8 60772 0.49 8.06452e-06 0.0200899 38.6259 46.1264 107.179 
8 62012 0.5 8.06452e-06 0.0200899 39.8501 45.6874 94.8853 
8 63252 0.51 8.06452e-06 0.0200899 40.6602 45.8344 121.815 
8 64492 0.52 8.06452e-06 0.0200899 41.1654 45.6557 104.172 
8 65732 0.53 8.06452e-06 0.0200899 40.05 45.9022 117.055 
8 66972 0.54 8.06452e-06 0.0200899 39.8019 44.1689 109.261 
8 68212 0.55 8.06452e-06 0.0200899 39.9841 44.3414 98.5113 
8 69452 0.56 8.06452e-06 0.0200899 38.965 44.0737 97.1152 
8 70692 0.57 8.06452e-06 0.0200899 38.6945 43.6379 97.7181 
8 71932 0.58 8.06452e-06 0.0200899 39.7895 43.9926 90.8465 
8 73172 0.59 8.06452e-06 0.0200899 38.4048 43.6237 102.002 
8 74412 0.6 8.06452e-06 0.0200899 37.587 44.5797 101.818 
8 75652 0.61 8.06452e-06 0.0200899 37.2088 44.3039 111.284 
8 76892 0.62 8.06452e-06 0.0200899 39.9995 44.8551 129.213 
8 78132 0.63 8.06452e-06 0.0200899 39.832 44.8663 89.6315 
8 79372 0.64 8.06452e-06 0.0200899 39.7449 44.8317 94.9105 
8 80612 0.65 8.06452e-06 0.0200899 39.73 44.7515 96.4698 
8 81852 0.66 8.06452e-06 0.0200899 39.1695 44.0045 111.651 
8 83092 0.67 8.06452e-06 0.0200899 38.2521 43.3983 98.9609 
8 84332 0.68 8.06452e-06 0.0200899 37.8615 43.6596 98.089 
8 85572 0.69 8.06452e-06 0.0200899 39.6454 44.5175 88.2261 
8 86812 0.7 8.06452e-06 0.0200899 39.6192 44.018 96.6181 
8 88052 0.71 8.06452e-06 0.0200899 39.1017 45.2258 135.907 
8 89294 0.72 6.48932e-06 0.0200899 37.4565 45.3836 293.95 
8 90540 0.73 8.02877e-06 0.0200899 34.7586 43.1216 128.637 
8 91781 0.74 8.05425e-06 0.0200899 34.9663 43.2469 99.7149 
8 93023 0.75 8.05655e-06 0.0200899 36.8863 44.2984 136.063 
8 94263 0.76 8.06452e-06 0.0200899 38.8407 44.3675 133.411 
8 95526 0.77 5.35496e-06 0.0200899 39.3911 43.3554 188.178 
8 96770 0.78 6.04459e-06 0.0200899 38.1212 42.4153 219.542 
8 98011 0.79 8.06328e-06 0.0200899 38.3069 42.8165 118.767 
8 99252 0.8 7.95599e-06 0.0200899 38.0778 42.7368 157.963 
8 100493 0.81 8.01716e-06 0.0200899 37.2219 42.4576 109.959 
8 101734 0.82 8.0618e-06 0.0200899 37.2053 42.4473 124.875 
8 102974 0.83 8.06452e-06 0.0200899 37.8476 42.0756 91.8424 
8 104214 0.84 8.06452e-06 0.0200899 38.024 42.7781 105.735 
8 105455 0.85 8.04203e-06 0.0200899 37.0741 42.9371 88.3717 
8 106696 0.86 8.02819e-06 0.0200899 36.4777 42.824 129.954 
8 107937 0.87 8.0214e-06 0.0200899 37.4808 43.2386 90.5109 
8 109177 0.88 8.06452e-06 0.0200899 39.6734 43.8163 88.6303 
8 110417 0.89 8.06452e-06 0.0200899 41.0455 44.809 99.1347 
8 111657 0.9 8.06452e-06 0.0200899 39.3787 44.1073 114.987 
8 112897 0.91 8.06452e-06 0.0200899 40.1044 43.9676 87.1003 
8 114137 0.92 8.06452e-06 0.0200899 39.8705 44.5745 108.975 
8 115377 0.93 8.06452e-06 0.0200899 37.8662 44.3222 144.727 
8 116617 0.94 8.06452e-06 0.0200899 37.5775 44.3277 112.478 
8 117857 0.95 8.06452e-06 0.0200899 37.7825 44.4769 101.03 
8 119097 0.96 8.06452e-06 0.0200899 38.2117 43.5605 99.4326 
8 120337 0.97 8.06452e-06 0.0200899 38.8367 43.5325 96.0749 
8 121577 0.98 8.06452e-06 0.0200899 38.6108 44.0875 94.1225 
8 122817 0.99 8.06452e-06 0.0200899 37.7685 42.7964 106.167 
8 124057 1 8.06452e-06 0.0200899 39.1813 43.5973 131.634 
8 125297 1.01 8.06452e-06 0.0200899 40.2481 43.7496 127.094 
8 126537 1.02 8.06452e-06 0.0200899 39.6279 43.3022 99.73 
8 127778 1.03 8.04313e-06 0.0200899 39.4451 43.7333 97.6939 
8 129018 1.04 8.06452e-06 0.0200899 38.8174 44.1069 100.784 
8 130258 1.05 8.06452e-06 0.0200899 37.8892 43.9931 141.68 
8 131498 1.06 8.06452e-06 0.0200899 38.2722 44.0997 107.649 
8 132738 1.07 8.06452e-06 0.0200899 39.1385 44.7057 102.496 
8 133978 1.08 8.06452e-06 0.0200899 40.6894 45.4424 116.566 
8 135218 1.09 8.06452e-06 0.0200899 40.4531 45.8284 110.663 
8 136458 1.1 8.06452e-06 0.0200899 41.1795 46.0732 91.1378 
8 137698 1.11 8.06452e-06 0.0200899 42.8457 46.2421 96.1815 
8 138938 1.12 8.06452e-06 0.0200899 42.7828 46.781 99.3301 
8 140178 1.13 8.06452e-06 0.0200899 40.9567 45.4474 108.155 
8 141418 1.14 8.06452e-06 0.0200899 40.0989 44.9029 110.512 
8 142658 1.15 8.06452e-06 0.0200899 39.8425 44.4685 95.0815 
8 143898 1.16 8.06452e-06 0.0200899 40.3736 44.4074 114.034 
8 145138 1.17 8.06452e-06 0.0200899 38.254 43.0585 99.621 
8 146378 1.18 8.06452e-06 0.0200899 38.2602 43.1212 94.9599 
8 147618 1.19 8.06452e-06 0.0200899 37.8635 43.4485 92.3043 
8 148858 1.2 8.06452e-06 0.0200899 37.4281 42.5249 109.951 
8 150098 1.21 8.06452e-06 0.0200899 38.213 43.6149 130.482 
8 151414 1.22 2.74586e-06 0.0200899 36.4765 42.4025 270.43 
8 152659 1.23 8.06171e-06 0.0200899 38.4037 42.6385 102.584 
8 153899 1.24 8.06452e-06 0.0200899 38.0338 42.5577 80.6664 
8 155139 1.25 8.06452e-06 0.0200899 37.3879 42.7951 111.353 
8 156379 1.26 8.06452e-06 0.0200899 37.7193 42.6799 134.724 
8 157619 1.27 8.06452e-06 0.0200899 38.4853 42.6366 139.671 
8 158908 1.28 8.05859e-06 0.0200899 35.8096 41.9499 104.868 
8 160148 1.29 8.06452e-06 0.0200899 34.9572 42.4943 102.221 
8 161388 1.3 8.06452e-06 0.0200899 34.8849 42.8927 117.986 
8 162628 1.31 8.06452e-06 0.0200899 36.839 42.9682 124.807 
8 163868 1.32 8.06452e-06 0.0200899 37.2522 43.5949 111.496 
8 165108 1.33 8.06452e-06 0.0200899 38.5394 43.9398 112.347 
8 166348 1.34 8.06452e-06 0.0200899 39.1816 44.4121 101.115 
8 167588 1.35 8.06452e-06 0.0200899 40.2778 45.5766 157.746 
8 168828 1.36 8.06452e-06 0.0200899 39.6299 44.1788 92.0162 
8 170068 1.37 8.06452e-06 0.0200899 40.5217 45.3112 116.455 
8 171308 1.38 8.06452e-06 0.0200899 40.7644 45.1283 133.377 
8 172548 1.39 8.06452e-06 0.0200899 39.1747 44.8204 94.456 
8 173788 1.4 8.06452e-06 0.0200899 38.8725 44.6221 112.051 
8 175028 1.41 8.06452e-06 0.0200899 39.2754 44.9885 98.8651 
8 176268 1.42 8.06452e-06 0.0200899 40.0469 45.4977 104.505 
8 177508 1.43 8.06452e-06 0.0200899 40.4666 45.8906 116.374 
