8 0 0 4.03237e-06 0.0490719 0 0 0 
8 1241 0.01 8.06289e-06 0.0490719 4.14566 4.36619 8.40376 
8 2481 0.02 8.06452e-06 0.0490719 8.09503 8.57665 16.4465 
8 3721 0.03 8.06452e-06 0.0490719 11.7956 12.6296 24.0656 
8 4961 0.04 8.06452e-06 0.0490719 15.2065 16.4973 30.8993 
8 6201 0.05 8.06452e-06 0.0490719 18.9003 21.0509 53.09 
8 7441 0.06 8.06452e-06 0.0490719 21.3963 23.8165 45.6951 
8 8681 0.07 8.06452e-06 0.0490719 22.8043 25.7964 44.6869 
8 9921 0.08 8.06452e-06 0.0490719 24.9437 28.2199 46.7603 
8 11161 0.09 8.06452e-06 0.0490719 27.2507 30.8282 55.6403 
8 12401 0.1 8.06452e-06 0.0490719 29.8987 33.8003 69.3205 
8 13641 0.11 8.06452e-06 0.0490719 30.7108 34.9199 77.8728 
8 14881 0.12 8.06452e-06 0.0490719 31.8725 36.7359 90.3503 
8 16121 0.13 8.06452e-06 0.0490719 33.2159 38.0897 89.2516 
8 17361 0.14 8.06452e-06 0.0490719 33.1138 38.6663 94.8367 
8 18601 0.15 8.06452e-06 0.0490719 35.4601 40.791 96.2425 
8 19841 0.16 8.06452e-06 0.0490719 33.7833 41.3169 87.2401 
8 21081 0.17 8.06452e-06 0.0490719 36.166 42.6384 108.422 
8 22321 0.18 8.06452e-06 0.0490719 35.8285 43.1016 107.514 
8 23561 0.19 8.06452e-06 0.0490719 38.6746 44.9368 115.131 
8 24801 0.2 8.06452e-06 0.0490719 37.7092 45.4004 101.834 
8 26041 0.21 8.06452e-06 0.0490719 39.9703 46.8745 108.022 
8 27281 0.22 8.06452e-06 0.0490719 39.7942 46.6487 101.379 
8 28521 0.23 8.06452e-06 0.0490719 40.9023 46.9762 109.088 
8 29761 0.24 8.06452e-06 0.0490719 42.7495 47.6025 116.466 
8 31001 0.25 8.06452e-06 0.0490719 41.8405 47.0012 107.481 
8 32241 0.26 8.06452e-06 0.0490719 41.1646 46.7005 124.308 
8 33481 0.27 8.06452e-06 0.0490719 41.2647 46.4848 122.952 
8 34721 0.28 8.06452e-06 0.0490719 40.16 45.1005 120.561 
8 35961 0.29 8.06452e-06 0.0490719 39.9738 44.5749 107.611 
8 37201 0.3 8.06452e-06 0.0490719 39.0608 44.0995 112.384 
8 38441 0.31 8.06452e-06 0.0490719 38.7318 43.7848 92.585 
8 39681 0.32 8.06452e-06 0.0490719 37.087 42.764 112.312 
8 40921 0.33 8.06452e-06 0.0490719 37.0023 41.8475 123.273 
8 42161 0.34 8.06452e-06 0.0490719 36.4435 40.8697 107.77 
8 43401 0.35 8.06452e-06 0.0490719 37.0137 41.1707 93.0598 
8 44641 0.36 8.06452e-06 0.0490719 35.9161 41.1146 91.7906 
8 45881 0.37 8.06452e-06 0.0490719 37.0603 41.558 103.026 
8 47121 0.38 8.06452e-06 0.0490719 38.1065 42.4539 87.6876 
8 48361 0.39 8.06452e-06 0.0490719 39.2331 44.835 177.184 
8 49601 0.4 8.06452e-06 0.0490719 37.1535 41.8857 144.246 
8 50850 0.41 8.05365e-06 0.0490719 37.7982 42.1572 111.151 
8 52090 0.42 8.06452e-06 0.0490719 39.2244 43.7294 99.2768 
8 53330 0.43 8.06452e-06 0.0490719 35.852 41.7065 119.477 
8 54570 0.44 8.06452e-06 0.0490719 33.5335 40.405 124.68 
8 55810 0.45 8.06452e-06 0.0490719 35.296 40.1318 94.6344 
8 57050 0.46 8.06452e-06 0.0490719 35.822 40.5635 87.6385 
8 58290 0.47 8.06452e-06 0.0490719 36.1052 41.1225 87.1854 
8 59530 0.48 8.06452e-06 0.0490719 37.2622 42.7686 114.161 
8 60770 0.49 8.06452e-06 0.0490719 36.4434 41.6698 105.717 
8 62010 0.5 8.06452e-06 0.0490719 36.934 41.8961 87.5286 
8 63250 0.51 8.06452e-06 0.0490719 39.4599 43.4315 84.0323 
8 64490 0.52 8.06452e-06 0.0490719 39.9892 44.8069 123.183 
8 65730 0.53 8.06452e-06 0.0490719 38.3916 43.4576 97.8809 
8 66970 0.54 8.06452e-06 0.0490719 39.0862 43.9988 117.706 
8 68210 0.55 8.06452e-06 0.0490719 39.4409 43.5179 94.0772 
8 69450 0.56 8.06452e-06 0.0490719 38.0887 43.5096 113.787 
8 70936 0.57 8.0476e-06 0.0490719 36.7138 40.6184 101.46 
8 72176 0.58 8.06452e-06 0.0490719 34.5166 39.4467 91.3756 
8 73416 0.59 8.06452e-06 0.0490719 33.8228 39.6376 90.9705 
8 74656 0.6 8.06452e-06 0.0490719 34.2719 40.0845 91.6919 
8 75896 0.61 8.06452e-06 0.0490719 35.4231 40.7064 119.119 
8 77136 0.62 8.06452e-06 0.0490719 35.4015 40.6482 102.046 
8 78376 0.63 8.06452e-06 0.0490719 36.9567 42.3983 105.403 
8 79616 0.64 8.06452e-06 0.0490719 37.8743 43.2523 89.5988 
8 80856 0.65 8.06452e-06 0.0490719 36.9338 42.6755 129.241 
8 82096 0.66 8.06452e-06 0.0490719 36.9259 42.0044 84.8207 
8 83336 0.67 8.06452e-06 0.0490719 36.2002 41.8457 114.284 
8 84576 0.68 8.06452e-06 0.0490719 36.7008 42.2254 114.134 
8 85816 0.69 8.06452e-06 0.0490719 36.638 40.8971 96.4059 
8 87056 0.7 8.06452e-06 0.0490719 35.9462 40.3747 110.01 
8 88296 0.71 8.06452e-06 0.0490719 34.9509 39.6401 100.488 
8 89536 0.72 8.06452e-06 0.0490719 34.9678 40.0575 141.898 
8 90776 0.73 8.06452e-06 0.0490719 34.5839 40.0917 93.2919 
8 92016 0.74 8.06452e-06 0.0490719 36.206 40.8218 96.502 
8 93256 0.75 8.06452e-06 0.0490719 35.4538 40.1985 91.6932 
8 94496 0.76 8.06452e-06 0.0490719 34.4796 40.7644 97.447 
8 95736 0.77 8.06452e-06 0.0490719 35.491 40.881 107.665 
8 96976 0.78 8.06452e-06 0.0490719 36.7079 41.17 98.2946 
8 98216 0.79 8.06452e-06 0.0490719 36.4432 41.122 97.4828 
8 99456 0.8 8.06452e-06 0.0490719 38.0927 41.509 82.0247 
8 100696 0.81 8.06452e-06 0.0490719 38.3111 41.778 106.517 
8 101936 0.82 8.06452e-06 0.0490719 36.764 41.6729 95.6075 
8 103176 0.83 8.06452e-06 0.0490719 35.3145 41.9172 94.6699 
8 104416 0.84 8.06452e-06 0.0490719 38.3724 43.5525 109.79 
8 105656 0.85 8.06452e-06 0.0490719 37.8306 41.66 108.937 
8 106906 0.86 8.04437e-06 0.0490719 37.756 41.4504 110.222 
